swarm_8_160.pdb	0.268116	5.036	16.789	48.059
swarm_21_122.pdb	0.405797	2.508	12.142	46.508
swarm_67_60.pdb	0	14.512	40.501	43.822
swarm_11_128.pdb	0.108696	6.267	29.326	37.127
swarm_29_102.pdb	0	9.903	35.956	30.967
swarm_14_27.pdb	0	13.428	48.949	30.739
swarm_8_62.pdb	0.0434783	7.817	27.214	29.727
swarm_32_47.pdb	0.0434783	15.149	49.420	28.944
swarm_67_41.pdb	0	15.907	45.172	27.969
swarm_57_61.pdb	0.0144928	11.703	44.918	25.287
swarm_53_56.pdb	0	18.287	66.618	23.170
swarm_31_14.pdb	0	13.809	41.454	19.716
swarm_16_20.pdb	0.00724638	7.658	25.364	19.590
swarm_61_112.pdb	0.00724638	10.503	47.603	19.542
swarm_5_111.pdb	0	12.884	42.701	16.966
swarm_48_35.pdb	0	11.576	43.212	16.837
swarm_9_111.pdb	0	19.526	73.395	13.930
swarm_1_19.pdb	0	14.792	60.246	10.362
swarm_36_148.pdb	0	19.295	65.945	7.620
swarm_57_86.pdb	0	15.639	53.793	4.483
swarm_40_47.pdb	0	14.185	47.520	4.226
swarm_38_33.pdb	0.0144928	7.817	35.464	3.330
swarm_6_128.pdb	0.0434783	12.928	45.300	2.291
swarm_35_18.pdb	0	9.099	39.609	1.813
swarm_36_85.pdb	0	20.331	65.943	0.607
