swarm_4_171.pdb	0.106195	4.286	7.138	55.679
swarm_120_60.pdb	0	25.031	39.996	53.727
swarm_4_23.pdb	0.079646	7.269	16.152	48.296
swarm_94_45.pdb	0	23.581	41.923	43.502
swarm_99_30.pdb	0	24.334	41.505	42.010
swarm_116_21.pdb	0	13.764	27.027	40.613
swarm_92_162.pdb	0	18.689	37.937	39.714
swarm_91_116.pdb	0	21.905	42.034	38.534
swarm_0_2.pdb	0	22.621	41.336	37.194
swarm_110_122.pdb	0.0884956	6.342	14.371	36.511
swarm_26_79.pdb	0	18.613	39.950	36.477
swarm_118_104.pdb	0	17.581	31.895	36.332
swarm_4_110.pdb	0.00884956	16.122	30.959	35.929
swarm_59_102.pdb	0	22.630	45.397	35.778
swarm_25_28.pdb	0.0176991	28.575	49.721	35.085
swarm_121_114.pdb	0.0265487	16.401	33.605	35.049
swarm_7_49.pdb	0	24.636	40.310	34.336
swarm_92_129.pdb	0.00884956	22.402	44.039	34.096
swarm_110_117.pdb	0	17.643	33.404	33.258
swarm_21_42.pdb	0.0530973	12.514	28.975	32.787
swarm_92_48.pdb	0.00884956	27.342	50.551	32.644
swarm_37_168.pdb	0	20.290	39.134	31.869
swarm_77_90.pdb	0	27.921	45.981	31.205
swarm_53_179.pdb	0.00884956	27.033	51.171	30.985
swarm_27_49.pdb	0.0973451	9.721	21.142	30.923
swarm_83_54.pdb	0	22.272	43.803	30.651
swarm_72_134.pdb	0	17.850	54.416	30.599
swarm_102_38.pdb	0	18.087	41.706	30.377
swarm_109_152.pdb	0	27.071	44.323	30.299
swarm_95_42.pdb	0	27.194	53.493	30.029
swarm_25_19.pdb	0.0265487	19.513	42.403	29.856
swarm_94_159.pdb	0	17.132	26.816	29.576
swarm_15_167.pdb	0	23.648	46.497	29.571
swarm_77_135.pdb	0.0442478	12.150	32.078	29.555
swarm_81_169.pdb	0.0176991	21.412	39.089	29.427
swarm_5_170.pdb	0.0176991	8.997	18.756	28.906
swarm_21_184.pdb	0.00884956	9.860	27.329	28.869
swarm_109_158.pdb	0.00884956	27.787	46.358	28.500
swarm_66_176.pdb	0	10.369	31.447	28.069
swarm_119_107.pdb	0	17.945	36.500	27.602
swarm_5_106.pdb	0	25.019	44.606	27.569
swarm_27_89.pdb	0	22.509	43.979	27.091
swarm_120_184.pdb	0	24.662	40.050	26.734
swarm_87_48.pdb	0	13.016	40.049	26.600
swarm_5_61.pdb	0	16.809	34.323	26.534
swarm_120_110.pdb	0.00884956	13.965	29.330	26.489
swarm_48_4.pdb	0	23.122	42.294	26.481
swarm_11_3.pdb	0	20.506	37.371	26.149
swarm_78_39.pdb	0.0176991	12.123	32.157	25.801
swarm_4_63.pdb	0	16.459	28.452	25.690
swarm_78_81.pdb	0.0530973	23.419	47.357	25.505
swarm_33_12.pdb	0	16.796	31.842	24.873
swarm_13_164.pdb	0	26.544	62.775	24.840
swarm_108_62.pdb	0.00884956	21.705	43.937	24.834
swarm_54_57.pdb	0.00884956	24.589	49.813	24.787
swarm_96_72.pdb	0	16.966	30.807	24.781
swarm_108_165.pdb	0	14.378	31.703	24.066
swarm_81_27.pdb	0	25.314	45.719	23.618
swarm_26_143.pdb	0.0530973	12.249	30.488	23.472
swarm_100_134.pdb	0	21.426	40.908	23.293
swarm_19_185.pdb	0.00884956	25.112	48.826	23.255
swarm_69_170.pdb	0.0265487	30.209	54.541	23.204
swarm_7_168.pdb	0.0176991	11.823	26.734	22.930
swarm_3_19.pdb	0	15.210	32.944	22.787
swarm_7_80.pdb	0	26.733	41.185	22.420
swarm_77_188.pdb	0	17.068	38.167	22.340
swarm_8_67.pdb	0.0176991	29.903	55.715	22.300
swarm_116_163.pdb	0	19.753	36.263	22.081
swarm_14_88.pdb	0	19.551	36.687	21.942
swarm_100_96.pdb	0	20.625	40.631	21.784
swarm_83_191.pdb	0	14.941	35.659	21.529
swarm_80_47.pdb	0.0442478	27.239	54.842	21.360
swarm_29_180.pdb	0.00884956	28.609	55.404	21.323
swarm_100_198.pdb	0	21.686	43.004	21.300
swarm_88_47.pdb	0	16.159	38.872	20.690
swarm_46_106.pdb	0	24.401	52.501	20.428
swarm_22_88.pdb	0.0265487	16.302	35.121	20.396
swarm_22_85.pdb	0	26.051	42.807	20.381
swarm_41_29.pdb	0.0442478	26.045	53.317	19.546
swarm_94_151.pdb	0.00884956	14.669	32.139	19.369
swarm_113_5.pdb	0	24.599	43.889	19.317
swarm_89_122.pdb	0	15.604	34.602	19.124
swarm_22_114.pdb	0.141593	7.484	17.717	19.065
swarm_30_172.pdb	0.0442478	29.221	54.117	18.871
swarm_69_88.pdb	0	21.864	44.309	18.414
swarm_98_101.pdb	0.0265487	27.116	47.873	18.312
swarm_98_187.pdb	0	13.383	34.446	17.721
swarm_103_171.pdb	0.00884956	15.358	27.937	17.685
swarm_96_7.pdb	0	22.565	42.861	17.629
swarm_11_16.pdb	0	20.887	39.165	17.022
swarm_88_114.pdb	0.00884956	25.380	47.426	16.741
swarm_27_24.pdb	0.0176991	13.441	31.584	16.122
swarm_5_142.pdb	0	12.019	21.062	15.783
swarm_41_141.pdb	0	26.304	57.667	15.366
swarm_115_190.pdb	0.0176991	22.436	52.599	15.302
swarm_78_193.pdb	0.0530973	21.214	46.629	14.762
swarm_74_133.pdb	0	21.917	56.456	14.658
swarm_3_127.pdb	0	19.652	33.520	14.653
swarm_29_62.pdb	0.0442478	27.540	52.831	14.168
swarm_63_35.pdb	0	21.685	56.031	12.840
swarm_57_43.pdb	0	24.557	49.687	12.651
swarm_112_166.pdb	0.00884956	15.495	40.550	12.585
swarm_65_15.pdb	0	14.581	39.674	12.522
swarm_9_97.pdb	0	28.016	49.241	12.120
swarm_58_20.pdb	0	21.066	49.238	11.939
swarm_53_106.pdb	0	14.851	37.168	11.116
swarm_28_180.pdb	0	25.953	62.025	10.164
swarm_34_97.pdb	0	25.790	53.686	10.016
swarm_85_79.pdb	0	27.910	60.588	9.361
swarm_77_67.pdb	0.0619469	16.041	40.271	7.496
swarm_47_44.pdb	0.0176991	28.549	58.993	6.574
swarm_44_166.pdb	0	19.838	48.200	6.467
swarm_13_153.pdb	0	25.053	61.985	5.798
swarm_101_169.pdb	0	18.511	58.503	5.764
swarm_49_138.pdb	0	21.742	46.941	5.575
swarm_11_123.pdb	0	14.683	34.256	5.454
swarm_61_150.pdb	0	18.477	51.475	5.444
swarm_100_100.pdb	0	7.080	21.158	5.408
swarm_71_192.pdb	0.00884956	23.103	50.826	5.121
swarm_45_148.pdb	0	25.166	59.010	2.883
swarm_44_181.pdb	0	19.867	49.458	2.704
swarm_86_179.pdb	0	24.497	60.213	2.131
swarm_45_35.pdb	0	22.873	60.388	1.371
swarm_88_60.pdb	0.00884956	13.703	39.209	1.101
swarm_110_134.pdb	0	23.265	39.079	0.852
swarm_94_9.pdb	0.0176991	7.721	18.182	0.839
swarm_113_196.pdb	0.00884956	15.771	30.446	0.766
swarm_113_176.pdb	0.0176991	12.630	25.264	0.697
swarm_6_54.pdb	0	20.652	52.281	0.389
swarm_84_59.pdb	0	24.660	57.330	0.354
swarm_85_188.pdb	0	25.919	55.888	0.156
