swarm_44_42.pdb	0.27027	4.025	25.43	37.980
swarm_113_191.pdb	0	14.159	40.052	37.545
swarm_55_54.pdb	0.0405405	7.908	42.548	37.362
swarm_107_185.pdb	0	20.341	49.209	36.647
swarm_71_168.pdb	0.027027	4.822	28.647	35.869
swarm_9_89.pdb	0	18.877	54.522	34.923
swarm_17_169.pdb	0	12.89	48.197	33.411
swarm_81_22.pdb	0	10.648	46.828	33.294
swarm_38_65.pdb	0.121622	11.252	44.555	31.208
swarm_52_45.pdb	0	21.653	50.202	31.069
swarm_32_161.pdb	0.027027	15.861	46.015	31.031
swarm_45_16.pdb	0	18.059	48.353	30.930
swarm_101_8.pdb	0	17.955	55.912	30.850
swarm_67_72.pdb	0.135135	5.141	36.109	30.831
swarm_71_5.pdb	0	13.349	52.554	30.759
swarm_101_90.pdb	0.027027	16.12	50.754	29.647
swarm_73_74.pdb	0	11.732	35.025	29.137
swarm_45_193.pdb	0	28.016	49.205	29.016
swarm_64_51.pdb	0	12.88	48.125	28.984
swarm_56_115.pdb	0	12.546	38.539	28.577
swarm_71_34.pdb	0	32.704	53.265	28.570
swarm_55_143.pdb	0	26.714	51.139	28.243
swarm_12_36.pdb	0	16.539	51.432	28.237
swarm_37_137.pdb	0	17.64	44.775	28.050
swarm_90_132.pdb	0	28.686	50.369	28.023
swarm_32_126.pdb	0	17.484	52.638	27.856
swarm_85_156.pdb	0	18.253	48.364	27.581
swarm_103_127.pdb	0	22.209	33.095	27.538
swarm_109_72.pdb	0	13.876	44.31	27.324
swarm_37_32.pdb	0	33.872	51.941	27.126
swarm_46_107.pdb	0	18.87	45.004	27.045
swarm_109_156.pdb	0	16.907	53.717	27.039
swarm_55_35.pdb	0	17.025	54.088	27.015
swarm_33_198.pdb	0	18.181	45.862	26.731
swarm_85_131.pdb	0	18.885	37.989	26.324
swarm_56_169.pdb	0	16.513	44.007	26.095
swarm_64_155.pdb	0	11.136	43.492	26.093
swarm_58_21.pdb	0	18.435	41.345	25.995
swarm_81_174.pdb	0	22.765	51.908	25.512
swarm_55_156.pdb	0	31.561	50.315	25.436
swarm_52_81.pdb	0	14.95	45.883	25.430
swarm_44_196.pdb	0.0405405	8.042	42.642	25.274
swarm_54_130.pdb	0.0405405	13.852	41.2	25.255
swarm_15_175.pdb	0	15.83	51.88	25.112
swarm_58_164.pdb	0	26.774	48.829	25.063
swarm_101_34.pdb	0	32.055	54.574	25.032
swarm_64_196.pdb	0	27.15	48.812	24.985
swarm_71_106.pdb	0	29.147	50.867	24.916
swarm_52_190.pdb	0	19.424	45.985	24.728
swarm_45_65.pdb	0	16.065	48.213	24.600
swarm_44_188.pdb	0	13.571	49.557	24.600
swarm_11_151.pdb	0	21.455	57.098	24.599
swarm_52_140.pdb	0	22.901	45.937	24.572
swarm_85_81.pdb	0	16.42	29.821	24.417
swarm_38_113.pdb	0	19.869	33.087	24.263
swarm_64_135.pdb	0	22.283	38.061	24.184
swarm_11_44.pdb	0	18.81	57.391	24.075
swarm_64_125.pdb	0	22.721	45.539	24.038
swarm_81_20.pdb	0	16.02	47.065	23.893
swarm_64_19.pdb	0	20.173	47.028	23.863
swarm_20_150.pdb	0	25.524	36.478	23.820
swarm_101_82.pdb	0	14.202	44.871	23.800
swarm_57_98.pdb	0	20.119	40.135	23.795
swarm_15_27.pdb	0	16.821	55.568	23.793
swarm_66_27.pdb	0	15.575	48.678	23.766
swarm_40_15.pdb	0	17.635	46.973	23.692
swarm_52_138.pdb	0	24.78	50.253	23.624
swarm_77_127.pdb	0	19.84	40.057	23.622
swarm_85_144.pdb	0	22.695	47.223	23.581
swarm_58_24.pdb	0	16.55	29.972	23.526
swarm_49_187.pdb	0	21.924	44.755	23.419
swarm_37_31.pdb	0	29.816	48.693	23.401
swarm_55_36.pdb	0	20.516	39.977	23.370
swarm_9_54.pdb	0	13.469	46.314	23.280
swarm_37_95.pdb	0	21.725	41.191	23.224
swarm_73_76.pdb	0	23.596	51.407	23.208
swarm_92_69.pdb	0	17.536	39.301	23.152
swarm_86_39.pdb	0	24.872	44.809	23.050
swarm_71_187.pdb	0	17.654	45.373	22.921
swarm_40_4.pdb	0	31.868	53.137	22.910
swarm_54_68.pdb	0	26.946	48.042	22.897
swarm_57_157.pdb	0	19.671	41.44	22.789
swarm_52_60.pdb	0	18.793	42.227	22.713
swarm_46_197.pdb	0	13.86	45.948	22.644
swarm_54_40.pdb	0	22.347	53.499	22.610
swarm_85_117.pdb	0	25.122	47.97	22.595
swarm_93_174.pdb	0	13.878	52.756	22.543
swarm_101_21.pdb	0	11.167	47.974	22.460
swarm_107_4.pdb	0	18.38	51.872	22.453
swarm_53_176.pdb	0	19.058	51.06	22.320
swarm_65_71.pdb	0	19.313	41.302	22.297
swarm_85_120.pdb	0	16.457	30.178	22.271
swarm_71_99.pdb	0	25.885	48.271	22.229
swarm_75_57.pdb	0	16.895	34.62	22.223
swarm_45_138.pdb	0	13.339	38.214	22.213
swarm_58_97.pdb	0	26.161	40.499	22.173
swarm_107_198.pdb	0	32.747	46.266	22.031
swarm_15_192.pdb	0	14.421	54.172	21.934
swarm_54_148.pdb	0	19.579	37.836	21.885
swarm_32_139.pdb	0	18.085	49.264	21.700
swarm_92_58.pdb	0	14.108	48.468	21.687
swarm_9_119.pdb	0	21.403	52.67	21.686
swarm_58_172.pdb	0	17.837	42.133	21.679
swarm_49_61.pdb	0	8.576	18.397	21.628
swarm_113_97.pdb	0	25.472	58.508	21.522
swarm_77_34.pdb	0	16.102	37.265	21.508
swarm_35_88.pdb	0	21.314	56.922	21.485
swarm_34_158.pdb	0	28.432	51.485	21.467
swarm_90_18.pdb	0	22.602	32.742	21.444
swarm_40_155.pdb	0	16.574	40.565	21.424
swarm_46_94.pdb	0	24.183	46.69	21.400
swarm_86_42.pdb	0	23.56	45.444	21.336
swarm_79_153.pdb	0	24.068	58.324	21.308
swarm_40_184.pdb	0	16.366	51.383	21.271
swarm_64_92.pdb	0	21.904	44.916	21.238
swarm_101_58.pdb	0	17.457	42.761	21.225
swarm_73_15.pdb	0	16.196	33.69	21.222
swarm_65_22.pdb	0	11.118	46.47	21.221
swarm_73_40.pdb	0	25.28	50.712	21.207
swarm_59_125.pdb	0	22.147	45.843	21.071
swarm_73_160.pdb	0	26.253	54.622	21.070
swarm_71_198.pdb	0	27.568	56.11	21.067
swarm_66_93.pdb	0	14.249	45.951	21.057
swarm_43_168.pdb	0	16.417	46.376	21.015
swarm_43_186.pdb	0	15.997	45.083	20.978
swarm_37_13.pdb	0	27.351	48.865	20.877
swarm_107_111.pdb	0	20.308	34.379	20.873
swarm_46_65.pdb	0	17.928	43.724	20.869
swarm_12_143.pdb	0	14.342	50.857	20.770
swarm_107_125.pdb	0	19.342	50.098	20.768
swarm_32_146.pdb	0	19.801	48.768	20.733
swarm_52_146.pdb	0	17.148	46.554	20.719
swarm_52_4.pdb	0	29.173	50.378	20.700
swarm_34_6.pdb	0	28.459	50.798	20.674
swarm_97_125.pdb	0	17.639	50.969	20.604
swarm_73_38.pdb	0	14.908	37.461	20.591
swarm_92_191.pdb	0	25.062	42.087	20.560
swarm_53_112.pdb	0	19.445	42.764	20.492
swarm_101_170.pdb	0	24.301	53.563	20.419
swarm_9_34.pdb	0	19.762	52.894	20.263
swarm_16_21.pdb	0	16.97	60.51	20.261
swarm_46_113.pdb	0	18.646	52.285	20.252
swarm_85_62.pdb	0	27.659	44.276	20.193
swarm_101_95.pdb	0.0135135	15.924	51.436	20.189
swarm_36_197.pdb	0	19.985	55.27	20.159
swarm_38_5.pdb	0	31.286	46.696	20.143
swarm_109_20.pdb	0	27.855	54.104	20.137
swarm_115_138.pdb	0.0405405	11.972	40.255	19.922
swarm_15_28.pdb	0.0135135	14.073	51.225	19.887
swarm_44_8.pdb	0	29.277	46.041	19.873
swarm_103_174.pdb	0	22.24	36.109	19.814
swarm_22_175.pdb	0	18.101	49.438	19.798
swarm_65_124.pdb	0	27.624	49.127	19.752
swarm_51_124.pdb	0	18.514	57.331	19.748
swarm_65_80.pdb	0	17.83	47.511	19.728
swarm_59_45.pdb	0	22.138	34.599	19.715
swarm_57_82.pdb	0	33.79	46.287	19.658
swarm_45_29.pdb	0	18.574	42.547	19.653
swarm_40_159.pdb	0	25.264	42.315	19.640
swarm_45_91.pdb	0	36.535	48.762	19.630
swarm_52_150.pdb	0	11.665	28.259	19.557
swarm_33_88.pdb	0	25.343	51.382	19.447
swarm_63_64.pdb	0	23.471	58.123	19.419
swarm_46_51.pdb	0	20.807	37.97	19.414
swarm_86_158.pdb	0	23.144	46.155	19.396
swarm_54_34.pdb	0	17.241	35.852	19.390
swarm_71_12.pdb	0	26.671	50.451	19.381
swarm_11_54.pdb	0	25.044	57.091	19.343
swarm_65_34.pdb	0	18.205	39.929	19.332
swarm_81_106.pdb	0	19.812	31.753	19.319
swarm_32_123.pdb	0	31.317	52.985	19.301
swarm_45_37.pdb	0	17.209	42.625	19.263
swarm_33_151.pdb	0	17.419	47.154	19.193
swarm_65_16.pdb	0	19.55	46.715	19.161
swarm_44_114.pdb	0	19.704	48.691	19.136
swarm_46_173.pdb	0	18.202	41.062	19.129
swarm_45_105.pdb	0	14.992	34.961	19.064
swarm_64_128.pdb	0	21.893	43.183	19.060
swarm_43_163.pdb	0	27.611	52.201	19.016
swarm_34_47.pdb	0	21.758	47.273	18.832
swarm_113_108.pdb	0	27.536	49.578	18.806
swarm_15_162.pdb	0	21.731	46.127	18.794
swarm_56_160.pdb	0	17.045	30.3	18.765
swarm_58_86.pdb	0.0135135	16.679	42.271	18.763
swarm_80_102.pdb	0	16.898	63.716	18.734
swarm_65_54.pdb	0	18.478	39.757	18.730
swarm_9_188.pdb	0	16.096	28.446	18.719
swarm_9_50.pdb	0	17.976	52.276	18.678
swarm_58_53.pdb	0	19.054	45.464	18.671
swarm_113_61.pdb	0	18.539	51.453	18.661
swarm_12_65.pdb	0	24.917	59.856	18.533
swarm_40_39.pdb	0	24.165	43.337	18.486
swarm_46_12.pdb	0	30.498	55.519	18.461
swarm_39_8.pdb	0	13.13	55.234	18.460
swarm_18_173.pdb	0	21.046	53.065	18.409
swarm_33_49.pdb	0	17.509	47.632	18.393
swarm_69_29.pdb	0	15.179	50.327	18.356
swarm_65_122.pdb	0	28.656	45.541	18.347
swarm_55_184.pdb	0	21.352	54.611	18.344
swarm_3_76.pdb	0	24.682	50.668	18.320
swarm_9_191.pdb	0.0405405	15.789	49.971	18.260
swarm_18_138.pdb	0.0405405	16.729	48.521	18.250
swarm_56_62.pdb	0	34.368	52.323	18.217
swarm_20_22.pdb	0	34.705	49.349	18.190
swarm_54_45.pdb	0	35.398	54.838	18.166
swarm_11_45.pdb	0	23.083	50.305	18.025
swarm_64_103.pdb	0.027027	6.683	13.338	18.021
swarm_38_125.pdb	0	21.551	45.762	17.991
swarm_90_68.pdb	0	11.334	24.823	17.964
swarm_52_69.pdb	0	33.542	47.116	17.939
swarm_43_117.pdb	0	20.592	55.921	17.920
swarm_37_37.pdb	0	21.271	32.341	17.915
swarm_43_57.pdb	0	16.747	45.409	17.903
swarm_33_197.pdb	0	30.634	41.481	17.895
swarm_34_89.pdb	0	24.016	34.533	17.883
swarm_51_88.pdb	0	26.788	49.527	17.817
swarm_17_46.pdb	0	29.774	54.084	17.777
swarm_45_77.pdb	0	23.281	48.9	17.743
swarm_64_57.pdb	0	29.771	39.685	17.738
swarm_66_190.pdb	0	36.151	58.019	17.704
swarm_81_170.pdb	0	22.431	44.102	17.692
swarm_89_84.pdb	0	24.604	35.765	17.679
swarm_58_137.pdb	0	21.821	42.062	17.585
swarm_46_10.pdb	0.027027	19.092	57.159	17.554
swarm_54_166.pdb	0	30.164	54.408	17.446
swarm_83_41.pdb	0	28.369	55.27	17.438
swarm_88_196.pdb	0	21.796	37.21	17.374
swarm_92_177.pdb	0	21.515	36.508	17.353
swarm_45_111.pdb	0	12.181	40.018	17.327
swarm_55_0.pdb	0	23.086	53.903	17.324
swarm_18_178.pdb	0	20.081	56.877	17.253
swarm_47_58.pdb	0	14.049	58.702	17.249
swarm_18_156.pdb	0.027027	18.196	51.558	17.241
swarm_58_162.pdb	0	19.474	48.966	17.219
swarm_15_80.pdb	0	27.02	55.486	17.178
swarm_57_136.pdb	0	27.65	47.878	17.163
swarm_69_89.pdb	0	32.129	52.146	17.155
swarm_69_54.pdb	0	35.583	49.684	17.118
swarm_47_70.pdb	0	23.028	65.341	17.096
swarm_36_145.pdb	0	32.766	56.415	17.085
swarm_68_169.pdb	0	13.466	51.861	17.083
swarm_46_36.pdb	0	17.944	46.112	17.078
swarm_55_28.pdb	0	18.222	49.046	17.071
swarm_66_121.pdb	0	18.989	45.707	17.052
swarm_34_182.pdb	0	23.997	48.894	17.051
swarm_56_107.pdb	0	17.065	39.509	17.039
swarm_20_198.pdb	0	24.942	42.074	16.957
swarm_40_76.pdb	0	9.195	25.923	16.872
swarm_51_23.pdb	0	15.956	53.221	16.810
swarm_90_160.pdb	0	18.281	41.384	16.804
swarm_55_176.pdb	0	19.588	52.019	16.800
swarm_43_51.pdb	0	21.871	40.881	16.777
swarm_109_53.pdb	0	20.028	37.987	16.715
swarm_53_187.pdb	0	33.288	48.514	16.681
swarm_77_121.pdb	0	20.448	44.649	16.666
swarm_15_15.pdb	0	23.449	52.336	16.662
swarm_92_189.pdb	0	23.764	42.786	16.654
swarm_77_18.pdb	0	24.253	48.034	16.654
swarm_115_185.pdb	0	25.61	42.3	16.645
swarm_45_156.pdb	0	35.067	49.475	16.630
swarm_109_26.pdb	0	32.539	57.038	16.629
swarm_51_127.pdb	0	22.188	51.741	16.618
swarm_18_43.pdb	0	14.182	47.469	16.585
swarm_69_155.pdb	0	25.979	51.649	16.550
swarm_86_134.pdb	0	17.921	48.609	16.531
swarm_32_154.pdb	0	19.569	52.663	16.453
swarm_11_75.pdb	0	31.257	57.253	16.433
swarm_12_20.pdb	0	25.723	58.723	16.414
swarm_44_126.pdb	0	18.445	45.789	16.332
swarm_21_1.pdb	0	11.22	50.171	16.322
swarm_26_61.pdb	0	19.322	48.436	16.317
swarm_32_40.pdb	0	26.031	37.564	16.259
swarm_65_12.pdb	0	31.789	40.744	16.216
swarm_51_142.pdb	0	17.753	53.685	16.215
swarm_101_22.pdb	0	32.062	57.179	16.187
swarm_93_72.pdb	0	18.622	63.072	16.147
swarm_19_158.pdb	0	17.446	58.466	16.142
swarm_53_120.pdb	0	28.793	50.701	16.134
swarm_35_77.pdb	0	25.003	50.838	16.111
swarm_101_194.pdb	0	32.611	57.751	15.987
swarm_115_42.pdb	0	22.642	39.125	15.925
swarm_68_61.pdb	0	18.074	37.672	15.878
swarm_38_152.pdb	0	22.381	44.311	15.793
swarm_100_59.pdb	0	13.782	55.579	15.776
swarm_22_97.pdb	0	20.546	47.059	15.745
swarm_26_0.pdb	0	11.997	32.467	15.736
swarm_15_185.pdb	0	15.671	54.568	15.721
swarm_46_32.pdb	0	18.112	45.804	15.719
swarm_52_61.pdb	0	28.01	39.482	15.556
swarm_96_90.pdb	0	21.85	40.141	15.510
swarm_68_46.pdb	0	32.429	53.682	15.492
swarm_41_199.pdb	0	18.356	42.677	15.422
swarm_38_154.pdb	0	17.965	46.415	15.416
swarm_52_133.pdb	0	21.638	46.501	15.386
swarm_62_14.pdb	0	19.544	50.337	15.373
swarm_34_175.pdb	0	18.343	28.771	15.357
swarm_51_194.pdb	0	24.448	50.991	15.352
swarm_69_88.pdb	0	25.061	47.067	15.339
swarm_38_128.pdb	0	30.695	51.361	15.337
swarm_86_86.pdb	0	21.139	39.436	15.324
swarm_40_86.pdb	0	14.975	34.661	15.324
swarm_86_7.pdb	0	18.024	44.48	15.271
swarm_68_162.pdb	0	17.922	49.873	15.235
swarm_97_9.pdb	0	14.147	57.389	15.218
swarm_101_35.pdb	0	22.671	52.812	15.215
swarm_73_159.pdb	0	15.461	50.903	15.195
swarm_33_53.pdb	0	29.936	45.342	15.193
swarm_69_32.pdb	0	14.223	54.478	15.192
swarm_68_51.pdb	0	27.967	46.627	15.172
swarm_51_34.pdb	0	21.376	46.762	15.168
swarm_66_24.pdb	0	28.795	59.713	15.160
swarm_32_94.pdb	0	23.81	40.054	15.153
swarm_33_147.pdb	0	18.406	39.59	15.152
swarm_45_9.pdb	0	14.811	26.999	15.104
swarm_37_117.pdb	0.0135135	14.13	36.027	15.096
swarm_33_15.pdb	0	35.105	51.344	15.087
swarm_33_188.pdb	0.0405405	11.318	40.91	15.058
swarm_37_191.pdb	0	18.833	37.507	15.009
swarm_44_191.pdb	0	20.369	51.523	14.983
swarm_86_62.pdb	0	23.104	50.247	14.980
swarm_92_50.pdb	0	24.97	37.261	14.969
swarm_33_131.pdb	0	16.306	43.238	14.879
swarm_38_121.pdb	0	15.935	41.575	14.873
swarm_56_33.pdb	0	22.273	41.039	14.868
swarm_103_62.pdb	0	17.998	34.55	14.857
swarm_51_1.pdb	0	15.673	51.599	14.828
swarm_37_93.pdb	0	27.318	49.743	14.826
swarm_44_175.pdb	0	29.937	41.73	14.798
swarm_92_116.pdb	0	32.139	48.331	14.794
swarm_38_99.pdb	0	27.944	40.817	14.721
swarm_53_69.pdb	0	29.714	52.571	14.616
swarm_70_183.pdb	0	24.446	38.289	14.600
swarm_44_102.pdb	0	16.05	40.197	14.581
swarm_20_186.pdb	0	36.761	57.97	14.557
swarm_53_154.pdb	0	18.211	45.985	14.543
swarm_49_27.pdb	0	36.432	49.303	14.440
swarm_86_150.pdb	0	25.97	52.606	14.438
swarm_103_45.pdb	0	25.375	45.469	14.394
swarm_115_74.pdb	0	28.102	40.722	14.360
swarm_58_54.pdb	0	35.905	48.789	14.318
swarm_59_30.pdb	0	25.804	43.231	14.310
swarm_54_107.pdb	0	19.023	50.339	14.285
swarm_73_44.pdb	0	27.741	54.851	14.284
swarm_109_82.pdb	0	28.369	59.159	14.224
swarm_79_100.pdb	0	11.567	61.692	14.107
swarm_57_103.pdb	0	20.333	44.044	14.045
swarm_40_26.pdb	0	19.881	49.189	13.886
swarm_98_37.pdb	0	34.482	48.602	13.882
swarm_12_103.pdb	0	24.695	50.65	13.783
swarm_34_113.pdb	0	25.534	38.213	13.760
swarm_37_17.pdb	0	30.828	47.288	13.743
swarm_9_24.pdb	0	21.969	52.558	13.713
swarm_83_157.pdb	0	13.486	47.073	13.689
swarm_109_179.pdb	0	24.046	57.808	13.647
swarm_53_127.pdb	0	20.582	45.684	13.636
swarm_57_167.pdb	0	19.237	44.109	13.602
swarm_37_178.pdb	0	22.2	46.072	13.574
swarm_83_8.pdb	0	27.733	53.174	13.549
swarm_43_101.pdb	0	22.066	54.848	13.534
swarm_75_157.pdb	0	15.869	38.498	13.489
swarm_1_85.pdb	0	21.957	46.88	13.474
swarm_45_177.pdb	0	33.021	52.033	13.451
swarm_59_134.pdb	0	18.985	44.517	13.400
swarm_53_93.pdb	0	19.644	43.807	13.387
swarm_3_157.pdb	0	28.756	61.706	13.383
swarm_9_127.pdb	0	13.493	54.3	13.362
swarm_76_158.pdb	0	17.044	33.472	13.335
swarm_75_13.pdb	0	35.289	49.68	13.236
swarm_73_104.pdb	0	16.407	50.364	13.221
swarm_111_157.pdb	0	22.09	47.972	13.187
swarm_12_178.pdb	0	16.896	57.073	13.156
swarm_73_75.pdb	0	15.786	35.445	13.120
swarm_65_75.pdb	0	24.717	37.036	12.994
swarm_11_175.pdb	0	17.083	55.884	12.979
swarm_18_35.pdb	0	23.745	58.888	12.968
swarm_63_68.pdb	0	29.641	59.518	12.953
swarm_9_138.pdb	0	19.557	51.879	12.906
swarm_32_6.pdb	0	30.308	50.164	12.846
swarm_76_26.pdb	0	33.469	48.094	12.843
swarm_52_30.pdb	0	25.824	43.867	12.842
swarm_35_143.pdb	0	23.408	64.286	12.830
swarm_38_28.pdb	0	19.954	36.86	12.824
swarm_113_146.pdb	0	18.136	50.808	12.814
swarm_77_19.pdb	0	23.034	41.574	12.805
swarm_17_32.pdb	0	23.413	58.37	12.775
swarm_82_73.pdb	0	24.237	40.598	12.702
swarm_44_60.pdb	0	19.712	31.342	12.697
swarm_26_104.pdb	0	29.295	47.357	12.686
swarm_56_184.pdb	0	17.247	40.057	12.642
swarm_66_123.pdb	0	21.25	44.227	12.617
swarm_34_110.pdb	0	28.832	44.778	12.584
swarm_66_77.pdb	0	17.284	49.534	12.572
swarm_3_122.pdb	0	26.15	57.996	12.568
swarm_111_107.pdb	0	20.034	54.262	12.553
swarm_75_31.pdb	0	16.987	47.287	12.529
swarm_38_103.pdb	0	24.525	47.941	12.511
swarm_51_63.pdb	0	13.471	41.617	12.428
swarm_66_143.pdb	0	22.928	54.437	12.395
swarm_37_142.pdb	0	15.568	47.181	12.370
swarm_32_105.pdb	0	12.039	35.499	12.337
swarm_96_73.pdb	0	16.384	33.723	12.258
swarm_1_184.pdb	0.0135135	12.101	50.326	12.251
swarm_56_67.pdb	0	16.612	35.573	12.222
swarm_86_153.pdb	0	22.741	45.088	12.215
swarm_51_33.pdb	0	13.553	48.885	12.136
swarm_63_105.pdb	0	15.546	58.399	12.113
swarm_73_45.pdb	0	21.859	42.664	12.110
swarm_103_165.pdb	0	33.559	45.91	12.097
swarm_83_77.pdb	0	30.336	57.729	12.096
swarm_53_12.pdb	0	14.975	35.663	11.972
swarm_36_1.pdb	0	34.779	58.012	11.919
swarm_51_136.pdb	0	21.748	53.005	11.898
swarm_112_38.pdb	0	36.453	68.236	11.878
swarm_66_58.pdb	0	19.626	45.104	11.844
swarm_17_97.pdb	0	17.035	55.406	11.743
swarm_17_107.pdb	0	24.385	63.56	11.688
swarm_107_53.pdb	0	19.891	41.943	11.685
swarm_20_47.pdb	0	20.782	47.885	11.682
swarm_78_43.pdb	0	15.505	43.57	11.665
swarm_19_180.pdb	0	24.847	55.959	11.611
swarm_95_96.pdb	0	25.476	63.733	11.573
swarm_3_131.pdb	0	21.999	61.899	11.551
swarm_58_5.pdb	0	29.576	45.604	11.502
swarm_11_107.pdb	0	22.495	53.98	11.502
swarm_70_180.pdb	0	34.32	57.332	11.482
swarm_97_126.pdb	0	20.993	54.4	11.395
swarm_35_160.pdb	0	22.158	42.225	11.354
swarm_53_186.pdb	0	22.091	51.06	11.302
swarm_35_138.pdb	0	23.104	46.053	11.288
swarm_53_188.pdb	0	23.068	49.63	11.209
swarm_51_195.pdb	0	23.017	47.752	11.207
swarm_63_166.pdb	0	23.226	60.598	11.159
swarm_59_79.pdb	0	18.986	43.485	11.102
swarm_15_174.pdb	0	19.924	57.758	11.100
swarm_71_55.pdb	0	22.046	49.856	11.054
swarm_3_128.pdb	0	24.206	61.916	10.995
swarm_37_48.pdb	0	29.975	51.461	10.970
swarm_63_193.pdb	0	14.108	54.44	10.936
swarm_3_164.pdb	0	33.338	63.081	10.926
swarm_3_63.pdb	0	25.082	57.144	10.915
swarm_22_66.pdb	0	23.75	46.402	10.886
swarm_54_174.pdb	0	19.534	46.791	10.883
swarm_20_168.pdb	0	33.108	58.077	10.880
swarm_105_113.pdb	0	15.35	52.581	10.822
swarm_65_82.pdb	0	22.488	36.413	10.819
swarm_43_13.pdb	0	23.183	47.92	10.813
swarm_53_175.pdb	0	15.059	36.482	10.766
swarm_90_39.pdb	0	21.64	42.691	10.704
swarm_83_122.pdb	0	22.333	54.185	10.674
swarm_47_34.pdb	0	22.938	62.709	10.629
swarm_57_127.pdb	0	21.668	37.522	10.627
swarm_44_101.pdb	0	20.327	51.927	10.613
swarm_65_59.pdb	0	24.84	38.487	10.607
swarm_11_60.pdb	0	26.459	56.27	10.492
swarm_49_184.pdb	0	18.721	44.147	10.432
swarm_85_3.pdb	0	17.812	34.2	10.409
swarm_33_187.pdb	0	20.013	44.261	10.408
swarm_17_50.pdb	0	16.554	56.569	10.395
swarm_1_104.pdb	0	32.493	56.403	10.330
swarm_79_30.pdb	0	23.339	62.64	10.306
swarm_71_136.pdb	0	14.152	50.418	10.290
swarm_97_194.pdb	0	29.709	59.674	10.197
swarm_44_88.pdb	0	22.747	49.274	10.125
swarm_107_76.pdb	0	20.268	52.093	10.097
swarm_40_54.pdb	0	18.053	50.741	10.025
swarm_57_140.pdb	0	13.874	46.252	9.933
swarm_46_84.pdb	0	21.8	56.512	9.930
swarm_96_139.pdb	0	18.836	44.611	9.923
swarm_103_42.pdb	0	18.724	41.312	9.918
swarm_76_16.pdb	0	20.714	48.116	9.905
swarm_46_122.pdb	0	19.774	57.457	9.866
swarm_22_178.pdb	0	20.65	50.605	9.827
swarm_89_187.pdb	0	21.204	46.918	9.726
swarm_90_103.pdb	0	13.364	28.621	9.666
swarm_43_76.pdb	0	11.57	29.098	9.641
swarm_22_1.pdb	0	26.511	46.287	9.592
swarm_1_20.pdb	0	25.292	47.688	9.576
swarm_66_160.pdb	0	19.439	44.384	9.573
swarm_27_142.pdb	0	28.885	36.998	9.515
swarm_15_57.pdb	0	15.229	28.788	9.490
swarm_19_25.pdb	0	17.445	51.743	9.474
swarm_82_128.pdb	0	17.309	50.655	9.437
swarm_69_186.pdb	0	28.102	56.634	9.423
swarm_22_85.pdb	0	28.444	46.195	9.327
swarm_53_115.pdb	0	21.304	48.197	9.294
swarm_93_70.pdb	0	19.307	61.727	9.283
swarm_12_43.pdb	0	22.205	48.246	9.279
swarm_66_34.pdb	0	21.246	53.048	9.260
swarm_103_143.pdb	0	13.489	32.869	9.218
swarm_53_75.pdb	0	23.765	51.744	9.157
swarm_15_183.pdb	0	10.964	34.297	9.134
swarm_67_198.pdb	0	16.773	59.311	9.030
swarm_96_133.pdb	0	13.426	33.73	8.917
swarm_90_130.pdb	0	20.768	39.512	8.874
swarm_79_138.pdb	0	26.316	61.717	8.804
swarm_56_123.pdb	0	30.291	50.886	8.744
swarm_114_26.pdb	0	24.632	35.184	8.744
swarm_26_86.pdb	0	20.04	52.424	8.741
swarm_78_167.pdb	0	33.237	51.296	8.733
swarm_59_18.pdb	0	16.394	35.388	8.714
swarm_93_1.pdb	0	24.564	59.171	8.605
swarm_25_80.pdb	0	19.084	50.842	8.541
swarm_57_6.pdb	0	12.933	35.182	8.524
swarm_82_61.pdb	0	19.549	51.344	8.462
swarm_46_109.pdb	0.0135135	16.286	43.201	8.460
swarm_74_90.pdb	0	28.71	52.902	8.444
swarm_33_161.pdb	0	39.961	51.752	8.420
swarm_107_97.pdb	0	14.174	32.018	8.381
swarm_49_69.pdb	0	18.175	40.695	8.304
swarm_65_145.pdb	0	19.885	43.309	8.264
swarm_31_63.pdb	0	25.663	64.264	8.240
swarm_49_156.pdb	0	28.56	55.281	8.197
swarm_78_195.pdb	0	13.635	35.96	8.123
swarm_106_143.pdb	0	26.281	64.553	8.113
swarm_19_28.pdb	0	18.815	61.789	8.064
swarm_26_82.pdb	0	20.677	49.542	8.058
swarm_101_134.pdb	0	23.12	59.206	8.037
swarm_98_134.pdb	0	23.226	40.383	8.011
swarm_82_115.pdb	0	18.935	49.306	7.973
swarm_70_2.pdb	0	21.603	45.83	7.973
swarm_63_83.pdb	0	12.835	55.497	7.885
swarm_15_4.pdb	0	23.114	52.421	7.880
swarm_70_57.pdb	0	18.839	57.211	7.817
swarm_91_127.pdb	0	19.014	44.543	7.780
swarm_26_34.pdb	0	12.441	31.584	7.720
swarm_78_118.pdb	0	19.981	42.648	7.718
swarm_34_63.pdb	0	15.908	39.785	7.684
swarm_69_95.pdb	0	35.054	58.253	7.637
swarm_75_86.pdb	0	23.518	51.508	7.572
swarm_21_173.pdb	0	20.624	64.737	7.384
swarm_24_71.pdb	0	35.705	66.394	7.259
swarm_86_181.pdb	0	20.631	49.301	7.227
swarm_55_139.pdb	0	12.999	40.079	7.111
swarm_89_45.pdb	0	27.439	48.53	7.074
swarm_37_183.pdb	0	24.601	41.065	6.839
swarm_91_69.pdb	0	24.277	35.272	6.751
swarm_35_170.pdb	0	34.35	60.143	6.749
swarm_93_118.pdb	0	18.941	62.512	6.726
swarm_65_110.pdb	0	33.822	53.765	6.659
swarm_111_174.pdb	0	28.451	62.733	6.636
swarm_93_135.pdb	0	21.46	65.343	6.581
swarm_83_130.pdb	0	23.836	56.091	6.547
swarm_43_136.pdb	0	21.544	50.684	6.527
swarm_69_199.pdb	0	29.581	53.996	6.503
swarm_43_116.pdb	0	20.693	41.015	6.420
swarm_45_72.pdb	0	28.194	40.776	6.306
swarm_82_174.pdb	0	19.379	44.776	6.250
swarm_66_126.pdb	0	22.293	45.561	6.142
swarm_111_3.pdb	0	18.655	58.737	5.995
swarm_13_161.pdb	0	34.899	51.039	5.975
swarm_101_140.pdb	0	17.23	45.991	5.949
swarm_93_194.pdb	0	15.241	49.201	5.926
swarm_18_165.pdb	0	21.617	53.574	5.898
swarm_74_50.pdb	0	26.22	38.983	5.896
swarm_44_38.pdb	0	19.311	40.871	5.878
swarm_45_59.pdb	0	30.778	47.824	5.876
swarm_35_4.pdb	0	22.227	54.527	5.864
swarm_76_128.pdb	0	35.627	48.014	5.823
swarm_67_160.pdb	0	34.129	56.185	5.734
swarm_36_158.pdb	0	23.546	52.671	5.621
swarm_79_77.pdb	0	14.221	41.342	5.615
swarm_115_107.pdb	0	21.104	38.592	5.367
swarm_91_174.pdb	0	22.414	34.989	5.328
swarm_68_93.pdb	0	34.42	58.881	5.070
swarm_8_8.pdb	0	19.585	58.852	5.038
swarm_14_87.pdb	0	22.36	64.687	4.919
swarm_108_163.pdb	0	16.81	36.222	4.912
swarm_67_35.pdb	0	32.682	59.771	4.870
swarm_13_183.pdb	0	32.711	46.094	4.869
swarm_97_74.pdb	0	17.365	60.683	4.776
swarm_47_94.pdb	0	26.75	68.06	4.694
swarm_61_71.pdb	0	19.057	55.852	4.678
swarm_44_14.pdb	0	22.871	41.372	4.673
swarm_13_132.pdb	0	22.225	53.411	4.641
swarm_26_91.pdb	0	25.993	41.838	4.636
swarm_17_64.pdb	0	19.083	59.61	4.457
swarm_97_19.pdb	0	28.362	58.397	4.369
swarm_13_180.pdb	0	22.476	56.89	4.319
swarm_83_94.pdb	0	20.417	55.763	4.314
swarm_99_0.pdb	0	18.402	54.185	4.294
swarm_61_97.pdb	0	18.632	48.766	4.208
swarm_112_65.pdb	0	25.491	57.697	4.191
swarm_114_116.pdb	0	35.739	53.062	4.099
swarm_79_53.pdb	0	25.221	53.635	4.084
swarm_110_58.pdb	0	37.858	61.898	3.917
swarm_115_17.pdb	0	23.635	42.349	3.905
swarm_83_0.pdb	0	19.927	54.491	3.896
swarm_108_112.pdb	0	23.525	36.09	3.726
swarm_70_182.pdb	0	22.892	53.895	3.718
swarm_21_21.pdb	0	32.466	69.743	3.716
swarm_100_150.pdb	0	33.957	62.171	3.709
swarm_33_66.pdb	0	13.638	45.916	3.645
swarm_74_167.pdb	0	18.59	40.547	3.633
swarm_39_54.pdb	0	18.831	61.266	3.597
swarm_70_95.pdb	0	20.779	51.835	3.581
swarm_49_148.pdb	0	7.685	26.496	3.478
swarm_17_54.pdb	0	21.149	53.803	3.447
swarm_53_71.pdb	0.0540541	13.294	28.335	3.392
swarm_47_136.pdb	0	32.574	69.332	3.260
swarm_77_130.pdb	0	20.198	48.108	3.241
swarm_39_46.pdb	0	26.122	56.459	3.155
swarm_91_145.pdb	0	22.458	46.21	3.124
swarm_82_136.pdb	0	15.822	52.625	3.113
swarm_39_122.pdb	0	24.733	66.657	3.104
swarm_83_182.pdb	0	14.627	60.291	3.098
swarm_20_128.pdb	0	17.255	41.935	3.049
swarm_3_50.pdb	0	34.139	59.906	3.036
swarm_79_36.pdb	0	23.423	66.346	3.016
swarm_102_183.pdb	0	26.084	39.916	3.005
swarm_1_6.pdb	0	28.078	55.907	2.833
swarm_70_152.pdb	0	24.536	41.606	2.805
swarm_106_82.pdb	0	21.421	75.66	2.797
swarm_90_37.pdb	0	15.893	41.46	2.702
swarm_89_8.pdb	0	10.149	16.641	2.679
swarm_63_114.pdb	0	32.227	65.685	2.633
swarm_72_177.pdb	0	19.701	57.716	2.622
swarm_35_149.pdb	0	20.12	51.545	2.589
swarm_47_61.pdb	0	30.228	64.065	2.568
swarm_48_16.pdb	0	24.18	40.38	2.550
swarm_111_160.pdb	0	20.237	56.754	2.539
swarm_19_20.pdb	0	17.42	56.576	2.518
swarm_83_74.pdb	0	28.786	54.254	2.483
swarm_62_161.pdb	0	18.958	43.031	2.482
swarm_102_87.pdb	0	22.999	40.638	2.434
swarm_45_68.pdb	0	14.049	29.889	2.402
swarm_14_197.pdb	0	19.71	72.722	2.388
swarm_100_57.pdb	0	18.152	53.211	2.336
swarm_96_155.pdb	0	16.164	33.481	2.276
swarm_75_138.pdb	0	21.974	42.037	2.174
swarm_106_173.pdb	0	25.983	62.373	2.173
swarm_17_78.pdb	0	18.256	57.203	2.164
swarm_13_117.pdb	0	27.104	62.46	2.040
swarm_67_98.pdb	0	26.35	50.302	2.008
swarm_55_191.pdb	0	14.393	43.559	2.006
swarm_17_104.pdb	0	27.621	60.407	2.003
swarm_98_25.pdb	0	21.721	31.042	1.993
swarm_64_95.pdb	0	27.965	40.267	1.985
swarm_21_176.pdb	0	25.071	61.472	1.950
swarm_28_187.pdb	0	35.961	62.971	1.835
swarm_69_86.pdb	0	19.519	53.044	1.830
swarm_63_116.pdb	0	16.69	60.517	1.801
swarm_100_131.pdb	0	24.162	37.311	1.690
swarm_25_8.pdb	0	23.374	41.259	1.689
swarm_86_5.pdb	0	16.111	46.396	1.650
swarm_35_99.pdb	0	32.724	63.208	1.621
swarm_36_99.pdb	0	24.53	58.297	1.597
swarm_41_112.pdb	0	31.779	52.446	1.497
swarm_93_131.pdb	0	25.121	66.61	1.314
swarm_104_11.pdb	0	17.584	44.9	1.278
swarm_111_176.pdb	0	18.767	54.454	1.221
swarm_3_72.pdb	0	28.329	65.73	1.207
swarm_11_171.pdb	0	22.669	53.471	1.198
swarm_79_109.pdb	0.0135135	21.255	64.586	1.101
swarm_82_158.pdb	0	13.327	51.012	1.096
swarm_73_124.pdb	0	14.311	53.057	1.053
swarm_14_92.pdb	0	24.558	62.923	1.011
swarm_59_64.pdb	0	24.151	39.203	0.993
swarm_82_55.pdb	0	25.571	46.304	0.967
swarm_92_77.pdb	0	20.089	42.36	0.959
swarm_21_60.pdb	0	21.922	61.698	0.929
swarm_25_65.pdb	0	17.17	47.774	0.854
swarm_28_140.pdb	0	29.677	61.2	0.834
swarm_80_150.pdb	0	24.148	66.355	0.793
swarm_14_14.pdb	0	26.314	57.317	0.748
swarm_89_133.pdb	0	21.047	41.022	0.734
swarm_28_51.pdb	0	18.685	58.998	0.665
swarm_22_165.pdb	0	24.237	47.887	0.662
swarm_31_29.pdb	0	30.153	54.675	0.631
swarm_35_85.pdb	0	26.599	63.358	0.559
swarm_63_55.pdb	0	21.49	48.702	0.507
swarm_75_150.pdb	0	20.138	40.006	0.488
swarm_49_24.pdb	0	18.256	47.195	0.465
swarm_10_115.pdb	0	20.967	68.833	0.458
swarm_67_8.pdb	0	35.607	64.992	0.456
swarm_111_90.pdb	0	24.771	61.662	0.430
swarm_112_64.pdb	0	20.708	61.333	0.394
swarm_89_183.pdb	0	18.709	43.84	0.370
swarm_29_172.pdb	0	25.593	65.408	0.309
swarm_108_188.pdb	0	23.748	34.513	0.284
swarm_87_38.pdb	0	20.324	53.185	0.226
swarm_23_16.pdb	0	16.952	65.848	0.178
swarm_64_144.pdb	0	17.181	32.784	0.091
swarm_111_170.pdb	0	20.382	64.141	0.071
swarm_28_5.pdb	0	15.467	64.137	0.037
swarm_10_79.pdb	0	25.706	63.35	0.017
swarm_14_57.pdb	0	23.18	63.764	0.005
swarm_31_68.pdb	0	37.09	71.187	-0.060
swarm_28_107.pdb	0	29.842	59.384	-0.066
swarm_106_168.pdb	0	26.179	71.588	-0.208
swarm_89_93.pdb	0	24.006	49.646	-0.435
swarm_112_182.pdb	0	26.919	56.39	-0.448
swarm_62_195.pdb	0	20.139	41.823	-0.460
swarm_59_86.pdb	0	28.021	41.1	-0.460
swarm_24_107.pdb	0	17.416	58.917	-0.465
swarm_67_77.pdb	0	31.115	63.619	-0.485
swarm_36_168.pdb	0	19.664	58.386	-0.497
swarm_67_69.pdb	0	30.748	64.688	-0.529
swarm_69_180.pdb	0	22.176	38.001	-0.531
swarm_91_28.pdb	0	28.939	47.474	-0.536
swarm_28_106.pdb	0	23.017	61.355	-0.542
swarm_63_96.pdb	0.0135135	9.346	54.009	-0.584
swarm_63_109.pdb	0	20.474	63.787	-0.585
swarm_83_195.pdb	0	17.496	61.056	-0.672
swarm_97_193.pdb	0	22.449	41.812	-0.849
swarm_112_126.pdb	0	18.117	55.412	-0.878
swarm_23_191.pdb	0	23.745	70.808	-0.883
swarm_10_103.pdb	0	17.805	69.318	-0.948
swarm_81_60.pdb	0.0405405	8.575	48.672	-0.977
swarm_5_29.pdb	0	15.873	55.719	-0.988
swarm_76_196.pdb	0	19.534	45.534	-1.043
swarm_98_83.pdb	0	22.935	46.857	-1.071
swarm_59_122.pdb	0	17.632	40.372	-1.120
swarm_89_96.pdb	0	22.089	32.481	-1.128
swarm_63_178.pdb	0.0135135	20.719	69.258	-1.135
swarm_31_20.pdb	0	16.885	61.13	-1.179
swarm_113_20.pdb	0	22.607	57.032	-1.188
swarm_31_178.pdb	0	22.98	56.467	-1.216
swarm_8_48.pdb	0	22.335	62.75	-1.248
swarm_24_152.pdb	0	24.589	64.411	-1.287
swarm_76_163.pdb	0	23.229	39.428	-1.292
swarm_114_96.pdb	0	25.342	46.164	-1.327
swarm_41_45.pdb	0	24.028	41.255	-1.360
swarm_71_125.pdb	0	22.129	48.113	-1.380
swarm_89_135.pdb	0	27.289	40.163	-1.413
swarm_60_118.pdb	0	26.215	48.566	-1.639
swarm_34_77.pdb	0	22.701	38.163	-1.658
swarm_50_89.pdb	0	17.393	52.555	-1.665
swarm_50_138.pdb	0	25.176	52.651	-1.682
swarm_63_167.pdb	0	27.548	61.261	-1.744
swarm_99_136.pdb	0	13.991	51.576	-1.804
swarm_25_186.pdb	0	21.328	51.319	-1.833
swarm_105_127.pdb	0	18.182	57.939	-1.981
swarm_99_77.pdb	0	15.825	42.091	-2.005
swarm_26_71.pdb	0	23.256	50.439	-2.084
swarm_27_124.pdb	0	30.638	46.216	-2.105
swarm_80_107.pdb	0	27.4	65.547	-2.248
swarm_63_139.pdb	0	32.327	58.95	-2.262
swarm_36_110.pdb	0	21.397	57.783	-2.274
swarm_55_100.pdb	0	11.82	41.441	-2.329
swarm_5_31.pdb	0	17.908	52.173	-2.344
swarm_36_187.pdb	0	23.328	57.142	-2.360
swarm_78_62.pdb	0	26.042	39.978	-2.404
swarm_100_16.pdb	0	19.255	46.375	-2.444
swarm_6_53.pdb	0	21.205	66.559	-2.465
swarm_8_167.pdb	0	25.14	59.08	-2.492
swarm_100_12.pdb	0	21.9	52.345	-2.493
swarm_104_136.pdb	0	22.657	43.901	-2.502
swarm_57_146.pdb	0	22.385	41.506	-2.562
swarm_111_83.pdb	0	17.054	64.604	-2.607
swarm_1_121.pdb	0	37.246	59.816	-2.630
swarm_15_100.pdb	0	24.4	49.621	-2.683
swarm_100_145.pdb	0	23.634	55.433	-2.687
swarm_1_100.pdb	0	32.942	52.764	-2.699
swarm_91_124.pdb	0	20.404	48.099	-2.782
swarm_80_96.pdb	0	25.923	65.091	-2.786
swarm_30_25.pdb	0	24.651	39.884	-2.790
swarm_13_126.pdb	0	15.526	48.569	-2.916
swarm_67_135.pdb	0	18.461	49.666	-2.924
swarm_112_183.pdb	0	24.338	61.183	-2.991
swarm_74_15.pdb	0	24.641	45.991	-3.033
swarm_81_167.pdb	0	28.918	49.804	-3.062
swarm_22_90.pdb	0	35.075	56.666	-3.137
swarm_82_117.pdb	0	21.572	52.155	-3.142
swarm_79_57.pdb	0	23.383	64.169	-3.150
swarm_23_23.pdb	0	27.188	67.841	-3.175
swarm_104_55.pdb	0	22.104	50.679	-3.240
swarm_2_87.pdb	0	20.436	71.989	-3.242
swarm_2_18.pdb	0	21.227	69.242	-3.250
swarm_55_145.pdb	0	23.026	51.277	-3.377
swarm_112_3.pdb	0	28.98	54.124	-3.381
swarm_76_150.pdb	0	24.653	39.518	-3.397
swarm_96_38.pdb	0	25.985	50.872	-3.495
swarm_63_34.pdb	0	30.486	60.695	-3.532
swarm_10_37.pdb	0	27.626	67.853	-3.590
swarm_89_99.pdb	0	20.133	44.981	-3.612
swarm_31_145.pdb	0	27.762	70.419	-3.724
swarm_21_166.pdb	0	20.415	63.502	-3.768
swarm_111_137.pdb	0	23.965	63.403	-3.782
swarm_111_173.pdb	0	20.188	53.416	-3.904
swarm_48_134.pdb	0	21.064	57.875	-3.912
swarm_10_179.pdb	0	27.835	65.625	-3.925
swarm_19_16.pdb	0	20.609	63.31	-3.950
swarm_72_136.pdb	0	32.424	44.552	-3.979
swarm_83_102.pdb	0	25.631	53.985	-4.051
swarm_61_192.pdb	0	27.504	65.406	-4.055
swarm_98_63.pdb	0	19.373	38.698	-4.137
swarm_68_196.pdb	0	17.351	55.969	-4.343
swarm_98_171.pdb	0	25.944	39.024	-4.356
swarm_95_110.pdb	0	22.138	71.842	-4.396
swarm_114_145.pdb	0	20.057	56.286	-4.401
swarm_95_160.pdb	0	21.322	67.297	-4.485
swarm_24_124.pdb	0	13.279	62.799	-4.529
swarm_31_123.pdb	0	19.102	71.268	-4.589
swarm_111_97.pdb	0	25.674	55.442	-4.638
swarm_42_18.pdb	0	17.727	66.632	-4.684
swarm_67_182.pdb	0	19.464	56.121	-4.829
swarm_114_5.pdb	0	19.374	50.615	-4.855
swarm_70_62.pdb	0	22.6	42.683	-4.881
swarm_104_54.pdb	0	32.181	57.365	-4.952
swarm_34_29.pdb	0	27.799	50.128	-4.979
swarm_93_75.pdb	0	26.309	59.124	-4.995
swarm_67_66.pdb	0	15.34	56.441	-5.017
swarm_113_153.pdb	0	23.902	54.235	-5.022
swarm_96_153.pdb	0	19.104	49.757	-5.119
swarm_102_38.pdb	0	21.703	58.127	-5.174
swarm_84_191.pdb	0	25.416	47.395	-5.212
swarm_24_4.pdb	0	28.886	69.605	-5.287
swarm_91_72.pdb	0	29.998	42.607	-5.310
swarm_112_16.pdb	0	14.548	61.606	-5.340
swarm_105_72.pdb	0	23.778	57.56	-5.370
swarm_7_187.pdb	0	27.867	44.116	-5.421
swarm_58_154.pdb	0	18.781	46.017	-5.423
swarm_88_18.pdb	0	24.8	36.813	-5.508
swarm_4_35.pdb	0	24.534	51.283	-5.570
swarm_22_56.pdb	0	23.868	46.095	-5.667
swarm_72_12.pdb	0	16.92	43.151	-5.743
swarm_41_180.pdb	0	16.873	40.78	-5.751
swarm_82_16.pdb	0	14.02	49.564	-5.753
swarm_50_46.pdb	0	23.779	62.653	-5.788
swarm_108_33.pdb	0	23.688	34.444	-5.880
swarm_78_142.pdb	0	17.721	38.739	-5.921
swarm_26_128.pdb	0	30.121	55.254	-5.929
swarm_74_30.pdb	0	15.423	45.841	-5.942
swarm_27_184.pdb	0	27.723	49.792	-5.981
swarm_47_15.pdb	0	19.275	70.179	-6.026
swarm_26_28.pdb	0	22.052	53.658	-6.026
swarm_103_27.pdb	0	24.03	37.352	-6.029
swarm_50_83.pdb	0	26.266	53.847	-6.125
swarm_68_75.pdb	0	27.124	50.569	-6.337
swarm_96_172.pdb	0	21.14	42.343	-6.392
swarm_16_98.pdb	0	29.585	57.429	-6.396
swarm_96_94.pdb	0	25.496	38.755	-6.617
swarm_61_181.pdb	0	36.055	62.557	-6.668
swarm_50_198.pdb	0	26.424	62.041	-6.777
swarm_96_170.pdb	0	22.342	47.246	-6.807
swarm_5_27.pdb	0	19.466	66.109	-6.838
swarm_9_94.pdb	0	21.548	52.443	-6.845
swarm_93_28.pdb	0	21.948	62.897	-6.910
swarm_9_43.pdb	0	20.045	52.403	-6.929
swarm_112_67.pdb	0	23.072	60.336	-6.985
swarm_19_154.pdb	0	23.148	54.571	-7.036
swarm_74_154.pdb	0	19.261	54.357	-7.136
swarm_103_133.pdb	0	21.429	42.769	-7.256
swarm_111_34.pdb	0	20.37	60.103	-7.264
swarm_66_38.pdb	0	26.744	47.237	-7.298
swarm_41_81.pdb	0	23.626	40.784	-7.410
swarm_19_3.pdb	0	20.313	59.674	-7.583
swarm_93_137.pdb	0	10.608	65.262	-7.587
swarm_108_15.pdb	0	25.959	39.875	-7.590
swarm_19_75.pdb	0	22.17	64.147	-7.616
swarm_110_100.pdb	0	19.429	51.776	-7.657
swarm_10_181.pdb	0	11.825	69.224	-7.726
swarm_72_192.pdb	0	25.297	54.081	-7.745
swarm_27_110.pdb	0	26.545	47.796	-7.752
swarm_21_23.pdb	0	38.37	70.154	-7.852
swarm_94_184.pdb	0	36.36	57.666	-7.859
swarm_5_80.pdb	0	16.286	64.086	-7.899
swarm_6_167.pdb	0	23.45	59.385	-7.956
swarm_114_92.pdb	0	25.59	36.483	-8.050
swarm_60_179.pdb	0	24.639	47.455	-8.148
swarm_62_43.pdb	0	25.306	34.057	-8.203
swarm_56_152.pdb	0	21.498	38.317	-8.211
swarm_93_61.pdb	0	23.639	68.765	-8.221
swarm_91_183.pdb	0	27.148	44.886	-8.221
swarm_27_188.pdb	0	11.808	33.469	-8.287
swarm_72_51.pdb	0	25.305	45.39	-8.327
swarm_83_192.pdb	0	17.863	50.551	-8.352
swarm_88_169.pdb	0	21.438	40.721	-8.416
swarm_31_76.pdb	0	23.662	67.467	-8.597
swarm_4_76.pdb	0	27.713	45.209	-8.641
swarm_40_152.pdb	0	26.041	47.546	-8.645
swarm_99_175.pdb	0	17.837	54.902	-8.660
swarm_35_129.pdb	0	24.172	48.823	-8.679
swarm_50_125.pdb	0	36.137	59.978	-8.743
swarm_18_197.pdb	0	24.092	57.05	-8.755
swarm_21_114.pdb	0	34.133	68.031	-8.791
swarm_100_87.pdb	0	15.949	55.281	-8.815
swarm_23_12.pdb	0	26.06	77.284	-8.872
swarm_111_58.pdb	0	19.47	58.425	-9.114
swarm_40_34.pdb	0	27.613	52.599	-9.130
swarm_0_186.pdb	0	26.616	64.129	-9.198
swarm_80_172.pdb	0	25.131	64.557	-9.215
swarm_19_191.pdb	0	21.304	66.842	-9.292
swarm_82_90.pdb	0	18.719	51.351	-9.336
swarm_27_23.pdb	0	18.385	31.003	-9.344
swarm_97_197.pdb	0	23.746	53.001	-9.365
swarm_6_42.pdb	0	21.95	71.989	-9.380
swarm_63_50.pdb	0	23.8	54.8	-9.517
swarm_105_199.pdb	0	22.613	73.293	-9.547
swarm_87_141.pdb	0	22.359	56.293	-9.553
swarm_88_2.pdb	0	24.462	42.499	-9.808
swarm_21_35.pdb	0	25.855	62.821	-9.887
swarm_112_152.pdb	0	34.321	70.43	-9.899
swarm_84_134.pdb	0	19.273	60.593	-9.918
swarm_6_140.pdb	0	15.833	59.65	-9.943
swarm_60_2.pdb	0	30.882	58.974	-9.982
swarm_103_64.pdb	0	18.943	46.052	-10.010
swarm_24_90.pdb	0	29.385	64.033	-10.045
swarm_96_40.pdb	0	22.416	50.228	-10.049
swarm_76_133.pdb	0	36.599	55.783	-10.091
swarm_84_51.pdb	0	21.171	58.166	-10.189
swarm_41_34.pdb	0	15.897	35.18	-10.201
swarm_63_71.pdb	0	24.192	56.788	-10.210
swarm_32_4.pdb	0	35.71	52.969	-10.221
swarm_75_72.pdb	0	30.449	47.258	-10.235
swarm_94_0.pdb	0	25.281	53.078	-10.257
swarm_20_46.pdb	0	21.313	59.097	-10.275
swarm_95_12.pdb	0	27.352	71.038	-10.366
swarm_4_70.pdb	0	22.236	48.656	-10.387
swarm_8_186.pdb	0	19.35	60.873	-10.534
swarm_88_81.pdb	0	23.108	38.629	-10.556
swarm_110_132.pdb	0	24.243	44.094	-10.570
swarm_63_61.pdb	0	16.443	64.779	-10.600
swarm_78_184.pdb	0	23.537	49.284	-10.622
swarm_24_129.pdb	0	28.434	62.528	-10.755
swarm_39_182.pdb	0	38.895	73.288	-10.787
swarm_22_190.pdb	0	32.023	52.45	-10.844
swarm_68_171.pdb	0	29.485	49.887	-10.847
swarm_98_143.pdb	0	21.766	50.686	-10.870
swarm_66_197.pdb	0	16.756	53.264	-10.927
swarm_82_173.pdb	0	30.4	53.213	-10.931
swarm_106_59.pdb	0	32.538	72.535	-10.958
swarm_27_186.pdb	0	24.99	49.7	-10.964
swarm_93_175.pdb	0	19.886	65.623	-10.981
swarm_25_39.pdb	0	24.614	54.575	-11.024
swarm_24_113.pdb	0	33.225	64.786	-11.089
swarm_64_104.pdb	0	23.676	42.997	-11.201
swarm_48_175.pdb	0	23.834	57.747	-11.331
swarm_27_125.pdb	0	19.203	34.361	-11.447
swarm_100_82.pdb	0	17.803	54.007	-11.469
swarm_80_158.pdb	0	26.848	70.303	-11.518
swarm_24_102.pdb	0	25.018	51.046	-11.546
swarm_72_116.pdb	0	25.489	47.165	-11.566
swarm_40_100.pdb	0	25.409	45.305	-11.576
swarm_60_34.pdb	0	23.636	41.321	-11.689
swarm_75_7.pdb	0	20.768	44.091	-11.800
swarm_61_42.pdb	0	26.506	57.356	-11.883
swarm_24_106.pdb	0	25.951	54.588	-11.905
swarm_30_30.pdb	0	27.249	42.609	-11.924
swarm_30_124.pdb	0	24.402	48.354	-11.959
swarm_105_123.pdb	0	28.578	67.012	-11.964
swarm_91_61.pdb	0	22.104	52.27	-11.971
swarm_28_1.pdb	0	20.171	66.513	-11.972
swarm_0_60.pdb	0	27.124	52.801	-12.027
swarm_96_86.pdb	0	23.668	49.466	-12.162
swarm_76_4.pdb	0	29.647	47.771	-12.213
swarm_25_40.pdb	0	24.932	54.329	-12.229
swarm_41_64.pdb	0	24.587	40.302	-12.315
swarm_95_180.pdb	0	32.934	81.096	-12.371
swarm_72_61.pdb	0	24.291	45.488	-12.413
swarm_115_39.pdb	0	25.398	48.262	-12.423
swarm_20_52.pdb	0	16.124	42.581	-12.438
swarm_76_6.pdb	0	26.636	41.129	-12.473
swarm_2_33.pdb	0	34.947	77.98	-12.492
swarm_89_36.pdb	0	15.1	29.113	-12.510
swarm_16_15.pdb	0	31.476	60.032	-12.530
swarm_0_129.pdb	0	22.879	59.162	-12.531
swarm_62_10.pdb	0	27.319	48.488	-12.628
swarm_102_141.pdb	0	23.197	51.879	-12.643
swarm_25_98.pdb	0.027027	17.645	55.008	-12.691
swarm_84_105.pdb	0	23.712	43.029	-12.703
swarm_110_63.pdb	0	35.465	69.668	-12.709
swarm_98_50.pdb	0	20.996	56.522	-12.791
swarm_14_26.pdb	0	13.615	57.539	-12.797
swarm_1_131.pdb	0	26.214	62.344	-12.887
swarm_67_33.pdb	0	23.836	46.309	-12.917
swarm_48_150.pdb	0	14.677	54.553	-12.934
swarm_22_119.pdb	0	21.317	54.012	-12.935
swarm_107_132.pdb	0	25.733	53.947	-13.039
swarm_99_110.pdb	0	29.073	54.407	-13.070
swarm_17_160.pdb	0	15.986	50.666	-13.142
swarm_80_66.pdb	0	25.911	73.108	-13.366
swarm_8_102.pdb	0	22.422	64.353	-13.449
swarm_62_184.pdb	0	25.973	52.295	-13.449
swarm_99_146.pdb	0	23.257	62.152	-13.472
swarm_114_11.pdb	0	34.393	53.502	-13.529
swarm_54_55.pdb	0	21.52	44.735	-13.568
swarm_10_5.pdb	0	23.781	63.389	-13.688
swarm_10_113.pdb	0	25.585	66.31	-13.718
swarm_14_184.pdb	0	26.65	66.837	-13.723
swarm_13_31.pdb	0	20.038	57.764	-13.837
swarm_80_81.pdb	0	29.104	65.166	-13.841
swarm_109_69.pdb	0	14.14	47.473	-13.844
swarm_25_18.pdb	0	23.773	55.506	-13.900
swarm_29_199.pdb	0	23.619	78.15	-13.912
swarm_91_185.pdb	0	25.235	51.113	-13.957
swarm_79_162.pdb	0	16.72	62.312	-14.016
swarm_89_90.pdb	0	15.141	27.632	-14.054
swarm_68_79.pdb	0	13.681	36.51	-14.115
swarm_20_171.pdb	0	16.982	48.807	-14.131
swarm_62_24.pdb	0	27.818	54.975	-14.134
swarm_99_196.pdb	0	19.206	54.07	-14.136
swarm_62_30.pdb	0	23.805	43.727	-14.155
swarm_84_171.pdb	0	16.802	53.972	-14.245
swarm_34_24.pdb	0	19.732	47.672	-14.249
swarm_108_130.pdb	0	26.44	48.01	-14.366
swarm_114_3.pdb	0	21.178	51.006	-14.422
swarm_105_37.pdb	0	31.708	66.999	-14.445
swarm_83_168.pdb	0	24.152	57.234	-14.545
swarm_51_69.pdb	0	20.334	53.648	-14.601
swarm_7_24.pdb	0	23.491	50.965	-14.634
swarm_23_43.pdb	0	19.272	73.485	-14.746
swarm_48_49.pdb	0	32.292	61.274	-14.867
swarm_24_75.pdb	0	36.957	69.673	-14.946
swarm_24_157.pdb	0	25.131	72.473	-15.007
swarm_21_98.pdb	0	29.6	61.765	-15.059
swarm_80_63.pdb	0	25.394	77.486	-15.065
swarm_42_139.pdb	0	20.185	80.099	-15.083
swarm_19_107.pdb	0	24.019	66.329	-15.095
swarm_68_14.pdb	0	18.424	54.234	-15.113
swarm_111_82.pdb	0	17.633	55.665	-15.137
swarm_4_33.pdb	0	26.27	59.014	-15.173
swarm_48_198.pdb	0	37.085	63.206	-15.179
swarm_50_54.pdb	0	28.007	63.208	-15.215
swarm_110_92.pdb	0	25.011	68.616	-15.220
swarm_5_78.pdb	0	18.804	65.439	-15.291
swarm_42_9.pdb	0	30.122	80.085	-15.369
swarm_60_62.pdb	0	25.077	52.852	-15.379
swarm_84_177.pdb	0	19.656	48.911	-15.400
swarm_102_14.pdb	0	18.351	51.331	-15.466
swarm_42_73.pdb	0	25.452	80.3	-15.511
swarm_2_86.pdb	0	38.761	74.979	-15.519
swarm_61_198.pdb	0	25.407	65.513	-15.535
swarm_102_47.pdb	0	19.64	46.005	-15.657
swarm_31_131.pdb	0	20.913	68.047	-15.672
swarm_24_43.pdb	0	22.445	63.133	-15.678
swarm_84_118.pdb	0	21.776	56.673	-15.702
swarm_16_115.pdb	0	15.329	63.66	-15.713
swarm_89_78.pdb	0	20.102	45.873	-15.715
swarm_78_82.pdb	0	20.614	44.489	-15.770
swarm_12_31.pdb	0	23.865	62.911	-15.794
swarm_105_18.pdb	0	29.908	64.601	-15.900
swarm_31_10.pdb	0	22.242	67.276	-15.922
swarm_105_62.pdb	0	27.785	64.144	-15.951
swarm_13_99.pdb	0	17.724	53.439	-15.969
swarm_14_10.pdb	0	16.381	66.487	-16.008
swarm_73_120.pdb	0	19.933	55.142	-16.028
swarm_102_178.pdb	0	15.808	47.882	-16.034
swarm_23_11.pdb	0	31.744	72.221	-16.139
swarm_27_16.pdb	0	22.055	47.531	-16.157
swarm_76_148.pdb	0	15.002	50.625	-16.174
swarm_89_118.pdb	0	17.814	40.466	-16.191
swarm_4_188.pdb	0	28.345	58.061	-16.206
swarm_61_189.pdb	0	22.297	66.303	-16.309
swarm_21_18.pdb	0	21.591	69.661	-16.387
swarm_74_168.pdb	0	19.481	58.661	-16.396
swarm_99_7.pdb	0	32.581	55.273	-16.437
swarm_25_119.pdb	0	28.466	56.548	-16.452
swarm_105_25.pdb	0	30.987	63.094	-16.461
swarm_106_186.pdb	0	15.126	76.592	-16.470
swarm_114_120.pdb	0	26.066	39.821	-16.493
swarm_7_64.pdb	0	12.883	54.781	-16.612
swarm_102_86.pdb	0	35.191	56.269	-16.618
swarm_84_95.pdb	0	23.281	58.823	-16.658
swarm_48_155.pdb	0	16.646	54.237	-16.780
swarm_41_163.pdb	0	19.118	50.988	-16.781
swarm_47_2.pdb	0	33.299	72.713	-16.827
swarm_29_137.pdb	0	27.03	75.752	-16.988
swarm_99_39.pdb	0	20.711	57.423	-17.130
swarm_14_90.pdb	0	19.731	65.428	-17.162
swarm_52_181.pdb	0	19.905	43.089	-17.166
swarm_47_69.pdb	0	28.918	73.647	-17.182
swarm_70_133.pdb	0	18.75	56.515	-17.232
swarm_28_92.pdb	0	17.009	52.976	-17.243
swarm_104_50.pdb	0	19.348	47.521	-17.410
swarm_65_138.pdb	0	17.812	43.709	-17.456
swarm_8_10.pdb	0	24.303	59.172	-17.460
swarm_100_15.pdb	0	25.624	51.619	-17.497
swarm_10_170.pdb	0	20.022	65.202	-17.500
swarm_8_196.pdb	0	26.395	67.967	-17.517
swarm_6_47.pdb	0	22.782	68.703	-17.519
swarm_7_74.pdb	0	20.232	59.136	-17.602
swarm_36_196.pdb	0	27.393	60.817	-17.609
swarm_10_195.pdb	0	26.165	64.083	-17.685
swarm_105_190.pdb	0	20.218	68.375	-17.717
swarm_47_83.pdb	0	25.452	70.7	-17.728
swarm_60_185.pdb	0	24.365	53.574	-17.879
swarm_24_10.pdb	0	25.35	64.996	-17.890
swarm_5_48.pdb	0	15.802	64.218	-17.896
swarm_95_84.pdb	0	19.509	68.943	-18.012
swarm_26_188.pdb	0	26.565	48.467	-18.012
swarm_84_147.pdb	0	38.25	66.285	-18.215
swarm_110_131.pdb	0	31.314	61.28	-18.360
swarm_87_158.pdb	0	18.736	51.105	-18.432
swarm_4_171.pdb	0	18.115	46.496	-18.449
swarm_30_102.pdb	0	27.27	56.867	-18.450
swarm_87_26.pdb	0	25.735	56.902	-18.467
swarm_8_68.pdb	0	14.702	68.916	-18.658
swarm_72_6.pdb	0	21.362	60.424	-18.684
swarm_48_115.pdb	0	19.039	49.286	-18.731
swarm_7_140.pdb	0	22.391	46.149	-18.746
swarm_23_197.pdb	0	30.16	69.909	-18.773
swarm_110_9.pdb	0	30.64	52.392	-18.796
swarm_112_56.pdb	0	18.676	66.855	-18.840
swarm_42_149.pdb	0	21.946	72.227	-18.853
swarm_42_25.pdb	0	25.676	71.051	-18.871
swarm_78_12.pdb	0	21.804	47.625	-18.907
swarm_86_159.pdb	0	20.489	48.396	-18.923
swarm_95_173.pdb	0	16.125	73.025	-18.943
swarm_99_73.pdb	0	34.383	61.877	-19.134
swarm_0_162.pdb	0	38.248	66.707	-19.180
swarm_7_56.pdb	0	17.439	54.708	-19.194
swarm_21_120.pdb	0	23.142	67.086	-19.331
swarm_5_12.pdb	0	22.21	65.83	-19.363
swarm_0_104.pdb	0	22.517	69.257	-19.654
swarm_21_36.pdb	0	27.316	66.009	-19.670
swarm_5_113.pdb	0	20.76	66.345	-19.802
swarm_50_45.pdb	0	33.895	54.726	-19.825
swarm_13_165.pdb	0	19.105	63.347	-19.940
swarm_30_123.pdb	0	19.955	49.659	-19.975
swarm_42_170.pdb	0	32.543	78.0	-20.002
swarm_56_71.pdb	0	34.853	54.938	-20.023
swarm_2_148.pdb	0	24.103	69.752	-20.069
swarm_31_193.pdb	0	24.241	61.421	-20.073
swarm_110_42.pdb	0	18.822	61.648	-20.083
swarm_91_158.pdb	0	30.157	45.597	-20.093
swarm_2_16.pdb	0	30.624	75.851	-20.132
swarm_99_130.pdb	0	30.441	58.526	-20.136
swarm_62_74.pdb	0	15.244	37.686	-20.173
swarm_94_136.pdb	0	24.146	47.096	-20.256
swarm_17_82.pdb	0.0135135	13.794	52.538	-20.269
swarm_31_153.pdb	0	18.309	63.722	-20.281
swarm_62_188.pdb	0	7.154	29.031	-20.314
swarm_25_176.pdb	0	23.736	58.28	-20.359
swarm_30_64.pdb	0	27.154	56.048	-20.395
swarm_88_10.pdb	0	31.026	55.779	-20.486
swarm_62_116.pdb	0	13.323	22.626	-20.597
swarm_30_150.pdb	0	30.109	43.884	-20.698
swarm_37_140.pdb	0	10.257	25.436	-20.891
swarm_72_176.pdb	0	14.761	45.339	-20.898
swarm_27_83.pdb	0	26.825	55.957	-20.919
swarm_84_18.pdb	0	22.972	66.521	-20.923
swarm_94_48.pdb	0	34.104	61.212	-20.967
swarm_48_3.pdb	0	23.816	38.628	-21.050
swarm_113_116.pdb	0	24.377	57.82	-21.061
swarm_87_19.pdb	0	22.661	57.215	-21.067
swarm_7_97.pdb	0	21.076	56.296	-21.073
swarm_95_146.pdb	0	27.781	74.214	-21.085
swarm_23_122.pdb	0	25.894	81.536	-21.126
swarm_65_97.pdb	0	28.72	48.893	-21.160
swarm_6_96.pdb	0	20.431	65.219	-21.189
swarm_31_9.pdb	0	27.931	70.239	-21.203
swarm_1_173.pdb	0	21.287	57.042	-21.218
swarm_94_150.pdb	0	11.021	50.579	-21.257
swarm_4_193.pdb	0	20.383	59.303	-21.338
swarm_10_106.pdb	0	30.151	76.213	-21.383
swarm_72_193.pdb	0	22.216	52.431	-21.390
swarm_50_172.pdb	0	20.523	53.579	-21.400
swarm_72_92.pdb	0	21.837	53.187	-21.515
swarm_96_142.pdb	0	23.0	53.232	-21.531
swarm_19_22.pdb	0	26.379	62.558	-21.563
swarm_50_137.pdb	0	21.108	54.485	-21.587
swarm_82_8.pdb	0	23.787	46.916	-21.708
swarm_95_86.pdb	0	21.703	69.546	-21.957
swarm_42_45.pdb	0	27.439	74.072	-21.965
swarm_53_24.pdb	0	21.222	42.608	-22.020
swarm_94_25.pdb	0	23.986	55.904	-22.062
swarm_42_83.pdb	0	28.606	67.992	-22.200
swarm_42_177.pdb	0	22.021	71.478	-22.404
swarm_23_151.pdb	0	24.079	76.086	-22.409
swarm_30_4.pdb	0	22.766	48.056	-22.443
swarm_2_126.pdb	0	31.372	68.222	-22.536
swarm_16_114.pdb	0	21.604	67.568	-22.564
swarm_7_186.pdb	0	22.328	65.257	-22.711
swarm_23_120.pdb	0	24.4	69.792	-22.766
swarm_19_46.pdb	0	17.63	56.999	-22.788
swarm_25_165.pdb	0	23.197	61.615	-22.830
swarm_95_162.pdb	0	23.964	65.092	-22.844
swarm_7_104.pdb	0	22.785	65.624	-22.982
swarm_106_163.pdb	0	19.268	70.997	-23.066
swarm_61_187.pdb	0	27.046	58.001	-23.189
swarm_26_173.pdb	0	23.849	48.004	-23.203
swarm_5_177.pdb	0.027027	16.096	60.605	-23.311
swarm_16_0.pdb	0	21.053	65.947	-23.313
swarm_2_165.pdb	0	27.036	68.546	-23.319
swarm_25_198.pdb	0	36.704	57.363	-23.357
swarm_61_176.pdb	0	19.524	60.249	-23.379
swarm_42_123.pdb	0	22.451	70.265	-23.458
swarm_74_9.pdb	0	30.155	58.94	-23.580
swarm_114_126.pdb	0	21.127	50.576	-23.630
swarm_30_33.pdb	0	20.046	58.24	-23.674
swarm_59_56.pdb	0	23.611	36.36	-23.761
swarm_29_164.pdb	0	35.42	80.071	-23.774
swarm_29_161.pdb	0	31.973	72.863	-23.879
swarm_2_178.pdb	0	23.421	71.092	-23.995
swarm_112_40.pdb	0	18.997	60.706	-24.034
swarm_5_195.pdb	0	24.85	66.177	-24.050
swarm_63_140.pdb	0	20.281	63.3	-24.087
swarm_29_45.pdb	0	25.911	70.16	-24.208
swarm_41_89.pdb	0	15.123	44.257	-24.230
swarm_7_58.pdb	0	36.618	67.914	-24.327
swarm_29_78.pdb	0	34.703	82.044	-24.369
swarm_29_145.pdb	0	14.795	71.848	-24.580
swarm_2_63.pdb	0	25.592	77.108	-24.614
swarm_76_53.pdb	0	23.676	53.549	-24.630
swarm_6_155.pdb	0	27.613	66.588	-24.651
swarm_28_196.pdb	0	36.101	68.81	-24.740
swarm_31_111.pdb	0	18.617	72.407	-24.763
swarm_0_89.pdb	0	19.141	54.904	-24.947
swarm_51_31.pdb	0	22.003	56.654	-24.967
swarm_23_1.pdb	0	37.593	78.606	-24.976
swarm_10_174.pdb	0	26.394	74.688	-24.983
swarm_55_151.pdb	0	22.614	51.368	-25.116
swarm_29_115.pdb	0	19.732	75.546	-25.155
swarm_36_140.pdb	0	20.517	66.019	-25.406
swarm_84_79.pdb	0	29.067	46.395	-25.462
swarm_23_92.pdb	0	19.71	77.443	-25.501
swarm_2_9.pdb	0	13.927	71.226	-25.551
swarm_10_44.pdb	0	23.904	68.104	-25.662
swarm_8_41.pdb	0	16.206	61.076	-25.673
swarm_94_79.pdb	0	24.88	60.392	-25.719
swarm_27_117.pdb	0	21.487	44.928	-25.755
swarm_85_121.pdb	0	21.686	46.089	-25.956
swarm_87_99.pdb	0	30.145	56.023	-25.969
swarm_0_76.pdb	0	31.583	67.785	-25.974
swarm_36_63.pdb	0	19.981	64.464	-25.988
swarm_94_36.pdb	0	36.236	54.618	-26.522
swarm_106_146.pdb	0	28.561	68.78	-26.547
swarm_99_158.pdb	0	29.222	60.918	-26.649
swarm_6_109.pdb	0	23.203	71.643	-26.761
swarm_27_106.pdb	0	25.118	56.496	-26.802
swarm_42_155.pdb	0	25.826	82.859	-26.815
swarm_10_196.pdb	0	28.318	78.82	-26.868
swarm_42_131.pdb	0	26.703	80.454	-26.875
swarm_42_84.pdb	0	27.748	84.08	-26.897
swarm_20_170.pdb	0	16.375	45.867	-27.012
swarm_87_178.pdb	0	23.693	60.98	-27.017
swarm_94_74.pdb	0	37.641	56.758	-27.029
swarm_27_45.pdb	0	16.272	39.56	-27.375
swarm_48_11.pdb	0	24.743	55.054	-27.407
swarm_4_50.pdb	0	23.337	53.222	-27.641
swarm_110_4.pdb	0	23.783	62.408	-27.735
swarm_23_147.pdb	0	28.942	74.111	-27.915
swarm_39_144.pdb	0	27.411	68.909	-27.942
swarm_49_152.pdb	0	21.24	42.846	-27.951
swarm_95_139.pdb	0	21.344	69.283	-27.953
swarm_104_141.pdb	0	20.509	57.526	-27.992
swarm_62_58.pdb	0	21.213	53.461	-28.206
swarm_9_189.pdb	0	18.867	52.835	-28.335
swarm_102_171.pdb	0	21.272	62.464	-28.499
swarm_78_99.pdb	0	15.421	39.491	-28.590
swarm_92_162.pdb	0	14.577	45.804	-29.083
swarm_0_21.pdb	0	27.643	72.746	-29.137
swarm_16_180.pdb	0	26.153	54.359	-29.143
swarm_7_26.pdb	0	30.105	61.113	-29.248
swarm_94_78.pdb	0	28.514	50.532	-29.306
swarm_8_31.pdb	0	23.487	63.482	-29.375
swarm_27_189.pdb	0	17.315	31.314	-29.395
swarm_74_45.pdb	0	26.47	59.461	-29.627
swarm_54_47.pdb	0	15.976	38.433	-29.958
swarm_25_141.pdb	0	20.214	56.273	-30.251
swarm_29_89.pdb	0	24.279	70.767	-30.272
swarm_29_157.pdb	0	34.779	74.333	-30.388
swarm_99_179.pdb	0	29.324	62.923	-30.548
swarm_104_66.pdb	0	22.865	45.893	-30.605
swarm_105_10.pdb	0	25.849	61.718	-30.723
swarm_94_73.pdb	0	24.998	55.858	-30.780
swarm_56_193.pdb	0	16.056	29.109	-30.871
swarm_16_86.pdb	0	20.394	57.228	-30.893
swarm_17_147.pdb	0	19.173	53.49	-30.983
swarm_8_163.pdb	0	18.376	67.497	-30.993
swarm_7_158.pdb	0	32.179	59.085	-31.025
swarm_99_34.pdb	0	25.39	59.601	-31.046
swarm_29_90.pdb	0	31.145	75.081	-31.301
swarm_11_20.pdb	0	21.42	63.818	-31.781
swarm_42_151.pdb	0.0405405	18.553	79.319	-31.943
swarm_13_105.pdb	0	27.684	49.512	-31.959
swarm_79_90.pdb	0	24.632	54.474	-32.151
swarm_68_99.pdb	0	16.018	49.304	-32.267
swarm_114_109.pdb	0	21.245	54.26	-32.529
swarm_4_41.pdb	0	11.541	57.469	-32.717
swarm_51_61.pdb	0	22.876	56.174	-32.761
swarm_94_98.pdb	0	23.929	55.188	-32.821
swarm_4_197.pdb	0	22.005	44.344	-32.876
swarm_104_26.pdb	0	22.803	48.031	-32.930
swarm_72_49.pdb	0	30.715	60.508	-33.001
swarm_0_191.pdb	0	36.483	68.698	-33.417
swarm_24_156.pdb	0	35.056	67.764	-33.465
swarm_61_139.pdb	0	27.224	62.939	-33.502
swarm_25_1.pdb	0.0675676	17.247	55.604	-33.654
swarm_99_183.pdb	0	21.016	50.651	-33.783
swarm_16_107.pdb	0	17.276	62.564	-33.886
swarm_2_85.pdb	0	37.058	71.693	-34.073
swarm_29_143.pdb	0	37.042	81.954	-34.106
swarm_80_154.pdb	0	35.361	72.666	-34.177
swarm_79_119.pdb	0	17.555	54.359	-34.215
swarm_108_115.pdb	0	27.368	54.443	-34.216
swarm_7_133.pdb	0	12.637	55.018	-34.349
swarm_66_60.pdb	0	23.717	43.349	-35.016
swarm_29_54.pdb	0	17.381	80.62	-35.177
swarm_106_107.pdb	0	18.357	74.686	-35.189
swarm_10_119.pdb	0	27.896	70.103	-35.333
swarm_10_47.pdb	0	24.532	69.521	-35.843
swarm_6_137.pdb	0	19.235	67.088	-35.913
swarm_28_24.pdb	0	28.199	64.507	-36.254
swarm_42_56.pdb	0	27.992	79.32	-36.431
swarm_86_81.pdb	0	20.411	39.176	-36.561
swarm_30_81.pdb	0	29.235	51.539	-36.754
swarm_110_163.pdb	0	26.202	64.243	-36.802
swarm_7_73.pdb	0	24.397	61.232	-36.963
swarm_7_54.pdb	0	29.249	61.498	-37.305
swarm_60_177.pdb	0.0135135	9.355	34.786	-37.675
swarm_25_73.pdb	0	22.318	47.298	-37.676
swarm_34_152.pdb	0	19.657	32.1	-37.923
swarm_110_71.pdb	0	31.735	67.213	-38.228
swarm_105_191.pdb	0	27.742	72.7	-38.229
swarm_60_117.pdb	0	21.853	55.903	-38.352
swarm_110_109.pdb	0	27.421	62.01	-38.379
swarm_87_25.pdb	0	19.628	58.482	-39.127
swarm_21_179.pdb	0	22.085	74.028	-39.296
swarm_82_70.pdb	0	22.04	47.314	-39.308
swarm_42_23.pdb	0	22.547	73.331	-39.589
swarm_16_17.pdb	0	23.811	60.976	-39.775
swarm_108_2.pdb	0	34.766	57.028	-39.835
swarm_25_103.pdb	0	21.655	42.512	-39.849
swarm_3_189.pdb	0	9.133	52.996	-40.789
swarm_36_23.pdb	0	16.759	46.485	-40.805
swarm_99_89.pdb	0	20.076	58.357	-41.058
swarm_29_88.pdb	0	28.351	77.996	-41.123
swarm_2_199.pdb	0	37.457	74.507	-41.165
swarm_113_139.pdb	0	19.096	55.55	-41.355
swarm_97_95.pdb	0	25.637	60.709	-41.358
swarm_3_25.pdb	0	10.938	53.299	-41.674
swarm_25_57.pdb	0	21.404	61.944	-41.694
swarm_24_17.pdb	0	24.562	63.43	-42.054
swarm_104_74.pdb	0	17.585	44.355	-42.180
swarm_113_119.pdb	0	19.686	53.791	-42.601
swarm_4_61.pdb	0	15.729	49.208	-42.650
swarm_112_45.pdb	0	14.384	45.429	-42.727
swarm_9_22.pdb	0.189189	14.168	53.971	-42.950
swarm_0_150.pdb	0	19.475	60.992	-43.086
swarm_110_181.pdb	0	26.627	61.327	-43.287
swarm_0_64.pdb	0	25.922	61.374	-43.308
swarm_27_11.pdb	0	21.586	43.032	-43.576
swarm_97_157.pdb	0	23.055	60.697	-43.615
swarm_27_28.pdb	0	15.427	30.174	-44.882
swarm_94_134.pdb	0	22.352	58.81	-45.024
swarm_34_39.pdb	0	25.698	36.159	-45.039
swarm_35_177.pdb	0	26.491	59.586	-45.370
swarm_103_187.pdb	0	21.259	40.447	-45.432
swarm_65_151.pdb	0	26.017	50.443	-46.017
swarm_55_101.pdb	0	20.328	52.8	-46.051
swarm_96_103.pdb	0	22.315	33.658	-46.132
swarm_56_60.pdb	0	16.765	42.851	-46.181
swarm_4_130.pdb	0	29.287	59.629	-46.322
swarm_87_134.pdb	0	18.222	61.466	-46.573
swarm_67_75.pdb	0	21.797	47.683	-47.552
swarm_61_64.pdb	0	24.215	59.564	-47.562
swarm_93_16.pdb	0	16.225	61.296	-47.839
swarm_72_35.pdb	0	20.826	59.278	-47.931
swarm_78_24.pdb	0	34.526	54.684	-48.121
swarm_87_151.pdb	0.108108	6.726	47.261	-48.278
swarm_74_18.pdb	0	20.313	49.692	-49.060
swarm_88_78.pdb	0	27.785	51.346	-49.308
swarm_98_105.pdb	0	21.917	41.007	-49.432
swarm_28_142.pdb	0	18.485	59.812	-49.438
swarm_42_185.pdb	0	28.891	81.156	-49.492
swarm_49_51.pdb	0	31.074	53.561	-49.650
swarm_28_62.pdb	0	20.931	67.644	-49.740
swarm_15_165.pdb	0	16.071	54.375	-49.902
swarm_16_66.pdb	0	28.897	55.715	-49.991
swarm_62_133.pdb	0	26.916	46.075	-50.131
swarm_30_0.pdb	0	26.521	55.071	-50.484
swarm_52_153.pdb	0	15.794	47.282	-50.591
swarm_10_74.pdb	0	22.68	73.11	-51.109
swarm_39_153.pdb	0	22.659	67.913	-51.511
swarm_77_38.pdb	0	23.367	45.806	-52.055
swarm_42_76.pdb	0	23.627	79.42	-52.600
swarm_67_154.pdb	0	16.556	53.863	-52.619
swarm_5_142.pdb	0	25.831	58.798	-53.516
swarm_113_196.pdb	0	21.096	54.896	-53.532
swarm_21_44.pdb	0	24.511	66.659	-53.907
swarm_5_144.pdb	0	12.969	62.871	-53.927
swarm_41_137.pdb	0	12.198	49.11	-54.000
swarm_55_144.pdb	0	13.765	41.558	-54.031
swarm_41_128.pdb	0	18.125	43.89	-54.457
swarm_105_42.pdb	0	21.583	53.558	-55.313
swarm_105_188.pdb	0	22.803	55.679	-55.708
swarm_44_54.pdb	0	19.207	47.474	-55.876
swarm_68_40.pdb	0	19.927	39.345	-56.029
swarm_13_97.pdb	0	24.491	45.45	-56.314
swarm_2_157.pdb	0	31.118	67.341	-56.426
swarm_13_172.pdb	0	27.17	45.64	-56.472
swarm_35_163.pdb	0	25.329	46.193	-56.631
swarm_8_12.pdb	0	23.59	67.117	-56.740
swarm_71_88.pdb	0	20.051	46.392	-56.964
swarm_31_25.pdb	0	17.877	69.497	-57.246
swarm_1_167.pdb	0	25.658	40.85	-57.265
swarm_17_13.pdb	0	12.186	45.135	-58.130
swarm_90_169.pdb	0	28.96	46.488	-58.530
swarm_17_161.pdb	0	10.05	53.232	-58.703
swarm_88_85.pdb	0	16.28	50.135	-59.533
swarm_88_21.pdb	0	26.958	48.373	-59.548
swarm_81_178.pdb	0	19.592	37.65	-60.104
swarm_24_103.pdb	0	27.559	71.032	-60.685
swarm_10_126.pdb	0.0135135	14.822	65.333	-60.842
swarm_108_89.pdb	0	24.18	44.282	-60.891
swarm_51_13.pdb	0	24.568	51.605	-61.040
swarm_81_69.pdb	0	25.593	45.184	-61.047
swarm_106_182.pdb	0.0135135	19.449	69.754	-61.051
swarm_28_158.pdb	0	20.081	60.181	-61.747
swarm_82_127.pdb	0.027027	8.433	31.039	-61.969
swarm_89_190.pdb	0	19.972	32.588	-62.803
swarm_35_150.pdb	0	19.221	42.978	-63.929
swarm_106_92.pdb	0	32.064	78.025	-65.357
swarm_36_10.pdb	0	19.959	65.085	-65.882
swarm_78_8.pdb	0	12.525	33.63	-65.947
swarm_24_89.pdb	0	30.536	62.81	-66.076
swarm_77_120.pdb	0.0810811	14.5	37.478	-66.756
swarm_82_187.pdb	0	16.627	51.588	-67.789
swarm_75_169.pdb	0	32.72	44.727	-67.953
swarm_105_146.pdb	0	12.218	54.793	-68.600
swarm_16_25.pdb	0	16.594	63.764	-68.635
swarm_106_177.pdb	0	21.54	68.3	-68.954
swarm_106_101.pdb	0	19.209	66.593	-69.014
swarm_61_90.pdb	0	21.384	60.608	-69.244
swarm_91_66.pdb	0	27.077	46.714	-69.682
swarm_88_73.pdb	0	16.458	42.112	-69.758
swarm_63_180.pdb	0	14.971	53.204	-70.597
swarm_102_78.pdb	0	37.303	57.508	-71.462
swarm_91_89.pdb	0	19.537	44.239	-72.650
swarm_12_133.pdb	0	22.771	59.401	-74.637
swarm_17_141.pdb	0	20.002	55.348	-75.843
swarm_15_148.pdb	0	20.26	50.768	-77.090
swarm_51_113.pdb	0	17.877	50.764	-77.586
swarm_62_18.pdb	0	24.672	48.067	-78.228
swarm_48_123.pdb	0	21.587	61.312	-78.257
swarm_41_147.pdb	0	14.686	41.671	-78.727
swarm_75_48.pdb	0	32.191	45.68	-78.773
swarm_92_36.pdb	0	18.064	42.421	-78.781
swarm_73_20.pdb	0	10.212	49.463	-79.403
swarm_25_164.pdb	0	17.907	37.228	-79.980
swarm_42_145.pdb	0	19.395	70.654	-80.059
swarm_88_50.pdb	0	22.751	43.66	-80.288
swarm_63_93.pdb	0	33.768	61.19	-81.759
swarm_82_49.pdb	0	18.287	49.703	-82.445
swarm_18_186.pdb	0	11.852	52.683	-83.683
swarm_2_80.pdb	0	17.241	63.748	-84.692
swarm_115_81.pdb	0	29.239	40.886	-85.049
swarm_48_60.pdb	0	29.339	60.39	-85.281
swarm_53_8.pdb	0.121622	9.874	44.161	-87.750
swarm_45_129.pdb	0	13.552	39.013	-88.411
swarm_12_57.pdb	0	29.078	61.482	-88.692
swarm_63_77.pdb	0	16.426	61.949	-89.962
swarm_6_62.pdb	0	19.572	67.729	-90.041
swarm_57_39.pdb	0	21.616	45.899	-91.112
swarm_112_192.pdb	0	19.671	65.838	-91.584
swarm_8_77.pdb	0	24.82	65.379	-91.707
swarm_64_101.pdb	0	18.914	41.865	-92.254
swarm_58_52.pdb	0	23.684	48.123	-92.267
swarm_5_87.pdb	0	11.768	53.72	-93.742
swarm_96_173.pdb	0.0675676	13.919	26.814	-93.795
swarm_38_89.pdb	0	25.596	40.483	-94.080
swarm_58_38.pdb	0	13.207	44.67	-94.672
swarm_99_54.pdb	0	31.892	64.561	-95.485
swarm_5_125.pdb	0	21.029	58.357	-95.678
swarm_73_51.pdb	0	12.221	49.105	-96.287
swarm_16_138.pdb	0	21.579	53.569	-97.928
swarm_3_61.pdb	0	29.492	62.552	-98.895
swarm_51_78.pdb	0	21.347	56.609	-100.028
swarm_62_57.pdb	0	30.404	43.325	-100.136
swarm_7_77.pdb	0.027027	14.187	48.799	-100.158
swarm_8_3.pdb	0	13.985	61.273	-100.991
swarm_105_104.pdb	0	14.188	62.36	-101.610
swarm_85_100.pdb	0	18.834	44.493	-102.234
swarm_92_34.pdb	0	19.94	49.108	-102.868
swarm_41_120.pdb	0	16.085	39.81	-103.378
swarm_34_44.pdb	0	28.075	42.973	-105.031
swarm_4_1.pdb	0	13.633	50.689	-106.006
swarm_91_83.pdb	0.0405405	13.779	40.211	-106.398
swarm_88_193.pdb	0	18.535	31.022	-106.945
swarm_92_130.pdb	0	25.728	47.23	-110.912
swarm_27_36.pdb	0	17.844	56.104	-111.499
swarm_88_190.pdb	0	18.44	36.039	-112.101
swarm_88_122.pdb	0	21.655	41.549	-112.164
swarm_24_46.pdb	0	25.916	61.922	-112.730
swarm_28_170.pdb	0	36.351	68.74	-113.298
swarm_16_178.pdb	0	25.681	67.903	-114.655
swarm_75_55.pdb	0	11.816	29.268	-115.066
swarm_106_97.pdb	0	21.11	65.496	-116.574
swarm_75_118.pdb	0.202703	8.334	32.246	-118.584
swarm_86_108.pdb	0	16.415	47.701	-118.921
swarm_70_33.pdb	0	11.213	47.68	-119.077
swarm_44_158.pdb	0	13.705	29.833	-119.736
swarm_107_113.pdb	0	15.951	33.423	-119.850
swarm_78_154.pdb	0	31.617	51.123	-121.555
swarm_49_143.pdb	0	6.875	19.593	-124.913
swarm_6_132.pdb	0	22.377	66.558	-125.479
swarm_95_179.pdb	0	23.902	63.542	-127.651
swarm_85_128.pdb	0	18.077	49.613	-127.829
swarm_60_190.pdb	0	24.578	52.549	-128.654
swarm_0_102.pdb	0	20.071	59.287	-128.959
swarm_106_22.pdb	0	17.523	63.49	-129.081
swarm_103_167.pdb	0	12.311	28.396	-134.261
swarm_48_96.pdb	0	31.04	50.057	-136.265
swarm_78_52.pdb	0	17.952	43.217	-136.643
swarm_78_3.pdb	0	21.717	36.473	-138.160
swarm_16_130.pdb	0	24.392	66.311	-140.367
swarm_86_14.pdb	0	15.405	47.713	-142.514
swarm_43_29.pdb	0	18.945	42.037	-143.040
swarm_107_51.pdb	0	16.614	39.36	-147.641
swarm_25_75.pdb	0	20.083	55.808	-152.738
swarm_60_50.pdb	0	18.282	58.475	-153.399
swarm_16_70.pdb	0	25.427	65.642	-154.502
swarm_63_19.pdb	0	12.988	62.141	-155.343
swarm_107_124.pdb	0	17.432	47.088	-157.884
swarm_25_148.pdb	0	19.44	37.225	-158.161
swarm_71_95.pdb	0	12.786	40.335	-158.633
swarm_24_170.pdb	0	27.696	66.258	-162.114
swarm_45_112.pdb	0	16.885	45.443	-163.414
swarm_110_184.pdb	0	29.481	66.139	-164.863
swarm_63_101.pdb	0	19.367	59.061	-166.431
swarm_44_190.pdb	0	21.863	50.844	-167.158
swarm_93_189.pdb	0	23.044	64.701	-176.032
swarm_54_54.pdb	0	8.973	38.352	-181.275
swarm_29_65.pdb	0	13.77	69.214	-182.532
swarm_88_84.pdb	0	18.997	38.579	-182.784
swarm_12_125.pdb	0	30.434	62.457	-182.916
swarm_8_19.pdb	0	14.795	62.628	-184.303
swarm_12_136.pdb	0	29.614	62.721	-190.393
swarm_93_120.pdb	0	12.122	51.259	-200.172
swarm_53_149.pdb	0	18.823	33.304	-207.238
swarm_43_166.pdb	0	15.769	42.981	-211.084
swarm_93_25.pdb	0	18.854	64.071	-213.227
swarm_7_125.pdb	0	8.711	47.813	-232.150
swarm_15_65.pdb	0.108108	11.125	27.981	-237.671
swarm_104_67.pdb	0	14.347	42.13	-272.204
swarm_104_131.pdb	0	14.222	42.98	-277.228
swarm_88_66.pdb	0	16.266	48.677	-288.956
