complex.1.pdb	0.87234	0.809	3.170
complex.2.pdb	0.822695	1.716	6.826
complex.3.pdb	0.0070922	20.947	43.062
complex.4.pdb	0	17.545	53.716
complex.5.pdb	0	18.821	59.637
complex.6.pdb	0	16.947	63.403
complex.7.pdb	0.0425532	15.559	56.471
complex.8.pdb	0.503546	2.648	6.425
complex.9.pdb	0.0212766	19.057	66.284
complex.10.pdb	0.0212766	19.317	47.197
complex.11.pdb	0.680851	2.208	9.410
complex.12.pdb	0	17.456	57.437
complex.13.pdb	0	17.437	59.554
complex.14.pdb	0.0141844	14.813	55.624
complex.15.pdb	0.0283688	20.500	54.007
complex.16.pdb	0.0070922	20.852	42.574
complex.17.pdb	0.0212766	19.995	56.963
complex.18.pdb	0	17.386	57.018
complex.19.pdb	0.0070922	15.921	51.378
complex.20.pdb	0.0141844	21.073	69.537
complex.21.pdb	0	20.713	69.678
complex.22.pdb	0	16.276	49.110
complex.23.pdb	0	20.350	73.915
complex.24.pdb	0.0425532	16.471	57.426
complex.25.pdb	0	13.747	57.795
complex.26.pdb	0.0496454	14.529	47.129
complex.27.pdb	0.283688	3.448	11.235
complex.28.pdb	0	17.091	64.091
complex.29.pdb	0.0212766	20.169	65.992
complex.30.pdb	0	21.222	78.389
complex.31.pdb	0	20.267	56.718
complex.32.pdb	0	21.628	76.150
complex.33.pdb	0	13.233	63.133
complex.34.pdb	0	19.832	75.279
complex.35.pdb	0	18.477	65.868
complex.36.pdb	0.0141844	23.105	61.136
complex.37.pdb	0	21.663	79.375
complex.38.pdb	0	21.211	77.141
complex.39.pdb	0.0212766	20.737	56.803
complex.40.pdb	0	19.475	69.933
complex.41.pdb	0.0141844	14.398	49.630
complex.42.pdb	0	19.878	63.888
complex.43.pdb	0.0070922	22.200	54.484
complex.44.pdb	0	19.130	62.069
complex.45.pdb	0.0425532	13.897	38.386
complex.46.pdb	0.375887	3.172	10.657
complex.47.pdb	0.0141844	12.403	45.479
complex.48.pdb	0	18.695	64.807
complex.49.pdb	0	19.508	69.523
complex.50.pdb	0.0283688	14.971	59.656
complex.51.pdb	0	20.086	52.163
complex.52.pdb	0	21.060	73.927
complex.53.pdb	0	19.496	61.675
complex.54.pdb	0	19.921	60.301
complex.55.pdb	0	17.834	72.282
complex.56.pdb	0	20.295	69.369
complex.57.pdb	0.304965	3.518	14.119
complex.58.pdb	0.184397	4.205	12.566
complex.59.pdb	0.035461	19.649	62.844
complex.60.pdb	0	15.322	60.958
complex.61.pdb	0.0141844	13.287	52.021
complex.62.pdb	0.0283688	16.866	64.429
complex.63.pdb	0.0070922	20.690	75.414
complex.64.pdb	0.0070922	12.784	44.065
complex.65.pdb	0.0070922	13.582	51.301
complex.66.pdb	0.0283688	15.108	55.139
complex.67.pdb	0.0141844	17.688	56.106
complex.68.pdb	0.0212766	14.412	51.948
complex.69.pdb	0	15.967	38.403
complex.70.pdb	0	19.361	70.009
complex.71.pdb	0.0212766	21.028	57.669
complex.72.pdb	0	14.782	60.097
complex.73.pdb	0	16.852	53.395
complex.74.pdb	0	13.869	40.077
complex.75.pdb	0	19.763	70.625
complex.76.pdb	0	16.383	51.537
complex.77.pdb	0.0212766	13.323	35.688
complex.78.pdb	0	14.826	58.664
complex.79.pdb	0	15.504	60.762
complex.80.pdb	0	21.476	70.701
complex.81.pdb	0	17.060	53.159
complex.82.pdb	0.0070922	15.489	62.021
complex.83.pdb	0.0212766	18.657	42.533
complex.84.pdb	0.425532	2.982	9.439
complex.85.pdb	0	11.914	45.677
complex.86.pdb	0	15.936	59.924
complex.87.pdb	0	20.546	68.408
complex.88.pdb	0	15.051	67.316
complex.89.pdb	0	21.909	79.589
complex.90.pdb	0	16.165	65.193
complex.91.pdb	0	18.050	63.943
complex.92.pdb	0	15.508	59.673
complex.93.pdb	0	19.522	65.522
complex.94.pdb	0	14.380	64.773
complex.95.pdb	0	18.529	65.315
complex.96.pdb	0.0425532	17.570	60.090
complex.97.pdb	0.0212766	20.658	67.477
complex.98.pdb	0.0425532	15.435	56.211
complex.99.pdb	0	15.282	43.122
complex.100.pdb	0	17.918	65.271
complex.101.pdb	0	19.945	58.742
complex.102.pdb	0	19.302	66.419
complex.103.pdb	0.0141844	20.505	42.687
complex.104.pdb	0	21.240	43.768
complex.105.pdb	0	16.386	61.738
complex.106.pdb	0	18.198	69.530
complex.107.pdb	0	16.166	56.711
complex.108.pdb	0	18.170	75.498
complex.109.pdb	0	27.093	55.974
complex.110.pdb	0	21.343	77.862
complex.111.pdb	0.411348	3.323	10.418
complex.112.pdb	0	15.860	60.897
complex.113.pdb	0.035461	22.975	75.896
complex.114.pdb	0.0212766	19.618	46.789
complex.115.pdb	0	20.245	75.610
complex.116.pdb	0	18.182	66.669
complex.117.pdb	0	16.503	65.738
complex.118.pdb	0	12.924	42.435
complex.119.pdb	0	20.313	72.138
complex.120.pdb	0	21.580	75.932
complex.121.pdb	0	13.710	50.672
complex.122.pdb	0	21.002	69.609
complex.123.pdb	0.0070922	18.122	44.337
complex.124.pdb	0	17.351	67.129
complex.125.pdb	0.0212766	21.148	68.226
complex.126.pdb	0.0070922	17.643	47.172
complex.127.pdb	0	18.068	65.762
complex.128.pdb	0.0070922	13.690	48.546
complex.129.pdb	0.0070922	18.886	69.508
complex.130.pdb	0	20.408	56.499
complex.131.pdb	0.262411	5.006	17.253
complex.132.pdb	0.0425532	11.039	40.139
complex.133.pdb	0.0070922	12.803	58.684
complex.134.pdb	0.0425532	15.002	48.315
complex.135.pdb	0.0283688	20.309	65.240
complex.136.pdb	0	12.779	59.539
complex.137.pdb	0.269504	5.005	15.865
complex.138.pdb	0.0141844	14.170	61.082
complex.139.pdb	0.070922	12.354	32.196
complex.140.pdb	0	12.516	61.301
complex.141.pdb	0	17.058	72.057
complex.142.pdb	0	15.769	60.742
complex.143.pdb	0	18.482	64.704
complex.144.pdb	0	21.049	74.614
complex.145.pdb	0	18.277	55.188
complex.146.pdb	0	11.687	47.857
complex.147.pdb	0	21.873	70.296
complex.148.pdb	0	20.182	60.870
complex.149.pdb	0.035461	18.905	71.731
complex.150.pdb	0	22.082	80.070
complex.151.pdb	0	16.758	61.618
complex.152.pdb	0	19.711	70.000
complex.153.pdb	0	19.724	72.448
complex.154.pdb	0	19.057	69.692
complex.155.pdb	0.0141844	17.470	58.701
complex.156.pdb	0	21.859	70.638
complex.157.pdb	0	21.239	43.268
complex.158.pdb	0	9.905	41.386
complex.159.pdb	0	19.567	68.406
complex.160.pdb	0.0212766	19.523	64.328
complex.161.pdb	0	18.170	65.731
complex.162.pdb	0.035461	15.343	56.072
complex.163.pdb	0	15.467	73.968
complex.164.pdb	0.0212766	20.743	67.062
complex.165.pdb	0	21.316	80.540
complex.166.pdb	0	14.701	62.333
complex.167.pdb	0.0212766	19.787	59.614
complex.168.pdb	0	16.605	67.509
complex.169.pdb	0	15.467	64.776
complex.170.pdb	0.205674	5.906	14.742
complex.171.pdb	0	17.812	54.173
complex.172.pdb	0	16.295	33.641
complex.173.pdb	0	18.692	68.593
complex.174.pdb	0	16.378	69.777
complex.175.pdb	0.0070922	14.987	62.412
complex.176.pdb	0	20.872	43.509
complex.177.pdb	0.035461	6.049	26.606
complex.178.pdb	0	19.609	61.148
complex.179.pdb	0	19.655	72.330
complex.180.pdb	0	20.377	46.971
complex.181.pdb	0	17.340	51.955
complex.182.pdb	0	17.410	72.020
complex.183.pdb	0.312057	3.220	12.603
complex.184.pdb	0	19.928	70.145
complex.185.pdb	0	17.404	56.847
complex.186.pdb	0.0283688	20.643	56.544
complex.187.pdb	0.0070922	17.459	67.036
complex.188.pdb	0.0070922	13.395	44.136
complex.189.pdb	0.0212766	20.044	60.203
complex.190.pdb	0	20.603	55.497
complex.191.pdb	0	17.539	61.554
complex.192.pdb	0	21.007	69.916
complex.193.pdb	0	23.971	70.829
complex.194.pdb	0.0212766	26.259	75.347
complex.195.pdb	0	18.798	64.403
complex.196.pdb	0.0141844	19.951	70.105
complex.197.pdb	0.0070922	16.733	62.030
complex.198.pdb	0	21.018	75.556
complex.199.pdb	0	19.241	72.016
complex.200.pdb	0.0141844	19.856	65.031
complex.201.pdb	0	16.642	65.014
complex.202.pdb	0	17.688	75.747
complex.203.pdb	0	14.348	60.116
complex.204.pdb	0.0212766	11.591	44.963
complex.205.pdb	0	21.919	80.720
complex.206.pdb	0	19.956	56.556
complex.207.pdb	0	21.562	43.509
complex.208.pdb	0.0070922	20.871	60.202
complex.209.pdb	0	18.701	59.690
complex.210.pdb	0.0283688	12.136	45.697
complex.211.pdb	0	16.467	65.941
complex.212.pdb	0.0212766	25.032	76.829
complex.213.pdb	0	17.215	64.519
complex.214.pdb	0.29078	5.747	13.682
complex.215.pdb	0	21.026	67.051
complex.216.pdb	0	20.687	43.777
complex.217.pdb	0	16.815	46.972
complex.218.pdb	0.0070922	20.569	75.039
complex.219.pdb	0	18.870	68.633
complex.220.pdb	0	16.802	63.000
complex.221.pdb	0	23.972	61.500
complex.222.pdb	0	17.904	51.290
complex.223.pdb	0.035461	16.158	58.144
complex.224.pdb	0	19.960	72.767
complex.225.pdb	0.0141844	19.843	67.125
complex.226.pdb	0	20.376	77.121
complex.227.pdb	0	18.693	70.653
complex.228.pdb	0	14.344	63.599
complex.229.pdb	0	14.794	47.372
complex.230.pdb	0	20.707	42.553
complex.231.pdb	0	17.853	42.346
complex.232.pdb	0	20.422	53.620
complex.233.pdb	0	20.341	75.600
complex.234.pdb	0.0070922	12.269	44.381
complex.235.pdb	0	14.267	58.064
complex.236.pdb	0	33.526	82.208
complex.237.pdb	0	17.368	66.975
complex.238.pdb	0	17.910	67.720
complex.239.pdb	0	22.760	79.204
complex.240.pdb	0	8.807	36.549
complex.241.pdb	0.0141844	16.881	48.870
complex.242.pdb	0	15.939	53.745
complex.243.pdb	0	20.304	73.524
complex.244.pdb	0	38.033	86.458
complex.245.pdb	0	31.498	74.128
complex.246.pdb	0.0212766	13.825	58.391
complex.247.pdb	0.0070922	19.783	41.487
complex.248.pdb	0	19.949	62.201
complex.249.pdb	0	18.930	67.799
complex.250.pdb	0.0070922	15.839	67.829
complex.251.pdb	0	20.407	68.849
complex.252.pdb	0.0212766	20.047	67.675
complex.253.pdb	0	17.929	65.373
complex.254.pdb	0	20.396	50.147
complex.255.pdb	0	19.618	73.499
complex.256.pdb	0	19.441	65.398
complex.257.pdb	0	27.029	70.971
complex.258.pdb	0	17.648	41.832
complex.259.pdb	0.0141844	18.733	51.102
complex.260.pdb	0	20.263	64.195
complex.261.pdb	0.0070922	19.805	62.410
complex.262.pdb	0	16.381	56.603
complex.263.pdb	0	12.348	44.101
complex.264.pdb	0	21.365	48.171
complex.265.pdb	0	16.717	51.914
complex.266.pdb	0	14.862	59.747
complex.267.pdb	0	15.987	66.478
complex.268.pdb	0	18.624	64.186
complex.269.pdb	0.0070922	15.619	55.039
complex.270.pdb	0.0567376	13.034	46.692
complex.271.pdb	0.255319	4.210	16.946
complex.272.pdb	0	21.382	78.524
complex.273.pdb	0	38.038	86.488
complex.274.pdb	0.0212766	20.576	55.124
complex.275.pdb	0	16.878	67.704
complex.276.pdb	0	9.393	39.355
complex.277.pdb	0	13.623	60.137
complex.278.pdb	0.0212766	13.916	46.795
complex.279.pdb	0	11.159	25.129
complex.280.pdb	0	20.437	69.518
complex.281.pdb	0	18.361	67.379
complex.282.pdb	0	13.636	49.337
complex.283.pdb	0.0070922	19.871	65.594
complex.284.pdb	0.0425532	24.003	65.328
complex.285.pdb	0.0141844	13.406	40.918
complex.286.pdb	0	21.941	79.538
complex.287.pdb	0.0070922	11.179	43.738
complex.288.pdb	0.0283688	21.316	52.795
complex.289.pdb	0	19.371	70.719
complex.290.pdb	0	12.835	53.037
complex.291.pdb	0	14.715	49.972
complex.292.pdb	0	18.619	70.640
complex.293.pdb	0.35461	3.315	9.765
complex.294.pdb	0	18.350	67.880
complex.295.pdb	0	20.959	44.244
complex.296.pdb	0	21.527	75.154
complex.297.pdb	0.0070922	17.237	49.839
complex.298.pdb	0.0070922	13.410	48.046
complex.299.pdb	0.120567	5.461	23.749
complex.300.pdb	0.0283688	20.022	52.259
complex.301.pdb	0	20.009	75.902
complex.302.pdb	0	13.326	53.149
complex.303.pdb	0	22.227	79.269
complex.304.pdb	0.276596	5.397	13.439
complex.305.pdb	0	19.451	41.363
complex.306.pdb	0	16.354	67.642
complex.307.pdb	0.0638298	5.622	23.001
complex.308.pdb	0	16.375	64.701
complex.309.pdb	0	20.395	75.320
complex.310.pdb	0.0070922	23.696	63.225
complex.311.pdb	0	20.014	44.378
complex.312.pdb	0	15.875	57.048
complex.313.pdb	0	18.506	81.455
complex.314.pdb	0.0070922	17.868	52.027
complex.315.pdb	0	18.041	44.208
complex.316.pdb	0.0212766	16.891	71.989
complex.317.pdb	0.035461	13.356	52.995
complex.318.pdb	0.0141844	20.504	73.048
complex.319.pdb	0	19.048	65.525
complex.320.pdb	0	24.938	46.284
complex.321.pdb	0	17.787	49.589
complex.322.pdb	0.0070922	16.942	59.514
complex.323.pdb	0	21.727	48.619
complex.324.pdb	0	17.837	66.259
complex.325.pdb	0.0425532	24.728	77.384
complex.326.pdb	0	15.646	67.667
complex.327.pdb	0.0283688	19.426	69.533
complex.328.pdb	0	14.601	52.980
complex.329.pdb	0	18.713	60.042
complex.330.pdb	0	18.633	64.636
complex.331.pdb	0	17.647	63.710
complex.332.pdb	0	19.739	73.748
complex.333.pdb	0	15.407	57.315
complex.334.pdb	0.0070922	13.716	48.596
complex.335.pdb	0.0212766	20.053	55.063
complex.336.pdb	0	15.425	66.845
complex.337.pdb	0	21.587	73.768
complex.338.pdb	0	22.179	78.860
complex.339.pdb	0.319149	3.446	16.351
complex.340.pdb	0.0141844	21.302	62.758
complex.341.pdb	0	17.888	71.341
complex.342.pdb	0	23.364	70.278
complex.343.pdb	0.0212766	19.212	60.045
complex.344.pdb	0	23.924	69.914
complex.345.pdb	0.035461	21.043	73.200
complex.346.pdb	0.0141844	8.028	31.220
complex.347.pdb	0	21.421	64.786
complex.348.pdb	0.163121	5.826	18.980
complex.349.pdb	0	15.655	56.965
complex.350.pdb	0	21.285	67.612
complex.351.pdb	0.035461	17.755	65.725
complex.352.pdb	0	11.739	46.819
complex.353.pdb	0	20.662	68.017
complex.354.pdb	0.0425532	12.034	53.563
complex.355.pdb	0	27.564	74.103
complex.356.pdb	0	20.211	64.716
complex.357.pdb	0.0212766	15.892	52.868
complex.358.pdb	0	16.076	59.946
complex.359.pdb	0	21.857	78.653
complex.360.pdb	0	19.361	61.618
complex.361.pdb	0	14.702	50.821
complex.362.pdb	0	20.022	70.412
complex.363.pdb	0	29.598	61.841
complex.364.pdb	0.0212766	16.293	45.708
complex.365.pdb	0	20.824	43.669
complex.366.pdb	0	32.430	73.892
complex.367.pdb	0	16.447	62.287
complex.368.pdb	0	21.819	76.805
complex.369.pdb	0	16.085	62.220
complex.370.pdb	0	22.394	49.081
complex.371.pdb	0	14.820	60.660
complex.372.pdb	0.0141844	20.256	67.556
complex.373.pdb	0.0141844	20.931	65.241
complex.374.pdb	0	37.570	84.720
complex.375.pdb	0	26.455	71.239
complex.376.pdb	0	32.963	65.999
complex.377.pdb	0	32.236	64.870
complex.378.pdb	0	15.507	59.216
complex.379.pdb	0	21.840	72.841
complex.380.pdb	0	19.974	73.039
complex.381.pdb	0	18.188	71.093
complex.382.pdb	0.035461	7.906	28.138
complex.383.pdb	0	20.705	56.275
complex.384.pdb	0	28.437	86.053
complex.385.pdb	0.0425532	22.527	73.431
complex.386.pdb	0	32.611	83.498
complex.387.pdb	0.0283688	19.809	69.190
complex.388.pdb	0.0070922	16.075	68.523
complex.389.pdb	0	17.194	43.944
complex.390.pdb	0	24.002	75.655
complex.391.pdb	0	20.493	72.139
complex.392.pdb	0.0070922	15.691	52.276
complex.393.pdb	0.0070922	19.575	65.532
complex.394.pdb	0	22.938	81.709
complex.395.pdb	0	22.384	60.885
complex.396.pdb	0	22.561	79.591
complex.397.pdb	0.0070922	16.516	58.646
complex.398.pdb	0.0070922	16.719	46.074
complex.399.pdb	0.0070922	14.925	56.168
complex.400.pdb	0	15.349	64.624
complex.401.pdb	0.0070922	20.107	69.367
complex.402.pdb	0.0283688	20.087	68.705
complex.403.pdb	0	21.344	52.030
complex.404.pdb	0.035461	20.234	71.817
complex.405.pdb	0	18.069	67.885
complex.406.pdb	0.0070922	12.230	44.676
complex.407.pdb	0.0141844	21.326	75.815
complex.408.pdb	0.0070922	23.509	77.823
complex.409.pdb	0.0070922	14.740	62.788
complex.410.pdb	0	16.807	62.130
complex.411.pdb	0	26.352	74.281
complex.412.pdb	0	23.578	72.102
complex.413.pdb	0.0141844	21.131	59.605
complex.414.pdb	0	15.468	67.274
complex.415.pdb	0	21.426	46.892
complex.416.pdb	0.0425532	17.947	63.086
complex.417.pdb	0	16.664	62.137
complex.418.pdb	0	18.581	59.325
complex.419.pdb	0	20.788	65.766
complex.420.pdb	0	25.061	65.240
complex.421.pdb	0.0496454	20.444	62.046
complex.422.pdb	0	19.457	76.248
complex.423.pdb	0	19.815	46.535
complex.424.pdb	0	21.042	70.711
complex.425.pdb	0	17.825	70.046
complex.426.pdb	0	12.453	55.442
complex.427.pdb	0.0070922	18.587	41.256
complex.428.pdb	0	19.062	56.721
complex.429.pdb	0	20.792	42.353
complex.430.pdb	0	16.163	63.235
complex.431.pdb	0	19.256	63.569
complex.432.pdb	0	16.933	61.303
complex.433.pdb	0	18.123	75.266
complex.434.pdb	0	21.217	62.214
complex.435.pdb	0.0070922	15.041	58.173
complex.436.pdb	0	23.198	71.942
complex.437.pdb	0.177305	5.783	17.340
complex.438.pdb	0	19.234	73.141
complex.439.pdb	0	19.188	69.638
complex.440.pdb	0.035461	19.303	73.177
complex.441.pdb	0	34.317	76.296
complex.442.pdb	0	16.527	72.494
complex.443.pdb	0	14.214	32.740
complex.444.pdb	0	14.136	58.271
complex.445.pdb	0	20.597	73.237
complex.446.pdb	0	19.594	68.769
complex.447.pdb	0.0070922	12.494	59.352
complex.448.pdb	0.0141844	21.360	61.424
complex.449.pdb	0.0070922	17.684	51.180
complex.450.pdb	0	20.138	60.095
complex.451.pdb	0	37.836	86.019
complex.452.pdb	0	16.709	58.115
complex.453.pdb	0	31.625	59.068
complex.454.pdb	0	20.003	69.051
complex.455.pdb	0.0283688	19.367	63.845
complex.456.pdb	0	24.711	77.728
complex.457.pdb	0	14.871	38.581
complex.458.pdb	0.0141844	18.681	79.902
complex.459.pdb	0	16.354	42.475
complex.460.pdb	0	29.826	66.151
complex.461.pdb	0	17.358	73.454
complex.462.pdb	0.0141844	19.444	52.584
complex.463.pdb	0.0141844	25.393	68.843
complex.464.pdb	0	18.671	60.439
complex.465.pdb	0.0212766	20.012	58.074
complex.466.pdb	0.0141844	17.284	63.183
complex.467.pdb	0	16.404	71.013
complex.468.pdb	0	12.410	43.926
complex.469.pdb	0.0070922	20.297	76.260
complex.470.pdb	0	20.012	51.128
complex.471.pdb	0.0212766	23.152	56.315
complex.472.pdb	0	20.551	73.609
complex.473.pdb	0.0283688	25.412	74.782
complex.474.pdb	0	18.973	43.528
complex.475.pdb	0	17.825	74.981
complex.476.pdb	0.0070922	18.073	53.859
complex.477.pdb	0	17.430	47.199
complex.478.pdb	0	16.030	54.563
complex.479.pdb	0.0070922	15.048	58.372
complex.480.pdb	0.0070922	13.553	49.429
complex.481.pdb	0	36.827	82.879
complex.482.pdb	0	31.894	68.416
complex.483.pdb	0.0638298	12.607	38.340
complex.484.pdb	0	32.537	79.000
complex.485.pdb	0.0070922	21.953	62.188
complex.486.pdb	0	16.281	42.167
complex.487.pdb	0.0070922	20.532	74.630
complex.488.pdb	0.0141844	13.592	40.120
complex.489.pdb	0.0070922	20.609	48.857
complex.490.pdb	0	25.612	75.786
complex.491.pdb	0	24.463	61.582
complex.492.pdb	0	20.286	70.025
complex.493.pdb	0.0141844	15.726	49.773
complex.494.pdb	0	20.743	67.256
complex.495.pdb	0.0070922	19.505	46.892
complex.496.pdb	0	24.821	64.688
complex.497.pdb	0	19.021	53.698
complex.498.pdb	0	30.920	70.176
complex.499.pdb	0	22.914	61.509
complex.500.pdb	0.0070922	22.427	52.721
complex.501.pdb	0.0141844	20.050	64.659
complex.502.pdb	0.0212766	18.762	54.403
complex.503.pdb	0.0212766	21.449	77.449
complex.504.pdb	0	16.975	65.600
complex.505.pdb	0	15.128	67.077
complex.506.pdb	0.269504	5.159	17.084
complex.507.pdb	0	33.284	72.194
complex.508.pdb	0	24.404	65.715
complex.509.pdb	0.0070922	14.210	53.926
complex.510.pdb	0	24.486	78.437
complex.511.pdb	0	24.628	74.815
complex.512.pdb	0	19.602	70.128
complex.513.pdb	0	21.648	62.305
complex.514.pdb	0	26.832	50.365
complex.515.pdb	0	20.567	56.185
complex.516.pdb	0.0638298	17.012	50.042
complex.517.pdb	0	17.377	63.468
complex.518.pdb	0	32.413	72.946
complex.519.pdb	0	19.878	70.305
complex.520.pdb	0	17.864	70.980
complex.521.pdb	0	17.409	38.543
complex.522.pdb	0	19.279	77.820
complex.523.pdb	0	15.646	71.839
complex.524.pdb	0	19.148	65.127
complex.525.pdb	0	21.065	68.152
complex.526.pdb	0.0638298	17.760	55.604
complex.527.pdb	0.0212766	26.189	70.529
complex.528.pdb	0.0141844	22.225	59.675
complex.529.pdb	0	20.456	43.836
complex.530.pdb	0	18.133	68.025
complex.531.pdb	0	22.861	76.678
complex.532.pdb	0	21.910	69.332
complex.533.pdb	0	23.011	78.278
complex.534.pdb	0	19.401	66.988
complex.535.pdb	0	20.044	83.024
complex.536.pdb	0.0496454	15.328	47.173
complex.537.pdb	0	14.430	62.597
complex.538.pdb	0	24.219	69.253
complex.539.pdb	0.0212766	13.186	38.681
complex.540.pdb	0	19.361	71.776
complex.541.pdb	0	33.407	78.662
complex.542.pdb	0	12.697	45.188
complex.543.pdb	0	17.969	47.449
complex.544.pdb	0	16.549	59.046
complex.545.pdb	0	19.959	74.302
complex.546.pdb	0	22.841	62.260
complex.547.pdb	0	18.627	58.324
complex.548.pdb	0	19.273	68.496
complex.549.pdb	0	14.302	62.610
complex.550.pdb	0	33.796	66.419
complex.551.pdb	0	20.485	78.180
complex.552.pdb	0	18.727	69.138
complex.553.pdb	0.0212766	21.197	61.746
complex.554.pdb	0	21.412	57.900
complex.555.pdb	0.0070922	14.999	53.103
complex.556.pdb	0.0283688	16.773	48.499
complex.557.pdb	0	15.122	67.232
complex.558.pdb	0	18.092	68.299
complex.559.pdb	0	20.688	66.416
complex.560.pdb	0.0567376	8.414	32.442
complex.561.pdb	0.0425532	25.468	67.699
complex.562.pdb	0	21.353	50.448
complex.563.pdb	0	33.937	83.481
complex.564.pdb	0	18.163	69.253
complex.565.pdb	0	23.634	66.571
complex.566.pdb	0	17.293	47.411
complex.567.pdb	0	26.618	78.279
complex.568.pdb	0	19.935	76.495
complex.569.pdb	0	16.481	62.157
complex.570.pdb	0	37.024	82.332
complex.571.pdb	0	15.888	54.336
complex.572.pdb	0.0212766	24.247	77.324
complex.573.pdb	0	15.720	55.688
complex.574.pdb	0.035461	25.222	70.695
complex.575.pdb	0	16.722	69.428
complex.576.pdb	0	31.152	83.922
complex.577.pdb	0.035461	21.635	65.087
complex.578.pdb	0	19.030	73.618
complex.579.pdb	0	20.667	71.396
complex.580.pdb	0.0141844	12.762	47.162
complex.581.pdb	0	22.402	77.458
complex.582.pdb	0	14.267	53.477
complex.583.pdb	0	33.812	84.023
complex.584.pdb	0	18.313	66.182
complex.585.pdb	0	21.065	71.918
complex.586.pdb	0	21.791	46.831
complex.587.pdb	0	20.693	78.063
complex.588.pdb	0	19.557	67.523
complex.589.pdb	0	25.462	68.489
complex.590.pdb	0	21.393	71.476
complex.591.pdb	0	18.656	56.652
complex.592.pdb	0.0283688	21.037	56.600
complex.593.pdb	0	21.619	69.357
complex.594.pdb	0	27.141	73.015
complex.595.pdb	0.0283688	20.936	64.201
complex.596.pdb	0	21.441	68.601
complex.597.pdb	0.0425532	20.583	70.898
complex.598.pdb	0	22.195	67.687
complex.599.pdb	0	24.237	85.021
complex.600.pdb	0	21.385	68.462
complex.601.pdb	0	29.986	65.295
complex.602.pdb	0	17.146	67.252
complex.603.pdb	0	21.186	59.125
complex.604.pdb	0	25.652	68.935
complex.605.pdb	0.0283688	17.972	64.659
complex.606.pdb	0	11.686	51.850
complex.607.pdb	0	14.828	53.221
complex.608.pdb	0	15.779	60.755
complex.609.pdb	0	18.935	66.346
complex.610.pdb	0.0070922	17.851	70.130
complex.611.pdb	0	37.747	87.426
complex.612.pdb	0	14.165	54.727
complex.613.pdb	0	20.781	42.442
complex.614.pdb	0	15.993	61.250
complex.615.pdb	0.0070922	15.444	65.830
complex.616.pdb	0	14.628	37.754
complex.617.pdb	0	20.536	62.278
complex.618.pdb	0	21.441	46.192
complex.619.pdb	0	15.503	67.053
complex.620.pdb	0	22.740	66.859
complex.621.pdb	0.0141844	14.296	33.888
complex.622.pdb	0	21.612	79.297
complex.623.pdb	0	22.177	66.252
complex.624.pdb	0	22.551	70.022
complex.625.pdb	0	19.778	67.562
complex.626.pdb	0	19.319	67.935
complex.627.pdb	0	14.115	59.577
complex.628.pdb	0	33.425	75.192
complex.629.pdb	0	19.324	61.944
complex.630.pdb	0	31.741	72.581
complex.631.pdb	0	24.208	79.017
complex.632.pdb	0.255319	4.267	9.870
complex.633.pdb	0.0070922	16.691	54.046
complex.634.pdb	0	14.548	56.989
complex.635.pdb	0	22.055	82.979
complex.636.pdb	0	32.801	69.650
complex.637.pdb	0	18.744	50.261
complex.638.pdb	0	19.194	59.559
complex.639.pdb	0	19.576	71.021
complex.640.pdb	0	28.740	66.760
complex.641.pdb	0	18.216	56.369
complex.642.pdb	0	20.536	43.237
complex.643.pdb	0	17.285	47.106
complex.644.pdb	0	19.433	66.780
complex.645.pdb	0	15.834	69.644
complex.646.pdb	0.0070922	13.269	54.960
complex.647.pdb	0	21.198	77.121
complex.648.pdb	0.0070922	15.299	69.686
complex.649.pdb	0	19.986	51.248
complex.650.pdb	0	21.297	44.552
complex.651.pdb	0	31.720	84.838
complex.652.pdb	0	21.604	49.501
complex.653.pdb	0	21.056	70.716
complex.654.pdb	0.0070922	19.855	70.742
complex.655.pdb	0	16.387	50.405
complex.656.pdb	0	22.502	82.158
complex.657.pdb	0	18.157	75.308
complex.658.pdb	0.0212766	22.115	65.370
complex.659.pdb	0	21.881	75.568
complex.660.pdb	0	31.114	75.025
complex.661.pdb	0	19.071	71.442
complex.662.pdb	0.283688	5.155	13.323
complex.663.pdb	0	18.980	72.424
complex.664.pdb	0	12.809	57.709
complex.665.pdb	0.0283688	20.520	58.061
complex.666.pdb	0	19.721	75.070
complex.667.pdb	0	18.799	64.252
complex.668.pdb	0	20.545	59.589
complex.669.pdb	0	21.507	73.331
complex.670.pdb	0.0212766	18.510	67.582
complex.671.pdb	0	18.436	52.665
complex.672.pdb	0	19.416	63.345
complex.673.pdb	0	20.886	65.395
complex.674.pdb	0.035461	24.658	66.436
complex.675.pdb	0.0567376	13.931	51.402
complex.676.pdb	0.0070922	20.837	73.691
complex.677.pdb	0.0070922	19.971	56.851
complex.678.pdb	0	15.018	66.999
complex.679.pdb	0	18.477	77.278
complex.680.pdb	0	20.552	79.060
complex.681.pdb	0	22.244	67.253
complex.682.pdb	0.0070922	17.179	63.202
complex.683.pdb	0	17.292	67.656
complex.684.pdb	0	15.611	44.063
complex.685.pdb	0	15.945	44.246
complex.686.pdb	0	26.540	86.291
complex.687.pdb	0	22.608	57.246
complex.688.pdb	0	34.646	69.664
complex.689.pdb	0	23.626	60.692
complex.690.pdb	0	15.189	65.477
complex.691.pdb	0.0070922	18.543	71.336
complex.692.pdb	0	18.580	38.578
complex.693.pdb	0.0212766	26.746	78.367
complex.694.pdb	0	21.729	66.479
complex.695.pdb	0	24.341	70.156
complex.696.pdb	0	13.634	42.277
complex.697.pdb	0.0070922	18.500	66.283
complex.698.pdb	0	32.399	87.413
complex.699.pdb	0.0141844	17.325	58.755
complex.700.pdb	0	11.667	35.410
complex.701.pdb	0	26.608	88.633
complex.702.pdb	0	35.849	83.117
complex.703.pdb	0	12.099	52.771
complex.704.pdb	0	20.935	48.604
complex.705.pdb	0.0212766	20.195	50.811
complex.706.pdb	0	14.711	52.768
complex.707.pdb	0	26.540	80.730
complex.708.pdb	0	19.037	67.368
complex.709.pdb	0	21.928	67.342
complex.710.pdb	0	18.500	50.634
complex.711.pdb	0	20.868	69.038
complex.712.pdb	0	9.809	33.013
complex.713.pdb	0.0141844	20.122	66.873
complex.714.pdb	0	29.708	50.989
complex.715.pdb	0.0212766	20.318	69.682
complex.716.pdb	0	20.032	77.981
complex.717.pdb	0.0425532	14.283	39.855
complex.718.pdb	0	37.404	81.795
complex.719.pdb	0	24.526	63.537
complex.720.pdb	0.0141844	20.410	49.235
complex.721.pdb	0	20.268	65.199
complex.722.pdb	0	14.178	51.881
complex.723.pdb	0	25.536	84.556
complex.724.pdb	0	25.150	57.637
complex.725.pdb	0	19.450	79.917
complex.726.pdb	0.0070922	13.506	32.651
complex.727.pdb	0	19.231	69.059
complex.728.pdb	0	22.397	78.053
complex.729.pdb	0	17.538	58.494
complex.730.pdb	0	22.446	79.643
complex.731.pdb	0	14.368	38.981
complex.732.pdb	0	20.481	38.225
complex.733.pdb	0	18.070	62.815
complex.734.pdb	0	21.068	50.743
complex.735.pdb	0	19.115	69.597
complex.736.pdb	0	18.317	53.601
complex.737.pdb	0	19.854	72.055
complex.738.pdb	0.0070922	19.471	69.002
complex.739.pdb	0	23.841	64.409
complex.740.pdb	0	28.366	69.369
complex.741.pdb	0	24.856	78.484
complex.742.pdb	0	18.224	61.105
complex.743.pdb	0	25.484	78.600
complex.744.pdb	0	14.008	61.934
complex.745.pdb	0.0141844	21.706	55.277
complex.746.pdb	0	33.023	75.446
complex.747.pdb	0.0070922	16.643	78.041
complex.748.pdb	0	22.439	66.886
complex.749.pdb	0	20.057	58.914
complex.750.pdb	0.0070922	19.396	41.197
complex.751.pdb	0	17.150	62.305
complex.752.pdb	0	14.721	52.395
complex.753.pdb	0	34.733	78.318
complex.754.pdb	0	20.692	60.224
complex.755.pdb	0	11.654	51.565
complex.756.pdb	0	19.004	64.530
complex.757.pdb	0.0070922	20.748	70.162
complex.758.pdb	0.0283688	13.807	53.093
complex.759.pdb	0	30.704	55.165
complex.760.pdb	0	16.444	66.325
complex.761.pdb	0	15.928	62.476
complex.762.pdb	0.134752	9.509	39.995
complex.763.pdb	0.0283688	21.010	63.215
complex.764.pdb	0.0141844	17.472	50.978
complex.765.pdb	0.0212766	8.879	32.617
complex.766.pdb	0	22.695	73.436
complex.767.pdb	0	22.663	72.868
complex.768.pdb	0	18.591	65.990
complex.769.pdb	0	19.046	45.619
complex.770.pdb	0.212766	4.465	16.785
complex.771.pdb	0.035461	7.956	28.367
complex.772.pdb	0	21.189	78.099
complex.773.pdb	0	16.620	39.854
complex.774.pdb	0	26.334	74.005
complex.775.pdb	0	20.542	44.395
complex.776.pdb	0.0070922	12.915	60.056
complex.777.pdb	0.070922	5.641	21.967
complex.778.pdb	0	15.875	59.031
complex.779.pdb	0.0070922	17.776	42.654
complex.780.pdb	0	35.632	58.591
complex.781.pdb	0	19.680	68.612
complex.782.pdb	0	24.328	66.555
complex.783.pdb	0	19.076	41.623
complex.784.pdb	0	17.261	50.554
complex.785.pdb	0	21.118	55.152
complex.786.pdb	0	22.122	53.044
complex.787.pdb	0	34.024	71.873
complex.788.pdb	0	20.970	45.199
complex.789.pdb	0	19.912	64.818
complex.790.pdb	0	19.378	56.561
complex.791.pdb	0.0070922	17.004	50.100
complex.792.pdb	0	31.834	80.147
complex.793.pdb	0.0212766	12.113	43.696
complex.794.pdb	0	19.349	42.687
complex.795.pdb	0	19.332	67.256
complex.796.pdb	0	19.547	55.401
complex.797.pdb	0.0141844	16.310	61.185
complex.798.pdb	0	37.177	81.313
complex.799.pdb	0	17.490	56.225
complex.800.pdb	0.0141844	19.287	47.437
complex.801.pdb	0	25.027	64.829
complex.802.pdb	0	20.648	78.879
complex.803.pdb	0.0070922	17.047	54.233
complex.804.pdb	0	21.276	66.352
complex.805.pdb	0	20.340	54.339
complex.806.pdb	0	21.180	76.940
complex.807.pdb	0	16.714	57.325
complex.808.pdb	0	19.130	63.311
complex.809.pdb	0	29.218	86.390
complex.810.pdb	0	31.780	78.068
complex.811.pdb	0.0780142	7.451	35.007
complex.812.pdb	0	15.028	69.549
complex.813.pdb	0	24.851	77.942
complex.814.pdb	0	24.718	66.762
complex.815.pdb	0.0070922	15.914	58.465
complex.816.pdb	0.0141844	17.770	43.399
complex.817.pdb	0	19.999	75.659
complex.818.pdb	0.0425532	19.265	59.348
complex.819.pdb	0	18.797	65.318
complex.820.pdb	0	22.799	61.410
complex.821.pdb	0	20.223	72.041
complex.822.pdb	0	26.955	81.272
complex.823.pdb	0	21.181	76.060
complex.824.pdb	0.0070922	21.493	51.573
complex.825.pdb	0	24.059	64.531
complex.826.pdb	0.0070922	19.480	54.312
complex.827.pdb	0	18.538	43.225
complex.828.pdb	0	13.724	50.158
complex.829.pdb	0.113475	8.172	18.330
complex.830.pdb	0	18.280	63.588
complex.831.pdb	0	21.124	45.210
complex.832.pdb	0	26.101	80.559
complex.833.pdb	0	18.897	71.333
complex.834.pdb	0	21.786	36.926
complex.835.pdb	0	14.496	62.812
complex.836.pdb	0	19.160	59.816
complex.837.pdb	0	33.369	70.075
complex.838.pdb	0	18.384	39.854
complex.839.pdb	0	15.268	74.004
complex.840.pdb	0	33.012	66.125
complex.841.pdb	0	24.307	88.726
complex.842.pdb	0	22.104	67.547
complex.843.pdb	0	21.271	43.634
complex.844.pdb	0.0212766	16.117	43.222
complex.845.pdb	0	23.484	59.336
complex.846.pdb	0.0070922	29.303	65.667
complex.847.pdb	0	22.384	61.991
complex.848.pdb	0	21.152	55.688
complex.849.pdb	0	33.133	78.564
complex.850.pdb	0	30.050	68.373
complex.851.pdb	0	26.308	62.239
complex.852.pdb	0	17.795	49.207
complex.853.pdb	0	38.440	84.987
complex.854.pdb	0	23.812	74.172
complex.855.pdb	0.035461	13.435	53.506
complex.856.pdb	0	18.617	66.652
complex.857.pdb	0	30.634	74.771
complex.858.pdb	0	19.741	64.013
complex.859.pdb	0.0212766	26.214	78.160
complex.860.pdb	0	33.113	51.470
complex.861.pdb	0	14.193	64.090
complex.862.pdb	0	25.002	74.966
complex.863.pdb	0	13.438	44.278
complex.864.pdb	0	28.248	75.263
complex.865.pdb	0	23.786	52.013
complex.866.pdb	0.0141844	9.697	28.241
complex.867.pdb	0	14.303	65.838
complex.868.pdb	0	22.967	80.723
complex.869.pdb	0	34.216	70.443
complex.870.pdb	0	24.260	71.950
complex.871.pdb	0	16.132	57.634
complex.872.pdb	0	28.649	60.728
complex.873.pdb	0	14.066	51.445
complex.874.pdb	0	17.428	60.190
complex.875.pdb	0.0070922	11.364	39.113
complex.876.pdb	0	26.418	65.035
complex.877.pdb	0	31.268	76.880
complex.878.pdb	0.0141844	26.240	60.652
complex.879.pdb	0	25.866	70.491
complex.880.pdb	0	12.781	53.719
complex.881.pdb	0	30.307	72.450
complex.882.pdb	0	15.297	53.028
complex.883.pdb	0	15.378	31.633
complex.884.pdb	0.0070922	19.293	49.220
complex.885.pdb	0.0567376	24.174	69.924
complex.886.pdb	0.0070922	13.624	52.115
complex.887.pdb	0.0070922	18.367	46.970
complex.888.pdb	0	18.164	53.360
complex.889.pdb	0	14.586	49.041
complex.890.pdb	0	23.901	79.550
complex.891.pdb	0	32.451	83.744
complex.892.pdb	0.219858	5.680	20.810
complex.893.pdb	0	24.388	79.069
complex.894.pdb	0	22.097	73.515
complex.895.pdb	0	16.622	63.958
complex.896.pdb	0	22.274	81.992
complex.897.pdb	0	17.371	72.151
complex.898.pdb	0	15.753	31.721
complex.899.pdb	0	20.412	61.838
complex.900.pdb	0	22.482	77.487
complex.901.pdb	0	17.945	68.113
complex.902.pdb	0	13.820	66.718
complex.903.pdb	0.0070922	17.177	65.811
complex.904.pdb	0	21.022	77.182
complex.905.pdb	0.113475	5.513	18.934
complex.906.pdb	0.22695	6.439	20.487
complex.907.pdb	0	21.438	81.427
complex.908.pdb	0	23.172	55.092
complex.909.pdb	0.0425532	19.962	57.178
complex.910.pdb	0	11.399	56.837
complex.911.pdb	0	31.541	75.688
complex.912.pdb	0	16.603	68.929
complex.913.pdb	0.0070922	18.501	72.916
complex.914.pdb	0	19.975	56.840
complex.915.pdb	0	21.978	87.774
complex.916.pdb	0	14.604	61.452
complex.917.pdb	0	15.849	44.359
complex.918.pdb	0	19.829	41.771
complex.919.pdb	0	24.050	68.181
complex.920.pdb	0	16.917	69.238
complex.921.pdb	0.0070922	13.788	62.117
complex.922.pdb	0.0496454	11.505	46.652
complex.923.pdb	0	19.982	80.308
complex.924.pdb	0	20.603	47.543
complex.925.pdb	0	27.720	71.830
complex.926.pdb	0	22.526	82.330
complex.927.pdb	0	19.540	66.741
complex.928.pdb	0.035461	10.056	37.347
complex.929.pdb	0	17.913	68.515
complex.930.pdb	0	16.016	49.859
complex.931.pdb	0	23.948	79.676
complex.932.pdb	0	30.302	55.595
complex.933.pdb	0	35.535	61.261
complex.934.pdb	0.0212766	19.424	57.420
complex.935.pdb	0.0141844	17.291	47.411
complex.936.pdb	0	16.134	47.820
complex.937.pdb	0	22.761	62.874
complex.938.pdb	0	34.426	81.838
complex.939.pdb	0.0141844	14.523	49.548
complex.940.pdb	0	20.000	41.283
complex.941.pdb	0	23.149	73.540
complex.942.pdb	0	19.805	72.340
complex.943.pdb	0	18.057	62.310
complex.944.pdb	0	15.149	69.627
complex.945.pdb	0.0638298	13.490	38.332
complex.946.pdb	0	25.024	73.917
complex.947.pdb	0.0070922	20.416	61.342
complex.948.pdb	0	14.108	58.635
complex.949.pdb	0	30.134	54.902
complex.950.pdb	0	26.159	60.559
complex.951.pdb	0	34.516	78.053
complex.952.pdb	0	32.858	83.636
complex.953.pdb	0	22.572	79.181
complex.954.pdb	0	32.992	79.115
complex.955.pdb	0	28.701	61.105
complex.956.pdb	0	20.022	77.924
complex.957.pdb	0.0070922	11.246	45.826
complex.958.pdb	0	20.826	53.440
complex.959.pdb	0.0496454	13.950	49.790
complex.960.pdb	0	31.013	74.012
complex.961.pdb	0	26.900	75.388
complex.962.pdb	0	25.093	75.131
complex.963.pdb	0	15.453	49.295
complex.964.pdb	0	24.313	54.944
complex.965.pdb	0	35.701	77.233
complex.966.pdb	0	22.607	86.050
complex.967.pdb	0	21.859	79.157
complex.968.pdb	0	17.748	45.035
complex.969.pdb	0	32.799	71.368
complex.970.pdb	0	13.721	54.312
complex.971.pdb	0	24.169	70.035
complex.972.pdb	0.0212766	20.936	65.887
complex.973.pdb	0	14.779	63.850
complex.974.pdb	0	26.554	65.915
complex.975.pdb	0	28.683	82.267
complex.976.pdb	0	20.192	63.119
complex.977.pdb	0.0283688	18.873	72.769
complex.978.pdb	0	26.094	63.818
complex.979.pdb	0	11.646	47.106
complex.980.pdb	0.0212766	21.989	56.617
complex.981.pdb	0	31.017	73.627
complex.982.pdb	0	37.748	81.916
complex.983.pdb	0	16.334	57.311
complex.984.pdb	0	22.538	60.569
complex.985.pdb	0.0496454	15.252	47.285
complex.986.pdb	0.0212766	23.690	64.114
complex.987.pdb	0	21.883	71.461
complex.988.pdb	0	15.787	52.950
complex.989.pdb	0	24.870	80.611
complex.990.pdb	0	16.334	39.173
complex.991.pdb	0.0070922	14.268	42.673
complex.992.pdb	0.0141844	16.228	65.057
complex.993.pdb	0.0567376	20.081	71.702
complex.994.pdb	0	15.475	55.428
complex.995.pdb	0.212766	7.107	18.091
complex.996.pdb	0.0070922	21.524	66.266
complex.997.pdb	0	19.444	67.373
complex.998.pdb	0	38.267	85.383
complex.999.pdb	0	26.078	86.420
complex.1000.pdb	0	27.867	57.063
complex.1001.pdb	0	18.005	53.038
complex.1002.pdb	0	23.120	57.560
complex.1003.pdb	0	20.536	58.530
complex.1004.pdb	0	16.856	62.593
complex.1005.pdb	0	25.795	81.019
complex.1006.pdb	0.0212766	14.981	49.866
complex.1007.pdb	0	19.979	76.297
complex.1008.pdb	0	33.743	69.877
complex.1009.pdb	0	38.621	87.082
complex.1010.pdb	0.0921986	11.811	31.049
complex.1011.pdb	0	20.117	74.271
complex.1012.pdb	0	20.484	73.981
complex.1013.pdb	0	16.497	70.568
complex.1014.pdb	0	18.289	78.285
complex.1015.pdb	0	27.820	83.209
complex.1016.pdb	0	29.361	69.343
complex.1017.pdb	0	18.092	56.427
complex.1018.pdb	0.0070922	21.415	57.419
complex.1019.pdb	0	29.294	82.995
complex.1020.pdb	0	23.642	68.975
complex.1021.pdb	0	18.054	75.006
complex.1022.pdb	0	13.885	40.696
complex.1023.pdb	0	30.363	50.422
complex.1024.pdb	0	24.739	65.809
complex.1025.pdb	0.0141844	17.166	58.059
complex.1026.pdb	0	27.817	78.408
complex.1027.pdb	0	21.867	85.067
complex.1028.pdb	0	38.449	88.852
complex.1029.pdb	0	17.848	50.617
complex.1030.pdb	0.0567376	15.996	51.833
complex.1031.pdb	0	11.118	42.914
complex.1032.pdb	0	22.522	71.684
complex.1033.pdb	0	29.267	66.482
complex.1034.pdb	0.0992908	6.415	26.815
complex.1035.pdb	0	19.225	66.424
complex.1036.pdb	0	19.127	42.063
complex.1037.pdb	0	30.850	85.139
complex.1038.pdb	0	22.832	82.896
complex.1039.pdb	0	22.217	76.716
complex.1040.pdb	0	20.502	82.032
complex.1041.pdb	0.035461	18.916	61.578
complex.1042.pdb	0	21.525	77.301
complex.1043.pdb	0.0070922	21.519	56.904
complex.1044.pdb	0	25.170	76.198
complex.1045.pdb	0	18.083	45.751
complex.1046.pdb	0.0070922	12.598	33.143
complex.1047.pdb	0	15.451	40.127
complex.1048.pdb	0	18.769	76.357
complex.1049.pdb	0	33.609	85.329
complex.1050.pdb	0	31.343	77.519
complex.1051.pdb	0	29.460	62.998
complex.1052.pdb	0	12.104	32.673
complex.1053.pdb	0	27.008	74.576
complex.1054.pdb	0	23.237	53.000
complex.1055.pdb	0	19.515	56.399
complex.1056.pdb	0	29.011	72.758
complex.1057.pdb	0	15.718	41.629
complex.1058.pdb	0	25.736	78.916
complex.1059.pdb	0	33.605	51.484
complex.1060.pdb	0.0141844	22.098	58.623
complex.1061.pdb	0	21.413	46.158
complex.1062.pdb	0	22.028	70.573
complex.1063.pdb	0.0070922	28.904	57.335
complex.1064.pdb	0	14.278	58.928
complex.1065.pdb	0.12766	5.451	18.712
complex.1066.pdb	0	21.384	56.423
complex.1067.pdb	0	23.975	54.291
complex.1068.pdb	0	34.309	77.032
complex.1069.pdb	0	21.528	80.862
complex.1070.pdb	0	14.099	65.468
complex.1071.pdb	0	18.618	80.666
complex.1072.pdb	0	26.026	75.915
complex.1073.pdb	0	26.394	75.340
complex.1074.pdb	0	21.734	75.391
complex.1075.pdb	0	30.572	56.989
complex.1076.pdb	0	26.786	67.872
complex.1077.pdb	0.0070922	13.516	52.496
complex.1078.pdb	0	19.762	73.554
complex.1079.pdb	0	16.740	67.015
complex.1080.pdb	0	19.682	44.979
complex.1081.pdb	0	32.140	61.395
complex.1082.pdb	0.0141844	17.927	52.074
complex.1083.pdb	0	17.650	54.262
complex.1084.pdb	0.0141844	21.232	63.107
complex.1085.pdb	0	37.027	79.536
complex.1086.pdb	0	16.163	54.304
complex.1087.pdb	0	23.019	84.281
complex.1088.pdb	0	16.150	54.489
complex.1089.pdb	0	19.439	66.691
complex.1090.pdb	0	21.541	78.589
complex.1091.pdb	0	22.956	49.798
complex.1092.pdb	0.0212766	16.268	41.675
complex.1093.pdb	0	22.280	78.267
complex.1094.pdb	0	15.884	74.480
complex.1095.pdb	0	33.071	69.990
complex.1096.pdb	0	20.187	47.601
complex.1097.pdb	0	33.321	62.180
complex.1098.pdb	0	13.491	62.294
complex.1099.pdb	0.0141844	14.275	45.943
complex.1100.pdb	0.0070922	20.201	42.689
complex.1101.pdb	0	15.421	53.189
complex.1102.pdb	0	9.166	38.165
complex.1103.pdb	0	17.781	65.004
complex.1104.pdb	0	36.330	74.690
complex.1105.pdb	0	25.609	68.019
complex.1106.pdb	0	17.627	64.943
complex.1107.pdb	0	25.674	75.341
complex.1108.pdb	0	31.536	56.335
complex.1109.pdb	0	22.290	70.302
complex.1110.pdb	0	19.563	65.614
complex.1111.pdb	0	15.356	35.175
complex.1112.pdb	0	21.642	60.328
complex.1113.pdb	0	32.767	83.217
complex.1114.pdb	0	32.959	52.995
complex.1115.pdb	0	22.501	51.803
complex.1116.pdb	0	37.250	86.221
complex.1117.pdb	0	32.234	79.176
complex.1118.pdb	0	24.601	80.152
complex.1119.pdb	0	17.456	61.992
complex.1120.pdb	0	21.606	78.893
complex.1121.pdb	0	15.961	36.247
complex.1122.pdb	0	28.615	72.619
complex.1123.pdb	0.0496454	13.977	28.677
complex.1124.pdb	0	27.902	66.892
complex.1125.pdb	0.0070922	16.170	77.063
complex.1126.pdb	0	33.213	69.666
complex.1127.pdb	0	28.774	89.315
complex.1128.pdb	0	32.491	75.741
complex.1129.pdb	0.0070922	19.438	75.925
complex.1130.pdb	0	33.688	68.347
complex.1131.pdb	0	19.639	46.029
complex.1132.pdb	0.0212766	18.901	50.374
complex.1133.pdb	0	19.370	68.245
complex.1134.pdb	0	21.014	68.185
complex.1135.pdb	0	20.325	58.126
complex.1136.pdb	0	20.488	66.240
complex.1137.pdb	0	23.683	74.097
complex.1138.pdb	0	18.218	59.074
complex.1139.pdb	0.0141844	14.116	52.766
complex.1140.pdb	0	22.949	66.299
complex.1141.pdb	0	16.799	46.988
complex.1142.pdb	0	14.953	56.613
complex.1143.pdb	0	21.797	79.526
complex.1144.pdb	0	13.248	40.291
complex.1145.pdb	0	22.659	80.803
complex.1146.pdb	0	35.456	59.587
complex.1147.pdb	0	29.715	56.794
complex.1148.pdb	0	32.589	75.766
complex.1149.pdb	0	11.089	35.030
complex.1150.pdb	0	21.705	64.126
complex.1151.pdb	0	22.637	66.139
complex.1152.pdb	0	26.652	88.736
complex.1153.pdb	0	22.256	77.838
complex.1154.pdb	0	16.785	58.466
complex.1155.pdb	0.0070922	20.045	53.099
complex.1156.pdb	0.0070922	16.769	42.030
complex.1157.pdb	0	30.837	68.398
complex.1158.pdb	0	24.092	77.330
complex.1159.pdb	0	18.969	46.727
complex.1160.pdb	0	28.399	78.464
complex.1161.pdb	0	30.566	83.975
complex.1162.pdb	0.0141844	24.048	80.860
complex.1163.pdb	0.0070922	25.865	73.727
complex.1164.pdb	0	12.872	45.829
complex.1165.pdb	0	19.405	70.437
complex.1166.pdb	0	22.120	71.620
complex.1167.pdb	0.0425532	19.356	67.687
complex.1168.pdb	0	34.111	71.245
complex.1169.pdb	0.0425532	13.778	45.906
complex.1170.pdb	0	21.795	85.142
complex.1171.pdb	0.0070922	21.674	66.591
complex.1172.pdb	0	31.927	84.782
complex.1173.pdb	0	29.051	69.617
complex.1174.pdb	0	28.764	50.150
complex.1175.pdb	0	15.975	47.280
complex.1176.pdb	0	16.650	60.440
complex.1177.pdb	0	18.872	71.031
complex.1178.pdb	0	18.933	39.054
complex.1179.pdb	0	32.456	60.609
complex.1180.pdb	0	25.654	63.572
complex.1181.pdb	0	26.132	79.959
complex.1182.pdb	0	14.874	45.648
complex.1183.pdb	0	30.663	60.592
complex.1184.pdb	0	23.203	67.029
complex.1185.pdb	0.0851064	7.586	29.811
complex.1186.pdb	0	11.008	45.049
complex.1187.pdb	0	12.232	50.284
complex.1188.pdb	0	22.288	36.211
complex.1189.pdb	0.0283688	22.172	70.789
complex.1190.pdb	0	14.715	52.882
complex.1191.pdb	0	14.752	56.971
complex.1192.pdb	0.070922	14.095	36.946
complex.1193.pdb	0	20.644	74.193
complex.1194.pdb	0	29.468	87.094
complex.1195.pdb	0.035461	20.129	66.662
complex.1196.pdb	0	23.347	88.964
complex.1197.pdb	0	21.368	75.848
complex.1198.pdb	0	23.895	79.472
complex.1199.pdb	0.035461	19.922	69.970
complex.1200.pdb	0.0070922	22.572	78.378
complex.1201.pdb	0	21.420	43.951
complex.1202.pdb	0	28.710	87.634
complex.1203.pdb	0	30.767	75.791
complex.1204.pdb	0	22.681	58.511
complex.1205.pdb	0	20.402	74.420
complex.1206.pdb	0	18.399	67.557
complex.1207.pdb	0	30.114	56.962
complex.1208.pdb	0	33.949	73.591
complex.1209.pdb	0	22.555	60.279
complex.1210.pdb	0	24.692	75.049
complex.1211.pdb	0	18.431	69.550
complex.1212.pdb	0	20.224	76.984
complex.1213.pdb	0.12766	9.285	20.106
complex.1214.pdb	0	19.030	51.335
complex.1215.pdb	0.0070922	25.390	45.465
complex.1216.pdb	0	29.362	68.260
complex.1217.pdb	0	32.215	82.209
complex.1218.pdb	0	19.025	42.523
complex.1219.pdb	0	19.951	66.271
complex.1220.pdb	0.0070922	10.819	37.292
complex.1221.pdb	0	24.291	56.610
complex.1222.pdb	0	32.732	56.796
complex.1223.pdb	0.0070922	26.604	51.287
complex.1224.pdb	0	14.374	59.739
complex.1225.pdb	0	28.497	70.421
complex.1226.pdb	0	37.486	84.481
complex.1227.pdb	0	20.882	42.587
complex.1228.pdb	0	21.083	57.238
complex.1229.pdb	0	30.919	67.009
complex.1230.pdb	0	26.432	65.957
complex.1231.pdb	0	19.159	62.736
complex.1232.pdb	0	16.278	49.046
complex.1233.pdb	0.0283688	20.015	60.952
complex.1234.pdb	0	29.795	49.207
complex.1235.pdb	0	29.306	67.503
complex.1236.pdb	0	33.174	79.983
complex.1237.pdb	0	35.767	83.101
complex.1238.pdb	0	30.638	65.763
complex.1239.pdb	0.0141844	20.781	72.065
complex.1240.pdb	0	29.132	74.480
complex.1241.pdb	0.0141844	13.790	57.066
complex.1242.pdb	0	19.023	42.607
complex.1243.pdb	0	15.919	64.943
complex.1244.pdb	0	21.104	44.675
complex.1245.pdb	0	27.854	78.348
complex.1246.pdb	0	32.706	80.737
complex.1247.pdb	0	38.180	87.091
complex.1248.pdb	0	14.710	45.609
complex.1249.pdb	0.0070922	21.183	67.354
complex.1250.pdb	0	26.603	79.135
complex.1251.pdb	0	30.022	68.125
complex.1252.pdb	0	30.820	76.219
complex.1253.pdb	0	21.274	71.928
complex.1254.pdb	0	21.107	34.215
complex.1255.pdb	0	21.347	64.441
complex.1256.pdb	0.0070922	19.483	55.586
complex.1257.pdb	0	21.193	67.042
complex.1258.pdb	0.0780142	11.656	42.656
complex.1259.pdb	0	39.726	87.440
complex.1260.pdb	0.0070922	13.969	41.855
complex.1261.pdb	0	25.182	54.180
complex.1262.pdb	0	33.932	55.396
complex.1263.pdb	0.0070922	24.002	63.089
complex.1264.pdb	0	20.430	45.496
complex.1265.pdb	0	26.444	69.697
complex.1266.pdb	0	27.654	83.792
complex.1267.pdb	0	28.688	58.845
complex.1268.pdb	0	30.799	76.167
complex.1269.pdb	0	20.331	65.877
complex.1270.pdb	0	30.711	65.219
complex.1271.pdb	0	20.614	50.485
complex.1272.pdb	0	24.491	49.435
complex.1273.pdb	0	20.238	64.563
complex.1274.pdb	0	34.580	69.080
complex.1275.pdb	0	34.408	58.338
complex.1276.pdb	0.0070922	20.378	64.996
complex.1277.pdb	0	23.447	83.812
complex.1278.pdb	0	15.171	34.795
complex.1279.pdb	0	24.909	75.180
complex.1280.pdb	0	31.547	85.496
complex.1281.pdb	0	23.758	67.004
complex.1282.pdb	0	36.295	79.825
complex.1283.pdb	0.0141844	16.516	46.566
complex.1284.pdb	0	23.893	59.569
complex.1285.pdb	0	21.740	44.618
complex.1286.pdb	0	19.437	43.576
complex.1287.pdb	0	17.298	69.310
complex.1288.pdb	0	19.756	58.558
complex.1289.pdb	0	35.608	75.599
complex.1290.pdb	0.0283688	18.917	65.759
complex.1291.pdb	0	35.890	78.918
complex.1292.pdb	0.0496454	31.065	87.871
complex.1293.pdb	0	21.571	62.286
complex.1294.pdb	0	26.184	77.994
complex.1295.pdb	0	29.415	48.815
complex.1296.pdb	0	21.595	78.134
complex.1297.pdb	0.0851064	13.933	34.775
complex.1298.pdb	0.0070922	16.361	58.037
complex.1299.pdb	0	19.646	64.472
complex.1300.pdb	0	16.776	58.452
complex.1301.pdb	0	28.398	70.880
complex.1302.pdb	0	30.736	73.111
complex.1303.pdb	0	23.163	66.999
complex.1304.pdb	0	15.259	61.465
complex.1305.pdb	0	32.256	87.464
complex.1306.pdb	0.0070922	15.930	61.641
complex.1307.pdb	0	29.062	84.525
complex.1308.pdb	0	22.704	60.932
complex.1309.pdb	0	18.384	67.208
complex.1310.pdb	0	36.937	73.526
complex.1311.pdb	0	33.381	84.326
complex.1312.pdb	0.0070922	11.771	45.042
complex.1313.pdb	0	20.388	70.754
complex.1314.pdb	0	22.660	54.206
complex.1315.pdb	0	14.377	57.690
complex.1316.pdb	0	27.729	57.539
complex.1317.pdb	0	20.616	54.659
complex.1318.pdb	0	21.488	70.180
complex.1319.pdb	0	21.712	66.283
complex.1320.pdb	0.0141844	20.111	74.760
complex.1321.pdb	0	37.248	74.828
complex.1322.pdb	0	15.073	54.167
complex.1323.pdb	0	23.771	53.002
complex.1324.pdb	0.0070922	10.132	38.209
complex.1325.pdb	0	32.968	88.082
complex.1326.pdb	0	28.515	59.821
complex.1327.pdb	0	16.826	57.159
complex.1328.pdb	0	16.098	54.854
complex.1329.pdb	0	24.732	72.873
complex.1330.pdb	0	31.289	81.554
complex.1331.pdb	0	25.649	68.780
complex.1332.pdb	0	37.119	79.073
complex.1333.pdb	0	25.981	71.996
complex.1334.pdb	0	17.128	58.124
complex.1335.pdb	0.0283688	23.100	68.254
complex.1336.pdb	0.035461	14.274	49.627
complex.1337.pdb	0	21.818	51.466
complex.1338.pdb	0.0141844	6.596	25.364
complex.1339.pdb	0	32.210	52.916
complex.1340.pdb	0	38.213	72.865
complex.1341.pdb	0	19.822	62.323
complex.1342.pdb	0.0141844	18.759	47.064
complex.1343.pdb	0	21.863	65.052
complex.1344.pdb	0.0212766	20.390	52.552
complex.1345.pdb	0	23.823	70.315
complex.1346.pdb	0.0141844	23.103	61.729
complex.1347.pdb	0	37.556	79.339
complex.1348.pdb	0.0070922	15.585	50.482
complex.1349.pdb	0	29.821	62.181
complex.1350.pdb	0	20.953	49.248
complex.1351.pdb	0	27.967	86.515
complex.1352.pdb	0.0070922	8.837	33.626
complex.1353.pdb	0.0212766	19.384	48.314
complex.1354.pdb	0	22.816	79.865
complex.1355.pdb	0	21.477	45.429
complex.1356.pdb	0	21.381	52.644
complex.1357.pdb	0	30.175	81.514
complex.1358.pdb	0	22.572	77.072
complex.1359.pdb	0	31.777	62.144
complex.1360.pdb	0	22.702	48.295
complex.1361.pdb	0	21.182	74.031
complex.1362.pdb	0	20.263	75.805
complex.1363.pdb	0.0141844	19.625	59.012
complex.1364.pdb	0	23.941	75.088
complex.1365.pdb	0	18.132	55.857
complex.1366.pdb	0	14.218	35.418
complex.1367.pdb	0	19.638	69.172
complex.1368.pdb	0	28.607	68.028
complex.1369.pdb	0	17.075	45.584
complex.1370.pdb	0	29.869	66.286
complex.1371.pdb	0	29.239	66.321
complex.1372.pdb	0	35.102	74.153
complex.1373.pdb	0	37.147	83.353
complex.1374.pdb	0	24.641	77.541
complex.1375.pdb	0	33.414	83.387
complex.1376.pdb	0.0141844	18.796	48.501
complex.1377.pdb	0	26.451	76.231
complex.1378.pdb	0	18.675	52.625
complex.1379.pdb	0	14.979	38.780
complex.1380.pdb	0	28.889	83.196
complex.1381.pdb	0.0141844	20.417	67.612
complex.1382.pdb	0	16.596	64.310
complex.1383.pdb	0	21.276	65.840
complex.1384.pdb	0	36.662	76.818
complex.1385.pdb	0	32.972	82.483
complex.1386.pdb	0	34.781	81.363
complex.1387.pdb	0.0141844	20.626	61.120
complex.1388.pdb	0	24.380	65.000
complex.1389.pdb	0	23.314	67.083
complex.1390.pdb	0	14.513	47.035
complex.1391.pdb	0	20.166	76.644
complex.1392.pdb	0	20.502	76.081
complex.1393.pdb	0	20.441	71.895
complex.1394.pdb	0.0141844	15.219	42.143
complex.1395.pdb	0	27.802	47.748
complex.1396.pdb	0	19.015	54.347
complex.1397.pdb	0.0212766	15.232	49.887
complex.1398.pdb	0.0141844	17.163	52.353
complex.1399.pdb	0	16.232	48.906
complex.1400.pdb	0	33.709	82.556
complex.1401.pdb	0	22.067	66.497
complex.1402.pdb	0.0070922	17.753	76.631
complex.1403.pdb	0	22.763	83.931
complex.1404.pdb	0.0425532	20.494	62.882
complex.1405.pdb	0	31.652	70.647
complex.1406.pdb	0.170213	9.856	26.070
complex.1407.pdb	0	28.813	76.637
complex.1408.pdb	0	18.644	65.538
complex.1409.pdb	0	22.867	80.952
complex.1410.pdb	0	30.227	52.850
complex.1411.pdb	0	21.992	49.022
complex.1412.pdb	0.0070922	17.750	41.028
complex.1413.pdb	0	31.096	76.764
complex.1414.pdb	0	26.887	87.807
complex.1415.pdb	0	29.592	86.125
complex.1416.pdb	0	29.661	70.806
complex.1417.pdb	0	20.362	42.366
complex.1418.pdb	0	16.903	69.221
complex.1419.pdb	0	18.181	46.279
complex.1420.pdb	0	25.257	86.588
complex.1421.pdb	0	24.109	74.482
complex.1422.pdb	0	34.304	80.232
complex.1423.pdb	0	24.495	77.404
complex.1424.pdb	0	32.272	79.068
complex.1425.pdb	0.0070922	19.165	56.742
complex.1426.pdb	0.0851064	8.491	25.556
complex.1427.pdb	0	26.324	77.216
complex.1428.pdb	0	26.460	63.882
complex.1429.pdb	0	32.399	52.941
complex.1430.pdb	0	13.915	52.184
complex.1431.pdb	0	21.547	76.863
complex.1432.pdb	0	23.683	80.946
complex.1433.pdb	0	31.618	76.772
complex.1434.pdb	0.0212766	17.747	54.686
complex.1435.pdb	0	36.745	83.591
complex.1436.pdb	0	23.933	69.224
complex.1437.pdb	0.0425532	26.186	81.952
complex.1438.pdb	0	15.371	51.676
complex.1439.pdb	0	14.259	46.170
complex.1440.pdb	0	19.776	72.010
complex.1441.pdb	0	39.208	77.842
complex.1442.pdb	0	26.833	86.711
complex.1443.pdb	0	30.920	69.257
complex.1444.pdb	0	20.063	42.718
complex.1445.pdb	0	25.913	76.141
complex.1446.pdb	0	24.206	46.174
complex.1447.pdb	0	18.038	44.548
complex.1448.pdb	0	13.785	47.956
complex.1449.pdb	0	34.848	85.697
complex.1450.pdb	0	23.052	80.851
complex.1451.pdb	0	17.741	39.583
complex.1452.pdb	0	14.423	49.301
complex.1453.pdb	0	19.300	72.197
complex.1454.pdb	0	17.886	63.859
complex.1455.pdb	0	14.521	57.835
complex.1456.pdb	0.0283688	18.941	51.035
complex.1457.pdb	0.0638298	19.646	64.180
complex.1458.pdb	0	16.964	65.358
complex.1459.pdb	0	24.050	54.721
complex.1460.pdb	0	38.726	86.372
complex.1461.pdb	0	23.471	74.051
complex.1462.pdb	0	16.266	64.832
complex.1463.pdb	0	37.104	64.190
complex.1464.pdb	0	27.332	69.931
complex.1465.pdb	0	25.208	59.887
complex.1466.pdb	0	16.334	59.294
complex.1467.pdb	0	20.503	44.347
complex.1468.pdb	0	38.832	88.452
complex.1469.pdb	0	26.619	60.997
complex.1470.pdb	0.0992908	6.843	29.206
complex.1471.pdb	0	25.015	83.964
complex.1472.pdb	0	18.234	75.253
complex.1473.pdb	0	21.130	49.024
complex.1474.pdb	0	21.675	45.291
complex.1475.pdb	0	19.138	42.000
complex.1476.pdb	0	16.391	61.998
complex.1477.pdb	0	18.037	63.245
complex.1478.pdb	0	28.659	80.278
complex.1479.pdb	0	32.782	80.859
complex.1480.pdb	0	17.478	72.618
complex.1481.pdb	0	31.998	69.309
complex.1482.pdb	0	30.949	80.221
complex.1483.pdb	0	36.314	83.044
complex.1484.pdb	0	23.433	78.446
complex.1485.pdb	0	21.136	61.126
complex.1486.pdb	0	31.380	74.511
complex.1487.pdb	0	34.018	74.371
complex.1488.pdb	0	20.826	48.278
complex.1489.pdb	0	38.745	80.083
complex.1490.pdb	0	27.349	68.780
complex.1491.pdb	0	30.138	65.363
complex.1492.pdb	0	19.036	51.326
complex.1493.pdb	0	14.809	56.943
complex.1494.pdb	0	32.627	92.025
complex.1495.pdb	0	24.070	83.013
complex.1496.pdb	0.0425532	14.228	50.233
complex.1497.pdb	0	20.197	44.850
complex.1498.pdb	0	18.628	42.147
complex.1499.pdb	0.0283688	21.306	55.550
complex.1500.pdb	0	18.346	74.317
complex.1501.pdb	0	22.806	74.638
complex.1502.pdb	0	20.998	73.671
complex.1503.pdb	0	16.785	63.898
complex.1504.pdb	0	30.635	62.404
complex.1505.pdb	0	17.896	49.794
complex.1506.pdb	0	14.479	59.631
complex.1507.pdb	0	23.192	80.429
complex.1508.pdb	0	26.191	80.498
complex.1509.pdb	0	26.122	54.643
complex.1510.pdb	0	39.024	88.461
complex.1511.pdb	0.0638298	6.850	22.962
complex.1512.pdb	0.0070922	31.851	83.497
complex.1513.pdb	0.035461	22.209	54.814
complex.1514.pdb	0	17.808	56.694
complex.1515.pdb	0	18.099	75.389
complex.1516.pdb	0	40.604	88.772
complex.1517.pdb	0.0070922	20.575	42.644
complex.1518.pdb	0	28.621	61.852
complex.1519.pdb	0	31.672	67.010
complex.1520.pdb	0	17.899	56.207
complex.1521.pdb	0	13.697	49.413
complex.1522.pdb	0	23.102	65.857
complex.1523.pdb	0	31.835	91.524
complex.1524.pdb	0	26.841	80.477
complex.1525.pdb	0	15.912	53.789
complex.1526.pdb	0	11.520	31.895
complex.1527.pdb	0	19.344	83.219
complex.1528.pdb	0	21.631	65.390
complex.1529.pdb	0.0992908	7.188	25.559
complex.1530.pdb	0	31.378	87.065
complex.1531.pdb	0	36.757	80.927
complex.1532.pdb	0	18.210	55.078
complex.1533.pdb	0	23.856	75.405
complex.1534.pdb	0	34.852	77.599
complex.1535.pdb	0	22.046	77.419
complex.1536.pdb	0	34.246	79.130
complex.1537.pdb	0	19.215	53.073
complex.1538.pdb	0	24.915	80.725
complex.1539.pdb	0.0567376	8.950	33.399
complex.1540.pdb	0	26.673	74.018
complex.1541.pdb	0	36.860	76.974
complex.1542.pdb	0	26.648	68.667
complex.1543.pdb	0	20.729	44.225
complex.1544.pdb	0	32.561	85.886
complex.1545.pdb	0	17.150	48.665
complex.1546.pdb	0	20.664	45.576
complex.1547.pdb	0	19.134	61.768
complex.1548.pdb	0	31.529	73.998
complex.1549.pdb	0.0283688	19.472	64.350
complex.1550.pdb	0	33.174	70.504
complex.1551.pdb	0.0070922	14.014	39.903
complex.1552.pdb	0	35.702	71.737
complex.1553.pdb	0	34.495	84.785
complex.1554.pdb	0	18.734	76.035
complex.1555.pdb	0	22.267	74.445
complex.1556.pdb	0	21.934	74.784
complex.1557.pdb	0	16.756	59.891
complex.1558.pdb	0.0425532	18.059	54.204
complex.1559.pdb	0	20.466	54.656
complex.1560.pdb	0	35.624	77.023
complex.1561.pdb	0	24.855	75.445
complex.1562.pdb	0.0212766	21.472	62.728
complex.1563.pdb	0	18.933	64.174
complex.1564.pdb	0	18.606	51.574
complex.1565.pdb	0.0141844	21.490	74.169
complex.1566.pdb	0	22.286	83.488
complex.1567.pdb	0	19.328	57.242
complex.1568.pdb	0.0070922	29.064	61.850
complex.1569.pdb	0	21.231	66.970
complex.1570.pdb	0.0567376	14.100	27.387
complex.1571.pdb	0	19.437	45.114
complex.1572.pdb	0	29.007	60.534
complex.1573.pdb	0	32.788	51.099
complex.1574.pdb	0	23.402	64.973
complex.1575.pdb	0.035461	19.861	68.164
complex.1576.pdb	0.035461	17.598	43.392
complex.1577.pdb	0.0141844	9.909	39.342
complex.1578.pdb	0	28.648	85.944
complex.1579.pdb	0	25.121	84.437
complex.1580.pdb	0	27.157	77.653
complex.1581.pdb	0	28.544	80.265
complex.1582.pdb	0	13.666	62.942
complex.1583.pdb	0	32.980	80.979
complex.1584.pdb	0	20.262	58.001
complex.1585.pdb	0	22.184	63.999
complex.1586.pdb	0	32.874	68.167
complex.1587.pdb	0	38.438	75.735
complex.1588.pdb	0	21.484	45.762
complex.1589.pdb	0	18.268	56.518
complex.1590.pdb	0	24.065	82.945
complex.1591.pdb	0	29.490	71.277
complex.1592.pdb	0	35.856	75.321
complex.1593.pdb	0	19.240	48.297
complex.1594.pdb	0	25.662	64.309
complex.1595.pdb	0	18.513	42.300
complex.1596.pdb	0	38.774	80.555
complex.1597.pdb	0	36.675	81.941
complex.1598.pdb	0	35.002	71.871
complex.1599.pdb	0	25.501	68.159
complex.1600.pdb	0	29.805	58.499
complex.1601.pdb	0	20.359	72.772
complex.1602.pdb	0	23.092	70.479
complex.1603.pdb	0	29.922	67.944
complex.1604.pdb	0	35.239	75.258
complex.1605.pdb	0	36.155	75.033
complex.1606.pdb	0	29.098	64.844
complex.1607.pdb	0	22.892	72.000
complex.1608.pdb	0.0992908	13.675	31.907
complex.1609.pdb	0	23.069	39.292
complex.1610.pdb	0	19.012	54.554
complex.1611.pdb	0.0070922	21.674	62.808
complex.1612.pdb	0.0070922	22.384	73.406
complex.1613.pdb	0.0567376	30.176	87.608
complex.1614.pdb	0.0212766	12.079	27.920
complex.1615.pdb	0	27.557	61.713
complex.1616.pdb	0	31.986	75.264
complex.1617.pdb	0	25.948	80.566
complex.1618.pdb	0	28.787	51.939
complex.1619.pdb	0	17.760	76.755
complex.1620.pdb	0	21.957	44.089
complex.1621.pdb	0	32.696	77.176
complex.1622.pdb	0.0212766	27.249	53.265
complex.1623.pdb	0	16.840	54.635
complex.1624.pdb	0	24.783	68.479
complex.1625.pdb	0	24.453	47.184
complex.1626.pdb	0	10.774	49.696
complex.1627.pdb	0	20.060	69.712
complex.1628.pdb	0	18.114	57.969
complex.1629.pdb	0	15.453	54.031
complex.1630.pdb	0	33.741	74.371
complex.1631.pdb	0	33.202	76.525
complex.1632.pdb	0	26.197	54.565
complex.1633.pdb	0	33.011	72.885
complex.1634.pdb	0	39.446	84.758
complex.1635.pdb	0.0496454	10.927	35.007
complex.1636.pdb	0.0141844	25.684	60.869
complex.1637.pdb	0	37.309	77.327
complex.1638.pdb	0	31.571	66.366
complex.1639.pdb	0	36.461	76.895
complex.1640.pdb	0	21.966	74.353
complex.1641.pdb	0	28.522	82.438
complex.1642.pdb	0	32.185	87.402
complex.1643.pdb	0	27.001	73.752
complex.1644.pdb	0	22.884	72.942
complex.1645.pdb	0	31.151	57.767
complex.1646.pdb	0	31.549	86.300
complex.1647.pdb	0.0070922	13.471	51.528
complex.1648.pdb	0	22.940	54.901
complex.1649.pdb	0.0212766	32.494	87.631
complex.1650.pdb	0	19.717	51.122
complex.1651.pdb	0	19.522	60.916
complex.1652.pdb	0	21.916	77.033
complex.1653.pdb	0	20.426	81.695
complex.1654.pdb	0.0141844	24.326	58.806
complex.1655.pdb	0	22.429	52.535
complex.1656.pdb	0	22.867	80.100
complex.1657.pdb	0	32.705	79.563
complex.1658.pdb	0	33.850	63.974
complex.1659.pdb	0	17.713	67.074
complex.1660.pdb	0	33.632	86.154
complex.1661.pdb	0	30.965	83.555
complex.1662.pdb	0	33.677	69.428
complex.1663.pdb	0	35.977	78.851
complex.1664.pdb	0	20.951	59.754
complex.1665.pdb	0	30.556	70.317
complex.1666.pdb	0.0212766	18.312	66.984
complex.1667.pdb	0	13.626	51.967
complex.1668.pdb	0	28.661	54.080
complex.1669.pdb	0	20.191	61.498
complex.1670.pdb	0	18.438	67.039
complex.1671.pdb	0	36.869	65.618
complex.1672.pdb	0.0070922	22.447	63.801
complex.1673.pdb	0	21.415	44.399
complex.1674.pdb	0	28.747	71.669
complex.1675.pdb	0	16.357	65.624
complex.1676.pdb	0	32.392	58.158
complex.1677.pdb	0	26.929	80.724
complex.1678.pdb	0	31.366	74.230
complex.1679.pdb	0	18.859	58.116
complex.1680.pdb	0	23.505	54.172
complex.1681.pdb	0	34.594	69.874
complex.1682.pdb	0	16.075	68.925
complex.1683.pdb	0	20.731	48.408
complex.1684.pdb	0	30.562	72.303
complex.1685.pdb	0	25.013	43.304
complex.1686.pdb	0	24.440	80.834
complex.1687.pdb	0.035461	16.629	44.070
complex.1688.pdb	0	11.907	31.436
complex.1689.pdb	0	20.622	46.311
complex.1690.pdb	0	23.248	84.369
complex.1691.pdb	0	34.918	76.546
complex.1692.pdb	0	23.102	53.722
complex.1693.pdb	0	24.984	79.375
complex.1694.pdb	0	27.362	63.754
complex.1695.pdb	0	33.659	82.071
complex.1696.pdb	0	25.811	73.726
complex.1697.pdb	0	22.942	61.415
complex.1698.pdb	0	25.199	69.297
complex.1699.pdb	0	23.733	55.790
complex.1700.pdb	0	30.167	74.005
complex.1701.pdb	0	31.886	82.374
complex.1702.pdb	0	22.791	81.687
complex.1703.pdb	0	25.111	89.133
complex.1704.pdb	0	19.039	44.676
complex.1705.pdb	0	12.375	32.363
complex.1706.pdb	0.0283688	18.119	62.660
complex.1707.pdb	0	23.042	59.376
complex.1708.pdb	0.0070922	19.763	80.027
complex.1709.pdb	0	33.871	71.101
complex.1710.pdb	0	18.042	75.159
complex.1711.pdb	0	17.893	41.540
complex.1712.pdb	0.0496454	8.239	36.187
complex.1713.pdb	0	24.869	84.481
complex.1714.pdb	0	22.282	44.295
complex.1715.pdb	0	35.473	78.607
complex.1716.pdb	0	18.202	55.962
complex.1717.pdb	0	24.669	47.045
complex.1718.pdb	0	20.742	76.179
complex.1719.pdb	0	21.688	71.095
complex.1720.pdb	0	34.024	77.649
complex.1721.pdb	0	24.436	64.756
complex.1722.pdb	0	23.140	60.309
complex.1723.pdb	0	21.424	77.229
complex.1724.pdb	0	26.051	68.562
complex.1725.pdb	0	32.191	87.491
complex.1726.pdb	0	24.596	65.207
complex.1727.pdb	0	20.441	68.514
complex.1728.pdb	0	22.562	71.714
complex.1729.pdb	0	25.449	72.371
complex.1730.pdb	0	13.498	35.328
complex.1731.pdb	0.0283688	15.582	45.105
complex.1732.pdb	0	24.513	70.866
complex.1733.pdb	0	20.071	68.749
complex.1734.pdb	0	28.598	68.572
complex.1735.pdb	0	15.267	38.320
complex.1736.pdb	0	28.928	71.773
complex.1737.pdb	0	35.666	76.610
complex.1738.pdb	0	14.804	47.203
complex.1739.pdb	0	36.307	74.402
complex.1740.pdb	0	29.649	67.079
complex.1741.pdb	0	24.029	72.075
complex.1742.pdb	0.0425532	14.411	36.774
complex.1743.pdb	0	30.762	70.411
complex.1744.pdb	0	20.616	56.471
complex.1745.pdb	0.0283688	12.568	41.009
complex.1746.pdb	0	36.903	60.940
complex.1747.pdb	0	29.495	82.013
complex.1748.pdb	0	27.725	74.445
complex.1749.pdb	0.0141844	29.938	78.043
complex.1750.pdb	0	34.539	82.644
complex.1751.pdb	0	30.773	65.940
complex.1752.pdb	0	28.609	71.382
complex.1753.pdb	0	26.419	60.473
complex.1754.pdb	0.212766	7.642	21.592
complex.1755.pdb	0.0070922	13.395	42.965
complex.1756.pdb	0	29.836	47.484
complex.1757.pdb	0	32.577	80.443
complex.1758.pdb	0	17.144	53.032
complex.1759.pdb	0	31.211	64.332
complex.1760.pdb	0	21.503	44.231
complex.1761.pdb	0	30.886	85.603
complex.1762.pdb	0	34.083	73.273
complex.1763.pdb	0	32.636	88.351
complex.1764.pdb	0	17.096	73.986
complex.1765.pdb	0	22.700	72.547
complex.1766.pdb	0	21.922	48.773
complex.1767.pdb	0	26.193	88.414
complex.1768.pdb	0	24.743	74.821
complex.1769.pdb	0.0212766	21.260	79.361
complex.1770.pdb	0	22.309	78.066
complex.1771.pdb	0	21.266	65.822
complex.1772.pdb	0.0070922	12.787	56.036
complex.1773.pdb	0.0070922	22.991	79.243
complex.1774.pdb	0	19.589	49.513
complex.1775.pdb	0	21.069	76.723
complex.1776.pdb	0	26.309	79.073
complex.1777.pdb	0	26.208	76.122
complex.1778.pdb	0	21.714	74.743
complex.1779.pdb	0	17.281	64.955
complex.1780.pdb	0.0070922	21.516	64.831
complex.1781.pdb	0	33.335	87.595
complex.1782.pdb	0	29.861	83.090
complex.1783.pdb	0	29.088	73.799
complex.1784.pdb	0	35.067	61.822
complex.1785.pdb	0	20.295	69.416
complex.1786.pdb	0	34.516	68.976
complex.1787.pdb	0.070922	8.926	26.537
complex.1788.pdb	0	19.894	62.334
complex.1789.pdb	0	30.886	63.478
complex.1790.pdb	0	32.430	71.838
complex.1791.pdb	0	23.283	82.610
complex.1792.pdb	0	36.913	87.432
complex.1793.pdb	0	31.895	81.465
complex.1794.pdb	0	24.645	63.871
complex.1795.pdb	0	22.577	65.218
complex.1796.pdb	0	23.712	34.189
complex.1797.pdb	0	26.091	75.091
complex.1798.pdb	0	19.255	74.452
complex.1799.pdb	0	14.217	62.142
complex.1800.pdb	0	22.240	71.608
complex.1801.pdb	0.120567	9.364	36.047
complex.1802.pdb	0	21.116	76.151
complex.1803.pdb	0	33.706	65.379
complex.1804.pdb	0	26.610	57.411
complex.1805.pdb	0	20.377	71.466
complex.1806.pdb	0	16.538	62.003
complex.1807.pdb	0	27.264	65.599
complex.1808.pdb	0	24.080	58.638
complex.1809.pdb	0	33.470	78.032
complex.1810.pdb	0	23.438	74.186
complex.1811.pdb	0	35.932	78.646
complex.1812.pdb	0	18.398	72.783
complex.1813.pdb	0	18.108	64.514
complex.1814.pdb	0	23.230	50.779
complex.1815.pdb	0	12.550	31.445
complex.1816.pdb	0	30.491	71.373
complex.1817.pdb	0	32.199	85.462
complex.1818.pdb	0	19.157	44.298
complex.1819.pdb	0	17.482	63.337
complex.1820.pdb	0	35.824	73.764
complex.1821.pdb	0	28.562	57.682
complex.1822.pdb	0.0070922	17.628	58.736
complex.1823.pdb	0	32.935	86.676
complex.1824.pdb	0	25.236	52.234
complex.1825.pdb	0	29.889	82.571
complex.1826.pdb	0	21.477	77.352
complex.1827.pdb	0.0212766	14.716	55.192
complex.1828.pdb	0	18.290	71.692
complex.1829.pdb	0	16.486	57.660
complex.1830.pdb	0	22.127	59.634
complex.1831.pdb	0	19.154	73.541
complex.1832.pdb	0	20.030	61.236
complex.1833.pdb	0	17.296	58.703
complex.1834.pdb	0.0070922	19.756	66.465
complex.1835.pdb	0	20.492	63.681
complex.1836.pdb	0	18.968	43.216
complex.1837.pdb	0	28.268	74.018
complex.1838.pdb	0	28.119	77.849
complex.1839.pdb	0	30.156	68.807
complex.1840.pdb	0	20.938	76.251
complex.1841.pdb	0.113475	13.606	55.004
complex.1842.pdb	0	27.250	67.304
complex.1843.pdb	0	32.490	50.629
complex.1844.pdb	0	34.643	74.633
complex.1845.pdb	0.035461	18.731	73.489
complex.1846.pdb	0.0283688	18.649	76.296
complex.1847.pdb	0	28.098	59.814
complex.1848.pdb	0	29.732	68.782
complex.1849.pdb	0	36.172	58.567
complex.1850.pdb	0	32.872	77.233
complex.1851.pdb	0	16.513	56.558
complex.1852.pdb	0	15.055	34.227
complex.1853.pdb	0	24.512	47.957
complex.1854.pdb	0	13.147	54.183
complex.1855.pdb	0	35.585	77.618
complex.1856.pdb	0	29.702	75.008
complex.1857.pdb	0	32.560	81.096
complex.1858.pdb	0.0070922	11.635	39.717
complex.1859.pdb	0	20.664	81.016
complex.1860.pdb	0	19.039	70.356
complex.1861.pdb	0	13.759	36.539
complex.1862.pdb	0	23.149	56.164
complex.1863.pdb	0	20.034	60.303
complex.1864.pdb	0	29.655	63.348
complex.1865.pdb	0	22.188	82.381
complex.1866.pdb	0	23.838	56.183
complex.1867.pdb	0	22.436	50.876
complex.1868.pdb	0	21.287	63.312
complex.1869.pdb	0	21.384	75.257
complex.1870.pdb	0	19.037	69.402
complex.1871.pdb	0	24.634	61.194
complex.1872.pdb	0	30.565	73.623
complex.1873.pdb	0	28.533	67.323
complex.1874.pdb	0	30.066	63.604
complex.1875.pdb	0	36.681	84.587
complex.1876.pdb	0	30.353	64.652
complex.1877.pdb	0	32.993	67.343
complex.1878.pdb	0	21.667	69.431
complex.1879.pdb	0	32.265	67.632
complex.1880.pdb	0.148936	6.631	28.517
complex.1881.pdb	0	37.527	84.457
complex.1882.pdb	0	18.031	68.417
complex.1883.pdb	0	24.124	72.322
complex.1884.pdb	0	35.118	68.248
complex.1885.pdb	0	24.762	71.973
complex.1886.pdb	0	14.930	46.282
complex.1887.pdb	0	18.566	54.706
complex.1888.pdb	0	29.056	71.102
complex.1889.pdb	0.0070922	13.810	57.029
complex.1890.pdb	0	15.452	58.400
complex.1891.pdb	0	35.927	79.416
complex.1892.pdb	0	22.447	72.148
complex.1893.pdb	0	34.597	83.780
complex.1894.pdb	0	32.765	73.099
complex.1895.pdb	0	27.879	79.008
complex.1896.pdb	0.0567376	10.866	46.184
complex.1897.pdb	0	20.276	42.821
complex.1898.pdb	0	22.190	55.956
complex.1899.pdb	0	22.646	48.722
complex.1900.pdb	0	26.542	80.354
complex.1901.pdb	0	31.734	81.594
complex.1902.pdb	0	36.346	65.301
complex.1903.pdb	0.0141844	23.858	70.395
complex.1904.pdb	0	34.753	72.852
complex.1905.pdb	0	23.405	78.402
complex.1906.pdb	0	21.699	75.809
complex.1907.pdb	0.0141844	22.216	58.549
complex.1908.pdb	0	36.793	76.236
complex.1909.pdb	0	22.605	71.863
complex.1910.pdb	0	23.145	76.404
complex.1911.pdb	0	29.667	45.023
complex.1912.pdb	0	25.573	56.879
complex.1913.pdb	0	26.738	55.947
complex.1914.pdb	0	22.529	65.394
complex.1915.pdb	0	35.566	77.474
complex.1916.pdb	0	20.805	76.015
complex.1917.pdb	0	22.158	78.507
complex.1918.pdb	0	22.439	64.986
complex.1919.pdb	0	22.448	75.067
complex.1920.pdb	0	15.918	60.471
complex.1921.pdb	0	29.832	67.920
complex.1922.pdb	0	29.654	66.128
complex.1923.pdb	0	37.371	79.571
complex.1924.pdb	0	26.586	89.332
complex.1925.pdb	0	23.562	63.650
complex.1926.pdb	0	37.470	82.891
complex.1927.pdb	0.0141844	18.522	64.273
complex.1928.pdb	0	16.240	50.591
complex.1929.pdb	0	19.850	78.334
complex.1930.pdb	0	26.891	56.222
complex.1931.pdb	0	28.271	63.390
complex.1932.pdb	0	30.983	74.604
complex.1933.pdb	0	35.115	69.325
complex.1934.pdb	0	29.444	53.600
complex.1935.pdb	0	23.992	70.333
complex.1936.pdb	0	22.259	68.241
complex.1937.pdb	0	34.407	54.386
complex.1938.pdb	0	24.547	53.724
complex.1939.pdb	0	29.182	55.837
complex.1940.pdb	0	28.868	46.409
complex.1941.pdb	0	15.647	57.685
complex.1942.pdb	0	26.469	65.073
complex.1943.pdb	0	31.740	72.689
complex.1944.pdb	0	31.760	69.946
complex.1945.pdb	0.0283688	12.441	48.839
complex.1946.pdb	0	30.425	63.564
complex.1947.pdb	0	12.333	27.787
complex.1948.pdb	0.035461	12.617	42.893
complex.1949.pdb	0	31.500	86.136
complex.1950.pdb	0	34.571	71.026
complex.1951.pdb	0	27.855	65.489
complex.1952.pdb	0	26.554	65.107
complex.1953.pdb	0	25.746	54.581
complex.1954.pdb	0	28.859	57.306
complex.1955.pdb	0	30.626	45.828
complex.1956.pdb	0	27.240	44.795
complex.1957.pdb	0	31.726	82.573
complex.1958.pdb	0	23.881	71.772
complex.1959.pdb	0	29.800	75.791
complex.1960.pdb	0	28.721	47.464
complex.1961.pdb	0	24.464	43.419
complex.1962.pdb	0	35.908	80.339
complex.1963.pdb	0	31.127	75.245
complex.1964.pdb	0	31.224	92.890
complex.1965.pdb	0	29.057	70.740
complex.1966.pdb	0	30.028	70.829
complex.1967.pdb	0	24.813	67.154
complex.1968.pdb	0	16.465	39.383
complex.1969.pdb	0	37.235	84.512
complex.1970.pdb	0	29.420	80.796
complex.1971.pdb	0	34.838	70.095
complex.1972.pdb	0	19.901	74.835
complex.1973.pdb	0	25.238	71.600
complex.1974.pdb	0	31.804	82.110
complex.1975.pdb	0	22.784	63.581
complex.1976.pdb	0	29.523	60.815
complex.1977.pdb	0	21.702	49.270
complex.1978.pdb	0	30.483	48.187
complex.1979.pdb	0	23.587	79.621
complex.1980.pdb	0	30.994	72.911
complex.1981.pdb	0	23.224	56.405
complex.1982.pdb	0.0141844	18.519	57.863
complex.1983.pdb	0	32.003	68.481
complex.1984.pdb	0	29.214	63.526
complex.1985.pdb	0	23.847	50.337
complex.1986.pdb	0	20.782	76.795
complex.1987.pdb	0	31.984	87.816
complex.1988.pdb	0	35.829	77.330
complex.1989.pdb	0	18.547	55.823
complex.1990.pdb	0.0141844	22.023	58.114
complex.1991.pdb	0	16.485	42.955
complex.1992.pdb	0	29.484	75.715
complex.1993.pdb	0	31.665	78.943
complex.1994.pdb	0	21.326	80.732
complex.1995.pdb	0.0496454	10.640	44.183
complex.1996.pdb	0	25.621	59.301
complex.1997.pdb	0.0070922	12.524	45.249
complex.1998.pdb	0	23.403	75.531
complex.1999.pdb	0	17.376	54.923
complex.2000.pdb	0.0070922	11.771	42.389
