swarm_24_29.pdb	0	16.619	63.421	25.766
swarm_117_6.pdb	0	16.342	56.853	24.659
swarm_47_56.pdb	0	12.022	45.894	24.023
swarm_54_190.pdb	0	12.304	56.119	23.231
swarm_49_153.pdb	0	6.556	29.021	23.182
swarm_57_47.pdb	0	8.734	40.761	22.837
swarm_42_62.pdb	0	12.318	56.492	22.121
swarm_68_119.pdb	0	17.526	71.665	21.313
swarm_98_183.pdb	0	10.909	71.170	21.174
swarm_53_131.pdb	0.0238095	5.772	14.350	21.037
swarm_42_149.pdb	0	9.544	69.693	20.899
swarm_81_97.pdb	0	11.099	71.420	20.654
swarm_58_78.pdb	0	4.694	9.721	20.645
swarm_117_92.pdb	0	17.980	60.047	20.589
swarm_96_171.pdb	0	13.593	68.775	20.299
swarm_65_20.pdb	0	6.084	16.479	20.248
swarm_37_58.pdb	0.0238095	4.824	16.942	20.123
swarm_85_134.pdb	0	11.200	56.417	19.993
swarm_45_42.pdb	0.0238095	4.503	12.067	19.560
swarm_103_2.pdb	0	9.439	59.798	19.544
swarm_37_19.pdb	0	5.646	13.719	19.438
swarm_57_31.pdb	0.0238095	5.727	29.502	19.239
swarm_44_186.pdb	0	6.956	33.782	19.162
swarm_50_148.pdb	0.0238095	5.738	13.693	19.138
swarm_70_180.pdb	0	10.545	65.783	19.046
swarm_48_76.pdb	0	6.496	26.027	19.029
swarm_85_185.pdb	0	12.695	50.083	18.984
swarm_43_163.pdb	0.238095	6.076	52.598	18.524
swarm_44_161.pdb	0	7.293	29.385	18.501
swarm_98_13.pdb	0	11.262	52.437	18.471
swarm_38_38.pdb	0.047619	4.878	14.062	18.303
swarm_61_88.pdb	0	12.607	52.266	18.269
swarm_77_129.pdb	0.047619	5.905	40.551	18.068
swarm_64_149.pdb	0	6.514	20.068	18.010
swarm_75_68.pdb	0	8.604	43.113	17.978
swarm_92_58.pdb	0.214286	4.218	26.652	17.863
swarm_76_79.pdb	0	6.469	24.133	17.802
swarm_49_125.pdb	0	13.972	27.852	17.749
swarm_72_141.pdb	0	7.044	39.481	17.692
swarm_79_71.pdb	0.0238095	5.766	28.399	17.581
swarm_47_186.pdb	0	9.092	52.503	17.548
swarm_71_52.pdb	0	10.883	49.344	17.307
swarm_54_194.pdb	0	13.484	66.992	17.250
swarm_111_94.pdb	0	11.631	75.283	17.144
swarm_78_74.pdb	0.142857	5.403	48.895	17.097
swarm_90_150.pdb	0.047619	4.937	29.293	17.038
swarm_1_33.pdb	0	14.103	53.735	17.038
swarm_51_86.pdb	0	16.585	60.856	16.967
swarm_117_69.pdb	0	13.558	62.686	16.960
swarm_77_114.pdb	0	6.918	34.175	16.922
swarm_78_177.pdb	0	8.984	38.434	16.870
swarm_70_88.pdb	0	13.463	55.588	16.710
swarm_45_109.pdb	0	4.926	14.834	16.666
swarm_48_30.pdb	0	7.037	32.252	16.544
swarm_11_60.pdb	0	11.285	64.780	16.530
swarm_44_68.pdb	0	7.545	50.829	16.529
swarm_114_146.pdb	0.142857	5.419	40.304	16.524
swarm_35_93.pdb	0	14.648	47.423	16.489
swarm_42_156.pdb	0	11.729	53.921	16.481
swarm_64_173.pdb	0.0238095	6.566	30.814	16.465
swarm_85_124.pdb	0	10.522	70.170	16.455
swarm_84_59.pdb	0.047619	7.372	56.623	16.431
swarm_73_23.pdb	0	15.995	65.436	16.354
swarm_65_162.pdb	0.0238095	6.334	40.178	16.318
swarm_54_97.pdb	0	15.626	61.580	16.206
swarm_0_31.pdb	0	14.008	67.175	16.125
swarm_71_127.pdb	0	10.943	64.068	16.108
swarm_36_5.pdb	0.119048	7.013	56.692	16.027
swarm_117_161.pdb	0	16.626	68.639	15.965
swarm_65_49.pdb	0.119048	4.519	30.345	15.939
swarm_55_190.pdb	0	11.983	66.867	15.829
swarm_52_105.pdb	0.0238095	5.171	24.467	15.804
swarm_1_39.pdb	0	13.706	66.588	15.720
swarm_54_98.pdb	0	14.030	67.927	15.669
swarm_98_51.pdb	0	12.912	62.242	15.630
swarm_58_169.pdb	0	8.207	15.658	15.540
swarm_45_171.pdb	0	8.046	16.611	15.531
swarm_70_141.pdb	0	12.330	50.759	15.524
swarm_61_29.pdb	0	8.113	55.917	15.459
swarm_56_39.pdb	0	7.272	40.483	15.413
swarm_90_156.pdb	0.142857	5.038	35.902	15.395
swarm_63_84.pdb	0	8.004	46.474	15.395
swarm_56_22.pdb	0	7.003	51.016	15.392
swarm_57_72.pdb	0	14.439	32.383	15.338
swarm_35_163.pdb	0	13.807	47.481	15.167
swarm_53_188.pdb	0.0952381	4.328	21.941	15.116
swarm_108_119.pdb	0	14.356	73.272	15.045
swarm_126_136.pdb	0	11.744	70.326	14.920
swarm_88_128.pdb	0	5.975	27.516	14.881
swarm_121_94.pdb	0	12.033	67.818	14.860
swarm_84_125.pdb	0	14.774	48.286	14.856
swarm_92_124.pdb	0	5.608	14.954	14.850
swarm_90_95.pdb	0	5.960	25.490	14.820
swarm_84_197.pdb	0	14.931	59.168	14.783
swarm_4_142.pdb	0	9.459	52.249	14.740
swarm_88_175.pdb	0	10.260	41.761	14.683
swarm_33_45.pdb	0	21.083	68.077	14.516
swarm_117_179.pdb	0	12.021	78.622	14.448
swarm_3_28.pdb	0	12.893	77.074	14.446
swarm_42_41.pdb	0	13.098	50.423	14.372
swarm_122_193.pdb	0	13.475	79.252	14.286
swarm_2_148.pdb	0	12.781	69.718	14.267
swarm_49_6.pdb	0	10.298	22.115	14.209
swarm_54_103.pdb	0	14.839	70.091	14.129
swarm_7_36.pdb	0	7.174	48.015	14.028
swarm_71_120.pdb	0	11.063	52.672	13.914
swarm_105_24.pdb	0.0714286	4.823	18.203	13.857
swarm_61_170.pdb	0	11.138	39.561	13.830
swarm_78_123.pdb	0	9.221	39.023	13.663
swarm_0_12.pdb	0	16.178	61.882	13.661
swarm_42_69.pdb	0	14.073	52.929	13.659
swarm_36_191.pdb	0	11.227	39.489	13.640
swarm_73_188.pdb	0	13.112	52.815	13.632
swarm_68_186.pdb	0	11.237	83.734	13.628
swarm_114_50.pdb	0	6.285	31.899	13.596
swarm_96_42.pdb	0	14.060	63.279	13.578
swarm_3_179.pdb	0	11.069	72.412	13.575
swarm_126_199.pdb	0	10.839	53.734	13.565
swarm_34_130.pdb	0	12.627	66.233	13.540
swarm_64_110.pdb	0	8.113	36.216	13.489
swarm_50_135.pdb	0.119048	4.885	29.855	13.417
swarm_73_196.pdb	0	15.977	61.572	13.385
swarm_50_138.pdb	0	5.447	25.016	13.368
swarm_72_19.pdb	0	10.810	43.099	13.352
swarm_8_114.pdb	0	5.920	36.461	13.350
swarm_58_104.pdb	0.47619	3.017	19.199	13.319
swarm_66_46.pdb	0.047619	4.035	19.984	13.242
swarm_6_45.pdb	0	8.675	54.650	13.236
swarm_24_155.pdb	0	13.702	72.948	13.193
swarm_73_144.pdb	0	13.067	61.046	13.145
swarm_35_45.pdb	0	14.157	37.350	12.971
swarm_51_41.pdb	0	13.625	67.951	12.956
swarm_49_111.pdb	0	7.478	18.096	12.950
swarm_123_1.pdb	0	8.353	54.244	12.922
swarm_73_126.pdb	0	12.874	55.298	12.866
swarm_37_14.pdb	0	10.476	26.539	12.849
swarm_0_110.pdb	0	13.475	75.098	12.846
swarm_37_150.pdb	0.238095	3.527	19.119	12.833
swarm_36_0.pdb	0	7.856	46.316	12.797
swarm_62_185.pdb	0	12.573	71.502	12.770
swarm_37_24.pdb	0.0238095	4.652	6.503	12.749
swarm_96_164.pdb	0	14.489	76.418	12.726
swarm_76_196.pdb	0	7.408	46.118	12.635
swarm_44_70.pdb	0	8.883	30.441	12.622
swarm_117_186.pdb	0.0238095	10.278	74.772	12.602
swarm_49_191.pdb	0	9.911	29.420	12.571
swarm_64_86.pdb	0	7.160	28.227	12.538
swarm_56_63.pdb	0.309524	4.710	40.501	12.500
swarm_112_35.pdb	0	12.365	55.284	12.471
swarm_8_77.pdb	0.0952381	5.482	39.458	12.371
swarm_88_104.pdb	0	7.030	43.278	12.350
swarm_34_177.pdb	0	8.396	49.628	12.310
swarm_3_0.pdb	0	14.912	81.889	12.276
swarm_13_146.pdb	0	21.989	70.875	12.233
swarm_81_28.pdb	0	15.625	64.789	12.189
swarm_92_34.pdb	0.452381	2.685	14.077	12.153
swarm_52_31.pdb	0	12.043	23.443	12.110
swarm_45_102.pdb	0	11.819	25.663	12.109
swarm_40_76.pdb	0	16.170	77.663	12.059
swarm_72_183.pdb	0	11.678	46.933	12.039
swarm_99_26.pdb	0	12.636	68.587	12.021
swarm_103_26.pdb	0	10.237	64.544	12.006
swarm_82_63.pdb	0	18.287	82.112	11.928
swarm_48_152.pdb	0.047619	5.726	37.594	11.907
swarm_73_102.pdb	0	10.620	55.041	11.863
swarm_84_41.pdb	0	19.025	49.975	11.811
swarm_38_91.pdb	0	11.768	17.032	11.777
swarm_4_71.pdb	0	9.929	62.704	11.696
swarm_84_65.pdb	0	8.754	65.142	11.679
swarm_31_139.pdb	0	8.313	44.964	11.613
swarm_7_151.pdb	0	12.341	35.579	11.533
swarm_36_96.pdb	0.0238095	7.028	52.450	11.491
swarm_57_4.pdb	0	7.447	44.663	11.472
swarm_45_157.pdb	0	9.877	23.750	11.451
swarm_36_164.pdb	0	9.977	55.106	11.444
swarm_96_186.pdb	0	13.143	77.789	11.410
swarm_111_111.pdb	0	15.465	79.824	11.380
swarm_36_119.pdb	0	10.767	52.818	11.217
swarm_84_43.pdb	0	9.763	59.396	11.178
swarm_70_82.pdb	0	11.390	62.413	11.083
swarm_38_55.pdb	0.047619	5.463	17.136	10.977
swarm_48_54.pdb	0	11.190	32.872	10.875
swarm_114_89.pdb	0	9.987	54.268	10.844
swarm_68_77.pdb	0	17.210	79.210	10.767
swarm_47_113.pdb	0.190476	5.406	46.622	10.708
swarm_96_138.pdb	0	13.989	73.096	10.701
swarm_42_170.pdb	0	8.895	42.163	10.681
swarm_24_187.pdb	0	14.488	77.233	10.652
swarm_126_60.pdb	0	11.152	66.323	10.620
swarm_88_81.pdb	0	11.129	30.930	10.609
swarm_47_189.pdb	0	9.896	41.272	10.518
swarm_37_175.pdb	0	11.389	21.873	10.283
swarm_35_180.pdb	0	16.599	43.308	10.265
swarm_85_157.pdb	0	10.326	46.784	10.220
swarm_74_71.pdb	0	8.168	50.688	10.193
swarm_73_197.pdb	0	15.152	67.599	10.193
swarm_3_137.pdb	0	14.361	81.387	10.161
swarm_1_163.pdb	0.0238095	9.633	71.670	10.132
swarm_47_182.pdb	0	8.884	59.625	10.091
swarm_106_122.pdb	0	14.881	77.771	10.088
swarm_96_49.pdb	0	14.514	66.383	10.015
swarm_1_110.pdb	0	13.353	59.448	10.008
swarm_75_171.pdb	0	7.607	47.905	9.880
swarm_66_161.pdb	0	7.733	15.986	9.830
swarm_43_143.pdb	0	14.360	30.973	9.813
swarm_56_124.pdb	0	13.024	30.713	9.799
swarm_44_99.pdb	0	9.529	44.855	9.788
swarm_84_114.pdb	0	18.214	46.204	9.697
swarm_42_71.pdb	0	9.008	62.326	9.467
swarm_51_181.pdb	0	14.312	77.763	9.448
swarm_100_51.pdb	0	13.475	77.768	9.430
swarm_38_161.pdb	0.333333	3.269	21.635	9.333
swarm_82_190.pdb	0	12.118	71.117	9.204
swarm_106_53.pdb	0	16.667	77.125	9.191
swarm_36_14.pdb	0	15.367	48.025	9.135
swarm_44_138.pdb	0.0238095	7.230	48.426	9.132
swarm_93_55.pdb	0	19.244	89.350	9.103
swarm_51_155.pdb	0	15.740	72.794	9.087
swarm_88_86.pdb	0	12.442	32.469	9.072
swarm_114_159.pdb	0.0238095	7.661	44.860	8.987
swarm_51_156.pdb	0	15.218	80.977	8.882
swarm_63_103.pdb	0	16.189	42.534	8.797
swarm_0_47.pdb	0	17.132	62.703	8.777
swarm_92_88.pdb	0	12.096	22.358	8.710
swarm_103_91.pdb	0	11.214	57.363	8.665
swarm_105_194.pdb	0.119048	4.803	31.679	8.527
swarm_100_113.pdb	0	15.020	72.666	8.480
swarm_5_70.pdb	0	9.806	59.575	8.465
swarm_78_30.pdb	0.0238095	6.529	45.312	8.435
swarm_78_50.pdb	0	11.152	48.518	8.361
swarm_100_172.pdb	0	15.121	81.965	8.252
swarm_6_59.pdb	0	11.162	69.385	8.138
swarm_48_45.pdb	0	11.297	29.906	8.041
swarm_0_127.pdb	0	22.052	61.522	7.995
swarm_43_138.pdb	0.238095	6.043	49.716	7.956
swarm_116_36.pdb	0	20.962	91.205	7.946
swarm_1_130.pdb	0	19.530	52.270	7.853
swarm_1_87.pdb	0	16.963	58.702	7.618
swarm_72_147.pdb	0.285714	5.408	48.361	7.562
swarm_95_30.pdb	0	14.971	86.832	7.505
swarm_99_178.pdb	0	13.825	68.050	7.311
swarm_117_151.pdb	0	14.024	75.193	7.167
swarm_49_93.pdb	0	7.437	33.307	7.140
swarm_60_69.pdb	0	20.826	67.113	7.107
swarm_84_128.pdb	0	14.008	57.561	7.071
swarm_112_138.pdb	0	11.724	67.596	6.900
swarm_6_47.pdb	0	9.860	56.953	6.897
swarm_61_28.pdb	0	8.609	43.262	6.821
swarm_85_59.pdb	0	10.366	57.862	6.805
swarm_43_24.pdb	0	11.537	32.678	6.798
swarm_8_137.pdb	0	7.474	42.239	6.795
swarm_86_68.pdb	0	9.580	59.399	6.784
swarm_56_167.pdb	0	12.625	25.980	6.777
swarm_117_164.pdb	0	11.275	77.063	6.753
swarm_40_122.pdb	0	13.801	82.808	6.688
swarm_106_127.pdb	0	16.666	68.043	6.289
swarm_93_72.pdb	0	16.010	97.567	6.288
swarm_82_73.pdb	0	11.603	72.590	6.283
swarm_39_18.pdb	0	24.046	77.645	6.202
swarm_7_31.pdb	0	10.491	40.398	6.201
swarm_126_52.pdb	0	11.110	58.460	6.169
swarm_0_95.pdb	0	19.833	61.532	6.168
swarm_93_142.pdb	0	17.337	96.870	5.787
swarm_5_48.pdb	0	10.724	70.789	5.769
swarm_54_48.pdb	0.0714286	8.290	71.584	5.425
swarm_6_57.pdb	0	9.264	49.023	5.361
swarm_11_154.pdb	0	9.966	70.790	5.321
swarm_3_155.pdb	0	12.811	67.102	5.172
swarm_18_96.pdb	0	6.474	31.542	5.162
swarm_64_106.pdb	0.238095	4.420	31.464	5.090
swarm_24_197.pdb	0	15.900	76.239	4.791
swarm_59_64.pdb	0	15.910	75.304	4.690
swarm_108_146.pdb	0	19.462	81.706	4.664
swarm_112_51.pdb	0	11.438	58.793	4.654
swarm_76_53.pdb	0	10.530	47.353	4.623
swarm_51_191.pdb	0	14.260	80.559	4.616
swarm_123_42.pdb	0	6.727	47.776	4.510
swarm_0_71.pdb	0	20.258	64.145	4.467
swarm_33_67.pdb	0	12.814	75.437	4.328
swarm_22_66.pdb	0	10.613	40.740	4.289
swarm_59_5.pdb	0	17.482	69.816	4.287
swarm_92_198.pdb	0.333333	3.953	28.740	3.867
swarm_16_79.pdb	0	10.718	65.348	3.739
swarm_66_3.pdb	0	10.919	19.396	3.594
swarm_65_89.pdb	0	9.397	22.807	3.564
swarm_41_127.pdb	0	16.541	76.410	3.432
swarm_1_1.pdb	0	13.310	68.999	3.288
swarm_29_109.pdb	0	14.287	42.320	3.228
swarm_40_89.pdb	0	14.676	91.299	2.914
swarm_49_139.pdb	0.238095	5.031	40.973	2.885
swarm_62_154.pdb	0	21.458	66.150	2.681
swarm_0_22.pdb	0	14.787	68.634	2.480
swarm_91_199.pdb	0	9.300	39.298	2.413
swarm_83_93.pdb	0	14.995	82.520	2.376
swarm_72_191.pdb	0	14.275	47.861	2.299
swarm_126_94.pdb	0	13.632	62.421	2.273
swarm_35_90.pdb	0	11.860	55.769	2.224
swarm_106_31.pdb	0	13.947	78.989	2.148
swarm_5_27.pdb	0	12.237	66.547	1.791
swarm_65_68.pdb	0.404762	4.301	35.242	1.763
swarm_9_55.pdb	0	6.025	29.274	1.762
swarm_108_109.pdb	0	14.074	89.947	1.708
swarm_88_162.pdb	0	11.558	42.304	1.686
swarm_83_129.pdb	0	12.450	83.885	1.675
swarm_112_122.pdb	0	14.098	61.564	1.626
swarm_13_190.pdb	0	13.559	86.837	1.516
swarm_79_144.pdb	0.0238095	5.028	33.104	1.404
swarm_15_115.pdb	0	12.392	67.227	1.324
swarm_17_95.pdb	0.0714286	6.464	50.632	1.234
swarm_78_189.pdb	0	9.014	41.460	1.213
swarm_38_74.pdb	0.0238095	9.041	20.355	1.094
swarm_98_197.pdb	0	14.896	65.601	1.071
swarm_19_97.pdb	0	20.730	94.127	0.709
swarm_94_167.pdb	0	19.312	92.557	0.670
swarm_100_193.pdb	0	12.892	73.567	0.668
swarm_61_144.pdb	0	10.398	47.741	0.522
swarm_69_92.pdb	0	20.348	88.197	0.513
swarm_14_158.pdb	0.0238095	6.403	36.115	0.418
swarm_109_5.pdb	0	15.206	82.051	0.303
swarm_95_197.pdb	0	16.165	78.918	0.206
swarm_34_33.pdb	0.0714286	7.007	55.822	0.097
swarm_107_108.pdb	0	15.223	84.782	-0.047
swarm_53_69.pdb	0	12.112	28.501	-0.064
swarm_43_150.pdb	0	6.967	36.044	-0.266
swarm_95_170.pdb	0	14.655	82.566	-0.426
swarm_62_57.pdb	0	20.480	62.770	-0.472
swarm_32_174.pdb	0	8.725	45.879	-0.553
swarm_20_57.pdb	0	12.710	74.385	-0.561
swarm_114_186.pdb	0	12.049	33.280	-0.585
swarm_12_64.pdb	0	12.556	40.807	-0.615
swarm_101_98.pdb	0	11.055	58.202	-0.697
swarm_14_195.pdb	0	13.850	42.973	-0.844
swarm_94_159.pdb	0	16.106	90.497	-0.888
swarm_27_199.pdb	0	12.999	79.292	-0.990
swarm_68_124.pdb	0	16.139	74.482	-1.017
swarm_10_23.pdb	0	12.136	78.169	-1.024
swarm_72_0.pdb	0	10.294	56.008	-1.025
swarm_71_27.pdb	0	12.870	71.577	-1.184
swarm_34_124.pdb	0	17.440	51.531	-1.319
swarm_2_180.pdb	0	20.144	57.629	-1.449
swarm_59_187.pdb	0	15.703	80.460	-1.450
swarm_105_151.pdb	0	9.725	17.511	-1.467
swarm_25_80.pdb	0	10.644	40.727	-1.592
swarm_76_42.pdb	0.0238095	6.514	41.749	-1.666
swarm_124_168.pdb	0	9.296	30.161	-1.730
swarm_115_117.pdb	0.047619	5.308	28.640	-1.746
swarm_14_162.pdb	0	12.635	27.822	-1.882
swarm_81_197.pdb	0	15.344	68.915	-1.940
swarm_4_81.pdb	0.047619	6.992	58.054	-2.132
swarm_8_186.pdb	0	11.204	26.723	-2.134
swarm_42_131.pdb	0.190476	6.862	57.573	-2.345
swarm_20_85.pdb	0	11.081	67.950	-2.467
swarm_55_30.pdb	0	19.614	64.331	-2.509
swarm_118_144.pdb	0	19.579	95.978	-2.577
swarm_67_199.pdb	0	20.125	84.952	-2.839
swarm_95_26.pdb	0	14.105	87.175	-2.970
swarm_13_81.pdb	0	21.527	78.814	-3.175
swarm_69_61.pdb	0	16.757	79.846	-3.405
swarm_75_36.pdb	0	13.608	50.068	-3.467
swarm_2_56.pdb	0	19.717	60.121	-3.490
swarm_95_155.pdb	0	14.205	87.197	-3.611
swarm_102_147.pdb	0	10.700	51.288	-3.648
swarm_107_181.pdb	0	15.478	89.135	-3.674
swarm_19_189.pdb	0	16.065	94.372	-3.831
swarm_79_151.pdb	0	11.641	22.604	-3.892
swarm_124_41.pdb	0	8.599	29.807	-4.007
swarm_116_194.pdb	0	21.704	88.180	-4.019
swarm_40_14.pdb	0	23.014	72.326	-4.079
swarm_65_193.pdb	0.0238095	7.542	34.743	-4.086
swarm_43_175.pdb	0	13.892	39.617	-4.224
swarm_73_51.pdb	0	11.171	68.934	-4.235
swarm_11_36.pdb	0	11.111	66.173	-4.343
swarm_121_186.pdb	0	13.954	74.488	-4.511
swarm_36_181.pdb	0	14.268	38.330	-4.755
swarm_40_134.pdb	0	16.970	77.738	-4.790
swarm_77_78.pdb	0	7.809	56.197	-4.799
swarm_46_175.pdb	0	16.106	92.926	-4.804
swarm_96_81.pdb	0	15.676	72.508	-4.853
swarm_48_105.pdb	0	6.820	15.650	-4.891
swarm_94_53.pdb	0	16.834	79.487	-4.978
swarm_67_47.pdb	0	14.744	91.812	-5.046
swarm_33_62.pdb	0	12.553	85.090	-5.050
swarm_33_149.pdb	0	19.254	81.569	-5.233
swarm_94_22.pdb	0	16.333	90.573	-5.243
swarm_41_176.pdb	0	14.683	84.665	-5.365
swarm_46_195.pdb	0	16.377	83.937	-5.522
swarm_58_105.pdb	0.0238095	6.837	17.390	-5.719
swarm_35_126.pdb	0	9.733	48.855	-5.730
swarm_59_104.pdb	0	14.592	84.622	-5.900
swarm_127_179.pdb	0	13.140	86.018	-6.005
swarm_33_188.pdb	0	12.176	90.836	-6.008
swarm_75_65.pdb	0	13.322	41.363	-6.130
swarm_88_152.pdb	0	8.311	47.696	-6.182
swarm_122_136.pdb	0	15.640	84.172	-6.276
swarm_48_194.pdb	0	8.942	37.170	-6.422
swarm_113_147.pdb	0	10.989	50.484	-6.487
swarm_88_136.pdb	0	7.569	44.030	-6.677
swarm_31_59.pdb	0	13.990	39.906	-6.728
swarm_60_63.pdb	0	20.032	71.403	-6.734
swarm_39_115.pdb	0	23.591	85.930	-6.809
swarm_89_10.pdb	0	11.741	48.392	-6.813
swarm_40_135.pdb	0	22.900	67.919	-6.940
swarm_44_140.pdb	0	10.211	40.491	-6.979
swarm_76_100.pdb	0	9.498	38.349	-7.090
swarm_0_177.pdb	0	20.457	58.993	-7.146
swarm_87_86.pdb	0	14.776	35.700	-7.172
swarm_51_111.pdb	0	22.326	68.115	-7.175
swarm_110_198.pdb	0	18.789	63.436	-7.237
swarm_107_76.pdb	0	20.423	86.978	-7.303
swarm_2_38.pdb	0	13.947	70.674	-7.339
swarm_17_19.pdb	0	11.527	52.119	-7.363
swarm_114_162.pdb	0	13.231	34.807	-7.476
swarm_91_61.pdb	0.119048	5.162	31.153	-7.532
swarm_0_7.pdb	0	17.247	59.378	-7.688
swarm_117_27.pdb	0	12.172	69.486	-7.693
swarm_56_50.pdb	0	14.906	32.734	-7.756
swarm_30_118.pdb	0	13.225	44.315	-7.859
swarm_116_104.pdb	0	21.389	98.162	-8.090
swarm_29_86.pdb	0	13.600	34.553	-8.136
swarm_24_7.pdb	0	13.819	68.408	-8.167
swarm_105_20.pdb	0.0238095	7.477	31.397	-8.186
swarm_26_59.pdb	0	8.578	53.637	-8.269
swarm_30_146.pdb	0.0714286	6.085	43.194	-8.274
swarm_108_181.pdb	0	16.065	83.833	-8.407
swarm_46_43.pdb	0	15.846	94.677	-8.441
swarm_0_143.pdb	0	12.283	67.782	-8.701
swarm_106_167.pdb	0	14.483	86.140	-8.703
swarm_46_131.pdb	0	16.366	85.711	-8.947
swarm_59_22.pdb	0	13.304	79.511	-8.982
swarm_101_47.pdb	0	8.949	62.332	-9.083
swarm_67_158.pdb	0	15.756	83.613	-9.148
swarm_113_32.pdb	0	15.879	44.170	-9.431
swarm_17_161.pdb	0	8.677	59.612	-9.725
swarm_87_44.pdb	0	10.608	41.771	-9.957
swarm_89_157.pdb	0	15.729	41.764	-10.016
swarm_13_179.pdb	0	22.168	88.095	-10.102
swarm_18_83.pdb	0	11.827	39.953	-10.126
swarm_25_198.pdb	0	6.652	36.296	-10.227
swarm_103_29.pdb	0	10.813	62.744	-10.329
swarm_116_161.pdb	0	17.511	93.711	-10.334
swarm_34_181.pdb	0	18.930	56.737	-10.343
swarm_116_191.pdb	0	18.466	93.839	-10.416
swarm_72_91.pdb	0	10.940	43.014	-10.544
swarm_104_139.pdb	0	10.134	36.963	-10.572
swarm_18_63.pdb	0.0238095	6.181	43.763	-10.602
swarm_16_125.pdb	0	12.038	65.248	-10.942
swarm_83_155.pdb	0	15.526	82.198	-11.065
swarm_122_8.pdb	0	12.186	83.789	-11.069
swarm_66_190.pdb	0	9.175	22.895	-11.167
swarm_13_52.pdb	0	18.780	82.754	-11.237
swarm_46_74.pdb	0	14.750	101.971	-11.280
swarm_47_105.pdb	0	10.975	48.685	-11.593
swarm_39_19.pdb	0	21.502	85.154	-11.811
swarm_19_87.pdb	0	17.040	87.223	-11.979
swarm_18_153.pdb	0	12.951	39.621	-12.112
swarm_39_182.pdb	0	23.151	83.722	-12.126
swarm_23_178.pdb	0	7.873	52.529	-12.146
swarm_91_105.pdb	0	7.948	30.326	-12.340
swarm_40_71.pdb	0	19.075	77.972	-12.365
swarm_89_164.pdb	0	14.065	36.326	-12.692
swarm_21_60.pdb	0	12.518	72.005	-12.760
swarm_22_7.pdb	0	10.651	35.785	-12.931
swarm_115_134.pdb	0	8.363	21.423	-13.416
swarm_13_117.pdb	0	22.297	80.894	-13.569
swarm_0_163.pdb	0	21.825	56.617	-13.843
swarm_104_29.pdb	0	9.554	37.376	-13.849
swarm_32_193.pdb	0	12.242	37.586	-14.106
swarm_60_74.pdb	0	12.765	78.181	-14.153
swarm_119_79.pdb	0	17.336	92.408	-14.209
swarm_38_184.pdb	0	10.313	24.979	-14.246
swarm_55_40.pdb	0	18.206	58.724	-14.325
swarm_12_110.pdb	0.0952381	6.515	47.306	-14.470
swarm_27_160.pdb	0	13.029	78.006	-14.615
swarm_94_51.pdb	0	15.432	81.975	-14.731
swarm_28_155.pdb	0	9.875	69.064	-14.826
swarm_34_140.pdb	0	16.905	63.189	-14.988
swarm_114_78.pdb	0	11.787	26.437	-15.045
swarm_97_196.pdb	0	16.770	89.485	-15.086
swarm_82_170.pdb	0	15.704	80.402	-15.126
swarm_69_116.pdb	0	17.236	79.587	-15.202
swarm_6_197.pdb	0	10.583	59.498	-15.288
swarm_62_88.pdb	0	19.359	75.769	-15.296
swarm_110_106.pdb	0	12.203	71.440	-15.324
swarm_80_89.pdb	0	16.715	89.916	-15.499
swarm_102_44.pdb	0	14.699	36.934	-15.522
swarm_41_25.pdb	0	16.757	86.949	-15.638
swarm_75_53.pdb	0	10.222	55.131	-15.908
swarm_67_121.pdb	0	15.439	92.838	-15.933
swarm_80_121.pdb	0	17.275	93.157	-15.967
swarm_63_159.pdb	0	15.413	36.719	-16.395
swarm_26_79.pdb	0	9.733	67.428	-16.458
swarm_97_6.pdb	0	18.865	82.278	-16.484
swarm_127_31.pdb	0	18.365	85.726	-16.597
swarm_118_181.pdb	0	16.216	93.609	-16.633
swarm_100_189.pdb	0	14.243	64.685	-16.679
swarm_125_175.pdb	0	18.268	95.990	-16.713
swarm_63_52.pdb	0.0952381	6.587	55.773	-16.796
swarm_87_26.pdb	0	8.216	36.355	-16.894
swarm_39_40.pdb	0	14.868	100.805	-16.960
swarm_102_112.pdb	0	7.045	55.821	-17.097
swarm_32_73.pdb	0	8.794	47.492	-17.294
swarm_21_165.pdb	0	16.214	51.310	-17.544
swarm_118_107.pdb	0	16.004	102.385	-17.570
swarm_30_110.pdb	0	9.180	58.913	-17.597
swarm_104_157.pdb	0	10.969	28.289	-17.609
swarm_83_178.pdb	0	17.998	89.945	-17.641
swarm_113_70.pdb	0	11.192	58.664	-17.750
swarm_94_164.pdb	0	20.064	93.988	-17.797
swarm_55_166.pdb	0	11.891	75.715	-17.876
swarm_46_22.pdb	0	18.446	95.726	-17.884
swarm_18_74.pdb	0.0238095	7.494	45.987	-18.130
swarm_18_60.pdb	0	14.657	33.750	-18.338
swarm_113_92.pdb	0	16.291	46.065	-18.389
swarm_59_189.pdb	0	17.627	84.101	-18.787
swarm_67_44.pdb	0	19.622	80.019	-18.815
swarm_76_66.pdb	0	8.167	50.842	-18.925
swarm_74_158.pdb	0	12.676	38.228	-19.006
swarm_104_166.pdb	0.142857	4.910	36.756	-19.141
swarm_117_18.pdb	0	15.617	65.037	-19.416
swarm_122_23.pdb	0	15.301	75.136	-19.519
swarm_29_15.pdb	0.047619	6.610	45.973	-19.611
swarm_91_108.pdb	0	11.859	27.025	-19.635
swarm_45_40.pdb	0.047619	6.755	19.390	-19.640
swarm_96_24.pdb	0	11.843	82.314	-19.767
swarm_112_186.pdb	0	11.735	67.044	-19.820
swarm_9_77.pdb	0	9.526	38.279	-19.878
swarm_97_176.pdb	0	16.921	85.037	-20.340
swarm_101_70.pdb	0	16.738	47.430	-20.354
swarm_118_189.pdb	0	20.655	96.507	-20.466
swarm_67_33.pdb	0	20.403	92.708	-20.750
swarm_69_151.pdb	0	12.769	89.675	-21.244
swarm_81_167.pdb	0	14.823	75.166	-21.389
swarm_108_186.pdb	0	18.139	75.824	-21.691
swarm_74_72.pdb	0	16.354	48.236	-21.706
swarm_119_19.pdb	0	16.753	94.700	-21.742
swarm_127_42.pdb	0	17.059	81.526	-21.886
swarm_28_125.pdb	0	11.624	68.214	-22.217
swarm_21_180.pdb	0	15.732	55.990	-22.237
swarm_109_69.pdb	0	14.400	90.960	-22.284
swarm_118_139.pdb	0	19.035	101.119	-22.316
swarm_59_169.pdb	0	15.631	80.212	-22.389
swarm_95_83.pdb	0	22.033	68.652	-22.563
swarm_23_112.pdb	0.047619	7.718	55.331	-22.672
swarm_124_110.pdb	0	11.268	29.825	-22.693
swarm_82_68.pdb	0	16.699	66.602	-22.717
swarm_13_66.pdb	0	22.502	69.181	-22.735
swarm_114_35.pdb	0	10.347	44.822	-22.745
swarm_5_147.pdb	0	11.854	53.344	-22.950
swarm_124_55.pdb	0	11.444	33.295	-23.072
swarm_12_114.pdb	0	7.962	43.261	-23.332
swarm_87_181.pdb	0	13.281	43.827	-23.385
swarm_52_77.pdb	0	9.598	27.904	-23.474
swarm_7_86.pdb	0.0238095	7.843	60.831	-23.803
swarm_92_1.pdb	0	14.825	37.397	-24.013
swarm_23_16.pdb	0	9.268	48.413	-24.279
swarm_29_150.pdb	0.0238095	7.363	44.722	-24.298
swarm_68_43.pdb	0	18.473	68.696	-24.406
swarm_25_50.pdb	0	9.837	45.429	-24.448
swarm_12_122.pdb	0	12.859	34.319	-24.696
swarm_79_188.pdb	0	11.075	24.172	-24.833
swarm_67_109.pdb	0	18.451	88.389	-25.092
swarm_95_157.pdb	0	15.098	99.160	-25.461
swarm_66_71.pdb	0.261905	4.660	26.763	-25.677
swarm_118_133.pdb	0	19.358	88.237	-25.758
swarm_62_166.pdb	0	11.475	75.553	-26.047
swarm_127_143.pdb	0	15.451	77.730	-26.409
swarm_31_177.pdb	0	10.074	33.139	-26.462
swarm_58_20.pdb	0.0238095	8.285	24.288	-26.653
swarm_99_70.pdb	0	15.088	73.871	-26.693
swarm_100_117.pdb	0	14.284	72.446	-26.733
swarm_104_54.pdb	0	9.101	47.454	-26.782
swarm_21_111.pdb	0	10.518	64.793	-26.937
swarm_126_192.pdb	0	11.305	74.866	-26.943
swarm_74_39.pdb	0.0238095	7.524	56.737	-26.949
swarm_115_5.pdb	0	9.185	28.318	-26.985
swarm_28_161.pdb	0	12.675	76.162	-27.056
swarm_122_2.pdb	0	12.852	84.169	-27.274
swarm_85_42.pdb	0	10.371	64.113	-27.458
swarm_104_148.pdb	0	9.985	47.785	-28.325
swarm_123_53.pdb	0	8.407	40.965	-28.473
swarm_33_143.pdb	0	20.240	68.909	-28.709
swarm_33_18.pdb	0	16.836	83.359	-28.892
swarm_29_114.pdb	0	15.185	45.570	-28.924
swarm_69_110.pdb	0	15.440	80.386	-28.990
swarm_89_41.pdb	0	13.221	46.175	-29.197
swarm_38_14.pdb	0	8.493	32.556	-29.828
swarm_120_109.pdb	0	16.043	82.778	-30.002
swarm_68_104.pdb	0	11.850	89.919	-30.081
swarm_14_129.pdb	0.0714286	6.488	31.218	-30.091
swarm_60_181.pdb	0	20.037	74.657	-30.160
swarm_63_166.pdb	0	14.768	54.186	-30.187
swarm_0_56.pdb	0.047619	9.915	77.486	-30.308
swarm_91_71.pdb	0	11.643	29.086	-30.506
swarm_115_19.pdb	0	8.885	33.170	-30.638
swarm_111_171.pdb	0	14.404	85.959	-31.334
swarm_107_94.pdb	0	19.155	78.040	-31.564
swarm_1_173.pdb	0	19.135	49.050	-31.852
swarm_1_25.pdb	0	14.271	65.699	-31.922
swarm_20_172.pdb	0	16.888	63.121	-32.005
swarm_67_67.pdb	0	16.906	78.690	-32.424
swarm_10_69.pdb	0	15.594	80.126	-32.602
swarm_52_101.pdb	0	11.990	27.095	-33.182
swarm_13_171.pdb	0	13.649	93.708	-33.332
swarm_120_134.pdb	0	12.876	81.953	-33.381
swarm_6_156.pdb	0	14.813	46.228	-33.402
swarm_101_83.pdb	0	15.008	60.550	-33.983
swarm_90_197.pdb	0.119048	6.779	38.979	-33.996
swarm_100_50.pdb	0	11.661	79.052	-34.172
swarm_84_108.pdb	0.119048	7.823	67.856	-34.381
swarm_97_64.pdb	0	14.507	94.883	-34.437
swarm_75_34.pdb	0.0238095	7.698	59.791	-34.516
swarm_50_85.pdb	0.047619	7.328	27.507	-34.544
swarm_101_106.pdb	0	16.768	49.723	-35.147
swarm_72_121.pdb	0	7.619	24.961	-35.304
swarm_99_68.pdb	0	11.906	67.784	-35.446
swarm_7_50.pdb	0.0238095	7.859	59.393	-35.520
swarm_25_152.pdb	0	13.629	35.123	-35.750
swarm_77_158.pdb	0.047619	6.711	46.086	-36.140
swarm_105_2.pdb	0	12.228	27.937	-36.170
swarm_120_71.pdb	0	16.848	88.579	-36.232
swarm_53_47.pdb	0.5	4.426	18.455	-36.276
swarm_21_13.pdb	0	14.396	66.834	-36.412
swarm_77_144.pdb	0	12.998	32.359	-36.583
swarm_31_104.pdb	0	9.585	45.394	-36.770
swarm_77_62.pdb	0	13.786	33.920	-36.929
swarm_124_54.pdb	0	9.743	36.997	-36.968
swarm_64_109.pdb	0	8.030	39.105	-37.232
swarm_102_181.pdb	0	14.293	47.756	-37.427
swarm_74_193.pdb	0	14.922	36.378	-38.508
swarm_14_24.pdb	0.0238095	8.461	45.902	-38.748
swarm_83_154.pdb	0	15.414	70.856	-39.033
swarm_109_78.pdb	0	14.556	89.484	-39.297
swarm_16_135.pdb	0	17.610	57.695	-39.768
swarm_118_165.pdb	0	21.444	100.572	-39.796
swarm_64_134.pdb	0	9.723	41.034	-39.945
swarm_104_77.pdb	0	10.665	36.588	-39.960
swarm_86_148.pdb	0	17.006	48.881	-40.104
swarm_81_169.pdb	0	10.661	82.717	-40.171
swarm_32_50.pdb	0	9.021	54.305	-40.443
swarm_80_55.pdb	0	17.011	79.949	-40.685
swarm_22_193.pdb	0	10.839	49.160	-40.814
swarm_87_143.pdb	0	12.594	33.626	-40.909
swarm_81_72.pdb	0	14.873	78.207	-40.957
swarm_11_194.pdb	0	10.237	70.098	-41.142
swarm_63_50.pdb	0	14.600	58.538	-41.459
swarm_28_39.pdb	0	11.775	75.442	-42.139
swarm_110_118.pdb	0	16.480	64.796	-42.343
swarm_86_11.pdb	0	14.094	64.337	-42.536
swarm_95_3.pdb	0	23.470	71.644	-43.343
swarm_26_196.pdb	0	14.058	56.999	-44.414
swarm_95_34.pdb	0	12.970	89.814	-44.473
swarm_91_196.pdb	0	10.892	33.845	-44.839
swarm_56_55.pdb	0	12.256	25.831	-44.883
swarm_127_133.pdb	0	20.038	81.909	-45.082
swarm_23_14.pdb	0	16.462	43.776	-45.145
swarm_8_100.pdb	0.333333	5.845	46.725	-45.199
swarm_77_42.pdb	0	15.200	40.100	-45.879
swarm_39_63.pdb	0	21.536	88.634	-46.059
swarm_82_137.pdb	0	14.733	71.940	-46.477
swarm_86_131.pdb	0	15.784	51.173	-46.485
swarm_3_145.pdb	0	17.880	69.947	-46.900
swarm_113_89.pdb	0	13.735	51.489	-46.971
swarm_92_42.pdb	0.214286	5.990	36.431	-47.065
swarm_80_72.pdb	0	14.110	98.646	-47.145
swarm_26_49.pdb	0	8.082	57.627	-47.167
swarm_125_66.pdb	0	18.322	86.204	-47.309
swarm_109_119.pdb	0	17.598	76.940	-47.332
swarm_62_1.pdb	0	11.132	80.341	-47.402
swarm_19_71.pdb	0	22.016	98.390	-47.913
swarm_79_117.pdb	0	11.701	34.575	-48.928
swarm_98_163.pdb	0	10.165	58.511	-48.947
swarm_30_1.pdb	0	8.287	56.330	-49.475
swarm_21_126.pdb	0.0238095	8.062	62.856	-49.739
swarm_127_10.pdb	0	20.928	75.778	-49.859
swarm_110_10.pdb	0	16.050	57.733	-50.492
swarm_69_173.pdb	0	12.410	79.062	-51.160
swarm_116_139.pdb	0	14.757	98.803	-51.200
swarm_108_76.pdb	0	15.380	86.065	-51.492
swarm_104_96.pdb	0	12.815	37.611	-51.530
swarm_84_195.pdb	0	11.515	58.372	-51.687
swarm_16_140.pdb	0	9.490	73.878	-52.185
swarm_105_158.pdb	0.0238095	8.486	39.421	-52.650
swarm_110_105.pdb	0	10.305	75.264	-53.197
swarm_91_60.pdb	0	10.972	43.138	-53.432
swarm_99_188.pdb	0	15.836	67.039	-53.500
swarm_17_88.pdb	0.0714286	7.615	63.316	-53.694
swarm_89_161.pdb	0	13.271	37.860	-53.966
swarm_110_181.pdb	0	17.994	53.858	-54.249
swarm_102_180.pdb	0	8.967	42.710	-54.583
swarm_89_153.pdb	0.0238095	6.701	54.647	-55.514
swarm_40_27.pdb	0	14.313	78.393	-55.517
swarm_48_179.pdb	0	11.255	38.782	-55.667
swarm_74_109.pdb	0	14.613	57.347	-56.231
swarm_40_138.pdb	0	15.167	80.132	-56.321
swarm_4_40.pdb	0	15.991	50.549	-56.554
swarm_86_103.pdb	0	16.385	57.641	-56.677
swarm_107_191.pdb	0	18.113	90.838	-56.778
swarm_70_51.pdb	0	11.461	62.859	-57.078
swarm_73_36.pdb	0	14.529	45.880	-57.241
swarm_9_140.pdb	0	9.378	35.249	-57.459
swarm_111_196.pdb	0	14.208	76.109	-57.619
swarm_31_7.pdb	0	12.873	52.442	-57.722
swarm_67_115.pdb	0	12.583	96.346	-58.046
swarm_30_159.pdb	0	15.968	47.843	-58.158
swarm_57_51.pdb	0	12.334	25.611	-58.529
swarm_77_125.pdb	0	11.689	34.562	-58.575
swarm_83_22.pdb	0	13.803	91.032	-58.582
swarm_87_168.pdb	0	13.932	38.710	-58.671
swarm_98_79.pdb	0	10.565	83.097	-59.246
swarm_18_178.pdb	0	9.538	49.197	-60.378
swarm_108_190.pdb	0	18.158	84.159	-60.749
swarm_25_186.pdb	0	13.862	47.814	-62.094
swarm_79_31.pdb	0	7.505	35.761	-62.892
swarm_100_116.pdb	0	16.128	70.729	-62.946
swarm_31_163.pdb	0	8.584	50.882	-63.544
swarm_120_192.pdb	0	18.096	82.544	-63.604
swarm_7_138.pdb	0.0714286	6.742	55.170	-63.657
swarm_98_96.pdb	0	14.011	59.754	-63.702
swarm_91_175.pdb	0	12.470	38.343	-64.052
swarm_5_184.pdb	0	9.728	71.520	-64.118
swarm_119_153.pdb	0	17.111	83.988	-64.840
swarm_62_3.pdb	0	20.455	63.231	-65.514
swarm_109_177.pdb	0	14.492	85.387	-65.885
swarm_45_128.pdb	0.666667	4.322	23.081	-66.109
swarm_17_196.pdb	0	14.572	45.285	-66.744
swarm_28_100.pdb	0	16.104	56.116	-66.986
swarm_111_116.pdb	0	12.480	79.018	-67.563
swarm_63_112.pdb	0	14.288	36.315	-67.573
swarm_125_8.pdb	0	15.567	92.701	-67.900
swarm_46_155.pdb	0	18.200	86.383	-68.582
swarm_125_35.pdb	0	16.699	83.630	-68.626
swarm_75_130.pdb	0	10.470	32.537	-69.426
swarm_111_28.pdb	0	14.650	82.126	-69.498
swarm_20_124.pdb	0	11.456	79.875	-69.601
swarm_17_157.pdb	0	10.075	69.225	-70.011
swarm_16_13.pdb	0	7.847	56.231	-71.533
swarm_81_156.pdb	0	14.670	73.498	-72.413
swarm_14_13.pdb	0.0952381	7.050	41.720	-73.032
swarm_92_131.pdb	0.666667	4.939	33.357	-73.346
swarm_100_173.pdb	0	12.343	79.678	-73.464
swarm_15_23.pdb	0	11.984	78.248	-73.541
swarm_20_185.pdb	0	10.643	77.624	-74.434
swarm_21_76.pdb	0	13.908	63.282	-74.856
swarm_46_50.pdb	0	22.139	82.422	-75.362
swarm_14_147.pdb	0	12.771	32.461	-76.598
swarm_29_146.pdb	0.047619	9.001	52.731	-78.229
swarm_80_11.pdb	0	18.093	93.531	-78.390
swarm_4_68.pdb	0	9.067	56.882	-78.667
swarm_7_21.pdb	0	14.452	39.110	-78.805
swarm_2_79.pdb	0	9.640	78.201	-79.947
swarm_4_101.pdb	0	14.286	55.296	-80.026
swarm_53_175.pdb	0	8.293	22.639	-81.494
swarm_24_46.pdb	0	18.585	70.493	-81.533
swarm_18_68.pdb	0.0714286	6.927	41.765	-82.002
swarm_58_158.pdb	0	10.734	28.253	-82.003
swarm_39_166.pdb	0	20.727	80.679	-82.324
swarm_100_32.pdb	0	14.445	61.218	-82.680
swarm_21_32.pdb	0	16.502	51.531	-83.028
swarm_91_35.pdb	0	8.402	28.599	-83.067
swarm_61_99.pdb	0	10.879	57.162	-83.304
swarm_112_94.pdb	0	12.031	73.256	-83.500
swarm_119_164.pdb	0	14.426	96.232	-83.700
swarm_53_145.pdb	0	8.145	23.894	-83.704
swarm_117_89.pdb	0	17.729	65.176	-83.921
swarm_55_12.pdb	0	10.396	76.777	-83.967
swarm_52_146.pdb	0.0714286	7.763	39.929	-84.397
swarm_23_143.pdb	0.142857	6.383	54.023	-84.622
swarm_16_40.pdb	0	14.921	49.099	-84.653
swarm_96_28.pdb	0	16.751	79.014	-84.722
swarm_35_50.pdb	0.0952381	7.952	60.637	-84.763
swarm_122_182.pdb	0	16.779	69.399	-86.343
swarm_110_151.pdb	0	17.402	55.236	-86.837
swarm_27_97.pdb	0	16.596	73.365	-86.891
swarm_125_120.pdb	0	15.734	93.052	-87.189
swarm_90_164.pdb	0	9.984	24.116	-87.201
swarm_46_117.pdb	0	21.385	80.032	-88.411
swarm_61_159.pdb	0	11.125	44.170	-89.121
swarm_16_78.pdb	0.0238095	8.973	72.073	-91.456
swarm_83_199.pdb	0	13.904	73.753	-92.515
swarm_88_107.pdb	0.119048	7.260	50.835	-92.818
swarm_123_36.pdb	0	11.669	34.338	-92.929
swarm_69_47.pdb	0	16.479	69.165	-93.403
swarm_106_136.pdb	0	19.334	68.581	-93.620
swarm_58_100.pdb	0	9.741	30.973	-94.420
swarm_95_58.pdb	0	12.451	83.215	-94.469
swarm_74_103.pdb	0	13.181	41.039	-94.916
swarm_22_143.pdb	0	10.432	45.611	-96.034
swarm_26_32.pdb	0	15.560	56.206	-96.237
swarm_93_163.pdb	0	19.272	88.508	-99.319
swarm_11_121.pdb	0	13.542	50.498	-101.063
swarm_53_71.pdb	0.714286	5.407	30.148	-101.705
swarm_6_196.pdb	0.119048	7.839	62.516	-102.733
swarm_43_107.pdb	0	12.682	46.825	-102.930
swarm_99_52.pdb	0	13.729	57.188	-103.103
swarm_29_160.pdb	0.142857	7.323	57.429	-103.626
swarm_49_44.pdb	0.619048	6.695	35.661	-103.848
swarm_53_36.pdb	0.0714286	7.867	33.174	-104.169
swarm_16_95.pdb	0	17.532	53.729	-104.277
swarm_27_194.pdb	0	10.485	80.935	-104.673
swarm_103_92.pdb	0	14.002	57.815	-106.606
swarm_108_12.pdb	0	11.839	74.468	-106.855
swarm_125_0.pdb	0	17.367	93.059	-110.111
swarm_85_60.pdb	0	12.313	56.568	-110.585
swarm_15_25.pdb	0	11.082	72.102	-111.398
swarm_96_0.pdb	0	10.765	68.036	-112.077
swarm_68_84.pdb	0	14.195	74.129	-112.972
swarm_26_87.pdb	0	16.148	46.584	-112.988
swarm_97_25.pdb	0	17.433	93.573	-114.134
swarm_48_166.pdb	0.166667	6.892	18.686	-115.292
swarm_96_148.pdb	0	12.937	73.059	-115.730
swarm_93_179.pdb	0	13.782	92.584	-117.633
swarm_70_162.pdb	0	11.906	60.297	-119.226
swarm_113_72.pdb	0	8.509	56.675	-119.231
swarm_18_15.pdb	0.047619	7.619	29.877	-119.637
swarm_102_93.pdb	0	12.986	40.841	-120.414
swarm_59_156.pdb	0	17.381	81.931	-120.803
swarm_58_42.pdb	0.47619	5.769	33.461	-121.267
swarm_11_29.pdb	0	17.201	57.214	-122.497
swarm_125_7.pdb	0	17.741	90.683	-122.798
swarm_50_124.pdb	0.0238095	9.038	35.403	-123.445
swarm_104_95.pdb	0	12.627	41.804	-124.037
swarm_120_178.pdb	0	15.122	90.034	-124.292
swarm_115_61.pdb	0	9.644	28.209	-124.680
swarm_103_188.pdb	0	12.938	42.117	-125.272
swarm_119_161.pdb	0	17.080	90.334	-126.174
swarm_105_72.pdb	0	13.630	31.680	-127.067
swarm_79_85.pdb	0	10.995	37.460	-127.526
swarm_32_72.pdb	0	13.861	39.731	-128.520
swarm_108_71.pdb	0	13.241	69.688	-130.032
swarm_109_116.pdb	0	15.857	90.377	-132.044
swarm_111_101.pdb	0	15.882	63.995	-132.944
swarm_119_89.pdb	0	16.813	86.048	-133.072
swarm_101_18.pdb	0	15.017	58.827	-134.063
swarm_120_196.pdb	0	16.883	78.113	-134.616
swarm_87_8.pdb	0	12.936	42.518	-137.658
swarm_54_157.pdb	0	12.231	57.332	-138.536
swarm_98_75.pdb	0	12.461	63.566	-146.234
swarm_28_131.pdb	0	15.225	64.865	-147.735
swarm_38_73.pdb	0	8.871	22.981	-148.339
swarm_27_32.pdb	0	9.469	77.951	-148.655
swarm_34_141.pdb	0.119048	7.979	68.312	-149.065
swarm_22_101.pdb	0	11.905	42.496	-149.386
swarm_21_133.pdb	0	16.273	58.120	-149.631
swarm_8_184.pdb	0	11.007	31.048	-150.958
swarm_9_153.pdb	0	12.862	31.934	-151.678
swarm_88_30.pdb	0	12.348	32.705	-152.355
swarm_65_125.pdb	0	9.561	24.013	-152.860
swarm_30_104.pdb	0	9.345	63.977	-155.659
swarm_21_51.pdb	0.047619	8.238	73.442	-155.958
swarm_84_158.pdb	0	12.618	53.942	-156.622
swarm_71_43.pdb	0	10.167	59.228	-159.525
swarm_80_46.pdb	0	17.687	82.056	-159.749
swarm_124_145.pdb	0	9.679	40.785	-160.010
swarm_15_100.pdb	0	15.512	68.258	-160.978
swarm_66_51.pdb	0	10.120	35.815	-161.862
swarm_94_61.pdb	0	18.181	76.829	-162.950
swarm_64_0.pdb	0	9.583	32.094	-162.985
swarm_10_176.pdb	0	16.147	64.423	-163.014
swarm_5_114.pdb	0	13.139	49.833	-163.037
swarm_93_96.pdb	0	19.686	82.124	-164.164
swarm_23_133.pdb	0	15.539	41.652	-164.628
swarm_50_41.pdb	0	9.585	25.415	-164.776
swarm_29_194.pdb	0	13.235	35.339	-166.580
swarm_120_4.pdb	0	13.127	86.015	-167.952
swarm_108_138.pdb	0	18.396	74.820	-168.165
swarm_49_172.pdb	0	11.903	30.203	-170.828
swarm_25_168.pdb	0	11.712	49.467	-171.869
swarm_78_157.pdb	0.0714286	7.865	53.496	-172.214
swarm_27_106.pdb	0	16.008	65.977	-172.923
swarm_6_83.pdb	0	12.949	45.751	-173.436
swarm_4_100.pdb	0.0952381	7.918	64.122	-175.565
swarm_125_31.pdb	0	15.181	96.467	-175.829
swarm_86_173.pdb	0	12.785	59.652	-177.262
swarm_118_73.pdb	0	17.276	85.591	-179.566
swarm_72_82.pdb	0	10.460	52.216	-180.478
swarm_94_12.pdb	0	14.441	82.836	-180.585
swarm_93_173.pdb	0	13.727	86.587	-180.607
swarm_22_9.pdb	0	11.899	49.330	-181.684
swarm_19_21.pdb	0	13.409	88.670	-181.701
swarm_98_169.pdb	0	11.703	64.382	-181.789
swarm_35_26.pdb	0	12.116	51.335	-182.291
swarm_102_107.pdb	0.0238095	8.884	59.776	-185.011
swarm_71_119.pdb	0	12.531	44.759	-185.549
swarm_119_122.pdb	0	14.916	93.933	-186.161
swarm_119_116.pdb	0	16.056	93.316	-187.741
swarm_109_140.pdb	0	15.478	86.891	-189.753
swarm_121_128.pdb	0	15.094	60.685	-190.418
swarm_47_170.pdb	0	10.805	54.542	-190.668
swarm_20_20.pdb	0	14.105	66.175	-192.534
swarm_124_82.pdb	0	9.636	47.599	-193.464
swarm_14_131.pdb	0	8.801	35.117	-195.598
swarm_18_94.pdb	0	12.550	36.815	-195.980
swarm_116_80.pdb	0	17.050	88.592	-196.292
swarm_23_51.pdb	0.190476	7.698	63.716	-196.884
swarm_119_170.pdb	0	15.207	82.608	-197.231
swarm_27_39.pdb	0	15.145	63.130	-197.324
swarm_122_161.pdb	0	15.392	64.677	-198.032
swarm_3_11.pdb	0	11.182	66.939	-198.401
swarm_114_151.pdb	0.642857	6.940	47.734	-199.134
swarm_58_164.pdb	0.0238095	8.317	32.394	-201.324
swarm_10_76.pdb	0	10.883	81.992	-201.959
swarm_111_72.pdb	0	13.218	74.947	-202.021
swarm_120_75.pdb	0	10.833	82.039	-202.356
swarm_64_43.pdb	0	9.552	39.248	-203.497
swarm_104_147.pdb	0	10.903	48.156	-206.658
swarm_58_166.pdb	0	11.725	28.777	-206.727
swarm_103_144.pdb	0.0238095	8.341	52.020	-207.122
swarm_35_134.pdb	0.047619	9.985	46.444	-210.213
swarm_15_130.pdb	0	13.303	59.849	-210.244
swarm_85_151.pdb	0	9.958	65.421	-210.545
swarm_45_107.pdb	0	8.904	27.061	-211.678
swarm_112_78.pdb	0	12.803	66.939	-212.224
swarm_71_172.pdb	0	9.552	49.502	-213.310
swarm_15_161.pdb	0	15.942	58.062	-213.698
swarm_126_32.pdb	0	14.736	61.337	-214.003
swarm_81_6.pdb	0	11.996	68.765	-215.085
swarm_112_176.pdb	0	12.696	53.666	-216.676
swarm_127_119.pdb	0	13.001	85.229	-218.442
swarm_90_11.pdb	0	11.408	35.586	-224.722
swarm_70_165.pdb	0	13.954	51.951	-226.442
swarm_11_104.pdb	0	12.563	54.030	-227.621
swarm_32_63.pdb	0.261905	7.665	47.348	-229.416
swarm_28_33.pdb	0	15.175	59.915	-238.810
swarm_9_193.pdb	0	12.854	31.597	-239.986
swarm_109_129.pdb	0	13.575	82.325	-240.305
swarm_124_81.pdb	0	12.461	38.853	-241.225
swarm_15_11.pdb	0	13.914	67.291	-241.512
swarm_3_181.pdb	0.047619	8.540	69.258	-245.476
swarm_101_113.pdb	0	10.423	67.569	-253.404
swarm_29_26.pdb	0	15.040	38.992	-253.483
swarm_97_72.pdb	0	15.602	80.385	-256.619
swarm_118_100.pdb	0	14.064	92.157	-258.470
swarm_42_91.pdb	0	14.930	49.275	-264.671
swarm_74_69.pdb	0	14.133	41.462	-266.441
swarm_87_188.pdb	0.047619	9.564	53.275	-269.808
swarm_121_5.pdb	0	13.592	63.334	-270.345
swarm_3_194.pdb	0	14.186	62.323	-272.831
swarm_26_153.pdb	0.238095	7.868	61.797	-275.280
swarm_56_74.pdb	0	13.910	38.381	-277.171
swarm_64_6.pdb	0.0714286	9.780	43.862	-280.283
swarm_30_34.pdb	0.0238095	8.742	41.074	-280.789
swarm_64_32.pdb	0	9.954	31.905	-284.633
swarm_85_175.pdb	0.0238095	9.520	63.823	-286.842
swarm_28_176.pdb	0.0714286	9.095	74.529	-287.765
swarm_52_188.pdb	0	10.464	31.060	-288.305
swarm_77_170.pdb	0.047619	10.146	48.037	-303.916
swarm_75_97.pdb	0	9.792	52.469	-312.799
swarm_20_130.pdb	0	13.091	68.384	-312.941
swarm_27_58.pdb	0	12.334	80.358	-317.865
swarm_11_160.pdb	0.0238095	9.212	67.247	-332.612
swarm_5_33.pdb	0	10.879	60.932	-380.935
swarm_63_0.pdb	0	13.331	47.261	-442.770
swarm_31_117.pdb	0	12.062	43.866	-480.944
