2r6g-cyto_89w.pdb	0	24.781	94.262	-336.0818
2r6g-cyto_83w.pdb	0	30.720	76.099	-322.6118
2r6g-cyto_91w.pdb	0	28.004	62.403	-302.4636
2r6g-cyto_99w.pdb	0	30.608	71.452	-284.486
2r6g-cyto_58w.pdb	0	29.245	66.897	-277.9752
2r6g-cyto_79w.pdb	0	37.757	94.390	-271.74554
2r6g-cyto_30w.pdb	0	33.122	85.030	-267.0818
2r6g-cyto_19w.pdb	0	31.871	71.943	-263.3291
2r6g-cyto_93w.pdb	0	32.924	84.434	-259.4777
2r6g-cyto_78w.pdb	0	34.177	80.729	-257.5987
2r6g-cyto_69w.pdb	0	42.109	104.957	-254.7706
2r6g-cyto_45w.pdb	0	29.007	66.018	-254.6954
2r6g-cyto_55w.pdb	0	26.949	66.185	-248.5159
2r6g-cyto_63w.pdb	0	32.063	79.576	-247.7972
2r6g-cyto_44w.pdb	0	38.422	92.277	-247.5755
2r6g-cyto_96w.pdb	0	35.391	91.034	-245.2414
2r6g-cyto_84w.pdb	0	25.005	75.271	-243.83834
2r6g-cyto_62w.pdb	0	29.225	70.647	-243.6889
2r6g-cyto_18w.pdb	0	28.528	74.764	-242.3252
2r6g-cyto_61w.pdb	0	30.216	70.103	-238.5132
2r6g-cyto_71w.pdb	0.0289855	17.753	64.788	-229.7434
2r6g-cyto_7w.pdb	0	24.203	80.811	-226.7953
2r6g-cyto_31w.pdb	0	18.908	78.211	-226.5109
2r6g-cyto_26w.pdb	0	30.044	64.730	-225.4544
2r6g-cyto_27w.pdb	0	35.954	86.582	-222.7076
2r6g-cyto_72w.pdb	0	34.616	87.645	-221.2361
2r6g-cyto_32w.pdb	0	27.021	74.239	-220.4656
2r6g-cyto_17w.pdb	0	19.261	78.749	-219.46056
2r6g-cyto_49w.pdb	0	27.594	63.838	-219.0137
2r6g-cyto_14w.pdb	0	22.552	73.123	-218.67521
2r6g-cyto_88w.pdb	0	34.313	86.900	-217.1323
2r6g-cyto_36w.pdb	0	27.862	72.872	-216.3142
2r6g-cyto_97w.pdb	0	30.078	73.759	-215.67292
2r6g-cyto_92w.pdb	0	43.511	110.014	-215.4658
2r6g-cyto_57w.pdb	0	43.059	110.121	-214.9558
2r6g-cyto_38w.pdb	0.00724638	15.688	70.875	-214.5632
2r6g-cyto_94w.pdb	0	35.815	75.473	-213.3848
2r6g-cyto_24w.pdb	0	28.297	67.218	-213.317
2r6g-cyto_86w.pdb	0	32.375	71.124	-211.2903
2r6g-cyto_56w.pdb	0	36.104	89.322	-209.3311
2r6g-cyto_21w.pdb	0	21.864	69.551	-209.1877
2r6g-cyto_60w.pdb	0	34.193	76.457	-207.7293
2r6g-cyto_5w.pdb	0	35.791	95.568	-207.5028
2r6g-cyto_9w.pdb	0	26.501	62.814	-206.81806
2r6g-cyto_48w.pdb	0	20.135	78.160	-206.5106
2r6g-cyto_82w.pdb	0	30.773	80.584	-206.4281
2r6g-cyto_39w.pdb	0	26.516	111.675	-206.3284
2r6g-cyto_11w.pdb	0	29.008	83.631	-204.5471
2r6g-cyto_76w.pdb	0	40.463	109.947	-204.27714
2r6g-cyto_12w.pdb	0	36.321	95.988	-203.6588
2r6g-cyto_80w.pdb	0	23.604	87.493	-202.53036
2r6g-cyto_67w.pdb	0	43.336	111.081	-198.8492
2r6g-cyto_81w.pdb	0	37.293	95.428	-198.77004
2r6g-cyto_10w.pdb	0	41.241	101.526	-192.4248
2r6g-cyto_6w.pdb	0	34.153	88.957	-191.4346
2r6g-cyto_23w.pdb	0	19.226	74.668	-190.5722
2r6g-cyto_46w.pdb	0	38.093	93.796	-190.2866
2r6g-cyto_87w.pdb	0	31.939	70.691	-190.1637
2r6g-cyto_66w.pdb	0	28.235	76.097	-189.55646
2r6g-cyto_25w.pdb	0	25.945	95.904	-188.95016
2r6g-cyto_75w.pdb	0	34.655	72.776	-188.2327
2r6g-cyto_59w.pdb	0	38.889	98.841	-186.0471
2r6g-cyto_33w.pdb	0	32.736	72.355	-185.52446
2r6g-cyto_35w.pdb	0	19.690	76.524	-185.43968
2r6g-cyto_43w.pdb	0	34.654	77.822	-184.9034
2r6g-cyto_65w.pdb	0	28.239	68.357	-183.90258
2r6g-cyto_29w.pdb	0	34.710	88.867	-183.8777
2r6g-cyto_74w.pdb	0	14.119	86.597	-183.51506
2r6g-cyto_41w.pdb	0	34.748	90.080	-181.51904
2r6g-cyto_28w.pdb	0	24.142	82.852	-181.3698
2r6g-cyto_42w.pdb	0	33.750	76.014	-180.2857
2r6g-cyto_98w.pdb	0	32.390	74.770	-179.68638
2r6g-cyto_50w.pdb	0	37.740	94.376	-178.0019
2r6g-cyto_37w.pdb	0	23.755	76.375	-172.885
2r6g-cyto_16w.pdb	0	32.984	72.500	-169.3804
2r6g-cyto_8w.pdb	0	23.128	75.874	-168.46417
2r6g-cyto_20w.pdb	0	34.774	88.169	-167.91486
2r6g-cyto_40w.pdb	0	36.927	94.879	-166.33268
2r6g-cyto_68w.pdb	0	36.369	93.649	-165.83886
2r6g-cyto_2w.pdb	0	33.023	73.424	-165.607
2r6g-cyto_22w.pdb	0	31.430	69.347	-163.2366
2r6g-cyto_64w.pdb	0	39.202	90.984	-162.910324
2r6g-cyto_85w.pdb	0	34.426	83.962	-162.41998
2r6g-cyto_4w.pdb	0	23.914	70.870	-160.53952
2r6g-cyto_13w.pdb	0	30.984	68.857	-159.2945
2r6g-cyto_34w.pdb	0	34.385	81.145	-149.8162
2r6g-cyto_51w.pdb	0	35.392	84.531	-148.9525
2r6g-cyto_1w.pdb	0	34.780	78.040	-145.5636
2r6g-cyto_3w.pdb	0	35.587	72.508	-143.32382
2r6g-cyto_90w.pdb	0	33.537	74.359	-141.4194
2r6g-cyto_73w.pdb	0	27.433	60.574	1276.31766
2r6g-cyto_100w.pdb	0	30.926	79.990	1405.9919
2r6g-cyto_77w.pdb	0	33.329	84.260	1422.5271
2r6g-cyto_52w.pdb	0	35.895	91.285	1451.68468
2r6g-cyto_47w.pdb	0	27.856	75.301	1969.1486
2r6g-cyto_53w.pdb	0	194.071	239.195	2035.6677
2r6g-cyto_95w.pdb	0	194.974	204.047	491589.0195
2r6g-cyto_15w.pdb	0	162.370	198.566	1253145.88306
2r6g-cyto_54w.pdb	0	176.901	195.151	1462274.8012
2r6g-cyto_70w.pdb	0	195.573	221.342	3204944.3573
				
				
