swarm_90_71.pdb	0.0153846	15.917	24.916	36.986
swarm_99_103.pdb	0	10.874	20.089	35.314
swarm_105_82.pdb	0	15.300	24.808	34.941
swarm_84_80.pdb	0.0384615	13.149	26.747	34.682
swarm_99_10.pdb	0	15.721	24.997	34.099
swarm_99_165.pdb	0.0384615	15.940	23.266	33.552
swarm_92_64.pdb	0.0846154	9.438	20.594	32.233
swarm_122_160.pdb	0	21.045	43.178	32.108
swarm_106_119.pdb	0.00769231	13.331	22.935	31.817
swarm_110_191.pdb	0	17.169	28.832	31.549
swarm_95_126.pdb	0	24.971	48.651	31.426
swarm_110_178.pdb	0	10.075	22.308	31.203
swarm_122_50.pdb	0	20.571	47.087	30.824
swarm_111_99.pdb	0	13.683	24.987	30.744
swarm_105_92.pdb	0.0153846	10.805	20.033	30.736
swarm_105_136.pdb	0.1	10.021	16.950	30.439
swarm_90_148.pdb	0.0153846	15.345	22.452	30.244
swarm_103_17.pdb	0	19.234	45.151	30.206
swarm_116_190.pdb	0.00769231	9.168	15.409	30.050
swarm_121_190.pdb	0	12.096	36.382	30.017
swarm_86_33.pdb	0	18.314	44.394	29.880
swarm_6_70.pdb	0	14.291	35.804	29.500
swarm_88_184.pdb	0	13.144	25.385	29.474
swarm_55_49.pdb	0	18.792	39.038	28.937
swarm_116_138.pdb	0.0153846	16.550	25.039	28.762
swarm_114_56.pdb	0	25.231	50.480	28.726
swarm_114_170.pdb	0.00769231	20.678	51.274	28.722
swarm_111_73.pdb	0.0153846	10.882	26.937	28.716
swarm_9_58.pdb	0	18.218	44.949	28.537
swarm_85_82.pdb	0	13.667	31.611	28.478
swarm_90_2.pdb	0.0307692	10.394	19.208	28.431
swarm_70_3.pdb	0	20.162	37.241	28.377
swarm_74_40.pdb	0.00769231	11.893	34.230	28.244
swarm_19_23.pdb	0	18.426	33.250	27.943
swarm_111_24.pdb	0.0307692	14.409	26.705	27.838
swarm_92_27.pdb	0	14.026	24.206	27.770
swarm_98_161.pdb	0	11.895	27.300	27.631
swarm_63_195.pdb	0	25.611	49.536	27.482
swarm_10_127.pdb	0	20.287	50.831	27.379
swarm_109_188.pdb	0	12.961	31.040	27.370
swarm_10_34.pdb	0	25.474	51.794	27.288
swarm_88_27.pdb	0.130769	6.563	14.656	27.149
swarm_92_93.pdb	0.0615385	14.051	23.445	26.940
swarm_9_161.pdb	0	23.161	48.909	26.780
swarm_111_172.pdb	0	14.064	27.824	26.741
swarm_99_58.pdb	0	15.136	24.431	26.541
swarm_106_159.pdb	0	18.944	34.529	26.530
swarm_82_182.pdb	0.00769231	13.674	38.709	26.460
swarm_109_35.pdb	0.0307692	17.459	34.037	26.447
swarm_52_65.pdb	0	19.439	35.639	26.395
swarm_75_9.pdb	0	24.770	50.323	26.296
swarm_92_79.pdb	0	17.026	26.697	26.278
swarm_20_121.pdb	0	20.986	47.513	26.087
swarm_50_111.pdb	0	14.816	26.455	26.078
swarm_88_116.pdb	0.0153846	16.142	26.811	26.050
swarm_81_154.pdb	0	18.910	42.790	26.034
swarm_78_102.pdb	0	21.604	48.547	25.918
swarm_108_55.pdb	0	18.927	51.623	25.781
swarm_63_53.pdb	0	21.025	44.728	25.586
swarm_116_120.pdb	0	15.018	22.890	25.583
swarm_86_46.pdb	0	19.332	46.711	25.563
swarm_105_45.pdb	0	16.624	28.299	25.466
swarm_90_81.pdb	0	17.366	27.309	25.449
swarm_77_59.pdb	0	17.636	41.444	25.420
swarm_11_75.pdb	0	24.223	50.901	25.411
swarm_8_56.pdb	0	22.162	51.126	25.410
swarm_73_22.pdb	0.00769231	13.676	30.528	25.404
swarm_107_42.pdb	0	14.049	29.693	25.343
swarm_89_30.pdb	0	18.788	45.754	25.258
swarm_60_82.pdb	0	16.303	27.294	25.233
swarm_56_124.pdb	0	18.478	42.306	25.127
swarm_84_161.pdb	0.00769231	17.476	31.194	25.031
swarm_84_155.pdb	0	14.193	23.225	24.993
swarm_115_180.pdb	0	24.935	50.525	24.936
swarm_6_13.pdb	0	16.264	34.803	24.930
swarm_99_135.pdb	0.0230769	15.613	25.702	24.891
swarm_49_85.pdb	0	15.380	28.149	24.884
swarm_6_44.pdb	0	20.480	38.945	24.883
swarm_11_7.pdb	0	22.006	48.705	24.861
swarm_10_19.pdb	0	24.493	52.003	24.783
swarm_110_169.pdb	0	16.571	27.770	24.771
swarm_116_26.pdb	0	15.755	25.646	24.765
swarm_6_87.pdb	0	19.187	42.530	24.710
swarm_105_21.pdb	0	15.949	28.607	24.704
swarm_19_16.pdb	0	13.367	31.102	24.703
swarm_60_178.pdb	0	13.471	25.162	24.698
swarm_105_20.pdb	0	11.033	20.757	24.653
swarm_34_143.pdb	0	19.723	47.935	24.630
swarm_55_45.pdb	0	23.539	45.446	24.568
swarm_68_2.pdb	0.00769231	15.534	24.414	24.499
swarm_109_41.pdb	0	18.661	33.817	24.477
swarm_60_158.pdb	0	17.312	28.168	24.404
swarm_85_173.pdb	0	17.029	40.172	24.389
swarm_90_165.pdb	0.130769	5.774	19.340	24.328
swarm_79_191.pdb	0.00769231	16.838	33.099	24.291
swarm_86_152.pdb	0	22.986	51.944	24.262
swarm_54_103.pdb	0.0153846	13.541	36.873	24.245
swarm_20_171.pdb	0	22.702	52.731	24.232
swarm_111_136.pdb	0.00769231	10.926	31.105	24.197
swarm_117_197.pdb	0	17.019	36.617	24.021
swarm_42_72.pdb	0	15.774	27.669	23.961
swarm_115_108.pdb	0	22.167	49.095	23.939
swarm_79_181.pdb	0	17.217	31.478	23.936
swarm_11_73.pdb	0	23.721	49.778	23.849
swarm_5_42.pdb	0	19.677	44.733	23.829
swarm_110_25.pdb	0	15.278	28.008	23.828
swarm_78_60.pdb	0	21.373	41.121	23.826
swarm_118_139.pdb	0.00769231	16.962	30.411	23.786
swarm_43_35.pdb	0.00769231	15.873	30.011	23.775
swarm_9_143.pdb	0	21.741	48.192	23.748
swarm_10_1.pdb	0	28.535	56.177	23.729
swarm_82_100.pdb	0	15.890	37.783	23.698
swarm_85_87.pdb	0	17.351	36.149	23.607
swarm_92_23.pdb	0	14.068	24.077	23.573
swarm_63_160.pdb	0	21.484	50.413	23.573
swarm_110_10.pdb	0	14.609	23.883	23.514
swarm_56_165.pdb	0	21.469	46.621	23.509
swarm_53_79.pdb	0	12.226	29.826	23.507
swarm_21_191.pdb	0	23.569	55.130	23.493
swarm_75_27.pdb	0	22.754	46.109	23.465
swarm_16_117.pdb	0	13.530	36.241	23.409
swarm_16_197.pdb	0	18.716	42.043	23.390
swarm_19_61.pdb	0	16.502	37.913	23.235
swarm_95_59.pdb	0	21.977	51.497	23.111
swarm_107_94.pdb	0	15.800	35.019	23.105
swarm_37_38.pdb	0	22.230	42.808	23.050
swarm_85_197.pdb	0	15.363	28.862	23.019
swarm_8_126.pdb	0	23.926	50.519	23.018
swarm_85_84.pdb	0	20.840	36.502	22.987
swarm_68_130.pdb	0.0461538	16.023	24.496	22.982
swarm_118_73.pdb	0	18.548	37.145	22.973
swarm_79_40.pdb	0.00769231	17.380	31.011	22.940
swarm_77_162.pdb	0	18.399	36.518	22.892
swarm_73_145.pdb	0	16.681	29.331	22.882
swarm_4_163.pdb	0	19.761	43.190	22.874
swarm_106_195.pdb	0.1	7.087	16.998	22.862
swarm_17_46.pdb	0.00769231	25.667	55.316	22.839
swarm_70_114.pdb	0	17.878	37.247	22.773
swarm_19_180.pdb	0	19.740	37.117	22.740
swarm_11_97.pdb	0	22.901	51.539	22.738
swarm_94_139.pdb	0	21.879	49.208	22.701
swarm_106_43.pdb	0	12.066	26.331	22.590
swarm_17_44.pdb	0	24.386	55.993	22.588
swarm_28_103.pdb	0	14.902	40.426	22.546
swarm_63_75.pdb	0	23.096	48.468	22.521
swarm_71_139.pdb	0	21.514	50.005	22.471
swarm_52_195.pdb	0	17.587	33.522	22.465
swarm_66_110.pdb	0	20.194	44.914	22.452
swarm_105_7.pdb	0	14.480	24.603	22.423
swarm_99_38.pdb	0.00769231	14.873	24.288	22.418
swarm_70_132.pdb	0.00769231	17.758	32.583	22.408
swarm_66_64.pdb	0	21.988	49.747	22.406
swarm_115_59.pdb	0	23.463	50.619	22.388
swarm_114_89.pdb	0	23.919	53.486	22.379
swarm_6_150.pdb	0	11.748	31.528	22.318
swarm_68_170.pdb	0	14.868	25.886	22.173
swarm_25_101.pdb	0	12.823	38.933	22.129
swarm_88_128.pdb	0	16.398	29.185	22.117
swarm_70_91.pdb	0	18.880	37.019	22.112
swarm_52_95.pdb	0	17.456	28.672	22.092
swarm_102_75.pdb	0.00769231	10.850	19.702	22.085
swarm_75_28.pdb	0	23.226	47.368	22.005
swarm_115_14.pdb	0	23.098	49.189	21.992
swarm_53_59.pdb	0	15.988	35.243	21.976
swarm_90_185.pdb	0	12.199	20.609	21.966
swarm_61_4.pdb	0	19.106	47.355	21.953
swarm_90_149.pdb	0.0230769	9.862	16.246	21.951
swarm_39_12.pdb	0	15.572	35.913	21.949
swarm_44_126.pdb	0	18.238	32.118	21.912
swarm_66_40.pdb	0	20.597	47.524	21.899
swarm_64_97.pdb	0	18.719	39.356	21.868
swarm_78_141.pdb	0	21.409	47.514	21.863
swarm_85_17.pdb	0	11.010	24.106	21.853
swarm_79_3.pdb	0	19.007	33.497	21.815
swarm_106_76.pdb	0	16.271	30.279	21.754
swarm_84_108.pdb	0	15.975	28.559	21.743
swarm_75_68.pdb	0	19.286	43.885	21.712
swarm_99_151.pdb	0.0615385	12.449	19.002	21.711
swarm_88_109.pdb	0.0153846	11.746	22.211	21.692
swarm_11_31.pdb	0	25.356	50.967	21.657
swarm_60_15.pdb	0.00769231	14.068	23.981	21.644
swarm_11_178.pdb	0	22.092	49.977	21.628
swarm_107_108.pdb	0	20.201	38.118	21.616
swarm_118_21.pdb	0	18.993	35.036	21.556
swarm_75_185.pdb	0	21.956	49.381	21.521
swarm_63_89.pdb	0	22.282	45.556	21.519
swarm_25_8.pdb	0	17.160	41.370	21.477
swarm_44_123.pdb	0	14.945	32.380	21.467
swarm_34_107.pdb	0	23.811	50.372	21.434
swarm_16_107.pdb	0	19.358	41.479	21.410
swarm_118_155.pdb	0.0461538	11.482	22.299	21.399
swarm_117_159.pdb	0	19.720	35.846	21.363
swarm_63_165.pdb	0	22.327	46.026	21.362
swarm_27_40.pdb	0	16.380	44.151	21.356
swarm_44_85.pdb	0	13.434	29.431	21.323
swarm_32_150.pdb	0	25.422	52.049	21.322
swarm_53_74.pdb	0	21.030	38.810	21.301
swarm_115_196.pdb	0	19.439	47.979	21.292
swarm_78_112.pdb	0	16.418	42.418	21.288
swarm_111_4.pdb	0	16.144	28.433	21.278
swarm_98_97.pdb	0	18.279	35.349	21.271
swarm_101_71.pdb	0	17.174	40.214	21.267
swarm_108_183.pdb	0	20.780	48.433	21.226
swarm_25_193.pdb	0	17.298	38.225	21.215
swarm_107_64.pdb	0	16.945	34.591	21.201
swarm_115_175.pdb	0	26.810	53.683	21.193
swarm_29_51.pdb	0	19.790	47.092	21.131
swarm_9_49.pdb	0	23.661	53.450	21.122
swarm_82_5.pdb	0	17.877	37.231	21.109
swarm_122_58.pdb	0	27.122	53.344	21.090
swarm_89_136.pdb	0	19.612	40.642	21.077
swarm_37_112.pdb	0	17.717	38.918	21.050
swarm_7_55.pdb	0	25.071	53.077	21.043
swarm_86_154.pdb	0	19.663	51.222	21.042
swarm_49_195.pdb	0	18.000	36.803	21.041
swarm_107_155.pdb	0	18.599	35.614	21.035
swarm_122_133.pdb	0	20.949	52.168	21.012
swarm_104_124.pdb	0	22.132	50.741	21.004
swarm_108_177.pdb	0	22.270	48.317	20.990
swarm_61_111.pdb	0	20.156	46.764	20.986
swarm_15_59.pdb	0	21.274	50.425	20.972
swarm_106_189.pdb	0	18.479	31.633	20.965
swarm_74_42.pdb	0	20.629	38.410	20.956
swarm_68_41.pdb	0.00769231	11.649	24.340	20.847
swarm_82_25.pdb	0	16.662	42.483	20.843
swarm_118_89.pdb	0	17.406	33.463	20.838
swarm_74_41.pdb	0	17.529	36.600	20.828
swarm_73_131.pdb	0	15.137	27.176	20.817
swarm_67_1.pdb	0	15.719	28.684	20.806
swarm_64_4.pdb	0	24.318	47.796	20.768
swarm_12_44.pdb	0	20.835	50.241	20.751
swarm_95_102.pdb	0	20.671	45.652	20.720
swarm_75_127.pdb	0	23.216	48.674	20.717
swarm_3_170.pdb	0	20.613	47.256	20.702
swarm_113_176.pdb	0	10.373	19.045	20.687
swarm_45_10.pdb	0	23.287	44.883	20.686
swarm_86_193.pdb	0	24.318	53.136	20.668
swarm_79_0.pdb	0	20.089	39.635	20.654
swarm_34_114.pdb	0	19.890	47.677	20.643
swarm_103_40.pdb	0	19.386	47.664	20.634
swarm_84_48.pdb	0	19.233	32.982	20.575
swarm_25_96.pdb	0	18.486	42.231	20.574
swarm_12_111.pdb	0	23.050	55.491	20.547
swarm_49_30.pdb	0	19.685	37.402	20.507
swarm_92_199.pdb	0	16.262	26.024	20.497
swarm_92_152.pdb	0	15.861	28.059	20.470
swarm_122_49.pdb	0	26.558	55.141	20.461
swarm_102_168.pdb	0	14.163	23.657	20.461
swarm_56_54.pdb	0	22.044	46.196	20.419
swarm_118_103.pdb	0	19.565	36.372	20.418
swarm_110_94.pdb	0	11.219	25.650	20.415
swarm_98_48.pdb	0	17.290	29.897	20.390
swarm_4_145.pdb	0	19.499	42.019	20.366
swarm_86_118.pdb	0	21.181	47.481	20.352
swarm_45_197.pdb	0.00769231	25.659	49.553	20.317
swarm_85_164.pdb	0	14.597	27.612	20.296
swarm_7_7.pdb	0	25.592	54.726	20.295
swarm_110_105.pdb	0	15.918	30.660	20.288
swarm_13_80.pdb	0	16.246	39.854	20.284
swarm_30_189.pdb	0	13.230	33.851	20.276
swarm_116_106.pdb	0.0230769	10.720	18.948	20.229
swarm_59_18.pdb	0	16.931	37.967	20.182
swarm_100_137.pdb	0	20.471	48.586	20.134
swarm_74_128.pdb	0.00769231	16.485	38.691	20.130
swarm_7_5.pdb	0	21.996	54.785	20.067
swarm_53_66.pdb	0	15.170	40.459	20.034
swarm_86_8.pdb	0	21.354	50.601	19.967
swarm_36_193.pdb	0.00769231	22.902	43.780	19.944
swarm_79_105.pdb	0	14.741	29.815	19.939
swarm_53_129.pdb	0.0307692	12.429	31.028	19.916
swarm_70_184.pdb	0.0153846	9.701	31.163	19.877
swarm_7_146.pdb	0	22.167	49.587	19.849
swarm_90_78.pdb	0	13.764	23.938	19.769
swarm_19_68.pdb	0	16.567	37.405	19.769
swarm_16_112.pdb	0	17.163	40.407	19.750
swarm_21_110.pdb	0	21.375	51.704	19.735
swarm_109_117.pdb	0	20.562	39.649	19.713
swarm_8_37.pdb	0	23.113	50.491	19.708
swarm_50_7.pdb	0	16.709	30.195	19.699
swarm_85_50.pdb	0	19.574	32.943	19.684
swarm_84_192.pdb	0.0153846	13.312	33.058	19.678
swarm_98_80.pdb	0	20.704	40.165	19.648
swarm_112_124.pdb	0	25.285	54.127	19.565
swarm_9_62.pdb	0	21.540	47.814	19.552
swarm_118_52.pdb	0	14.146	35.866	19.538
swarm_79_124.pdb	0.00769231	16.142	34.016	19.526
swarm_100_127.pdb	0	25.516	54.037	19.511
swarm_99_68.pdb	0	17.397	26.617	19.473
swarm_57_19.pdb	0	19.219	43.341	19.448
swarm_107_129.pdb	0	18.668	37.495	19.430
swarm_68_13.pdb	0.00769231	12.455	23.076	19.402
swarm_7_66.pdb	0	19.602	52.411	19.385
swarm_79_59.pdb	0	12.848	28.113	19.374
swarm_74_93.pdb	0	16.352	31.218	19.374
swarm_87_4.pdb	0	23.892	52.237	19.367
swarm_122_172.pdb	0	24.014	51.829	19.360
swarm_104_188.pdb	0	19.340	47.160	19.347
swarm_103_7.pdb	0	24.537	52.910	19.327
swarm_88_135.pdb	0	13.682	22.423	19.319
swarm_40_84.pdb	0	21.222	43.768	19.294
swarm_6_75.pdb	0	18.396	40.096	19.225
swarm_77_183.pdb	0	18.252	43.669	19.221
swarm_26_20.pdb	0	16.018	43.555	19.198
swarm_53_195.pdb	0	20.645	39.977	19.191
swarm_115_34.pdb	0	21.157	50.866	19.184
swarm_38_143.pdb	0	17.432	35.227	19.170
swarm_16_174.pdb	0	20.156	40.887	19.162
swarm_74_134.pdb	0	15.777	34.683	19.153
swarm_107_118.pdb	0	14.070	35.663	19.144
swarm_70_197.pdb	0	18.666	36.609	19.136
swarm_107_101.pdb	0.0153846	11.935	36.929	19.134
swarm_106_182.pdb	0.00769231	16.842	28.164	19.134
swarm_24_60.pdb	0	22.841	43.953	19.086
swarm_83_174.pdb	0	18.899	37.922	19.049
swarm_101_1.pdb	0	21.509	45.445	19.023
swarm_105_10.pdb	0	15.175	24.086	19.016
swarm_45_196.pdb	0	19.833	43.062	19.010
swarm_72_67.pdb	0	22.411	49.626	18.999
swarm_31_37.pdb	0	23.484	48.014	18.973
swarm_95_129.pdb	0	29.571	56.607	18.965
swarm_69_69.pdb	0	17.562	34.439	18.955
swarm_101_22.pdb	0	20.484	45.088	18.937
swarm_15_86.pdb	0	20.478	49.941	18.893
swarm_100_146.pdb	0	20.804	56.064	18.874
swarm_121_110.pdb	0	17.510	39.768	18.868
swarm_103_14.pdb	0	22.408	49.354	18.864
swarm_8_189.pdb	0	22.410	51.928	18.850
swarm_2_89.pdb	0	16.735	39.385	18.843
swarm_5_12.pdb	0	20.225	47.526	18.834
swarm_31_101.pdb	0	21.722	45.932	18.833
swarm_115_176.pdb	0	24.717	53.535	18.830
swarm_20_58.pdb	0	26.107	56.054	18.822
swarm_20_28.pdb	0	23.381	53.438	18.822
swarm_79_151.pdb	0	15.801	30.854	18.773
swarm_109_84.pdb	0	16.031	39.994	18.763
swarm_81_151.pdb	0	23.930	48.859	18.744
swarm_118_108.pdb	0	18.603	32.685	18.739
swarm_42_71.pdb	0	15.046	26.104	18.737
swarm_104_105.pdb	0	20.082	47.432	18.720
swarm_26_1.pdb	0	16.107	38.144	18.696
swarm_54_121.pdb	0	19.008	40.602	18.675
swarm_81_128.pdb	0	24.830	50.039	18.669
swarm_11_133.pdb	0	26.646	51.468	18.646
swarm_39_30.pdb	0	17.295	45.420	18.629
swarm_93_19.pdb	0	23.056	53.338	18.607
swarm_109_177.pdb	0	20.360	40.787	18.606
swarm_17_158.pdb	0	21.521	51.511	18.584
swarm_81_195.pdb	0	22.553	49.713	18.575
swarm_109_37.pdb	0	18.807	35.723	18.565
swarm_67_6.pdb	0	20.522	38.513	18.564
swarm_112_118.pdb	0	23.508	52.534	18.555
swarm_56_8.pdb	0	20.372	42.936	18.529
swarm_50_195.pdb	0	18.555	30.708	18.519
swarm_4_63.pdb	0	19.481	43.285	18.511
swarm_45_169.pdb	0	19.260	42.494	18.486
swarm_48_105.pdb	0	22.082	39.759	18.474
swarm_83_122.pdb	0.00769231	17.244	39.180	18.467
swarm_82_155.pdb	0	20.903	44.883	18.454
swarm_31_102.pdb	0	16.552	41.368	18.452
swarm_43_163.pdb	0	13.114	27.785	18.446
swarm_94_62.pdb	0	21.005	53.718	18.442
swarm_67_23.pdb	0	18.421	32.250	18.441
swarm_46_149.pdb	0	23.293	44.216	18.427
swarm_26_8.pdb	0	15.293	43.956	18.420
swarm_10_114.pdb	0	24.308	53.233	18.419
swarm_35_85.pdb	0	17.827	35.933	18.409
swarm_68_48.pdb	0.0230769	12.616	21.464	18.408
swarm_34_197.pdb	0	24.393	52.938	18.402
swarm_37_186.pdb	0	22.363	46.237	18.381
swarm_52_133.pdb	0	16.276	34.524	18.379
swarm_72_106.pdb	0	19.137	49.596	18.352
swarm_68_102.pdb	0	19.389	30.385	18.337
swarm_13_147.pdb	0	22.559	42.254	18.298
swarm_50_96.pdb	0.00769231	13.901	29.090	18.283
swarm_122_66.pdb	0	21.956	50.325	18.268
swarm_42_161.pdb	0.00769231	12.552	22.812	18.257
swarm_53_45.pdb	0	14.377	36.209	18.254
swarm_74_130.pdb	0	20.830	41.350	18.224
swarm_68_105.pdb	0	15.152	24.583	18.222
swarm_119_140.pdb	0	18.578	52.730	18.219
swarm_89_140.pdb	0	21.646	49.880	18.218
swarm_23_146.pdb	0	21.637	50.267	18.210
swarm_51_166.pdb	0	16.914	37.661	18.191
swarm_27_162.pdb	0	18.073	43.341	18.179
swarm_55_61.pdb	0	20.200	42.780	18.170
swarm_108_161.pdb	0	25.417	54.396	18.162
swarm_16_96.pdb	0	19.401	45.442	18.154
swarm_75_188.pdb	0	19.178	42.715	18.149
swarm_53_40.pdb	0	18.798	42.108	18.136
swarm_91_52.pdb	0	22.972	46.497	18.121
swarm_8_152.pdb	0	24.951	53.270	18.121
swarm_121_130.pdb	0	14.178	36.837	18.114
swarm_32_121.pdb	0	20.247	48.150	18.108
swarm_90_133.pdb	0	17.698	26.947	18.081
swarm_50_43.pdb	0	18.622	33.827	18.067
swarm_72_105.pdb	0	22.273	51.463	18.066
swarm_25_163.pdb	0	20.169	46.275	18.055
swarm_54_55.pdb	0	15.958	37.939	18.049
swarm_70_93.pdb	0	16.773	44.238	18.048
swarm_81_6.pdb	0	24.122	51.724	18.022
swarm_101_101.pdb	0	17.944	41.194	18.022
swarm_123_16.pdb	0	16.859	42.371	18.021
swarm_12_165.pdb	0	22.636	49.497	18.019
swarm_48_129.pdb	0	16.110	34.579	18.016
swarm_36_127.pdb	0	24.456	50.603	18.016
swarm_11_52.pdb	0	22.050	49.041	18.012
swarm_89_175.pdb	0	21.443	49.922	18.000
swarm_32_98.pdb	0	20.187	51.349	17.989
swarm_107_29.pdb	0	19.343	37.928	17.977
swarm_3_64.pdb	0	23.969	54.614	17.961
swarm_103_57.pdb	0	20.594	49.232	17.960
swarm_0_43.pdb	0	20.679	41.842	17.959
swarm_95_103.pdb	0	25.262	51.231	17.950
swarm_33_140.pdb	0	18.884	42.889	17.949
swarm_122_82.pdb	0	20.222	47.003	17.945
swarm_98_142.pdb	0	14.954	27.592	17.897
swarm_5_148.pdb	0	21.398	50.622	17.890
swarm_74_9.pdb	0	16.847	38.895	17.886
swarm_17_58.pdb	0	22.669	56.587	17.884
swarm_58_88.pdb	0	17.943	33.294	17.874
swarm_23_128.pdb	0	21.280	50.405	17.773
swarm_80_120.pdb	0	15.285	26.195	17.758
swarm_122_94.pdb	0	26.577	57.145	17.753
swarm_37_132.pdb	0	18.832	33.963	17.736
swarm_20_91.pdb	0	23.324	56.716	17.734
swarm_17_25.pdb	0	26.080	54.145	17.729
swarm_39_20.pdb	0	22.046	41.026	17.720
swarm_77_136.pdb	0	19.737	48.525	17.712
swarm_6_10.pdb	0	14.288	33.552	17.677
swarm_84_149.pdb	0.0153846	9.903	18.529	17.657
swarm_94_66.pdb	0	21.495	49.753	17.654
swarm_51_50.pdb	0	17.591	36.571	17.649
swarm_2_57.pdb	0	18.721	41.971	17.648
swarm_3_166.pdb	0	21.457	50.326	17.612
swarm_88_84.pdb	0	13.991	26.383	17.610
swarm_51_44.pdb	0	19.909	38.636	17.602
swarm_104_141.pdb	0	21.422	49.347	17.602
swarm_1_147.pdb	0	18.832	39.533	17.584
swarm_27_184.pdb	0	17.816	45.801	17.579
swarm_97_137.pdb	0	17.093	40.559	17.545
swarm_68_36.pdb	0	17.702	30.810	17.535
swarm_39_82.pdb	0	22.050	48.445	17.515
swarm_53_55.pdb	0.0153846	18.166	42.340	17.499
swarm_92_184.pdb	0	15.378	25.541	17.495
swarm_17_69.pdb	0	23.832	55.983	17.491
swarm_42_32.pdb	0	18.906	32.599	17.466
swarm_8_143.pdb	0	25.654	54.802	17.462
swarm_42_6.pdb	0	19.007	31.444	17.459
swarm_44_20.pdb	0	17.111	33.209	17.405
swarm_38_81.pdb	0	21.017	43.277	17.397
swarm_48_134.pdb	0	20.566	37.120	17.370
swarm_86_83.pdb	0	23.249	54.337	17.366
swarm_6_104.pdb	0	18.093	42.201	17.346
swarm_72_22.pdb	0	21.708	51.866	17.328
swarm_2_88.pdb	0	22.813	43.284	17.324
swarm_41_24.pdb	0	17.193	36.555	17.320
swarm_52_69.pdb	0	18.974	34.603	17.313
swarm_21_123.pdb	0	24.869	56.989	17.311
swarm_72_31.pdb	0	22.331	49.024	17.305
swarm_93_36.pdb	0	18.541	56.526	17.303
swarm_70_140.pdb	0	14.442	39.219	17.291
swarm_117_41.pdb	0	21.786	42.600	17.277
swarm_39_104.pdb	0	18.366	45.252	17.254
swarm_83_16.pdb	0	18.533	36.901	17.250
swarm_58_128.pdb	0	18.257	32.941	17.237
swarm_53_174.pdb	0	15.851	37.588	17.236
swarm_60_46.pdb	0	17.600	28.942	17.215
swarm_117_157.pdb	0	20.489	40.859	17.194
swarm_0_142.pdb	0	20.165	44.580	17.186
swarm_35_169.pdb	0	17.043	33.681	17.183
swarm_32_7.pdb	0	25.525	50.310	17.168
swarm_86_190.pdb	0	22.213	50.482	17.148
swarm_40_26.pdb	0	18.029	36.420	17.140
swarm_10_15.pdb	0	24.965	54.966	17.125
swarm_32_51.pdb	0	27.882	56.054	17.121
swarm_111_37.pdb	0	14.184	23.320	17.120
swarm_112_107.pdb	0	20.554	55.631	17.088
swarm_120_82.pdb	0	20.698	54.783	17.085
swarm_95_156.pdb	0	27.420	56.848	17.066
swarm_23_155.pdb	0	23.319	53.674	17.065
swarm_113_173.pdb	0	15.272	29.003	17.054
swarm_8_102.pdb	0	21.411	51.614	17.051
swarm_20_164.pdb	0	25.876	58.989	17.040
swarm_116_8.pdb	0.0153846	14.016	24.395	17.039
swarm_74_175.pdb	0	19.204	35.521	17.001
swarm_51_75.pdb	0	18.432	39.041	16.967
swarm_23_173.pdb	0	19.391	48.716	16.961
swarm_101_176.pdb	0	18.520	43.984	16.948
swarm_5_9.pdb	0	16.826	44.848	16.945
swarm_89_12.pdb	0.0153846	13.708	39.162	16.927
swarm_59_119.pdb	0	22.444	41.807	16.911
swarm_56_174.pdb	0	22.968	50.254	16.888
swarm_70_54.pdb	0	19.643	39.800	16.885
swarm_118_122.pdb	0	11.274	27.738	16.873
swarm_100_95.pdb	0	24.470	56.675	16.872
swarm_114_103.pdb	0	23.878	54.425	16.843
swarm_27_67.pdb	0	21.124	47.192	16.822
swarm_113_4.pdb	0	20.431	35.296	16.819
swarm_89_18.pdb	0	20.584	48.252	16.817
swarm_94_44.pdb	0	21.179	54.391	16.809
swarm_84_186.pdb	0.169231	4.910	12.469	16.801
swarm_49_106.pdb	0	19.807	35.223	16.799
swarm_103_82.pdb	0	21.910	49.516	16.759
swarm_73_50.pdb	0.0153846	16.554	28.817	16.740
swarm_3_147.pdb	0	18.663	45.280	16.675
swarm_29_34.pdb	0	21.436	48.341	16.668
swarm_34_13.pdb	0	25.178	54.644	16.665
swarm_52_164.pdb	0	17.022	34.228	16.661
swarm_30_171.pdb	0	14.303	34.961	16.629
swarm_30_128.pdb	0	15.998	37.211	16.615
swarm_63_35.pdb	0	20.381	48.615	16.603
swarm_85_83.pdb	0	13.694	33.849	16.592
swarm_91_163.pdb	0	23.332	47.081	16.587
swarm_61_173.pdb	0	22.298	48.737	16.581
swarm_90_101.pdb	0.0153846	13.878	25.865	16.577
swarm_89_46.pdb	0	19.777	50.576	16.561
swarm_56_141.pdb	0	22.845	48.885	16.554
swarm_1_172.pdb	0	24.155	44.275	16.554
swarm_119_4.pdb	0	22.175	49.004	16.548
swarm_21_43.pdb	0	23.096	55.894	16.545
swarm_101_62.pdb	0.00769231	20.712	50.406	16.533
swarm_77_170.pdb	0	20.425	43.943	16.532
swarm_106_100.pdb	0	16.151	29.860	16.492
swarm_102_31.pdb	0	17.068	26.992	16.491
swarm_43_59.pdb	0	17.165	33.074	16.468
swarm_34_192.pdb	0	24.345	52.647	16.466
swarm_121_111.pdb	0	14.349	48.198	16.465
swarm_23_184.pdb	0	19.046	47.509	16.459
swarm_104_193.pdb	0	22.972	49.427	16.455
swarm_43_10.pdb	0	14.091	26.103	16.439
swarm_16_93.pdb	0	18.988	41.839	16.439
swarm_41_85.pdb	0	17.939	37.183	16.437
swarm_93_139.pdb	0	20.188	48.644	16.399
swarm_80_162.pdb	0	12.536	22.533	16.399
swarm_104_189.pdb	0	21.708	55.164	16.397
swarm_26_182.pdb	0	21.989	45.065	16.391
swarm_37_43.pdb	0	17.426	35.092	16.386
swarm_95_77.pdb	0	27.443	55.019	16.348
swarm_61_99.pdb	0	21.313	46.973	16.336
swarm_17_70.pdb	0	24.164	56.558	16.325
swarm_24_196.pdb	0	19.797	45.109	16.323
swarm_114_8.pdb	0	26.736	53.393	16.309
swarm_18_0.pdb	0	24.764	55.880	16.304
swarm_74_86.pdb	0	19.916	43.586	16.287
swarm_97_27.pdb	0	21.352	43.895	16.282
swarm_72_15.pdb	0	17.620	45.457	16.282
swarm_43_56.pdb	0	14.751	31.363	16.267
swarm_82_95.pdb	0	21.483	41.190	16.232
swarm_37_111.pdb	0	14.614	33.546	16.227
swarm_60_47.pdb	0	18.713	30.838	16.222
swarm_102_170.pdb	0	14.573	24.010	16.218
swarm_39_155.pdb	0	23.278	45.897	16.211
swarm_82_50.pdb	0	16.487	41.992	16.194
swarm_46_142.pdb	0	20.344	42.088	16.173
swarm_87_53.pdb	0	26.290	54.997	16.148
swarm_101_6.pdb	0	21.868	47.459	16.148
swarm_63_13.pdb	0	21.302	46.285	16.133
swarm_95_168.pdb	0	23.312	51.080	16.118
swarm_36_16.pdb	0	22.492	45.655	16.118
swarm_65_171.pdb	0	23.279	47.569	16.106
swarm_115_28.pdb	0	22.960	50.572	16.100
swarm_59_13.pdb	0	20.479	40.945	16.098
swarm_0_177.pdb	0	19.504	41.185	16.090
swarm_36_152.pdb	0	18.453	43.871	16.089
swarm_109_34.pdb	0	16.587	35.844	16.083
swarm_96_6.pdb	0	23.127	49.070	16.068
swarm_37_7.pdb	0	25.562	49.469	16.026
swarm_78_84.pdb	0	21.648	49.290	16.019
swarm_33_14.pdb	0	21.234	52.842	16.017
swarm_73_34.pdb	0	13.071	22.446	15.992
swarm_73_182.pdb	0	19.000	31.583	15.990
swarm_30_191.pdb	0	21.176	36.530	15.974
swarm_84_122.pdb	0	14.139	27.400	15.922
swarm_44_60.pdb	0	16.409	31.410	15.921
swarm_95_67.pdb	0	22.335	50.448	15.917
swarm_59_77.pdb	0	16.671	36.918	15.911
swarm_22_16.pdb	0	13.005	36.510	15.881
swarm_56_55.pdb	0	20.505	44.784	15.876
swarm_113_77.pdb	0	13.882	27.138	15.865
swarm_108_58.pdb	0	17.581	51.368	15.863
swarm_63_17.pdb	0	25.348	48.549	15.856
swarm_119_72.pdb	0	19.099	46.066	15.856
swarm_63_93.pdb	0	20.170	49.516	15.845
swarm_36_97.pdb	0	26.773	51.688	15.842
swarm_38_97.pdb	0	20.181	42.480	15.834
swarm_33_70.pdb	0	23.364	52.508	15.822
swarm_102_102.pdb	0.0153846	19.695	31.064	15.820
swarm_73_118.pdb	0.00769231	12.198	23.294	15.800
swarm_27_59.pdb	0	20.974	50.079	15.778
swarm_24_2.pdb	0	16.169	41.106	15.753
swarm_67_128.pdb	0	15.855	32.538	15.751
swarm_5_158.pdb	0	22.330	46.319	15.743
swarm_101_159.pdb	0	19.730	45.969	15.743
swarm_55_149.pdb	0	20.226	49.620	15.736
swarm_29_64.pdb	0	21.257	49.117	15.724
swarm_77_40.pdb	0	21.855	49.418	15.721
swarm_25_45.pdb	0	18.493	42.295	15.714
swarm_78_72.pdb	0	19.249	44.615	15.690
swarm_89_151.pdb	0	21.917	46.645	15.665
swarm_17_76.pdb	0	18.317	52.595	15.652
swarm_1_167.pdb	0	20.170	39.656	15.647
swarm_115_114.pdb	0	20.917	51.028	15.635
swarm_53_44.pdb	0	18.068	41.457	15.588
swarm_85_178.pdb	0	16.708	31.378	15.585
swarm_17_104.pdb	0	17.526	51.979	15.564
swarm_103_13.pdb	0	24.318	49.696	15.554
swarm_52_7.pdb	0.00769231	12.602	29.775	15.531
swarm_110_21.pdb	0	10.522	20.753	15.511
swarm_54_132.pdb	0	14.546	40.747	15.509
swarm_38_59.pdb	0	20.320	43.930	15.506
swarm_62_56.pdb	0	21.141	47.044	15.494
swarm_12_48.pdb	0	23.710	51.004	15.494
swarm_54_131.pdb	0	18.483	43.724	15.492
swarm_121_35.pdb	0	20.132	43.434	15.475
swarm_109_81.pdb	0	20.528	41.770	15.452
swarm_97_74.pdb	0	21.704	45.148	15.449
swarm_29_33.pdb	0	24.298	48.569	15.445
swarm_55_80.pdb	0	21.762	46.050	15.441
swarm_54_88.pdb	0	16.285	39.467	15.432
swarm_0_12.pdb	0	25.060	50.406	15.426
swarm_64_60.pdb	0	22.062	51.165	15.389
swarm_32_168.pdb	0	26.874	55.713	15.389
swarm_87_164.pdb	0	24.074	47.310	15.385
swarm_108_190.pdb	0	25.020	52.935	15.374
swarm_75_97.pdb	0	25.980	56.390	15.373
swarm_32_145.pdb	0	23.945	53.165	15.365
swarm_3_23.pdb	0	19.486	53.075	15.349
swarm_72_56.pdb	0	19.626	45.157	15.343
swarm_35_99.pdb	0	22.487	45.643	15.334
swarm_73_183.pdb	0.00769231	19.094	32.783	15.327
swarm_91_181.pdb	0	20.044	49.140	15.318
swarm_51_140.pdb	0	21.615	45.588	15.312
swarm_42_149.pdb	0	14.766	29.345	15.298
swarm_75_70.pdb	0	22.027	45.483	15.295
swarm_44_187.pdb	0	13.802	30.841	15.294
swarm_49_166.pdb	0	20.549	32.370	15.236
swarm_112_60.pdb	0	25.453	53.564	15.216
swarm_110_8.pdb	0	18.041	33.436	15.196
swarm_2_190.pdb	0	21.092	42.459	15.185
swarm_26_64.pdb	0	21.557	46.533	15.166
swarm_53_8.pdb	0	20.569	40.552	15.158
swarm_58_195.pdb	0.00769231	21.343	38.829	15.148
swarm_101_50.pdb	0	20.930	44.481	15.144
swarm_45_28.pdb	0	22.599	44.280	15.139
swarm_98_20.pdb	0	13.456	32.306	15.136
swarm_61_82.pdb	0	15.489	43.090	15.133
swarm_19_98.pdb	0	19.721	38.886	15.117
swarm_12_160.pdb	0	19.242	55.828	15.099
swarm_93_172.pdb	0	24.558	51.328	15.091
swarm_63_72.pdb	0	25.591	48.804	15.081
swarm_14_67.pdb	0	23.963	57.078	15.068
swarm_13_69.pdb	0	21.621	39.851	15.059
swarm_83_132.pdb	0	19.732	40.710	15.057
swarm_69_129.pdb	0	22.449	40.847	15.050
swarm_31_196.pdb	0	24.876	50.184	15.038
swarm_103_179.pdb	0	26.320	56.363	15.037
swarm_89_14.pdb	0	18.077	44.977	15.033
swarm_97_134.pdb	0	24.087	46.275	14.993
swarm_83_49.pdb	0	21.368	43.367	14.992
swarm_41_175.pdb	0	17.846	38.249	14.985
swarm_52_5.pdb	0	19.511	35.858	14.983
swarm_22_51.pdb	0	20.542	44.071	14.979
swarm_1_34.pdb	0	22.995	41.668	14.974
swarm_13_27.pdb	0	18.630	39.233	14.966
swarm_43_63.pdb	0	18.642	34.570	14.961
swarm_2_180.pdb	0	20.117	42.791	14.961
swarm_28_73.pdb	0	21.431	42.151	14.960
swarm_82_30.pdb	0	19.302	44.924	14.958
swarm_102_19.pdb	0	19.057	30.236	14.952
swarm_7_22.pdb	0	24.233	52.533	14.942
swarm_82_55.pdb	0	20.103	43.875	14.899
swarm_82_92.pdb	0	20.316	43.120	14.890
swarm_77_4.pdb	0	18.954	41.897	14.888
swarm_19_88.pdb	0	16.681	36.460	14.862
swarm_22_145.pdb	0	22.171	43.279	14.854
swarm_96_33.pdb	0	21.947	46.057	14.851
swarm_73_184.pdb	0	12.789	27.124	14.824
swarm_38_145.pdb	0	22.669	44.401	14.821
swarm_102_29.pdb	0	20.345	31.037	14.821
swarm_72_143.pdb	0	19.457	46.215	14.815
swarm_83_12.pdb	0	19.833	43.071	14.798
swarm_114_47.pdb	0	27.687	54.347	14.786
swarm_75_155.pdb	0	26.366	53.581	14.775
swarm_22_81.pdb	0	17.111	44.278	14.760
swarm_12_96.pdb	0	22.722	56.890	14.715
swarm_1_83.pdb	0.00769231	23.386	41.795	14.698
swarm_78_118.pdb	0	20.218	48.062	14.674
swarm_24_33.pdb	0	20.522	45.236	14.674
swarm_0_88.pdb	0	22.516	45.772	14.673
swarm_51_25.pdb	0	18.312	42.594	14.644
swarm_30_101.pdb	0	17.453	33.554	14.630
swarm_86_80.pdb	0	26.533	55.928	14.629
swarm_31_122.pdb	0	21.381	47.825	14.625
swarm_113_139.pdb	0	16.142	31.421	14.622
swarm_81_67.pdb	0	26.487	51.070	14.615
swarm_112_184.pdb	0	22.395	51.811	14.587
swarm_67_0.pdb	0.00769231	16.962	33.754	14.585
swarm_77_117.pdb	0	19.955	44.869	14.577
swarm_58_160.pdb	0	22.227	40.488	14.574
swarm_114_184.pdb	0	23.195	56.512	14.567
swarm_103_3.pdb	0	19.385	45.189	14.558
swarm_3_162.pdb	0	21.992	50.057	14.549
swarm_54_143.pdb	0	15.378	35.837	14.545
swarm_119_22.pdb	0	19.827	49.787	14.537
swarm_114_117.pdb	0	25.292	55.976	14.521
swarm_23_37.pdb	0	22.125	53.523	14.520
swarm_79_143.pdb	0	18.238	36.725	14.470
swarm_106_176.pdb	0	14.171	25.464	14.465
swarm_9_195.pdb	0	22.866	52.653	14.464
swarm_96_102.pdb	0	24.811	50.423	14.437
swarm_79_71.pdb	0	16.748	32.508	14.436
swarm_108_102.pdb	0	24.770	55.060	14.354
swarm_45_35.pdb	0	24.825	49.569	14.351
swarm_63_23.pdb	0	23.543	47.024	14.328
swarm_14_145.pdb	0	19.678	49.837	14.308
swarm_100_46.pdb	0	20.515	49.839	14.303
swarm_59_62.pdb	0	22.552	45.908	14.302
swarm_74_73.pdb	0	18.888	35.012	14.280
swarm_3_55.pdb	0	21.891	51.622	14.278
swarm_68_160.pdb	0	16.646	27.477	14.264
swarm_100_88.pdb	0	23.246	52.134	14.253
swarm_55_12.pdb	0	23.213	44.199	14.250
swarm_60_1.pdb	0	12.075	23.582	14.236
swarm_120_136.pdb	0	22.535	52.736	14.236
swarm_66_123.pdb	0	22.112	49.354	14.230
swarm_107_85.pdb	0	19.630	39.699	14.228
swarm_121_120.pdb	0	16.179	44.021	14.219
swarm_104_77.pdb	0	23.179	53.931	14.219
swarm_121_105.pdb	0	18.045	41.722	14.209
swarm_50_164.pdb	0	21.518	38.522	14.199
swarm_36_134.pdb	0	25.552	49.631	14.199
swarm_8_80.pdb	0	24.867	55.762	14.195
swarm_53_72.pdb	0	20.998	40.914	14.192
swarm_87_76.pdb	0	24.376	50.747	14.182
swarm_97_45.pdb	0	26.576	49.013	14.151
swarm_73_138.pdb	0	19.704	35.131	14.137
swarm_39_148.pdb	0	24.208	46.948	14.101
swarm_41_18.pdb	0	14.720	38.408	14.099
swarm_101_36.pdb	0	21.410	45.454	14.092
swarm_84_163.pdb	0	16.931	29.803	14.088
swarm_15_66.pdb	0	22.986	52.753	14.074
swarm_61_137.pdb	0	20.782	50.425	14.064
swarm_80_109.pdb	0	21.056	39.856	14.048
swarm_101_37.pdb	0	23.559	50.755	14.036
swarm_38_173.pdb	0	18.164	40.269	14.034
swarm_56_0.pdb	0	25.809	53.382	14.025
swarm_22_49.pdb	0	21.833	45.361	14.018
swarm_72_65.pdb	0	22.805	51.818	14.004
swarm_8_135.pdb	0	26.147	55.325	13.997
swarm_48_96.pdb	0	15.830	30.993	13.974
swarm_76_112.pdb	0	22.463	49.271	13.969
swarm_13_84.pdb	0	20.533	45.312	13.958
swarm_67_151.pdb	0	19.765	35.145	13.946
swarm_47_161.pdb	0	18.358	37.589	13.942
swarm_40_1.pdb	0	19.920	48.156	13.941
swarm_15_114.pdb	0	22.878	52.468	13.932
swarm_61_70.pdb	0	20.008	45.099	13.913
swarm_114_83.pdb	0	22.799	51.152	13.911
swarm_24_135.pdb	0	23.452	47.190	13.897
swarm_42_79.pdb	0	18.927	31.072	13.896
swarm_51_146.pdb	0	22.220	48.244	13.891
swarm_65_199.pdb	0	20.446	50.589	13.888
swarm_80_102.pdb	0	22.425	40.340	13.884
swarm_9_178.pdb	0.0230769	20.972	52.199	13.882
swarm_13_107.pdb	0	23.348	49.913	13.874
swarm_91_48.pdb	0	23.252	50.750	13.873
swarm_3_100.pdb	0	19.759	52.355	13.857
swarm_35_6.pdb	0	20.501	37.435	13.854
swarm_102_77.pdb	0	11.150	21.468	13.844
swarm_89_35.pdb	0	16.643	43.433	13.843
swarm_27_5.pdb	0	20.709	46.641	13.827
swarm_109_183.pdb	0	19.762	40.505	13.778
swarm_24_136.pdb	0	23.528	49.862	13.747
swarm_123_90.pdb	0	18.558	42.032	13.739
swarm_47_141.pdb	0.00769231	21.637	42.768	13.735
swarm_69_181.pdb	0	19.870	39.015	13.730
swarm_59_158.pdb	0	18.352	38.272	13.703
swarm_7_132.pdb	0	19.419	50.082	13.700
swarm_50_6.pdb	0	20.118	35.226	13.700
swarm_65_162.pdb	0.0153846	25.344	48.530	13.699
swarm_38_139.pdb	0	17.610	36.616	13.698
swarm_117_40.pdb	0	20.570	43.607	13.692
swarm_42_122.pdb	0	17.029	29.145	13.691
swarm_77_0.pdb	0	14.585	41.989	13.688
swarm_32_39.pdb	0	23.706	51.552	13.644
swarm_13_45.pdb	0	22.997	45.848	13.635
swarm_40_17.pdb	0	21.111	41.616	13.630
swarm_49_38.pdb	0	16.293	31.702	13.622
swarm_31_175.pdb	0	22.123	47.793	13.620
swarm_36_17.pdb	0	23.782	47.503	13.617
swarm_38_163.pdb	0	22.127	40.197	13.602
swarm_2_155.pdb	0	18.379	38.026	13.592
swarm_83_45.pdb	0	23.450	46.698	13.578
swarm_68_90.pdb	0	17.710	27.602	13.573
swarm_123_152.pdb	0	16.801	43.636	13.567
swarm_47_53.pdb	0	16.137	34.666	13.564
swarm_64_36.pdb	0	28.586	54.468	13.553
swarm_35_19.pdb	0	18.833	37.882	13.550
swarm_57_150.pdb	0	22.777	46.051	13.544
swarm_34_50.pdb	0	21.097	56.436	13.543
swarm_45_20.pdb	0	24.984	51.377	13.540
swarm_89_192.pdb	0	23.168	48.146	13.538
swarm_59_179.pdb	0	26.156	47.778	13.534
swarm_37_103.pdb	0	18.058	41.169	13.532
swarm_30_63.pdb	0	19.167	38.518	13.521
swarm_45_73.pdb	0	22.503	41.242	13.517
swarm_115_116.pdb	0	23.112	50.692	13.517
swarm_24_43.pdb	0	24.362	53.395	13.500
swarm_69_20.pdb	0	19.275	41.018	13.495
swarm_46_156.pdb	0	20.440	42.074	13.486
swarm_11_46.pdb	0	20.996	47.003	13.480
swarm_121_40.pdb	0	18.709	45.305	13.472
swarm_76_188.pdb	0	26.265	52.088	13.459
swarm_61_41.pdb	0	21.367	46.463	13.441
swarm_33_64.pdb	0	24.119	50.438	13.418
swarm_46_170.pdb	0	22.375	52.390	13.405
swarm_71_54.pdb	0	24.312	50.638	13.393
swarm_1_10.pdb	0	21.373	42.831	13.392
swarm_120_188.pdb	0	22.495	55.689	13.376
swarm_100_35.pdb	0	18.934	54.471	13.376
swarm_46_134.pdb	0	15.211	37.180	13.350
swarm_67_15.pdb	0	22.559	39.047	13.343
swarm_2_136.pdb	0	25.229	49.475	13.328
swarm_67_78.pdb	0	16.693	32.325	13.322
swarm_22_90.pdb	0	20.416	45.942	13.320
swarm_113_19.pdb	0	19.886	32.135	13.313
swarm_39_68.pdb	0	24.304	52.839	13.310
swarm_60_188.pdb	0	18.320	31.809	13.308
swarm_51_117.pdb	0	21.779	48.714	13.302
swarm_47_3.pdb	0	22.850	44.943	13.297
swarm_100_10.pdb	0	22.019	50.373	13.271
swarm_54_48.pdb	0	21.537	41.839	13.250
swarm_6_83.pdb	0	21.270	44.989	13.243
swarm_98_5.pdb	0	18.819	39.424	13.241
swarm_80_20.pdb	0	15.424	27.776	13.234
swarm_1_130.pdb	0	22.843	45.647	13.227
swarm_69_175.pdb	0.0153846	25.502	46.421	13.218
swarm_89_49.pdb	0	21.513	47.704	13.206
swarm_119_137.pdb	0	22.442	55.041	13.205
swarm_54_39.pdb	0	22.151	48.078	13.203
swarm_121_154.pdb	0	21.292	46.631	13.203
swarm_30_36.pdb	0	17.143	38.093	13.201
swarm_91_168.pdb	0	22.601	51.119	13.198
swarm_47_10.pdb	0	17.139	36.247	13.196
swarm_91_121.pdb	0	23.146	54.361	13.182
swarm_14_98.pdb	0	22.151	52.567	13.158
swarm_61_29.pdb	0.00769231	20.561	49.878	13.148
swarm_40_126.pdb	0.00769231	24.856	52.193	13.138
swarm_86_93.pdb	0	21.903	46.420	13.128
swarm_75_193.pdb	0	21.994	53.470	13.109
swarm_91_80.pdb	0	22.046	49.896	13.086
swarm_0_22.pdb	0	20.058	42.920	13.068
swarm_24_190.pdb	0	26.359	50.897	13.064
swarm_76_101.pdb	0	18.937	46.288	13.056
swarm_5_13.pdb	0	22.965	51.854	13.053
swarm_29_160.pdb	0	23.304	51.093	13.040
swarm_104_145.pdb	0	24.095	54.053	13.003
swarm_65_121.pdb	0	21.137	48.853	12.988
swarm_67_67.pdb	0	15.049	30.785	12.979
swarm_66_116.pdb	0	15.566	43.288	12.973
swarm_41_150.pdb	0	21.719	44.901	12.964
swarm_103_86.pdb	0	21.261	45.719	12.954
swarm_71_110.pdb	0	25.141	52.218	12.949
swarm_9_176.pdb	0	20.389	47.078	12.922
swarm_48_185.pdb	0	22.161	44.567	12.922
swarm_69_142.pdb	0	19.031	34.730	12.920
swarm_99_73.pdb	0.0615385	13.343	22.213	12.918
swarm_101_122.pdb	0	17.841	41.707	12.886
swarm_58_29.pdb	0	23.341	40.466	12.878
swarm_120_65.pdb	0	25.966	57.178	12.875
swarm_49_35.pdb	0	22.141	38.441	12.869
swarm_113_145.pdb	0	15.318	29.886	12.836
swarm_57_74.pdb	0	20.323	44.480	12.829
swarm_27_94.pdb	0	20.240	47.831	12.823
swarm_101_177.pdb	0	24.237	50.598	12.801
swarm_1_66.pdb	0	23.700	44.236	12.799
swarm_42_177.pdb	0	10.642	21.176	12.791
swarm_54_73.pdb	0	21.913	44.301	12.765
swarm_0_50.pdb	0	24.367	43.279	12.737
swarm_35_193.pdb	0	22.050	38.296	12.734
swarm_117_56.pdb	0	22.362	45.132	12.726
swarm_93_76.pdb	0	23.184	54.130	12.722
swarm_80_107.pdb	0	15.174	32.345	12.709
swarm_56_1.pdb	0	24.998	51.704	12.708
swarm_61_134.pdb	0	16.983	44.052	12.696
swarm_31_145.pdb	0	18.196	44.291	12.690
swarm_35_174.pdb	0	23.287	41.052	12.681
swarm_31_7.pdb	0	25.678	52.255	12.664
swarm_29_122.pdb	0	23.732	50.678	12.664
swarm_103_71.pdb	0	18.237	38.291	12.610
swarm_9_27.pdb	0	19.012	46.770	12.597
swarm_93_128.pdb	0	19.950	50.273	12.591
swarm_81_47.pdb	0	22.059	50.059	12.585
swarm_46_140.pdb	0	20.137	43.548	12.581
swarm_29_42.pdb	0	24.420	51.750	12.575
swarm_35_34.pdb	0	17.008	37.271	12.570
swarm_102_4.pdb	0	18.910	29.485	12.570
swarm_121_25.pdb	0	21.670	44.190	12.569
swarm_39_145.pdb	0	18.628	48.112	12.568
swarm_1_37.pdb	0	21.048	40.373	12.557
swarm_48_140.pdb	0	22.929	40.411	12.556
swarm_28_178.pdb	0	19.038	48.105	12.551
swarm_29_74.pdb	0	22.434	53.519	12.543
swarm_66_137.pdb	0	21.506	47.764	12.525
swarm_93_55.pdb	0	21.169	51.281	12.524
swarm_25_145.pdb	0	20.530	41.645	12.502
swarm_64_144.pdb	0	25.518	52.746	12.487
swarm_59_66.pdb	0	16.632	40.542	12.474
swarm_58_2.pdb	0	24.281	41.082	12.474
swarm_58_15.pdb	0	14.828	27.946	12.462
swarm_25_182.pdb	0	19.058	45.132	12.448
swarm_50_18.pdb	0	20.711	35.024	12.443
swarm_60_39.pdb	0	11.815	22.253	12.441
swarm_113_30.pdb	0	19.731	31.856	12.435
swarm_71_102.pdb	0	23.888	51.094	12.407
swarm_85_15.pdb	0	19.065	35.005	12.392
swarm_45_49.pdb	0	21.790	44.974	12.388
swarm_72_195.pdb	0	23.994	54.193	12.384
swarm_41_118.pdb	0	15.053	35.849	12.372
swarm_52_168.pdb	0	16.096	32.056	12.366
swarm_91_133.pdb	0	22.139	50.358	12.363
swarm_64_51.pdb	0	27.341	53.110	12.362
swarm_27_76.pdb	0	22.630	48.488	12.360
swarm_33_162.pdb	0	24.507	53.894	12.359
swarm_43_165.pdb	0	17.035	32.778	12.351
swarm_101_155.pdb	0	21.385	45.590	12.317
swarm_5_185.pdb	0	19.852	52.330	12.309
swarm_65_156.pdb	0	25.171	52.935	12.298
swarm_48_51.pdb	0.00769231	18.626	34.179	12.283
swarm_56_42.pdb	0	23.965	50.840	12.282
swarm_83_9.pdb	0	22.302	45.780	12.269
swarm_0_125.pdb	0	26.124	48.536	12.266
swarm_51_143.pdb	0	24.981	49.919	12.263
swarm_50_120.pdb	0	18.796	34.159	12.257
swarm_29_163.pdb	0	27.839	55.821	12.247
swarm_29_174.pdb	0	25.165	52.347	12.238
swarm_65_144.pdb	0.00769231	23.691	48.439	12.233
swarm_57_137.pdb	0	24.245	50.316	12.230
swarm_40_198.pdb	0	20.250	47.374	12.228
swarm_119_112.pdb	0	20.897	51.340	12.211
swarm_77_172.pdb	0	21.053	45.623	12.204
swarm_64_33.pdb	0	19.724	48.362	12.162
swarm_69_156.pdb	0	22.418	41.190	12.155
swarm_32_99.pdb	0	20.566	52.132	12.145
swarm_110_75.pdb	0.1	10.473	20.705	12.136
swarm_24_142.pdb	0	23.361	50.234	12.132
swarm_6_173.pdb	0	22.283	44.047	12.129
swarm_62_138.pdb	0	23.081	53.910	12.128
swarm_34_74.pdb	0	21.213	48.103	12.125
swarm_50_4.pdb	0	23.375	38.086	12.112
swarm_41_95.pdb	0	20.052	37.596	12.098
swarm_80_101.pdb	0	21.006	37.612	12.087
swarm_9_189.pdb	0	19.035	47.739	12.086
swarm_7_46.pdb	0	20.865	55.041	12.086
swarm_46_81.pdb	0	25.435	45.867	12.054
swarm_91_7.pdb	0	24.415	50.395	12.026
swarm_66_93.pdb	0	25.367	52.751	12.018
swarm_47_33.pdb	0	19.837	39.117	11.987
swarm_41_68.pdb	0	21.324	43.530	11.977
swarm_15_141.pdb	0	23.050	52.389	11.977
swarm_119_36.pdb	0	26.060	57.077	11.956
swarm_34_17.pdb	0	28.653	59.411	11.937
swarm_6_46.pdb	0	20.842	41.833	11.931
swarm_43_135.pdb	0	14.927	29.959	11.928
swarm_114_105.pdb	0	23.913	57.130	11.899
swarm_29_90.pdb	0	26.307	53.007	11.891
swarm_116_9.pdb	0	12.173	20.389	11.878
swarm_119_184.pdb	0	21.795	55.377	11.874
swarm_83_81.pdb	0.0307692	16.471	35.471	11.845
swarm_13_71.pdb	0	16.938	38.137	11.835
swarm_33_110.pdb	0	26.037	54.900	11.829
swarm_0_82.pdb	0	19.742	45.753	11.824
swarm_44_179.pdb	0	20.033	37.413	11.823
swarm_123_182.pdb	0	24.216	46.225	11.820
swarm_35_135.pdb	0	23.703	43.882	11.802
swarm_100_152.pdb	0	23.891	50.176	11.774
swarm_113_85.pdb	0	19.165	33.880	11.769
swarm_71_118.pdb	0	26.124	51.535	11.761
swarm_23_55.pdb	0	23.624	53.699	11.760
swarm_49_95.pdb	0	18.322	33.779	11.744
swarm_83_172.pdb	0	19.435	40.000	11.723
swarm_51_68.pdb	0	23.966	48.282	11.707
swarm_24_28.pdb	0	23.970	49.801	11.702
swarm_2_153.pdb	0	20.954	41.680	11.691
swarm_47_18.pdb	0.00769231	21.612	36.581	11.679
swarm_97_64.pdb	0	16.587	41.065	11.678
swarm_67_92.pdb	0	21.960	40.472	11.668
swarm_40_21.pdb	0	19.856	37.019	11.653
swarm_2_193.pdb	0.00769231	24.603	47.912	11.644
swarm_104_116.pdb	0	17.020	48.300	11.643
swarm_22_29.pdb	0	23.200	50.267	11.630
swarm_94_170.pdb	0	23.118	55.526	11.618
swarm_43_170.pdb	0	18.154	32.640	11.614
swarm_2_145.pdb	0	21.889	43.934	11.612
swarm_55_180.pdb	0	21.279	39.515	11.604
swarm_46_155.pdb	0	20.940	44.734	11.603
swarm_113_188.pdb	0	19.419	34.136	11.599
swarm_47_181.pdb	0	21.134	43.542	11.594
swarm_71_155.pdb	0	25.988	52.831	11.591
swarm_80_34.pdb	0	20.057	32.966	11.590
swarm_18_18.pdb	0	21.329	55.658	11.589
swarm_22_199.pdb	0	24.013	51.644	11.586
swarm_82_111.pdb	0	23.984	52.189	11.574
swarm_49_196.pdb	0	18.995	34.522	11.561
swarm_25_166.pdb	0	22.707	46.197	11.545
swarm_83_130.pdb	0	23.937	45.684	11.517
swarm_113_14.pdb	0	23.604	39.498	11.514
swarm_38_191.pdb	0	19.945	37.800	11.505
swarm_32_68.pdb	0	25.090	55.482	11.493
swarm_5_85.pdb	0	22.115	50.442	11.491
swarm_38_168.pdb	0	19.506	39.086	11.490
swarm_48_172.pdb	0	23.594	45.226	11.482
swarm_48_153.pdb	0	23.337	39.761	11.462
swarm_49_58.pdb	0	14.850	30.736	11.449
swarm_47_164.pdb	0	22.944	42.262	11.442
swarm_24_58.pdb	0	22.265	50.318	11.426
swarm_0_54.pdb	0	22.675	48.660	11.400
swarm_14_186.pdb	0	22.643	52.314	11.392
swarm_37_182.pdb	0.00769231	15.775	37.181	11.391
swarm_65_120.pdb	0	26.884	54.734	11.382
swarm_18_119.pdb	0	22.736	56.073	11.377
swarm_65_61.pdb	0	21.913	45.392	11.371
swarm_14_74.pdb	0	20.944	56.824	11.344
swarm_117_95.pdb	0	17.580	34.110	11.320
swarm_31_182.pdb	0	25.128	51.240	11.294
swarm_46_21.pdb	0	24.843	45.633	11.286
swarm_15_1.pdb	0	17.372	52.013	11.284
swarm_38_110.pdb	0	18.713	36.096	11.268
swarm_34_43.pdb	0	27.436	56.675	11.256
swarm_75_48.pdb	0	26.617	52.869	11.248
swarm_30_164.pdb	0	21.561	41.162	11.244
swarm_0_138.pdb	0	27.969	53.344	11.244
swarm_101_165.pdb	0	15.560	44.782	11.239
swarm_2_196.pdb	0	20.323	39.210	11.227
swarm_42_151.pdb	0	17.594	29.625	11.224
swarm_21_102.pdb	0	25.617	58.637	11.223
swarm_95_25.pdb	0	27.111	53.158	11.221
swarm_15_41.pdb	0	21.705	52.875	11.188
swarm_66_28.pdb	0	25.642	53.187	11.169
swarm_96_64.pdb	0	24.767	53.719	11.168
swarm_58_37.pdb	0	21.793	34.788	11.163
swarm_107_72.pdb	0	19.056	38.120	11.161
swarm_51_156.pdb	0	20.163	44.828	11.140
swarm_62_107.pdb	0	22.386	53.691	11.121
swarm_119_93.pdb	0	23.072	53.846	11.104
swarm_40_105.pdb	0	25.103	47.659	11.101
swarm_117_9.pdb	0	21.686	46.579	11.101
swarm_1_166.pdb	0	20.802	46.294	11.094
swarm_16_45.pdb	0.0307692	18.154	39.975	11.081
swarm_22_193.pdb	0	21.552	47.713	11.076
swarm_45_84.pdb	0	22.208	45.460	11.056
swarm_57_101.pdb	0	24.131	48.426	11.054
swarm_36_176.pdb	0	26.807	52.367	11.051
swarm_113_126.pdb	0	22.577	38.221	11.049
swarm_43_17.pdb	0	15.837	35.532	11.044
swarm_109_120.pdb	0	18.038	37.670	11.044
swarm_50_69.pdb	0	15.949	28.590	11.038
swarm_65_128.pdb	0	23.754	51.670	11.030
swarm_40_62.pdb	0	25.409	52.911	11.026
swarm_83_19.pdb	0.00769231	19.710	43.836	11.010
swarm_72_178.pdb	0	23.599	51.577	11.002
swarm_115_185.pdb	0	22.849	53.080	10.994
swarm_54_26.pdb	0	21.333	44.782	10.988
swarm_113_67.pdb	0	17.864	33.284	10.973
swarm_4_182.pdb	0	21.759	46.974	10.961
swarm_41_151.pdb	0.00769231	18.683	39.471	10.961
swarm_29_176.pdb	0	26.014	56.949	10.953
swarm_58_191.pdb	0	17.613	32.968	10.947
swarm_54_31.pdb	0	19.420	42.284	10.942
swarm_78_93.pdb	0	20.477	52.414	10.935
swarm_106_109.pdb	0	17.350	30.081	10.931
swarm_16_135.pdb	0	21.487	42.915	10.917
swarm_31_115.pdb	0	24.566	48.543	10.909
swarm_123_179.pdb	0	22.678	44.943	10.907
swarm_58_96.pdb	0	12.267	24.807	10.841
swarm_87_64.pdb	0	24.766	56.137	10.818
swarm_16_142.pdb	0	17.839	41.257	10.803
swarm_57_183.pdb	0	24.715	47.609	10.798
swarm_111_112.pdb	0	19.238	37.805	10.790
swarm_87_121.pdb	0	24.165	52.827	10.784
swarm_42_173.pdb	0	21.995	35.495	10.763
swarm_39_143.pdb	0	24.180	51.393	10.760
swarm_13_192.pdb	0	24.542	46.431	10.757
swarm_1_75.pdb	0.0153846	22.863	44.181	10.750
swarm_33_47.pdb	0	23.870	52.535	10.747
swarm_52_186.pdb	0	21.737	40.936	10.745
swarm_51_57.pdb	0	22.318	46.457	10.744
swarm_45_81.pdb	0	17.094	40.464	10.718
swarm_101_192.pdb	0	19.690	43.482	10.712
swarm_40_80.pdb	0	27.070	47.746	10.708
swarm_102_161.pdb	0.0153846	18.605	29.785	10.666
swarm_28_30.pdb	0	21.276	47.920	10.658
swarm_54_69.pdb	0	17.678	38.874	10.633
swarm_60_154.pdb	0	18.800	32.857	10.623
swarm_33_105.pdb	0	25.314	56.322	10.623
swarm_37_128.pdb	0	20.251	39.904	10.610
swarm_42_116.pdb	0	21.481	37.395	10.564
swarm_5_68.pdb	0	25.268	52.509	10.540
swarm_100_163.pdb	0	24.890	55.576	10.538
swarm_36_82.pdb	0	23.118	47.194	10.529
swarm_16_130.pdb	0	21.344	45.276	10.507
swarm_103_5.pdb	0	24.263	54.051	10.500
swarm_12_185.pdb	0	21.307	48.970	10.493
swarm_81_134.pdb	0	24.767	50.822	10.468
swarm_27_98.pdb	0	21.697	49.755	10.459
swarm_91_195.pdb	0	28.040	55.507	10.422
swarm_30_115.pdb	0	23.630	42.328	10.409
swarm_12_198.pdb	0	25.419	55.831	10.409
swarm_38_176.pdb	0	23.746	44.712	10.390
swarm_76_71.pdb	0	22.767	49.998	10.384
swarm_50_68.pdb	0	20.768	35.848	10.375
swarm_38_67.pdb	0	22.296	43.804	10.355
swarm_44_97.pdb	0	18.403	39.726	10.350
swarm_69_122.pdb	0	25.254	48.435	10.349
swarm_33_87.pdb	0	24.145	52.106	10.347
swarm_47_133.pdb	0	21.054	38.847	10.346
swarm_30_190.pdb	0	21.836	42.522	10.346
swarm_18_117.pdb	0	20.621	51.455	10.339
swarm_62_94.pdb	0	22.971	54.494	10.326
swarm_48_130.pdb	0	19.617	37.518	10.326
swarm_113_11.pdb	0.00769231	17.146	33.602	10.316
swarm_108_33.pdb	0	22.291	52.404	10.316
swarm_28_17.pdb	0	19.951	46.467	10.308
swarm_49_82.pdb	0	16.221	35.376	10.304
swarm_115_167.pdb	0	17.014	41.424	10.291
swarm_43_67.pdb	0.0153846	16.396	31.009	10.289
swarm_87_16.pdb	0	26.722	54.510	10.288
swarm_98_33.pdb	0.00769231	18.006	33.094	10.283
swarm_59_117.pdb	0	22.134	40.237	10.283
swarm_57_97.pdb	0	23.474	46.045	10.275
swarm_30_67.pdb	0.00769231	18.850	37.933	10.254
swarm_121_136.pdb	0	14.285	35.620	10.228
swarm_77_147.pdb	0	15.764	41.674	10.222
swarm_62_191.pdb	0	26.670	53.054	10.222
swarm_43_136.pdb	0	21.162	38.705	10.212
swarm_51_79.pdb	0	16.775	42.862	10.195
swarm_96_72.pdb	0	23.221	55.571	10.182
swarm_50_147.pdb	0	17.590	31.915	10.170
swarm_47_59.pdb	0	23.129	41.508	10.160
swarm_50_140.pdb	0	14.710	26.945	10.156
swarm_71_190.pdb	0	26.905	53.064	10.133
swarm_48_6.pdb	0	25.121	45.133	10.132
swarm_102_136.pdb	0	16.437	26.740	10.129
swarm_40_153.pdb	0	19.416	41.687	10.096
swarm_24_11.pdb	0	24.136	46.058	10.094
swarm_36_116.pdb	0	22.007	50.391	10.071
swarm_72_179.pdb	0	25.677	54.886	10.063
swarm_41_110.pdb	0	21.933	39.649	10.062
swarm_69_144.pdb	0	25.135	44.200	10.053
swarm_1_136.pdb	0	27.524	48.494	10.046
swarm_91_4.pdb	0	28.628	56.655	10.034
swarm_35_137.pdb	0	20.866	38.998	10.033
swarm_33_61.pdb	0	24.442	53.374	10.027
swarm_102_30.pdb	0	18.354	34.704	10.025
swarm_30_84.pdb	0	22.877	41.379	10.008
swarm_93_135.pdb	0	26.961	56.480	10.002
swarm_4_76.pdb	0	23.051	47.434	10.001
swarm_59_14.pdb	0	25.635	46.613	9.997
swarm_72_123.pdb	0	21.727	51.814	9.989
swarm_30_93.pdb	0	22.695	41.581	9.970
swarm_4_33.pdb	0	19.713	41.419	9.953
swarm_59_9.pdb	0	25.618	47.410	9.948
swarm_56_138.pdb	0	23.993	48.989	9.931
swarm_8_153.pdb	0	24.515	51.714	9.925
swarm_123_181.pdb	0	23.126	45.610	9.924
swarm_44_166.pdb	0	21.608	40.733	9.903
swarm_42_61.pdb	0	21.255	36.266	9.836
swarm_36_172.pdb	0	28.782	56.624	9.836
swarm_66_38.pdb	0	24.755	52.195	9.791
swarm_2_111.pdb	0	14.779	39.091	9.775
swarm_76_30.pdb	0	24.761	52.184	9.709
swarm_96_162.pdb	0	26.449	53.230	9.705
swarm_102_187.pdb	0	20.986	33.282	9.695
swarm_31_12.pdb	0	20.790	49.326	9.687
swarm_94_147.pdb	0	24.917	53.292	9.669
swarm_6_182.pdb	0	20.443	44.733	9.612
swarm_62_71.pdb	0	31.222	60.535	9.583
swarm_38_178.pdb	0	23.596	43.528	9.583
swarm_46_79.pdb	0	21.889	47.017	9.572
swarm_0_3.pdb	0	28.051	53.823	9.569
swarm_15_74.pdb	0	21.137	50.570	9.558
swarm_48_26.pdb	0	19.553	38.817	9.544
swarm_80_28.pdb	0	22.364	35.770	9.531
swarm_46_93.pdb	0	26.701	50.090	9.521
swarm_37_29.pdb	0	24.685	45.178	9.514
swarm_76_67.pdb	0	25.763	53.709	9.503
swarm_106_55.pdb	0	17.085	31.555	9.497
swarm_56_163.pdb	0	25.931	51.469	9.480
swarm_57_84.pdb	0	29.327	54.757	9.477
swarm_61_14.pdb	0	23.607	49.930	9.474
swarm_21_18.pdb	0	22.504	52.680	9.460
swarm_3_130.pdb	0	19.877	48.361	9.445
swarm_96_50.pdb	0	22.846	53.874	9.438
swarm_69_23.pdb	0	23.359	42.076	9.415
swarm_82_103.pdb	0	18.390	37.763	9.402
swarm_44_138.pdb	0	19.253	33.419	9.361
swarm_101_129.pdb	0	20.047	44.149	9.357
swarm_80_22.pdb	0	24.540	41.210	9.325
swarm_72_89.pdb	0	25.281	55.138	9.323
swarm_24_89.pdb	0	18.267	47.591	9.321
swarm_54_149.pdb	0	18.856	46.315	9.312
swarm_98_35.pdb	0	20.322	34.074	9.306
swarm_67_59.pdb	0	20.774	40.243	9.296
swarm_7_62.pdb	0	25.688	53.764	9.288
swarm_0_95.pdb	0	28.896	55.912	9.274
swarm_40_45.pdb	0	22.762	43.935	9.258
swarm_36_34.pdb	0	28.856	56.563	9.244
swarm_49_199.pdb	0	19.380	34.314	9.216
swarm_32_108.pdb	0	28.502	57.582	9.156
swarm_73_123.pdb	0	20.349	34.650	9.144
swarm_3_117.pdb	0	20.140	52.428	9.141
swarm_15_137.pdb	0	15.428	47.434	9.112
swarm_94_197.pdb	0	25.129	57.023	9.074
swarm_41_96.pdb	0	22.212	45.536	9.052
swarm_51_93.pdb	0	17.300	39.889	9.041
swarm_116_111.pdb	0	10.652	18.091	8.999
swarm_123_129.pdb	0	23.487	48.350	8.986
swarm_80_79.pdb	0	18.979	34.447	8.952
swarm_8_54.pdb	0	20.669	53.173	8.951
swarm_65_136.pdb	0	27.871	53.442	8.937
swarm_69_167.pdb	0	19.765	40.693	8.897
swarm_17_126.pdb	0	24.754	55.319	8.893
swarm_73_13.pdb	0	19.148	34.432	8.870
swarm_71_158.pdb	0	28.334	58.777	8.863
swarm_24_180.pdb	0	17.178	50.122	8.839
swarm_123_95.pdb	0	23.966	51.670	8.832
swarm_35_12.pdb	0	22.243	42.422	8.791
swarm_123_14.pdb	0	22.441	46.602	8.767
swarm_48_69.pdb	0	22.671	40.994	8.754
swarm_30_127.pdb	0	17.147	34.860	8.710
swarm_2_64.pdb	0	22.432	47.565	8.701
swarm_4_184.pdb	0	21.334	44.617	8.646
swarm_41_48.pdb	0	23.460	45.673	8.630
swarm_37_172.pdb	0	19.989	39.243	8.576
swarm_56_22.pdb	0	22.906	44.404	8.560
swarm_41_195.pdb	0	22.843	45.358	8.531
swarm_42_12.pdb	0	16.334	34.172	8.498
swarm_113_65.pdb	0.00769231	19.975	34.038	8.482
swarm_41_59.pdb	0	18.921	39.212	8.469
swarm_43_34.pdb	0	21.272	39.085	8.420
swarm_0_89.pdb	0	24.686	48.762	8.416
swarm_55_162.pdb	0	16.304	39.239	8.399
swarm_40_113.pdb	0	26.047	49.005	8.381
swarm_35_100.pdb	0	24.521	42.786	8.380
swarm_102_37.pdb	0	20.574	34.528	8.372
swarm_33_176.pdb	0	22.995	54.527	8.343
swarm_18_148.pdb	0	20.453	53.435	8.313
swarm_34_189.pdb	0	25.090	54.136	8.305
swarm_56_192.pdb	0	19.435	49.172	8.265
swarm_107_2.pdb	0.00769231	13.375	32.902	8.260
swarm_12_70.pdb	0	24.475	56.253	8.258
swarm_71_123.pdb	0	29.608	57.624	8.257
swarm_78_164.pdb	0	25.217	52.008	8.244
swarm_25_160.pdb	0	18.286	45.422	8.229
swarm_62_84.pdb	0	23.139	57.698	8.221
swarm_86_47.pdb	0	17.112	47.731	8.203
swarm_26_63.pdb	0	20.710	47.930	8.197
swarm_64_149.pdb	0	27.269	54.238	8.162
swarm_22_83.pdb	0	21.242	48.298	8.101
swarm_38_9.pdb	0	19.750	41.455	8.088
swarm_30_146.pdb	0	19.821	38.935	8.073
swarm_60_111.pdb	0.00769231	16.844	30.415	8.062
swarm_38_186.pdb	0	12.532	31.708	8.059
swarm_10_6.pdb	0.00769231	20.732	55.663	8.005
swarm_76_1.pdb	0	20.011	47.750	7.957
swarm_14_15.pdb	0	21.796	52.965	7.882
swarm_103_139.pdb	0	23.277	51.540	7.745
swarm_43_70.pdb	0.00769231	18.320	39.712	7.714
swarm_80_40.pdb	0	23.895	40.271	7.701
swarm_1_143.pdb	0	14.981	31.439	7.693
swarm_35_163.pdb	0	22.240	41.542	7.666
swarm_47_75.pdb	0	25.031	44.008	7.585
swarm_100_70.pdb	0	22.253	55.857	7.583
swarm_34_116.pdb	0	27.865	56.559	7.559
swarm_34_3.pdb	0	28.800	58.973	7.539
swarm_80_62.pdb	0	21.620	34.867	7.530
swarm_0_135.pdb	0	28.974	54.954	7.527
swarm_44_143.pdb	0	14.758	32.098	7.523
swarm_66_114.pdb	0	22.310	47.535	7.494
swarm_103_76.pdb	0	23.641	50.322	7.460
swarm_1_0.pdb	0	25.721	44.748	7.455
swarm_47_188.pdb	0	25.984	46.518	7.445
swarm_73_35.pdb	0	18.144	30.252	7.427
swarm_0_147.pdb	0	23.719	49.362	7.416
swarm_82_197.pdb	0	23.870	48.798	7.407
swarm_60_66.pdb	0	11.493	22.427	7.326
swarm_115_158.pdb	0	18.334	50.287	7.207
swarm_69_44.pdb	0	20.719	34.908	7.196
swarm_57_49.pdb	0	23.832	47.024	7.195
swarm_83_171.pdb	0	22.640	43.815	7.190
swarm_7_58.pdb	0	23.287	50.787	7.180
swarm_103_150.pdb	0	21.166	48.481	7.146
swarm_62_51.pdb	0	28.276	54.936	7.123
swarm_112_177.pdb	0	28.253	60.644	7.112
swarm_33_194.pdb	0	27.746	57.650	7.099
swarm_40_8.pdb	0	22.335	43.875	7.084
swarm_71_112.pdb	0	22.733	48.293	7.083
swarm_66_77.pdb	0	17.216	43.769	7.077
swarm_44_82.pdb	0	20.357	38.646	6.987
swarm_43_97.pdb	0	24.106	41.537	6.985
swarm_120_132.pdb	0	19.553	58.143	6.942
swarm_109_54.pdb	0	20.532	42.665	6.940
swarm_94_61.pdb	0	25.453	58.512	6.931
swarm_76_106.pdb	0	27.721	53.240	6.908
swarm_36_155.pdb	0	23.139	48.814	6.896
swarm_97_152.pdb	0	22.801	47.489	6.863
swarm_12_30.pdb	0	19.464	52.342	6.857
swarm_28_110.pdb	0	21.351	48.143	6.764
swarm_105_182.pdb	0.0153846	7.581	16.753	6.751
swarm_28_66.pdb	0	21.722	47.712	6.695
swarm_28_164.pdb	0	22.070	46.288	6.683
swarm_38_133.pdb	0	20.832	43.121	6.680
swarm_104_168.pdb	0	19.710	48.364	6.643
swarm_12_126.pdb	0	21.406	55.303	6.591
swarm_74_24.pdb	0	17.336	37.830	6.585
swarm_68_162.pdb	0.0153846	11.674	19.133	6.541
swarm_58_193.pdb	0	23.958	39.138	6.495
swarm_96_172.pdb	0	24.815	51.972	6.491
swarm_38_199.pdb	0	21.251	41.535	6.457
swarm_105_164.pdb	0	15.174	27.370	6.434
swarm_103_18.pdb	0	22.100	47.643	6.386
swarm_67_65.pdb	0	11.433	26.696	6.373
swarm_57_162.pdb	0	23.161	46.249	6.366
swarm_23_31.pdb	0	22.764	55.556	6.348
swarm_47_100.pdb	0	25.227	47.781	6.316
swarm_67_71.pdb	0	22.386	40.146	6.288
swarm_108_90.pdb	0	25.139	55.688	6.271
swarm_71_7.pdb	0	28.717	54.944	6.265
swarm_122_68.pdb	0	24.264	53.841	6.264
swarm_4_77.pdb	0	22.020	46.501	6.263
swarm_79_101.pdb	0	13.298	25.744	6.236
swarm_96_187.pdb	0	29.364	56.154	6.234
swarm_93_123.pdb	0	19.490	48.466	6.215
swarm_41_7.pdb	0	22.642	44.920	6.175
swarm_113_104.pdb	0	24.197	40.367	6.164
swarm_13_61.pdb	0.0153846	20.829	43.017	6.156
swarm_62_17.pdb	0	24.211	55.538	6.152
swarm_97_23.pdb	0	24.415	50.434	6.138
swarm_26_150.pdb	0	18.773	43.152	6.128
swarm_82_58.pdb	0.00769231	12.239	34.064	6.115
swarm_96_131.pdb	0	26.867	54.343	6.015
swarm_102_145.pdb	0	23.026	36.768	5.916
swarm_31_46.pdb	0	24.084	52.100	5.795
swarm_81_118.pdb	0	27.621	55.158	5.763
swarm_62_91.pdb	0	29.405	59.440	5.746
swarm_7_199.pdb	0	26.047	57.333	5.745
swarm_14_108.pdb	0	27.924	58.738	5.734
swarm_80_198.pdb	0	23.873	41.508	5.717
swarm_96_152.pdb	0	23.688	55.228	5.715
swarm_9_179.pdb	0	25.961	55.092	5.713
swarm_16_52.pdb	0	20.213	41.981	5.703
swarm_54_78.pdb	0	14.541	38.826	5.642
swarm_51_158.pdb	0	21.432	42.004	5.635
swarm_118_107.pdb	0	20.547	39.385	5.596
swarm_111_46.pdb	0.0153846	11.775	28.747	5.529
swarm_59_40.pdb	0.0538462	18.038	39.458	5.526
swarm_57_172.pdb	0	28.345	56.074	5.496
swarm_55_84.pdb	0	20.562	41.740	5.461
swarm_37_1.pdb	0	23.820	45.361	5.351
swarm_21_172.pdb	0	25.833	58.667	5.322
swarm_120_104.pdb	0	27.611	59.556	5.304
swarm_10_94.pdb	0	28.338	58.834	5.298
swarm_65_92.pdb	0	28.206	53.716	5.286
swarm_3_121.pdb	0	24.281	54.529	5.281
swarm_77_87.pdb	0	20.827	45.648	5.152
swarm_14_151.pdb	0	18.202	52.795	5.129
swarm_28_189.pdb	0	23.729	48.605	5.073
swarm_49_56.pdb	0.0461538	10.268	25.048	5.067
swarm_14_121.pdb	0	24.526	61.199	5.038
swarm_41_113.pdb	0	19.551	40.913	5.032
swarm_97_192.pdb	0	23.527	46.735	5.008
swarm_112_43.pdb	0	22.240	56.081	4.974
swarm_21_66.pdb	0	22.315	59.282	4.972
swarm_15_93.pdb	0	24.789	55.347	4.939
swarm_87_163.pdb	0	30.385	59.839	4.932
swarm_55_190.pdb	0.00769231	19.518	39.835	4.907
swarm_82_181.pdb	0.00769231	18.264	44.081	4.872
swarm_114_29.pdb	0	25.730	56.032	4.834
swarm_93_142.pdb	0	20.438	48.767	4.689
swarm_98_52.pdb	0	20.603	37.759	4.685
swarm_5_135.pdb	0	20.733	45.688	4.653
swarm_97_179.pdb	0	20.634	45.323	4.629
swarm_18_11.pdb	0	23.764	55.823	4.541
swarm_62_117.pdb	0	27.403	54.229	4.499
swarm_105_147.pdb	0	17.343	28.666	4.454
swarm_76_196.pdb	0	24.392	54.388	4.401
swarm_18_74.pdb	0	27.131	60.217	4.325
swarm_27_96.pdb	0	22.370	50.286	4.277
swarm_18_139.pdb	0	23.142	55.824	4.207
swarm_8_51.pdb	0	24.234	52.959	4.206
swarm_94_53.pdb	0	21.701	50.700	4.069
swarm_36_154.pdb	0	21.089	44.063	4.044
swarm_86_86.pdb	0	22.238	49.322	3.988
swarm_123_3.pdb	0	21.293	47.827	3.978
swarm_82_141.pdb	0	16.466	40.863	3.742
swarm_26_103.pdb	0	20.812	46.513	3.576
swarm_9_18.pdb	0	24.163	53.615	3.556
swarm_120_76.pdb	0	24.807	56.933	3.554
swarm_4_62.pdb	0	21.669	46.709	3.529
swarm_94_153.pdb	0	27.071	57.606	3.294
swarm_14_165.pdb	0	21.304	55.704	3.271
swarm_112_65.pdb	0	26.722	57.667	3.270
swarm_4_41.pdb	0	22.160	46.165	3.228
swarm_6_135.pdb	0	21.310	45.302	3.082
swarm_65_108.pdb	0	27.556	55.183	3.077
swarm_46_109.pdb	0	24.610	47.053	2.987
swarm_110_73.pdb	0.0153846	13.886	25.341	2.958
swarm_117_76.pdb	0	14.153	36.303	2.957
swarm_21_0.pdb	0	22.771	53.767	2.916
swarm_6_170.pdb	0	20.701	43.382	2.843
swarm_62_170.pdb	0	29.636	60.933	2.669
swarm_79_95.pdb	0	12.212	26.470	2.493
swarm_28_156.pdb	0	21.101	48.964	2.490
swarm_14_10.pdb	0	25.251	62.861	2.377
swarm_43_81.pdb	0.0461538	15.807	28.797	2.311
swarm_65_197.pdb	0	23.117	44.479	2.274
swarm_29_53.pdb	0	23.322	53.876	2.088
swarm_10_53.pdb	0	21.142	52.205	2.055
swarm_98_104.pdb	0	20.063	38.087	1.788
swarm_21_194.pdb	0	28.825	62.065	1.724
swarm_76_11.pdb	0	27.025	57.727	1.663
swarm_94_128.pdb	0	25.248	56.485	1.475
swarm_25_25.pdb	0	20.249	45.618	1.345
swarm_96_150.pdb	0	25.308	55.845	1.304
swarm_94_103.pdb	0	27.167	60.515	1.273
swarm_62_4.pdb	0	28.363	58.443	1.246
swarm_71_163.pdb	0	24.670	57.079	1.233
swarm_62_173.pdb	0	31.168	62.521	1.129
swarm_70_169.pdb	0	14.984	37.508	0.974
swarm_54_166.pdb	0	18.007	46.890	0.908
swarm_2_12.pdb	0	18.908	42.391	0.788
swarm_27_13.pdb	0	22.258	48.946	0.767
swarm_20_95.pdb	0	26.151	57.586	0.464
swarm_122_34.pdb	0	26.369	55.287	0.429
swarm_90_77.pdb	0.0384615	13.758	22.788	0.308
swarm_105_96.pdb	0.0307692	9.683	20.738	0.307
swarm_20_75.pdb	0	28.729	60.997	0.232
swarm_29_41.pdb	0	18.182	44.424	0.197
swarm_17_124.pdb	0	26.867	62.026	0.181
swarm_16_153.pdb	0.0230769	18.279	43.554	0.139
swarm_49_80.pdb	0	18.953	36.098	0.076
swarm_114_132.pdb	0	26.808	56.666	-0.053
swarm_78_34.pdb	0	17.304	44.631	-0.106
swarm_87_35.pdb	0	24.085	53.965	-0.201
swarm_3_15.pdb	0	22.560	51.941	-0.222
swarm_28_183.pdb	0	21.927	48.741	-0.348
swarm_4_32.pdb	0	23.722	49.400	-0.423
swarm_96_117.pdb	0	16.488	45.468	-0.485
swarm_45_122.pdb	0	26.363	48.074	-0.487
swarm_18_153.pdb	0	23.203	53.320	-0.813
swarm_31_104.pdb	0	19.859	47.600	-0.845
swarm_62_128.pdb	0	27.486	57.106	-0.948
swarm_103_16.pdb	0	22.060	49.080	-0.975
swarm_20_71.pdb	0	27.519	60.482	-1.028
swarm_51_32.pdb	0	22.788	43.731	-1.114
swarm_87_162.pdb	0	29.843	60.139	-1.118
swarm_45_120.pdb	0.0153846	20.397	40.127	-1.744
swarm_87_28.pdb	0	28.270	53.316	-1.746
swarm_2_106.pdb	0.0384615	16.995	36.986	-1.800
swarm_106_39.pdb	0	14.781	27.532	-1.836
swarm_49_135.pdb	0	13.258	31.414	-1.847
swarm_84_131.pdb	0	11.907	19.930	-2.159
swarm_27_2.pdb	0	22.425	48.604	-2.255
swarm_68_67.pdb	0	19.896	30.449	-2.308
swarm_15_199.pdb	0	25.429	59.423	-2.463
swarm_119_127.pdb	0	23.526	52.984	-2.521
swarm_89_141.pdb	0	16.670	41.283	-2.669
swarm_67_86.pdb	0	21.185	42.539	-2.716
swarm_120_23.pdb	0	24.551	54.378	-2.782
swarm_18_64.pdb	0	21.566	51.265	-2.915
swarm_19_185.pdb	0	19.781	38.784	-3.033
swarm_20_191.pdb	0	28.755	61.506	-3.047
swarm_25_92.pdb	0	22.506	45.485	-3.094
swarm_68_43.pdb	0	13.164	22.442	-3.129
swarm_100_194.pdb	0	23.565	52.680	-3.319
swarm_16_58.pdb	0	17.883	40.891	-3.610
swarm_25_51.pdb	0.0153846	14.886	39.572	-3.728
swarm_109_155.pdb	0	21.362	42.812	-3.937
swarm_96_10.pdb	0	27.967	56.754	-3.947
swarm_11_126.pdb	0	24.020	50.646	-4.316
swarm_52_24.pdb	0.0538462	8.584	28.708	-4.614
swarm_21_148.pdb	0	26.290	59.494	-4.630
swarm_87_113.pdb	0	21.072	49.185	-4.650
swarm_94_19.pdb	0	26.560	57.394	-4.701
swarm_52_26.pdb	0	14.298	27.554	-4.958
swarm_94_95.pdb	0	24.414	55.889	-5.243
swarm_28_27.pdb	0	18.652	45.725	-5.294
swarm_92_185.pdb	0.0230769	14.228	25.877	-5.420
swarm_85_58.pdb	0.00769231	10.986	28.323	-5.445
swarm_22_160.pdb	0	23.672	50.588	-5.533
swarm_88_51.pdb	0	17.936	31.285	-5.569
swarm_15_154.pdb	0	19.820	52.237	-5.631
swarm_12_12.pdb	0	20.516	48.360	-5.684
swarm_56_160.pdb	0	17.985	42.195	-5.720
swarm_63_28.pdb	0	20.888	42.259	-5.721
swarm_21_173.pdb	0	22.028	59.254	-6.235
swarm_29_188.pdb	0.00769231	19.088	48.278	-6.324
swarm_23_181.pdb	0	20.408	54.762	-6.844
swarm_76_27.pdb	0	27.272	54.263	-6.852
swarm_47_110.pdb	0	21.195	38.311	-6.883
swarm_110_53.pdb	0.0461538	10.113	21.429	-7.011
swarm_83_96.pdb	0	14.527	30.753	-7.141
swarm_56_28.pdb	0	16.147	41.062	-7.159
swarm_85_171.pdb	0	18.849	36.082	-7.265
swarm_66_11.pdb	0	14.728	38.211	-8.248
swarm_103_181.pdb	0	24.888	55.657	-8.327
swarm_57_113.pdb	0	17.231	39.768	-8.386
swarm_8_166.pdb	0.00769231	16.804	48.905	-8.389
swarm_84_47.pdb	0.123077	8.858	19.206	-8.501
swarm_107_149.pdb	0.0769231	11.102	30.762	-8.766
swarm_93_169.pdb	0	20.315	49.234	-8.942
swarm_26_161.pdb	0	21.077	47.444	-9.147
swarm_49_188.pdb	0	15.120	29.973	-9.184
swarm_14_160.pdb	0	23.026	58.356	-9.312
swarm_86_45.pdb	0	17.618	43.988	-9.609
swarm_121_5.pdb	0	22.774	47.835	-9.862
swarm_89_148.pdb	0	18.410	42.056	-9.944
swarm_114_177.pdb	0	21.508	52.162	-10.097
swarm_82_184.pdb	0	18.565	39.491	-10.553
swarm_21_150.pdb	0	22.210	56.167	-10.615
swarm_46_66.pdb	0	17.626	40.840	-10.703
swarm_5_151.pdb	0	24.918	51.683	-11.059
swarm_32_139.pdb	0.0384615	19.191	45.827	-11.372
swarm_65_127.pdb	0	28.013	52.478	-11.387
swarm_94_3.pdb	0	21.900	53.223	-11.416
swarm_120_87.pdb	0	20.206	54.477	-11.528
swarm_76_184.pdb	0	27.266	55.904	-11.722
swarm_57_107.pdb	0	20.558	45.949	-11.749
swarm_20_30.pdb	0	20.688	52.441	-11.859
swarm_52_139.pdb	0	10.636	26.444	-11.961
swarm_4_89.pdb	0	25.991	51.909	-12.850
swarm_84_23.pdb	0.0846154	8.944	26.100	-12.962
swarm_107_113.pdb	0.00769231	15.234	34.503	-12.981
swarm_7_148.pdb	0	18.741	51.656	-13.477
swarm_120_171.pdb	0	22.724	54.073	-13.556
swarm_116_161.pdb	0	11.656	20.337	-14.276
swarm_100_115.pdb	0	27.239	57.926	-14.450
swarm_12_142.pdb	0	23.406	55.225	-14.550
swarm_88_145.pdb	0.0538462	15.048	25.131	-14.599
swarm_13_5.pdb	0	14.769	37.767	-14.601
swarm_108_54.pdb	0	21.019	52.347	-15.262
swarm_52_17.pdb	0.0153846	13.927	31.970	-15.394
swarm_85_192.pdb	0.00769231	16.536	28.537	-15.465
swarm_23_79.pdb	0	23.118	57.552	-15.960
swarm_50_104.pdb	0	18.775	32.640	-16.233
swarm_111_131.pdb	0.0461538	15.272	27.918	-16.294
swarm_103_29.pdb	0	18.721	44.955	-16.544
swarm_28_99.pdb	0	16.279	48.643	-16.703
swarm_19_192.pdb	0.0153846	16.997	33.537	-18.469
swarm_112_116.pdb	0	24.174	56.229	-18.520
swarm_71_22.pdb	0	26.433	55.510	-19.622
swarm_85_38.pdb	0	14.021	30.110	-20.052
swarm_109_156.pdb	0	15.736	38.196	-20.404
swarm_15_146.pdb	0	17.684	44.887	-20.544
swarm_107_199.pdb	0	16.977	35.613	-20.791
swarm_22_72.pdb	0	16.340	36.682	-21.099
swarm_8_119.pdb	0	19.825	55.050	-21.409
swarm_7_111.pdb	0	21.413	50.105	-22.191
swarm_3_125.pdb	0.00769231	16.677	41.343	-22.418
swarm_57_51.pdb	0	22.467	45.083	-22.488
swarm_119_122.pdb	0	18.511	50.061	-23.134
swarm_100_117.pdb	0	25.536	52.163	-23.261
swarm_64_37.pdb	0	21.886	45.645	-23.691
swarm_78_42.pdb	0	22.916	46.558	-23.851
swarm_87_105.pdb	0	25.463	56.090	-25.066
swarm_14_153.pdb	0	19.942	51.706	-25.460
swarm_10_80.pdb	0	22.665	49.661	-25.534
swarm_100_75.pdb	0	19.287	47.590	-25.784
swarm_78_82.pdb	0	15.437	43.009	-26.242
swarm_105_175.pdb	0.115385	10.045	23.018	-26.428
swarm_100_170.pdb	0	21.026	49.797	-27.383
swarm_37_161.pdb	0	16.054	32.896	-27.582
swarm_50_22.pdb	0	18.280	32.467	-27.661
swarm_121_97.pdb	0	14.201	36.758	-27.693
swarm_118_58.pdb	0	15.525	33.886	-29.977
swarm_75_170.pdb	0.0846154	19.941	44.727	-30.436
swarm_98_82.pdb	0.0230769	18.511	37.606	-31.291
swarm_10_169.pdb	0	27.568	58.502	-31.474
swarm_35_160.pdb	0.00769231	18.379	35.254	-31.683
swarm_6_137.pdb	0	13.914	32.776	-32.637
swarm_94_111.pdb	0	24.708	55.992	-33.286
swarm_14_161.pdb	0	27.508	62.444	-33.652
swarm_10_133.pdb	0.00769231	19.213	53.093	-34.306
swarm_3_31.pdb	0	18.947	48.731	-34.350
swarm_53_76.pdb	0.0230769	19.557	39.496	-35.366
swarm_76_138.pdb	0	22.705	50.193	-35.432
swarm_37_30.pdb	0	13.458	28.573	-35.446
swarm_81_87.pdb	0	19.273	43.938	-36.212
swarm_81_99.pdb	0	21.777	44.963	-36.235
swarm_21_36.pdb	0	24.696	55.483	-36.422
swarm_96_130.pdb	0	19.620	46.431	-37.008
swarm_49_126.pdb	0	16.944	32.572	-37.425
swarm_85_106.pdb	0.0692308	8.769	20.162	-37.708
swarm_76_152.pdb	0	19.204	44.741	-38.152
swarm_77_28.pdb	0	16.256	40.605	-38.493
swarm_8_60.pdb	0.0307692	20.376	47.482	-38.610
swarm_109_43.pdb	0	13.198	33.980	-39.332
swarm_66_17.pdb	0	15.500	41.932	-39.780
swarm_100_5.pdb	0.0307692	21.161	50.677	-39.817
swarm_105_100.pdb	0.00769231	12.266	22.448	-41.020
swarm_108_37.pdb	0	17.615	46.404	-42.212
swarm_74_88.pdb	0.0846154	12.285	33.513	-42.468
swarm_62_161.pdb	0	20.044	51.671	-42.907
swarm_64_145.pdb	0	19.693	41.098	-44.202
swarm_59_140.pdb	0	14.678	33.575	-45.780
swarm_51_29.pdb	0	11.863	31.797	-46.818
swarm_47_65.pdb	0.0153846	18.917	35.177	-47.402
swarm_48_74.pdb	0.0230769	12.497	29.502	-49.317
swarm_48_152.pdb	0.00769231	17.720	35.412	-51.796
swarm_21_37.pdb	0	22.668	56.002	-52.152
swarm_122_31.pdb	0	19.508	46.248	-52.930
swarm_55_196.pdb	0	16.681	35.386	-53.092
swarm_17_163.pdb	0	20.150	48.334	-53.392
swarm_93_107.pdb	0	18.911	45.693	-54.305
swarm_99_27.pdb	0.0384615	14.427	23.815	-54.743
swarm_95_119.pdb	0	16.223	41.351	-55.830
swarm_122_165.pdb	0	20.206	45.561	-56.690
swarm_123_21.pdb	0	21.246	45.984	-57.377
swarm_17_86.pdb	0	23.012	55.893	-57.538
swarm_108_154.pdb	0	18.728	45.640	-59.630
swarm_55_55.pdb	0	16.483	35.899	-59.845
swarm_112_158.pdb	0.0153846	20.062	50.801	-60.803
swarm_25_161.pdb	0	20.601	44.628	-60.825
swarm_118_63.pdb	0.00769231	13.088	28.847	-63.591
swarm_14_55.pdb	0	21.117	51.115	-63.642
swarm_26_190.pdb	0.0230769	15.667	47.460	-65.969
swarm_101_137.pdb	0.0153846	12.404	37.842	-66.003
swarm_123_155.pdb	0	21.877	45.910	-66.093
swarm_1_134.pdb	0	14.262	30.455	-66.363
swarm_74_165.pdb	0.0461538	16.340	35.659	-66.456
swarm_30_132.pdb	0.0153846	17.031	31.968	-67.843
swarm_13_91.pdb	0	17.424	37.772	-68.057
swarm_70_41.pdb	0.00769231	15.018	34.616	-68.421
swarm_7_184.pdb	0	24.452	54.088	-68.844
swarm_32_69.pdb	0.0153846	18.670	46.410	-69.655
swarm_114_194.pdb	0	21.338	53.117	-69.816
swarm_84_164.pdb	0.0153846	8.357	17.123	-70.405
swarm_27_168.pdb	0.0153846	15.133	43.644	-70.460
swarm_64_161.pdb	0	23.703	48.647	-71.766
swarm_3_47.pdb	0	15.269	48.068	-71.788
swarm_13_125.pdb	0.0769231	19.085	43.125	-73.596
swarm_90_119.pdb	0.138462	7.009	12.319	-73.987
swarm_123_153.pdb	0	20.463	41.730	-75.890
swarm_96_16.pdb	0	21.438	47.407	-77.188
swarm_10_85.pdb	0	23.787	52.714	-82.706
swarm_105_48.pdb	0.00769231	16.343	28.029	-82.787
swarm_22_107.pdb	0	15.064	40.333	-84.019
swarm_89_113.pdb	0	15.445	42.043	-84.344
swarm_10_123.pdb	0	25.429	56.144	-84.729
swarm_36_96.pdb	0	16.725	40.510	-85.241
swarm_50_162.pdb	0.130769	7.773	21.414	-85.428
swarm_90_105.pdb	0.107692	13.263	22.987	-86.946
swarm_9_81.pdb	0	16.616	45.717	-87.527
swarm_81_183.pdb	0.0384615	22.084	44.923	-88.964
swarm_35_86.pdb	0	13.054	31.996	-91.698
swarm_29_117.pdb	0.0230769	18.316	45.374	-93.466
swarm_46_39.pdb	0	20.482	42.643	-93.709
swarm_29_175.pdb	0	16.751	40.584	-93.720
swarm_20_82.pdb	0	23.188	57.847	-94.008
swarm_92_190.pdb	0.00769231	17.110	27.954	-102.089
swarm_79_55.pdb	0.0769231	16.364	28.956	-103.239
swarm_116_29.pdb	0.0307692	8.266	16.043	-105.144
swarm_96_138.pdb	0	20.129	48.863	-105.656
swarm_71_113.pdb	0	21.755	48.725	-110.969
swarm_5_156.pdb	0	18.346	44.040	-130.921
swarm_11_167.pdb	0	23.136	53.181	-130.925
swarm_101_23.pdb	0	16.768	41.390	-131.010
swarm_57_191.pdb	0	19.922	42.242	-131.524
swarm_114_136.pdb	0	19.280	46.181	-131.924
swarm_86_111.pdb	0	14.461	40.222	-132.625
swarm_20_103.pdb	0	20.952	48.512	-141.047
swarm_5_97.pdb	0	19.799	43.063	-142.067
swarm_11_14.pdb	0	18.266	50.757	-142.355
swarm_84_76.pdb	0.0230769	11.742	23.128	-142.583
swarm_111_134.pdb	0.0384615	12.102	28.665	-157.264
swarm_11_88.pdb	0.00769231	20.266	46.122	-164.652
swarm_25_71.pdb	0	17.140	39.616	-165.917
swarm_81_140.pdb	0.00769231	15.546	41.940	-177.228
