complex.1.pdb	0.0	9.444	75.355
complex.2.pdb	0.0	10.214	61.307
complex.3.pdb	0.0	10.184	57.437
complex.4.pdb	0.0	15.224	68.632
complex.5.pdb	0.0	15.025	54.395
complex.6.pdb	0.0	11.256	58.069
complex.7.pdb	0.0	9.236	72.512
complex.8.pdb	0.0	9.329	75.3
complex.9.pdb	0.030303	11.33	64.574
complex.10.pdb	0.0	14.88	64.137
complex.11.pdb	0.121212	7.972	50.441
complex.12.pdb	0.0	9.712	58.456
complex.13.pdb	0.0	9.629	56.014
complex.14.pdb	0.0	18.141	65.292
complex.15.pdb	0.0	9.386	68.65
complex.16.pdb	0.0	12.206	78.838
complex.17.pdb	0.0	14.776	59.727
complex.18.pdb	0.0151515	14.421	65.182
complex.19.pdb	0.0	10.639	74.011
complex.20.pdb	0.0	18.555	59.376
complex.21.pdb	0.0	14.817	47.933
complex.22.pdb	0.0	21.569	78.548
complex.23.pdb	0.0	13.043	74.469
complex.24.pdb	0.0	9.683	74.172
complex.25.pdb	0.0	10.766	73.842
complex.26.pdb	0.0	15.033	82.154
complex.27.pdb	0.0	10.072	54.53
complex.28.pdb	0.0	9.897	72.04
complex.29.pdb	0.0	10.265	73.239
complex.30.pdb	0.0	15.024	82.554
complex.31.pdb	0.0	15.98	58.45
complex.32.pdb	0.0	12.6	62.441
complex.33.pdb	0.0	11.811	56.89
complex.34.pdb	0.0	10.55	50.31
complex.35.pdb	0.0	16.212	62.196
complex.36.pdb	0.0	13.639	68.693
complex.37.pdb	0.0	9.66	69.414
complex.38.pdb	0.0	9.81	72.377
complex.39.pdb	0.030303	12.024	76.968
complex.40.pdb	0.0	11.834	60.081
complex.41.pdb	0.0	17.399	50.614
complex.42.pdb	0.0	20.145	48.766
complex.43.pdb	0.0	11.054	48.105
complex.44.pdb	0.0	13.686	76.612
complex.45.pdb	0.0	11.99	81.211
complex.46.pdb	0.0757576	13.253	53.489
complex.47.pdb	0.106061	8.254	53.448
complex.48.pdb	0.0	11.799	84.629
complex.49.pdb	0.030303	11.044	72.164
complex.50.pdb	0.0	14.202	61.258
complex.51.pdb	0.0	9.169	63.633
complex.52.pdb	0.0	10.529	63.152
complex.53.pdb	0.0	10.834	68.711
complex.54.pdb	0.0	10.072	75.637
complex.55.pdb	0.106061	13.12	51.63
complex.56.pdb	0.030303	15.329	44.282
complex.57.pdb	0.0	13.417	65.851
complex.58.pdb	0.0151515	12.067	25.638
complex.59.pdb	0.0151515	10.824	47.598
complex.60.pdb	0.030303	13.966	75.651
complex.61.pdb	0.0	13.775	78.661
complex.62.pdb	0.0	13.874	75.694
complex.63.pdb	0.0	11.693	86.93
complex.64.pdb	0.0	20.312	75.669
complex.65.pdb	0.0	14.871	76.187
complex.66.pdb	0.0	12.939	58.524
complex.67.pdb	0.030303	8.949	46.009
complex.68.pdb	0.0	19.91	52.263
complex.69.pdb	0.0	18.656	50.708
complex.70.pdb	0.0	19.604	58.694
complex.71.pdb	0.0	14.806	79.986
complex.72.pdb	0.0	20.572	79.664
complex.73.pdb	0.0	18.138	60.53
complex.74.pdb	0.0	14.551	57.705
complex.75.pdb	0.0	16.773	69.492
complex.76.pdb	0.0	15.485	76.862
complex.77.pdb	0.0	18.9	51.49
complex.78.pdb	0.0	8.517	59.061
complex.79.pdb	0.0909091	13.46	75.007
complex.80.pdb	0.0	10.566	56.058
complex.81.pdb	0.0	15.992	57.759
complex.82.pdb	0.0	12.719	74.081
complex.83.pdb	0.0	20.245	47.711
complex.84.pdb	0.0	10.165	76.163
complex.85.pdb	0.0909091	5.493	46.198
complex.86.pdb	0.0909091	13.373	73.628
complex.87.pdb	0.0	16.078	79.433
complex.88.pdb	0.0	14.893	84.733
complex.89.pdb	0.590909	2.725	10.593
complex.90.pdb	0.0909091	5.262	48.056
complex.91.pdb	0.0	10.734	65.001
complex.92.pdb	0.0	11.981	85.756
complex.93.pdb	0.121212	13.401	47.365
complex.94.pdb	0.0151515	15.04	83.496
complex.95.pdb	0.0	9.649	70.943
complex.96.pdb	0.030303	12.995	42.273
complex.97.pdb	0.0757576	12.953	52.671
complex.98.pdb	0.0	13.001	63.507
complex.99.pdb	0.0	11.183	58.828
complex.100.pdb	0.0	10.013	67.565
complex.101.pdb	0.0	10.606	69.682
complex.102.pdb	0.0	20.341	53.266
complex.103.pdb	0.0	18.588	50.642
complex.104.pdb	0.0	9.348	68.141
complex.105.pdb	0.0	17.801	74.647
complex.106.pdb	0.0151515	14.763	80.234
complex.107.pdb	0.0	16.253	61.822
complex.108.pdb	0.0	17.393	57.543
complex.109.pdb	0.0	12.866	77.663
complex.110.pdb	0.0	14.989	62.73
complex.111.pdb	0.0	9.833	79.72
complex.112.pdb	0.0	15.891	62.841
complex.113.pdb	0.0	20.356	68.683
complex.114.pdb	0.0	12.276	53.517
complex.115.pdb	0.0	14.661	60.115
complex.116.pdb	0.0	16.699	78.578
complex.117.pdb	0.0	21.035	52.802
complex.118.pdb	0.0	19.497	64.019
complex.119.pdb	0.0	10.238	56.905
complex.120.pdb	0.0	19.865	47.972
complex.121.pdb	0.0	13.564	80.652
complex.122.pdb	0.0	10.394	49.736
complex.123.pdb	0.106061	10.164	53.775
complex.124.pdb	0.0	9.876	68.26
complex.125.pdb	0.0	15.406	65.68
complex.126.pdb	0.0	14.981	74.169
complex.127.pdb	0.0151515	11.098	78.529
complex.128.pdb	0.0151515	13.406	34.362
complex.129.pdb	0.0	9.373	61.735
complex.130.pdb	0.0	15.629	71.651
complex.131.pdb	0.030303	9.099	47.492
complex.132.pdb	0.0	20.454	70.907
complex.133.pdb	0.0	21.407	53.418
complex.134.pdb	0.0151515	9.899	70.112
complex.135.pdb	0.0	11.227	66.189
complex.136.pdb	0.0	25.723	69.488
complex.137.pdb	0.0	19.636	88.986
complex.138.pdb	0.0	12.555	51.06
complex.139.pdb	0.0	13.582	66.896
complex.140.pdb	0.0	20.627	79.959
complex.141.pdb	0.0	15.314	76.318
complex.142.pdb	0.0	17.209	84.629
complex.143.pdb	0.0	9.999	72.316
complex.144.pdb	0.0757576	13.466	42.561
complex.145.pdb	0.0	18.058	69.829
complex.146.pdb	0.0	15.837	43.454
complex.147.pdb	0.0	19.697	55.902
complex.148.pdb	0.0151515	13.525	78.848
complex.149.pdb	0.0151515	10.862	77.851
complex.150.pdb	0.0	11.693	67.053
complex.151.pdb	0.0	12.151	55.278
complex.152.pdb	0.0	11.725	79.676
complex.153.pdb	0.0	9.969	59.221
complex.154.pdb	0.0	15.444	45.33
complex.155.pdb	0.0909091	8.445	42.367
complex.156.pdb	0.030303	11.941	39.596
complex.157.pdb	0.0	9.857	73.347
complex.158.pdb	0.0	18.635	73.25
complex.159.pdb	0.0454545	13.353	57.274
complex.160.pdb	0.0	12.466	85.955
complex.161.pdb	0.0	9.298	69.305
complex.162.pdb	0.0	14.452	74.05
complex.163.pdb	0.0	20.687	64.937
complex.164.pdb	0.0	13.203	63.849
complex.165.pdb	0.0	19.899	47.787
complex.166.pdb	0.0	20.767	62.396
complex.167.pdb	0.0	16.478	44.029
complex.168.pdb	0.0	20.948	53.69
complex.169.pdb	0.0	11.077	69.465
complex.170.pdb	0.0757576	7.17	51.779
complex.171.pdb	0.0	14.019	66.637
complex.172.pdb	0.0	18.026	72.26
complex.173.pdb	0.0	11.304	77.735
complex.174.pdb	0.0	18.781	71.505
complex.175.pdb	0.0	20.809	74.245
complex.176.pdb	0.0	9.559	69.539
complex.177.pdb	0.0	12.266	77.292
complex.178.pdb	0.121212	12.667	31.516
complex.179.pdb	0.0	17.193	73.431
complex.180.pdb	0.0	21.213	67.518
complex.181.pdb	0.0	17.877	78.091
complex.182.pdb	0.0	16.611	82.039
complex.183.pdb	0.0	14.408	62.541
complex.184.pdb	0.0	20.312	47.297
complex.185.pdb	0.0	20.712	54.846
complex.186.pdb	0.0	13.137	74.472
complex.187.pdb	0.0	10.574	64.561
complex.188.pdb	0.0	19.446	48.125
complex.189.pdb	0.0	15.663	41.76
complex.190.pdb	0.0	17.801	69.833
complex.191.pdb	0.0	22.482	64.934
complex.192.pdb	0.0	19.786	82.355
complex.193.pdb	0.0	18.48	68.406
complex.194.pdb	0.030303	11.228	63.809
complex.195.pdb	0.0	31.517	67.505
complex.196.pdb	0.0	14.645	59.02
complex.197.pdb	0.0151515	5.81	52.814
complex.198.pdb	0.0909091	14.044	71.462
complex.199.pdb	0.0	17.49	44.415
complex.200.pdb	0.0909091	11.255	52.651
complex.201.pdb	0.0757576	14.416	48.789
complex.202.pdb	0.030303	11.214	76.901
complex.203.pdb	0.0	14.573	51.897
complex.204.pdb	0.19697	5.889	42.586
complex.205.pdb	0.0	10.896	70.336
complex.206.pdb	0.0606061	8.937	72.192
complex.207.pdb	0.0	20.854	69.617
complex.208.pdb	0.0	21.387	90.408
complex.209.pdb	0.0	23.71	58.638
complex.210.pdb	0.106061	7.553	42.604
complex.211.pdb	0.0	22.295	68.233
complex.212.pdb	0.0	11.799	84.806
complex.213.pdb	0.0	20.289	75.904
complex.214.pdb	0.0	15.646	77.675
complex.215.pdb	0.0	13.672	77.989
complex.216.pdb	0.0	8.76	42.2
complex.217.pdb	0.0	18.072	47.454
complex.218.pdb	0.0	15.618	60.617
complex.219.pdb	0.0757576	9.453	45.808
complex.220.pdb	0.0	13.621	76.024
complex.221.pdb	0.0	18.953	61.092
complex.222.pdb	0.0	21.138	59.73
complex.223.pdb	0.181818	5.596	50.006
complex.224.pdb	0.030303	7.151	48.519
complex.225.pdb	0.0	17.191	60.611
complex.226.pdb	0.0	14.076	85.423
complex.227.pdb	0.0	12.513	72.462
complex.228.pdb	0.0	12.086	85.995
complex.229.pdb	0.0	9.548	70.759
complex.230.pdb	0.0	15.88	72.517
complex.231.pdb	0.0	20.684	62.418
complex.232.pdb	0.0	18.258	54.059
complex.233.pdb	0.0	16.46	84.994
complex.234.pdb	0.0	18.817	53.165
complex.235.pdb	0.0	19.812	48.529
complex.236.pdb	0.0	28.339	53.886
complex.237.pdb	0.0454545	9.166	73.245
complex.238.pdb	0.0	26.431	71.793
complex.239.pdb	0.0	13.458	72.294
complex.240.pdb	0.0	9.502	71.8
complex.241.pdb	0.0	12.151	62.422
complex.242.pdb	0.0	13.265	72.358
complex.243.pdb	0.0	15.375	74.94
complex.244.pdb	0.0	15.563	64.949
complex.245.pdb	0.0	10.287	72.747
complex.246.pdb	0.0	24.725	59.3
complex.247.pdb	0.0	17.461	63.946
complex.248.pdb	0.0	9.606	58.72
complex.249.pdb	0.030303	13.345	41.831
complex.250.pdb	0.0	13.361	62.217
complex.251.pdb	0.0	18.647	64.979
complex.252.pdb	0.0	14.966	69.005
complex.253.pdb	0.0	18.221	51.388
complex.254.pdb	0.0	10.374	73.771
complex.255.pdb	0.0	15.738	83.047
complex.256.pdb	0.0	11.026	42.763
complex.257.pdb	0.0151515	15.984	33.921
complex.258.pdb	0.0	13.58	79.291
complex.259.pdb	0.0	14.86	69.218
complex.260.pdb	0.0757576	13.946	53.112
complex.261.pdb	0.0	14.05	60.535
complex.262.pdb	0.0151515	14.209	68.323
complex.263.pdb	0.0	10.649	81.144
complex.264.pdb	0.0454545	6.523	45.624
complex.265.pdb	0.0	19.53	52.227
complex.266.pdb	0.0	11.908	68.152
complex.267.pdb	0.0909091	14.063	70.79
complex.268.pdb	0.0	12.729	82.606
complex.269.pdb	0.0	11.195	60.595
complex.270.pdb	0.0	17.623	54.357
complex.271.pdb	0.0	10.939	62.657
complex.272.pdb	0.0	16.347	69.533
complex.273.pdb	0.0	19.213	47.305
complex.274.pdb	0.0151515	10.151	72.127
complex.275.pdb	0.121212	12.559	43.836
complex.276.pdb	0.0	8.735	55.436
complex.277.pdb	0.0151515	11.106	77.055
complex.278.pdb	0.0	12.885	45.267
complex.279.pdb	0.121212	9.553	47.682
complex.280.pdb	0.0454545	10.124	75.168
complex.281.pdb	0.0909091	13.964	52.055
complex.282.pdb	0.0	20.483	74.236
complex.283.pdb	0.0	19.352	47.265
complex.284.pdb	0.0	17.691	43.846
complex.285.pdb	0.0151515	14.425	48.486
complex.286.pdb	0.121212	6.031	45.215
complex.287.pdb	0.0	8.948	62.737
complex.288.pdb	0.0	11.429	79.78
complex.289.pdb	0.0	21.502	78.162
complex.290.pdb	0.0	18.289	62.845
complex.291.pdb	0.0	11.09	66.029
complex.292.pdb	0.0151515	14.887	83.455
complex.293.pdb	0.0	11.7	54.546
complex.294.pdb	0.19697	9.674	39.663
complex.295.pdb	0.0	21.213	52.93
complex.296.pdb	0.106061	12.19	62.134
complex.297.pdb	0.0151515	15.071	64.598
complex.298.pdb	0.121212	11.0	62.626
complex.299.pdb	0.0	13.043	66.995
complex.300.pdb	0.0757576	11.849	49.355
complex.301.pdb	0.0454545	10.674	39.976
complex.302.pdb	0.0	18.28	55.784
complex.303.pdb	0.0606061	12.49	56.931
complex.304.pdb	0.0	15.384	52.133
complex.305.pdb	0.0	12.74	87.812
complex.306.pdb	0.0	15.321	54.915
complex.307.pdb	0.0	14.335	71.095
complex.308.pdb	0.151515	6.077	44.77
complex.309.pdb	0.0	16.381	67.836
complex.310.pdb	0.0606061	13.205	44.309
complex.311.pdb	0.0	16.105	77.42
complex.312.pdb	0.0454545	10.87	76.432
complex.313.pdb	0.0909091	11.996	56.04
complex.314.pdb	0.0	19.415	69.872
complex.315.pdb	0.106061	10.322	40.081
complex.316.pdb	0.0151515	11.131	68.043
complex.317.pdb	0.0	13.799	88.622
complex.318.pdb	0.0454545	11.423	48.212
complex.319.pdb	0.0	10.007	78.924
complex.320.pdb	0.0	16.635	48.143
complex.321.pdb	0.0	22.467	66.856
complex.322.pdb	0.0	9.251	42.252
complex.323.pdb	0.0	20.142	83.481
complex.324.pdb	0.0757576	12.262	55.847
complex.325.pdb	0.0	20.001	82.728
complex.326.pdb	0.0	22.382	56.35
complex.327.pdb	0.106061	6.435	48.833
complex.328.pdb	0.0151515	16.026	77.159
complex.329.pdb	0.136364	9.004	51.025
complex.330.pdb	0.0	16.794	47.587
complex.331.pdb	0.0	20.167	86.032
complex.332.pdb	0.0606061	7.924	53.67
complex.333.pdb	0.0	10.002	74.976
complex.334.pdb	0.0	19.981	79.196
complex.335.pdb	0.0	19.796	74.108
complex.336.pdb	0.0	9.186	74.775
complex.337.pdb	0.0	23.803	72.946
complex.338.pdb	0.0	16.044	51.688
complex.339.pdb	0.106061	11.708	64.09
complex.340.pdb	0.0	9.04	75.224
complex.341.pdb	0.0	9.963	66.523
complex.342.pdb	0.030303	13.795	47.247
complex.343.pdb	0.0	9.721	77.306
complex.344.pdb	0.0909091	13.663	47.754
complex.345.pdb	0.0	16.522	66.495
complex.346.pdb	0.0	21.784	54.888
complex.347.pdb	0.0	20.003	54.548
complex.348.pdb	0.0	22.386	51.721
complex.349.pdb	0.0	20.853	55.458
complex.350.pdb	0.0	21.437	69.461
complex.351.pdb	0.0	19.031	53.307
complex.352.pdb	0.0	14.679	85.127
complex.353.pdb	0.0	19.133	52.582
complex.354.pdb	0.0	15.215	60.363
complex.355.pdb	0.0	15.5	77.236
complex.356.pdb	0.0	13.959	78.814
complex.357.pdb	0.0	20.391	47.843
complex.358.pdb	0.0	15.444	82.695
complex.359.pdb	0.0	11.101	70.941
complex.360.pdb	0.0	16.411	85.359
complex.361.pdb	0.0	21.226	69.701
complex.362.pdb	0.0	16.057	39.205
complex.363.pdb	0.0757576	5.827	51.941
complex.364.pdb	0.0	11.051	57.48
complex.365.pdb	0.0	18.718	77.025
complex.366.pdb	0.0	16.883	74.745
complex.367.pdb	0.0	19.273	74.913
complex.368.pdb	0.0151515	11.804	57.4
complex.369.pdb	0.030303	15.419	66.993
complex.370.pdb	0.0	20.563	87.736
complex.371.pdb	0.030303	12.861	43.731
complex.372.pdb	0.0	16.291	49.348
complex.373.pdb	0.0	14.744	79.177
complex.374.pdb	0.0	19.97	50.794
complex.375.pdb	0.0	16.358	49.02
complex.376.pdb	0.0	20.546	89.608
complex.377.pdb	0.0151515	14.096	88.7
complex.378.pdb	0.0909091	8.646	41.553
complex.379.pdb	0.0	20.797	57.027
complex.380.pdb	0.0	10.604	57.223
complex.381.pdb	0.0151515	13.878	35.659
complex.382.pdb	0.0	13.797	75.982
complex.383.pdb	0.0	10.741	48.53
complex.384.pdb	0.030303	14.411	70.376
complex.385.pdb	0.0	15.461	59.9
complex.386.pdb	0.0	14.843	69.399
complex.387.pdb	0.0909091	11.697	62.937
complex.388.pdb	0.0	18.671	76.532
complex.389.pdb	0.0	19.31	61.763
complex.390.pdb	0.0151515	13.337	40.419
complex.391.pdb	0.0	12.004	72.472
complex.392.pdb	0.0	19.346	51.466
complex.393.pdb	0.0454545	13.192	71.979
complex.394.pdb	0.0	11.901	80.841
complex.395.pdb	0.0	11.733	68.53
complex.396.pdb	0.106061	10.717	53.042
complex.397.pdb	0.0	9.999	75.78
complex.398.pdb	0.0	18.165	58.381
complex.399.pdb	0.0	21.67	53.806
complex.400.pdb	0.0	9.713	64.156
complex.401.pdb	0.0	12.244	39.114
complex.402.pdb	0.0	13.555	44.926
complex.403.pdb	0.0606061	13.432	44.117
complex.404.pdb	0.0	9.508	72.388
complex.405.pdb	0.121212	9.966	34.192
complex.406.pdb	0.0	21.774	77.896
complex.407.pdb	0.0909091	8.755	37.63
complex.408.pdb	0.0454545	12.145	61.19
complex.409.pdb	0.0	15.241	60.154
complex.410.pdb	0.0	9.286	66.847
complex.411.pdb	0.030303	5.878	46.677
complex.412.pdb	0.0	17.056	44.016
complex.413.pdb	0.0	12.157	74.724
complex.414.pdb	0.0	19.536	56.943
complex.415.pdb	0.0	15.021	76.175
complex.416.pdb	0.0	16.962	45.526
complex.417.pdb	0.0	18.647	50.101
complex.418.pdb	0.0	20.264	55.32
complex.419.pdb	0.0	15.381	74.722
complex.420.pdb	0.0	21.699	68.256
complex.421.pdb	0.0	19.414	64.98
complex.422.pdb	0.0	15.113	75.49
complex.423.pdb	0.121212	9.89	37.05
complex.424.pdb	0.0	9.724	54.713
complex.425.pdb	0.030303	10.998	69.397
complex.426.pdb	0.0	15.507	42.456
complex.427.pdb	0.0	19.858	51.861
complex.428.pdb	0.0	18.092	76.09
complex.429.pdb	0.0	17.459	77.819
complex.430.pdb	0.0	11.134	67.456
complex.431.pdb	0.0	14.964	71.871
complex.432.pdb	0.0	12.369	67.34
complex.433.pdb	0.0	13.352	61.794
complex.434.pdb	0.0	23.1	55.928
complex.435.pdb	0.0	34.45	73.503
complex.436.pdb	0.0	10.479	62.682
complex.437.pdb	0.0	16.303	62.478
complex.438.pdb	0.0	18.164	45.355
complex.439.pdb	0.0	14.262	63.946
complex.440.pdb	0.0	18.668	49.695
complex.441.pdb	0.0	14.333	72.896
complex.442.pdb	0.0909091	4.935	46.261
complex.443.pdb	0.0	17.548	44.443
complex.444.pdb	0.0909091	12.889	68.36
complex.445.pdb	0.0	14.961	52.155
complex.446.pdb	0.0	11.912	83.478
complex.447.pdb	0.0	16.108	84.221
complex.448.pdb	0.0	12.091	76.657
complex.449.pdb	0.0	10.345	67.47
complex.450.pdb	0.151515	8.61	46.274
complex.451.pdb	0.0	18.858	64.06
complex.452.pdb	0.0	17.593	80.603
complex.453.pdb	0.0	7.857	69.021
complex.454.pdb	0.121212	4.87	43.877
complex.455.pdb	0.0	15.605	85.244
complex.456.pdb	0.0	19.427	48.412
complex.457.pdb	0.166667	6.674	47.282
complex.458.pdb	0.19697	8.357	30.163
complex.459.pdb	0.0	21.949	52.068
complex.460.pdb	0.0	9.787	64.088
complex.461.pdb	0.0	20.725	57.951
complex.462.pdb	0.106061	5.273	44.948
complex.463.pdb	0.0	12.489	36.086
complex.464.pdb	0.0	9.225	72.161
complex.465.pdb	0.0	13.741	42.914
complex.466.pdb	0.0	21.255	48.654
complex.467.pdb	0.0	15.202	83.311
complex.468.pdb	0.0	10.894	73.148
complex.469.pdb	0.0	15.518	74.308
complex.470.pdb	0.0	11.55	67.63
complex.471.pdb	0.0	10.23	76.652
complex.472.pdb	0.0	10.037	73.405
complex.473.pdb	0.0	18.186	63.624
complex.474.pdb	0.272727	5.436	29.339
complex.475.pdb	0.0454545	16.167	75.548
complex.476.pdb	0.0	16.366	50.608
complex.477.pdb	0.0	19.012	78.235
complex.478.pdb	0.318182	5.103	26.273
complex.479.pdb	0.0151515	14.688	53.821
complex.480.pdb	0.0	16.452	68.47
complex.481.pdb	0.0	8.148	43.178
complex.482.pdb	0.0	17.906	53.883
complex.483.pdb	0.0	9.246	71.212
complex.484.pdb	0.0	19.943	78.427
complex.485.pdb	0.0	10.783	73.038
complex.486.pdb	0.0757576	11.906	46.929
complex.487.pdb	0.0	15.897	47.837
complex.488.pdb	0.0	18.495	43.372
complex.489.pdb	0.0	16.797	49.785
complex.490.pdb	0.151515	6.29	44.157
complex.491.pdb	0.0	9.253	73.391
complex.492.pdb	0.0757576	6.085	46.402
complex.493.pdb	0.0	17.483	52.832
complex.494.pdb	0.0	8.21	67.185
complex.495.pdb	0.0	10.426	74.441
complex.496.pdb	0.0	15.96	61.117
complex.497.pdb	0.0	21.689	54.424
complex.498.pdb	0.0	19.897	75.359
complex.499.pdb	0.0909091	10.569	34.425
complex.500.pdb	0.0606061	7.202	51.288
complex.501.pdb	0.0	11.766	65.058
complex.502.pdb	0.0	16.502	75.668
complex.503.pdb	0.0757576	6.569	49.395
complex.504.pdb	0.0	13.527	74.153
complex.505.pdb	0.0	14.816	68.356
complex.506.pdb	0.0	12.782	88.24
complex.507.pdb	0.0454545	7.873	62.513
complex.508.pdb	0.0	15.18	54.562
complex.509.pdb	0.0151515	10.375	78.759
complex.510.pdb	0.0	20.595	66.085
complex.511.pdb	0.0	18.157	63.483
complex.512.pdb	0.0454545	15.006	61.397
complex.513.pdb	0.0	15.449	67.523
complex.514.pdb	0.0	14.369	63.911
complex.515.pdb	0.0	14.995	84.64
complex.516.pdb	0.0	11.826	78.285
complex.517.pdb	0.0757576	6.557	51.249
complex.518.pdb	0.0606061	15.152	59.824
complex.519.pdb	0.0	19.43	59.633
complex.520.pdb	0.0	12.978	48.655
complex.521.pdb	0.0	8.923	71.758
complex.522.pdb	0.0	16.254	84.739
complex.523.pdb	0.0	16.66	44.489
complex.524.pdb	0.030303	13.647	63.45
complex.525.pdb	0.0	9.42	43.393
complex.526.pdb	0.0	15.221	72.039
complex.527.pdb	0.0	19.558	49.851
complex.528.pdb	0.0151515	14.623	63.082
complex.529.pdb	0.0	9.121	43.981
complex.530.pdb	0.0	20.74	51.512
complex.531.pdb	0.0	10.161	71.272
complex.532.pdb	0.0606061	15.252	53.516
complex.533.pdb	0.0	12.066	63.222
complex.534.pdb	0.0	18.625	74.463
complex.535.pdb	0.0	15.054	51.653
complex.536.pdb	0.0	19.469	59.381
complex.537.pdb	0.0	16.617	49.623
complex.538.pdb	0.0	13.226	73.302
complex.539.pdb	0.0	9.971	65.276
complex.540.pdb	0.0	21.665	53.098
complex.541.pdb	0.0	13.58	80.763
complex.542.pdb	0.0	16.972	72.343
complex.543.pdb	0.0	15.148	71.792
complex.544.pdb	0.0151515	13.924	83.744
complex.545.pdb	0.0	10.211	71.247
complex.546.pdb	0.151515	6.186	54.871
complex.547.pdb	0.0	10.397	77.654
complex.548.pdb	0.0	9.803	70.975
complex.549.pdb	0.0	17.82	60.644
complex.550.pdb	0.0606061	11.028	60.319
complex.551.pdb	0.0	24.471	64.432
complex.552.pdb	0.0606061	7.049	50.405
complex.553.pdb	0.0	10.632	75.093
complex.554.pdb	0.0	11.969	50.116
complex.555.pdb	0.0151515	12.808	35.001
complex.556.pdb	0.0	12.886	87.0
complex.557.pdb	0.151515	6.288	44.225
complex.558.pdb	0.0	17.892	60.685
complex.559.pdb	0.0	9.064	56.654
complex.560.pdb	0.0757576	10.007	54.435
complex.561.pdb	0.0	20.413	75.342
complex.562.pdb	0.0	15.058	46.385
complex.563.pdb	0.0	16.589	47.165
complex.564.pdb	0.0	14.859	69.243
complex.565.pdb	0.0151515	17.58	69.968
complex.566.pdb	0.0757576	7.562	54.439
complex.567.pdb	0.0	17.652	70.763
complex.568.pdb	0.0	17.428	76.45
complex.569.pdb	0.0	14.048	42.235
complex.570.pdb	0.106061	12.157	63.025
complex.571.pdb	0.0	18.96	44.529
complex.572.pdb	0.0	10.824	71.585
complex.573.pdb	0.0606061	16.133	72.559
complex.574.pdb	0.0	13.746	59.952
complex.575.pdb	0.0	9.545	71.247
complex.576.pdb	0.272727	4.47	37.566
complex.577.pdb	0.0	11.912	64.593
complex.578.pdb	0.0909091	11.965	66.915
complex.579.pdb	0.0	9.731	70.766
complex.580.pdb	0.227273	7.506	27.045
complex.581.pdb	0.0	21.408	52.647
complex.582.pdb	0.121212	8.077	46.39
complex.583.pdb	0.0	21.562	77.299
complex.584.pdb	0.0	9.675	46.936
complex.585.pdb	0.0909091	13.92	51.605
complex.586.pdb	0.0	13.39	81.438
complex.587.pdb	0.0	13.808	48.707
complex.588.pdb	0.0	14.874	82.283
complex.589.pdb	0.030303	15.04	73.236
complex.590.pdb	0.0	25.669	62.826
complex.591.pdb	0.0	12.659	59.512
complex.592.pdb	0.0757576	7.285	49.188
complex.593.pdb	0.106061	8.212	43.326
complex.594.pdb	0.0	20.187	47.324
complex.595.pdb	0.0	20.841	52.392
complex.596.pdb	0.0	8.905	63.103
complex.597.pdb	0.0	18.59	46.96
complex.598.pdb	0.0	16.522	70.002
complex.599.pdb	0.0	15.354	85.982
complex.600.pdb	0.0909091	13.4	33.922
complex.601.pdb	0.0	10.568	60.48
complex.602.pdb	0.0757576	9.616	54.594
complex.603.pdb	0.0454545	15.915	71.183
complex.604.pdb	0.0	17.944	63.752
complex.605.pdb	0.0151515	12.091	39.733
complex.606.pdb	0.0	14.8	77.776
complex.607.pdb	0.0151515	12.323	83.028
complex.608.pdb	0.0	14.107	50.765
complex.609.pdb	0.0757576	14.595	46.651
complex.610.pdb	0.136364	10.648	50.072
complex.611.pdb	0.0	14.87	84.56
complex.612.pdb	0.0	16.689	56.778
complex.613.pdb	0.0	10.747	54.1
complex.614.pdb	0.0	17.152	73.472
complex.615.pdb	0.0	16.073	81.676
complex.616.pdb	0.0	22.013	62.495
complex.617.pdb	0.0	19.211	68.631
complex.618.pdb	0.0	19.989	48.083
complex.619.pdb	0.0	14.54	73.158
complex.620.pdb	0.0	17.271	51.174
complex.621.pdb	0.0	10.306	70.153
complex.622.pdb	0.0	15.264	56.225
complex.623.pdb	0.0454545	12.645	57.643
complex.624.pdb	0.0	16.981	52.188
complex.625.pdb	0.409091	5.624	25.786
complex.626.pdb	0.0151515	13.602	49.981
complex.627.pdb	0.0	19.537	68.635
complex.628.pdb	0.0	18.61	57.701
complex.629.pdb	0.0	12.492	52.766
complex.630.pdb	0.212121	8.338	34.153
complex.631.pdb	0.0	20.396	84.559
complex.632.pdb	0.0	18.459	44.844
complex.633.pdb	0.0	17.478	79.372
complex.634.pdb	0.0151515	10.485	49.656
complex.635.pdb	0.030303	13.043	77.612
complex.636.pdb	0.0757576	11.063	46.575
complex.637.pdb	0.0	11.616	63.272
complex.638.pdb	0.0	15.067	63.257
complex.639.pdb	0.030303	12.225	34.724
complex.640.pdb	0.0	12.084	53.429
complex.641.pdb	0.0	10.908	67.263
complex.642.pdb	0.030303	13.992	65.358
complex.643.pdb	0.0	15.718	55.952
complex.644.pdb	0.181818	5.359	27.525
complex.645.pdb	0.0454545	13.726	56.499
complex.646.pdb	0.0151515	12.476	75.231
complex.647.pdb	0.0454545	11.682	60.361
complex.648.pdb	0.0151515	14.028	62.464
complex.649.pdb	0.0	17.349	45.914
complex.650.pdb	0.0	18.341	78.619
complex.651.pdb	0.0909091	7.195	51.156
complex.652.pdb	0.030303	13.255	75.361
complex.653.pdb	0.0	12.936	73.154
complex.654.pdb	0.0	23.135	63.568
complex.655.pdb	0.0	12.07	41.767
complex.656.pdb	0.0757576	12.069	51.175
complex.657.pdb	0.0	18.515	71.125
complex.658.pdb	0.0	18.55	62.607
complex.659.pdb	0.030303	14.062	38.204
complex.660.pdb	0.0	15.299	50.911
complex.661.pdb	0.0	11.139	69.235
complex.662.pdb	0.0	14.288	63.808
complex.663.pdb	0.0	9.207	50.099
complex.664.pdb	0.0757576	6.243	43.584
complex.665.pdb	0.0	16.066	70.282
complex.666.pdb	0.0606061	7.353	57.299
complex.667.pdb	0.0454545	12.371	37.658
complex.668.pdb	0.0	12.108	71.401
complex.669.pdb	0.0	31.223	68.176
complex.670.pdb	0.0	12.241	41.466
complex.671.pdb	0.0	13.962	77.69
complex.672.pdb	0.0151515	12.029	24.79
complex.673.pdb	0.0	16.276	64.47
complex.674.pdb	0.166667	6.496	43.386
complex.675.pdb	0.0	11.026	73.286
complex.676.pdb	0.0	14.317	83.218
complex.677.pdb	0.0	15.582	46.747
complex.678.pdb	0.0	12.539	84.039
complex.679.pdb	0.0606061	9.148	58.057
complex.680.pdb	0.0454545	9.718	61.501
complex.681.pdb	0.0	10.696	73.668
complex.682.pdb	0.0	13.558	30.407
complex.683.pdb	0.0606061	12.853	47.875
complex.684.pdb	0.0454545	12.844	55.787
complex.685.pdb	0.0	19.595	46.64
complex.686.pdb	0.0151515	13.984	60.797
complex.687.pdb	0.136364	13.405	45.572
complex.688.pdb	0.0	11.13	64.658
complex.689.pdb	0.0	9.423	77.486
complex.690.pdb	0.0	7.896	66.943
complex.691.pdb	0.0606061	14.093	55.975
complex.692.pdb	0.0	17.043	74.918
complex.693.pdb	0.0	13.62	78.07
complex.694.pdb	0.121212	6.592	33.604
complex.695.pdb	0.0	16.952	79.446
complex.696.pdb	0.0151515	6.419	48.44
complex.697.pdb	0.0	14.239	74.836
complex.698.pdb	0.0	10.456	73.127
complex.699.pdb	0.0	13.432	84.373
complex.700.pdb	0.0454545	13.024	52.56
complex.701.pdb	0.0	20.548	52.365
complex.702.pdb	0.0	16.346	72.91
complex.703.pdb	0.0	14.539	78.511
complex.704.pdb	0.0	15.874	48.046
complex.705.pdb	0.0	17.998	44.367
complex.706.pdb	0.0151515	15.07	84.782
complex.707.pdb	0.0	8.572	49.469
complex.708.pdb	0.0	16.851	64.163
complex.709.pdb	0.0	18.312	45.872
complex.710.pdb	0.0	13.079	49.034
complex.711.pdb	0.0151515	10.086	67.748
complex.712.pdb	0.0151515	11.479	64.489
complex.713.pdb	0.0151515	13.266	51.039
complex.714.pdb	0.0	20.216	62.434
complex.715.pdb	0.106061	11.85	50.471
complex.716.pdb	0.0	10.638	56.826
complex.717.pdb	0.0	19.256	47.771
complex.718.pdb	0.0	17.23	54.904
complex.719.pdb	0.0	12.409	74.762
complex.720.pdb	0.0	9.79	73.989
complex.721.pdb	0.0	15.625	70.808
complex.722.pdb	0.0	17.971	51.903
complex.723.pdb	0.0	12.013	48.628
complex.724.pdb	0.0	13.157	82.663
complex.725.pdb	0.0	12.218	38.021
complex.726.pdb	0.0	10.792	71.846
complex.727.pdb	0.0	14.905	62.108
complex.728.pdb	0.0151515	6.662	52.563
complex.729.pdb	0.0	20.883	90.358
complex.730.pdb	0.0151515	14.866	59.575
complex.731.pdb	0.0	21.115	82.549
complex.732.pdb	0.0	20.496	63.104
complex.733.pdb	0.0	17.247	65.288
complex.734.pdb	0.0454545	13.11	49.775
complex.735.pdb	0.0	21.038	81.843
complex.736.pdb	0.0	17.278	60.441
complex.737.pdb	0.0454545	10.716	57.251
complex.738.pdb	0.0	25.442	66.518
complex.739.pdb	0.0151515	11.857	61.366
complex.740.pdb	0.0454545	9.563	40.03
complex.741.pdb	0.0	9.729	74.78
complex.742.pdb	0.0	23.65	66.794
complex.743.pdb	0.0	21.099	83.09
complex.744.pdb	0.0151515	12.673	40.952
complex.745.pdb	0.0	14.401	62.994
complex.746.pdb	0.0	12.209	25.307
complex.747.pdb	0.0	13.953	62.748
complex.748.pdb	0.0	9.338	63.555
complex.749.pdb	0.0	14.659	67.653
complex.750.pdb	0.106061	5.828	39.969
complex.751.pdb	0.0	16.234	85.226
complex.752.pdb	0.0	13.409	88.268
complex.753.pdb	0.0	11.076	56.749
complex.754.pdb	0.0	21.479	75.911
complex.755.pdb	0.0454545	13.647	47.013
complex.756.pdb	0.0	21.052	72.108
complex.757.pdb	0.212121	5.801	48.201
complex.758.pdb	0.0757576	12.61	34.252
complex.759.pdb	0.0	9.881	72.629
complex.760.pdb	0.0151515	12.951	82.046
complex.761.pdb	0.0	11.546	58.861
complex.762.pdb	0.0	14.646	64.434
complex.763.pdb	0.0	14.706	69.778
complex.764.pdb	0.0	19.786	61.315
complex.765.pdb	0.0	13.273	65.107
complex.766.pdb	0.0909091	10.024	49.585
complex.767.pdb	0.030303	9.856	56.136
complex.768.pdb	0.0	13.198	69.546
complex.769.pdb	0.0909091	9.04	39.086
complex.770.pdb	0.0	12.087	66.607
complex.771.pdb	0.0	14.545	44.065
complex.772.pdb	0.0	16.044	72.506
complex.773.pdb	0.0454545	13.603	56.965
complex.774.pdb	0.0	19.941	68.8
complex.775.pdb	0.0	10.705	58.165
complex.776.pdb	0.0	15.018	72.332
complex.777.pdb	0.030303	10.289	46.197
complex.778.pdb	0.0	13.841	42.318
complex.779.pdb	0.0	8.859	58.044
complex.780.pdb	0.121212	6.883	38.99
complex.781.pdb	0.0	17.712	47.139
complex.782.pdb	0.0	13.687	64.288
complex.783.pdb	0.0	14.853	82.407
complex.784.pdb	0.0	22.117	52.699
complex.785.pdb	0.030303	15.618	75.988
complex.786.pdb	0.484848	4.528	14.531
complex.787.pdb	0.030303	16.098	51.913
complex.788.pdb	0.0151515	14.452	68.491
complex.789.pdb	0.0	21.364	79.867
complex.790.pdb	0.0	21.673	76.346
complex.791.pdb	0.0909091	5.879	45.142
complex.792.pdb	0.030303	7.519	46.216
complex.793.pdb	0.0	14.177	56.242
complex.794.pdb	0.0	12.126	72.727
complex.795.pdb	0.0	20.836	81.871
complex.796.pdb	0.0151515	11.274	73.856
complex.797.pdb	0.0	14.092	64.843
complex.798.pdb	0.0454545	5.389	52.236
complex.799.pdb	0.0	11.739	81.85
complex.800.pdb	0.0	19.861	72.585
complex.801.pdb	0.0606061	7.195	51.695
complex.802.pdb	0.136364	13.738	43.28
complex.803.pdb	0.0151515	12.009	41.859
complex.804.pdb	0.0454545	12.2	39.134
complex.805.pdb	0.030303	10.416	46.61
complex.806.pdb	0.0	19.632	53.486
complex.807.pdb	0.0	16.939	51.23
complex.808.pdb	0.0	20.081	72.786
complex.809.pdb	0.0	13.133	39.609
complex.810.pdb	0.0	17.753	80.873
complex.811.pdb	0.0	13.487	77.482
complex.812.pdb	0.121212	9.827	47.229
complex.813.pdb	0.0909091	10.387	57.448
complex.814.pdb	0.121212	12.772	50.515
complex.815.pdb	0.030303	8.867	68.495
complex.816.pdb	0.106061	12.222	45.563
complex.817.pdb	0.0	16.371	84.67
complex.818.pdb	0.0	21.452	43.688
complex.819.pdb	0.0606061	12.235	48.592
complex.820.pdb	0.0	9.899	64.017
complex.821.pdb	0.0	10.264	64.062
complex.822.pdb	0.30303	6.012	21.354
complex.823.pdb	0.0	25.0	66.548
complex.824.pdb	0.0	9.814	67.778
complex.825.pdb	0.0	15.234	80.478
complex.826.pdb	0.136364	9.88	49.956
complex.827.pdb	0.0151515	13.491	55.168
complex.828.pdb	0.030303	6.132	57.863
complex.829.pdb	0.0	15.497	79.544
complex.830.pdb	0.0606061	14.358	50.546
complex.831.pdb	0.0	12.975	69.335
complex.832.pdb	0.0	19.717	57.234
complex.833.pdb	0.0151515	14.507	69.269
complex.834.pdb	0.0	17.457	88.378
complex.835.pdb	0.0	15.995	59.964
complex.836.pdb	0.0	21.684	88.36
complex.837.pdb	0.030303	13.189	77.379
complex.838.pdb	0.681818	1.286	7.357
complex.839.pdb	0.0	32.818	78.5
complex.840.pdb	0.0	16.977	58.474
complex.841.pdb	0.0909091	4.367	37.699
complex.842.pdb	0.0757576	12.194	66.116
complex.843.pdb	0.0151515	14.579	42.352
complex.844.pdb	0.030303	9.442	42.455
complex.845.pdb	0.0	17.323	86.382
complex.846.pdb	0.0	13.274	68.562
complex.847.pdb	0.0	17.029	78.301
complex.848.pdb	0.0	14.116	60.526
complex.849.pdb	0.0	11.56	85.032
complex.850.pdb	0.0	19.941	58.949
complex.851.pdb	0.0	10.62	62.913
complex.852.pdb	0.0606061	12.476	42.892
complex.853.pdb	0.0	20.74	48.631
complex.854.pdb	0.0	13.34	75.574
complex.855.pdb	0.0151515	9.217	56.644
complex.856.pdb	0.30303	6.131	19.571
complex.857.pdb	0.0	20.692	53.669
complex.858.pdb	0.0	7.42	59.151
complex.859.pdb	0.0	17.504	44.521
complex.860.pdb	0.0	17.533	43.48
complex.861.pdb	0.0	19.772	73.85
complex.862.pdb	0.0757576	12.281	60.502
complex.863.pdb	0.030303	13.445	45.492
complex.864.pdb	0.0	18.395	85.599
complex.865.pdb	0.0454545	13.938	46.902
complex.866.pdb	0.0	9.706	64.126
complex.867.pdb	0.0	8.665	66.931
complex.868.pdb	0.0757576	12.559	53.253
complex.869.pdb	0.0	14.188	85.881
complex.870.pdb	0.0	11.518	74.751
complex.871.pdb	0.0	16.163	89.664
complex.872.pdb	0.0454545	13.54	72.309
complex.873.pdb	0.0	21.004	74.708
complex.874.pdb	0.030303	11.188	40.789
complex.875.pdb	0.227273	10.085	36.117
complex.876.pdb	0.0	11.955	66.005
complex.877.pdb	0.0606061	14.83	52.928
complex.878.pdb	0.0	8.442	47.443
complex.879.pdb	0.030303	13.7	51.689
complex.880.pdb	0.0	22.464	52.866
complex.881.pdb	0.0	24.799	65.237
complex.882.pdb	0.0	20.973	83.408
complex.883.pdb	0.0	13.811	88.675
complex.884.pdb	0.0	10.054	66.803
complex.885.pdb	0.0	20.43	65.995
complex.886.pdb	0.0	22.205	66.599
complex.887.pdb	0.0	18.92	53.453
complex.888.pdb	0.0	11.236	77.473
complex.889.pdb	0.0	21.045	53.946
complex.890.pdb	0.0454545	6.929	46.296
complex.891.pdb	0.0	17.063	83.696
complex.892.pdb	0.0	16.286	58.299
complex.893.pdb	0.0	13.654	72.864
complex.894.pdb	0.0	19.712	77.065
complex.895.pdb	0.0	8.838	69.698
complex.896.pdb	0.030303	12.543	57.898
complex.897.pdb	0.0909091	8.224	52.795
complex.898.pdb	0.0606061	12.298	52.899
complex.899.pdb	0.0	14.406	60.339
complex.900.pdb	0.0	18.292	86.807
complex.901.pdb	0.0	16.098	55.901
complex.902.pdb	0.0	30.608	69.957
complex.903.pdb	0.0	23.545	58.282
complex.904.pdb	0.030303	12.577	56.845
complex.905.pdb	0.0151515	10.505	60.759
complex.906.pdb	0.0	22.22	54.732
complex.907.pdb	0.0	21.346	68.751
complex.908.pdb	0.0909091	12.992	52.254
complex.909.pdb	0.0151515	9.053	59.84
complex.910.pdb	0.575758	2.72	9.876
complex.911.pdb	0.0151515	13.282	59.019
complex.912.pdb	0.0454545	13.25	71.375
complex.913.pdb	0.121212	6.194	43.904
complex.914.pdb	0.0151515	12.576	48.229
complex.915.pdb	0.257576	6.465	27.036
complex.916.pdb	0.0	17.792	52.235
complex.917.pdb	0.0	12.996	76.197
complex.918.pdb	0.0	15.035	73.798
complex.919.pdb	0.030303	13.021	55.461
complex.920.pdb	0.0151515	16.06	72.542
complex.921.pdb	0.0	19.591	62.53
complex.922.pdb	0.0	12.369	65.395
complex.923.pdb	0.0	11.744	53.286
complex.924.pdb	0.0	12.936	78.646
complex.925.pdb	0.0151515	9.124	62.883
complex.926.pdb	0.0	30.238	68.29
complex.927.pdb	0.0	15.065	85.845
complex.928.pdb	0.0	16.845	48.548
complex.929.pdb	0.0	6.843	60.976
complex.930.pdb	0.0	11.539	84.146
complex.931.pdb	0.0	8.706	59.786
complex.932.pdb	0.0	11.439	41.519
complex.933.pdb	0.0	10.645	36.008
complex.934.pdb	0.0	11.574	76.847
complex.935.pdb	0.0	9.148	47.177
complex.936.pdb	0.0	14.207	70.917
complex.937.pdb	0.0151515	15.274	47.074
complex.938.pdb	0.0151515	16.302	50.264
complex.939.pdb	0.0	10.034	75.236
complex.940.pdb	0.0	11.752	67.394
complex.941.pdb	0.121212	6.823	41.827
complex.942.pdb	0.0	16.49	68.003
complex.943.pdb	0.0	18.527	49.481
complex.944.pdb	0.0	19.851	75.288
complex.945.pdb	0.121212	10.655	32.176
complex.946.pdb	0.0	19.296	74.23
complex.947.pdb	0.106061	11.844	54.54
complex.948.pdb	0.0	14.911	57.425
complex.949.pdb	0.0	16.564	68.541
complex.950.pdb	0.0	22.009	57.664
complex.951.pdb	0.0	15.174	83.678
complex.952.pdb	0.0151515	7.634	60.267
complex.953.pdb	0.0	30.838	67.62
complex.954.pdb	0.0	16.131	77.503
complex.955.pdb	0.0	21.589	49.144
complex.956.pdb	0.0	22.145	51.412
complex.957.pdb	0.0151515	6.475	55.749
complex.958.pdb	0.0	11.354	81.396
complex.959.pdb	0.0606061	7.664	57.451
complex.960.pdb	0.0	17.863	54.019
complex.961.pdb	0.0	17.19	56.844
complex.962.pdb	0.0	14.351	74.93
complex.963.pdb	0.0	20.762	52.555
complex.964.pdb	0.0	14.265	58.252
complex.965.pdb	0.0151515	15.64	36.096
complex.966.pdb	0.0	24.458	63.725
complex.967.pdb	0.0	10.092	72.68
complex.968.pdb	0.0	13.311	64.621
complex.969.pdb	0.0	8.283	68.069
complex.970.pdb	0.0	9.547	59.708
complex.971.pdb	0.0151515	15.639	38.864
complex.972.pdb	0.151515	7.763	39.436
complex.973.pdb	0.0757576	11.175	46.478
complex.974.pdb	0.0	13.253	31.709
complex.975.pdb	0.0	16.613	65.806
complex.976.pdb	0.0	14.669	73.15
complex.977.pdb	0.0	12.151	85.869
complex.978.pdb	0.030303	14.031	70.302
complex.979.pdb	0.0	21.092	55.333
complex.980.pdb	0.0	14.331	71.291
complex.981.pdb	0.0	12.602	71.793
complex.982.pdb	0.409091	3.616	19.063
complex.983.pdb	0.0	19.054	46.084
complex.984.pdb	0.0	16.609	102.551
complex.985.pdb	0.0	17.903	57.347
complex.986.pdb	0.0	9.128	65.703
complex.987.pdb	0.151515	4.352	37.19
complex.988.pdb	0.0	15.073	84.339
complex.989.pdb	0.030303	13.15	63.309
complex.990.pdb	0.0606061	15.091	52.937
complex.991.pdb	0.0	15.564	49.437
complex.992.pdb	0.0	19.067	79.09
complex.993.pdb	0.121212	12.102	42.65
complex.994.pdb	0.106061	12.857	45.78
complex.995.pdb	0.121212	12.372	42.743
complex.996.pdb	0.0	19.807	56.764
complex.997.pdb	0.0151515	14.209	82.423
complex.998.pdb	0.030303	8.439	49.491
complex.999.pdb	0.030303	13.743	56.63
complex.1000.pdb	0.0	18.59	67.135
complex.1001.pdb	0.0	14.77	84.18
complex.1002.pdb	0.0	29.58	69.648
complex.1003.pdb	0.0	7.647	64.221
complex.1004.pdb	0.0606061	8.212	58.896
complex.1005.pdb	0.0	17.428	58.569
complex.1006.pdb	0.0	9.662	69.622
complex.1007.pdb	0.0	20.758	67.432
complex.1008.pdb	0.0	16.483	70.095
complex.1009.pdb	0.0	8.343	45.447
complex.1010.pdb	0.0151515	9.169	57.987
complex.1011.pdb	0.0	13.987	48.866
complex.1012.pdb	0.030303	14.57	56.441
complex.1013.pdb	0.318182	5.491	27.266
complex.1014.pdb	0.0606061	8.574	61.471
complex.1015.pdb	0.0	14.793	73.971
complex.1016.pdb	0.0	18.724	64.472
complex.1017.pdb	0.136364	6.439	33.777
complex.1018.pdb	0.0	8.396	62.414
complex.1019.pdb	0.0	23.301	55.016
complex.1020.pdb	0.0	14.828	71.576
complex.1021.pdb	0.0	23.097	101.827
complex.1022.pdb	0.0	19.085	58.869
complex.1023.pdb	0.0	9.719	54.16
complex.1024.pdb	0.0454545	14.121	58.94
complex.1025.pdb	0.0	14.302	53.754
complex.1026.pdb	0.0	17.388	79.832
complex.1027.pdb	0.0	16.625	76.379
complex.1028.pdb	0.0	20.414	47.339
complex.1029.pdb	0.0454545	10.537	75.792
complex.1030.pdb	0.0454545	11.429	55.628
complex.1031.pdb	0.0454545	16.076	75.638
complex.1032.pdb	0.0	18.79	54.946
complex.1033.pdb	0.030303	13.418	73.042
complex.1034.pdb	0.106061	6.101	47.709
complex.1035.pdb	0.0	18.697	49.067
complex.1036.pdb	0.0151515	14.71	65.705
complex.1037.pdb	0.106061	11.033	57.593
complex.1038.pdb	0.0	9.896	73.052
complex.1039.pdb	0.545455	1.584	11.127
complex.1040.pdb	0.0	18.553	85.172
complex.1041.pdb	0.0	17.44	46.295
complex.1042.pdb	0.0	13.818	73.534
complex.1043.pdb	0.151515	5.595	41.569
complex.1044.pdb	0.0151515	14.48	39.526
complex.1045.pdb	0.0	15.677	59.273
complex.1046.pdb	0.0	14.302	58.444
complex.1047.pdb	0.0	15.544	71.583
complex.1048.pdb	0.0	20.84	86.755
complex.1049.pdb	0.030303	10.296	56.778
complex.1050.pdb	0.0	18.184	69.943
complex.1051.pdb	0.0	10.942	77.028
complex.1052.pdb	0.0757576	7.151	43.945
complex.1053.pdb	0.0	16.69	47.972
complex.1054.pdb	0.136364	6.388	44.203
complex.1055.pdb	0.0151515	13.536	37.791
complex.1056.pdb	0.166667	9.65	37.452
complex.1057.pdb	0.0	13.585	46.572
complex.1058.pdb	0.0757576	14.558	59.119
complex.1059.pdb	0.0	10.894	61.862
complex.1060.pdb	0.106061	12.341	46.87
complex.1061.pdb	0.0	11.071	62.525
complex.1062.pdb	0.0151515	13.293	66.479
complex.1063.pdb	0.0	21.037	55.68
complex.1064.pdb	0.0	18.527	66.389
complex.1065.pdb	0.0	20.33	57.221
complex.1066.pdb	0.0	8.049	49.018
complex.1067.pdb	0.030303	15.488	76.221
complex.1068.pdb	0.0151515	8.373	64.38
complex.1069.pdb	0.0	18.755	52.855
complex.1070.pdb	0.0	31.203	66.005
complex.1071.pdb	0.0	16.251	67.316
complex.1072.pdb	0.0	20.018	58.207
complex.1073.pdb	0.0	25.118	60.157
complex.1074.pdb	0.0909091	12.558	57.452
complex.1075.pdb	0.0454545	12.149	49.685
complex.1076.pdb	0.0151515	11.553	33.603
complex.1077.pdb	0.257576	5.498	38.881
complex.1078.pdb	0.0	15.303	75.376
complex.1079.pdb	0.0	11.683	70.657
complex.1080.pdb	0.0	18.527	78.168
complex.1081.pdb	0.0	9.613	74.792
complex.1082.pdb	0.0	9.482	78.149
complex.1083.pdb	0.0	13.321	30.698
complex.1084.pdb	0.0	16.237	67.58
complex.1085.pdb	0.0	15.718	49.812
complex.1086.pdb	0.0	18.179	45.505
complex.1087.pdb	0.030303	16.026	70.808
complex.1088.pdb	0.0	21.493	88.791
complex.1089.pdb	0.0	19.496	47.941
complex.1090.pdb	0.0	14.381	77.81
complex.1091.pdb	0.0	16.579	81.411
complex.1092.pdb	0.0	10.087	69.968
complex.1093.pdb	0.0	21.488	63.508
complex.1094.pdb	0.030303	7.513	61.231
complex.1095.pdb	0.0	29.213	56.255
complex.1096.pdb	0.0454545	14.856	42.5
complex.1097.pdb	0.0	18.555	52.015
complex.1098.pdb	0.0	21.105	107.74
complex.1099.pdb	0.0606061	15.801	58.562
complex.1100.pdb	0.0	15.21	68.942
complex.1101.pdb	0.0757576	7.382	49.472
complex.1102.pdb	0.0	16.484	77.852
complex.1103.pdb	0.0	16.86	45.29
complex.1104.pdb	0.0	10.112	70.449
complex.1105.pdb	0.0	13.667	67.1
complex.1106.pdb	0.0	17.845	43.828
complex.1107.pdb	0.0757576	6.169	46.814
complex.1108.pdb	0.0151515	14.61	74.855
complex.1109.pdb	0.0	11.286	73.571
complex.1110.pdb	0.0	15.727	76.837
complex.1111.pdb	0.136364	11.203	28.228
complex.1112.pdb	0.0	10.297	56.348
complex.1113.pdb	0.0	11.927	76.446
complex.1114.pdb	0.0	14.803	83.514
complex.1115.pdb	0.0	32.702	77.62
complex.1116.pdb	0.0	18.5	57.18
complex.1117.pdb	0.0	14.348	64.438
complex.1118.pdb	0.0	8.581	58.871
complex.1119.pdb	0.0757576	10.052	43.376
complex.1120.pdb	0.0151515	9.003	57.448
complex.1121.pdb	0.0	10.021	73.868
complex.1122.pdb	0.0	9.61	71.036
complex.1123.pdb	0.0151515	11.534	69.263
complex.1124.pdb	0.0	14.752	68.799
complex.1125.pdb	0.0	20.385	58.571
complex.1126.pdb	0.121212	12.116	47.788
complex.1127.pdb	0.0	17.621	47.776
complex.1128.pdb	0.0	22.048	57.779
complex.1129.pdb	0.0	15.24	45.55
complex.1130.pdb	0.0	10.187	66.959
complex.1131.pdb	0.0	13.154	44.462
complex.1132.pdb	0.0606061	6.844	53.173
complex.1133.pdb	0.0	16.475	79.573
complex.1134.pdb	0.0	18.27	56.081
complex.1135.pdb	0.0	18.26	69.974
complex.1136.pdb	0.0	13.215	32.083
complex.1137.pdb	0.0	11.483	42.325
complex.1138.pdb	0.0606061	15.505	63.677
complex.1139.pdb	0.030303	12.071	55.78
complex.1140.pdb	0.0	12.35	76.685
complex.1141.pdb	0.0454545	11.446	59.431
complex.1142.pdb	0.0	14.538	81.922
complex.1143.pdb	0.0	21.202	52.84
complex.1144.pdb	0.0	11.76	51.055
complex.1145.pdb	0.0	20.356	58.291
complex.1146.pdb	0.106061	11.592	42.442
complex.1147.pdb	0.0	22.485	48.555
complex.1148.pdb	0.0	8.073	59.869
complex.1149.pdb	0.0	14.748	68.314
complex.1150.pdb	0.0	26.291	66.497
complex.1151.pdb	0.0	15.08	83.064
complex.1152.pdb	0.0	18.675	69.489
complex.1153.pdb	0.0	20.563	49.338
complex.1154.pdb	0.0	18.486	86.184
complex.1155.pdb	0.121212	10.453	50.786
complex.1156.pdb	0.0	15.3	51.666
complex.1157.pdb	0.106061	11.547	39.382
complex.1158.pdb	0.0	17.505	59.637
complex.1159.pdb	0.0	16.566	76.187
complex.1160.pdb	0.0	10.34	69.776
complex.1161.pdb	0.030303	15.34	72.33
complex.1162.pdb	0.136364	9.103	51.37
complex.1163.pdb	0.0	19.8	51.721
complex.1164.pdb	0.0	15.869	58.003
complex.1165.pdb	0.0	8.206	64.487
complex.1166.pdb	0.0151515	14.366	75.525
complex.1167.pdb	0.0	13.56	30.497
complex.1168.pdb	0.0	16.01	55.2
complex.1169.pdb	0.0	16.542	56.027
complex.1170.pdb	0.0	15.01	79.372
complex.1171.pdb	0.030303	13.153	58.991
complex.1172.pdb	0.0909091	11.841	63.304
complex.1173.pdb	0.0	26.565	70.271
complex.1174.pdb	0.0	15.552	42.352
complex.1175.pdb	0.0757576	15.698	58.281
complex.1176.pdb	0.0	13.149	56.452
complex.1177.pdb	0.0	16.548	87.445
complex.1178.pdb	0.0151515	13.824	76.167
complex.1179.pdb	0.0	17.828	35.093
complex.1180.pdb	0.106061	10.143	40.903
complex.1181.pdb	0.0	14.7	70.112
complex.1182.pdb	0.0	21.345	52.882
complex.1183.pdb	0.0606061	15.901	58.796
complex.1184.pdb	0.0	11.931	71.168
complex.1185.pdb	0.0	19.171	51.986
complex.1186.pdb	0.0	16.107	45.989
complex.1187.pdb	0.0	18.102	69.235
complex.1188.pdb	0.0	15.297	50.749
complex.1189.pdb	0.0	24.955	61.219
complex.1190.pdb	0.0151515	12.034	54.019
complex.1191.pdb	0.0	28.841	66.302
complex.1192.pdb	0.0	15.87	67.693
complex.1193.pdb	0.0	17.533	49.668
complex.1194.pdb	0.0	22.342	52.464
complex.1195.pdb	0.0151515	13.273	75.545
complex.1196.pdb	0.166667	9.669	22.121
complex.1197.pdb	0.0	18.781	64.761
complex.1198.pdb	0.0	17.112	83.904
complex.1199.pdb	0.0	31.118	67.387
complex.1200.pdb	0.166667	10.12	24.634
complex.1201.pdb	0.106061	10.625	50.528
complex.1202.pdb	0.0	14.296	67.931
complex.1203.pdb	0.030303	13.102	68.058
complex.1204.pdb	0.0	20.189	55.879
complex.1205.pdb	0.0606061	15.898	57.191
complex.1206.pdb	0.0454545	15.408	71.765
complex.1207.pdb	0.0	15.774	72.7
complex.1208.pdb	0.0	17.749	70.319
complex.1209.pdb	0.0	17.946	45.42
complex.1210.pdb	0.0	15.462	48.006
complex.1211.pdb	0.0	8.923	50.359
complex.1212.pdb	0.030303	8.549	55.326
complex.1213.pdb	0.106061	5.53	43.702
complex.1214.pdb	0.0	22.299	50.997
complex.1215.pdb	0.0	17.687	46.135
complex.1216.pdb	0.0909091	13.983	43.748
complex.1217.pdb	0.121212	8.82	49.119
complex.1218.pdb	0.136364	12.598	41.982
complex.1219.pdb	0.0	18.87	52.925
complex.1220.pdb	0.0	11.588	81.924
complex.1221.pdb	0.136364	9.053	45.117
complex.1222.pdb	0.0	11.678	67.905
complex.1223.pdb	0.0	7.856	65.461
complex.1224.pdb	0.0	8.688	56.791
complex.1225.pdb	0.0	20.059	84.156
complex.1226.pdb	0.0	11.002	71.79
complex.1227.pdb	0.0	16.818	80.491
complex.1228.pdb	0.0	13.481	57.034
complex.1229.pdb	0.0909091	6.657	49.384
complex.1230.pdb	0.136364	13.119	43.641
complex.1231.pdb	0.19697	5.493	25.138
complex.1232.pdb	0.0	15.061	79.701
complex.1233.pdb	0.0	11.982	83.258
complex.1234.pdb	0.0	12.244	70.296
complex.1235.pdb	0.0151515	7.407	62.852
complex.1236.pdb	0.0	31.253	63.608
complex.1237.pdb	0.0	14.641	57.504
complex.1238.pdb	0.0	21.164	51.182
complex.1239.pdb	0.30303	3.948	22.612
complex.1240.pdb	0.0	14.783	80.637
complex.1241.pdb	0.0	12.592	61.752
complex.1242.pdb	0.0	12.783	70.252
complex.1243.pdb	0.0	8.724	65.16
complex.1244.pdb	0.0	14.115	42.449
complex.1245.pdb	0.0	20.823	51.37
complex.1246.pdb	0.0	17.463	72.569
complex.1247.pdb	0.0	18.847	51.295
complex.1248.pdb	0.0	16.313	44.856
complex.1249.pdb	0.030303	11.455	71.196
complex.1250.pdb	0.0	22.356	74.308
complex.1251.pdb	0.0	17.087	89.448
complex.1252.pdb	0.151515	10.007	35.672
complex.1253.pdb	0.0	17.049	65.009
complex.1254.pdb	0.0	21.696	55.885
complex.1255.pdb	0.0757576	11.107	42.098
complex.1256.pdb	0.0909091	13.903	30.289
complex.1257.pdb	0.030303	11.734	71.699
complex.1258.pdb	0.0	14.576	88.76
complex.1259.pdb	0.0606061	9.606	50.01
complex.1260.pdb	0.0	21.377	70.255
complex.1261.pdb	0.0151515	12.247	51.552
complex.1262.pdb	0.106061	9.856	53.831
complex.1263.pdb	0.0	21.039	84.642
complex.1264.pdb	0.212121	7.576	26.811
complex.1265.pdb	0.0	15.843	48.775
complex.1266.pdb	0.0151515	12.434	56.826
complex.1267.pdb	0.0	10.832	62.618
complex.1268.pdb	0.0	16.773	67.673
complex.1269.pdb	0.151515	9.981	42.366
complex.1270.pdb	0.0	12.13	73.396
complex.1271.pdb	0.0	12.551	74.474
complex.1272.pdb	0.0	18.438	44.186
complex.1273.pdb	0.0	8.156	38.855
complex.1274.pdb	0.0	18.312	90.125
complex.1275.pdb	0.0	11.334	72.726
complex.1276.pdb	0.0	12.291	60.175
complex.1277.pdb	0.0	15.642	78.129
complex.1278.pdb	0.0	14.111	49.493
complex.1279.pdb	0.0757576	6.439	52.629
complex.1280.pdb	0.0	15.854	81.418
complex.1281.pdb	0.0	12.064	72.891
complex.1282.pdb	0.0151515	13.047	38.591
complex.1283.pdb	0.439394	5.629	25.173
complex.1284.pdb	0.590909	1.512	4.533
complex.1285.pdb	0.0	9.904	76.45
complex.1286.pdb	0.0	18.668	63.087
complex.1287.pdb	0.0	14.983	59.173
complex.1288.pdb	0.0757576	5.797	43.949
complex.1289.pdb	0.0757576	14.086	72.612
complex.1290.pdb	0.030303	8.7	68.591
complex.1291.pdb	0.0	13.687	43.081
complex.1292.pdb	0.0	13.294	67.35
complex.1293.pdb	0.0	19.901	76.375
complex.1294.pdb	0.0	16.536	80.844
complex.1295.pdb	0.0	14.668	69.063
complex.1296.pdb	0.0	17.448	49.684
complex.1297.pdb	0.0	12.159	73.744
complex.1298.pdb	0.0	21.278	50.923
complex.1299.pdb	0.0	13.812	58.094
complex.1300.pdb	0.0454545	12.212	55.875
complex.1301.pdb	0.0	18.685	71.727
complex.1302.pdb	0.0	15.222	77.982
complex.1303.pdb	0.0	12.303	73.371
complex.1304.pdb	0.0	27.831	64.195
complex.1305.pdb	0.0151515	10.6	62.333
complex.1306.pdb	0.0	6.318	54.581
complex.1307.pdb	0.106061	6.261	41.098
complex.1308.pdb	0.0	21.004	52.638
complex.1309.pdb	0.0606061	11.787	59.137
complex.1310.pdb	0.0151515	9.543	47.469
complex.1311.pdb	0.0151515	11.035	37.962
complex.1312.pdb	0.0606061	10.611	40.3
complex.1313.pdb	0.0151515	14.196	65.992
complex.1314.pdb	0.030303	15.79	75.948
complex.1315.pdb	0.0	9.244	64.387
complex.1316.pdb	0.0	18.544	45.135
complex.1317.pdb	0.0	16.601	57.654
complex.1318.pdb	0.0	20.218	50.718
complex.1319.pdb	0.0	15.256	80.085
complex.1320.pdb	0.0	17.229	52.888
complex.1321.pdb	0.136364	11.062	35.898
complex.1322.pdb	0.106061	7.859	47.671
complex.1323.pdb	0.0	18.071	56.344
complex.1324.pdb	0.0151515	11.033	71.723
complex.1325.pdb	0.0	15.456	84.738
complex.1326.pdb	0.0	18.749	69.434
complex.1327.pdb	0.0	8.043	37.423
complex.1328.pdb	0.0	16.915	63.919
complex.1329.pdb	0.0	18.698	50.621
complex.1330.pdb	0.0606061	7.169	48.17
complex.1331.pdb	0.0	27.24	76.318
complex.1332.pdb	0.0	16.942	62.216
complex.1333.pdb	0.0	10.007	71.518
complex.1334.pdb	0.0151515	7.662	59.172
complex.1335.pdb	0.0	10.256	56.16
complex.1336.pdb	0.0	19.139	69.536
complex.1337.pdb	0.0	19.465	83.135
complex.1338.pdb	0.0	13.342	33.584
complex.1339.pdb	0.0	13.115	87.529
complex.1340.pdb	0.030303	12.588	75.52
complex.1341.pdb	0.0	16.246	49.215
complex.1342.pdb	0.0	14.981	77.379
complex.1343.pdb	0.0	11.647	33.745
complex.1344.pdb	0.0	13.967	81.424
complex.1345.pdb	0.0	16.617	44.049
complex.1346.pdb	0.0	23.446	93.494
complex.1347.pdb	0.0151515	9.864	53.628
complex.1348.pdb	0.0	13.643	87.905
complex.1349.pdb	0.0	11.353	42.467
complex.1350.pdb	0.0	16.875	53.474
complex.1351.pdb	0.136364	9.555	41.657
complex.1352.pdb	0.0	20.35	71.427
complex.1353.pdb	0.151515	14.027	40.284
complex.1354.pdb	0.0	33.848	72.236
complex.1355.pdb	0.0	10.448	68.812
complex.1356.pdb	0.287879	5.596	23.964
complex.1357.pdb	0.0	15.166	68.95
complex.1358.pdb	0.0	19.009	77.204
complex.1359.pdb	0.0151515	10.274	71.114
complex.1360.pdb	0.0	12.954	74.487
complex.1361.pdb	0.0151515	9.944	72.503
complex.1362.pdb	0.0909091	7.823	51.487
complex.1363.pdb	0.0	13.126	81.91
complex.1364.pdb	0.0	13.25	67.776
complex.1365.pdb	0.0	11.234	76.977
complex.1366.pdb	0.0	16.792	47.936
complex.1367.pdb	0.0	16.849	91.084
complex.1368.pdb	0.0	14.459	82.011
complex.1369.pdb	0.0	16.921	90.854
complex.1370.pdb	0.0	7.364	63.195
complex.1371.pdb	0.0151515	7.718	67.645
complex.1372.pdb	0.0	24.855	64.319
complex.1373.pdb	0.0	8.431	36.725
complex.1374.pdb	0.0	13.756	75.0
complex.1375.pdb	0.348485	6.16	28.992
complex.1376.pdb	0.0	10.268	72.981
complex.1377.pdb	0.0	18.36	76.775
complex.1378.pdb	0.0	21.063	70.504
complex.1379.pdb	0.0151515	11.391	64.527
complex.1380.pdb	0.0	17.778	65.078
complex.1381.pdb	0.0151515	12.337	76.727
complex.1382.pdb	0.121212	10.78	45.222
complex.1383.pdb	0.0	15.243	43.037
complex.1384.pdb	0.0	16.626	86.514
complex.1385.pdb	0.0151515	9.817	50.034
complex.1386.pdb	0.0	17.074	59.469
complex.1387.pdb	0.030303	10.442	60.576
complex.1388.pdb	0.0151515	11.212	39.632
complex.1389.pdb	0.0	20.417	76.017
complex.1390.pdb	0.0	10.034	69.375
complex.1391.pdb	0.0909091	8.898	53.969
complex.1392.pdb	0.0	15.89	35.287
complex.1393.pdb	0.0	20.483	85.394
complex.1394.pdb	0.0	13.811	69.796
complex.1395.pdb	0.181818	10.036	24.223
complex.1396.pdb	0.530303	2.475	15.261
complex.1397.pdb	0.0	16.962	81.134
complex.1398.pdb	0.0	14.448	46.839
complex.1399.pdb	0.0	15.883	42.057
complex.1400.pdb	0.0	15.482	34.517
complex.1401.pdb	0.0	18.945	45.825
complex.1402.pdb	0.0	11.029	78.812
complex.1403.pdb	0.0	8.575	49.479
complex.1404.pdb	0.0606061	9.726	37.732
complex.1405.pdb	0.0	10.971	78.619
complex.1406.pdb	0.0757576	14.694	54.216
complex.1407.pdb	0.030303	14.617	60.496
complex.1408.pdb	0.0	21.311	83.863
complex.1409.pdb	0.0	17.11	88.374
complex.1410.pdb	0.0454545	13.364	67.066
complex.1411.pdb	0.0	10.289	57.526
complex.1412.pdb	0.0	21.128	84.137
complex.1413.pdb	0.0151515	8.729	37.162
complex.1414.pdb	0.0151515	14.462	78.11
complex.1415.pdb	0.0	14.155	72.81
complex.1416.pdb	0.0	11.349	44.599
complex.1417.pdb	0.136364	9.376	41.849
complex.1418.pdb	0.0	19.544	49.234
complex.1419.pdb	0.0	15.004	74.233
complex.1420.pdb	0.0	13.625	83.875
complex.1421.pdb	0.0	11.859	37.382
complex.1422.pdb	0.0	12.881	69.847
complex.1423.pdb	0.0	13.114	71.213
complex.1424.pdb	0.030303	13.203	61.673
complex.1425.pdb	0.0	16.444	87.508
complex.1426.pdb	0.242424	4.883	37.041
complex.1427.pdb	0.0	21.808	57.564
complex.1428.pdb	0.0	9.906	55.523
complex.1429.pdb	0.0	20.026	63.375
complex.1430.pdb	0.0	14.405	69.671
complex.1431.pdb	0.0	11.318	75.865
complex.1432.pdb	0.0606061	14.203	57.256
complex.1433.pdb	0.0909091	13.287	49.949
complex.1434.pdb	0.0	18.433	69.778
complex.1435.pdb	0.0151515	13.208	69.127
complex.1436.pdb	0.0	16.061	34.773
complex.1437.pdb	0.0151515	12.286	42.808
complex.1438.pdb	0.0757576	10.353	39.013
complex.1439.pdb	0.0	13.35	63.158
complex.1440.pdb	0.69697	1.789	14.756
complex.1441.pdb	0.0	15.219	72.386
complex.1442.pdb	0.0454545	12.614	71.248
complex.1443.pdb	0.0454545	16.239	69.727
complex.1444.pdb	0.136364	8.767	40.997
complex.1445.pdb	0.0	18.397	47.228
complex.1446.pdb	0.0	9.638	48.768
complex.1447.pdb	0.0	13.85	68.624
complex.1448.pdb	0.0151515	12.633	61.705
complex.1449.pdb	0.0	15.099	86.17
complex.1450.pdb	0.0	19.286	50.94
complex.1451.pdb	0.0909091	12.699	55.343
complex.1452.pdb	0.0	16.503	42.974
complex.1453.pdb	0.242424	6.007	32.709
complex.1454.pdb	0.0	17.676	49.735
complex.1455.pdb	0.0	23.463	57.866
complex.1456.pdb	0.0	16.598	62.231
complex.1457.pdb	0.0	19.225	56.819
complex.1458.pdb	0.0	17.9	56.138
complex.1459.pdb	0.0	15.622	83.973
complex.1460.pdb	0.0	11.574	74.513
complex.1461.pdb	0.0909091	7.449	48.767
complex.1462.pdb	0.0	7.405	43.066
complex.1463.pdb	0.0	17.126	73.45
complex.1464.pdb	0.19697	5.98	34.083
complex.1465.pdb	0.0151515	14.855	60.254
complex.1466.pdb	0.106061	12.892	48.755
complex.1467.pdb	0.0	17.748	54.54
complex.1468.pdb	0.0151515	9.394	64.275
complex.1469.pdb	0.0	11.589	71.825
complex.1470.pdb	0.0	14.537	77.114
complex.1471.pdb	0.0	19.307	52.107
complex.1472.pdb	0.0606061	9.867	43.126
complex.1473.pdb	0.0	16.246	72.442
complex.1474.pdb	0.0	13.788	79.998
complex.1475.pdb	0.0151515	14.975	56.575
complex.1476.pdb	0.272727	6.044	27.284
complex.1477.pdb	0.0151515	13.962	83.195
complex.1478.pdb	0.0	13.854	80.173
complex.1479.pdb	0.0757576	9.789	60.911
complex.1480.pdb	0.0	29.774	82.74
complex.1481.pdb	0.0151515	12.324	71.988
complex.1482.pdb	0.0	12.183	36.251
complex.1483.pdb	0.0	16.163	44.73
complex.1484.pdb	0.030303	14.868	73.185
complex.1485.pdb	0.181818	6.473	32.606
complex.1486.pdb	0.0	10.588	77.145
complex.1487.pdb	0.0	12.345	61.034
complex.1488.pdb	0.19697	5.331	33.024
complex.1489.pdb	0.0	10.668	55.283
complex.1490.pdb	0.0	10.903	72.587
complex.1491.pdb	0.030303	15.042	37.47
complex.1492.pdb	0.030303	13.194	45.186
complex.1493.pdb	0.0	11.88	41.503
complex.1494.pdb	0.106061	10.855	46.706
complex.1495.pdb	0.0151515	12.702	65.517
complex.1496.pdb	0.0	15.247	50.466
complex.1497.pdb	0.0	17.661	74.493
complex.1498.pdb	0.0	16.277	44.661
complex.1499.pdb	0.030303	9.201	61.827
complex.1500.pdb	0.0	16.123	78.895
complex.1501.pdb	0.0	9.699	58.999
complex.1502.pdb	0.0757576	13.535	72.551
complex.1503.pdb	0.0	20.566	61.436
complex.1504.pdb	0.0	9.954	62.728
complex.1505.pdb	0.0	19.65	49.115
complex.1506.pdb	0.0	20.121	75.839
complex.1507.pdb	0.0757576	11.813	34.139
complex.1508.pdb	0.0	20.697	77.209
complex.1509.pdb	0.0909091	11.635	38.91
complex.1510.pdb	0.0	16.203	88.47
complex.1511.pdb	0.0	13.427	34.934
complex.1512.pdb	0.0909091	12.225	47.553
complex.1513.pdb	0.0	14.865	67.577
complex.1514.pdb	0.0606061	10.684	41.632
complex.1515.pdb	0.0	8.34	61.545
complex.1516.pdb	0.0	17.001	79.118
complex.1517.pdb	0.136364	5.952	37.482
complex.1518.pdb	0.0	15.121	73.354
complex.1519.pdb	0.0	13.755	68.68
complex.1520.pdb	0.0	11.152	76.05
complex.1521.pdb	0.0454545	11.852	65.859
complex.1522.pdb	0.0	14.894	83.174
complex.1523.pdb	0.0	14.486	45.494
complex.1524.pdb	0.287879	3.635	33.535
complex.1525.pdb	0.0	14.756	84.341
complex.1526.pdb	0.136364	9.804	42.709
complex.1527.pdb	0.0	19.239	50.32
complex.1528.pdb	0.0	22.411	84.145
complex.1529.pdb	0.0	16.993	86.57
complex.1530.pdb	0.166667	7.474	59.615
complex.1531.pdb	0.0151515	16.298	69.704
complex.1532.pdb	0.0	15.358	89.57
complex.1533.pdb	0.0	13.701	60.941
complex.1534.pdb	0.0	14.582	67.479
complex.1535.pdb	0.0	16.653	90.519
complex.1536.pdb	0.0	18.791	39.844
complex.1537.pdb	0.0606061	12.849	44.805
complex.1538.pdb	0.0	13.23	39.674
complex.1539.pdb	0.0	16.903	88.565
complex.1540.pdb	0.0	11.589	61.565
complex.1541.pdb	0.0	17.376	87.183
complex.1542.pdb	0.0606061	13.061	79.019
complex.1543.pdb	0.0	14.692	85.672
complex.1544.pdb	0.121212	12.76	41.909
complex.1545.pdb	0.106061	8.637	54.704
complex.1546.pdb	0.0	20.874	52.205
complex.1547.pdb	0.0	17.889	51.094
complex.1548.pdb	0.0454545	5.382	40.404
complex.1549.pdb	0.0606061	12.318	46.609
complex.1550.pdb	0.030303	6.472	54.244
complex.1551.pdb	0.0	20.287	93.829
complex.1552.pdb	0.0	19.917	68.679
complex.1553.pdb	0.0	11.667	70.075
complex.1554.pdb	0.0606061	10.74	56.818
complex.1555.pdb	0.348485	4.243	20.021
complex.1556.pdb	0.0	13.865	81.452
complex.1557.pdb	0.0	26.707	53.811
complex.1558.pdb	0.0	16.445	89.029
complex.1559.pdb	0.0	17.083	45.271
complex.1560.pdb	0.0	19.069	99.324
complex.1561.pdb	0.0	15.862	92.394
complex.1562.pdb	0.0	12.215	70.754
complex.1563.pdb	0.19697	4.586	22.392
complex.1564.pdb	0.0	21.972	79.386
complex.1565.pdb	0.515152	2.267	10.761
complex.1566.pdb	0.333333	5.644	27.805
complex.1567.pdb	0.0	19.589	60.95
complex.1568.pdb	0.0	22.725	55.415
complex.1569.pdb	0.0606061	6.038	53.632
complex.1570.pdb	0.0	19.928	70.536
complex.1571.pdb	0.0	20.93	67.143
complex.1572.pdb	0.0757576	10.506	38.649
complex.1573.pdb	0.530303	2.051	8.861
complex.1574.pdb	0.0	16.366	66.12
complex.1575.pdb	0.030303	13.555	67.659
complex.1576.pdb	0.0	13.011	74.081
complex.1577.pdb	0.0	9.391	67.312
complex.1578.pdb	0.0151515	14.407	56.923
complex.1579.pdb	0.212121	5.657	31.651
complex.1580.pdb	0.136364	7.411	45.234
complex.1581.pdb	0.0	17.126	81.797
complex.1582.pdb	0.0	19.991	52.35
complex.1583.pdb	0.0	9.895	52.369
complex.1584.pdb	0.0	20.39	67.567
complex.1585.pdb	0.0	17.379	83.117
complex.1586.pdb	0.0	17.02	51.022
complex.1587.pdb	0.0	18.499	73.821
complex.1588.pdb	0.0454545	10.923	62.634
complex.1589.pdb	0.0606061	14.667	45.889
complex.1590.pdb	0.0606061	4.931	42.448
complex.1591.pdb	0.0	20.527	49.788
complex.1592.pdb	0.0454545	12.336	35.555
complex.1593.pdb	0.0151515	11.986	62.232
complex.1594.pdb	0.0	15.994	42.687
complex.1595.pdb	0.0	23.562	57.231
complex.1596.pdb	0.106061	10.023	39.336
complex.1597.pdb	0.0	16.504	68.35
complex.1598.pdb	0.0757576	10.676	60.653
complex.1599.pdb	0.0	13.148	62.637
complex.1600.pdb	0.0	32.529	83.21
complex.1601.pdb	0.0	9.853	68.866
complex.1602.pdb	0.0	18.045	43.853
complex.1603.pdb	0.0606061	11.354	36.294
complex.1604.pdb	0.318182	4.111	21.003
complex.1605.pdb	0.0	14.912	43.861
complex.1606.pdb	0.0151515	13.839	40.013
complex.1607.pdb	0.106061	9.237	32.508
complex.1608.pdb	0.0	16.995	51.326
complex.1609.pdb	0.0	17.762	74.19
complex.1610.pdb	0.0	9.983	71.049
complex.1611.pdb	0.0	9.289	62.971
complex.1612.pdb	0.0	12.25	57.002
complex.1613.pdb	0.0	14.736	75.49
complex.1614.pdb	0.0	22.509	72.423
complex.1615.pdb	0.0	17.77	57.972
complex.1616.pdb	0.0	19.998	42.977
complex.1617.pdb	0.0909091	13.252	52.112
complex.1618.pdb	0.0151515	14.072	66.386
complex.1619.pdb	0.0	12.728	65.393
complex.1620.pdb	0.0	18.695	61.821
complex.1621.pdb	0.0	22.551	77.263
complex.1622.pdb	0.0757576	12.419	26.938
complex.1623.pdb	0.0606061	11.745	52.386
complex.1624.pdb	0.0757576	14.74	52.065
complex.1625.pdb	0.0	25.228	59.812
complex.1626.pdb	0.0	9.948	65.704
complex.1627.pdb	0.0	11.702	56.733
complex.1628.pdb	0.106061	12.659	50.572
complex.1629.pdb	0.0	32.989	72.831
complex.1630.pdb	0.030303	15.206	67.233
complex.1631.pdb	0.0151515	14.471	70.776
complex.1632.pdb	0.0151515	14.427	84.029
complex.1633.pdb	0.0	13.849	74.254
complex.1634.pdb	0.136364	10.454	43.757
complex.1635.pdb	0.0454545	14.3	60.432
complex.1636.pdb	0.0151515	7.174	43.511
complex.1637.pdb	0.0	32.143	75.758
complex.1638.pdb	0.0	25.526	71.011
complex.1639.pdb	0.0	19.633	43.745
complex.1640.pdb	0.0	17.586	50.993
complex.1641.pdb	0.0	21.237	68.001
complex.1642.pdb	0.0606061	6.627	47.308
complex.1643.pdb	0.0	14.274	56.926
complex.1644.pdb	0.0	20.107	46.981
complex.1645.pdb	0.0	16.002	84.982
complex.1646.pdb	0.0151515	11.845	38.928
complex.1647.pdb	0.0	17.107	77.151
complex.1648.pdb	0.0909091	5.604	41.898
complex.1649.pdb	0.0	15.87	44.223
complex.1650.pdb	0.0	19.549	56.142
complex.1651.pdb	0.0757576	13.143	38.803
complex.1652.pdb	0.0	19.444	69.515
complex.1653.pdb	0.0151515	16.66	65.475
complex.1654.pdb	0.136364	14.612	38.96
complex.1655.pdb	0.0	9.978	73.466
complex.1656.pdb	0.0	20.122	56.838
complex.1657.pdb	0.030303	13.266	39.949
complex.1658.pdb	0.0	19.109	80.585
complex.1659.pdb	0.0	14.621	45.185
complex.1660.pdb	0.0	18.183	44.04
complex.1661.pdb	0.0151515	13.778	45.246
complex.1662.pdb	0.136364	6.314	49.136
complex.1663.pdb	0.151515	11.423	39.116
complex.1664.pdb	0.0151515	15.402	40.003
complex.1665.pdb	0.0	16.943	91.255
complex.1666.pdb	0.0	21.703	70.701
complex.1667.pdb	0.136364	9.618	25.559
complex.1668.pdb	0.0	12.287	42.922
complex.1669.pdb	0.0	20.928	68.695
complex.1670.pdb	0.0	8.589	73.73
complex.1671.pdb	0.0	21.749	95.863
complex.1672.pdb	0.0	15.392	48.547
complex.1673.pdb	0.0	16.134	73.774
complex.1674.pdb	0.0151515	13.027	39.908
complex.1675.pdb	0.0	23.983	61.126
complex.1676.pdb	0.0	10.985	49.06
complex.1677.pdb	0.030303	15.343	65.91
complex.1678.pdb	0.0	16.271	64.846
complex.1679.pdb	0.0757576	12.154	41.316
complex.1680.pdb	0.0	19.238	76.583
complex.1681.pdb	0.0	20.88	77.691
complex.1682.pdb	0.0	15.337	79.664
complex.1683.pdb	0.0	24.532	65.05
complex.1684.pdb	0.0151515	12.294	54.247
complex.1685.pdb	0.0	9.472	65.673
complex.1686.pdb	0.0	9.184	65.84
complex.1687.pdb	0.0	29.601	55.496
complex.1688.pdb	0.0	20.163	63.169
complex.1689.pdb	0.0	23.587	61.965
complex.1690.pdb	0.0	13.143	38.275
complex.1691.pdb	0.0	9.62	63.538
complex.1692.pdb	0.0	34.476	88.278
complex.1693.pdb	0.0	20.685	68.862
complex.1694.pdb	0.0	13.566	70.411
complex.1695.pdb	0.0	12.631	61.507
complex.1696.pdb	0.242424	4.578	26.604
complex.1697.pdb	0.0	17.661	61.135
complex.1698.pdb	0.484848	1.961	11.882
complex.1699.pdb	0.0	15.954	73.49
complex.1700.pdb	0.0	18.455	57.259
complex.1701.pdb	0.0606061	11.216	47.424
complex.1702.pdb	0.0	20.314	46.686
complex.1703.pdb	0.0	11.615	82.866
complex.1704.pdb	0.0	21.14	54.286
complex.1705.pdb	0.106061	12.254	55.153
complex.1706.pdb	0.0151515	13.6	41.224
complex.1707.pdb	0.0909091	11.095	48.964
complex.1708.pdb	0.0	15.325	64.424
complex.1709.pdb	0.0	8.391	64.157
complex.1710.pdb	0.0	15.383	69.794
complex.1711.pdb	0.0	13.964	69.475
complex.1712.pdb	0.0	19.916	68.075
complex.1713.pdb	0.0	16.052	79.672
complex.1714.pdb	0.0	10.4	70.844
complex.1715.pdb	0.0	21.269	52.957
complex.1716.pdb	0.0	19.205	43.99
complex.1717.pdb	0.0	15.07	79.305
complex.1718.pdb	0.0	15.401	38.249
complex.1719.pdb	0.0	6.991	38.75
complex.1720.pdb	0.0151515	12.899	34.332
complex.1721.pdb	0.0	25.682	75.349
complex.1722.pdb	0.030303	14.245	79.529
complex.1723.pdb	0.0	15.311	88.472
complex.1724.pdb	0.0	13.092	54.795
complex.1725.pdb	0.0	22.553	46.44
complex.1726.pdb	0.0	8.555	56.719
complex.1727.pdb	0.121212	11.391	46.56
complex.1728.pdb	0.0	13.747	73.248
complex.1729.pdb	0.0	9.105	65.739
complex.1730.pdb	0.0	23.076	56.275
complex.1731.pdb	0.0	10.45	55.141
complex.1732.pdb	0.0	12.125	54.458
complex.1733.pdb	0.0	7.236	64.623
complex.1734.pdb	0.0	16.605	62.239
complex.1735.pdb	0.0151515	14.082	39.607
complex.1736.pdb	0.0	15.096	42.132
complex.1737.pdb	0.0	15.174	78.238
complex.1738.pdb	0.0	15.526	59.273
complex.1739.pdb	0.0	10.847	67.53
complex.1740.pdb	0.0	20.904	53.244
complex.1741.pdb	0.0151515	12.929	29.098
complex.1742.pdb	0.0	17.084	68.067
complex.1743.pdb	0.0	15.179	87.96
complex.1744.pdb	0.030303	14.746	52.213
complex.1745.pdb	0.0909091	13.408	75.544
complex.1746.pdb	0.106061	12.957	48.842
complex.1747.pdb	0.0	20.461	49.276
complex.1748.pdb	0.0	12.268	76.589
complex.1749.pdb	0.0	14.292	69.864
complex.1750.pdb	0.0151515	10.289	55.413
complex.1751.pdb	0.0151515	12.179	30.979
complex.1752.pdb	0.030303	10.485	49.739
complex.1753.pdb	0.0909091	11.667	51.98
complex.1754.pdb	0.0151515	11.073	62.059
complex.1755.pdb	0.348485	6.295	18.109
complex.1756.pdb	0.318182	5.54	20.466
complex.1757.pdb	0.0	17.051	62.918
complex.1758.pdb	0.0	15.773	59.609
complex.1759.pdb	0.136364	10.53	47.342
complex.1760.pdb	0.030303	10.37	34.498
complex.1761.pdb	0.0151515	9.66	60.89
complex.1762.pdb	0.0	21.688	45.597
complex.1763.pdb	0.0454545	9.693	56.261
complex.1764.pdb	0.0454545	11.024	74.869
complex.1765.pdb	0.0	20.998	64.315
complex.1766.pdb	0.0	22.946	52.335
complex.1767.pdb	0.0	15.273	82.269
complex.1768.pdb	0.0	26.34	71.898
complex.1769.pdb	0.0	21.754	54.412
complex.1770.pdb	0.0	20.05	49.488
complex.1771.pdb	0.0	14.82	77.175
complex.1772.pdb	0.0	10.264	78.141
complex.1773.pdb	0.121212	6.155	34.217
complex.1774.pdb	0.0	16.234	63.868
complex.1775.pdb	0.0	13.593	86.367
complex.1776.pdb	0.0	18.482	83.1
complex.1777.pdb	0.030303	10.352	58.04
complex.1778.pdb	0.0606061	14.42	58.34
complex.1779.pdb	0.0	9.776	41.857
complex.1780.pdb	0.030303	8.928	68.085
complex.1781.pdb	0.030303	15.621	84.057
complex.1782.pdb	0.0	17.632	50.479
complex.1783.pdb	0.0	16.606	81.339
complex.1784.pdb	0.0	17.994	59.441
complex.1785.pdb	0.0	12.798	46.497
complex.1786.pdb	0.0	13.927	31.944
complex.1787.pdb	0.212121	7.283	33.777
complex.1788.pdb	0.0909091	6.854	34.321
complex.1789.pdb	0.0606061	12.21	52.585
complex.1790.pdb	0.0	19.274	44.78
complex.1791.pdb	0.0	16.163	48.993
complex.1792.pdb	0.0	18.052	51.48
complex.1793.pdb	0.0	13.927	33.535
complex.1794.pdb	0.0151515	11.761	37.968
complex.1795.pdb	0.0	21.923	52.563
complex.1796.pdb	0.0	19.036	57.225
complex.1797.pdb	0.106061	12.671	60.834
complex.1798.pdb	0.0151515	15.348	35.779
complex.1799.pdb	0.0	15.261	49.038
complex.1800.pdb	0.0	16.386	82.479
complex.1801.pdb	0.0	14.739	54.744
complex.1802.pdb	0.0151515	13.256	63.296
complex.1803.pdb	0.0	21.398	71.246
complex.1804.pdb	0.0	11.986	55.013
complex.1805.pdb	0.0	9.48	50.353
complex.1806.pdb	0.0	18.819	45.973
complex.1807.pdb	0.0	12.631	22.78
complex.1808.pdb	0.030303	5.261	44.027
complex.1809.pdb	0.0	12.431	80.068
complex.1810.pdb	0.0	9.764	66.196
complex.1811.pdb	0.0	19.42	69.307
complex.1812.pdb	0.0	12.3	65.752
complex.1813.pdb	0.0	17.079	88.086
complex.1814.pdb	0.0	19.006	67.305
complex.1815.pdb	0.0	13.605	72.466
complex.1816.pdb	0.0	10.306	64.154
complex.1817.pdb	0.106061	13.811	45.437
complex.1818.pdb	0.0	29.988	71.8
complex.1819.pdb	0.0909091	9.71	39.04
complex.1820.pdb	0.030303	13.945	64.198
complex.1821.pdb	0.0757576	9.089	37.319
complex.1822.pdb	0.0	17.657	44.787
complex.1823.pdb	0.0	9.945	68.192
complex.1824.pdb	0.0	19.438	68.015
complex.1825.pdb	0.0	25.514	61.089
complex.1826.pdb	0.121212	8.611	40.062
complex.1827.pdb	0.0	20.142	50.058
complex.1828.pdb	0.0	16.431	85.838
complex.1829.pdb	0.0	19.043	43.639
complex.1830.pdb	0.0	14.099	83.482
complex.1831.pdb	0.0	12.593	73.949
complex.1832.pdb	0.0	10.202	23.672
complex.1833.pdb	0.0	12.247	75.271
complex.1834.pdb	0.0	16.836	43.818
complex.1835.pdb	0.0	12.2	55.35
complex.1836.pdb	0.0	11.079	72.983
complex.1837.pdb	0.0	29.677	53.02
complex.1838.pdb	0.0	10.094	72.093
complex.1839.pdb	0.0	20.512	59.5
complex.1840.pdb	0.0	21.3	79.745
complex.1841.pdb	0.0	17.14	68.102
complex.1842.pdb	0.0	34.065	75.344
complex.1843.pdb	0.0	17.576	75.685
complex.1844.pdb	0.0	13.487	85.634
complex.1845.pdb	0.0	19.051	102.029
complex.1846.pdb	0.0	16.805	42.07
complex.1847.pdb	0.0	8.563	57.243
complex.1848.pdb	0.0	19.691	70.142
complex.1849.pdb	0.0	8.998	72.019
complex.1850.pdb	0.0	19.013	52.757
complex.1851.pdb	0.545455	4.118	14.036
complex.1852.pdb	0.151515	11.366	27.984
complex.1853.pdb	0.0	20.488	68.637
complex.1854.pdb	0.0	16.624	91.196
complex.1855.pdb	0.0	23.747	84.468
complex.1856.pdb	0.0	11.57	50.41
complex.1857.pdb	0.0	13.259	40.651
complex.1858.pdb	0.0606061	12.96	64.167
complex.1859.pdb	0.0	16.93	74.859
complex.1860.pdb	0.0	25.681	67.321
complex.1861.pdb	0.0	18.871	47.01
complex.1862.pdb	0.0	32.864	67.0
complex.1863.pdb	0.0757576	16.058	60.488
complex.1864.pdb	0.454545	2.321	9.691
complex.1865.pdb	0.136364	13.271	29.536
complex.1866.pdb	0.0	17.196	46.166
complex.1867.pdb	0.0	11.962	79.314
complex.1868.pdb	0.0151515	12.517	44.703
complex.1869.pdb	0.0	19.859	47.464
complex.1870.pdb	0.0	16.955	47.057
complex.1871.pdb	0.0909091	9.976	60.707
complex.1872.pdb	0.0	20.434	46.611
complex.1873.pdb	0.0	13.775	71.236
complex.1874.pdb	0.0	9.658	76.787
complex.1875.pdb	0.0151515	13.345	35.777
complex.1876.pdb	0.0	28.969	58.138
complex.1877.pdb	0.151515	9.77	40.195
complex.1878.pdb	0.0	21.951	68.833
complex.1879.pdb	0.0606061	13.03	37.124
complex.1880.pdb	0.0606061	7.528	49.389
complex.1881.pdb	0.0909091	12.628	67.637
complex.1882.pdb	0.0	28.83	53.572
complex.1883.pdb	0.0	12.817	78.819
complex.1884.pdb	0.030303	5.879	54.821
complex.1885.pdb	0.0	15.407	68.609
complex.1886.pdb	0.0	10.445	56.871
complex.1887.pdb	0.0151515	11.667	40.496
complex.1888.pdb	0.0	13.895	65.683
complex.1889.pdb	0.0	15.039	83.701
complex.1890.pdb	0.0757576	7.572	42.556
complex.1891.pdb	0.0	13.175	73.274
complex.1892.pdb	0.0757576	14.077	74.856
complex.1893.pdb	0.636364	2.27	11.7
complex.1894.pdb	0.030303	7.951	62.675
complex.1895.pdb	0.0151515	8.227	49.972
complex.1896.pdb	0.0	21.397	65.111
complex.1897.pdb	0.0	18.661	54.564
complex.1898.pdb	0.0	8.233	68.831
complex.1899.pdb	0.0909091	14.312	52.497
complex.1900.pdb	0.0606061	10.733	74.604
complex.1901.pdb	0.0	22.354	52.303
complex.1902.pdb	0.0757576	16.227	60.065
complex.1903.pdb	0.0	17.725	105.182
complex.1904.pdb	0.0	16.21	81.65
complex.1905.pdb	0.651515	2.586	12.904
complex.1906.pdb	0.0	14.005	78.277
complex.1907.pdb	0.0151515	10.912	63.487
complex.1908.pdb	0.121212	6.324	40.864
complex.1909.pdb	0.0	12.65	54.452
complex.1910.pdb	0.0	11.905	64.312
complex.1911.pdb	0.0	14.966	46.287
complex.1912.pdb	0.0	19.953	56.654
complex.1913.pdb	0.0	18.522	90.436
complex.1914.pdb	0.0	19.281	40.956
complex.1915.pdb	0.121212	5.741	43.303
complex.1916.pdb	0.0454545	14.813	78.898
complex.1917.pdb	0.0	18.396	56.607
complex.1918.pdb	0.0	16.845	47.858
complex.1919.pdb	0.030303	14.085	48.335
complex.1920.pdb	0.0	18.964	47.885
complex.1921.pdb	0.0	13.467	28.331
complex.1922.pdb	0.0	19.745	63.241
complex.1923.pdb	0.0	14.884	31.174
complex.1924.pdb	0.0454545	6.906	58.607
complex.1925.pdb	0.0	17.445	40.234
complex.1926.pdb	0.0	20.224	90.086
complex.1927.pdb	0.0	20.779	45.982
complex.1928.pdb	0.0	16.3	74.307
complex.1929.pdb	0.0	10.125	42.225
complex.1930.pdb	0.0	18.966	51.012
complex.1931.pdb	0.227273	7.94	27.188
complex.1932.pdb	0.0	18.107	48.603
complex.1933.pdb	0.0	20.367	55.673
complex.1934.pdb	0.0	16.398	59.52
complex.1935.pdb	0.0909091	12.655	50.154
complex.1936.pdb	0.0	12.409	84.867
complex.1937.pdb	0.0	18.454	66.364
complex.1938.pdb	0.106061	11.721	41.724
complex.1939.pdb	0.0	14.136	49.097
complex.1940.pdb	0.030303	12.838	74.027
complex.1941.pdb	0.106061	13.918	44.879
complex.1942.pdb	0.0	14.122	41.218
complex.1943.pdb	0.151515	10.701	43.318
complex.1944.pdb	0.0454545	9.128	42.947
complex.1945.pdb	0.0	13.64	64.691
complex.1946.pdb	0.0	23.788	52.308
complex.1947.pdb	0.0	13.312	82.236
complex.1948.pdb	0.0	22.299	74.759
complex.1949.pdb	0.0	16.977	96.425
complex.1950.pdb	0.0	13.827	43.177
complex.1951.pdb	0.0	22.944	100.219
complex.1952.pdb	0.0	13.983	74.642
complex.1953.pdb	0.378788	4.58	18.17
complex.1954.pdb	0.0454545	8.749	45.066
complex.1955.pdb	0.0	13.17	40.51
complex.1956.pdb	0.106061	13.197	48.576
complex.1957.pdb	0.0	15.751	58.565
complex.1958.pdb	0.0	8.803	69.434
complex.1959.pdb	0.0	32.798	75.763
complex.1960.pdb	0.136364	8.844	37.875
complex.1961.pdb	0.030303	12.844	27.329
complex.1962.pdb	0.0	9.08	64.936
complex.1963.pdb	0.0	16.008	87.661
complex.1964.pdb	0.0	12.698	59.868
complex.1965.pdb	0.0	14.103	77.455
complex.1966.pdb	0.0	15.222	79.396
complex.1967.pdb	0.0	11.004	83.864
complex.1968.pdb	0.0	15.357	56.801
complex.1969.pdb	0.0	29.306	68.593
complex.1970.pdb	0.0	20.717	49.721
complex.1971.pdb	0.181818	5.664	40.525
complex.1972.pdb	0.0	11.098	70.871
complex.1973.pdb	0.106061	8.959	43.47
complex.1974.pdb	0.0	25.07	74.582
complex.1975.pdb	0.0	21.182	83.388
complex.1976.pdb	0.0	24.635	68.545
complex.1977.pdb	0.136364	10.933	47.284
complex.1978.pdb	0.0	17.41	48.649
complex.1979.pdb	0.0	20.366	73.588
complex.1980.pdb	0.0	14.065	81.393
complex.1981.pdb	0.030303	13.135	58.849
complex.1982.pdb	0.0	15.214	32.12
complex.1983.pdb	0.106061	12.701	45.071
complex.1984.pdb	0.0	17.115	42.277
complex.1985.pdb	0.0	19.612	44.681
complex.1986.pdb	0.0	14.406	86.046
complex.1987.pdb	0.0	20.515	44.653
complex.1988.pdb	0.0	15.585	85.487
complex.1989.pdb	0.0151515	13.472	35.041
complex.1990.pdb	0.0	13.898	45.045
complex.1991.pdb	0.0	14.902	35.597
complex.1992.pdb	0.0	19.06	50.975
complex.1993.pdb	0.0151515	9.623	51.323
complex.1994.pdb	0.0	19.28	59.414
complex.1995.pdb	0.0909091	13.226	68.789
complex.1996.pdb	0.0151515	15.062	40.273
complex.1997.pdb	0.0	9.468	48.526
complex.1998.pdb	0.0	21.291	76.678
complex.1999.pdb	0.0	25.364	63.227
complex.2000.pdb	0.0	8.271	66.578
