complex.1.pdb	0	13.642	42.684
complex.2.pdb	0	15.901	41.681
complex.3.pdb	0	16.495	41.761
complex.4.pdb	0.0289855	23.739	63.086
complex.5.pdb	0.00724638	25.101	52.828
complex.6.pdb	0	17.460	52.343
complex.7.pdb	0.00724638	24.300	63.668
complex.8.pdb	0	17.267	56.290
complex.9.pdb	0.0144928	24.754	55.179
complex.10.pdb	0.0144928	25.393	60.170
complex.11.pdb	0	16.798	49.450
complex.12.pdb	0	14.180	44.770
complex.13.pdb	0.057971	14.214	45.456
complex.14.pdb	0	17.950	50.928
complex.15.pdb	0.0144928	24.969	57.968
complex.16.pdb	0	15.354	39.579
complex.17.pdb	0.0144928	24.341	54.217
complex.18.pdb	0.0144928	22.402	62.566
complex.19.pdb	0.00724638	18.066	43.413
complex.20.pdb	0	12.356	36.658
complex.21.pdb	0	16.229	41.434
complex.22.pdb	0.0652174	6.100	22.088
complex.23.pdb	0	29.685	47.487
complex.24.pdb	0	15.400	47.328
complex.25.pdb	0.0217391	23.749	57.520
complex.26.pdb	0.00724638	25.587	50.944
complex.27.pdb	0.0144928	19.893	51.185
complex.28.pdb	0	29.824	49.663
complex.29.pdb	0.0144928	23.808	56.192
complex.30.pdb	0.0289855	19.382	49.319
complex.31.pdb	0.0144928	24.354	52.070
complex.32.pdb	0.00724638	16.103	42.507
complex.33.pdb	0	20.999	55.882
complex.34.pdb	0	17.080	53.542
complex.35.pdb	0	17.921	55.832
complex.36.pdb	0	13.063	39.132
complex.37.pdb	0	10.840	33.173
complex.38.pdb	0.0144928	25.065	52.028
complex.39.pdb	0	17.836	40.861
complex.40.pdb	0	16.187	39.006
complex.41.pdb	0.00724638	20.732	54.259
complex.42.pdb	0.0289855	23.086	59.993
complex.43.pdb	0.00724638	17.576	49.808
complex.44.pdb	0	15.635	40.128
complex.45.pdb	0.0217391	24.702	53.901
complex.46.pdb	0	16.836	51.858
complex.47.pdb	0	12.766	34.461
complex.48.pdb	0	14.827	36.589
complex.49.pdb	0.00724638	24.772	55.434
complex.50.pdb	0	14.379	41.716
complex.51.pdb	0.00724638	13.863	35.115
complex.52.pdb	0.00724638	24.531	59.493
complex.53.pdb	0	30.113	50.067
complex.54.pdb	0	13.946	48.299
complex.55.pdb	0.0217391	24.134	61.335
complex.56.pdb	0.0362319	17.226	44.896
complex.57.pdb	0.0434783	18.859	44.118
complex.58.pdb	0	30.985	55.841
complex.59.pdb	0.00724638	19.596	58.226
complex.60.pdb	0	30.330	52.854
complex.61.pdb	0.00724638	25.306	54.475
complex.62.pdb	0	15.835	46.033
complex.63.pdb	0	14.528	46.187
complex.64.pdb	0	20.917	30.072
complex.65.pdb	0	17.989	54.171
complex.66.pdb	0	25.041	39.134
complex.67.pdb	0	24.771	38.527
complex.68.pdb	0	20.281	51.428
complex.69.pdb	0.00724638	20.933	55.035
complex.70.pdb	0.0362319	18.166	43.061
complex.71.pdb	0	19.614	53.509
complex.72.pdb	0	18.133	54.683
complex.73.pdb	0	19.366	53.149
complex.74.pdb	0.0144928	17.338	37.494
complex.75.pdb	0	16.073	53.938
complex.76.pdb	0	14.676	41.993
complex.77.pdb	0.00724638	21.645	55.661
complex.78.pdb	0	22.889	47.730
complex.79.pdb	0	20.720	51.741
complex.80.pdb	0.0144928	22.337	62.482
complex.81.pdb	0	28.771	45.533
complex.82.pdb	0.0217391	22.689	65.684
complex.83.pdb	0.0362319	17.611	50.375
complex.84.pdb	0	23.066	43.064
complex.85.pdb	0	16.276	44.894
complex.86.pdb	0	15.781	44.306
complex.87.pdb	0	15.589	38.521
complex.88.pdb	0	14.479	37.432
complex.89.pdb	0	14.000	41.553
complex.90.pdb	0.0797101	4.852	16.750
complex.91.pdb	0	21.399	60.139
complex.92.pdb	0	17.705	49.019
complex.93.pdb	0.0289855	15.558	40.971
complex.94.pdb	0	21.826	34.680
complex.95.pdb	0	20.322	35.690
complex.96.pdb	0	15.956	45.155
complex.97.pdb	0.00724638	21.525	57.502
complex.98.pdb	0	13.178	51.212
complex.99.pdb	0	15.419	38.600
complex.100.pdb	0	21.261	50.535
complex.101.pdb	0	35.305	53.696
complex.102.pdb	0.0289855	13.658	40.116
complex.103.pdb	0	16.657	51.234
complex.104.pdb	0	17.911	62.585
complex.105.pdb	0	15.688	44.933
complex.106.pdb	0	27.686	58.459
complex.107.pdb	0	16.579	47.149
complex.108.pdb	0	22.653	52.954
complex.109.pdb	0.0144928	20.302	55.565
complex.110.pdb	0.00724638	13.599	37.835
complex.111.pdb	0	21.518	53.294
complex.112.pdb	0	25.828	55.506
complex.113.pdb	0	20.640	30.543
complex.114.pdb	0.0144928	16.703	40.405
complex.115.pdb	0	20.519	50.971
complex.116.pdb	0.0144928	23.201	66.187
complex.117.pdb	0	11.312	34.011
complex.118.pdb	0.0144928	20.533	56.834
complex.119.pdb	0.0217391	23.181	53.508
complex.120.pdb	0	24.609	60.630
complex.121.pdb	0	23.307	39.000
complex.122.pdb	0	10.923	38.334
complex.123.pdb	0	13.868	36.438
complex.124.pdb	0	21.812	53.233
complex.125.pdb	0.0942029	3.928	8.475
complex.126.pdb	0	29.471	55.302
complex.127.pdb	0	25.743	52.042
complex.128.pdb	0.0144928	19.844	59.605
complex.129.pdb	0	19.295	52.963
complex.130.pdb	0.0217391	9.178	29.879
complex.131.pdb	0	20.964	42.935
complex.132.pdb	0.0217391	15.104	38.002
complex.133.pdb	0	16.115	38.086
complex.134.pdb	0.00724638	21.628	53.001
complex.135.pdb	0	26.112	57.620
complex.136.pdb	0	21.665	39.113
complex.137.pdb	0.00724638	12.669	38.403
complex.138.pdb	0.0144928	15.382	37.449
complex.139.pdb	0.00724638	24.759	57.397
complex.140.pdb	0	29.302	52.493
complex.141.pdb	0	13.764	49.237
complex.142.pdb	0	17.359	54.321
complex.143.pdb	0.0144928	9.536	21.315
complex.144.pdb	0.0362319	17.100	41.639
complex.145.pdb	0	20.345	35.605
complex.146.pdb	0	23.607	46.142
complex.147.pdb	0	14.031	36.827
complex.148.pdb	0	15.444	37.067
complex.149.pdb	0	20.072	53.756
complex.150.pdb	0	20.047	51.692
complex.151.pdb	0.0144928	25.465	51.035
complex.152.pdb	0.0289855	16.149	45.556
complex.153.pdb	0	23.755	41.908
complex.154.pdb	0	22.668	33.043
complex.155.pdb	0	18.309	50.168
complex.156.pdb	0	27.730	50.795
complex.157.pdb	0.0289855	14.242	34.947
complex.158.pdb	0	27.155	46.949
complex.159.pdb	0.00724638	20.377	56.730
complex.160.pdb	0	14.502	39.289
complex.161.pdb	0	29.311	52.921
complex.162.pdb	0.00724638	17.788	42.887
complex.163.pdb	0	26.149	43.885
complex.164.pdb	0	22.691	50.288
complex.165.pdb	0.0217391	21.171	55.570
complex.166.pdb	0.0144928	24.181	54.246
complex.167.pdb	0	24.230	44.567
complex.168.pdb	0	29.478	46.887
complex.169.pdb	0.0144928	24.091	55.010
complex.170.pdb	0	16.917	48.789
complex.171.pdb	0	24.435	43.989
complex.172.pdb	0	30.593	56.696
complex.173.pdb	0.0144928	24.845	49.941
complex.174.pdb	0	24.431	50.035
complex.175.pdb	0	27.807	56.391
complex.176.pdb	0	17.696	45.064
complex.177.pdb	0	27.127	53.509
complex.178.pdb	0	25.062	59.474
complex.179.pdb	0	13.746	41.120
complex.180.pdb	0	26.326	67.885
complex.181.pdb	0	22.713	49.591
complex.182.pdb	0	26.172	57.510
complex.183.pdb	0.0289855	8.450	20.363
complex.184.pdb	0.0144928	19.763	49.403
complex.185.pdb	0.0362319	21.838	67.126
complex.186.pdb	0.0144928	23.634	57.932
complex.187.pdb	0	32.656	58.324
complex.188.pdb	0	23.568	50.637
complex.189.pdb	0	26.873	56.956
complex.190.pdb	0	28.773	58.348
complex.191.pdb	0	14.689	41.107
complex.192.pdb	0	14.369	38.316
complex.193.pdb	0	18.022	48.519
complex.194.pdb	0	22.812	50.188
complex.195.pdb	0	23.768	37.385
complex.196.pdb	0.0289855	15.990	46.144
complex.197.pdb	0	31.366	52.673
complex.198.pdb	0	15.292	38.754
complex.199.pdb	0	16.806	52.333
complex.200.pdb	0.0144928	23.462	58.414
complex.201.pdb	0.0144928	18.391	40.147
complex.202.pdb	0.0289855	12.353	44.119
complex.203.pdb	0	28.851	44.995
complex.204.pdb	0	16.320	42.947
complex.205.pdb	0	18.151	45.809
complex.206.pdb	0	26.453	50.947
complex.207.pdb	0	26.561	42.769
complex.208.pdb	0	16.339	48.020
complex.209.pdb	0	15.295	44.991
complex.210.pdb	0	14.947	38.052
complex.211.pdb	0	16.690	53.325
complex.212.pdb	0.0144928	13.430	33.527
complex.213.pdb	0	20.848	53.927
complex.214.pdb	0.057971	5.943	23.562
complex.215.pdb	0	20.322	31.854
complex.216.pdb	0.0144928	23.453	59.131
complex.217.pdb	0.0144928	19.880	59.629
complex.218.pdb	0	25.674	57.457
complex.219.pdb	0	30.053	48.717
complex.220.pdb	0.00724638	23.731	63.452
complex.221.pdb	0.0144928	24.112	60.133
complex.222.pdb	0.0144928	23.623	60.294
complex.223.pdb	0	18.191	48.689
complex.224.pdb	0	18.090	59.601
complex.225.pdb	0	22.259	48.564
complex.226.pdb	0.0144928	15.448	37.351
complex.227.pdb	0	23.817	39.652
complex.228.pdb	0	14.335	49.091
complex.229.pdb	0.0217391	24.438	55.093
complex.230.pdb	0	27.177	57.466
complex.231.pdb	0	15.001	48.310
complex.232.pdb	0	22.765	43.758
complex.233.pdb	0	32.823	56.804
complex.234.pdb	0	29.421	53.508
complex.235.pdb	0	28.806	47.511
complex.236.pdb	0	17.139	48.266
complex.237.pdb	0	22.464	47.234
complex.238.pdb	0	17.926	51.362
complex.239.pdb	0	18.181	49.181
complex.240.pdb	0.0289855	22.540	59.833
complex.241.pdb	0.0217391	19.450	54.773
complex.242.pdb	0	27.973	54.747
complex.243.pdb	0	13.719	38.747
complex.244.pdb	0	19.587	55.907
complex.245.pdb	0	20.857	37.676
complex.246.pdb	0	12.863	36.540
complex.247.pdb	0	21.912	49.947
complex.248.pdb	0	26.225	63.496
complex.249.pdb	0	21.096	54.142
complex.250.pdb	0	26.025	52.459
complex.251.pdb	0	24.520	52.834
complex.252.pdb	0	22.651	50.156
complex.253.pdb	0	22.532	39.001
complex.254.pdb	0.0507246	6.365	24.238
complex.255.pdb	0	15.494	36.246
complex.256.pdb	0	30.069	56.437
complex.257.pdb	0.0144928	9.792	26.921
complex.258.pdb	0	29.713	50.285
complex.259.pdb	0	22.201	42.504
complex.260.pdb	0	18.496	54.218
complex.261.pdb	0	19.940	53.736
complex.262.pdb	0	27.161	48.662
complex.263.pdb	0.0434783	16.391	44.675
complex.264.pdb	0	16.283	42.478
complex.265.pdb	0.0144928	17.958	41.542
complex.266.pdb	0.0217391	19.287	50.349
complex.267.pdb	0.00724638	10.960	32.275
complex.268.pdb	0	33.321	58.970
complex.269.pdb	0	15.081	48.989
complex.270.pdb	0.00724638	23.454	57.020
complex.271.pdb	0	23.704	60.516
complex.272.pdb	0	17.608	54.285
complex.273.pdb	0	17.968	49.741
complex.274.pdb	0	23.485	59.427
complex.275.pdb	0	30.808	58.342
complex.276.pdb	0	32.502	55.149
complex.277.pdb	0	24.579	45.658
complex.278.pdb	0	12.806	43.401
complex.279.pdb	0	15.881	41.084
complex.280.pdb	0	29.393	52.657
complex.281.pdb	0	22.136	58.191
complex.282.pdb	0	33.872	65.044
complex.283.pdb	0	27.074	52.616
complex.284.pdb	0	29.544	56.356
complex.285.pdb	0	27.299	60.311
complex.286.pdb	0	25.936	41.461
complex.287.pdb	0	17.011	50.394
complex.288.pdb	0	27.361	44.871
complex.289.pdb	0	11.734	35.401
complex.290.pdb	0	30.183	50.461
complex.291.pdb	0	17.899	51.442
complex.292.pdb	0	13.622	49.818
complex.293.pdb	0	25.677	55.438
complex.294.pdb	0	18.642	53.845
complex.295.pdb	0	26.067	55.467
complex.296.pdb	0	20.988	55.377
complex.297.pdb	0	27.231	41.237
complex.298.pdb	0.0362319	17.319	48.768
complex.299.pdb	0.00724638	8.058	40.341
complex.300.pdb	0	14.600	40.987
complex.301.pdb	0	19.075	54.168
complex.302.pdb	0	22.806	36.069
complex.303.pdb	0	25.228	42.021
complex.304.pdb	0	20.827	41.650
complex.305.pdb	0.0434783	18.155	44.612
complex.306.pdb	0.0217391	23.484	64.628
complex.307.pdb	0	26.229	50.040
complex.308.pdb	0	13.143	44.073
complex.309.pdb	0	17.304	55.836
complex.310.pdb	0	15.929	45.864
complex.311.pdb	0	11.929	42.796
complex.312.pdb	0	20.433	55.470
complex.313.pdb	0.00724638	12.342	38.319
complex.314.pdb	0	23.121	33.826
complex.315.pdb	0	30.641	60.563
complex.316.pdb	0.0144928	20.937	51.792
complex.317.pdb	0.0217391	17.962	52.932
complex.318.pdb	0.0144928	22.309	62.826
complex.319.pdb	0	17.786	49.405
complex.320.pdb	0	22.163	51.456
complex.321.pdb	0.057971	4.794	11.947
complex.322.pdb	0	18.569	56.156
complex.323.pdb	0	15.884	45.028
complex.324.pdb	0	21.485	42.562
complex.325.pdb	0.0289855	22.019	61.603
complex.326.pdb	0.0507246	17.505	46.420
complex.327.pdb	0.00724638	18.451	60.436
complex.328.pdb	0	30.013	49.323
complex.329.pdb	0	23.979	41.012
complex.330.pdb	0.00724638	23.705	66.170
complex.331.pdb	0	20.537	31.074
complex.332.pdb	0	24.885	46.209
complex.333.pdb	0	25.579	51.360
complex.334.pdb	0	30.104	52.831
complex.335.pdb	0	30.599	50.517
complex.336.pdb	0.0217391	10.191	26.554
complex.337.pdb	0	29.475	57.359
complex.338.pdb	0	29.001	65.406
complex.339.pdb	0	30.395	51.736
complex.340.pdb	0	22.606	56.158
complex.341.pdb	0.00724638	14.229	51.661
complex.342.pdb	0	23.584	37.697
complex.343.pdb	0.0144928	22.665	62.826
complex.344.pdb	0	24.157	48.318
complex.345.pdb	0	18.282	46.910
complex.346.pdb	0	16.344	46.107
complex.347.pdb	0	22.378	62.502
complex.348.pdb	0	29.689	117.408
complex.349.pdb	0	27.480	53.734
complex.350.pdb	0	28.547	57.998
complex.351.pdb	0	19.767	50.114
complex.352.pdb	0	25.242	47.425
complex.353.pdb	0	19.372	41.416
complex.354.pdb	0	14.362	39.094
complex.355.pdb	0	24.082	44.626
complex.356.pdb	0	23.949	54.244
complex.357.pdb	0	17.430	50.249
complex.358.pdb	0	26.799	51.025
complex.359.pdb	0	20.479	32.196
complex.360.pdb	0.00724638	17.958	53.946
complex.361.pdb	0	18.710	43.788
complex.362.pdb	0	30.380	52.049
complex.363.pdb	0.0217391	20.074	54.737
complex.364.pdb	0	26.561	46.701
complex.365.pdb	0	17.746	49.205
complex.366.pdb	0.00724638	13.847	46.087
complex.367.pdb	0	30.388	56.745
complex.368.pdb	0	35.456	52.400
complex.369.pdb	0.0144928	15.581	46.477
complex.370.pdb	0.0507246	19.032	48.664
complex.371.pdb	0	9.950	32.432
complex.372.pdb	0	23.171	64.651
complex.373.pdb	0	16.830	52.519
complex.374.pdb	0.0144928	19.011	56.508
complex.375.pdb	0	23.297	39.319
complex.376.pdb	0.0144928	22.956	55.440
complex.377.pdb	0	20.565	34.750
complex.378.pdb	0	17.472	57.718
complex.379.pdb	0	25.088	49.469
complex.380.pdb	0	30.894	56.703
complex.381.pdb	0.00724638	19.723	42.844
complex.382.pdb	0	15.451	46.517
complex.383.pdb	0	29.224	50.208
complex.384.pdb	0	15.339	45.592
complex.385.pdb	0.0144928	22.818	61.611
complex.386.pdb	0	24.721	44.467
complex.387.pdb	0	27.026	42.839
complex.388.pdb	0	16.995	43.877
complex.389.pdb	0.0144928	23.980	58.865
complex.390.pdb	0.0144928	25.592	57.061
complex.391.pdb	0	27.129	58.440
complex.392.pdb	0	17.447	50.628
complex.393.pdb	0	16.053	38.432
complex.394.pdb	0	31.574	47.516
complex.395.pdb	0	30.546	58.418
complex.396.pdb	0.0144928	24.014	51.116
complex.397.pdb	0	18.713	53.564
complex.398.pdb	0	21.957	61.746
complex.399.pdb	0	18.755	40.204
complex.400.pdb	0	35.346	74.544
complex.401.pdb	0	20.742	42.252
complex.402.pdb	0	30.924	47.929
complex.403.pdb	0	14.393	37.450
complex.404.pdb	0	32.300	53.152
complex.405.pdb	0	20.110	33.367
complex.406.pdb	0	13.827	51.467
complex.407.pdb	0	30.274	60.628
complex.408.pdb	0	24.730	43.883
complex.409.pdb	0	22.399	33.004
complex.410.pdb	0	30.994	56.929
complex.411.pdb	0	23.857	54.869
complex.412.pdb	0	25.579	56.256
complex.413.pdb	0	32.716	52.559
complex.414.pdb	0	16.150	44.607
complex.415.pdb	0	30.813	59.089
complex.416.pdb	0	24.206	43.431
complex.417.pdb	0	30.898	53.371
complex.418.pdb	0	27.219	55.296
complex.419.pdb	0	22.254	32.555
complex.420.pdb	0	32.706	48.513
complex.421.pdb	0	26.685	55.354
complex.422.pdb	0	16.804	53.504
complex.423.pdb	0.0652174	14.963	40.744
complex.424.pdb	0	24.543	56.461
complex.425.pdb	0	15.330	37.165
complex.426.pdb	0	14.805	43.496
complex.427.pdb	0	17.860	36.971
complex.428.pdb	0	30.836	49.034
complex.429.pdb	0.00724638	21.785	52.715
complex.430.pdb	0	14.681	49.670
complex.431.pdb	0.0144928	12.595	50.183
complex.432.pdb	0	25.040	41.923
complex.433.pdb	0	18.099	49.527
complex.434.pdb	0	22.897	36.539
complex.435.pdb	0.00724638	11.469	33.370
complex.436.pdb	0	29.130	63.297
complex.437.pdb	0	25.346	61.024
complex.438.pdb	0	17.123	48.141
complex.439.pdb	0	24.561	60.535
complex.440.pdb	0	26.875	53.366
complex.441.pdb	0	22.866	52.097
complex.442.pdb	0	22.140	43.597
complex.443.pdb	0	24.750	39.589
complex.444.pdb	0.0434783	15.499	48.525
complex.445.pdb	0	23.167	44.891
complex.446.pdb	0	13.204	37.276
complex.447.pdb	0	35.183	69.169
complex.448.pdb	0.0144928	24.539	50.600
complex.449.pdb	0.00724638	20.778	49.987
complex.450.pdb	0	16.995	44.991
complex.451.pdb	0	33.764	51.753
complex.452.pdb	0.00724638	10.533	30.099
complex.453.pdb	0	20.525	41.871
complex.454.pdb	0	16.260	50.652
complex.455.pdb	0	19.598	51.936
complex.456.pdb	0	31.127	50.379
complex.457.pdb	0	33.528	48.291
complex.458.pdb	0	24.328	64.067
complex.459.pdb	0	27.614	57.556
complex.460.pdb	0	23.037	44.158
complex.461.pdb	0.0144928	15.459	44.847
complex.462.pdb	0	26.652	56.602
complex.463.pdb	0.0144928	21.292	54.563
complex.464.pdb	0	17.013	53.210
complex.465.pdb	0	26.758	49.209
complex.466.pdb	0	13.515	36.169
complex.467.pdb	0	24.938	55.515
complex.468.pdb	0	25.833	47.343
complex.469.pdb	0	33.620	49.464
complex.470.pdb	0	20.917	37.701
complex.471.pdb	0	15.027	52.243
complex.472.pdb	0	26.208	43.284
complex.473.pdb	0	20.493	55.371
complex.474.pdb	0	23.607	44.541
complex.475.pdb	0	16.339	40.860
complex.476.pdb	0	28.231	51.881
complex.477.pdb	0	21.908	35.635
complex.478.pdb	0	32.278	48.006
complex.479.pdb	0	28.868	45.677
complex.480.pdb	0	25.686	48.192
complex.481.pdb	0	25.932	44.403
complex.482.pdb	0	30.567	64.725
complex.483.pdb	0	33.239	47.794
complex.484.pdb	0	30.511	49.170
complex.485.pdb	0	14.193	42.101
complex.486.pdb	0	26.468	51.793
complex.487.pdb	0	22.613	33.614
complex.488.pdb	0.166667	3.392	10.609
complex.489.pdb	0	19.205	37.980
complex.490.pdb	0	22.698	40.969
complex.491.pdb	0	20.931	38.599
complex.492.pdb	0	22.906	42.928
complex.493.pdb	0	24.918	42.104
complex.494.pdb	0	24.146	41.342
complex.495.pdb	0	29.483	51.072
complex.496.pdb	0	22.425	47.400
complex.497.pdb	0.0144928	15.874	53.493
complex.498.pdb	0	23.714	46.176
complex.499.pdb	0	23.039	58.667
complex.500.pdb	0	26.168	61.819
complex.501.pdb	0	16.767	53.184
complex.502.pdb	0	23.302	35.235
complex.503.pdb	0	26.614	49.477
complex.504.pdb	0	26.275	61.316
complex.505.pdb	0	22.855	58.966
complex.506.pdb	0	25.310	60.811
complex.507.pdb	0	23.498	42.915
complex.508.pdb	0	30.169	49.095
complex.509.pdb	0	25.736	44.070
complex.510.pdb	0	15.923	40.172
complex.511.pdb	0	34.812	48.633
complex.512.pdb	0.00724638	11.192	25.615
complex.513.pdb	0	30.468	51.895
complex.514.pdb	0	28.479	54.217
complex.515.pdb	0	25.110	48.266
complex.516.pdb	0	16.945	46.147
complex.517.pdb	0	25.400	53.734
complex.518.pdb	0	27.311	42.647
complex.519.pdb	0	23.271	44.221
complex.520.pdb	0.0144928	21.379	50.363
complex.521.pdb	0	27.325	42.188
complex.522.pdb	0	29.408	56.055
complex.523.pdb	0	29.600	45.981
complex.524.pdb	0	32.285	47.560
complex.525.pdb	0	28.343	42.214
complex.526.pdb	0	30.693	118.595
complex.527.pdb	0	13.883	45.519
complex.528.pdb	0	32.161	50.617
complex.529.pdb	0.0289855	18.449	47.363
complex.530.pdb	0	28.678	48.729
complex.531.pdb	0	25.322	44.623
complex.532.pdb	0.0652174	8.889	32.082
complex.533.pdb	0	23.459	44.646
complex.534.pdb	0	15.500	35.693
complex.535.pdb	0	21.754	39.457
complex.536.pdb	0	23.647	52.411
complex.537.pdb	0	21.878	41.148
complex.538.pdb	0	24.446	75.251
complex.539.pdb	0	21.545	49.969
complex.540.pdb	0	22.237	39.534
complex.541.pdb	0	26.052	46.178
complex.542.pdb	0	23.710	44.307
complex.543.pdb	0	29.495	55.560
complex.544.pdb	0	27.447	58.917
complex.545.pdb	0.00724638	24.238	55.823
complex.546.pdb	0	23.378	40.295
complex.547.pdb	0	25.655	40.495
complex.548.pdb	0	15.949	50.395
complex.549.pdb	0	18.779	37.888
complex.550.pdb	0	22.555	62.889
complex.551.pdb	0	24.618	35.762
complex.552.pdb	0	15.809	42.029
complex.553.pdb	0.0144928	15.938	34.360
complex.554.pdb	0	15.669	48.926
complex.555.pdb	0.0724638	12.501	41.305
complex.556.pdb	0.0217391	11.834	26.493
complex.557.pdb	0	22.035	60.293
complex.558.pdb	0	21.813	50.798
complex.559.pdb	0	28.377	45.282
complex.560.pdb	0	13.863	27.680
complex.561.pdb	0	22.590	44.071
complex.562.pdb	0	24.891	47.077
complex.563.pdb	0	21.170	45.022
complex.564.pdb	0	12.391	39.884
complex.565.pdb	0	22.757	37.885
complex.566.pdb	0	26.568	46.109
complex.567.pdb	0	28.911	49.042
complex.568.pdb	0	28.646	44.979
complex.569.pdb	0	30.332	49.662
complex.570.pdb	0	22.875	47.475
complex.571.pdb	0	30.480	55.689
complex.572.pdb	0	25.125	47.046
complex.573.pdb	0	23.734	47.326
complex.574.pdb	0	22.143	48.432
complex.575.pdb	0	35.824	50.869
complex.576.pdb	0	23.132	37.413
complex.577.pdb	0	24.177	55.931
complex.578.pdb	0	26.828	45.745
complex.579.pdb	0	32.121	60.833
complex.580.pdb	0	25.901	63.443
complex.581.pdb	0	24.181	58.483
complex.582.pdb	0	29.268	54.815
complex.583.pdb	0	16.938	50.606
complex.584.pdb	0	21.584	37.826
complex.585.pdb	0	27.469	59.655
complex.586.pdb	0	29.398	47.833
complex.587.pdb	0	23.150	45.400
complex.588.pdb	0.0289855	17.466	53.796
complex.589.pdb	0	22.529	55.693
complex.590.pdb	0	25.144	56.225
complex.591.pdb	0.00724638	16.033	39.231
complex.592.pdb	0	16.167	38.767
complex.593.pdb	0	31.763	52.200
complex.594.pdb	0.0652174	7.403	27.749
complex.595.pdb	0	16.494	51.657
complex.596.pdb	0	22.760	50.575
complex.597.pdb	0	25.461	57.350
complex.598.pdb	0	23.301	55.375
complex.599.pdb	0	28.890	50.237
complex.600.pdb	0	30.124	51.372
complex.601.pdb	0	17.376	58.181
complex.602.pdb	0	15.196	34.488
complex.603.pdb	0	33.852	52.580
complex.604.pdb	0	14.590	37.585
complex.605.pdb	0	26.886	43.163
complex.606.pdb	0	26.078	74.375
complex.607.pdb	0	29.512	71.560
complex.608.pdb	0	16.643	48.498
complex.609.pdb	0	20.941	45.874
complex.610.pdb	0	21.524	54.970
complex.611.pdb	0	25.339	40.726
complex.612.pdb	0.00724638	23.728	55.115
complex.613.pdb	0	26.092	44.428
complex.614.pdb	0	27.297	47.036
complex.615.pdb	0	20.759	39.280
complex.616.pdb	0	27.015	53.972
complex.617.pdb	0	26.967	64.153
complex.618.pdb	0	14.128	42.988
complex.619.pdb	0	25.360	49.642
complex.620.pdb	0	17.045	45.761
complex.621.pdb	0	27.479	44.835
complex.622.pdb	0	34.783	59.797
complex.623.pdb	0.00724638	23.966	54.905
complex.624.pdb	0	11.744	37.846
complex.625.pdb	0	25.440	53.147
complex.626.pdb	0	28.796	54.073
complex.627.pdb	0	24.557	41.765
complex.628.pdb	0	27.022	44.605
complex.629.pdb	0	24.490	39.099
complex.630.pdb	0	23.369	56.353
complex.631.pdb	0	23.925	58.124
complex.632.pdb	0	18.860	48.923
complex.633.pdb	0	15.021	56.606
complex.634.pdb	0	30.809	50.799
complex.635.pdb	0	24.908	44.638
complex.636.pdb	0	21.856	48.948
complex.637.pdb	0	26.394	57.036
complex.638.pdb	0.00724638	19.048	55.718
complex.639.pdb	0.00724638	22.751	54.576
complex.640.pdb	0.0144928	23.021	65.967
complex.641.pdb	0	32.378	56.591
complex.642.pdb	0	14.157	29.875
complex.643.pdb	0	10.648	43.853
complex.644.pdb	0	16.334	37.382
complex.645.pdb	0	25.824	54.715
complex.646.pdb	0.0217391	14.012	34.974
complex.647.pdb	0.0144928	18.886	62.253
complex.648.pdb	0	28.587	48.523
complex.649.pdb	0	31.383	52.891
complex.650.pdb	0	28.839	54.693
complex.651.pdb	0	25.264	47.402
complex.652.pdb	0	22.994	55.941
complex.653.pdb	0	13.724	46.878
complex.654.pdb	0	31.409	55.139
complex.655.pdb	0.0144928	19.929	55.152
complex.656.pdb	0.0507246	5.340	21.871
complex.657.pdb	0	32.539	52.716
complex.658.pdb	0	31.194	53.155
complex.659.pdb	0	23.463	55.692
complex.660.pdb	0.115942	4.737	17.205
complex.661.pdb	0.00724638	13.853	30.508
complex.662.pdb	0.00724638	23.373	59.732
complex.663.pdb	0.00724638	20.718	56.643
complex.664.pdb	0	21.883	44.424
complex.665.pdb	0.0217391	19.632	61.142
complex.666.pdb	0	22.839	32.168
complex.667.pdb	0	20.971	39.048
complex.668.pdb	0	23.084	39.531
complex.669.pdb	0	30.736	54.861
complex.670.pdb	0.0144928	19.239	42.043
complex.671.pdb	0	23.084	46.581
complex.672.pdb	0	22.772	42.225
complex.673.pdb	0	20.627	48.245
complex.674.pdb	0	33.602	53.488
complex.675.pdb	0.0289855	13.238	43.082
complex.676.pdb	0	18.192	48.264
complex.677.pdb	0	32.361	52.573
complex.678.pdb	0	17.282	46.329
complex.679.pdb	0	14.429	40.168
complex.680.pdb	0	21.490	39.110
complex.681.pdb	0	23.787	40.123
complex.682.pdb	0	26.555	40.672
complex.683.pdb	0	14.123	37.935
complex.684.pdb	0	17.475	38.873
complex.685.pdb	0	22.179	47.398
complex.686.pdb	0	18.410	55.703
complex.687.pdb	0	22.271	41.029
complex.688.pdb	0	34.011	49.361
complex.689.pdb	0	20.813	55.386
complex.690.pdb	0	32.451	49.452
complex.691.pdb	0	31.779	118.619
complex.692.pdb	0	31.573	56.496
complex.693.pdb	0.0362319	7.953	30.190
complex.694.pdb	0	36.594	66.018
complex.695.pdb	0	24.142	42.815
complex.696.pdb	0	22.506	50.858
complex.697.pdb	0	33.205	62.240
complex.698.pdb	0	17.403	51.466
complex.699.pdb	0	30.040	58.521
complex.700.pdb	0	28.785	51.305
complex.701.pdb	0	26.424	43.007
complex.702.pdb	0	26.894	59.651
complex.703.pdb	0	24.515	47.176
complex.704.pdb	0	23.263	45.945
complex.705.pdb	0	23.402	54.178
complex.706.pdb	0	21.702	61.285
complex.707.pdb	0	29.041	47.148
complex.708.pdb	0	23.992	45.533
complex.709.pdb	0	27.330	51.518
complex.710.pdb	0	22.349	43.899
complex.711.pdb	0	25.745	53.996
complex.712.pdb	0	16.669	46.235
complex.713.pdb	0	26.210	46.746
complex.714.pdb	0	22.706	45.185
complex.715.pdb	0	23.135	47.483
complex.716.pdb	0.00724638	8.757	31.550
complex.717.pdb	0	25.772	47.944
complex.718.pdb	0	31.164	68.534
complex.719.pdb	0	12.701	39.616
complex.720.pdb	0	23.607	41.766
complex.721.pdb	0	24.169	48.083
complex.722.pdb	0	20.855	49.738
complex.723.pdb	0	34.754	70.966
complex.724.pdb	0	27.789	44.013
complex.725.pdb	0	21.834	42.801
complex.726.pdb	0	25.937	45.345
complex.727.pdb	0.0144928	12.364	29.332
complex.728.pdb	0	21.857	58.996
complex.729.pdb	0	24.791	48.958
complex.730.pdb	0.0289855	22.412	58.564
complex.731.pdb	0	15.735	41.942
complex.732.pdb	0	29.014	45.307
complex.733.pdb	0	24.558	59.229
complex.734.pdb	0	26.202	42.022
complex.735.pdb	0	34.026	55.581
complex.736.pdb	0.0507246	18.729	49.165
complex.737.pdb	0	24.392	52.587
complex.738.pdb	0	34.412	56.658
complex.739.pdb	0	18.010	49.387
complex.740.pdb	0.0942029	4.265	9.220
complex.741.pdb	0	16.761	50.727
complex.742.pdb	0	23.771	41.201
complex.743.pdb	0.0144928	26.328	49.505
complex.744.pdb	0	23.233	52.588
complex.745.pdb	0	28.941	50.790
complex.746.pdb	0.0144928	23.670	62.247
complex.747.pdb	0	27.459	41.246
complex.748.pdb	0	29.595	52.913
complex.749.pdb	0.0289855	15.346	46.310
complex.750.pdb	0	21.202	31.362
complex.751.pdb	0	36.571	65.244
complex.752.pdb	0	25.145	46.023
complex.753.pdb	0	27.485	58.699
complex.754.pdb	0	17.407	48.993
complex.755.pdb	0	16.387	47.609
complex.756.pdb	0	29.044	62.047
complex.757.pdb	0	19.905	34.725
complex.758.pdb	0	31.038	54.018
complex.759.pdb	0	28.635	60.043
complex.760.pdb	0	31.143	52.219
complex.761.pdb	0	24.301	68.824
complex.762.pdb	0	25.333	48.423
complex.763.pdb	0	17.656	49.438
complex.764.pdb	0	25.115	43.244
complex.765.pdb	0	17.950	54.689
complex.766.pdb	0	29.395	56.703
complex.767.pdb	0	20.677	55.543
complex.768.pdb	0	23.591	43.099
complex.769.pdb	0.00724638	8.673	29.018
complex.770.pdb	0	20.954	46.945
complex.771.pdb	0	23.845	38.220
complex.772.pdb	0.0144928	18.369	36.825
complex.773.pdb	0	32.115	56.749
complex.774.pdb	0	25.097	41.084
complex.775.pdb	0	17.099	42.450
complex.776.pdb	0	26.404	57.089
complex.777.pdb	0	26.269	44.974
complex.778.pdb	0	22.242	55.456
complex.779.pdb	0	23.379	49.427
complex.780.pdb	0	20.269	53.186
complex.781.pdb	0	18.936	31.773
complex.782.pdb	0	24.406	45.997
complex.783.pdb	0	30.586	60.092
complex.784.pdb	0	24.239	47.480
complex.785.pdb	0	31.199	53.950
complex.786.pdb	0.0144928	18.158	44.204
complex.787.pdb	0	24.852	53.143
complex.788.pdb	0.0144928	16.544	57.331
complex.789.pdb	0	14.516	32.306
complex.790.pdb	0	14.839	34.210
complex.791.pdb	0	31.629	49.925
complex.792.pdb	0	34.923	51.715
complex.793.pdb	0	31.114	60.807
complex.794.pdb	0	24.905	52.349
complex.795.pdb	0	28.441	54.434
complex.796.pdb	0	24.050	65.999
complex.797.pdb	0	25.927	54.160
complex.798.pdb	0	27.167	63.921
complex.799.pdb	0	30.777	46.127
complex.800.pdb	0	26.760	54.775
complex.801.pdb	0	11.385	27.025
complex.802.pdb	0	27.405	57.031
complex.803.pdb	0	37.717	76.894
complex.804.pdb	0	24.437	50.324
complex.805.pdb	0	25.376	44.766
complex.806.pdb	0	19.340	41.401
complex.807.pdb	0	32.346	118.094
complex.808.pdb	0	33.043	53.653
complex.809.pdb	0	22.916	38.510
complex.810.pdb	0	16.894	53.794
complex.811.pdb	0	27.034	57.053
complex.812.pdb	0	13.784	31.097
complex.813.pdb	0	24.257	47.470
complex.814.pdb	0	23.240	47.738
complex.815.pdb	0	16.536	45.903
complex.816.pdb	0	13.261	40.301
complex.817.pdb	0.0217391	21.316	64.135
complex.818.pdb	0	27.138	41.861
complex.819.pdb	0.0289855	23.756	60.187
complex.820.pdb	0	28.715	57.941
complex.821.pdb	0.0144928	20.755	52.957
complex.822.pdb	0	23.924	54.904
complex.823.pdb	0	25.529	53.372
complex.824.pdb	0	19.779	35.483
complex.825.pdb	0	19.974	53.036
complex.826.pdb	0	27.917	57.036
complex.827.pdb	0	33.035	54.391
complex.828.pdb	0	23.885	52.055
complex.829.pdb	0	13.894	39.273
complex.830.pdb	0	24.534	56.158
complex.831.pdb	0	29.562	47.757
complex.832.pdb	0.0217391	18.154	45.787
complex.833.pdb	0	31.734	52.259
complex.834.pdb	0	28.441	45.140
complex.835.pdb	0.0217391	19.242	47.921
complex.836.pdb	0	22.590	45.309
complex.837.pdb	0	19.901	43.801
complex.838.pdb	0	38.373	70.344
complex.839.pdb	0.0362319	14.240	38.811
complex.840.pdb	0	25.599	46.666
complex.841.pdb	0.0289855	18.899	54.958
complex.842.pdb	0	15.245	46.750
complex.843.pdb	0	28.289	50.834
complex.844.pdb	0	25.139	53.749
complex.845.pdb	0	17.470	53.465
complex.846.pdb	0	29.511	56.480
complex.847.pdb	0	30.787	56.016
complex.848.pdb	0	27.441	50.769
complex.849.pdb	0	25.692	52.767
complex.850.pdb	0	26.652	48.265
complex.851.pdb	0	33.737	51.279
complex.852.pdb	0	31.433	62.227
complex.853.pdb	0	16.025	57.614
complex.854.pdb	0	26.775	51.216
complex.855.pdb	0	35.329	65.732
complex.856.pdb	0	21.680	60.114
complex.857.pdb	0	32.098	52.451
complex.858.pdb	0	22.813	42.648
complex.859.pdb	0	18.697	48.672
complex.860.pdb	0	26.048	45.231
complex.861.pdb	0	27.427	44.940
complex.862.pdb	0.0144928	17.795	54.453
complex.863.pdb	0	21.324	40.602
complex.864.pdb	0	30.700	53.515
complex.865.pdb	0	24.040	48.856
complex.866.pdb	0	32.728	55.490
complex.867.pdb	0	25.246	56.743
complex.868.pdb	0	19.064	32.277
complex.869.pdb	0	23.835	46.901
complex.870.pdb	0	24.408	43.926
complex.871.pdb	0	28.331	56.446
complex.872.pdb	0	11.953	34.740
complex.873.pdb	0	24.790	52.747
complex.874.pdb	0	31.297	48.592
complex.875.pdb	0	32.048	49.045
complex.876.pdb	0	29.559	64.585
complex.877.pdb	0	20.811	53.764
complex.878.pdb	0	29.663	54.605
complex.879.pdb	0	9.033	22.938
complex.880.pdb	0	26.939	49.331
complex.881.pdb	0	22.994	39.039
complex.882.pdb	0	26.731	51.721
complex.883.pdb	0	32.517	54.197
complex.884.pdb	0	22.691	56.278
complex.885.pdb	0	15.431	56.480
complex.886.pdb	0	22.895	43.365
complex.887.pdb	0	8.711	41.932
complex.888.pdb	0	30.798	55.822
complex.889.pdb	0.00724638	14.881	32.958
complex.890.pdb	0	17.995	36.958
complex.891.pdb	0	21.080	39.996
complex.892.pdb	0	22.625	41.344
complex.893.pdb	0	22.591	72.499
complex.894.pdb	0	18.794	56.974
complex.895.pdb	0	31.415	53.424
complex.896.pdb	0	14.914	54.726
complex.897.pdb	0	33.441	65.006
complex.898.pdb	0.0144928	21.283	68.676
complex.899.pdb	0	25.226	47.301
complex.900.pdb	0	29.317	44.059
complex.901.pdb	0	15.687	47.760
complex.902.pdb	0.00724638	14.546	32.914
complex.903.pdb	0	28.985	52.185
complex.904.pdb	0	21.775	54.933
complex.905.pdb	0	25.232	41.326
complex.906.pdb	0	18.975	52.699
complex.907.pdb	0	28.935	48.637
complex.908.pdb	0	27.753	62.148
complex.909.pdb	0	36.716	75.794
complex.910.pdb	0	24.075	36.660
complex.911.pdb	0	27.050	48.894
complex.912.pdb	0	14.347	32.522
complex.913.pdb	0	28.042	51.800
complex.914.pdb	0	27.618	52.071
complex.915.pdb	0	24.520	45.446
complex.916.pdb	0	19.458	54.434
complex.917.pdb	0	23.801	43.479
complex.918.pdb	0.00724638	17.152	39.723
complex.919.pdb	0	15.754	43.631
complex.920.pdb	0	32.613	53.184
complex.921.pdb	0	25.685	59.281
complex.922.pdb	0	31.476	57.141
complex.923.pdb	0	25.427	52.588
complex.924.pdb	0	15.826	44.996
complex.925.pdb	0	19.209	58.216
complex.926.pdb	0	20.918	57.642
complex.927.pdb	0.0217391	18.178	52.736
complex.928.pdb	0	15.288	34.662
complex.929.pdb	0	15.098	43.057
complex.930.pdb	0	24.731	54.282
complex.931.pdb	0	23.339	46.550
complex.932.pdb	0	18.628	57.334
complex.933.pdb	0	22.738	52.685
complex.934.pdb	0	29.862	53.671
complex.935.pdb	0	20.759	47.794
complex.936.pdb	0	16.595	50.468
complex.937.pdb	0	24.929	50.624
complex.938.pdb	0	16.769	30.944
complex.939.pdb	0	28.541	49.438
complex.940.pdb	0	24.537	45.497
complex.941.pdb	0.0144928	18.933	59.168
complex.942.pdb	0	23.259	49.979
complex.943.pdb	0	32.166	48.086
complex.944.pdb	0	26.320	49.665
complex.945.pdb	0	37.838	67.456
complex.946.pdb	0	21.631	54.081
complex.947.pdb	0	25.511	49.498
complex.948.pdb	0	24.560	53.423
complex.949.pdb	0	22.889	47.109
complex.950.pdb	0	23.701	41.878
complex.951.pdb	0	28.329	58.207
complex.952.pdb	0	12.934	39.834
complex.953.pdb	0	28.385	58.366
complex.954.pdb	0	31.175	54.335
complex.955.pdb	0	16.125	37.180
complex.956.pdb	0	22.870	41.603
complex.957.pdb	0	23.686	54.102
complex.958.pdb	0	27.035	42.475
complex.959.pdb	0	23.965	46.557
complex.960.pdb	0	22.386	49.627
complex.961.pdb	0	31.684	119.646
complex.962.pdb	0	18.395	42.558
complex.963.pdb	0	27.046	63.902
complex.964.pdb	0	29.712	50.096
complex.965.pdb	0	21.635	51.616
complex.966.pdb	0	24.361	52.550
complex.967.pdb	0	11.532	28.280
complex.968.pdb	0	16.406	38.642
complex.969.pdb	0.0144928	19.195	44.520
complex.970.pdb	0	22.603	51.081
complex.971.pdb	0	13.929	48.308
complex.972.pdb	0	21.775	43.969
complex.973.pdb	0	26.510	54.894
complex.974.pdb	0	15.592	27.374
complex.975.pdb	0	23.966	38.865
complex.976.pdb	0	18.035	50.355
complex.977.pdb	0	9.133	42.870
complex.978.pdb	0	26.377	47.652
complex.979.pdb	0	28.164	49.864
complex.980.pdb	0	16.318	38.659
complex.981.pdb	0	20.527	55.705
complex.982.pdb	0	22.401	34.393
complex.983.pdb	0	24.708	46.184
complex.984.pdb	0	18.194	57.424
complex.985.pdb	0	21.536	49.904
complex.986.pdb	0	25.738	40.409
complex.987.pdb	0	29.976	55.131
complex.988.pdb	0	33.047	48.315
complex.989.pdb	0	28.918	122.323
complex.990.pdb	0	16.935	47.996
complex.991.pdb	0	32.697	54.616
complex.992.pdb	0	30.320	53.060
complex.993.pdb	0.0217391	25.552	67.681
complex.994.pdb	0	16.566	48.027
complex.995.pdb	0	18.170	54.832
complex.996.pdb	0	24.949	59.647
complex.997.pdb	0	29.475	63.285
complex.998.pdb	0	17.166	52.611
complex.999.pdb	0	30.808	49.295
complex.1000.pdb	0	27.509	47.072
complex.1001.pdb	0	13.917	44.818
complex.1002.pdb	0	13.840	39.328
complex.1003.pdb	0	29.517	55.403
complex.1004.pdb	0	24.720	50.297
complex.1005.pdb	0	27.451	69.480
complex.1006.pdb	0	38.332	69.175
complex.1007.pdb	0	37.276	67.617
complex.1008.pdb	0	30.352	49.604
complex.1009.pdb	0	22.481	50.566
complex.1010.pdb	0	23.321	48.375
complex.1011.pdb	0	21.784	52.828
complex.1012.pdb	0.0362319	18.855	44.370
complex.1013.pdb	0	33.111	57.580
complex.1014.pdb	0	17.717	57.834
complex.1015.pdb	0	22.242	40.621
complex.1016.pdb	0	24.923	47.870
complex.1017.pdb	0	13.837	38.897
complex.1018.pdb	0.0144928	17.664	56.859
complex.1019.pdb	0	13.162	42.050
complex.1020.pdb	0	32.412	47.294
complex.1021.pdb	0	24.690	70.470
complex.1022.pdb	0	19.489	32.750
complex.1023.pdb	0	26.283	45.886
complex.1024.pdb	0	14.316	36.081
complex.1025.pdb	0	31.363	56.681
complex.1026.pdb	0	28.402	46.231
complex.1027.pdb	0	34.275	121.998
complex.1028.pdb	0	21.965	61.717
complex.1029.pdb	0.0144928	17.460	46.868
complex.1030.pdb	0	32.065	58.131
complex.1031.pdb	0	11.576	48.707
complex.1032.pdb	0	17.851	57.520
complex.1033.pdb	0.0217391	19.197	57.203
complex.1034.pdb	0	33.033	54.864
complex.1035.pdb	0	21.844	51.423
complex.1036.pdb	0	32.889	55.373
complex.1037.pdb	0	22.194	39.871
complex.1038.pdb	0	20.863	46.220
complex.1039.pdb	0	19.009	36.194
complex.1040.pdb	0	21.543	44.949
complex.1041.pdb	0	20.939	36.412
complex.1042.pdb	0	18.855	55.831
complex.1043.pdb	0	16.689	44.790
complex.1044.pdb	0	30.111	55.950
complex.1045.pdb	0	23.381	51.363
complex.1046.pdb	0	27.801	43.155
complex.1047.pdb	0	19.360	34.045
complex.1048.pdb	0	14.743	31.110
complex.1049.pdb	0	26.970	50.501
complex.1050.pdb	0	23.649	56.702
complex.1051.pdb	0	25.755	46.054
complex.1052.pdb	0	23.491	38.140
complex.1053.pdb	0	16.509	38.243
complex.1054.pdb	0	25.451	59.421
complex.1055.pdb	0	26.330	58.083
complex.1056.pdb	0	8.197	36.107
complex.1057.pdb	0.00724638	17.598	54.032
complex.1058.pdb	0	23.254	54.242
complex.1059.pdb	0	33.842	49.936
complex.1060.pdb	0	32.526	48.385
complex.1061.pdb	0	13.033	37.987
complex.1062.pdb	0	28.409	58.848
complex.1063.pdb	0	23.041	41.715
complex.1064.pdb	0	33.289	67.264
complex.1065.pdb	0	16.288	44.843
complex.1066.pdb	0	30.672	54.498
complex.1067.pdb	0	35.945	73.786
complex.1068.pdb	0	24.501	56.474
complex.1069.pdb	0	20.496	41.539
complex.1070.pdb	0	19.313	56.179
complex.1071.pdb	0	27.335	85.263
complex.1072.pdb	0	24.385	55.301
complex.1073.pdb	0	21.439	47.834
complex.1074.pdb	0.0362319	24.372	54.953
complex.1075.pdb	0	32.695	47.382
complex.1076.pdb	0	20.657	53.362
complex.1077.pdb	0	29.343	52.270
complex.1078.pdb	0	38.253	70.488
complex.1079.pdb	0	26.630	48.996
complex.1080.pdb	0	20.587	55.836
complex.1081.pdb	0	29.764	55.987
complex.1082.pdb	0	29.358	48.426
complex.1083.pdb	0	26.105	53.228
complex.1084.pdb	0.0144928	22.970	61.838
complex.1085.pdb	0	19.193	41.891
complex.1086.pdb	0	14.738	40.083
complex.1087.pdb	0.0144928	25.754	52.774
complex.1088.pdb	0	22.824	37.555
complex.1089.pdb	0	23.693	52.668
complex.1090.pdb	0	19.302	52.034
complex.1091.pdb	0	34.491	50.094
complex.1092.pdb	0	28.049	60.949
complex.1093.pdb	0	28.554	57.802
complex.1094.pdb	0	21.526	49.376
complex.1095.pdb	0	25.900	48.836
complex.1096.pdb	0	23.318	39.843
complex.1097.pdb	0	12.652	52.462
complex.1098.pdb	0.0289855	19.449	52.832
complex.1099.pdb	0	27.304	51.734
complex.1100.pdb	0	23.653	39.978
complex.1101.pdb	0	23.886	48.149
complex.1102.pdb	0	21.840	41.950
complex.1103.pdb	0	22.470	53.326
complex.1104.pdb	0	28.973	55.545
complex.1105.pdb	0	17.090	46.998
complex.1106.pdb	0	8.119	22.249
complex.1107.pdb	0	23.409	48.332
complex.1108.pdb	0	24.940	71.494
complex.1109.pdb	0	28.591	58.934
complex.1110.pdb	0	26.467	55.434
complex.1111.pdb	0	26.180	47.771
complex.1112.pdb	0	33.301	48.842
complex.1113.pdb	0	23.384	68.113
complex.1114.pdb	0	35.307	50.212
complex.1115.pdb	0	22.287	41.166
complex.1116.pdb	0	15.959	32.766
complex.1117.pdb	0	28.537	42.965
complex.1118.pdb	0	27.438	41.060
complex.1119.pdb	0	37.109	63.808
complex.1120.pdb	0	30.510	49.488
complex.1121.pdb	0.0144928	14.552	38.031
complex.1122.pdb	0	17.915	43.413
complex.1123.pdb	0	15.491	31.684
complex.1124.pdb	0	28.476	47.588
complex.1125.pdb	0	19.306	51.697
complex.1126.pdb	0	25.156	55.930
complex.1127.pdb	0	32.248	48.351
complex.1128.pdb	0	32.102	52.892
complex.1129.pdb	0.00724638	20.784	59.216
complex.1130.pdb	0	28.341	44.233
complex.1131.pdb	0	24.402	63.449
complex.1132.pdb	0	34.846	57.774
complex.1133.pdb	0	16.194	39.182
complex.1134.pdb	0	18.179	35.920
complex.1135.pdb	0	24.490	46.687
complex.1136.pdb	0	13.457	49.861
complex.1137.pdb	0	19.969	35.185
complex.1138.pdb	0.0362319	15.402	47.714
complex.1139.pdb	0	13.161	47.366
complex.1140.pdb	0	36.335	66.812
complex.1141.pdb	0	24.126	56.974
complex.1142.pdb	0.0217391	23.660	54.909
complex.1143.pdb	0	30.444	51.580
complex.1144.pdb	0	20.871	53.873
complex.1145.pdb	0	12.108	27.566
complex.1146.pdb	0	22.742	48.564
complex.1147.pdb	0	32.207	62.265
complex.1148.pdb	0	29.578	49.846
complex.1149.pdb	0	29.282	57.149
complex.1150.pdb	0	26.068	51.399
complex.1151.pdb	0	22.593	36.629
complex.1152.pdb	0	31.071	52.601
complex.1153.pdb	0	15.037	48.588
complex.1154.pdb	0	22.176	51.195
complex.1155.pdb	0	23.484	45.955
complex.1156.pdb	0	27.997	46.308
complex.1157.pdb	0	29.086	63.445
complex.1158.pdb	0	20.352	31.411
complex.1159.pdb	0	14.083	37.641
complex.1160.pdb	0	27.284	51.858
complex.1161.pdb	0	31.405	49.969
complex.1162.pdb	0	22.258	45.052
complex.1163.pdb	0	18.951	29.591
complex.1164.pdb	0	14.758	43.942
complex.1165.pdb	0	21.457	53.207
complex.1166.pdb	0	29.351	47.217
complex.1167.pdb	0	22.165	54.832
complex.1168.pdb	0.0289855	12.971	40.289
complex.1169.pdb	0	27.365	62.710
complex.1170.pdb	0	28.751	48.934
complex.1171.pdb	0	28.819	47.990
complex.1172.pdb	0	14.337	45.600
complex.1173.pdb	0	21.918	54.765
complex.1174.pdb	0	26.309	57.377
complex.1175.pdb	0	28.336	50.215
complex.1176.pdb	0	14.060	28.353
complex.1177.pdb	0	33.297	48.471
complex.1178.pdb	0	15.266	54.861
complex.1179.pdb	0	28.212	43.107
complex.1180.pdb	0	9.765	45.521
complex.1181.pdb	0	16.164	48.641
complex.1182.pdb	0	27.490	58.718
complex.1183.pdb	0	23.201	41.912
complex.1184.pdb	0	35.695	71.817
complex.1185.pdb	0	30.626	53.689
complex.1186.pdb	0	25.228	44.202
complex.1187.pdb	0	19.094	53.111
complex.1188.pdb	0	23.931	54.294
complex.1189.pdb	0	14.984	36.849
complex.1190.pdb	0	27.795	41.208
complex.1191.pdb	0	30.473	119.399
complex.1192.pdb	0	30.545	52.046
complex.1193.pdb	0	24.569	45.932
complex.1194.pdb	0	29.022	52.657
complex.1195.pdb	0	22.460	33.731
complex.1196.pdb	0	24.213	49.489
complex.1197.pdb	0	27.770	47.862
complex.1198.pdb	0	21.199	71.042
complex.1199.pdb	0	22.556	50.678
complex.1200.pdb	0	20.727	47.329
complex.1201.pdb	0	25.048	51.953
complex.1202.pdb	0	38.580	72.906
complex.1203.pdb	0	28.176	58.786
complex.1204.pdb	0	35.122	68.921
complex.1205.pdb	0	30.730	50.752
complex.1206.pdb	0	28.090	51.619
complex.1207.pdb	0	26.544	60.313
complex.1208.pdb	0	25.952	56.460
complex.1209.pdb	0	15.160	49.976
complex.1210.pdb	0	27.593	50.287
complex.1211.pdb	0	29.783	54.297
complex.1212.pdb	0	23.244	43.974
complex.1213.pdb	0	16.164	37.334
complex.1214.pdb	0	26.384	48.151
complex.1215.pdb	0	24.835	46.150
complex.1216.pdb	0	30.203	50.799
complex.1217.pdb	0	26.825	51.455
complex.1218.pdb	0	20.177	48.803
complex.1219.pdb	0	20.938	39.287
complex.1220.pdb	0	28.040	44.925
complex.1221.pdb	0	15.870	45.550
complex.1222.pdb	0	20.483	58.239
complex.1223.pdb	0	24.634	58.780
complex.1224.pdb	0	18.877	56.175
complex.1225.pdb	0	35.417	68.961
complex.1226.pdb	0	21.902	43.019
complex.1227.pdb	0	37.633	65.123
complex.1228.pdb	0	30.540	56.077
complex.1229.pdb	0	28.371	41.105
complex.1230.pdb	0	12.546	45.778
complex.1231.pdb	0	31.786	53.948
complex.1232.pdb	0	29.150	47.733
complex.1233.pdb	0	23.807	47.399
complex.1234.pdb	0	25.998	49.630
complex.1235.pdb	0	23.293	59.600
complex.1236.pdb	0	31.307	51.294
complex.1237.pdb	0	18.729	40.888
complex.1238.pdb	0	8.484	43.492
complex.1239.pdb	0	25.555	51.039
complex.1240.pdb	0	19.035	49.274
complex.1241.pdb	0	19.008	46.380
complex.1242.pdb	0	12.227	38.288
complex.1243.pdb	0.0217391	23.022	65.366
complex.1244.pdb	0	20.823	54.624
complex.1245.pdb	0	31.731	54.656
complex.1246.pdb	0	25.603	55.601
complex.1247.pdb	0	25.034	61.401
complex.1248.pdb	0	30.301	51.788
complex.1249.pdb	0	17.970	44.659
complex.1250.pdb	0	35.974	69.627
complex.1251.pdb	0	32.887	48.827
complex.1252.pdb	0	30.809	65.106
complex.1253.pdb	0	23.706	60.977
complex.1254.pdb	0	21.267	53.337
complex.1255.pdb	0	38.667	73.336
complex.1256.pdb	0	27.825	49.011
complex.1257.pdb	0	29.189	47.201
complex.1258.pdb	0	17.377	34.265
complex.1259.pdb	0	27.945	43.939
complex.1260.pdb	0	21.760	34.756
complex.1261.pdb	0	29.475	56.942
complex.1262.pdb	0.0217391	22.701	58.284
complex.1263.pdb	0	9.301	34.865
complex.1264.pdb	0	23.834	54.683
complex.1265.pdb	0	27.239	57.969
complex.1266.pdb	0	31.601	52.995
complex.1267.pdb	0	34.389	54.049
complex.1268.pdb	0	26.689	41.796
complex.1269.pdb	0	37.600	72.603
complex.1270.pdb	0	37.450	71.498
complex.1271.pdb	0	23.699	57.973
complex.1272.pdb	0	11.804	41.332
complex.1273.pdb	0	26.662	48.589
complex.1274.pdb	0	28.920	46.723
complex.1275.pdb	0	29.854	59.079
complex.1276.pdb	0	28.418	48.622
complex.1277.pdb	0	16.335	48.872
complex.1278.pdb	0	30.202	56.815
complex.1279.pdb	0	13.329	37.664
complex.1280.pdb	0	26.496	56.986
complex.1281.pdb	0	29.842	50.774
complex.1282.pdb	0	27.958	53.954
complex.1283.pdb	0	24.056	44.702
complex.1284.pdb	0	23.088	51.496
complex.1285.pdb	0	22.795	46.316
complex.1286.pdb	0	24.492	54.121
complex.1287.pdb	0	22.192	40.166
complex.1288.pdb	0	30.794	48.597
complex.1289.pdb	0	28.999	47.576
complex.1290.pdb	0	29.013	55.324
complex.1291.pdb	0	28.675	47.404
complex.1292.pdb	0	20.415	33.166
complex.1293.pdb	0	25.563	39.499
complex.1294.pdb	0	31.051	58.720
complex.1295.pdb	0	22.083	57.810
complex.1296.pdb	0	17.204	50.315
complex.1297.pdb	0	31.093	62.887
complex.1298.pdb	0	15.634	41.462
complex.1299.pdb	0	19.814	46.307
complex.1300.pdb	0	29.663	48.747
complex.1301.pdb	0	30.668	46.987
complex.1302.pdb	0	29.966	49.159
complex.1303.pdb	0	24.559	55.768
complex.1304.pdb	0	24.364	52.919
complex.1305.pdb	0.0144928	17.735	61.712
complex.1306.pdb	0	17.752	40.841
complex.1307.pdb	0	28.819	52.973
complex.1308.pdb	0	21.753	37.132
complex.1309.pdb	0	25.210	39.178
complex.1310.pdb	0	24.479	39.214
complex.1311.pdb	0	35.571	70.927
complex.1312.pdb	0	24.763	54.840
complex.1313.pdb	0	19.676	51.336
complex.1314.pdb	0	32.556	47.091
complex.1315.pdb	0	22.297	63.576
complex.1316.pdb	0	30.702	60.450
complex.1317.pdb	0	28.460	52.833
complex.1318.pdb	0	31.974	52.090
complex.1319.pdb	0	23.591	46.888
complex.1320.pdb	0	21.700	36.922
complex.1321.pdb	0	8.434	26.027
complex.1322.pdb	0	15.950	44.808
complex.1323.pdb	0	25.533	51.293
complex.1324.pdb	0	25.779	69.544
complex.1325.pdb	0	22.495	44.515
complex.1326.pdb	0	27.252	53.571
complex.1327.pdb	0	24.737	41.923
complex.1328.pdb	0	27.898	56.536
complex.1329.pdb	0	22.194	36.145
complex.1330.pdb	0	22.478	50.899
complex.1331.pdb	0	22.398	40.757
complex.1332.pdb	0	17.756	38.660
complex.1333.pdb	0	23.535	61.847
complex.1334.pdb	0.23913	3.397	17.834
complex.1335.pdb	0	29.132	65.117
complex.1336.pdb	0	29.212	45.662
complex.1337.pdb	0	23.171	60.252
complex.1338.pdb	0	14.277	40.030
complex.1339.pdb	0	30.245	65.546
complex.1340.pdb	0	9.454	44.395
complex.1341.pdb	0	28.537	49.508
complex.1342.pdb	0	26.071	51.265
complex.1343.pdb	0	35.740	71.011
complex.1344.pdb	0	20.390	60.201
complex.1345.pdb	0	24.526	46.031
complex.1346.pdb	0	22.577	48.862
complex.1347.pdb	0.0217391	19.954	48.959
complex.1348.pdb	0	37.845	65.228
complex.1349.pdb	0.00724638	20.155	49.161
complex.1350.pdb	0	32.706	57.742
complex.1351.pdb	0	38.311	69.102
complex.1352.pdb	0	33.244	57.215
complex.1353.pdb	0	30.964	64.207
complex.1354.pdb	0	25.802	44.320
complex.1355.pdb	0	31.556	119.342
complex.1356.pdb	0	21.867	67.232
complex.1357.pdb	0	31.347	55.515
complex.1358.pdb	0	24.370	57.902
complex.1359.pdb	0	20.217	51.772
complex.1360.pdb	0	31.080	124.314
complex.1361.pdb	0	23.328	45.410
complex.1362.pdb	0	16.270	49.904
complex.1363.pdb	0	28.042	56.158
complex.1364.pdb	0	30.410	54.142
complex.1365.pdb	0	23.879	44.338
complex.1366.pdb	0	22.730	41.297
complex.1367.pdb	0	33.983	51.616
complex.1368.pdb	0	24.225	41.508
complex.1369.pdb	0	31.366	60.721
complex.1370.pdb	0	21.666	34.968
complex.1371.pdb	0	25.900	53.398
complex.1372.pdb	0	25.184	53.197
complex.1373.pdb	0	17.212	52.406
complex.1374.pdb	0	28.224	52.199
complex.1375.pdb	0	10.679	39.139
complex.1376.pdb	0	24.317	44.180
complex.1377.pdb	0	25.143	42.627
complex.1378.pdb	0	22.906	55.190
complex.1379.pdb	0	35.210	124.389
complex.1380.pdb	0	15.363	44.439
complex.1381.pdb	0	25.764	53.690
complex.1382.pdb	0	29.259	46.447
complex.1383.pdb	0	23.798	43.915
complex.1384.pdb	0	34.272	53.688
complex.1385.pdb	0	30.190	47.399
complex.1386.pdb	0	26.713	54.959
complex.1387.pdb	0	30.925	48.538
complex.1388.pdb	0	38.698	71.159
complex.1389.pdb	0	17.437	54.365
complex.1390.pdb	0	23.911	43.680
complex.1391.pdb	0.0144928	24.890	68.140
complex.1392.pdb	0	19.943	52.933
complex.1393.pdb	0	27.878	54.371
complex.1394.pdb	0	20.399	47.018
complex.1395.pdb	0	37.598	76.726
complex.1396.pdb	0	24.032	56.898
complex.1397.pdb	0	24.537	51.821
complex.1398.pdb	0	21.936	46.747
complex.1399.pdb	0	21.311	46.978
complex.1400.pdb	0	21.862	54.242
complex.1401.pdb	0	22.766	47.445
complex.1402.pdb	0	38.311	67.723
complex.1403.pdb	0	25.508	42.587
complex.1404.pdb	0	22.830	42.599
complex.1405.pdb	0	22.140	60.441
complex.1406.pdb	0	26.677	47.617
complex.1407.pdb	0	26.484	55.021
complex.1408.pdb	0.0144928	24.005	64.337
complex.1409.pdb	0.0144928	20.174	65.784
complex.1410.pdb	0	31.911	57.515
complex.1411.pdb	0	29.745	50.073
complex.1412.pdb	0	25.560	62.615
complex.1413.pdb	0	16.835	39.275
complex.1414.pdb	0	15.321	45.203
complex.1415.pdb	0	28.409	56.292
complex.1416.pdb	0	28.687	57.591
complex.1417.pdb	0	28.174	49.901
complex.1418.pdb	0	27.298	43.412
complex.1419.pdb	0	24.997	45.783
complex.1420.pdb	0	17.111	38.578
complex.1421.pdb	0	9.160	37.090
complex.1422.pdb	0	33.733	53.359
complex.1423.pdb	0	17.101	46.743
complex.1424.pdb	0	14.601	44.345
complex.1425.pdb	0	31.588	50.522
complex.1426.pdb	0	20.835	47.518
complex.1427.pdb	0	30.650	47.483
complex.1428.pdb	0	35.506	65.901
complex.1429.pdb	0	29.378	47.587
complex.1430.pdb	0	30.576	62.085
complex.1431.pdb	0.00724638	10.834	46.130
complex.1432.pdb	0	25.966	49.674
complex.1433.pdb	0	25.001	62.214
complex.1434.pdb	0	20.685	51.902
complex.1435.pdb	0	32.705	123.535
complex.1436.pdb	0	31.392	59.753
complex.1437.pdb	0	21.199	50.105
complex.1438.pdb	0	29.041	46.948
complex.1439.pdb	0	24.891	49.016
complex.1440.pdb	0	13.533	41.251
complex.1441.pdb	0	13.056	38.115
complex.1442.pdb	0	24.920	41.646
complex.1443.pdb	0	32.311	62.283
complex.1444.pdb	0	28.465	53.665
complex.1445.pdb	0	22.005	40.624
complex.1446.pdb	0	21.012	46.292
complex.1447.pdb	0	19.918	43.318
complex.1448.pdb	0	28.426	64.817
complex.1449.pdb	0	22.390	46.810
complex.1450.pdb	0.0289855	14.853	37.784
complex.1451.pdb	0	24.594	45.446
complex.1452.pdb	0	18.204	53.126
complex.1453.pdb	0	22.695	35.197
complex.1454.pdb	0	30.792	75.474
complex.1455.pdb	0	21.918	59.246
complex.1456.pdb	0	29.837	57.359
complex.1457.pdb	0	25.749	47.574
complex.1458.pdb	0	27.569	43.690
complex.1459.pdb	0	31.953	67.035
complex.1460.pdb	0	15.697	48.358
complex.1461.pdb	0	23.933	52.425
complex.1462.pdb	0	33.546	49.009
complex.1463.pdb	0	37.502	63.235
complex.1464.pdb	0	20.167	30.309
complex.1465.pdb	0	23.106	55.799
complex.1466.pdb	0	29.018	48.578
complex.1467.pdb	0	34.036	64.858
complex.1468.pdb	0	17.723	54.709
complex.1469.pdb	0	12.220	46.747
complex.1470.pdb	0	23.358	59.836
complex.1471.pdb	0	26.814	64.423
complex.1472.pdb	0	33.127	58.266
complex.1473.pdb	0	25.489	41.153
complex.1474.pdb	0	22.634	38.597
complex.1475.pdb	0	20.623	39.983
complex.1476.pdb	0	31.866	48.632
complex.1477.pdb	0	28.616	52.347
complex.1478.pdb	0	9.737	17.752
complex.1479.pdb	0	25.920	45.027
complex.1480.pdb	0	30.633	48.323
complex.1481.pdb	0	29.361	61.446
complex.1482.pdb	0	37.228	70.699
complex.1483.pdb	0	30.621	61.095
complex.1484.pdb	0	27.056	51.476
complex.1485.pdb	0.0217391	22.240	50.698
complex.1486.pdb	0	24.309	44.309
complex.1487.pdb	0	38.024	69.502
complex.1488.pdb	0	24.199	71.991
complex.1489.pdb	0	20.995	61.510
complex.1490.pdb	0	25.913	44.679
complex.1491.pdb	0	35.957	66.144
complex.1492.pdb	0	29.765	53.852
complex.1493.pdb	0	25.501	48.407
complex.1494.pdb	0	27.471	41.198
complex.1495.pdb	0	29.459	55.968
complex.1496.pdb	0	24.921	39.601
complex.1497.pdb	0.00724638	25.326	46.193
complex.1498.pdb	0	33.474	58.500
complex.1499.pdb	0	22.041	47.933
complex.1500.pdb	0	24.303	57.451
complex.1501.pdb	0	12.782	35.696
complex.1502.pdb	0	28.390	62.720
complex.1503.pdb	0	21.672	39.364
complex.1504.pdb	0	26.205	48.541
complex.1505.pdb	0	23.610	41.408
complex.1506.pdb	0	34.382	49.954
complex.1507.pdb	0	26.874	54.840
complex.1508.pdb	0	25.288	51.389
complex.1509.pdb	0.0144928	13.809	39.445
complex.1510.pdb	0	24.627	46.675
complex.1511.pdb	0	24.532	42.528
complex.1512.pdb	0	25.060	46.894
complex.1513.pdb	0.0217391	16.348	42.315
complex.1514.pdb	0	24.768	49.754
complex.1515.pdb	0	21.984	49.514
complex.1516.pdb	0	27.367	51.169
complex.1517.pdb	0.00724638	19.086	40.965
complex.1518.pdb	0	27.443	55.946
complex.1519.pdb	0	25.162	48.893
complex.1520.pdb	0	31.049	57.520
complex.1521.pdb	0	22.655	43.494
complex.1522.pdb	0	31.866	50.129
complex.1523.pdb	0	28.770	58.429
complex.1524.pdb	0	33.819	122.357
complex.1525.pdb	0	29.492	59.107
complex.1526.pdb	0	30.020	59.328
complex.1527.pdb	0	26.957	46.245
complex.1528.pdb	0	23.530	71.755
complex.1529.pdb	0	24.890	55.254
complex.1530.pdb	0	33.010	48.832
complex.1531.pdb	0	21.513	53.822
complex.1532.pdb	0	21.012	34.695
complex.1533.pdb	0	28.393	48.079
complex.1534.pdb	0	22.309	42.282
complex.1535.pdb	0	28.283	46.101
complex.1536.pdb	0	38.302	74.011
complex.1537.pdb	0	31.564	53.208
complex.1538.pdb	0	25.133	47.656
complex.1539.pdb	0	27.146	61.417
complex.1540.pdb	0.00724638	23.418	47.761
complex.1541.pdb	0	17.434	52.587
complex.1542.pdb	0	25.850	49.099
complex.1543.pdb	0	31.375	52.290
complex.1544.pdb	0	23.580	59.410
complex.1545.pdb	0	25.054	46.323
complex.1546.pdb	0	24.372	46.794
complex.1547.pdb	0	36.284	69.505
complex.1548.pdb	0	19.854	49.255
complex.1549.pdb	0	20.815	49.664
complex.1550.pdb	0	26.270	45.857
complex.1551.pdb	0	29.178	49.707
complex.1552.pdb	0	31.235	50.192
complex.1553.pdb	0	26.804	50.357
complex.1554.pdb	0	34.667	125.458
complex.1555.pdb	0	13.021	39.374
complex.1556.pdb	0	21.153	45.447
complex.1557.pdb	0	34.734	50.059
complex.1558.pdb	0	22.519	60.690
complex.1559.pdb	0	24.739	52.669
complex.1560.pdb	0	32.010	59.222
complex.1561.pdb	0	28.903	49.061
complex.1562.pdb	0	27.804	43.981
complex.1563.pdb	0	18.054	52.804
complex.1564.pdb	0	18.565	39.063
complex.1565.pdb	0	31.726	58.299
complex.1566.pdb	0	17.105	43.278
complex.1567.pdb	0	25.797	49.523
complex.1568.pdb	0	26.653	57.046
complex.1569.pdb	0	28.402	49.092
complex.1570.pdb	0	21.518	69.109
complex.1571.pdb	0.00724638	22.288	41.957
complex.1572.pdb	0	35.176	64.796
complex.1573.pdb	0	25.680	41.508
complex.1574.pdb	0	25.192	52.462
complex.1575.pdb	0	22.969	49.942
complex.1576.pdb	0	25.132	56.759
complex.1577.pdb	0	19.821	33.575
complex.1578.pdb	0	35.937	72.800
complex.1579.pdb	0	22.508	47.294
complex.1580.pdb	0	23.200	43.806
complex.1581.pdb	0	20.959	41.621
complex.1582.pdb	0	26.216	53.632
complex.1583.pdb	0	27.577	47.458
complex.1584.pdb	0	35.637	124.423
complex.1585.pdb	0	20.638	33.730
complex.1586.pdb	0.0144928	26.834	50.942
complex.1587.pdb	0	37.581	71.583
complex.1588.pdb	0	21.539	45.656
complex.1589.pdb	0	33.555	53.976
complex.1590.pdb	0	27.925	45.269
complex.1591.pdb	0	24.878	42.953
complex.1592.pdb	0	27.403	52.799
complex.1593.pdb	0	29.106	55.988
complex.1594.pdb	0	37.804	69.875
complex.1595.pdb	0	26.533	40.383
complex.1596.pdb	0	28.944	50.114
complex.1597.pdb	0	29.673	46.672
complex.1598.pdb	0	23.709	49.771
complex.1599.pdb	0	17.873	52.351
complex.1600.pdb	0	23.509	51.033
complex.1601.pdb	0	25.283	47.957
complex.1602.pdb	0	20.583	32.265
complex.1603.pdb	0	26.854	51.643
complex.1604.pdb	0	36.048	72.070
complex.1605.pdb	0	29.481	56.125
complex.1606.pdb	0	33.968	51.120
complex.1607.pdb	0	20.850	54.783
complex.1608.pdb	0	27.659	45.658
complex.1609.pdb	0	22.506	49.766
complex.1610.pdb	0	15.607	57.746
complex.1611.pdb	0	26.614	45.481
complex.1612.pdb	0	30.331	47.855
complex.1613.pdb	0	32.438	49.775
complex.1614.pdb	0.0217391	16.275	54.888
complex.1615.pdb	0.00724638	14.538	48.710
complex.1616.pdb	0	26.736	56.218
complex.1617.pdb	0	24.512	58.456
complex.1618.pdb	0	21.345	39.029
complex.1619.pdb	0	18.852	54.675
complex.1620.pdb	0	24.570	60.872
complex.1621.pdb	0	23.776	63.760
complex.1622.pdb	0	27.403	46.147
complex.1623.pdb	0	25.580	52.157
complex.1624.pdb	0	24.863	45.168
complex.1625.pdb	0	33.602	57.056
complex.1626.pdb	0	22.668	38.606
complex.1627.pdb	0	14.597	42.893
complex.1628.pdb	0	30.398	48.552
complex.1629.pdb	0	24.395	47.978
complex.1630.pdb	0	30.653	46.940
complex.1631.pdb	0	23.569	58.964
complex.1632.pdb	0	31.465	53.827
complex.1633.pdb	0	22.329	42.360
complex.1634.pdb	0	30.227	48.261
complex.1635.pdb	0	27.238	46.210
complex.1636.pdb	0	15.209	48.441
complex.1637.pdb	0	37.165	77.578
complex.1638.pdb	0	24.622	40.877
complex.1639.pdb	0	28.944	59.898
complex.1640.pdb	0	32.546	47.869
complex.1641.pdb	0.0289855	21.238	50.814
complex.1642.pdb	0	25.152	47.202
complex.1643.pdb	0	29.351	58.762
complex.1644.pdb	0	26.835	52.313
complex.1645.pdb	0	33.745	67.578
complex.1646.pdb	0	35.006	76.124
complex.1647.pdb	0	28.738	46.388
complex.1648.pdb	0	30.980	50.572
complex.1649.pdb	0	35.797	66.626
complex.1650.pdb	0	25.467	48.972
complex.1651.pdb	0	26.183	49.046
complex.1652.pdb	0	34.884	50.095
complex.1653.pdb	0	24.187	48.399
complex.1654.pdb	0	20.997	49.605
complex.1655.pdb	0	22.757	50.534
complex.1656.pdb	0	33.025	62.598
complex.1657.pdb	0	10.485	42.606
complex.1658.pdb	0	26.390	39.268
complex.1659.pdb	0	33.062	63.350
complex.1660.pdb	0	34.746	47.287
complex.1661.pdb	0.0217391	25.384	52.830
complex.1662.pdb	0	22.162	52.794
complex.1663.pdb	0	34.711	51.854
complex.1664.pdb	0	18.139	55.845
complex.1665.pdb	0	24.827	46.543
complex.1666.pdb	0	23.710	38.477
complex.1667.pdb	0	35.909	58.619
complex.1668.pdb	0	24.808	42.126
complex.1669.pdb	0	29.556	46.348
complex.1670.pdb	0	31.331	62.642
complex.1671.pdb	0	29.091	56.074
complex.1672.pdb	0	23.231	62.071
complex.1673.pdb	0	34.874	71.008
complex.1674.pdb	0	24.151	42.020
complex.1675.pdb	0	36.281	67.305
complex.1676.pdb	0	19.147	40.169
complex.1677.pdb	0.0144928	26.760	69.771
complex.1678.pdb	0	32.888	55.603
complex.1679.pdb	0	35.534	70.188
complex.1680.pdb	0	23.520	42.428
complex.1681.pdb	0	31.536	59.047
complex.1682.pdb	0	27.777	68.083
complex.1683.pdb	0	25.278	48.071
complex.1684.pdb	0	26.207	56.052
complex.1685.pdb	0	37.098	68.617
complex.1686.pdb	0	9.444	45.145
complex.1687.pdb	0	27.338	54.367
complex.1688.pdb	0	33.398	47.830
complex.1689.pdb	0	31.050	46.146
complex.1690.pdb	0	29.424	49.222
complex.1691.pdb	0	29.325	43.923
complex.1692.pdb	0	24.634	50.226
complex.1693.pdb	0	22.420	42.973
complex.1694.pdb	0	25.287	52.398
complex.1695.pdb	0	26.444	48.157
complex.1696.pdb	0.00724638	18.238	56.165
complex.1697.pdb	0	33.186	61.572
complex.1698.pdb	0	9.398	39.827
complex.1699.pdb	0	20.665	33.281
complex.1700.pdb	0	18.370	43.173
complex.1701.pdb	0	27.827	47.485
complex.1702.pdb	0	31.488	50.356
complex.1703.pdb	0	28.298	69.550
complex.1704.pdb	0	14.569	32.879
complex.1705.pdb	0	14.317	56.411
complex.1706.pdb	0	34.642	48.249
complex.1707.pdb	0	30.367	46.283
complex.1708.pdb	0	37.204	59.755
complex.1709.pdb	0	15.612	49.266
complex.1710.pdb	0	26.739	50.317
complex.1711.pdb	0	27.999	46.827
complex.1712.pdb	0	32.586	62.610
complex.1713.pdb	0	31.229	58.269
complex.1714.pdb	0	25.004	49.984
complex.1715.pdb	0	31.174	53.094
complex.1716.pdb	0	38.956	69.034
complex.1717.pdb	0	19.332	49.402
complex.1718.pdb	0	37.366	74.263
complex.1719.pdb	0	29.073	53.420
complex.1720.pdb	0	18.289	51.305
complex.1721.pdb	0	28.641	45.933
complex.1722.pdb	0	34.589	55.799
complex.1723.pdb	0	31.469	50.810
complex.1724.pdb	0	24.330	48.555
complex.1725.pdb	0	19.602	46.349
complex.1726.pdb	0	23.106	46.324
complex.1727.pdb	0	27.910	47.140
complex.1728.pdb	0	19.203	33.225
complex.1729.pdb	0	23.381	36.894
complex.1730.pdb	0	22.426	38.080
complex.1731.pdb	0	36.599	57.235
complex.1732.pdb	0	27.357	55.146
complex.1733.pdb	0	33.270	57.103
complex.1734.pdb	0	22.075	52.319
complex.1735.pdb	0	30.266	51.623
complex.1736.pdb	0	27.778	51.931
complex.1737.pdb	0	23.355	62.345
complex.1738.pdb	0	28.400	46.469
complex.1739.pdb	0	30.598	55.558
complex.1740.pdb	0	28.311	54.117
complex.1741.pdb	0	26.150	43.907
complex.1742.pdb	0	29.306	52.726
complex.1743.pdb	0	31.799	63.283
complex.1744.pdb	0	22.314	46.088
complex.1745.pdb	0	25.234	52.056
complex.1746.pdb	0	36.304	74.604
complex.1747.pdb	0	21.010	56.036
complex.1748.pdb	0	18.974	51.162
complex.1749.pdb	0	29.774	48.623
complex.1750.pdb	0	21.499	41.359
complex.1751.pdb	0	28.679	118.771
complex.1752.pdb	0	30.187	56.643
complex.1753.pdb	0	27.569	47.344
complex.1754.pdb	0	21.303	37.764
complex.1755.pdb	0	23.960	53.028
complex.1756.pdb	0.0362319	22.974	67.557
complex.1757.pdb	0	31.314	62.035
complex.1758.pdb	0	37.878	69.466
complex.1759.pdb	0	18.272	46.081
complex.1760.pdb	0	27.212	42.806
complex.1761.pdb	0	19.701	34.829
complex.1762.pdb	0	33.715	67.307
complex.1763.pdb	0	29.436	56.123
complex.1764.pdb	0	9.109	45.201
complex.1765.pdb	0	20.915	40.321
complex.1766.pdb	0	20.073	32.931
complex.1767.pdb	0	30.749	60.742
complex.1768.pdb	0	28.277	49.805
complex.1769.pdb	0	23.480	60.225
complex.1770.pdb	0	26.069	61.391
complex.1771.pdb	0	26.375	52.302
complex.1772.pdb	0	24.233	44.608
complex.1773.pdb	0	34.421	54.518
complex.1774.pdb	0	28.953	121.171
complex.1775.pdb	0	15.402	41.736
complex.1776.pdb	0	24.551	56.060
complex.1777.pdb	0	23.504	44.971
complex.1778.pdb	0	24.592	46.529
complex.1779.pdb	0	22.727	48.991
complex.1780.pdb	0	18.973	48.571
complex.1781.pdb	0	36.103	63.588
complex.1782.pdb	0	23.229	43.830
complex.1783.pdb	0	23.011	45.201
complex.1784.pdb	0	33.228	60.939
complex.1785.pdb	0	26.722	41.901
complex.1786.pdb	0	37.258	78.004
complex.1787.pdb	0	25.610	47.282
complex.1788.pdb	0	29.720	52.739
complex.1789.pdb	0	18.487	47.046
complex.1790.pdb	0	29.177	49.024
complex.1791.pdb	0	28.224	43.797
complex.1792.pdb	0	18.757	39.739
complex.1793.pdb	0	31.979	47.670
complex.1794.pdb	0	30.841	55.031
complex.1795.pdb	0.0144928	23.361	44.862
complex.1796.pdb	0	33.609	102.803
complex.1797.pdb	0	20.900	40.920
complex.1798.pdb	0	28.141	49.399
complex.1799.pdb	0	28.643	56.700
complex.1800.pdb	0	32.458	121.761
complex.1801.pdb	0	28.313	51.595
complex.1802.pdb	0	26.053	58.240
complex.1803.pdb	0	25.307	47.127
complex.1804.pdb	0	21.949	52.054
complex.1805.pdb	0	26.358	53.870
complex.1806.pdb	0	30.446	47.872
complex.1807.pdb	0	26.960	51.048
complex.1808.pdb	0	25.698	50.104
complex.1809.pdb	0	27.343	45.647
complex.1810.pdb	0	26.762	80.817
complex.1811.pdb	0	20.570	54.949
complex.1812.pdb	0	32.036	60.606
complex.1813.pdb	0	27.680	40.465
complex.1814.pdb	0	25.291	42.885
complex.1815.pdb	0	30.238	59.837
complex.1816.pdb	0	15.116	45.502
complex.1817.pdb	0	31.626	54.144
complex.1818.pdb	0	38.382	65.011
complex.1819.pdb	0	17.816	55.362
complex.1820.pdb	0	25.374	63.336
complex.1821.pdb	0	25.072	55.523
complex.1822.pdb	0	26.028	41.777
complex.1823.pdb	0	35.626	52.855
complex.1824.pdb	0	34.519	72.250
complex.1825.pdb	0	31.755	50.926
complex.1826.pdb	0	22.740	39.131
complex.1827.pdb	0	25.750	68.712
complex.1828.pdb	0	33.562	53.683
complex.1829.pdb	0	35.052	70.363
complex.1830.pdb	0	26.580	41.520
complex.1831.pdb	0	29.460	46.228
complex.1832.pdb	0	25.384	64.987
complex.1833.pdb	0	26.552	61.032
complex.1834.pdb	0	23.853	43.807
complex.1835.pdb	0	19.089	52.974
complex.1836.pdb	0	33.216	47.100
complex.1837.pdb	0	33.701	55.174
complex.1838.pdb	0	14.242	45.048
complex.1839.pdb	0	28.184	55.181
complex.1840.pdb	0.00724638	16.954	40.917
complex.1841.pdb	0	32.524	54.392
complex.1842.pdb	0	32.247	60.153
complex.1843.pdb	0	25.886	55.998
complex.1844.pdb	0	27.199	61.609
complex.1845.pdb	0	36.213	73.272
complex.1846.pdb	0	24.744	50.905
complex.1847.pdb	0	28.406	50.533
complex.1848.pdb	0	25.815	52.996
complex.1849.pdb	0	36.947	72.616
complex.1850.pdb	0	37.387	69.222
complex.1851.pdb	0	28.962	47.153
complex.1852.pdb	0	29.334	50.665
complex.1853.pdb	0	32.529	63.807
complex.1854.pdb	0	30.608	59.675
complex.1855.pdb	0	16.612	40.399
complex.1856.pdb	0	24.616	48.318
complex.1857.pdb	0.0507246	7.707	34.923
complex.1858.pdb	0	16.765	53.782
complex.1859.pdb	0	16.538	56.021
complex.1860.pdb	0	16.832	43.242
complex.1861.pdb	0	35.135	63.344
complex.1862.pdb	0	11.301	31.451
complex.1863.pdb	0	26.945	49.427
complex.1864.pdb	0	14.978	46.756
complex.1865.pdb	0	23.532	53.495
complex.1866.pdb	0	25.488	51.836
complex.1867.pdb	0	15.743	47.139
complex.1868.pdb	0	14.702	38.160
complex.1869.pdb	0	34.887	47.878
complex.1870.pdb	0	26.314	56.466
complex.1871.pdb	0	25.582	52.190
complex.1872.pdb	0	25.343	45.985
complex.1873.pdb	0	30.457	54.813
complex.1874.pdb	0	32.711	48.033
complex.1875.pdb	0	24.439	67.905
complex.1876.pdb	0	20.608	30.926
complex.1877.pdb	0	34.804	49.408
complex.1878.pdb	0	30.259	48.908
complex.1879.pdb	0	25.457	51.176
complex.1880.pdb	0	31.542	122.454
complex.1881.pdb	0	31.433	65.111
complex.1882.pdb	0	28.513	53.607
complex.1883.pdb	0	28.371	44.633
complex.1884.pdb	0	19.239	55.852
complex.1885.pdb	0	28.893	53.883
complex.1886.pdb	0	38.350	73.016
complex.1887.pdb	0	29.587	47.525
complex.1888.pdb	0	24.665	52.909
complex.1889.pdb	0.0144928	18.686	49.060
complex.1890.pdb	0	26.166	39.309
complex.1891.pdb	0	17.528	55.738
complex.1892.pdb	0	31.964	63.943
complex.1893.pdb	0	21.382	36.207
complex.1894.pdb	0	30.315	47.927
complex.1895.pdb	0	22.823	35.854
complex.1896.pdb	0	22.101	69.809
complex.1897.pdb	0	22.856	51.497
complex.1898.pdb	0.00724638	17.806	43.920
complex.1899.pdb	0	23.865	48.790
complex.1900.pdb	0	18.240	47.272
complex.1901.pdb	0	33.157	55.399
complex.1902.pdb	0	34.801	51.824
complex.1903.pdb	0	29.246	45.531
complex.1904.pdb	0	15.285	51.090
complex.1905.pdb	0	27.712	48.147
complex.1906.pdb	0	24.720	45.721
complex.1907.pdb	0	25.244	54.921
complex.1908.pdb	0	23.203	65.243
complex.1909.pdb	0	31.483	58.569
complex.1910.pdb	0	34.751	49.544
complex.1911.pdb	0	31.490	49.855
complex.1912.pdb	0	26.717	50.262
complex.1913.pdb	0	34.091	54.214
complex.1914.pdb	0	34.145	60.512
complex.1915.pdb	0	26.021	58.613
complex.1916.pdb	0	21.864	58.826
complex.1917.pdb	0	26.556	56.208
complex.1918.pdb	0	27.206	41.503
complex.1919.pdb	0	31.147	50.831
complex.1920.pdb	0	20.846	58.709
complex.1921.pdb	0	31.569	67.206
complex.1922.pdb	0	27.749	50.558
complex.1923.pdb	0	31.017	47.707
complex.1924.pdb	0.00724638	23.152	49.336
complex.1925.pdb	0	24.261	42.972
complex.1926.pdb	0	23.070	50.681
complex.1927.pdb	0	33.844	54.767
complex.1928.pdb	0	28.408	118.643
complex.1929.pdb	0	24.428	40.939
complex.1930.pdb	0	30.057	51.807
complex.1931.pdb	0	25.749	52.531
complex.1932.pdb	0	28.850	59.050
complex.1933.pdb	0	22.209	44.368
complex.1934.pdb	0	29.583	47.537
complex.1935.pdb	0	36.701	75.051
complex.1936.pdb	0	34.918	70.798
complex.1937.pdb	0	34.205	68.622
complex.1938.pdb	0	26.745	46.981
complex.1939.pdb	0	26.110	45.228
complex.1940.pdb	0	20.870	45.870
complex.1941.pdb	0	37.951	74.760
complex.1942.pdb	0	21.967	53.651
complex.1943.pdb	0	18.712	45.945
complex.1944.pdb	0	34.064	61.362
complex.1945.pdb	0	24.581	47.993
complex.1946.pdb	0	31.613	54.798
complex.1947.pdb	0	25.185	72.161
complex.1948.pdb	0	33.514	55.094
complex.1949.pdb	0	23.865	54.384
complex.1950.pdb	0	30.362	49.049
complex.1951.pdb	0	24.909	43.453
complex.1952.pdb	0	31.435	68.395
complex.1953.pdb	0	24.628	35.014
complex.1954.pdb	0.00724638	14.140	53.409
complex.1955.pdb	0	29.104	46.573
complex.1956.pdb	0	27.276	46.673
complex.1957.pdb	0	25.058	44.737
complex.1958.pdb	0	15.698	40.818
complex.1959.pdb	0	23.773	58.975
complex.1960.pdb	0	27.450	46.184
complex.1961.pdb	0	29.440	48.614
complex.1962.pdb	0	22.841	71.548
complex.1963.pdb	0	28.827	46.199
complex.1964.pdb	0	27.056	49.593
complex.1965.pdb	0	23.055	40.622
complex.1966.pdb	0	33.425	67.379
complex.1967.pdb	0	20.543	48.781
complex.1968.pdb	0	29.509	52.229
complex.1969.pdb	0	37.296	61.389
complex.1970.pdb	0.0144928	24.872	45.637
complex.1971.pdb	0	23.318	56.231
complex.1972.pdb	0	30.368	47.216
complex.1973.pdb	0	20.888	45.230
complex.1974.pdb	0	27.479	47.959
complex.1975.pdb	0	36.117	57.571
complex.1976.pdb	0	28.962	55.866
complex.1977.pdb	0	25.329	51.015
complex.1978.pdb	0.0217391	16.576	53.503
complex.1979.pdb	0	32.819	50.547
complex.1980.pdb	0	20.211	51.318
complex.1981.pdb	0	34.618	50.748
complex.1982.pdb	0	25.402	54.401
complex.1983.pdb	0	16.613	32.174
complex.1984.pdb	0	31.291	53.893
complex.1985.pdb	0.0144928	21.806	69.305
complex.1986.pdb	0.0144928	27.998	49.469
complex.1987.pdb	0	23.571	43.369
complex.1988.pdb	0	37.634	76.098
complex.1989.pdb	0	25.288	47.471
complex.1990.pdb	0	28.139	51.677
complex.1991.pdb	0	23.307	41.344
complex.1992.pdb	0	29.489	56.848
complex.1993.pdb	0.0362319	20.601	55.337
complex.1994.pdb	0	27.826	43.907
complex.1995.pdb	0	22.234	51.901
complex.1996.pdb	0	21.333	46.276
complex.1997.pdb	0	28.436	66.303
complex.1998.pdb	0.0217391	15.429	43.931
complex.1999.pdb	0	21.848	46.114
complex.2000.pdb	0	24.162	46.945
