swarm_98_163.pdb	0.0909091	5.453	38.622	36.109
swarm_3_150.pdb	0.0909091	5.396	41.508	35.646
swarm_73_94.pdb	0.030303	5.923	35.918	35.062
swarm_92_188.pdb	0.136364	4.938	41.297	34.779
swarm_82_155.pdb	0.0606061	5.817	35.584	32.637
swarm_100_185.pdb	0.0909091	5.287	45.413	31.844
swarm_88_90.pdb	0.0606061	12.709	41.498	30.901
swarm_81_42.pdb	0.030303	7.946	52.273	30.283
swarm_93_88.pdb	0.106061	5.761	38.59	30.093
swarm_95_17.pdb	0.0454545	5.631	40.691	30.037
swarm_82_144.pdb	0.0909091	5.192	46.882	29.632
swarm_99_121.pdb	0.0757576	5.419	44.213	29.603
swarm_97_138.pdb	0.151515	4.506	42.077	28.919
swarm_96_54.pdb	0.0909091	6.987	45.13	28.464
swarm_82_149.pdb	0.0454545	7.438	39.571	28.389
swarm_95_87.pdb	0.0	7.013	30.617	28.285
swarm_67_56.pdb	0.0454545	9.283	38.865	28.040
swarm_33_46.pdb	0.681818	1.123	9.541	27.937
swarm_93_100.pdb	0.0151515	13.245	35.069	27.429
swarm_82_59.pdb	0.0151515	13.666	33.943	27.288
swarm_85_163.pdb	0.227273	4.113	34.187	27.070
swarm_96_57.pdb	0.0909091	12.325	45.8	26.837
swarm_94_67.pdb	0.136364	5.289	46.702	26.718
swarm_96_179.pdb	0.121212	7.64	45.447	26.690
swarm_64_166.pdb	0.19697	6.663	23.755	26.602
swarm_49_109.pdb	0.030303	5.609	35.043	26.429
swarm_65_60.pdb	0.666667	0.978	5.785	26.319
swarm_40_186.pdb	0.151515	13.222	28.783	26.167
swarm_24_147.pdb	0.666667	1.361	4.973	25.849
swarm_67_89.pdb	0.0909091	12.642	37.855	25.805
swarm_3_26.pdb	0.0757576	4.485	40.076	25.713
swarm_81_36.pdb	0.0151515	8.778	42.792	25.605
swarm_98_117.pdb	0.0757576	5.258	43.94	25.373
swarm_84_100.pdb	0.212121	4.17	32.471	25.329
swarm_10_8.pdb	0.227273	6.828	22.238	25.248
swarm_93_47.pdb	0.0454545	8.246	37.812	25.141
swarm_94_124.pdb	0.106061	4.428	37.756	24.915
swarm_66_31.pdb	0.575758	2.124	14.572	24.794
swarm_50_33.pdb	0.530303	1.997	20.691	24.747
swarm_55_54.pdb	0.0909091	4.597	38.529	24.702
swarm_57_183.pdb	0.151515	10.848	25.551	24.632
swarm_12_27.pdb	0.651515	1.485	9.798	24.555
swarm_69_183.pdb	0.106061	6.075	38.579	24.470
swarm_4_79.pdb	0.030303	5.429	27.357	24.466
swarm_59_54.pdb	0.136364	4.288	34.818	24.462
swarm_20_15.pdb	0.0909091	12.23	40.424	24.305
swarm_34_32.pdb	0.681818	1.941	13.178	24.211
swarm_77_156.pdb	0.0757576	12.375	36.548	24.200
swarm_95_136.pdb	0.0	7.202	29.517	24.104
swarm_95_113.pdb	0.181818	7.705	35.646	24.104
swarm_31_12.pdb	0.621212	2.627	17.203	23.985
swarm_54_14.pdb	0.0151515	6.14	39.704	23.960
swarm_93_17.pdb	0.136364	11.657	41.695	23.799
swarm_25_105.pdb	0.0151515	12.587	36.05	23.683
swarm_71_75.pdb	0.030303	6.481	38.864	23.621
swarm_44_25.pdb	0.030303	6.271	25.837	23.391
swarm_44_165.pdb	0.0454545	6.467	24.87	23.151
swarm_88_30.pdb	0.0	6.579	42.196	23.101
swarm_85_109.pdb	0.439394	2.259	16.288	23.061
swarm_65_127.pdb	0.560606	1.69	14.168	23.035
swarm_76_55.pdb	0.0606061	13.961	33.258	22.945
swarm_17_131.pdb	0.106061	12.24	31.771	22.770
swarm_86_46.pdb	0.378788	2.748	24.988	22.683
swarm_70_132.pdb	0.030303	13.757	30.491	22.649
swarm_41_111.pdb	0.121212	11.445	27.2	22.559
swarm_51_188.pdb	0.151515	6.955	29.319	22.533
swarm_80_50.pdb	0.106061	10.901	29.427	22.529
swarm_70_179.pdb	0.0454545	12.082	37.117	22.424
swarm_39_156.pdb	0.0909091	13.139	29.503	22.409
swarm_1_146.pdb	0.136364	11.631	25.235	22.349
swarm_21_1.pdb	0.0151515	14.231	32.434	22.264
swarm_21_42.pdb	0.121212	12.809	28.61	22.258
swarm_55_127.pdb	0.0151515	5.339	26.554	22.179
swarm_38_152.pdb	0.0606061	13.511	32.501	22.165
swarm_80_124.pdb	0.106061	4.883	32.676	22.124
swarm_28_191.pdb	0.181818	4.051	33.402	22.041
swarm_18_165.pdb	0.121212	12.434	32.965	21.928
swarm_71_19.pdb	0.0	12.119	32.556	21.913
swarm_17_30.pdb	0.0757576	13.883	29.525	21.833
swarm_17_198.pdb	0.136364	13.692	36.205	21.810
swarm_73_152.pdb	0.166667	7.505	37.779	21.797
swarm_42_60.pdb	0.136364	10.811	25.614	21.792
swarm_40_28.pdb	0.030303	13.951	28.865	21.772
swarm_14_148.pdb	0.151515	6.94	27.78	21.693
swarm_11_3.pdb	0.0606061	8.776	26.343	21.665
swarm_88_36.pdb	0.030303	8.787	36.452	21.554
swarm_74_105.pdb	0.030303	9.136	49.136	21.533
swarm_22_174.pdb	0.166667	11.282	26.559	21.496
swarm_11_195.pdb	0.0454545	5.551	34.993	21.446
swarm_58_136.pdb	0.0	9.446	41.163	21.386
swarm_26_118.pdb	0.106061	6.43	25.208	21.308
swarm_69_164.pdb	0.106061	12.284	41.529	21.271
swarm_48_135.pdb	0.227273	6.587	15.571	21.259
swarm_47_168.pdb	0.030303	10.766	33.034	21.155
swarm_69_141.pdb	0.121212	11.277	31.287	21.137
swarm_78_122.pdb	0.0	6.954	22.738	21.090
swarm_68_58.pdb	0.151515	9.328	27.68	21.090
swarm_59_176.pdb	0.227273	4.633	43.719	21.017
swarm_52_6.pdb	0.121212	7.55	34.407	20.936
swarm_45_6.pdb	0.0151515	13.395	34.522	20.890
swarm_56_46.pdb	0.106061	11.039	36.095	20.816
swarm_58_89.pdb	0.0151515	8.374	46.493	20.806
swarm_54_21.pdb	0.0	14.079	33.098	20.771
swarm_8_11.pdb	0.469697	2.061	13.001	20.770
swarm_100_14.pdb	0.030303	8.198	44.877	20.736
swarm_5_32.pdb	0.106061	5.791	26.634	20.628
swarm_93_1.pdb	0.0454545	7.627	46.007	20.573
swarm_79_166.pdb	0.030303	13.792	29.79	20.567
swarm_54_12.pdb	0.0	9.796	38.198	20.495
swarm_91_130.pdb	0.0151515	11.714	33.08	20.488
swarm_53_7.pdb	0.106061	11.613	28.78	20.476
swarm_76_180.pdb	0.030303	13.142	32.277	20.438
swarm_92_14.pdb	0.0151515	5.838	34.464	20.412
swarm_6_112.pdb	0.0151515	9.002	35.188	20.324
swarm_4_2.pdb	0.0757576	5.557	31.035	20.301
swarm_54_102.pdb	0.0606061	12.54	35.294	20.216
swarm_39_140.pdb	0.106061	13.249	31.698	20.161
swarm_15_118.pdb	0.136364	7.46	30.825	20.158
swarm_49_184.pdb	0.151515	5.039	32.422	20.141
swarm_94_194.pdb	0.0151515	11.009	38.386	20.128
swarm_12_73.pdb	0.257576	2.773	24.321	20.123
swarm_83_4.pdb	0.0	9.397	44.718	20.090
swarm_32_110.pdb	0.272727	6.955	24.127	20.085
swarm_90_128.pdb	0.136364	11.74	39.096	20.073
swarm_46_177.pdb	0.0909091	11.725	38.471	20.030
swarm_12_96.pdb	0.348485	2.68	20.539	19.986
swarm_97_173.pdb	0.030303	10.039	40.751	19.950
swarm_99_82.pdb	0.0	12.999	34.802	19.925
swarm_22_86.pdb	0.166667	8.72	27.427	19.850
swarm_62_106.pdb	0.287879	3.846	20.985	19.741
swarm_30_182.pdb	0.19697	8.141	30.74	19.719
swarm_73_169.pdb	0.0	7.446	26.985	19.696
swarm_0_20.pdb	0.0909091	12.0	31.714	19.676
swarm_0_85.pdb	0.106061	10.805	31.62	19.584
swarm_73_74.pdb	0.0606061	7.18	31.586	19.492
swarm_87_14.pdb	0.30303	3.037	22.0	19.457
swarm_96_95.pdb	0.0454545	5.473	39.557	19.407
swarm_81_166.pdb	0.0	10.109	35.868	19.360
swarm_68_39.pdb	0.0757576	12.279	27.68	19.208
swarm_27_189.pdb	0.0151515	10.894	27.43	19.192
swarm_47_172.pdb	0.121212	10.712	29.254	19.144
swarm_29_134.pdb	0.0454545	5.89	28.558	19.041
swarm_35_18.pdb	0.106061	11.377	32.12	19.024
swarm_60_124.pdb	0.0151515	11.284	22.803	19.023
swarm_79_52.pdb	0.136364	13.738	28.278	19.011
swarm_59_17.pdb	0.0454545	7.127	37.437	19.002
swarm_62_143.pdb	0.0606061	5.537	27.742	18.969
swarm_57_181.pdb	0.106061	11.903	34.329	18.966
swarm_26_43.pdb	0.030303	9.343	34.013	18.939
swarm_77_105.pdb	0.121212	13.405	30.217	18.811
swarm_5_20.pdb	0.0909091	5.39	32.1	18.636
swarm_9_57.pdb	0.19697	6.652	16.053	18.615
swarm_78_101.pdb	0.0909091	9.095	30.0	18.512
swarm_36_162.pdb	0.0606061	12.798	48.668	18.508
swarm_77_78.pdb	0.030303	13.906	33.158	18.396
swarm_53_18.pdb	0.0151515	16.051	38.122	18.380
swarm_78_79.pdb	0.0	8.588	29.258	18.300
swarm_99_43.pdb	0.0	12.337	32.96	18.287
swarm_69_27.pdb	0.0151515	9.367	36.47	18.287
swarm_61_170.pdb	0.0151515	8.14	37.891	18.205
swarm_42_47.pdb	0.0757576	8.774	27.908	18.194
swarm_58_57.pdb	0.0151515	9.118	37.578	18.154
swarm_37_62.pdb	0.0606061	13.551	40.993	18.124
swarm_63_112.pdb	0.0	8.448	23.254	18.012
swarm_89_2.pdb	0.030303	11.341	31.097	18.000
swarm_91_70.pdb	0.0757576	10.437	27.169	17.889
swarm_53_80.pdb	0.0606061	8.536	31.267	17.871
swarm_1_66.pdb	0.151515	14.436	31.984	17.827
swarm_20_147.pdb	0.0909091	12.96	35.523	17.800
swarm_36_127.pdb	0.0606061	13.396	41.365	17.705
swarm_29_46.pdb	0.484848	2.591	10.82	17.657
swarm_73_18.pdb	0.0	11.283	31.371	17.620
swarm_40_17.pdb	0.106061	13.444	31.474	17.545
swarm_19_148.pdb	0.106061	12.835	31.698	17.528
swarm_53_139.pdb	0.0151515	9.524	33.842	17.527
swarm_11_16.pdb	0.0757576	7.228	31.211	17.525
swarm_98_14.pdb	0.0606061	8.111	33.541	17.396
swarm_67_7.pdb	0.0757576	9.141	44.612	17.341
swarm_75_135.pdb	0.0454545	12.386	42.202	17.291
swarm_72_148.pdb	0.106061	7.359	24.085	17.238
swarm_72_12.pdb	0.030303	8.87	24.19	17.221
swarm_46_143.pdb	0.0909091	12.52	40.396	17.153
swarm_81_25.pdb	0.0151515	9.405	36.996	17.152
swarm_91_120.pdb	0.0	11.805	42.376	17.121
swarm_68_155.pdb	0.0606061	13.82	31.721	17.107
swarm_81_142.pdb	0.0606061	9.684	34.855	16.955
swarm_13_67.pdb	0.136364	4.727	23.812	16.890
swarm_4_125.pdb	0.0909091	7.55	29.546	16.872
swarm_87_25.pdb	0.0	13.538	31.839	16.788
swarm_64_23.pdb	0.0757576	9.129	24.956	16.748
swarm_83_3.pdb	0.0606061	9.502	42.471	16.733
swarm_13_179.pdb	0.0606061	5.381	27.59	16.666
swarm_45_101.pdb	0.0606061	9.93	28.771	16.636
swarm_16_75.pdb	0.0606061	12.394	38.997	16.612
swarm_75_180.pdb	0.0757576	12.45	34.363	16.554
swarm_72_119.pdb	0.0151515	9.168	22.795	16.531
swarm_88_112.pdb	0.0	8.43	40.938	16.502
swarm_88_34.pdb	0.136364	11.273	43.444	16.451
swarm_18_101.pdb	0.0151515	10.332	38.86	16.377
swarm_55_167.pdb	0.0454545	11.028	39.796	16.342
swarm_31_86.pdb	0.151515	7.838	24.334	16.201
swarm_83_159.pdb	0.0454545	9.664	48.308	16.182
swarm_35_156.pdb	0.0757576	13.192	43.491	16.153
swarm_90_79.pdb	0.106061	7.508	35.899	16.150
swarm_22_115.pdb	0.0606061	12.55	26.015	16.120
swarm_47_62.pdb	0.0606061	8.81	28.257	16.081
swarm_21_102.pdb	0.0909091	13.223	29.681	16.074
swarm_23_3.pdb	0.0909091	13.156	30.34	16.012
swarm_80_178.pdb	0.0151515	8.559	30.002	15.985
swarm_49_91.pdb	0.0	10.202	32.807	15.941
swarm_80_38.pdb	0.181818	9.299	28.654	15.913
swarm_91_179.pdb	0.0151515	7.598	23.788	15.909
swarm_5_133.pdb	0.0606061	8.566	32.242	15.859
swarm_53_34.pdb	0.0	11.112	28.179	15.847
swarm_2_20.pdb	0.106061	12.288	41.186	15.780
swarm_23_114.pdb	0.0909091	12.328	38.843	15.631
swarm_0_30.pdb	0.0909091	14.352	36.731	15.627
swarm_58_49.pdb	0.0151515	8.285	29.54	15.597
swarm_7_31.pdb	0.0606061	5.021	16.098	15.532
swarm_30_94.pdb	0.0	9.833	28.991	15.499
swarm_7_105.pdb	0.030303	5.51	13.286	15.472
swarm_57_176.pdb	0.0909091	13.017	33.675	15.439
swarm_90_132.pdb	0.151515	9.616	25.929	15.436
swarm_30_5.pdb	0.0606061	7.725	22.244	15.383
swarm_30_83.pdb	0.0	12.908	34.508	15.373
swarm_29_175.pdb	0.0909091	6.104	36.284	15.344
swarm_95_181.pdb	0.0	10.194	33.652	15.246
swarm_9_97.pdb	0.0757576	6.977	21.187	15.239
swarm_4_182.pdb	0.0454545	10.749	35.774	15.176
swarm_50_70.pdb	0.257576	1.941	3.503	15.114
swarm_75_46.pdb	0.030303	13.24	42.233	15.077
swarm_13_12.pdb	0.030303	5.543	11.977	15.013
swarm_42_55.pdb	0.181818	5.805	31.949	14.952
swarm_88_74.pdb	0.181818	12.071	36.021	14.947
swarm_77_170.pdb	0.0757576	13.361	30.735	14.770
swarm_63_72.pdb	0.0606061	7.658	22.629	14.760
swarm_43_84.pdb	0.106061	12.343	42.105	14.692
swarm_25_91.pdb	0.0606061	12.899	32.803	14.571
swarm_45_44.pdb	0.0606061	8.713	26.704	14.566
swarm_8_56.pdb	0.0454545	5.295	9.553	14.537
swarm_44_85.pdb	0.166667	9.513	26.648	14.495
swarm_32_57.pdb	0.0	9.23	24.67	14.454
swarm_44_59.pdb	0.0606061	11.331	29.158	14.395
swarm_89_187.pdb	0.0151515	7.46	30.272	14.375
swarm_89_69.pdb	0.0454545	7.603	42.665	14.286
swarm_60_77.pdb	0.0151515	8.285	29.899	14.199
swarm_48_114.pdb	0.106061	7.445	21.332	14.107
swarm_11_130.pdb	0.0	10.28	23.852	14.084
swarm_61_172.pdb	0.0151515	8.467	40.754	14.047
swarm_3_51.pdb	0.0	12.317	37.815	14.006
swarm_87_73.pdb	0.0151515	8.971	32.746	13.942
swarm_79_191.pdb	0.0454545	13.776	31.025	13.936
swarm_80_141.pdb	0.0	7.411	21.241	13.796
swarm_86_18.pdb	0.121212	8.415	15.997	13.779
swarm_16_163.pdb	0.030303	13.69	40.832	13.706
swarm_25_153.pdb	0.0151515	13.384	33.873	13.690
swarm_16_35.pdb	0.030303	10.682	39.397	13.578
swarm_19_196.pdb	0.121212	12.2	40.058	13.547
swarm_30_0.pdb	0.0	9.667	30.866	13.507
swarm_86_133.pdb	0.0	13.603	28.65	13.403
swarm_50_4.pdb	0.0606061	5.595	22.259	13.219
swarm_43_16.pdb	0.0151515	13.857	37.931	13.064
swarm_71_85.pdb	0.0454545	8.74	24.099	12.751
swarm_13_154.pdb	0.151515	6.084	32.837	12.617
swarm_82_191.pdb	0.0454545	9.038	35.878	12.586
swarm_61_97.pdb	0.0151515	7.602	23.669	12.429
swarm_3_68.pdb	0.0	11.236	33.793	12.304
swarm_62_138.pdb	0.030303	7.078	33.236	12.278
swarm_71_7.pdb	0.030303	12.109	30.719	12.162
swarm_76_10.pdb	0.0909091	13.222	40.354	12.038
swarm_66_129.pdb	0.19697	4.848	27.073	11.974
swarm_27_39.pdb	0.166667	12.01	36.668	11.906
swarm_79_75.pdb	0.151515	12.103	35.757	11.752
swarm_61_8.pdb	0.212121	6.322	35.922	11.722
swarm_75_1.pdb	0.0	12.092	45.42	11.702
swarm_65_80.pdb	0.287879	4.666	17.878	11.686
swarm_56_168.pdb	0.0151515	9.978	39.783	11.671
swarm_66_28.pdb	0.19697	7.559	21.26	11.659
swarm_42_73.pdb	0.0454545	9.707	23.346	11.639
swarm_38_26.pdb	0.0	14.217	40.444	11.589
swarm_43_23.pdb	0.106061	13.161	33.617	11.521
swarm_14_103.pdb	0.227273	8.084	23.571	11.272
swarm_2_84.pdb	0.0909091	12.798	36.736	11.227
swarm_42_50.pdb	0.0151515	9.608	31.572	11.206
swarm_20_161.pdb	0.106061	10.481	38.619	11.194
swarm_7_46.pdb	0.151515	4.574	26.145	10.941
swarm_52_81.pdb	0.0	11.311	31.234	10.861
swarm_22_137.pdb	0.030303	8.113	27.089	10.779
swarm_92_102.pdb	0.0151515	8.418	33.805	10.776
swarm_7_3.pdb	0.0151515	6.853	14.318	10.755
swarm_85_19.pdb	0.0606061	7.376	24.354	10.720
swarm_1_155.pdb	0.0606061	12.068	29.71	10.681
swarm_92_17.pdb	0.0	11.777	29.09	10.606
swarm_22_193.pdb	0.0	13.41	26.247	10.558
swarm_8_141.pdb	0.181818	4.61	23.946	10.414
swarm_60_35.pdb	0.121212	7.398	29.007	10.030
swarm_42_179.pdb	0.0	8.349	21.507	9.954
swarm_21_131.pdb	0.0757576	12.798	30.341	9.848
swarm_48_54.pdb	0.0151515	8.514	28.118	9.827
swarm_42_118.pdb	0.166667	11.79	34.885	9.683
swarm_62_80.pdb	0.151515	4.079	10.26	9.670
swarm_21_136.pdb	0.0151515	14.291	30.181	9.641
swarm_51_106.pdb	0.0454545	8.673	41.148	9.613
swarm_88_126.pdb	0.0454545	9.094	32.847	9.352
swarm_99_141.pdb	0.0454545	8.516	39.144	9.171
swarm_45_163.pdb	0.0	12.22	26.548	9.148
swarm_29_152.pdb	0.0	10.588	24.378	9.124
swarm_59_75.pdb	0.0151515	10.473	29.929	8.990
swarm_74_5.pdb	0.0	14.41	39.567	8.988
swarm_18_2.pdb	0.121212	11.928	34.118	8.849
swarm_12_198.pdb	0.0757576	5.045	23.413	8.772
swarm_83_148.pdb	0.0	10.084	45.142	8.403
swarm_34_15.pdb	0.0454545	5.194	34.474	8.012
swarm_84_168.pdb	0.0151515	7.319	33.492	7.889
swarm_86_199.pdb	0.106061	5.26	25.67	7.887
swarm_77_149.pdb	0.166667	9.762	39.499	7.860
swarm_75_110.pdb	0.0151515	14.194	43.004	7.823
swarm_47_63.pdb	0.030303	9.463	38.695	7.731
swarm_41_20.pdb	0.0454545	11.304	26.373	7.322
swarm_26_198.pdb	0.19697	8.497	37.697	7.289
swarm_46_149.pdb	0.136364	9.673	30.074	7.217
swarm_51_120.pdb	0.0	13.84	27.421	6.913
swarm_51_144.pdb	0.121212	9.369	26.757	6.880
swarm_35_101.pdb	0.0454545	13.596	35.726	6.819
swarm_23_30.pdb	0.121212	12.531	37.74	6.512
swarm_83_141.pdb	0.030303	7.8	40.335	6.507
swarm_2_9.pdb	0.0151515	11.114	40.027	6.152
swarm_32_124.pdb	0.0	10.696	34.616	5.974
swarm_4_41.pdb	0.257576	8.027	34.632	5.940
swarm_13_97.pdb	0.424242	3.925	32.302	5.589
swarm_11_10.pdb	0.030303	5.399	35.508	5.506
swarm_44_123.pdb	0.0151515	11.023	28.938	5.214
swarm_74_147.pdb	0.0	12.715	39.357	4.987
swarm_50_2.pdb	0.0	10.566	23.214	4.940
swarm_30_131.pdb	0.0151515	10.871	25.479	4.651
swarm_97_60.pdb	0.030303	7.115	35.789	4.634
swarm_74_110.pdb	0.0	11.249	40.688	4.156
swarm_27_155.pdb	0.0606061	8.891	36.517	4.001
swarm_81_61.pdb	0.212121	8.262	38.038	3.405
swarm_35_152.pdb	0.151515	13.727	41.957	2.993
swarm_27_148.pdb	0.0606061	12.92	25.923	2.843
swarm_45_120.pdb	0.0151515	9.222	39.113	2.525
swarm_87_37.pdb	0.0	10.903	42.314	2.322
swarm_22_170.pdb	0.0757576	9.054	28.758	2.314
swarm_48_137.pdb	0.0	11.989	24.798	2.261
swarm_9_76.pdb	0.0151515	10.013	23.437	1.799
swarm_63_143.pdb	0.0	9.237	28.096	1.700
swarm_74_47.pdb	0.0	13.141	45.647	1.475
swarm_63_28.pdb	0.0151515	10.099	33.995	1.242
swarm_5_91.pdb	0.0757576	8.448	27.384	0.615
swarm_44_30.pdb	0.030303	6.743	26.424	0.521
swarm_48_59.pdb	0.0606061	7.91	20.757	0.152
swarm_90_151.pdb	0.136364	12.198	38.904	-0.311
swarm_36_52.pdb	0.136364	13.818	49.114	-0.892
swarm_68_193.pdb	0.0	12.395	33.358	-1.165
swarm_90_133.pdb	0.0606061	11.793	40.979	-1.452
swarm_77_93.pdb	0.0909091	10.382	35.632	-1.749
swarm_14_102.pdb	0.0151515	9.73	30.596	-1.749
swarm_55_169.pdb	0.030303	12.474	34.095	-2.217
swarm_70_79.pdb	0.0151515	10.946	31.585	-2.443
swarm_72_101.pdb	0.0	10.591	22.175	-2.522
swarm_60_118.pdb	0.0151515	10.498	23.198	-3.135
swarm_67_65.pdb	0.030303	10.681	31.47	-3.266
swarm_54_71.pdb	0.0151515	9.886	37.153	-3.362
swarm_97_8.pdb	0.0151515	9.166	33.061	-3.371
swarm_13_73.pdb	0.106061	8.348	23.526	-3.640
swarm_89_122.pdb	0.0454545	11.763	28.225	-4.052
swarm_90_150.pdb	0.0757576	11.142	32.99	-4.600
swarm_97_87.pdb	0.0454545	12.925	33.278	-4.704
swarm_25_62.pdb	0.030303	11.497	33.548	-4.781
swarm_87_143.pdb	0.0454545	6.18	42.01	-4.949
swarm_74_162.pdb	0.0	10.348	32.052	-5.848
swarm_36_124.pdb	0.136364	13.096	51.661	-6.491
swarm_46_145.pdb	0.106061	12.737	36.571	-6.578
swarm_41_35.pdb	0.0454545	7.156	34.349	-7.378
swarm_83_86.pdb	0.0151515	8.35	51.054	-7.403
swarm_17_142.pdb	0.0151515	15.744	31.401	-8.126
swarm_9_96.pdb	0.166667	8.266	22.155	-10.084
swarm_47_96.pdb	0.0454545	10.632	21.593	-10.467
swarm_7_143.pdb	0.136364	5.335	32.677	-10.688
swarm_10_65.pdb	0.0151515	10.23	32.556	-10.709
swarm_84_181.pdb	0.0151515	8.941	27.64	-10.887
swarm_46_121.pdb	0.106061	8.302	39.074	-11.963
swarm_57_113.pdb	0.136364	13.575	35.28	-12.318
swarm_51_44.pdb	0.0	13.271	32.799	-12.348
swarm_15_119.pdb	0.0151515	10.534	39.229	-13.393
swarm_84_156.pdb	0.409091	4.607	44.116	-13.758
swarm_24_77.pdb	0.242424	4.061	20.976	-14.554
swarm_39_131.pdb	0.19697	13.074	33.318	-14.830
swarm_21_166.pdb	0.0151515	12.851	37.449	-15.000
swarm_53_92.pdb	0.121212	8.858	41.436	-15.431
swarm_58_71.pdb	0.0909091	7.781	45.35	-15.571
swarm_75_128.pdb	0.106061	12.194	41.342	-15.953
swarm_57_50.pdb	0.181818	12.176	34.196	-16.010
swarm_15_157.pdb	0.0151515	7.795	29.074	-16.215
swarm_2_77.pdb	0.030303	9.172	39.626	-17.025
swarm_68_97.pdb	0.151515	7.949	30.498	-17.572
swarm_27_177.pdb	0.030303	9.456	36.155	-17.723
swarm_17_127.pdb	0.106061	13.482	36.909	-18.185
swarm_64_121.pdb	0.106061	8.197	26.5	-18.751
swarm_47_176.pdb	0.0757576	9.276	35.534	-19.520
swarm_60_38.pdb	0.0	11.881	23.317	-19.857
swarm_27_1.pdb	0.0606061	9.35	37.204	-19.930
swarm_37_186.pdb	0.151515	13.494	47.674	-20.864
swarm_35_163.pdb	0.19697	13.259	39.674	-20.965
swarm_50_96.pdb	0.0	8.477	19.035	-21.038
swarm_9_125.pdb	0.272727	9.446	23.573	-21.242
swarm_87_62.pdb	0.151515	5.835	36.402	-22.558
swarm_35_0.pdb	0.0606061	14.718	32.079	-22.923
swarm_96_131.pdb	0.181818	9.527	38.025	-23.120
swarm_52_67.pdb	0.136364	5.277	42.212	-23.517
swarm_2_177.pdb	0.151515	12.134	34.462	-23.629
swarm_22_68.pdb	0.151515	10.437	25.356	-24.199
swarm_64_164.pdb	0.106061	9.657	39.48	-24.470
swarm_1_45.pdb	0.0151515	11.262	31.516	-24.931
swarm_28_192.pdb	0.0151515	9.292	19.664	-25.330
swarm_36_113.pdb	0.121212	11.276	41.903	-26.354
swarm_23_81.pdb	0.181818	10.958	29.501	-28.739
swarm_29_86.pdb	0.0	8.211	32.944	-30.104
swarm_56_175.pdb	0.0454545	9.093	42.12	-30.637
swarm_22_148.pdb	0.030303	9.71	24.292	-32.645
swarm_49_187.pdb	0.0606061	6.886	15.619	-32.775
swarm_83_81.pdb	0.0	15.144	35.72	-33.555
swarm_1_26.pdb	0.0151515	8.532	32.684	-34.004
swarm_39_87.pdb	0.136364	12.95	32.898	-34.208
swarm_24_156.pdb	0.121212	5.232	18.469	-34.314
swarm_94_169.pdb	0.030303	7.323	30.771	-35.254
swarm_6_86.pdb	0.030303	7.82	40.548	-35.530
swarm_85_167.pdb	0.0	9.384	13.87	-35.802
swarm_18_146.pdb	0.121212	13.581	37.739	-36.304
swarm_18_48.pdb	0.166667	12.585	34.424	-36.691
swarm_37_81.pdb	0.166667	12.071	42.906	-37.010
swarm_44_137.pdb	0.257576	9.121	30.889	-37.758
swarm_65_133.pdb	0.212121	6.538	19.537	-38.637
swarm_45_126.pdb	0.0151515	8.76	33.81	-38.862
swarm_61_147.pdb	0.0	9.601	54.791	-39.098
swarm_98_185.pdb	0.0	9.221	21.543	-41.164
swarm_37_134.pdb	0.181818	13.851	39.237	-41.486
swarm_86_30.pdb	0.106061	6.239	25.426	-41.531
swarm_41_64.pdb	0.227273	11.777	36.741	-41.828
swarm_7_51.pdb	0.242424	5.308	31.292	-42.354
swarm_75_167.pdb	0.0757576	13.892	43.643	-42.594
swarm_31_111.pdb	0.0	10.09	25.229	-42.702
swarm_66_19.pdb	0.106061	7.713	16.065	-42.766
swarm_42_59.pdb	0.0606061	9.672	26.96	-43.055
swarm_24_154.pdb	0.19697	5.589	24.337	-43.134
swarm_67_169.pdb	0.181818	12.844	38.546	-43.613
swarm_95_164.pdb	0.030303	12.225	37.585	-44.583
swarm_0_164.pdb	0.0606061	13.113	27.77	-44.641
swarm_87_66.pdb	0.0	9.927	18.827	-44.663
swarm_75_21.pdb	0.106061	14.044	34.848	-45.369
swarm_76_100.pdb	0.106061	14.516	35.1	-45.544
swarm_92_66.pdb	0.030303	7.375	18.454	-45.682
swarm_23_77.pdb	0.181818	11.583	29.712	-46.157
swarm_78_104.pdb	0.166667	10.285	28.309	-46.342
swarm_43_86.pdb	0.242424	11.129	46.569	-47.002
swarm_7_33.pdb	0.136364	7.222	29.404	-47.347
swarm_43_93.pdb	0.106061	9.615	41.476	-47.673
swarm_29_54.pdb	0.0	9.527	18.491	-47.965
swarm_57_94.pdb	0.227273	11.588	25.032	-48.056
swarm_10_0.pdb	0.166667	9.437	20.335	-48.705
swarm_25_186.pdb	0.0151515	9.641	36.809	-48.849
swarm_12_176.pdb	0.0	9.378	23.22	-48.877
swarm_24_47.pdb	0.378788	5.258	11.651	-49.779
swarm_21_115.pdb	0.0454545	10.18	32.177	-50.087
swarm_79_173.pdb	0.0909091	11.144	32.11	-51.545
swarm_73_194.pdb	0.030303	11.609	26.227	-51.729
swarm_91_87.pdb	0.181818	10.125	20.268	-53.103
swarm_54_45.pdb	0.0151515	9.841	34.623	-53.414
swarm_29_167.pdb	0.30303	5.419	15.144	-54.267
swarm_25_90.pdb	0.0757576	9.214	33.176	-54.621
swarm_46_82.pdb	0.136364	11.5	42.126	-54.686
swarm_24_62.pdb	0.0	10.254	21.747	-54.688
swarm_62_167.pdb	0.030303	8.733	20.681	-55.039
swarm_53_180.pdb	0.181818	11.524	41.029	-55.650
swarm_32_167.pdb	0.0	11.091	38.348	-55.863
swarm_1_121.pdb	0.136364	11.102	29.051	-57.284
swarm_12_185.pdb	0.0151515	7.324	28.623	-57.399
swarm_3_192.pdb	0.0909091	6.768	40.424	-57.730
swarm_52_20.pdb	0.19697	7.728	25.398	-57.741
swarm_34_177.pdb	0.378788	4.686	25.886	-58.165
swarm_71_56.pdb	0.0757576	11.245	24.392	-59.442
swarm_75_150.pdb	0.106061	14.883	42.047	-60.002
swarm_33_78.pdb	0.318182	5.031	11.665	-60.681
swarm_14_114.pdb	0.0	10.558	30.786	-60.759
swarm_80_144.pdb	0.0454545	7.823	36.293	-61.914
swarm_57_141.pdb	0.181818	12.321	38.719	-62.181
swarm_27_160.pdb	0.121212	7.027	31.349	-62.606
swarm_18_157.pdb	0.121212	10.148	37.618	-63.171
swarm_19_12.pdb	0.19697	12.215	31.278	-63.509
swarm_49_163.pdb	0.106061	8.14	29.7	-64.348
swarm_21_7.pdb	0.151515	9.997	30.779	-65.192
swarm_43_174.pdb	0.212121	12.135	44.566	-65.397
swarm_95_65.pdb	0.0454545	12.3	28.646	-66.962
swarm_43_143.pdb	0.0	11.554	34.007	-67.165
swarm_12_57.pdb	0.0	10.687	18.631	-67.209
swarm_10_150.pdb	0.30303	8.731	20.384	-68.429
swarm_62_89.pdb	0.272727	5.345	26.381	-68.657
swarm_12_124.pdb	0.484848	5.476	34.053	-69.062
swarm_61_84.pdb	0.030303	8.364	23.971	-70.208
swarm_19_123.pdb	0.166667	12.753	40.321	-70.217
swarm_7_9.pdb	0.227273	5.933	22.455	-71.018
swarm_75_127.pdb	0.0909091	13.335	47.684	-71.662
swarm_28_152.pdb	0.469697	5.165	31.19	-72.042
swarm_98_26.pdb	0.363636	6.893	31.673	-72.476
swarm_4_32.pdb	0.0	11.146	36.724	-73.672
swarm_16_55.pdb	0.166667	14.592	34.016	-74.554
swarm_75_129.pdb	0.121212	13.573	43.884	-75.184
swarm_39_54.pdb	0.0151515	10.509	39.622	-78.943
swarm_16_99.pdb	0.166667	13.024	34.999	-79.139
swarm_6_77.pdb	0.287879	6.244	34.838	-81.454
swarm_44_36.pdb	0.318182	9.689	33.559	-82.350
swarm_68_157.pdb	0.0454545	10.171	34.148	-83.076
swarm_29_11.pdb	0.0	10.994	28.386	-83.159
swarm_15_32.pdb	0.0	8.828	27.808	-86.184
swarm_0_163.pdb	0.0606061	14.101	36.491	-86.284
swarm_47_194.pdb	0.227273	8.298	30.506	-86.327
swarm_92_16.pdb	0.0454545	12.356	23.558	-87.049
swarm_51_157.pdb	0.242424	8.473	35.01	-87.184
swarm_33_15.pdb	0.0	9.061	22.873	-88.463
swarm_6_184.pdb	0.272727	8.136	35.69	-89.357
swarm_98_0.pdb	0.030303	11.831	33.855	-90.079
swarm_100_66.pdb	0.0454545	7.419	36.197	-90.529
swarm_21_135.pdb	0.0757576	9.844	32.053	-90.777
swarm_84_60.pdb	0.0454545	7.408	36.399	-91.349
swarm_38_39.pdb	0.030303	16.418	31.892	-91.457
swarm_63_113.pdb	0.106061	9.141	33.247	-91.926
swarm_57_146.pdb	0.166667	9.559	38.61	-93.584
swarm_14_110.pdb	0.030303	10.168	22.524	-93.635
swarm_30_175.pdb	0.0454545	10.784	30.502	-94.136
swarm_36_5.pdb	0.151515	14.92	39.324	-95.568
swarm_50_135.pdb	0.0	8.694	20.144	-96.668
swarm_58_147.pdb	0.0	10.682	29.77	-97.749
swarm_97_33.pdb	0.424242	6.823	40.292	-98.033
swarm_14_170.pdb	0.136364	10.39	39.601	-99.376
swarm_17_144.pdb	0.0454545	15.967	32.535	-100.458
swarm_10_63.pdb	0.106061	10.191	30.644	-102.136
swarm_61_181.pdb	0.0757576	7.4	37.077	-103.142
swarm_81_189.pdb	0.0	11.383	34.935	-103.249
swarm_49_24.pdb	0.409091	6.855	28.208	-103.397
swarm_48_158.pdb	0.106061	12.85	30.412	-105.026
swarm_37_59.pdb	0.0151515	13.217	31.594	-109.493
swarm_8_137.pdb	0.030303	7.932	17.824	-109.971
swarm_67_130.pdb	0.181818	13.085	33.695	-111.500
swarm_21_90.pdb	0.0151515	10.904	34.076	-111.885
swarm_57_171.pdb	0.0151515	7.915	32.864	-112.226
swarm_8_115.pdb	0.166667	7.188	27.855	-112.612
swarm_18_107.pdb	0.0909091	11.738	34.215	-112.894
swarm_31_74.pdb	0.030303	8.899	16.164	-113.147
swarm_78_165.pdb	0.030303	11.193	33.334	-114.348
swarm_20_169.pdb	0.0757576	8.419	36.693	-115.157
swarm_74_56.pdb	0.0	11.117	34.253	-116.183
swarm_70_148.pdb	0.106061	13.132	39.092	-116.225
swarm_5_112.pdb	0.030303	9.302	35.276	-116.276
swarm_33_120.pdb	0.121212	7.307	25.597	-116.450
swarm_93_113.pdb	0.0151515	7.826	34.117	-116.586
swarm_32_160.pdb	0.0151515	10.107	29.774	-116.854
swarm_28_77.pdb	0.121212	8.983	23.723	-117.462
swarm_46_139.pdb	0.121212	14.917	37.707	-119.174
swarm_13_50.pdb	0.0	9.137	32.228	-119.297
swarm_68_34.pdb	0.0	11.816	35.893	-121.681
swarm_6_194.pdb	0.0	10.832	35.479	-122.263
swarm_86_49.pdb	0.181818	7.277	34.472	-124.550
swarm_55_28.pdb	0.030303	7.899	32.553	-125.100
swarm_66_163.pdb	0.0606061	7.451	16.691	-125.361
swarm_37_21.pdb	0.0	15.556	37.324	-127.624
swarm_34_99.pdb	0.121212	7.037	39.054	-128.391
swarm_90_100.pdb	0.136364	11.674	40.925	-128.735
swarm_0_182.pdb	0.227273	10.083	36.828	-129.340
swarm_17_116.pdb	0.106061	12.348	35.531	-129.750
swarm_29_185.pdb	0.136364	7.863	36.819	-131.050
swarm_47_182.pdb	0.151515	13.274	27.927	-132.079
swarm_4_149.pdb	0.333333	6.633	27.747	-132.300
swarm_1_122.pdb	0.0151515	14.179	32.652	-133.858
swarm_53_20.pdb	0.0454545	8.98	38.192	-134.241
swarm_60_188.pdb	0.0454545	9.501	35.293	-134.688
swarm_31_34.pdb	0.151515	7.385	35.943	-134.968
swarm_78_84.pdb	0.0	10.032	29.757	-135.508
swarm_23_99.pdb	0.106061	14.593	38.147	-137.557
swarm_26_140.pdb	0.136364	9.858	35.273	-138.035
swarm_32_43.pdb	0.030303	8.066	25.522	-138.197
swarm_29_121.pdb	0.0	11.582	19.751	-138.789
swarm_14_186.pdb	0.0454545	9.168	26.495	-139.161
swarm_73_82.pdb	0.0757576	10.112	25.614	-139.374
swarm_22_53.pdb	0.0909091	7.522	29.572	-141.084
swarm_28_45.pdb	0.181818	7.868	38.567	-142.891
swarm_48_21.pdb	0.19697	9.866	22.676	-142.977
swarm_17_39.pdb	0.151515	11.845	37.648	-144.113
swarm_96_36.pdb	0.151515	13.094	37.072	-146.323
swarm_40_188.pdb	0.0909091	10.397	32.285	-146.351
swarm_7_84.pdb	0.0	11.296	25.021	-147.261
swarm_47_156.pdb	0.166667	8.632	39.018	-147.694
swarm_45_93.pdb	0.242424	10.574	38.632	-148.342
swarm_51_111.pdb	0.0	10.882	34.104	-149.688
swarm_41_121.pdb	0.0757576	7.586	29.714	-149.773
swarm_36_81.pdb	0.0757576	11.514	43.917	-150.036
swarm_19_161.pdb	0.0151515	11.749	32.89	-150.054
swarm_69_64.pdb	0.181818	12.552	38.609	-152.296
swarm_21_40.pdb	0.106061	14.855	37.937	-153.520
swarm_22_82.pdb	0.0151515	9.862	32.092	-154.651
swarm_81_186.pdb	0.0	13.93	35.536	-155.125
swarm_9_111.pdb	0.0757576	8.912	23.054	-156.954
swarm_52_153.pdb	0.106061	10.699	39.813	-157.304
swarm_89_77.pdb	0.0	13.912	37.735	-157.715
swarm_44_184.pdb	0.0151515	8.757	27.114	-158.414
swarm_32_126.pdb	0.0454545	8.733	24.009	-159.015
swarm_36_160.pdb	0.0454545	14.89	44.259	-160.554
swarm_85_144.pdb	0.272727	7.346	35.105	-161.143
swarm_56_11.pdb	0.121212	12.818	31.224	-161.482
swarm_69_26.pdb	0.121212	6.281	32.942	-161.795
swarm_94_50.pdb	0.181818	7.303	38.427	-161.858
swarm_96_80.pdb	0.0454545	10.857	33.594	-162.360
swarm_74_183.pdb	0.030303	8.996	36.375	-163.034
swarm_86_108.pdb	0.0606061	9.025	22.173	-164.604
swarm_60_61.pdb	0.242424	10.266	31.118	-164.985
swarm_84_160.pdb	0.19697	10.732	30.701	-166.502
swarm_82_32.pdb	0.106061	12.913	30.775	-166.828
swarm_98_10.pdb	0.424242	6.693	45.57	-167.854
swarm_5_160.pdb	0.333333	7.914	35.028	-171.161
swarm_100_123.pdb	0.0151515	8.155	39.969	-171.306
swarm_74_59.pdb	0.166667	7.212	46.413	-171.332
swarm_19_117.pdb	0.0151515	14.676	34.318	-171.377
swarm_76_166.pdb	0.030303	14.84	40.081	-171.995
swarm_36_45.pdb	0.0454545	12.429	36.491	-172.538
swarm_19_21.pdb	0.0	10.326	33.993	-173.240
swarm_22_172.pdb	0.0151515	8.733	31.039	-174.210
swarm_59_173.pdb	0.212121	10.955	25.614	-174.398
swarm_71_152.pdb	0.0606061	8.77	38.113	-174.609
swarm_25_99.pdb	0.0909091	9.167	36.269	-175.008
swarm_57_2.pdb	0.0454545	11.385	26.774	-175.974
swarm_72_46.pdb	0.0909091	9.744	28.717	-177.640
swarm_48_32.pdb	0.166667	11.339	32.077	-179.743
swarm_72_141.pdb	0.106061	12.167	26.492	-181.108
swarm_100_16.pdb	0.181818	12.983	35.624	-188.028
swarm_65_40.pdb	0.0151515	9.564	22.719	-192.182
swarm_92_30.pdb	0.121212	9.178	34.061	-192.849
swarm_26_23.pdb	0.166667	10.031	39.779	-193.033
swarm_37_132.pdb	0.0454545	8.479	46.838	-193.230
swarm_78_56.pdb	0.0454545	11.44	37.754	-193.420
swarm_92_184.pdb	0.545455	7.197	39.801	-194.541
swarm_41_181.pdb	0.030303	8.819	37.827	-204.329
swarm_90_35.pdb	0.0151515	7.819	38.259	-205.382
swarm_7_188.pdb	0.0151515	9.691	30.219	-205.999
swarm_35_95.pdb	0.0151515	12.891	34.106	-208.713
swarm_75_67.pdb	0.0454545	11.064	49.216	-212.852
swarm_61_107.pdb	0.136364	9.071	33.761	-214.302
swarm_100_169.pdb	0.19697	14.234	38.095	-222.823
swarm_66_85.pdb	0.030303	10.322	26.761	-223.552
swarm_91_100.pdb	0.0909091	13.196	33.75	-223.677
swarm_93_72.pdb	0.151515	14.675	43.511	-223.790
swarm_60_177.pdb	0.151515	13.366	27.562	-223.875
swarm_33_17.pdb	0.242424	7.726	22.362	-223.877
swarm_80_159.pdb	0.19697	7.81	38.943	-224.002
swarm_29_91.pdb	0.0454545	9.656	30.034	-224.972
swarm_99_32.pdb	0.0454545	8.626	42.237	-228.181
swarm_69_91.pdb	0.121212	7.17	40.6	-228.446
swarm_68_173.pdb	0.0	10.308	33.245	-232.259
swarm_71_194.pdb	0.106061	13.576	32.153	-239.984
swarm_100_98.pdb	0.212121	7.45	43.008	-240.654
swarm_59_41.pdb	0.0454545	9.707	33.466	-243.262
swarm_94_183.pdb	0.030303	12.955	37.153	-243.779
swarm_52_25.pdb	0.0	11.605	35.417	-252.067
swarm_84_1.pdb	0.212121	12.171	25.997	-257.386
swarm_74_180.pdb	0.0757576	11.087	45.431	-274.005
swarm_80_171.pdb	0.0909091	8.718	35.053	-274.018
swarm_99_166.pdb	0.166667	13.824	35.942	-275.540
swarm_28_117.pdb	0.030303	10.906	32.316	-282.117
swarm_36_82.pdb	0.030303	8.518	46.713	-282.173
swarm_69_157.pdb	0.0606061	12.74	34.07	-288.889
swarm_87_147.pdb	0.0909091	10.695	32.049	-304.448
swarm_82_108.pdb	0.0	10.561	39.827	-363.152
swarm_93_76.pdb	0.0909091	10.697	45.43	-368.784
swarm_49_36.pdb	0.030303	11.076	30.801	-371.000
swarm_3_72.pdb	0.030303	13.823	42.276	-392.496
swarm_97_82.pdb	0.0151515	11.759	36.413	-429.012
swarm_92_18.pdb	0.0151515	12.318	33.135	-453.921
swarm_88_44.pdb	0.0151515	10.149	41.369	-464.037
