swarm_54_79.pdb	0.0185185	7.465	15.870	49.676
swarm_47_3.pdb	0.095926	4.285	7.673	48.873
swarm_54_113.pdb	0	5.973	13.728	38.722
swarm_53_131.pdb	0	8.940	21.281	36.912
swarm_48_0.pdb	0	11.557	21.035	33.981
swarm_41_153.pdb	0.0185185	10.679	21.321	32.883
swarm_42_168.pdb	0	12.877	25.813	32.002
swarm_39_8.pdb	0.0555556	6.690	12.495	30.769
swarm_51_125.pdb	0.37037	3.039	5.620	29.437
swarm_33_174.pdb	0	12.625	30.628	27.560
swarm_9_25.pdb	0.0185185	11.902	26.105	26.669
swarm_46_51.pdb	0.0555556	13.800	30.060	26.647
swarm_41_40.pdb	0	9.719	21.764	23.710
swarm_29_40.pdb	0	16.019	35.116	23.509
swarm_28_46.pdb	0	16.371	27.230	23.253
swarm_48_187.pdb	0	11.458	24.109	23.129
swarm_38_121.pdb	0.0185185	9.516	17.726	22.065
swarm_42_61.pdb	0	9.656	22.833	21.809
swarm_16_3.pdb	0	14.713	34.060	21.321
swarm_25_22.pdb	0	15.102	32.398	20.815
swarm_44_141.pdb	0	12.488	28.715	20.220
swarm_15_97.pdb	0	14.511	33.105	19.708
swarm_52_134.pdb	0.0555556	11.743	24.712	19.445
swarm_14_134.pdb	0	9.370	18.841	19.377
swarm_35_77.pdb	0.0185185	11.399	25.793	18.983
swarm_58_196.pdb	0	11.500	27.175	18.925
swarm_2_116.pdb	0	16.940	38.776	16.710
swarm_28_107.pdb	0	10.744	23.962	15.798
swarm_36_165.pdb	0	11.851	28.019	15.415
swarm_49_24.pdb	0	14.236	28.376	15.105
swarm_4_185.pdb	0	17.046	39.714	15.008
swarm_37_128.pdb	0.037037	13.724	24.918	14.579
swarm_24_96.pdb	0	18.782	40.866	13.738
swarm_56_181.pdb	0	18.526	46.331	11.956
swarm_4_47.pdb	0.0185185	14.945	39.598	11.231
swarm_31_154.pdb	0	15.301	33.286	9.074
swarm_23_103.pdb	0.0925926	13.591	37.876	7.651
swarm_14_20.pdb	0	16.370	29.743	4.454
