3wxw_41w.pdb	0.54386	2.834	7.666	-150.1358
3wxw_97w.pdb	0.0526316	5.772	22.633	-139.37065
3wxw_64w.pdb	0.0701754	5.094	15.325	-132.6543
3wxw_70w.pdb	0	7.276	29.341	-124.7912
3wxw_90w.pdb	0.0175439	4.921	15.097	-122.5006
3wxw_96w.pdb	0	12.871	38.073	-121.02685
3wxw_99w.pdb	0.0701754	6.024	23.880	-120.56756
3wxw_89w.pdb	0	7.966	29.938	-119.842
3wxw_74w.pdb	0.561404	3.100	7.143	-118.7713
3wxw_65w.pdb	0.508772	2.876	6.880	-113.1536
3wxw_76w.pdb	0.122807	7.337	31.616	-112.8954
3wxw_95w.pdb	0.473684	2.547	10.428	-109.7802
3wxw_83w.pdb	0	12.545	45.532	-109.26074
3wxw_73w.pdb	0	8.229	16.860	-109.12887
3wxw_67w.pdb	0	13.236	34.054	-106.52921
3wxw_45w.pdb	0.0350877	6.336	22.469	-105.5822
3wxw_100w.pdb	0.0701754	6.289	25.055	-105.36532
3wxw_33w.pdb	0	7.951	32.257	-104.5731
3wxw_39w.pdb	0.0701754	5.198	9.919	-102.8413
3wxw_44w.pdb	0.0350877	6.775	11.400	-102.5922
3wxw_94w.pdb	0.263158	5.175	21.145	-101.72315
3wxw_42w.pdb	0	12.866	37.777	-101.5801
3wxw_93w.pdb	0	12.982	32.810	-100.7122
3wxw_43w.pdb	0	12.676	41.989	-99.8175
3wxw_22w.pdb	0	9.390	17.086	-99.80867
3wxw_71w.pdb	0	11.664	35.075	-99.44051
3wxw_15w.pdb	0	13.578	39.554	-97.78815
3wxw_10w.pdb	0	15.597	37.976	-97.2449
3wxw_55w.pdb	0	16.392	45.222	-96.5605
3wxw_85w.pdb	0.280702	2.642	12.742	-95.84292
3wxw_50w.pdb	0	13.715	34.496	-95.59424
3wxw_62w.pdb	0	8.775	32.543	-94.4889
3wxw_25w.pdb	0.210526	5.581	19.035	-94.0673
3wxw_34w.pdb	0	7.540	28.513	-93.44772
3wxw_87w.pdb	0.0350877	5.905	11.259	-93.3772
3wxw_77w.pdb	0	8.113	27.061	-92.76624
3wxw_47w.pdb	0.0175439	7.974	14.620	-92.5423
3wxw_59w.pdb	0	12.199	34.468	-92.40319
3wxw_92w.pdb	0.0526316	7.704	29.598	-90.11281
3wxw_32w.pdb	0.0701754	7.503	17.101	-89.8185
3wxw_49w.pdb	0	13.188	38.071	-89.78218
3wxw_56w.pdb	0	11.873	38.530	-89.15341
3wxw_88w.pdb	0.0701754	5.492	16.373	-88.4798
3wxw_60w.pdb	0	6.388	23.485	-87.956
3wxw_98w.pdb	0	9.030	30.414	-87.58904
3wxw_24w.pdb	0	6.522	19.988	-86.74116
3wxw_51w.pdb	0	7.829	25.956	-86.5428
3wxw_26w.pdb	0	13.379	37.081	-84.65248
3wxw_36w.pdb	0	6.304	23.853	-84.5909
3wxw_72w.pdb	0	6.551	21.124	-83.7739
3wxw_17w.pdb	0	6.742	22.708	-81.74874
3wxw_66w.pdb	0.0526316	7.952	17.707	-81.6584
3wxw_91w.pdb	0.0175439	6.540	27.997	-81.2282
3wxw_18w.pdb	0	15.927	43.907	-80.9253
3wxw_29w.pdb	0	8.343	16.019	-80.5955
3wxw_82w.pdb	0	5.637	21.098	-80.3672
3wxw_68w.pdb	0	10.169	17.922	-80.2994
3wxw_27w.pdb	0.0175439	8.435	32.191	-80.2625
3wxw_84w.pdb	0	8.260	20.955	-80.21174
3wxw_63w.pdb	0	11.679	20.202	-79.85816
3wxw_8w.pdb	0	14.309	38.140	-79.43526
3wxw_48w.pdb	0	7.662	14.658	-78.29089
3wxw_75w.pdb	0	7.868	19.879	-78.03672
3wxw_54w.pdb	0	9.256	17.424	-77.37422
3wxw_6w.pdb	0	15.222	40.023	-76.40947
3wxw_57w.pdb	0	14.337	38.265	-76.01894
3wxw_16w.pdb	0	11.207	26.008	-75.30698
3wxw_35w.pdb	0	8.575	31.537	-75.23245
3wxw_69w.pdb	0	7.595	19.605	-73.1409
3wxw_79w.pdb	0	5.636	11.535	-72.29696
3wxw_9w.pdb	0	11.024	24.681	-72.03862
3wxw_20w.pdb	0	12.332	36.070	-71.79931
3wxw_81w.pdb	0	7.416	30.124	-71.09605
3wxw_80w.pdb	0	8.145	21.873	-71.07164
3wxw_58w.pdb	0	10.729	26.294	-69.48745
3wxw_7w.pdb	0	10.846	23.476	-69.36433
3wxw_12w.pdb	0	10.742	19.787	-69.21729231
3wxw_52w.pdb	0	14.787	39.063	-67.06014
3wxw_78w.pdb	0	5.454	13.388	-65.93798
3wxw_30w.pdb	0.0175439	5.548	20.179	-65.83792
3wxw_11w.pdb	0	12.051	34.132	-64.50849
3wxw_4w.pdb	0	12.598	33.138	-63.35492
3wxw_3w.pdb	0.0877193	5.257	8.397	-62.499075
3wxw_14w.pdb	0.140351	4.581	12.830	-62.03552
3wxw_61w.pdb	0	12.092	35.635	-61.56018
3wxw_5w.pdb	0	12.544	23.609	-60.20554
3wxw_23w.pdb	0	10.483	15.668	-58.76101
3wxw_21w.pdb	0	12.163	28.092	-58.46025
3wxw_13w.pdb	0	11.598	26.494	-56.278256
3wxw_53w.pdb	0	11.040	23.707	-56.1226
3wxw_40w.pdb	0	8.820	19.173	-55.95262
3wxw_1w.pdb	0	9.027	31.640	-54.71826
3wxw_28w.pdb	0	10.746	20.385	-54.44804
3wxw_38w.pdb	0	15.343	39.629	-52.96998
3wxw_86w.pdb	0	11.609	27.000	-50.85883
3wxw_37w.pdb	0	12.337	35.536	-49.01177
3wxw_31w.pdb	0	12.886	25.583	-46.43288
3wxw_19w.pdb	0	12.463	20.722	-44.9689
3wxw_46w.pdb	0	8.551	22.234	-44.14346
3wxw_2w.pdb	0	101.651	148.481	2890.48122
				
				
