complex.1.pdb	0.753846	1.388	2.565
complex.2.pdb	0	16.731	31.233
complex.3.pdb	0.0769231	12.679	20.046
complex.4.pdb	0	17.880	34.856
complex.5.pdb	0.0307692	16.156	24.389
complex.6.pdb	0.346154	3.529	5.468
complex.7.pdb	0.00769231	11.893	24.227
complex.8.pdb	0.276923	4.403	9.056
complex.9.pdb	0.284615	3.459	7.464
complex.10.pdb	0.0923077	7.552	15.557
complex.11.pdb	0	17.612	30.363
complex.12.pdb	0.0615385	11.199	21.750
complex.13.pdb	0	13.635	32.799
complex.14.pdb	0	13.615	30.448
complex.15.pdb	0	17.794	32.521
complex.16.pdb	0.0153846	13.971	22.126
complex.17.pdb	0	15.969	25.818
complex.18.pdb	0.00769231	9.188	16.490
complex.19.pdb	0.0846154	11.559	20.003
complex.20.pdb	0.00769231	14.337	22.889
complex.21.pdb	0.00769231	12.083	22.587
complex.22.pdb	0	13.218	29.937
complex.23.pdb	0	11.012	28.914
complex.24.pdb	0	14.703	24.255
complex.25.pdb	0.0384615	13.571	24.998
complex.26.pdb	0	12.225	24.811
complex.27.pdb	0	13.727	30.507
complex.28.pdb	0.192308	5.246	15.268
complex.29.pdb	0.0307692	13.973	24.040
complex.30.pdb	0	18.111	34.403
complex.31.pdb	0	14.034	24.338
complex.32.pdb	0	14.509	24.461
complex.33.pdb	0.0153846	14.839	26.883
complex.34.pdb	0.0538462	12.115	22.861
complex.35.pdb	0	13.890	31.824
complex.36.pdb	0.438462	2.582	7.559
complex.37.pdb	0.0615385	8.385	19.618
complex.38.pdb	0.00769231	10.954	18.862
complex.39.pdb	0	16.339	25.985
complex.40.pdb	0.0615385	8.197	16.583
complex.41.pdb	0	17.220	34.850
complex.42.pdb	0.00769231	14.915	23.155
complex.43.pdb	0.0307692	15.111	22.438
complex.44.pdb	0.0307692	12.072	21.254
complex.45.pdb	0.0153846	13.604	24.563
complex.46.pdb	0	18.601	30.535
complex.47.pdb	0	16.080	28.688
complex.48.pdb	0.0230769	15.233	22.498
complex.49.pdb	0	14.046	30.577
complex.50.pdb	0	17.392	34.333
complex.51.pdb	0	12.873	26.770
complex.52.pdb	0	14.136	22.481
complex.53.pdb	0.0461538	12.075	22.245
complex.54.pdb	0	13.680	40.153
complex.55.pdb	0.0153846	13.216	22.227
complex.56.pdb	0.0307692	11.798	20.711
complex.57.pdb	0.0307692	14.743	27.944
complex.58.pdb	0.00769231	13.415	22.314
complex.59.pdb	0	16.194	27.304
complex.60.pdb	0.1	7.832	13.804
complex.61.pdb	0	14.622	24.435
complex.62.pdb	0.0384615	10.964	18.240
complex.63.pdb	0	15.388	27.304
complex.64.pdb	0.0538462	8.417	20.046
complex.65.pdb	0.115385	7.625	17.146
complex.66.pdb	0.0384615	11.356	21.013
complex.67.pdb	0	17.309	28.194
complex.68.pdb	0	14.407	25.664
complex.69.pdb	0	15.141	38.246
complex.70.pdb	0.569231	1.888	4.194
complex.71.pdb	0.00769231	15.517	24.961
complex.72.pdb	0	14.732	29.210
complex.73.pdb	0	11.577	30.144
complex.74.pdb	0.00769231	14.156	40.426
complex.75.pdb	0	14.912	25.333
complex.76.pdb	0.0923077	10.199	16.862
complex.77.pdb	0	12.288	20.156
complex.78.pdb	0	20.504	44.855
complex.79.pdb	0.00769231	13.468	37.423
complex.80.pdb	0	13.339	22.336
complex.81.pdb	0	13.676	23.972
complex.82.pdb	0.0307692	16.834	27.550
complex.83.pdb	0	12.346	25.394
complex.84.pdb	0.107692	7.346	17.646
complex.85.pdb	0.00769231	15.942	25.499
complex.86.pdb	0	13.954	22.286
complex.87.pdb	0	12.978	22.389
complex.88.pdb	0	17.847	29.312
complex.89.pdb	0.0307692	14.006	23.907
complex.90.pdb	0.0153846	12.871	19.757
complex.91.pdb	0	13.172	23.204
complex.92.pdb	0.0153846	10.862	21.726
complex.93.pdb	0	12.795	21.871
complex.94.pdb	0	15.589	25.470
complex.95.pdb	0	12.207	20.892
complex.96.pdb	0	14.748	38.773
complex.97.pdb	0.00769231	14.772	23.413
complex.98.pdb	0.0384615	16.430	26.739
complex.99.pdb	0.0307692	15.491	22.514
complex.100.pdb	0	18.923	30.424
complex.101.pdb	0	13.985	27.125
complex.102.pdb	0	9.149	14.902
complex.103.pdb	0	21.198	48.003
complex.104.pdb	0	12.876	24.008
complex.105.pdb	0	17.724	39.704
complex.106.pdb	0.0307692	15.868	27.155
complex.107.pdb	0	19.104	54.230
complex.108.pdb	0	16.361	26.322
complex.109.pdb	0.169231	6.176	21.126
complex.110.pdb	0.00769231	14.026	22.680
complex.111.pdb	0	15.315	37.112
complex.112.pdb	0.0153846	12.490	20.981
complex.113.pdb	0	12.349	25.096
complex.114.pdb	0.0307692	18.992	31.867
complex.115.pdb	0	16.241	30.677
complex.116.pdb	0	12.505	21.829
complex.117.pdb	0.0307692	14.236	24.090
complex.118.pdb	0.546154	2.625	9.091
complex.119.pdb	0	21.392	51.696
complex.120.pdb	0.1	6.649	14.054
complex.121.pdb	0.0307692	13.316	23.418
complex.122.pdb	0	18.964	32.093
complex.123.pdb	0	13.142	23.184
complex.124.pdb	0.0384615	9.740	16.764
complex.125.pdb	0	13.586	29.719
complex.126.pdb	0	10.488	17.105
complex.127.pdb	0	18.330	28.799
complex.128.pdb	0	15.757	24.780
complex.129.pdb	0.230769	3.832	9.666
complex.130.pdb	0	13.208	26.273
complex.131.pdb	0.0307692	9.653	19.494
complex.132.pdb	0	14.256	34.284
complex.133.pdb	0	16.856	32.668
complex.134.pdb	0.0153846	13.369	23.921
complex.135.pdb	0.0153846	13.976	27.090
complex.136.pdb	0.00769231	9.199	17.572
complex.137.pdb	0	14.991	25.957
complex.138.pdb	0.0538462	15.796	22.927
complex.139.pdb	0.0230769	13.653	21.114
complex.140.pdb	0.0230769	14.109	26.380
complex.141.pdb	0	18.360	37.153
complex.142.pdb	0	12.316	25.860
complex.143.pdb	0	15.391	25.065
complex.144.pdb	0.0307692	11.341	22.869
complex.145.pdb	0	14.295	23.874
complex.146.pdb	0	21.177	46.869
complex.147.pdb	0	17.296	40.292
complex.148.pdb	0	12.052	20.992
complex.149.pdb	0.0769231	7.003	12.108
complex.150.pdb	0	13.865	37.392
complex.151.pdb	0.1	8.787	14.318
complex.152.pdb	0.00769231	14.529	27.503
complex.153.pdb	0	12.378	20.589
complex.154.pdb	0	11.956	19.174
complex.155.pdb	0	12.349	27.016
complex.156.pdb	0	13.374	25.118
complex.157.pdb	0	27.351	56.458
complex.158.pdb	0	13.440	21.146
complex.159.pdb	0.0692308	7.374	12.763
complex.160.pdb	0.0230769	12.955	23.241
complex.161.pdb	0	16.926	27.001
complex.162.pdb	0.0692308	11.244	29.652
complex.163.pdb	0	13.702	24.533
complex.164.pdb	0	13.554	26.425
complex.165.pdb	0.00769231	12.420	19.874
complex.166.pdb	0	15.008	27.474
complex.167.pdb	0	15.149	29.339
complex.168.pdb	0.0307692	18.118	29.812
complex.169.pdb	0.0307692	10.218	25.066
complex.170.pdb	0	14.032	23.169
complex.171.pdb	0	16.567	34.342
complex.172.pdb	0.0384615	13.012	20.641
complex.173.pdb	0	15.471	28.172
complex.174.pdb	0	13.083	20.747
complex.175.pdb	0	14.831	23.592
complex.176.pdb	0	13.489	23.850
complex.177.pdb	0	16.283	43.298
complex.178.pdb	0	15.462	25.235
complex.179.pdb	0.0230769	12.317	20.778
complex.180.pdb	0.207692	4.109	10.010
complex.181.pdb	0	14.270	25.021
complex.182.pdb	0	13.801	39.905
complex.183.pdb	0.0538462	10.146	18.359
complex.184.pdb	0	15.062	23.500
complex.185.pdb	0.0384615	14.841	24.178
complex.186.pdb	0	20.349	48.470
complex.187.pdb	0	13.374	25.504
complex.188.pdb	0	19.330	49.192
complex.189.pdb	0	18.450	39.994
complex.190.pdb	0	12.735	21.373
complex.191.pdb	0.0538462	14.659	23.832
complex.192.pdb	0	19.453	40.510
complex.193.pdb	0.0307692	15.847	30.325
complex.194.pdb	0	20.982	52.382
complex.195.pdb	0	14.447	22.195
complex.196.pdb	0	14.176	25.027
complex.197.pdb	0.138462	7.049	11.676
complex.198.pdb	0	12.948	21.998
complex.199.pdb	0	15.115	25.289
complex.200.pdb	0	13.794	22.773
complex.201.pdb	0	14.161	25.028
complex.202.pdb	0	27.133	55.816
complex.203.pdb	0.00769231	10.640	18.258
complex.204.pdb	0	20.853	52.206
complex.205.pdb	0	18.608	29.963
complex.206.pdb	0.0153846	7.428	13.606
complex.207.pdb	0	16.548	30.292
complex.208.pdb	0.00769231	17.352	26.343
complex.209.pdb	0	17.485	28.351
complex.210.pdb	0	13.691	25.737
complex.211.pdb	0	16.635	29.714
complex.212.pdb	0.0230769	15.649	23.061
complex.213.pdb	0	19.370	45.764
complex.214.pdb	0	19.228	37.117
complex.215.pdb	0	17.621	30.846
complex.216.pdb	0.00769231	19.973	37.739
complex.217.pdb	0	14.285	29.027
complex.218.pdb	0	20.660	45.713
complex.219.pdb	0	17.855	28.759
complex.220.pdb	0	18.568	43.129
complex.221.pdb	0.00769231	15.594	25.112
complex.222.pdb	0	14.900	43.635
complex.223.pdb	0.0230769	11.150	19.701
complex.224.pdb	0	12.614	24.001
complex.225.pdb	0.1	8.294	15.477
complex.226.pdb	0	19.918	42.975
complex.227.pdb	0.0384615	13.423	21.539
complex.228.pdb	0	11.084	17.330
complex.229.pdb	0	15.029	30.700
complex.230.pdb	0	11.765	25.800
complex.231.pdb	0	18.414	29.392
complex.232.pdb	0	14.509	23.744
complex.233.pdb	0	17.299	27.121
complex.234.pdb	0.0153846	12.507	21.237
complex.235.pdb	0	15.146	26.762
complex.236.pdb	0	12.464	24.965
complex.237.pdb	0.0384615	15.600	24.869
complex.238.pdb	0	11.831	21.620
complex.239.pdb	0	14.074	41.741
complex.240.pdb	0.0230769	12.912	37.854
complex.241.pdb	0	16.603	26.938
complex.242.pdb	0	27.471	54.825
complex.243.pdb	0.0153846	13.135	23.623
complex.244.pdb	0	14.613	23.000
complex.245.pdb	0	13.056	23.107
complex.246.pdb	0	15.979	27.574
complex.247.pdb	0	16.754	46.985
complex.248.pdb	0.00769231	15.760	25.166
complex.249.pdb	0	20.475	54.869
complex.250.pdb	0	19.266	32.710
complex.251.pdb	0	12.670	20.703
complex.252.pdb	0	16.030	38.643
complex.253.pdb	0.00769231	8.965	24.880
complex.254.pdb	0.1	9.442	15.024
complex.255.pdb	0	15.416	26.934
complex.256.pdb	0.0230769	9.274	21.153
complex.257.pdb	0.0153846	14.566	28.412
complex.258.pdb	0.00769231	8.775	24.373
complex.259.pdb	0.0230769	15.924	26.642
complex.260.pdb	0.0769231	11.237	19.710
complex.261.pdb	0.0230769	17.153	32.338
complex.262.pdb	0	12.944	22.373
complex.263.pdb	0	20.409	33.573
complex.264.pdb	0.0153846	13.401	25.835
complex.265.pdb	0.00769231	15.047	33.606
complex.266.pdb	0	19.976	45.596
complex.267.pdb	0	18.505	36.343
complex.268.pdb	0	15.326	23.283
complex.269.pdb	0.00769231	13.778	21.831
complex.270.pdb	0.0230769	10.408	17.922
complex.271.pdb	0.00769231	13.525	40.829
complex.272.pdb	0	13.885	23.937
complex.273.pdb	0.0384615	10.131	18.164
complex.274.pdb	0	11.191	23.422
complex.275.pdb	0	13.027	20.859
complex.276.pdb	0.0923077	7.392	16.222
complex.277.pdb	0.00769231	8.767	15.651
complex.278.pdb	0	19.804	40.687
complex.279.pdb	0	13.347	22.338
complex.280.pdb	0	14.692	40.896
complex.281.pdb	0.223077	6.263	14.469
complex.282.pdb	0	14.647	23.307
complex.283.pdb	0	17.867	29.162
complex.284.pdb	0	17.122	31.139
complex.285.pdb	0	21.447	54.914
complex.286.pdb	0.146154	9.537	16.425
complex.287.pdb	0.0615385	14.698	23.600
complex.288.pdb	0	13.548	28.358
complex.289.pdb	0.00769231	12.831	21.427
complex.290.pdb	0	15.661	27.057
complex.291.pdb	0	13.585	27.354
complex.292.pdb	0.00769231	10.168	28.629
complex.293.pdb	0	18.322	29.238
complex.294.pdb	0.0384615	11.900	20.521
complex.295.pdb	0	11.822	18.500
complex.296.pdb	0.6	2.513	7.210
complex.297.pdb	0.0153846	13.356	23.466
complex.298.pdb	0	13.367	26.064
complex.299.pdb	0.0153846	13.878	23.693
complex.300.pdb	0.00769231	17.615	32.198
complex.301.pdb	0.00769231	16.821	30.615
complex.302.pdb	0.0153846	15.056	24.573
complex.303.pdb	0	15.719	24.725
complex.304.pdb	0	20.519	42.429
complex.305.pdb	0	17.071	34.548
complex.306.pdb	0	13.864	22.771
complex.307.pdb	0.1	7.028	15.328
complex.308.pdb	0	12.782	20.334
complex.309.pdb	0.0384615	11.990	24.157
complex.310.pdb	0.0153846	16.542	28.438
complex.311.pdb	0	13.420	27.079
complex.312.pdb	0	17.101	43.563
complex.313.pdb	0	14.731	29.959
complex.314.pdb	0	12.062	22.616
complex.315.pdb	0	15.615	38.708
complex.316.pdb	0	21.779	51.177
complex.317.pdb	0	10.230	17.591
complex.318.pdb	0.00769231	8.530	16.697
complex.319.pdb	0	14.322	25.225
complex.320.pdb	0.00769231	18.913	36.108
complex.321.pdb	0	18.192	37.905
complex.322.pdb	0.0230769	14.737	25.470
complex.323.pdb	0	17.271	43.887
complex.324.pdb	0	17.454	29.607
complex.325.pdb	0	18.592	31.988
complex.326.pdb	0	13.973	22.461
complex.327.pdb	0	16.114	31.380
complex.328.pdb	0	21.276	48.904
complex.329.pdb	0	16.443	41.642
complex.330.pdb	0.169231	6.078	15.888
complex.331.pdb	0	13.130	24.189
complex.332.pdb	0	20.740	54.428
complex.333.pdb	0	20.116	32.174
complex.334.pdb	0	12.483	22.396
complex.335.pdb	0	12.253	24.813
complex.336.pdb	0	14.324	23.381
complex.337.pdb	0.0230769	10.754	17.960
complex.338.pdb	0	12.857	22.145
complex.339.pdb	0.0461538	13.688	24.170
complex.340.pdb	0.0461538	12.415	26.547
complex.341.pdb	0	15.581	26.085
complex.342.pdb	0	13.339	21.150
complex.343.pdb	0	12.611	23.785
complex.344.pdb	0.0384615	15.259	25.048
complex.345.pdb	0	10.850	16.520
complex.346.pdb	0	14.728	27.027
complex.347.pdb	0	20.241	54.234
complex.348.pdb	0.00769231	19.607	37.329
complex.349.pdb	0.0153846	12.457	22.670
complex.350.pdb	0.0384615	15.955	24.185
complex.351.pdb	0.0153846	16.124	27.695
complex.352.pdb	0	16.391	40.147
complex.353.pdb	0.00769231	7.658	11.946
complex.354.pdb	0.0153846	9.747	21.414
complex.355.pdb	0.0153846	13.302	28.935
complex.356.pdb	0	13.594	37.499
complex.357.pdb	0	20.821	59.182
complex.358.pdb	0.00769231	13.121	33.015
complex.359.pdb	0	21.203	55.431
complex.360.pdb	0.00769231	16.126	32.501
complex.361.pdb	0	17.714	29.444
complex.362.pdb	0	15.165	26.584
complex.363.pdb	0	16.456	27.217
complex.364.pdb	0	15.572	26.034
complex.365.pdb	0	18.312	40.067
complex.366.pdb	0.0538462	8.869	22.291
complex.367.pdb	0	14.703	25.648
complex.368.pdb	0	14.967	41.071
complex.369.pdb	0	19.895	50.400
complex.370.pdb	0	19.335	44.644
complex.371.pdb	0	14.124	24.441
complex.372.pdb	0	13.558	23.406
complex.373.pdb	0	21.939	48.051
complex.374.pdb	0	14.392	23.668
complex.375.pdb	0	15.375	32.921
complex.376.pdb	0	19.058	42.557
complex.377.pdb	0	26.024	53.784
complex.378.pdb	0.00769231	12.709	22.590
complex.379.pdb	0.00769231	17.650	26.396
complex.380.pdb	0	15.080	26.900
complex.381.pdb	0	19.617	36.351
complex.382.pdb	0	13.843	28.955
complex.383.pdb	0.0307692	12.599	22.707
complex.384.pdb	0	13.526	30.761
complex.385.pdb	0	16.783	41.643
complex.386.pdb	0	25.274	48.458
complex.387.pdb	0	17.291	29.610
complex.388.pdb	0.00769231	14.176	26.558
complex.389.pdb	0.0384615	15.958	24.432
complex.390.pdb	0.0461538	17.935	34.825
complex.391.pdb	0	20.089	50.351
complex.392.pdb	0	15.150	25.317
complex.393.pdb	0	13.603	29.043
complex.394.pdb	0	17.051	27.685
complex.395.pdb	0.0307692	15.979	23.395
complex.396.pdb	0	15.916	25.184
complex.397.pdb	0.0230769	16.049	26.559
complex.398.pdb	0	12.664	22.376
complex.399.pdb	0	13.952	29.954
complex.400.pdb	0.0307692	13.379	23.201
complex.401.pdb	0	14.151	39.862
complex.402.pdb	0.0307692	15.744	24.189
complex.403.pdb	0	14.443	24.052
complex.404.pdb	0	14.443	25.030
complex.405.pdb	0	18.405	41.731
complex.406.pdb	0	14.804	30.787
complex.407.pdb	0.0384615	13.203	22.433
complex.408.pdb	0	19.767	40.829
complex.409.pdb	0.184615	7.355	15.715
complex.410.pdb	0	18.694	29.780
complex.411.pdb	0	11.905	20.790
complex.412.pdb	0.0615385	8.520	20.558
complex.413.pdb	0	7.651	12.277
complex.414.pdb	0.0153846	15.586	35.078
complex.415.pdb	0	15.501	26.980
complex.416.pdb	0.00769231	18.095	35.536
complex.417.pdb	0	16.297	26.383
complex.418.pdb	0	12.795	21.201
complex.419.pdb	0	20.615	57.360
complex.420.pdb	0	13.718	22.379
complex.421.pdb	0.0153846	15.088	23.081
complex.422.pdb	0	15.392	27.482
complex.423.pdb	0.0307692	15.771	22.938
complex.424.pdb	0.0384615	7.193	13.332
complex.425.pdb	0.0692308	7.272	13.908
complex.426.pdb	0	12.230	19.860
complex.427.pdb	0	24.535	55.102
complex.428.pdb	0	23.417	50.281
complex.429.pdb	0	8.697	16.044
complex.430.pdb	0.0153846	14.915	24.782
complex.431.pdb	0	13.577	31.235
complex.432.pdb	0.0846154	10.848	19.684
complex.433.pdb	0	24.871	54.837
complex.434.pdb	0	12.967	20.976
complex.435.pdb	0	14.803	27.456
complex.436.pdb	0.00769231	13.473	40.693
complex.437.pdb	0.00769231	13.919	22.703
complex.438.pdb	0.0153846	14.573	27.594
complex.439.pdb	0	15.353	27.716
complex.440.pdb	0	12.656	20.541
complex.441.pdb	0	10.425	18.211
complex.442.pdb	0	14.956	24.842
complex.443.pdb	0	12.513	27.065
complex.444.pdb	0	21.194	54.954
complex.445.pdb	0	15.316	26.043
complex.446.pdb	0.00769231	13.260	22.698
complex.447.pdb	0.0230769	13.024	20.732
complex.448.pdb	0	12.051	22.691
complex.449.pdb	0.00769231	17.992	36.443
complex.450.pdb	0	16.571	27.869
complex.451.pdb	0	14.687	38.375
complex.452.pdb	0	15.772	25.350
complex.453.pdb	0.00769231	17.815	29.305
complex.454.pdb	0	12.898	21.159
complex.455.pdb	0.0153846	18.272	35.672
complex.456.pdb	0.0692308	7.905	15.154
complex.457.pdb	0	20.369	50.806
complex.458.pdb	0.0230769	14.952	25.462
complex.459.pdb	0.00769231	17.855	29.442
complex.460.pdb	0	16.185	26.421
complex.461.pdb	0	22.056	54.938
complex.462.pdb	0	16.510	26.202
complex.463.pdb	0	15.422	26.026
complex.464.pdb	0.0230769	15.730	24.118
complex.465.pdb	0	15.434	25.446
complex.466.pdb	0	18.937	29.821
complex.467.pdb	0	13.768	22.514
complex.468.pdb	0.00769231	12.996	33.987
complex.469.pdb	0.0461538	14.448	22.358
complex.470.pdb	0	14.945	27.482
complex.471.pdb	0.0615385	18.302	35.137
complex.472.pdb	0	20.424	48.680
complex.473.pdb	0	22.359	52.496
complex.474.pdb	0	14.027	42.673
complex.475.pdb	0	26.094	53.571
complex.476.pdb	0	18.450	29.260
complex.477.pdb	0	15.561	29.370
complex.478.pdb	0	17.561	46.525
complex.479.pdb	0	17.425	41.594
complex.480.pdb	0.0153846	17.325	29.852
complex.481.pdb	0	9.745	16.390
complex.482.pdb	0.00769231	16.993	29.985
complex.483.pdb	0	17.425	26.781
complex.484.pdb	0	14.294	32.797
complex.485.pdb	0	21.180	56.381
complex.486.pdb	0	12.631	38.772
complex.487.pdb	0	15.469	25.361
complex.488.pdb	0	14.532	30.651
complex.489.pdb	0.00769231	7.460	13.443
complex.490.pdb	0.0153846	15.240	27.101
complex.491.pdb	0	13.097	21.786
complex.492.pdb	0.00769231	13.042	22.082
complex.493.pdb	0.0384615	14.201	22.793
complex.494.pdb	0	10.773	19.203
complex.495.pdb	0.0230769	8.226	14.825
complex.496.pdb	0	24.428	45.128
complex.497.pdb	0	19.363	44.420
complex.498.pdb	0.0461538	14.492	26.172
complex.499.pdb	0	13.854	21.932
complex.500.pdb	0.0461538	12.998	25.699
complex.501.pdb	0	14.847	27.995
complex.502.pdb	0.0230769	16.803	29.552
complex.503.pdb	0.00769231	17.542	35.553
complex.504.pdb	0	22.798	50.922
complex.505.pdb	0.0538462	8.832	23.526
complex.506.pdb	0.0230769	12.906	37.508
complex.507.pdb	0	22.514	51.917
complex.508.pdb	0.0692308	10.880	17.115
complex.509.pdb	0	15.765	25.243
complex.510.pdb	0.0923077	6.457	12.636
complex.511.pdb	0	13.760	23.465
complex.512.pdb	0.0307692	13.126	21.501
complex.513.pdb	0	24.952	53.817
complex.514.pdb	0	15.284	27.125
complex.515.pdb	0.00769231	14.812	28.135
complex.516.pdb	0	15.133	25.005
complex.517.pdb	0	19.206	30.120
complex.518.pdb	0	16.780	43.579
complex.519.pdb	0.0153846	12.676	20.537
complex.520.pdb	0.0461538	7.508	13.373
complex.521.pdb	0	14.732	23.331
complex.522.pdb	0.00769231	17.742	28.340
complex.523.pdb	0	15.495	26.839
complex.524.pdb	0.0846154	10.854	34.174
complex.525.pdb	0.0230769	15.524	25.417
complex.526.pdb	0.00769231	16.796	27.191
complex.527.pdb	0	16.804	45.116
complex.528.pdb	0	16.789	47.419
complex.529.pdb	0.0230769	15.787	24.514
complex.530.pdb	0	26.967	57.387
complex.531.pdb	0	12.878	24.189
complex.532.pdb	0	11.918	24.736
complex.533.pdb	0.0307692	16.169	26.410
complex.534.pdb	0.0230769	15.790	25.377
complex.535.pdb	0	20.465	50.556
complex.536.pdb	0.176923	7.230	14.656
complex.537.pdb	0	17.259	28.599
complex.538.pdb	0.230769	4.408	12.821
complex.539.pdb	0.0307692	15.641	23.595
complex.540.pdb	0.0153846	14.940	22.194
complex.541.pdb	0.0461538	15.602	24.526
complex.542.pdb	0	16.888	27.359
complex.543.pdb	0	16.074	26.382
complex.544.pdb	0.0153846	18.276	40.282
complex.545.pdb	0	9.527	14.732
complex.546.pdb	0.00769231	13.449	22.364
complex.547.pdb	0	11.309	18.373
complex.548.pdb	0.0153846	11.305	19.784
complex.549.pdb	0	15.355	26.856
complex.550.pdb	0	13.759	30.539
complex.551.pdb	0	16.119	26.724
complex.552.pdb	0	22.978	51.077
complex.553.pdb	0.0307692	11.923	21.522
complex.554.pdb	0	12.978	20.012
complex.555.pdb	0.0307692	13.057	22.065
complex.556.pdb	0.00769231	10.298	18.493
complex.557.pdb	0.0153846	14.762	25.167
complex.558.pdb	0.00769231	12.734	33.236
complex.559.pdb	0.00769231	14.143	26.317
complex.560.pdb	0	13.702	23.459
complex.561.pdb	0	21.384	48.433
complex.562.pdb	0.0461538	14.918	22.485
complex.563.pdb	0	14.104	21.810
complex.564.pdb	0	9.778	17.749
complex.565.pdb	0	15.596	24.503
complex.566.pdb	0	15.413	25.801
complex.567.pdb	0.0307692	10.909	22.144
complex.568.pdb	0	13.805	23.827
complex.569.pdb	0	15.754	28.408
complex.570.pdb	0	14.888	22.224
complex.571.pdb	0	15.443	27.766
complex.572.pdb	0	11.007	22.973
complex.573.pdb	0.0307692	17.263	29.274
complex.574.pdb	0	13.979	24.245
complex.575.pdb	0	18.503	47.761
complex.576.pdb	0.00769231	12.271	22.251
complex.577.pdb	0	15.148	32.824
complex.578.pdb	0.0307692	14.164	26.041
complex.579.pdb	0	11.536	18.154
complex.580.pdb	0	18.574	31.323
complex.581.pdb	0	12.176	23.177
complex.582.pdb	0	18.519	28.867
complex.583.pdb	0	15.116	29.603
complex.584.pdb	0	10.472	17.262
complex.585.pdb	0	14.815	40.411
complex.586.pdb	0.0230769	14.133	23.714
complex.587.pdb	0	14.634	39.985
complex.588.pdb	0	16.586	27.015
complex.589.pdb	0	13.982	32.762
complex.590.pdb	0	16.521	42.885
complex.591.pdb	0	18.595	44.062
complex.592.pdb	0.0461538	7.649	15.804
complex.593.pdb	0	22.057	54.967
complex.594.pdb	0	17.235	29.201
complex.595.pdb	0.00769231	14.447	34.178
complex.596.pdb	0	12.393	23.816
complex.597.pdb	0	21.976	52.778
complex.598.pdb	0	12.728	22.380
complex.599.pdb	0	13.491	26.898
complex.600.pdb	0	13.797	29.764
complex.601.pdb	0.0153846	16.095	39.130
complex.602.pdb	0	12.866	24.218
complex.603.pdb	0	10.501	16.867
complex.604.pdb	0	20.594	58.379
complex.605.pdb	0	13.547	22.337
complex.606.pdb	0.0153846	16.700	30.935
complex.607.pdb	0	16.857	26.721
complex.608.pdb	0.0230769	12.804	24.050
complex.609.pdb	0.0615385	8.737	16.861
complex.610.pdb	0.0846154	11.684	18.887
complex.611.pdb	0.1	8.430	18.925
complex.612.pdb	0	15.338	24.399
complex.613.pdb	0	22.134	59.207
complex.614.pdb	0.0769231	8.776	20.896
complex.615.pdb	0.0307692	18.632	31.494
complex.616.pdb	0	19.665	43.555
complex.617.pdb	0	20.621	46.416
complex.618.pdb	0	17.115	28.584
complex.619.pdb	0	13.414	23.463
complex.620.pdb	0	14.638	25.651
complex.621.pdb	0	13.528	22.093
complex.622.pdb	0.538462	1.959	4.603
complex.623.pdb	0	21.203	38.481
complex.624.pdb	0.0230769	15.871	28.205
complex.625.pdb	0	14.771	23.544
complex.626.pdb	0.0461538	14.991	22.230
complex.627.pdb	0	14.226	26.998
complex.628.pdb	0	17.022	27.510
complex.629.pdb	0	14.450	25.277
complex.630.pdb	0.0692308	11.629	21.310
complex.631.pdb	0.0538462	10.462	19.646
complex.632.pdb	0	18.937	38.525
complex.633.pdb	0	14.811	37.542
complex.634.pdb	0	15.379	27.786
complex.635.pdb	0	11.491	23.502
complex.636.pdb	0	15.397	37.952
complex.637.pdb	0	13.966	23.531
complex.638.pdb	0.00769231	18.242	29.586
complex.639.pdb	0	18.765	34.752
complex.640.pdb	0	21.215	50.238
complex.641.pdb	0	14.490	24.332
complex.642.pdb	0	15.095	26.409
complex.643.pdb	0.00769231	10.834	32.542
complex.644.pdb	0	23.363	51.159
complex.645.pdb	0.00769231	14.297	27.727
complex.646.pdb	0	7.952	12.896
complex.647.pdb	0	16.444	27.653
complex.648.pdb	0	26.112	52.995
complex.649.pdb	0.0307692	18.642	31.522
complex.650.pdb	0	18.611	39.891
complex.651.pdb	0	16.886	27.643
complex.652.pdb	0.0307692	15.939	25.319
complex.653.pdb	0	14.492	35.205
complex.654.pdb	0	17.612	28.010
complex.655.pdb	0	21.837	46.945
complex.656.pdb	0	10.273	16.448
complex.657.pdb	0	15.909	24.898
complex.658.pdb	0	18.147	29.384
complex.659.pdb	0.00769231	19.262	39.866
complex.660.pdb	0	15.644	24.846
complex.661.pdb	0.0384615	12.785	21.922
complex.662.pdb	0	17.350	37.070
complex.663.pdb	0.0384615	14.604	23.584
complex.664.pdb	0	15.998	25.268
complex.665.pdb	0	16.342	28.852
complex.666.pdb	0	15.141	39.293
complex.667.pdb	0.00769231	15.663	24.761
complex.668.pdb	0.0153846	12.043	21.190
complex.669.pdb	0	19.203	40.798
complex.670.pdb	0	14.656	35.912
complex.671.pdb	0	11.962	19.120
complex.672.pdb	0	12.318	22.133
complex.673.pdb	0	17.170	33.216
complex.674.pdb	0	14.635	32.735
complex.675.pdb	0	17.453	28.128
complex.676.pdb	0	18.243	51.225
complex.677.pdb	0	15.010	24.373
complex.678.pdb	0.00769231	12.587	22.116
complex.679.pdb	0	17.104	45.943
complex.680.pdb	0	16.127	25.794
complex.681.pdb	0	13.106	21.566
complex.682.pdb	0	25.526	51.349
complex.683.pdb	0	23.414	56.134
complex.684.pdb	0.0153846	17.103	28.619
complex.685.pdb	0	17.639	28.895
complex.686.pdb	0.0923077	6.652	21.196
complex.687.pdb	0	14.533	27.894
complex.688.pdb	0.2	4.634	13.464
complex.689.pdb	0	17.752	37.730
complex.690.pdb	0.123077	7.001	20.959
complex.691.pdb	0.0153846	16.857	29.333
complex.692.pdb	0	19.976	35.449
complex.693.pdb	0.230769	3.996	8.003
complex.694.pdb	0	16.523	29.511
complex.695.pdb	0	15.428	26.400
complex.696.pdb	0	11.148	17.482
complex.697.pdb	0	7.912	13.774
complex.698.pdb	0	12.762	25.658
complex.699.pdb	0	11.274	18.896
complex.700.pdb	0	17.669	40.468
complex.701.pdb	0	18.600	32.808
complex.702.pdb	0	23.655	55.688
complex.703.pdb	0	12.944	22.592
complex.704.pdb	0	14.709	26.018
complex.705.pdb	0.00769231	20.085	34.609
complex.706.pdb	0	14.345	32.560
complex.707.pdb	0	15.639	27.213
complex.708.pdb	0	25.412	53.065
complex.709.pdb	0	14.340	23.389
complex.710.pdb	0	10.377	16.759
complex.711.pdb	0	24.395	61.308
complex.712.pdb	0	12.766	23.584
complex.713.pdb	0	13.933	33.037
complex.714.pdb	0.00769231	14.877	45.910
complex.715.pdb	0	14.992	26.609
complex.716.pdb	0	16.583	30.789
complex.717.pdb	0	14.158	33.283
complex.718.pdb	0	18.563	34.814
complex.719.pdb	0	14.259	26.335
complex.720.pdb	0.00769231	10.265	19.547
complex.721.pdb	0	16.775	29.570
complex.722.pdb	0	19.219	32.628
complex.723.pdb	0	11.883	31.679
complex.724.pdb	0	14.351	24.458
complex.725.pdb	0	13.771	22.637
complex.726.pdb	0	13.248	33.648
complex.727.pdb	0	13.874	23.450
complex.728.pdb	0	16.745	26.584
complex.729.pdb	0.00769231	13.575	22.793
complex.730.pdb	0	20.680	51.635
complex.731.pdb	0.115385	9.728	32.450
complex.732.pdb	0	13.743	28.755
complex.733.pdb	0.0153846	11.683	23.210
complex.734.pdb	0.00769231	19.886	38.548
complex.735.pdb	0	26.048	53.113
complex.736.pdb	0.00769231	16.963	28.711
complex.737.pdb	0	26.405	55.000
complex.738.pdb	0.00769231	7.503	16.162
complex.739.pdb	0.0692308	10.347	21.333
complex.740.pdb	0.0153846	14.174	43.693
complex.741.pdb	0	17.506	31.227
complex.742.pdb	0	15.310	25.447
complex.743.pdb	0	13.466	22.632
complex.744.pdb	0.0384615	12.904	22.865
complex.745.pdb	0	14.262	25.017
complex.746.pdb	0	12.970	23.933
complex.747.pdb	0	19.927	57.167
complex.748.pdb	0	13.278	40.300
complex.749.pdb	0	14.345	35.174
complex.750.pdb	0	13.421	22.124
complex.751.pdb	0.0461538	16.061	25.762
complex.752.pdb	0	10.489	26.394
complex.753.pdb	0	17.139	27.423
complex.754.pdb	0	13.652	22.496
complex.755.pdb	0	26.781	51.929
complex.756.pdb	0	19.651	54.444
complex.757.pdb	0.0692308	9.206	21.655
complex.758.pdb	0.0307692	15.058	24.535
complex.759.pdb	0.00769231	15.760	25.688
complex.760.pdb	0	14.604	24.427
complex.761.pdb	0.0153846	8.347	13.787
complex.762.pdb	0	20.058	43.962
complex.763.pdb	0	9.824	16.241
complex.764.pdb	0	8.352	14.746
complex.765.pdb	0	15.292	23.318
complex.766.pdb	0	15.212	24.938
complex.767.pdb	0	17.296	31.067
complex.768.pdb	0	14.235	22.816
complex.769.pdb	0	20.837	50.417
complex.770.pdb	0.0230769	13.638	22.808
complex.771.pdb	0	15.758	45.473
complex.772.pdb	0	25.007	53.485
complex.773.pdb	0.00769231	11.676	34.248
complex.774.pdb	0	24.660	52.289
complex.775.pdb	0	13.480	22.898
complex.776.pdb	0.0384615	15.424	22.432
complex.777.pdb	0.00769231	15.979	23.759
complex.778.pdb	0	16.258	25.520
complex.779.pdb	0.0307692	8.341	20.252
complex.780.pdb	0	16.290	30.842
complex.781.pdb	0.0153846	13.246	22.270
complex.782.pdb	0.00769231	10.360	24.379
complex.783.pdb	0	10.478	24.979
complex.784.pdb	0	22.202	52.040
complex.785.pdb	0.0384615	15.277	24.102
complex.786.pdb	0.0307692	13.784	21.763
complex.787.pdb	0.00769231	10.397	28.830
complex.788.pdb	0	15.435	26.592
complex.789.pdb	0.0538462	19.813	37.973
complex.790.pdb	0.0230769	12.774	25.849
complex.791.pdb	0	14.373	24.628
complex.792.pdb	0	14.717	25.116
complex.793.pdb	0.0153846	13.047	23.395
complex.794.pdb	0	16.602	26.095
complex.795.pdb	0.192308	6.389	16.935
complex.796.pdb	0	15.881	23.775
complex.797.pdb	0	13.375	22.476
complex.798.pdb	0	14.381	24.311
complex.799.pdb	0.00769231	16.210	28.796
complex.800.pdb	0.00769231	17.840	32.966
complex.801.pdb	0.00769231	16.908	30.607
complex.802.pdb	0	22.859	53.378
complex.803.pdb	0.00769231	13.781	24.474
complex.804.pdb	0.00769231	16.418	29.011
complex.805.pdb	0.00769231	14.478	30.244
complex.806.pdb	0.0153846	8.799	15.630
complex.807.pdb	0.0230769	8.051	15.343
complex.808.pdb	0	16.156	25.745
complex.809.pdb	0	11.829	23.664
complex.810.pdb	0.130769	6.226	12.758
complex.811.pdb	0.00769231	13.219	32.131
complex.812.pdb	0	19.194	48.402
complex.813.pdb	0	17.454	28.630
complex.814.pdb	0	25.127	54.758
complex.815.pdb	0	16.648	26.879
complex.816.pdb	0	18.114	39.207
complex.817.pdb	0	22.825	47.832
complex.818.pdb	0	15.823	27.521
complex.819.pdb	0	16.661	41.518
complex.820.pdb	0	11.782	25.139
complex.821.pdb	0	18.225	40.819
complex.822.pdb	0.0230769	11.187	20.871
complex.823.pdb	0.00769231	18.835	36.779
complex.824.pdb	0.00769231	19.646	54.143
complex.825.pdb	0	23.722	52.938
complex.826.pdb	0	15.524	23.075
complex.827.pdb	0	21.624	58.764
complex.828.pdb	0.00769231	12.024	24.385
complex.829.pdb	0	15.450	23.892
complex.830.pdb	0.0230769	15.841	23.552
complex.831.pdb	0	11.679	30.207
complex.832.pdb	0	17.358	28.478
complex.833.pdb	0	13.058	20.780
complex.834.pdb	0	15.840	26.430
complex.835.pdb	0	18.046	32.227
complex.836.pdb	0.1	6.836	17.424
complex.837.pdb	0	14.383	28.102
complex.838.pdb	0.0461538	14.072	22.165
complex.839.pdb	0.0153846	12.840	31.602
complex.840.pdb	0.0846154	8.457	22.517
complex.841.pdb	0	19.640	33.327
complex.842.pdb	0.00769231	17.578	34.515
complex.843.pdb	0	27.436	59.110
complex.844.pdb	0	13.815	30.942
complex.845.pdb	0	16.787	26.450
complex.846.pdb	0	22.251	49.770
complex.847.pdb	0	9.354	27.912
complex.848.pdb	0.0153846	15.251	33.074
complex.849.pdb	0.0538462	11.410	25.423
complex.850.pdb	0	15.102	31.815
complex.851.pdb	0	9.320	17.279
complex.852.pdb	0	15.978	27.405
complex.853.pdb	0.0230769	14.924	25.147
complex.854.pdb	0.0230769	15.876	26.019
complex.855.pdb	0	16.127	27.307
complex.856.pdb	0.00769231	17.741	31.681
complex.857.pdb	0	14.374	25.598
complex.858.pdb	0	17.137	29.232
complex.859.pdb	0	17.096	30.426
complex.860.pdb	0.00769231	21.946	50.815
complex.861.pdb	0	8.985	15.307
complex.862.pdb	0	16.056	28.103
complex.863.pdb	0.0153846	15.938	26.257
complex.864.pdb	0	19.013	44.110
complex.865.pdb	0	19.603	31.702
complex.866.pdb	0	26.871	55.294
complex.867.pdb	0	24.572	50.754
complex.868.pdb	0	13.808	24.138
complex.869.pdb	0.00769231	16.050	27.108
complex.870.pdb	0	18.255	43.300
complex.871.pdb	0.0615385	4.979	8.371
complex.872.pdb	0.0384615	13.041	26.039
complex.873.pdb	0	21.911	55.394
complex.874.pdb	0.00769231	16.250	26.541
complex.875.pdb	0.0461538	11.552	24.613
complex.876.pdb	0	20.535	35.004
complex.877.pdb	0	17.788	36.594
complex.878.pdb	0	22.542	60.088
complex.879.pdb	0	16.476	28.712
complex.880.pdb	0.00769231	18.136	29.862
complex.881.pdb	0	16.800	26.906
complex.882.pdb	0.0307692	13.264	22.679
complex.883.pdb	0	10.800	22.052
complex.884.pdb	0	22.972	58.316
complex.885.pdb	0.0615385	11.867	19.783
complex.886.pdb	0	22.077	52.574
complex.887.pdb	0	17.924	44.262
complex.888.pdb	0	15.386	27.259
complex.889.pdb	0	15.263	25.530
complex.890.pdb	0	14.778	34.629
complex.891.pdb	0	21.229	45.600
complex.892.pdb	0.0153846	17.057	35.547
complex.893.pdb	0	19.311	46.936
complex.894.pdb	0	18.061	34.687
complex.895.pdb	0	12.298	20.807
complex.896.pdb	0	24.867	48.576
complex.897.pdb	0	14.688	24.854
complex.898.pdb	0	16.463	30.109
complex.899.pdb	0	27.146	54.995
complex.900.pdb	0.0153846	16.759	28.518
complex.901.pdb	0	14.970	23.984
complex.902.pdb	0	13.314	27.042
complex.903.pdb	0.0307692	12.327	19.833
complex.904.pdb	0	24.483	56.807
complex.905.pdb	0	18.989	29.153
complex.906.pdb	0	21.889	53.169
complex.907.pdb	0.176923	9.591	18.226
complex.908.pdb	0	12.610	21.584
complex.909.pdb	0.00769231	14.296	23.918
complex.910.pdb	0	26.069	53.991
complex.911.pdb	0	15.445	25.600
complex.912.pdb	0.00769231	14.219	23.247
complex.913.pdb	0	12.383	24.277
complex.914.pdb	0	13.781	21.444
complex.915.pdb	0	16.738	28.072
complex.916.pdb	0	16.585	28.379
complex.917.pdb	0	10.317	17.014
complex.918.pdb	0	13.631	21.582
complex.919.pdb	0.0461538	15.841	27.808
complex.920.pdb	0.00769231	14.616	23.129
complex.921.pdb	0	18.002	33.290
complex.922.pdb	0	24.219	54.153
complex.923.pdb	0.00769231	16.759	32.966
complex.924.pdb	0.0538462	14.038	24.104
complex.925.pdb	0	15.501	26.295
complex.926.pdb	0.0153846	11.615	18.719
complex.927.pdb	0	21.367	50.354
complex.928.pdb	0	24.532	51.034
complex.929.pdb	0	16.637	29.616
complex.930.pdb	0.0153846	18.597	29.795
complex.931.pdb	0.0538462	12.129	28.680
complex.932.pdb	0	13.588	29.850
complex.933.pdb	0	12.577	20.176
complex.934.pdb	0	11.969	19.911
complex.935.pdb	0	23.866	49.547
complex.936.pdb	0	22.480	45.890
complex.937.pdb	0.0384615	16.579	28.093
complex.938.pdb	0	19.841	39.381
complex.939.pdb	0.0769231	10.173	23.632
complex.940.pdb	0	20.159	56.079
complex.941.pdb	0	14.020	23.306
complex.942.pdb	0	18.655	44.039
complex.943.pdb	0	12.986	20.605
complex.944.pdb	0.0615385	8.373	15.023
complex.945.pdb	0.0384615	13.254	23.251
complex.946.pdb	0	12.495	21.649
complex.947.pdb	0	19.835	34.111
complex.948.pdb	0	16.913	28.034
complex.949.pdb	0.0538462	8.124	12.758
complex.950.pdb	0	14.840	30.705
complex.951.pdb	0.00769231	7.893	20.098
complex.952.pdb	0	12.668	22.300
complex.953.pdb	0	11.558	28.088
complex.954.pdb	0	15.925	25.892
complex.955.pdb	0.00769231	9.994	21.892
complex.956.pdb	0	14.765	27.625
complex.957.pdb	0	13.007	23.660
complex.958.pdb	0	24.944	48.857
complex.959.pdb	0	11.822	25.682
complex.960.pdb	0	14.769	25.118
complex.961.pdb	0.307692	2.971	5.500
complex.962.pdb	0	13.492	23.434
complex.963.pdb	0	16.336	26.734
complex.964.pdb	0.0230769	10.722	28.103
complex.965.pdb	0.0230769	17.829	31.582
complex.966.pdb	0	20.968	39.895
complex.967.pdb	0	20.398	47.215
complex.968.pdb	0	21.578	55.436
complex.969.pdb	0	14.666	26.355
complex.970.pdb	0.0307692	10.836	25.489
complex.971.pdb	0	12.155	19.995
complex.972.pdb	0	20.520	46.135
complex.973.pdb	0	24.838	51.675
complex.974.pdb	0	21.706	51.231
complex.975.pdb	0	15.054	27.544
complex.976.pdb	0	21.213	52.636
complex.977.pdb	0.0153846	26.239	55.414
complex.978.pdb	0	19.816	41.992
complex.979.pdb	0	16.618	28.876
complex.980.pdb	0	17.761	34.129
complex.981.pdb	0	22.148	50.058
complex.982.pdb	0	15.825	25.166
complex.983.pdb	0.0615385	15.991	25.213
complex.984.pdb	0	18.820	41.428
complex.985.pdb	0	20.509	56.334
complex.986.pdb	0	17.219	30.421
complex.987.pdb	0	16.705	29.235
complex.988.pdb	0	15.690	23.947
complex.989.pdb	0	13.939	23.652
complex.990.pdb	0.0230769	16.711	27.064
complex.991.pdb	0.0153846	9.454	23.286
complex.992.pdb	0	10.958	17.873
complex.993.pdb	0	17.726	28.454
complex.994.pdb	0.0692308	11.765	24.891
complex.995.pdb	0.0384615	12.646	37.150
complex.996.pdb	0	23.160	60.688
complex.997.pdb	0	27.187	56.193
complex.998.pdb	0.0307692	14.598	24.829
complex.999.pdb	0	13.405	23.803
complex.1000.pdb	0	19.095	30.346
complex.1001.pdb	0	14.584	25.802
complex.1002.pdb	0.00769231	13.546	24.373
complex.1003.pdb	0	14.357	35.920
complex.1004.pdb	0.0846154	11.022	24.336
complex.1005.pdb	0	18.800	55.139
complex.1006.pdb	0	14.900	25.076
complex.1007.pdb	0.00769231	14.064	27.946
complex.1008.pdb	0	21.844	55.372
complex.1009.pdb	0	14.947	25.904
complex.1010.pdb	0.00769231	17.830	27.513
complex.1011.pdb	0	18.465	37.142
complex.1012.pdb	0.00769231	15.853	25.432
complex.1013.pdb	0	14.630	30.172
complex.1014.pdb	0.0153846	14.026	22.630
complex.1015.pdb	0.0153846	16.657	32.451
complex.1016.pdb	0.0461538	10.026	16.144
complex.1017.pdb	0	19.487	53.769
complex.1018.pdb	0	15.090	28.128
complex.1019.pdb	0	16.216	30.531
complex.1020.pdb	0	14.726	23.169
complex.1021.pdb	0	25.604	52.819
complex.1022.pdb	0	24.014	53.561
complex.1023.pdb	0	13.747	36.028
complex.1024.pdb	0.0307692	13.879	23.222
complex.1025.pdb	0	9.519	20.254
complex.1026.pdb	0.00769231	13.817	24.355
complex.1027.pdb	0.0230769	7.429	12.701
complex.1028.pdb	0.0153846	17.465	30.591
complex.1029.pdb	0	22.634	56.873
complex.1030.pdb	0	16.959	37.201
complex.1031.pdb	0	15.494	24.121
complex.1032.pdb	0	25.036	59.305
complex.1033.pdb	0	19.843	39.065
complex.1034.pdb	0	14.253	34.114
complex.1035.pdb	0	22.724	54.381
complex.1036.pdb	0.00769231	13.004	21.186
complex.1037.pdb	0	17.220	26.748
complex.1038.pdb	0	15.177	25.560
complex.1039.pdb	0	16.568	33.582
complex.1040.pdb	0	15.413	24.266
complex.1041.pdb	0	14.647	23.102
complex.1042.pdb	0	8.166	16.305
complex.1043.pdb	0	16.267	29.122
complex.1044.pdb	0.0692308	8.369	15.369
complex.1045.pdb	0	17.372	40.725
complex.1046.pdb	0	19.120	29.629
complex.1047.pdb	0.0230769	16.769	39.389
complex.1048.pdb	0	15.373	24.765
complex.1049.pdb	0.0384615	20.480	38.093
complex.1050.pdb	0	18.074	30.348
complex.1051.pdb	0	16.237	25.595
complex.1052.pdb	0	16.415	27.432
complex.1053.pdb	0	10.394	18.928
complex.1054.pdb	0	15.185	29.100
complex.1055.pdb	0.00769231	12.666	31.159
complex.1056.pdb	0	18.762	30.324
complex.1057.pdb	0	19.043	38.833
complex.1058.pdb	0.107692	10.518	26.370
complex.1059.pdb	0	20.237	52.556
complex.1060.pdb	0	10.315	23.972
complex.1061.pdb	0.00769231	12.202	29.400
complex.1062.pdb	0	14.331	23.540
complex.1063.pdb	0	13.514	26.820
complex.1064.pdb	0	15.026	24.688
complex.1065.pdb	0	19.361	43.356
complex.1066.pdb	0	24.157	55.864
complex.1067.pdb	0.107692	9.023	15.023
complex.1068.pdb	0	17.899	32.097
complex.1069.pdb	0	16.539	28.633
complex.1070.pdb	0	18.532	30.766
complex.1071.pdb	0	15.193	26.772
complex.1072.pdb	0	13.631	24.531
complex.1073.pdb	0	11.477	21.429
complex.1074.pdb	0.00769231	16.993	25.628
complex.1075.pdb	0	19.039	40.976
complex.1076.pdb	0.0153846	17.035	32.006
complex.1077.pdb	0	12.887	30.403
complex.1078.pdb	0	21.604	56.159
complex.1079.pdb	0	13.275	23.245
complex.1080.pdb	0	14.793	24.462
complex.1081.pdb	0	15.512	35.802
complex.1082.pdb	0	20.568	45.433
complex.1083.pdb	0	14.563	25.101
complex.1084.pdb	0	15.292	36.475
complex.1085.pdb	0	13.716	21.767
complex.1086.pdb	0.0384615	14.824	26.751
complex.1087.pdb	0	21.353	53.947
complex.1088.pdb	0	12.982	23.187
complex.1089.pdb	0	13.794	25.856
complex.1090.pdb	0	17.629	30.742
complex.1091.pdb	0	15.957	25.205
complex.1092.pdb	0	16.517	30.407
complex.1093.pdb	0.00769231	15.640	26.802
complex.1094.pdb	0	13.476	25.800
complex.1095.pdb	0.0538462	13.150	26.772
complex.1096.pdb	0	11.931	19.736
complex.1097.pdb	0.00769231	17.056	38.728
complex.1098.pdb	0	25.637	53.293
complex.1099.pdb	0	18.522	35.202
complex.1100.pdb	0.0153846	15.672	30.438
complex.1101.pdb	0	12.351	21.072
complex.1102.pdb	0	16.107	26.362
complex.1103.pdb	0	16.196	26.455
complex.1104.pdb	0	15.423	24.812
complex.1105.pdb	0.0307692	13.997	25.880
complex.1106.pdb	0	14.627	25.112
complex.1107.pdb	0	17.372	48.370
complex.1108.pdb	0	17.183	30.934
complex.1109.pdb	0	20.931	53.052
complex.1110.pdb	0	9.984	21.165
complex.1111.pdb	0.00769231	13.154	29.041
complex.1112.pdb	0	24.191	49.398
complex.1113.pdb	0	15.584	28.904
complex.1114.pdb	0	18.259	28.862
complex.1115.pdb	0	15.316	32.261
complex.1116.pdb	0	17.519	35.844
complex.1117.pdb	0.0307692	12.694	23.705
complex.1118.pdb	0	18.728	32.970
complex.1119.pdb	0	12.771	26.507
complex.1120.pdb	0	21.318	60.176
complex.1121.pdb	0	22.616	57.982
complex.1122.pdb	0	22.667	60.007
complex.1123.pdb	0	13.833	23.186
complex.1124.pdb	0	13.047	21.812
complex.1125.pdb	0	13.739	29.220
complex.1126.pdb	0.00769231	16.708	25.555
complex.1127.pdb	0.0153846	10.955	19.182
complex.1128.pdb	0.0230769	11.395	27.398
complex.1129.pdb	0.0230769	12.343	21.842
complex.1130.pdb	0.0307692	16.465	26.747
complex.1131.pdb	0	12.330	26.968
complex.1132.pdb	0.00769231	10.480	17.118
complex.1133.pdb	0	14.165	24.683
complex.1134.pdb	0.0307692	12.357	20.879
complex.1135.pdb	0	7.280	11.487
complex.1136.pdb	0	17.261	29.745
complex.1137.pdb	0	12.585	19.446
complex.1138.pdb	0.0538462	11.848	20.064
complex.1139.pdb	0	15.136	33.350
complex.1140.pdb	0	14.212	23.276
complex.1141.pdb	0.0307692	14.171	23.989
complex.1142.pdb	0.0461538	10.606	24.215
complex.1143.pdb	0.00769231	14.257	23.952
complex.1144.pdb	0	25.317	52.515
complex.1145.pdb	0.0538462	12.023	23.016
complex.1146.pdb	0	16.387	40.662
complex.1147.pdb	0	20.957	60.043
complex.1148.pdb	0	13.386	24.354
complex.1149.pdb	0	13.029	22.576
complex.1150.pdb	0	14.085	29.617
complex.1151.pdb	0.00769231	9.181	18.859
complex.1152.pdb	0	21.878	43.780
complex.1153.pdb	0	27.007	55.858
complex.1154.pdb	0	11.662	18.697
complex.1155.pdb	0.0384615	10.147	19.509
complex.1156.pdb	0.00769231	17.453	27.906
complex.1157.pdb	0.0153846	17.066	28.721
complex.1158.pdb	0	16.231	27.324
complex.1159.pdb	0.0461538	15.084	22.566
complex.1160.pdb	0	22.416	50.908
complex.1161.pdb	0	9.666	19.288
complex.1162.pdb	0	12.410	21.876
complex.1163.pdb	0	23.887	48.569
complex.1164.pdb	0	9.697	20.587
complex.1165.pdb	0.0153846	14.437	23.431
complex.1166.pdb	0	24.325	51.718
complex.1167.pdb	0.00769231	16.865	28.696
complex.1168.pdb	0	15.320	25.949
complex.1169.pdb	0	13.204	33.178
complex.1170.pdb	0	21.963	61.408
complex.1171.pdb	0	27.460	53.632
complex.1172.pdb	0	17.398	30.664
complex.1173.pdb	0	11.962	18.998
complex.1174.pdb	0	25.614	54.556
complex.1175.pdb	0	18.077	32.188
complex.1176.pdb	0.00769231	12.719	29.292
complex.1177.pdb	0	14.655	23.952
complex.1178.pdb	0	24.848	51.752
complex.1179.pdb	0	17.407	39.060
complex.1180.pdb	0	18.426	40.425
complex.1181.pdb	0	13.732	26.465
complex.1182.pdb	0.0461538	13.610	22.623
complex.1183.pdb	0	15.667	25.792
complex.1184.pdb	0	17.992	28.311
complex.1185.pdb	0	14.405	29.742
complex.1186.pdb	0	12.066	21.040
complex.1187.pdb	0	26.726	56.563
complex.1188.pdb	0	16.307	26.039
complex.1189.pdb	0	14.691	33.649
complex.1190.pdb	0	18.930	32.743
complex.1191.pdb	0	13.669	21.988
complex.1192.pdb	0	11.906	21.586
complex.1193.pdb	0	10.886	28.021
complex.1194.pdb	0	27.507	51.765
complex.1195.pdb	0	13.906	28.698
complex.1196.pdb	0	18.904	32.922
complex.1197.pdb	0	9.732	19.497
complex.1198.pdb	0	13.990	33.294
complex.1199.pdb	0	13.189	21.226
complex.1200.pdb	0	14.170	30.774
complex.1201.pdb	0	12.258	20.150
complex.1202.pdb	0	11.115	22.447
complex.1203.pdb	0.0230769	12.669	20.336
complex.1204.pdb	0	19.850	51.201
complex.1205.pdb	0	21.808	57.247
complex.1206.pdb	0	12.861	21.326
complex.1207.pdb	0	9.322	19.729
complex.1208.pdb	0.0307692	11.382	24.817
complex.1209.pdb	0.0230769	12.993	22.341
complex.1210.pdb	0	26.731	58.810
complex.1211.pdb	0	15.430	40.902
complex.1212.pdb	0.00769231	13.691	37.157
complex.1213.pdb	0	19.930	55.006
complex.1214.pdb	0	16.613	29.083
complex.1215.pdb	0	17.568	51.979
complex.1216.pdb	0	9.498	16.951
complex.1217.pdb	0	18.640	46.046
complex.1218.pdb	0	16.262	26.345
complex.1219.pdb	0	12.161	21.117
complex.1220.pdb	0	19.644	37.208
complex.1221.pdb	0.0230769	10.464	22.749
complex.1222.pdb	0	26.595	55.785
complex.1223.pdb	0	25.667	54.000
complex.1224.pdb	0	12.971	23.226
complex.1225.pdb	0	17.660	28.477
complex.1226.pdb	0	19.672	39.480
complex.1227.pdb	0	26.023	54.189
complex.1228.pdb	0.0230769	14.129	22.790
complex.1229.pdb	0	16.327	44.993
complex.1230.pdb	0	24.282	52.892
complex.1231.pdb	0	22.395	56.659
complex.1232.pdb	0	12.088	25.062
complex.1233.pdb	0	18.101	29.154
complex.1234.pdb	0	13.501	24.730
complex.1235.pdb	0	20.601	58.657
complex.1236.pdb	0	22.791	50.035
complex.1237.pdb	0.00769231	13.161	23.749
complex.1238.pdb	0	10.611	19.215
complex.1239.pdb	0.00769231	17.448	30.576
complex.1240.pdb	0	17.015	30.537
complex.1241.pdb	0	20.051	33.388
complex.1242.pdb	0	19.913	48.627
complex.1243.pdb	0	15.216	23.950
complex.1244.pdb	0	18.052	30.323
complex.1245.pdb	0	20.142	46.509
complex.1246.pdb	0.0153846	17.269	30.464
complex.1247.pdb	0	18.138	43.869
complex.1248.pdb	0	23.487	51.381
complex.1249.pdb	0.0384615	6.917	13.195
complex.1250.pdb	0	13.735	23.043
complex.1251.pdb	0	20.915	55.594
complex.1252.pdb	0	15.452	29.300
complex.1253.pdb	0	22.522	46.801
complex.1254.pdb	0.0153846	15.306	25.355
complex.1255.pdb	0	14.214	31.606
complex.1256.pdb	0	21.271	47.453
complex.1257.pdb	0.0153846	13.006	37.939
complex.1258.pdb	0.0230769	13.445	22.424
complex.1259.pdb	0	25.253	51.327
complex.1260.pdb	0	20.814	46.321
complex.1261.pdb	0	11.178	20.972
complex.1262.pdb	0	14.263	22.628
complex.1263.pdb	0.0230769	16.497	27.431
complex.1264.pdb	0	11.978	29.173
complex.1265.pdb	0.0461538	10.778	21.580
complex.1266.pdb	0	14.818	24.679
complex.1267.pdb	0	11.203	18.210
complex.1268.pdb	0	14.848	22.710
complex.1269.pdb	0	22.163	51.104
complex.1270.pdb	0	20.915	50.599
complex.1271.pdb	0	10.796	21.787
complex.1272.pdb	0.00769231	12.742	25.205
complex.1273.pdb	0	17.477	27.385
complex.1274.pdb	0	13.718	22.874
complex.1275.pdb	0.0846154	7.170	14.104
complex.1276.pdb	0	15.578	29.507
complex.1277.pdb	0.0230769	12.630	25.793
complex.1278.pdb	0	18.729	29.382
complex.1279.pdb	0	26.133	53.615
complex.1280.pdb	0	14.035	25.415
complex.1281.pdb	0	18.386	52.841
complex.1282.pdb	0	11.647	19.914
complex.1283.pdb	0	20.863	53.029
complex.1284.pdb	0.00769231	15.454	31.413
complex.1285.pdb	0	15.967	30.560
complex.1286.pdb	0	12.960	22.432
complex.1287.pdb	0	13.964	25.085
complex.1288.pdb	0	14.194	33.615
complex.1289.pdb	0.0153846	12.351	34.523
complex.1290.pdb	0.0692308	13.173	22.365
complex.1291.pdb	0	16.476	24.639
complex.1292.pdb	0	12.626	21.288
complex.1293.pdb	0	15.562	25.743
complex.1294.pdb	0.0538462	19.216	35.051
complex.1295.pdb	0.0923077	13.388	23.859
complex.1296.pdb	0.0153846	13.403	25.827
complex.1297.pdb	0	13.647	25.833
complex.1298.pdb	0	15.641	26.365
complex.1299.pdb	0	16.118	26.849
complex.1300.pdb	0	20.486	58.500
complex.1301.pdb	0	12.083	24.640
complex.1302.pdb	0	13.609	21.291
complex.1303.pdb	0	13.941	24.363
complex.1304.pdb	0.00769231	17.359	28.178
complex.1305.pdb	0.0615385	8.651	17.206
complex.1306.pdb	0	17.998	50.896
complex.1307.pdb	0	25.102	52.683
complex.1308.pdb	0	23.435	55.482
complex.1309.pdb	0	15.209	24.650
complex.1310.pdb	0.0153846	12.188	20.314
complex.1311.pdb	0.0230769	12.445	23.522
complex.1312.pdb	0.00769231	8.502	23.855
complex.1313.pdb	0	14.835	40.800
complex.1314.pdb	0	18.011	49.331
complex.1315.pdb	0	15.321	28.278
complex.1316.pdb	0	13.790	22.245
complex.1317.pdb	0.0230769	10.113	25.018
complex.1318.pdb	0	20.860	51.898
complex.1319.pdb	0.0230769	7.137	12.954
complex.1320.pdb	0	16.000	40.497
complex.1321.pdb	0.0538462	13.404	21.460
complex.1322.pdb	0	19.834	32.999
complex.1323.pdb	0	17.917	56.708
complex.1324.pdb	0	21.713	56.103
complex.1325.pdb	0.130769	6.213	11.189
complex.1326.pdb	0	13.851	21.114
complex.1327.pdb	0	16.775	29.233
complex.1328.pdb	0.00769231	13.318	35.220
complex.1329.pdb	0.0153846	12.843	20.529
complex.1330.pdb	0.00769231	9.055	16.997
complex.1331.pdb	0.0615385	9.372	23.052
complex.1332.pdb	0	14.422	28.848
complex.1333.pdb	0	15.302	28.951
complex.1334.pdb	0	27.428	53.942
complex.1335.pdb	0.00769231	13.704	25.749
complex.1336.pdb	0	16.373	28.122
complex.1337.pdb	0	21.129	57.729
complex.1338.pdb	0	13.187	25.065
complex.1339.pdb	0.0153846	23.113	42.567
complex.1340.pdb	0.0230769	13.346	24.199
complex.1341.pdb	0	14.094	23.460
complex.1342.pdb	0	17.356	52.055
complex.1343.pdb	0.00769231	14.870	29.721
complex.1344.pdb	0	14.464	28.274
complex.1345.pdb	0.0230769	11.944	20.512
complex.1346.pdb	0	13.441	24.762
complex.1347.pdb	0	18.027	45.695
complex.1348.pdb	0	20.410	42.188
complex.1349.pdb	0	12.032	21.990
complex.1350.pdb	0.0230769	14.720	22.147
complex.1351.pdb	0.00769231	17.474	27.942
complex.1352.pdb	0	15.637	44.610
complex.1353.pdb	0	14.948	23.663
complex.1354.pdb	0	16.163	28.005
complex.1355.pdb	0.0307692	10.790	28.873
complex.1356.pdb	0.00769231	17.929	34.363
complex.1357.pdb	0.00769231	19.716	36.275
complex.1358.pdb	0	10.916	18.596
complex.1359.pdb	0	19.391	52.321
complex.1360.pdb	0	15.723	43.531
complex.1361.pdb	0	17.805	26.970
complex.1362.pdb	0	20.230	53.786
complex.1363.pdb	0.0153846	26.123	54.350
complex.1364.pdb	0	17.299	26.880
complex.1365.pdb	0	18.831	47.407
complex.1366.pdb	0	19.963	39.443
complex.1367.pdb	0	25.400	52.707
complex.1368.pdb	0.0153846	14.593	29.153
complex.1369.pdb	0.00769231	16.538	43.459
complex.1370.pdb	0	14.302	29.323
complex.1371.pdb	0	21.261	43.080
complex.1372.pdb	0	21.430	34.633
complex.1373.pdb	0	14.708	34.478
complex.1374.pdb	0	15.381	24.916
complex.1375.pdb	0	17.165	27.946
complex.1376.pdb	0.0230769	18.266	29.470
complex.1377.pdb	0	14.353	26.170
complex.1378.pdb	0	11.155	20.424
complex.1379.pdb	0	13.067	27.085
complex.1380.pdb	0.00769231	13.191	23.852
complex.1381.pdb	0	21.127	54.242
complex.1382.pdb	0	25.257	51.420
complex.1383.pdb	0	13.734	22.951
complex.1384.pdb	0	17.879	30.446
complex.1385.pdb	0	16.022	42.954
complex.1386.pdb	0	14.431	41.142
complex.1387.pdb	0	17.336	42.297
complex.1388.pdb	0.00769231	12.067	19.655
complex.1389.pdb	0	24.746	51.275
complex.1390.pdb	0.0307692	11.467	20.049
complex.1391.pdb	0	19.147	43.997
complex.1392.pdb	0	19.074	46.147
complex.1393.pdb	0.00769231	19.352	35.933
complex.1394.pdb	0	16.968	28.291
complex.1395.pdb	0	13.600	24.600
complex.1396.pdb	0	17.669	30.216
complex.1397.pdb	0.0230769	15.288	26.565
complex.1398.pdb	0.00769231	9.895	26.703
complex.1399.pdb	0	17.424	54.089
complex.1400.pdb	0	24.683	49.123
complex.1401.pdb	0.00769231	17.031	29.632
complex.1402.pdb	0.0692308	8.914	20.665
complex.1403.pdb	0	26.552	56.264
complex.1404.pdb	0	16.429	33.994
complex.1405.pdb	0	17.726	28.494
complex.1406.pdb	0.00769231	13.878	34.225
complex.1407.pdb	0.00769231	13.967	23.202
complex.1408.pdb	0	21.256	58.742
complex.1409.pdb	0	11.257	17.711
complex.1410.pdb	0.00769231	19.472	36.978
complex.1411.pdb	0	18.672	28.776
complex.1412.pdb	0.0230769	16.167	28.383
complex.1413.pdb	0	21.392	46.515
complex.1414.pdb	0	18.631	42.343
complex.1415.pdb	0	20.436	44.861
complex.1416.pdb	0.0230769	18.940	42.458
complex.1417.pdb	0	15.526	24.628
complex.1418.pdb	0	8.466	16.170
complex.1419.pdb	0	11.554	18.710
complex.1420.pdb	0	24.696	50.234
complex.1421.pdb	0.0230769	15.297	27.284
complex.1422.pdb	0.00769231	13.434	39.299
complex.1423.pdb	0	15.208	23.047
complex.1424.pdb	0.0307692	6.783	10.787
complex.1425.pdb	0.0461538	14.335	22.808
complex.1426.pdb	0	20.001	51.450
complex.1427.pdb	0	18.484	32.076
complex.1428.pdb	0.00769231	14.627	24.885
complex.1429.pdb	0.0230769	16.053	38.507
complex.1430.pdb	0	13.341	24.318
complex.1431.pdb	0	20.697	52.456
complex.1432.pdb	0.0538462	7.945	15.843
complex.1433.pdb	0	16.683	27.226
complex.1434.pdb	0.0153846	8.178	16.453
complex.1435.pdb	0	15.546	27.138
complex.1436.pdb	0.0153846	14.799	24.221
complex.1437.pdb	0	22.779	57.283
complex.1438.pdb	0	17.612	31.340
complex.1439.pdb	0	12.940	28.650
complex.1440.pdb	0	24.778	51.539
complex.1441.pdb	0.0923077	9.997	16.146
complex.1442.pdb	0	16.657	26.519
complex.1443.pdb	0	26.349	53.725
complex.1444.pdb	0	15.697	31.410
complex.1445.pdb	0.00769231	17.473	32.215
complex.1446.pdb	0.0153846	13.128	21.007
complex.1447.pdb	0	16.439	25.286
complex.1448.pdb	0.0538462	14.589	22.861
complex.1449.pdb	0	16.186	43.186
complex.1450.pdb	0.0230769	17.432	38.080
complex.1451.pdb	0	15.771	30.621
complex.1452.pdb	0	19.259	51.303
complex.1453.pdb	0.0153846	16.742	34.647
complex.1454.pdb	0	14.243	27.372
complex.1455.pdb	0	24.652	54.095
complex.1456.pdb	0	26.143	54.258
complex.1457.pdb	0	10.411	19.795
complex.1458.pdb	0	16.046	29.834
complex.1459.pdb	0	17.335	38.440
complex.1460.pdb	0	18.843	46.206
complex.1461.pdb	0.0307692	10.752	30.058
complex.1462.pdb	0	14.800	24.893
complex.1463.pdb	0.00769231	18.697	32.751
complex.1464.pdb	0	26.042	54.378
complex.1465.pdb	0	19.465	30.312
complex.1466.pdb	0	27.225	50.714
complex.1467.pdb	0	22.093	59.706
complex.1468.pdb	0	20.353	48.767
complex.1469.pdb	0	15.635	31.741
complex.1470.pdb	0	17.404	29.707
complex.1471.pdb	0	12.723	21.628
complex.1472.pdb	0	17.180	30.713
complex.1473.pdb	0	17.442	32.909
complex.1474.pdb	0	16.763	27.260
complex.1475.pdb	0	20.247	55.143
complex.1476.pdb	0.0230769	7.992	19.697
complex.1477.pdb	0	15.839	25.154
complex.1478.pdb	0.00769231	17.456	27.411
complex.1479.pdb	0	21.040	41.152
complex.1480.pdb	0	11.864	20.765
complex.1481.pdb	0	20.553	32.074
complex.1482.pdb	0.0307692	9.817	18.848
complex.1483.pdb	0	16.417	30.405
complex.1484.pdb	0	12.643	21.599
complex.1485.pdb	0	15.008	25.533
complex.1486.pdb	0.0384615	8.483	13.861
complex.1487.pdb	0	13.499	23.432
complex.1488.pdb	0	21.216	49.895
complex.1489.pdb	0.0153846	16.931	29.291
complex.1490.pdb	0	17.084	30.595
complex.1491.pdb	0.00769231	13.750	27.293
complex.1492.pdb	0	12.397	20.711
complex.1493.pdb	0	14.487	23.520
complex.1494.pdb	0	12.335	22.561
complex.1495.pdb	0	20.648	41.739
complex.1496.pdb	0	11.613	21.058
complex.1497.pdb	0	14.766	23.771
complex.1498.pdb	0	15.497	28.691
complex.1499.pdb	0	13.962	21.749
complex.1500.pdb	0.0153846	13.990	22.169
complex.1501.pdb	0.0230769	13.627	25.581
complex.1502.pdb	0	13.781	28.656
complex.1503.pdb	0.0153846	13.666	21.714
complex.1504.pdb	0	11.299	19.112
complex.1505.pdb	0	23.988	50.525
complex.1506.pdb	0.00769231	17.467	28.374
complex.1507.pdb	0	19.355	29.993
complex.1508.pdb	0	13.681	30.587
complex.1509.pdb	0.0153846	9.721	18.303
complex.1510.pdb	0.0153846	13.649	24.344
complex.1511.pdb	0.0307692	13.708	23.330
complex.1512.pdb	0	17.800	28.158
complex.1513.pdb	0	11.685	33.496
complex.1514.pdb	0	13.400	22.382
complex.1515.pdb	0	26.045	54.186
complex.1516.pdb	0	11.225	18.710
complex.1517.pdb	0.0538462	17.834	32.689
complex.1518.pdb	0	14.941	24.466
complex.1519.pdb	0.00769231	15.035	28.825
complex.1520.pdb	0.0230769	10.382	19.120
complex.1521.pdb	0	16.498	28.672
complex.1522.pdb	0	15.998	42.449
complex.1523.pdb	0.0153846	15.453	25.322
complex.1524.pdb	0	15.807	25.647
complex.1525.pdb	0	14.470	28.955
complex.1526.pdb	0	15.414	26.123
complex.1527.pdb	0	19.029	41.807
complex.1528.pdb	0	15.841	26.895
complex.1529.pdb	0	23.899	58.615
complex.1530.pdb	0	12.811	30.639
complex.1531.pdb	0	11.530	26.310
complex.1532.pdb	0	12.963	22.424
complex.1533.pdb	0	14.209	23.218
complex.1534.pdb	0	23.058	50.605
complex.1535.pdb	0	14.249	28.068
complex.1536.pdb	0.0153846	9.130	16.507
complex.1537.pdb	0.00769231	18.758	30.321
complex.1538.pdb	0	19.624	31.173
complex.1539.pdb	0	22.353	60.317
complex.1540.pdb	0	23.592	49.172
complex.1541.pdb	0	17.315	30.550
complex.1542.pdb	0	17.266	27.897
complex.1543.pdb	0	22.825	47.897
complex.1544.pdb	0.00769231	15.999	25.967
complex.1545.pdb	0	15.902	31.847
complex.1546.pdb	0	15.139	28.315
complex.1547.pdb	0	17.125	26.850
complex.1548.pdb	0	17.313	33.092
complex.1549.pdb	0	24.927	55.064
complex.1550.pdb	0	14.562	38.363
complex.1551.pdb	0	13.975	28.100
complex.1552.pdb	0	21.983	52.040
complex.1553.pdb	0.130769	6.201	9.758
complex.1554.pdb	0	11.861	20.993
complex.1555.pdb	0.00769231	14.087	23.247
complex.1556.pdb	0	15.236	30.823
complex.1557.pdb	0	19.532	34.531
complex.1558.pdb	0.0307692	18.569	32.231
complex.1559.pdb	0	19.792	47.071
complex.1560.pdb	0	17.243	45.388
complex.1561.pdb	0.00769231	19.876	38.389
complex.1562.pdb	0.0692308	15.887	30.955
complex.1563.pdb	0	15.652	23.380
complex.1564.pdb	0.0923077	7.712	15.991
complex.1565.pdb	0	11.925	19.886
complex.1566.pdb	0	14.903	22.896
complex.1567.pdb	0	14.252	33.924
complex.1568.pdb	0	21.909	53.198
complex.1569.pdb	0	19.652	52.059
complex.1570.pdb	0.0307692	21.042	40.359
complex.1571.pdb	0.0153846	14.837	26.908
complex.1572.pdb	0	17.572	32.714
complex.1573.pdb	0	16.540	28.891
complex.1574.pdb	0.0230769	14.039	24.847
complex.1575.pdb	0	14.097	26.850
complex.1576.pdb	0	16.719	30.293
complex.1577.pdb	0	20.867	39.404
complex.1578.pdb	0.00769231	14.225	23.730
complex.1579.pdb	0.0153846	12.604	35.224
complex.1580.pdb	0	15.980	27.313
complex.1581.pdb	0.161538	5.553	13.200
complex.1582.pdb	0	21.573	54.054
complex.1583.pdb	0.00769231	17.364	28.689
complex.1584.pdb	0.0307692	16.026	24.698
complex.1585.pdb	0.00769231	13.475	21.620
complex.1586.pdb	0	22.702	46.261
complex.1587.pdb	0	22.901	60.728
complex.1588.pdb	0	16.880	39.835
complex.1589.pdb	0	16.275	26.814
complex.1590.pdb	0	14.933	42.481
complex.1591.pdb	0.315385	3.975	14.127
complex.1592.pdb	0	25.661	54.772
complex.1593.pdb	0	23.614	51.415
complex.1594.pdb	0.0923077	12.181	19.687
complex.1595.pdb	0.0615385	16.270	26.249
complex.1596.pdb	0	12.118	24.623
complex.1597.pdb	0	11.071	20.666
complex.1598.pdb	0.0230769	17.053	27.459
complex.1599.pdb	0	19.423	39.410
complex.1600.pdb	0	8.241	15.354
complex.1601.pdb	0	14.096	23.239
complex.1602.pdb	0.0307692	13.947	23.122
complex.1603.pdb	0	19.667	31.421
complex.1604.pdb	0.00769231	13.744	22.462
complex.1605.pdb	0	17.068	27.830
complex.1606.pdb	0	22.305	50.621
complex.1607.pdb	0.0769231	8.801	14.382
complex.1608.pdb	0.0846154	9.643	21.726
complex.1609.pdb	0	14.066	33.781
complex.1610.pdb	0	21.292	52.893
complex.1611.pdb	0.00769231	8.457	14.806
complex.1612.pdb	0	13.036	22.269
complex.1613.pdb	0	13.451	28.107
complex.1614.pdb	0.0153846	18.579	34.862
complex.1615.pdb	0	15.767	31.645
complex.1616.pdb	0	16.481	26.105
complex.1617.pdb	0	15.927	26.734
complex.1618.pdb	0	14.035	29.577
complex.1619.pdb	0	19.657	54.013
complex.1620.pdb	0	21.444	47.089
complex.1621.pdb	0	20.418	34.209
complex.1622.pdb	0.0230769	10.880	26.345
complex.1623.pdb	0.00769231	14.631	24.964
complex.1624.pdb	0	17.579	28.750
complex.1625.pdb	0	17.081	40.518
complex.1626.pdb	0	18.322	32.320
complex.1627.pdb	0.0153846	17.640	36.693
complex.1628.pdb	0	14.159	26.309
complex.1629.pdb	0.0230769	15.266	46.844
complex.1630.pdb	0.0692308	16.486	31.076
complex.1631.pdb	0	12.060	21.733
complex.1632.pdb	0	26.950	55.210
complex.1633.pdb	0	8.571	17.033
complex.1634.pdb	0.0384615	16.040	25.460
complex.1635.pdb	0	16.051	27.020
complex.1636.pdb	0.0307692	13.988	25.880
complex.1637.pdb	0	17.116	26.349
complex.1638.pdb	0.00769231	15.088	27.512
complex.1639.pdb	0	15.126	27.210
complex.1640.pdb	0	19.000	34.858
complex.1641.pdb	0.0153846	15.846	25.658
complex.1642.pdb	0	24.719	47.457
complex.1643.pdb	0	18.109	50.616
complex.1644.pdb	0.161538	3.824	7.481
complex.1645.pdb	0	17.893	29.990
complex.1646.pdb	0	15.382	28.805
complex.1647.pdb	0.0846154	6.710	14.667
complex.1648.pdb	0.0846154	10.931	36.178
complex.1649.pdb	0	19.852	47.252
complex.1650.pdb	0	16.120	25.483
complex.1651.pdb	0.0307692	16.239	27.657
complex.1652.pdb	0	17.253	31.465
complex.1653.pdb	0.0153846	13.991	22.790
complex.1654.pdb	0	26.608	54.335
complex.1655.pdb	0	16.947	26.093
complex.1656.pdb	0	21.357	47.761
complex.1657.pdb	0	16.369	26.969
complex.1658.pdb	0	14.132	22.497
complex.1659.pdb	0	13.352	23.444
complex.1660.pdb	0.00769231	9.948	17.879
complex.1661.pdb	0	16.721	27.960
complex.1662.pdb	0	15.137	31.685
complex.1663.pdb	0.00769231	11.920	20.569
complex.1664.pdb	0	24.325	49.999
complex.1665.pdb	0	13.689	22.759
complex.1666.pdb	0	13.567	30.145
complex.1667.pdb	0	16.744	32.361
complex.1668.pdb	0	20.927	33.678
complex.1669.pdb	0.0384615	13.069	24.164
complex.1670.pdb	0	17.933	33.637
complex.1671.pdb	0	13.627	25.956
complex.1672.pdb	0	13.734	23.880
complex.1673.pdb	0	15.398	28.903
complex.1674.pdb	0	14.471	26.171
complex.1675.pdb	0.0153846	12.508	21.679
complex.1676.pdb	0	15.779	34.893
complex.1677.pdb	0.0230769	16.791	26.905
complex.1678.pdb	0	16.784	29.239
complex.1679.pdb	0.0230769	14.494	21.737
complex.1680.pdb	0	20.677	46.260
complex.1681.pdb	0	15.285	23.772
complex.1682.pdb	0	8.299	14.269
complex.1683.pdb	0	14.071	26.547
complex.1684.pdb	0	17.831	34.765
complex.1685.pdb	0	14.250	22.786
complex.1686.pdb	0.0307692	15.522	27.405
complex.1687.pdb	0	23.665	53.590
complex.1688.pdb	0	22.466	49.670
complex.1689.pdb	0	17.248	26.518
complex.1690.pdb	0.0153846	13.523	23.373
complex.1691.pdb	0	25.564	53.031
complex.1692.pdb	0	12.923	23.112
complex.1693.pdb	0	10.817	23.733
complex.1694.pdb	0.0615385	13.620	23.469
complex.1695.pdb	0	16.644	31.853
complex.1696.pdb	0.0230769	12.953	25.837
complex.1697.pdb	0	16.309	36.261
complex.1698.pdb	0	15.930	26.095
complex.1699.pdb	0	14.961	23.949
complex.1700.pdb	0	13.732	22.739
complex.1701.pdb	0	14.375	24.561
complex.1702.pdb	0	15.192	25.356
complex.1703.pdb	0	12.104	21.618
complex.1704.pdb	0	16.479	27.120
complex.1705.pdb	0	24.910	54.823
complex.1706.pdb	0	22.223	52.663
complex.1707.pdb	0	19.135	50.616
complex.1708.pdb	0.00769231	22.077	41.141
complex.1709.pdb	0	17.213	28.495
complex.1710.pdb	0	18.711	33.339
complex.1711.pdb	0	20.377	47.243
complex.1712.pdb	0	17.789	39.314
complex.1713.pdb	0.00769231	15.517	36.418
complex.1714.pdb	0	13.037	21.520
complex.1715.pdb	0	19.522	39.034
complex.1716.pdb	0.115385	7.108	19.412
complex.1717.pdb	0	19.721	47.250
complex.1718.pdb	0.0153846	15.939	25.762
complex.1719.pdb	0	13.125	23.016
complex.1720.pdb	0.00769231	22.943	43.798
complex.1721.pdb	0	17.420	29.822
complex.1722.pdb	0.0153846	8.956	15.647
complex.1723.pdb	0	12.578	22.310
complex.1724.pdb	0	14.690	23.589
complex.1725.pdb	0	18.687	47.936
complex.1726.pdb	0	18.776	29.423
complex.1727.pdb	0.0153846	18.544	42.110
complex.1728.pdb	0	12.023	22.023
complex.1729.pdb	0	14.766	28.182
complex.1730.pdb	0	15.498	46.529
complex.1731.pdb	0.0230769	15.237	25.073
complex.1732.pdb	0.00769231	16.648	36.952
complex.1733.pdb	0	14.652	31.790
complex.1734.pdb	0	14.698	25.953
complex.1735.pdb	0	17.608	37.872
complex.1736.pdb	0	22.615	50.313
complex.1737.pdb	0.0461538	15.330	24.770
complex.1738.pdb	0	16.101	40.629
complex.1739.pdb	0	13.668	25.196
complex.1740.pdb	0	14.643	35.544
complex.1741.pdb	0	13.964	23.178
complex.1742.pdb	0	23.542	45.073
complex.1743.pdb	0.00769231	18.175	35.512
complex.1744.pdb	0	14.191	24.275
complex.1745.pdb	0	19.318	49.516
complex.1746.pdb	0.0384615	6.282	14.966
complex.1747.pdb	0	13.132	21.158
complex.1748.pdb	0	18.053	29.828
complex.1749.pdb	0	21.173	46.125
complex.1750.pdb	0	26.716	54.266
complex.1751.pdb	0	18.109	29.419
complex.1752.pdb	0.0153846	16.157	30.088
complex.1753.pdb	0	26.948	53.426
complex.1754.pdb	0.0384615	21.167	40.409
complex.1755.pdb	0	21.708	39.744
complex.1756.pdb	0	14.761	24.335
complex.1757.pdb	0	16.127	25.803
complex.1758.pdb	0	11.516	19.200
complex.1759.pdb	0	26.074	50.147
complex.1760.pdb	0	19.171	29.219
complex.1761.pdb	0.0153846	14.575	23.242
complex.1762.pdb	0	14.758	28.359
complex.1763.pdb	0.00769231	15.917	28.059
complex.1764.pdb	0.00769231	21.198	40.232
complex.1765.pdb	0	11.695	20.337
complex.1766.pdb	0	22.313	47.079
complex.1767.pdb	0	18.555	30.578
complex.1768.pdb	0	13.069	24.218
complex.1769.pdb	0	14.595	33.643
complex.1770.pdb	0	18.699	29.319
complex.1771.pdb	0	14.050	23.402
complex.1772.pdb	0	15.898	26.323
complex.1773.pdb	0.0153846	12.854	21.751
complex.1774.pdb	0.0692308	17.976	36.007
complex.1775.pdb	0	15.987	28.869
complex.1776.pdb	0.0769231	12.887	34.019
complex.1777.pdb	0	16.857	38.592
complex.1778.pdb	0.0230769	13.779	21.631
complex.1779.pdb	0.00769231	9.107	18.921
complex.1780.pdb	0	16.827	32.945
complex.1781.pdb	0.0230769	12.436	35.879
complex.1782.pdb	0	23.144	49.435
complex.1783.pdb	0	19.166	55.219
complex.1784.pdb	0.00769231	18.101	26.861
complex.1785.pdb	0.0153846	9.834	24.043
complex.1786.pdb	0.0538462	12.465	22.089
complex.1787.pdb	0	15.758	30.198
complex.1788.pdb	0	22.851	47.782
complex.1789.pdb	0	17.613	42.376
complex.1790.pdb	0	25.020	52.870
complex.1791.pdb	0.00769231	10.899	17.871
complex.1792.pdb	0	16.597	26.885
complex.1793.pdb	0	12.644	25.627
complex.1794.pdb	0	19.539	41.428
complex.1795.pdb	0	20.097	41.521
complex.1796.pdb	0	15.194	26.930
complex.1797.pdb	0	22.239	57.294
complex.1798.pdb	0	15.679	32.531
complex.1799.pdb	0	13.208	22.051
complex.1800.pdb	0	19.325	37.313
complex.1801.pdb	0	21.388	54.411
complex.1802.pdb	0.00769231	12.174	21.204
complex.1803.pdb	0	16.847	26.892
complex.1804.pdb	0	19.378	29.738
complex.1805.pdb	0	14.735	40.002
complex.1806.pdb	0	20.798	48.406
complex.1807.pdb	0.0538462	8.433	18.314
complex.1808.pdb	0	24.283	48.139
complex.1809.pdb	0.0538462	16.275	24.765
complex.1810.pdb	0	10.240	16.111
complex.1811.pdb	0	14.794	25.744
complex.1812.pdb	0	17.547	32.350
complex.1813.pdb	0	11.213	19.970
complex.1814.pdb	0	18.972	31.458
complex.1815.pdb	0	14.263	23.655
complex.1816.pdb	0	19.574	50.906
complex.1817.pdb	0.0230769	16.467	30.960
complex.1818.pdb	0.00769231	19.389	41.700
complex.1819.pdb	0	18.124	41.881
complex.1820.pdb	0.0307692	15.750	25.342
complex.1821.pdb	0	25.917	60.585
complex.1822.pdb	0	18.305	28.132
complex.1823.pdb	0	13.214	21.970
complex.1824.pdb	0	15.792	24.956
complex.1825.pdb	0.0153846	15.907	27.358
complex.1826.pdb	0.115385	5.667	14.499
complex.1827.pdb	0	21.919	51.933
complex.1828.pdb	0.00769231	14.528	43.310
complex.1829.pdb	0.0230769	9.859	18.263
complex.1830.pdb	0	24.457	52.053
complex.1831.pdb	0	16.512	40.342
complex.1832.pdb	0	20.658	56.389
complex.1833.pdb	0	25.924	54.221
complex.1834.pdb	0	16.436	28.664
complex.1835.pdb	0	21.838	50.377
complex.1836.pdb	0.0230769	8.119	15.663
complex.1837.pdb	0	24.260	56.466
complex.1838.pdb	0.00769231	17.510	29.880
complex.1839.pdb	0.0153846	16.711	34.379
complex.1840.pdb	0.0461538	13.805	35.531
complex.1841.pdb	0	19.519	45.969
complex.1842.pdb	0	13.715	27.253
complex.1843.pdb	0	18.256	49.524
complex.1844.pdb	0	22.347	45.418
complex.1845.pdb	0.00769231	16.025	25.970
complex.1846.pdb	0	14.926	24.915
complex.1847.pdb	0	21.606	53.361
complex.1848.pdb	0	15.078	23.766
complex.1849.pdb	0	21.121	35.020
complex.1850.pdb	0	16.917	26.197
complex.1851.pdb	0	14.749	24.490
complex.1852.pdb	0.0307692	16.587	28.395
complex.1853.pdb	0.0230769	13.888	23.546
complex.1854.pdb	0	17.028	27.034
complex.1855.pdb	0	22.651	52.592
complex.1856.pdb	0	14.396	33.999
complex.1857.pdb	0	16.619	25.469
complex.1858.pdb	0	15.407	26.766
complex.1859.pdb	0	25.747	52.939
complex.1860.pdb	0.00769231	16.602	28.793
complex.1861.pdb	0	13.947	23.423
complex.1862.pdb	0	23.963	52.571
complex.1863.pdb	0	24.655	48.523
complex.1864.pdb	0.0230769	13.464	24.223
complex.1865.pdb	0.0230769	10.983	24.128
complex.1866.pdb	0	15.344	25.544
complex.1867.pdb	0	14.433	29.039
complex.1868.pdb	0.0153846	10.072	17.650
complex.1869.pdb	0	12.143	21.108
complex.1870.pdb	0	16.332	24.917
complex.1871.pdb	0.0153846	18.713	40.750
complex.1872.pdb	0.0153846	11.713	19.601
complex.1873.pdb	0	12.364	21.618
complex.1874.pdb	0.0153846	17.462	37.499
complex.1875.pdb	0	22.568	52.542
complex.1876.pdb	0.0153846	11.734	25.965
complex.1877.pdb	0	15.330	29.188
complex.1878.pdb	0.0153846	16.522	32.862
complex.1879.pdb	0	19.732	31.791
complex.1880.pdb	0	15.843	27.612
complex.1881.pdb	0	15.605	25.356
complex.1882.pdb	0	15.328	26.548
complex.1883.pdb	0.0384615	15.497	25.783
complex.1884.pdb	0	15.706	28.008
complex.1885.pdb	0.00769231	13.378	22.845
complex.1886.pdb	0	17.093	35.440
complex.1887.pdb	0	13.489	21.401
complex.1888.pdb	0	16.803	28.031
complex.1889.pdb	0	13.340	26.171
complex.1890.pdb	0.0230769	15.892	23.178
complex.1891.pdb	0	13.343	31.468
complex.1892.pdb	0.0307692	15.268	26.980
complex.1893.pdb	0	12.893	22.591
complex.1894.pdb	0	21.354	54.294
complex.1895.pdb	0	25.973	53.863
complex.1896.pdb	0	18.096	42.689
complex.1897.pdb	0	18.992	32.497
complex.1898.pdb	0	20.911	40.628
complex.1899.pdb	0	19.973	32.146
complex.1900.pdb	0	12.008	22.323
complex.1901.pdb	0	18.063	57.790
complex.1902.pdb	0	14.733	25.091
complex.1903.pdb	0	15.562	24.944
complex.1904.pdb	0	17.126	28.019
complex.1905.pdb	0.0307692	11.002	17.617
complex.1906.pdb	0	22.613	49.734
complex.1907.pdb	0	21.073	42.285
complex.1908.pdb	0.0153846	19.148	31.423
complex.1909.pdb	0	13.221	24.725
complex.1910.pdb	0	18.874	50.457
complex.1911.pdb	0.00769231	16.036	27.806
complex.1912.pdb	0.0461538	7.861	16.189
complex.1913.pdb	0	25.962	54.769
complex.1914.pdb	0	15.719	26.432
complex.1915.pdb	0	13.634	22.704
complex.1916.pdb	0	10.685	20.095
complex.1917.pdb	0.0307692	11.721	18.049
complex.1918.pdb	0	25.441	51.393
complex.1919.pdb	0	18.529	28.784
complex.1920.pdb	0	18.986	35.529
complex.1921.pdb	0	14.829	24.628
complex.1922.pdb	0	19.210	55.452
complex.1923.pdb	0	13.458	20.758
complex.1924.pdb	0	20.599	48.852
complex.1925.pdb	0.0153846	17.307	39.899
complex.1926.pdb	0	11.433	26.909
complex.1927.pdb	0	19.156	34.890
complex.1928.pdb	0	21.667	49.674
complex.1929.pdb	0	14.168	29.388
complex.1930.pdb	0	17.561	28.492
complex.1931.pdb	0.0230769	15.472	24.504
complex.1932.pdb	0	17.201	27.806
complex.1933.pdb	0.0615385	15.925	24.426
complex.1934.pdb	0.00769231	13.373	33.873
complex.1935.pdb	0	21.045	45.558
complex.1936.pdb	0	13.078	22.570
complex.1937.pdb	0	18.764	29.924
complex.1938.pdb	0	26.190	53.784
complex.1939.pdb	0	15.323	29.137
complex.1940.pdb	0.0230769	14.265	25.389
complex.1941.pdb	0	14.607	29.052
complex.1942.pdb	0	20.023	44.815
complex.1943.pdb	0	17.140	32.266
complex.1944.pdb	0	11.418	19.538
complex.1945.pdb	0	13.738	22.757
complex.1946.pdb	0	13.906	26.270
complex.1947.pdb	0	11.715	19.003
complex.1948.pdb	0	15.022	24.655
complex.1949.pdb	0	19.435	59.054
complex.1950.pdb	0	21.200	59.933
complex.1951.pdb	0	15.737	41.245
complex.1952.pdb	0.0307692	14.915	23.617
complex.1953.pdb	0	22.677	61.188
complex.1954.pdb	0	14.412	25.209
complex.1955.pdb	0.0461538	15.101	24.686
complex.1956.pdb	0.00769231	16.801	37.442
complex.1957.pdb	0	17.150	27.194
complex.1958.pdb	0	19.600	43.427
complex.1959.pdb	0	15.960	26.472
complex.1960.pdb	0.0384615	10.897	18.566
complex.1961.pdb	0	22.537	52.511
complex.1962.pdb	0	13.047	23.882
complex.1963.pdb	0	14.196	23.270
complex.1964.pdb	0.0384615	15.065	29.076
complex.1965.pdb	0.00769231	21.549	37.380
complex.1966.pdb	0	15.283	36.234
complex.1967.pdb	0	16.990	31.973
complex.1968.pdb	0	21.869	54.834
complex.1969.pdb	0.00769231	13.704	23.616
complex.1970.pdb	0.0923077	10.722	17.043
complex.1971.pdb	0	16.587	27.309
complex.1972.pdb	0	16.815	27.722
complex.1973.pdb	0	22.687	59.876
complex.1974.pdb	0	17.233	26.023
complex.1975.pdb	0.0461538	7.171	12.241
complex.1976.pdb	0	18.255	39.315
complex.1977.pdb	0	28.198	60.005
complex.1978.pdb	0	13.703	25.081
complex.1979.pdb	0	18.351	48.801
complex.1980.pdb	0	13.742	23.006
complex.1981.pdb	0.00769231	16.154	25.825
complex.1982.pdb	0	16.185	43.566
complex.1983.pdb	0	15.536	27.245
complex.1984.pdb	0	23.692	54.971
complex.1985.pdb	0	11.402	24.236
complex.1986.pdb	0	21.721	48.712
complex.1987.pdb	0	15.120	30.120
complex.1988.pdb	0	15.416	25.648
complex.1989.pdb	0	25.256	52.087
complex.1990.pdb	0.0846154	6.199	11.159
complex.1991.pdb	0	15.570	25.867
complex.1992.pdb	0	14.096	30.087
complex.1993.pdb	0	16.099	31.926
complex.1994.pdb	0.0153846	14.752	25.801
complex.1995.pdb	0	20.518	32.840
complex.1996.pdb	0	19.394	30.858
complex.1997.pdb	0	16.384	37.887
complex.1998.pdb	0	27.598	57.370
complex.1999.pdb	0	16.429	43.030
complex.2000.pdb	0	19.729	43.662
