complex.1.pdb	0.0230769	11.074	26.435
complex.2.pdb	0.00769231	11.968	28.684
complex.3.pdb	0.0153846	14.337	32.592
complex.4.pdb	0	16.959	32.618
complex.5.pdb	0.00769231	11.786	27.050
complex.6.pdb	0.0461538	10.932	27.250
complex.7.pdb	0	14.684	32.652
complex.8.pdb	0.146154	10.215	25.447
complex.9.pdb	0.0615385	12.715	30.133
complex.10.pdb	0.00769231	11.801	27.735
complex.11.pdb	0	13.947	31.273
complex.12.pdb	0.0769231	12.015	29.546
complex.13.pdb	0.0307692	15.692	33.158
complex.14.pdb	0	16.999	33.498
complex.15.pdb	0	14.681	32.247
complex.16.pdb	0.0230769	12.508	30.043
complex.17.pdb	0.00769231	13.448	28.818
complex.18.pdb	0	13.558	28.928
complex.19.pdb	0.0307692	13.764	29.899
complex.20.pdb	0	17.992	34.850
complex.21.pdb	0	14.737	32.671
complex.22.pdb	0.0384615	10.295	26.523
complex.23.pdb	0	15.246	32.100
complex.24.pdb	0	17.475	34.334
complex.25.pdb	0	17.588	34.923
complex.26.pdb	0.0769231	13.229	32.345
complex.27.pdb	0.0538462	14.170	33.226
complex.28.pdb	0	14.749	30.980
complex.29.pdb	0	15.025	32.528
complex.30.pdb	0	16.590	33.256
complex.31.pdb	0.00769231	17.079	36.395
complex.32.pdb	0.0153846	16.483	33.324
complex.33.pdb	0.0923077	14.813	34.004
complex.34.pdb	0.0384615	11.837	28.693
complex.35.pdb	0.0692308	13.939	30.956
complex.36.pdb	0.0153846	17.599	34.802
complex.37.pdb	0	17.645	35.156
complex.38.pdb	0	18.313	34.162
complex.39.pdb	0	14.823	30.551
complex.40.pdb	0.0307692	12.506	29.132
complex.41.pdb	0.0538462	10.207	25.851
complex.42.pdb	0.00769231	12.848	31.249
complex.43.pdb	0.0461538	12.453	27.333
complex.44.pdb	0	14.571	31.312
complex.45.pdb	0	13.236	29.214
complex.46.pdb	0	16.455	33.090
complex.47.pdb	0.0307692	12.869	31.478
complex.48.pdb	0	18.235	35.139
complex.49.pdb	0.0153846	13.034	28.347
complex.50.pdb	0	17.963	35.347
complex.51.pdb	0.00769231	12.519	28.861
complex.52.pdb	0.130769	12.355	28.609
complex.53.pdb	0	14.739	31.961
complex.54.pdb	0	16.711	34.124
complex.55.pdb	0	17.490	32.685
complex.56.pdb	0	18.994	35.712
complex.57.pdb	0.00769231	14.179	32.422
complex.58.pdb	0	15.094	33.180
complex.59.pdb	0.0692308	13.552	31.598
complex.60.pdb	0.130769	10.868	26.948
complex.61.pdb	0.0538462	11.199	29.618
complex.62.pdb	0.0538462	16.131	34.494
complex.63.pdb	0	17.058	34.959
complex.64.pdb	0	15.908	32.931
complex.65.pdb	0	16.865	33.586
complex.66.pdb	0.0923077	11.187	24.824
complex.67.pdb	0.00769231	11.850	27.814
complex.68.pdb	0.0538462	14.643	34.133
complex.69.pdb	0.00769231	10.665	24.287
complex.70.pdb	0.0230769	12.159	26.667
complex.71.pdb	0.0538462	15.653	33.502
complex.72.pdb	0.107692	12.893	32.979
complex.73.pdb	0.0769231	11.839	25.601
complex.74.pdb	0	16.634	34.201
complex.75.pdb	0	18.523	34.242
complex.76.pdb	0	17.966	33.584
complex.77.pdb	0.00769231	11.809	25.558
complex.78.pdb	0.0384615	12.713	30.251
complex.79.pdb	0.0692308	13.279	29.603
complex.80.pdb	0.0461538	13.267	32.317
complex.81.pdb	0.00769231	17.712	33.949
complex.82.pdb	0	14.811	31.592
complex.83.pdb	0.00769231	13.632	32.493
complex.84.pdb	0	16.361	33.194
complex.85.pdb	0	12.789	28.596
complex.86.pdb	0	17.893	34.170
complex.87.pdb	0.0153846	17.060	33.476
complex.88.pdb	0.0538462	14.118	30.966
complex.89.pdb	0	17.281	34.241
complex.90.pdb	0	11.878	26.202
complex.91.pdb	0.0230769	13.865	32.414
complex.92.pdb	0.0307692	12.577	29.817
complex.93.pdb	0	17.511	33.251
complex.94.pdb	0	16.790	34.843
complex.95.pdb	0.0846154	13.247	31.541
complex.96.pdb	0	17.849	33.829
complex.97.pdb	0	14.982	30.991
complex.98.pdb	0.0307692	12.723	30.158
complex.99.pdb	0.0230769	13.330	27.677
complex.100.pdb	0.0153846	14.846	33.415
complex.101.pdb	0	18.413	33.930
complex.102.pdb	0	16.823	32.559
complex.103.pdb	0.0384615	15.972	33.370
complex.104.pdb	0	16.602	32.232
complex.105.pdb	0.0923077	13.294	31.992
complex.106.pdb	0.0230769	13.026	31.939
complex.107.pdb	0	14.980	33.105
complex.108.pdb	0.0461538	15.916	32.671
complex.109.pdb	0	15.783	31.452
complex.110.pdb	0	14.512	30.540
complex.111.pdb	0	18.062	34.519
complex.112.pdb	0	16.940	32.427
complex.113.pdb	0.0769231	12.735	29.906
complex.114.pdb	0.0692308	10.862	25.823
complex.115.pdb	0.0153846	12.827	28.598
complex.116.pdb	0	16.535	34.355
complex.117.pdb	0.0307692	17.142	34.563
complex.118.pdb	0.0769231	13.132	29.799
complex.119.pdb	0.0615385	10.361	26.379
complex.120.pdb	0	18.032	34.257
complex.121.pdb	0	16.688	35.361
complex.122.pdb	0.0461538	14.395	32.498
complex.123.pdb	0	13.470	32.754
complex.124.pdb	0.146154	12.856	33.565
complex.125.pdb	0	18.520	32.556
complex.126.pdb	0.0615385	16.819	34.017
complex.127.pdb	0	14.232	31.685
complex.128.pdb	0.0769231	11.888	29.295
complex.129.pdb	0	17.744	34.186
complex.130.pdb	0.0615385	10.409	24.880
complex.131.pdb	0	14.912	32.865
complex.132.pdb	0	17.122	35.196
complex.133.pdb	0.0307692	16.408	35.495
complex.134.pdb	0.0923077	12.549	30.024
complex.135.pdb	0	16.442	31.548
complex.136.pdb	0.0538462	16.404	34.041
complex.137.pdb	0	17.682	33.804
complex.138.pdb	0.0307692	16.839	36.198
complex.139.pdb	0.00769231	14.466	33.841
complex.140.pdb	0	17.554	33.853
complex.141.pdb	0.0769231	12.212	26.948
complex.142.pdb	0.0615385	11.076	26.599
complex.143.pdb	0	18.262	34.266
complex.144.pdb	0.0230769	15.394	32.496
complex.145.pdb	0.0230769	17.000	33.882
complex.146.pdb	0.0769231	10.499	25.715
complex.147.pdb	0.0692308	12.217	32.628
complex.148.pdb	0.1	11.818	27.775
complex.149.pdb	0.0307692	17.079	34.142
complex.150.pdb	0.0153846	17.196	35.449
complex.151.pdb	0	19.062	35.630
complex.152.pdb	0	17.153	36.155
complex.153.pdb	0	13.686	30.497
complex.154.pdb	0.00769231	14.934	31.337
complex.155.pdb	0.0230769	16.607	34.501
complex.156.pdb	0.0307692	14.352	32.599
complex.157.pdb	0.0692308	14.183	32.135
complex.158.pdb	0.00769231	11.863	27.065
complex.159.pdb	0.0384615	14.725	32.332
complex.160.pdb	0	15.615	33.461
complex.161.pdb	0.0538462	10.608	25.985
complex.162.pdb	0	13.366	33.387
complex.163.pdb	0.0461538	14.267	31.443
complex.164.pdb	0.0769231	14.607	34.052
complex.165.pdb	0.00769231	15.256	31.653
complex.166.pdb	0	17.306	33.973
complex.167.pdb	0.176923	11.437	25.808
complex.168.pdb	0	17.592	32.083
complex.169.pdb	0.0307692	14.059	30.658
complex.170.pdb	0.00769231	13.071	30.510
complex.171.pdb	0	18.055	34.440
complex.172.pdb	0.0230769	16.813	33.648
complex.173.pdb	0	18.856	34.867
complex.174.pdb	0.169231	12.806	34.554
complex.175.pdb	0	17.413	33.208
complex.176.pdb	0	16.556	34.204
complex.177.pdb	0	17.751	32.708
complex.178.pdb	0.207692	11.951	32.208
complex.179.pdb	0.0153846	11.268	25.856
complex.180.pdb	0	16.111	32.695
complex.181.pdb	0	18.478	34.180
complex.182.pdb	0	16.742	32.095
complex.183.pdb	0	17.822	34.328
complex.184.pdb	0	15.625	33.344
complex.185.pdb	0	16.028	32.836
complex.186.pdb	0	17.139	35.129
complex.187.pdb	0.0692308	12.571	30.158
complex.188.pdb	0.153846	12.019	31.055
complex.189.pdb	0	16.813	32.866
complex.190.pdb	0	14.360	30.701
complex.191.pdb	0	16.441	31.843
complex.192.pdb	0	15.898	32.440
complex.193.pdb	0.0153846	14.355	30.082
complex.194.pdb	0.0846154	15.640	33.016
complex.195.pdb	0.0384615	15.085	33.837
complex.196.pdb	0	14.701	34.194
complex.197.pdb	0.153846	13.063	32.687
complex.198.pdb	0	18.937	34.481
complex.199.pdb	0.0461538	13.126	32.518
complex.200.pdb	0.0461538	11.136	26.229
complex.201.pdb	0.0461538	16.950	33.943
complex.202.pdb	0	16.723	34.067
complex.203.pdb	0	17.193	31.834
complex.204.pdb	0	18.595	34.423
complex.205.pdb	0	17.140	32.185
complex.206.pdb	0.0307692	11.484	27.783
complex.207.pdb	0.00769231	17.432	34.132
complex.208.pdb	0.107692	15.095	32.762
complex.209.pdb	0.0153846	14.757	32.033
complex.210.pdb	0	17.538	35.521
complex.211.pdb	0	13.176	27.262
complex.212.pdb	0.0692308	13.615	32.424
complex.213.pdb	0	14.556	31.232
complex.214.pdb	0.0384615	9.986	25.078
complex.215.pdb	0	14.882	31.422
complex.216.pdb	0.0846154	13.726	33.523
complex.217.pdb	0	15.250	33.325
complex.218.pdb	0	17.961	34.203
complex.219.pdb	0	14.516	31.011
complex.220.pdb	0.0846154	13.303	30.319
complex.221.pdb	0.00769231	11.529	25.878
complex.222.pdb	0	15.983	32.752
complex.223.pdb	0.00769231	12.998	32.569
complex.224.pdb	0	17.746	34.468
complex.225.pdb	0.0615385	13.677	33.088
complex.226.pdb	0.0153846	14.329	31.709
complex.227.pdb	0.0230769	13.146	31.176
complex.228.pdb	0	17.152	33.097
complex.229.pdb	0	17.579	34.530
complex.230.pdb	0.0923077	11.521	28.101
complex.231.pdb	0	17.473	35.580
complex.232.pdb	0	15.532	33.592
complex.233.pdb	0.0461538	12.382	27.087
complex.234.pdb	0	16.113	30.965
complex.235.pdb	0.0153846	12.857	28.257
complex.236.pdb	0.0538462	11.178	26.663
complex.237.pdb	0	14.726	31.164
complex.238.pdb	0.0692308	14.496	32.471
complex.239.pdb	0	15.082	31.589
complex.240.pdb	0.0615385	13.218	29.987
complex.241.pdb	0.123077	12.609	30.426
complex.242.pdb	0	17.687	33.891
complex.243.pdb	0	16.960	35.818
complex.244.pdb	0	18.470	33.641
complex.245.pdb	0.0307692	12.775	29.167
complex.246.pdb	0.153846	10.958	25.170
complex.247.pdb	0.192308	13.220	36.408
complex.248.pdb	0	18.406	33.250
complex.249.pdb	0	16.793	32.184
complex.250.pdb	0.115385	12.550	32.549
complex.251.pdb	0.0538462	12.430	29.457
complex.252.pdb	0	18.647	33.001
complex.253.pdb	0	17.118	34.593
complex.254.pdb	0	13.357	28.674
complex.255.pdb	0.123077	14.992	31.835
complex.256.pdb	0	12.572	27.791
complex.257.pdb	0.0538462	11.952	31.462
complex.258.pdb	0.0153846	14.120	30.367
complex.259.pdb	0.0461538	11.954	26.135
complex.260.pdb	0	18.514	33.799
complex.261.pdb	0.0384615	16.176	35.151
complex.262.pdb	0	19.056	33.980
complex.263.pdb	0.00769231	12.219	28.210
complex.264.pdb	0	14.603	32.966
complex.265.pdb	0.0384615	13.728	31.791
complex.266.pdb	0.0230769	14.628	32.962
complex.267.pdb	0	17.088	33.583
complex.268.pdb	0.0538462	13.297	29.514
complex.269.pdb	0	18.969	35.969
complex.270.pdb	0.00769231	12.736	30.751
complex.271.pdb	0.1	12.853	33.160
complex.272.pdb	0.00769231	15.081	33.862
complex.273.pdb	0.0307692	11.153	28.059
complex.274.pdb	0	18.295	34.042
complex.275.pdb	0	18.951	35.106
complex.276.pdb	0	17.089	32.933
complex.277.pdb	0.0461538	15.974	34.414
complex.278.pdb	0.0615385	15.114	33.042
complex.279.pdb	0	16.538	34.199
complex.280.pdb	0.0461538	16.559	34.941
complex.281.pdb	0.0538462	16.246	33.065
complex.282.pdb	0	16.437	31.975
complex.283.pdb	0.0461538	13.506	31.513
complex.284.pdb	0.0538462	10.889	25.534
complex.285.pdb	0.0230769	16.248	35.131
complex.286.pdb	0	13.286	29.938
complex.287.pdb	0.0153846	15.704	30.911
complex.288.pdb	0.0923077	11.292	27.689
complex.289.pdb	0	16.991	32.231
complex.290.pdb	0.0692308	14.030	33.374
complex.291.pdb	0	15.413	33.196
complex.292.pdb	0.0538462	13.292	31.333
complex.293.pdb	0	18.439	33.474
complex.294.pdb	0	17.260	32.658
complex.295.pdb	0.0461538	14.653	33.279
complex.296.pdb	0.107692	14.322	31.414
complex.297.pdb	0	17.680	35.033
complex.298.pdb	0.0615385	13.372	30.363
complex.299.pdb	0.0153846	11.513	26.022
complex.300.pdb	0.00769231	14.644	33.047
complex.301.pdb	0.192308	12.225	32.294
complex.302.pdb	0.00769231	16.014	34.932
complex.303.pdb	0	15.527	32.122
complex.304.pdb	0	12.335	26.321
complex.305.pdb	0	16.648	33.615
complex.306.pdb	0.0384615	12.932	29.750
complex.307.pdb	0	15.836	32.718
complex.308.pdb	0.1	12.562	31.328
complex.309.pdb	0	14.832	35.624
complex.310.pdb	0	16.022	32.266
complex.311.pdb	0	16.619	31.035
complex.312.pdb	0.223077	10.827	25.241
complex.313.pdb	0	15.746	33.490
complex.314.pdb	0	17.550	33.307
complex.315.pdb	0	17.191	34.185
complex.316.pdb	0.0538462	15.547	32.574
complex.317.pdb	0.00769231	16.101	33.277
complex.318.pdb	0	13.299	30.660
complex.319.pdb	0.0384615	12.767	31.215
complex.320.pdb	0.0307692	13.081	29.230
complex.321.pdb	0	17.266	34.718
complex.322.pdb	0	15.887	32.732
complex.323.pdb	0.0307692	16.784	32.797
complex.324.pdb	0	17.845	32.231
complex.325.pdb	0	18.472	34.143
complex.326.pdb	0	17.330	33.902
complex.327.pdb	0.130769	11.625	30.650
complex.328.pdb	0.0230769	17.002	36.121
complex.329.pdb	0.0461538	16.342	34.573
complex.330.pdb	0.0230769	17.361	34.356
complex.331.pdb	0.0615385	14.426	30.821
complex.332.pdb	0.0615385	15.698	35.879
complex.333.pdb	0.0692308	12.517	28.383
complex.334.pdb	0	17.813	33.602
complex.335.pdb	0.0384615	13.319	32.237
complex.336.pdb	0.0692308	12.593	28.613
complex.337.pdb	0	15.849	32.532
complex.338.pdb	0	17.312	34.298
complex.339.pdb	0.1	12.362	30.015
complex.340.pdb	0.161538	11.745	30.995
complex.341.pdb	0.0307692	15.866	32.126
complex.342.pdb	0.246154	10.118	27.872
complex.343.pdb	0	16.697	34.095
complex.344.pdb	0.0384615	11.451	28.076
complex.345.pdb	0.0384615	15.966	32.107
complex.346.pdb	0	13.997	33.791
complex.347.pdb	0	18.536	35.295
complex.348.pdb	0	17.054	34.241
complex.349.pdb	0	15.699	33.044
complex.350.pdb	0	17.986	33.647
complex.351.pdb	0	14.109	29.584
complex.352.pdb	0	15.898	33.296
complex.353.pdb	0	15.614	30.307
complex.354.pdb	0	14.936	32.033
complex.355.pdb	0.0538462	15.048	32.442
complex.356.pdb	0.0384615	11.602	28.443
complex.357.pdb	0.00769231	16.905	32.036
complex.358.pdb	0.0230769	11.061	24.789
complex.359.pdb	0.0153846	15.308	30.116
complex.360.pdb	0.0615385	12.571	29.619
complex.361.pdb	0	18.523	36.250
complex.362.pdb	0.0615385	13.041	35.399
complex.363.pdb	0.0230769	14.950	29.536
complex.364.pdb	0.1	13.851	32.964
complex.365.pdb	0	16.509	33.454
complex.366.pdb	0	17.359	34.116
complex.367.pdb	0.0461538	13.490	29.472
complex.368.pdb	0	18.078	33.871
complex.369.pdb	0	18.314	35.288
complex.370.pdb	0.123077	13.807	34.619
complex.371.pdb	0	13.409	29.603
complex.372.pdb	0.0153846	12.645	33.276
complex.373.pdb	0	19.192	34.806
complex.374.pdb	0.0846154	12.670	31.949
complex.375.pdb	0.0692308	12.649	29.451
complex.376.pdb	0.0615385	16.485	36.733
complex.377.pdb	0	16.592	33.044
complex.378.pdb	0.0153846	17.321	36.297
complex.379.pdb	0	16.289	34.110
complex.380.pdb	0	11.000	25.229
complex.381.pdb	0	20.284	36.138
complex.382.pdb	0.0153846	14.814	30.575
complex.383.pdb	0.0923077	11.607	28.752
complex.384.pdb	0	19.046	34.869
complex.385.pdb	0.0307692	14.240	32.292
complex.386.pdb	0.00769231	14.657	31.183
complex.387.pdb	0.1	13.961	32.188
complex.388.pdb	0	12.882	28.489
complex.389.pdb	0.0846154	12.604	31.637
complex.390.pdb	0	17.906	35.245
complex.391.pdb	0.0615385	15.193	31.707
complex.392.pdb	0	15.810	32.068
complex.393.pdb	0	16.550	34.331
complex.394.pdb	0	16.499	31.508
complex.395.pdb	0.215385	10.943	28.884
complex.396.pdb	0	18.704	33.254
complex.397.pdb	0.0461538	16.117	36.303
complex.398.pdb	0.1	11.834	30.862
complex.399.pdb	0	15.304	33.167
complex.400.pdb	0.0230769	16.755	35.985
complex.401.pdb	0.0307692	16.884	34.309
complex.402.pdb	0.0461538	17.095	33.838
complex.403.pdb	0	15.750	30.816
complex.404.pdb	0.0307692	12.930	29.900
complex.405.pdb	0	18.507	35.948
complex.406.pdb	0.0230769	16.532	33.704
complex.407.pdb	0.0846154	12.907	30.260
complex.408.pdb	0	18.997	34.108
complex.409.pdb	0.161538	11.726	27.383
complex.410.pdb	0.00769231	13.521	30.120
complex.411.pdb	0	18.544	35.068
complex.412.pdb	0	17.370	33.677
complex.413.pdb	0.00769231	17.759	33.093
complex.414.pdb	0.0307692	14.246	30.097
complex.415.pdb	0.0923077	12.104	28.201
complex.416.pdb	0	15.286	33.462
complex.417.pdb	0.169231	12.359	31.898
complex.418.pdb	0.0230769	16.237	32.361
complex.419.pdb	0.0384615	15.422	34.847
complex.420.pdb	0	13.038	30.030
complex.421.pdb	0.0538462	15.597	34.389
complex.422.pdb	0	17.875	35.059
complex.423.pdb	0.0384615	15.679	32.176
complex.424.pdb	0.0461538	12.642	32.858
complex.425.pdb	0.146154	12.855	30.958
complex.426.pdb	0.130769	12.547	29.966
complex.427.pdb	0.0846154	16.026	35.728
complex.428.pdb	0	18.305	34.224
complex.429.pdb	0.1	10.741	29.245
complex.430.pdb	0	17.204	34.714
complex.431.pdb	0.153846	11.328	27.406
complex.432.pdb	0	17.967	34.416
complex.433.pdb	0	15.498	33.463
complex.434.pdb	0.00769231	14.433	31.140
complex.435.pdb	0	15.109	33.227
complex.436.pdb	0.0461538	14.948	32.383
complex.437.pdb	0.0153846	12.855	28.595
complex.438.pdb	0.0538462	16.040	32.819
complex.439.pdb	0	16.989	32.431
complex.440.pdb	0	17.061	32.094
complex.441.pdb	0.00769231	15.402	32.708
complex.442.pdb	0.146154	12.504	32.439
complex.443.pdb	0	16.883	36.703
complex.444.pdb	0.0538462	16.986	34.131
complex.445.pdb	0	17.180	32.539
complex.446.pdb	0.0923077	11.126	27.631
complex.447.pdb	0	13.474	28.849
complex.448.pdb	0.0923077	17.557	36.425
complex.449.pdb	0.0307692	12.089	30.632
complex.450.pdb	0	16.951	34.274
complex.451.pdb	0	18.515	33.554
complex.452.pdb	0	15.475	31.007
complex.453.pdb	0.0692308	13.918	29.686
complex.454.pdb	0	15.645	31.639
complex.455.pdb	0	17.708	32.884
complex.456.pdb	0.0461538	15.111	31.370
complex.457.pdb	0.161538	12.613	33.123
complex.458.pdb	0.0769231	11.870	28.710
complex.459.pdb	0	18.079	33.144
complex.460.pdb	0	14.127	29.710
complex.461.pdb	0.184615	11.860	31.691
complex.462.pdb	0	18.208	35.465
complex.463.pdb	0	16.750	33.210
complex.464.pdb	0	16.589	33.907
complex.465.pdb	0	16.589	32.523
complex.466.pdb	0.0769231	11.795	25.373
complex.467.pdb	0.00769231	15.923	31.339
complex.468.pdb	0.0615385	11.152	25.297
complex.469.pdb	0.00769231	16.021	33.036
complex.470.pdb	0	12.077	27.019
complex.471.pdb	0	18.414	34.052
complex.472.pdb	0.1	13.203	33.228
complex.473.pdb	0	17.627	31.870
complex.474.pdb	0.0230769	16.916	33.876
complex.475.pdb	0.0230769	15.627	33.173
complex.476.pdb	0	14.059	31.227
complex.477.pdb	0	16.294	33.714
complex.478.pdb	0	17.630	35.202
complex.479.pdb	0.0153846	12.352	29.836
complex.480.pdb	0.0615385	16.608	34.718
complex.481.pdb	0.0923077	12.301	30.873
complex.482.pdb	0.0538462	14.867	31.793
complex.483.pdb	0.0153846	15.541	34.543
complex.484.pdb	0.0692308	16.795	34.518
complex.485.pdb	0	17.166	33.901
complex.486.pdb	0.0230769	15.306	31.924
complex.487.pdb	0.0307692	15.290	31.704
complex.488.pdb	0	15.067	35.103
complex.489.pdb	0	16.483	33.231
complex.490.pdb	0.0230769	13.396	32.163
complex.491.pdb	0	18.893	33.798
complex.492.pdb	0.00769231	13.717	31.118
complex.493.pdb	0	17.247	34.381
complex.494.pdb	0.0461538	16.332	35.358
complex.495.pdb	0.0461538	16.312	34.685
complex.496.pdb	0.0153846	16.337	36.189
complex.497.pdb	0	16.068	32.990
complex.498.pdb	0	15.859	31.907
complex.499.pdb	0	16.203	31.651
complex.500.pdb	0.207692	11.390	26.849
complex.501.pdb	0	14.114	28.992
complex.502.pdb	0.00769231	17.041	33.080
complex.503.pdb	0.0615385	13.429	32.093
complex.504.pdb	0	14.586	32.194
complex.505.pdb	0	15.461	33.895
complex.506.pdb	0.0230769	12.223	26.997
complex.507.pdb	0.0461538	16.137	33.578
complex.508.pdb	0	12.815	30.539
complex.509.pdb	0.130769	12.845	32.715
complex.510.pdb	0	15.068	31.379
complex.511.pdb	0.0307692	15.479	34.032
complex.512.pdb	0.0230769	13.369	32.453
complex.513.pdb	0.1	14.759	31.809
complex.514.pdb	0.0692308	12.750	29.032
complex.515.pdb	0.0461538	11.290	27.145
complex.516.pdb	0.0153846	17.535	34.263
complex.517.pdb	0.0538462	12.474	30.593
complex.518.pdb	0.115385	11.498	29.739
complex.519.pdb	0	15.413	31.769
complex.520.pdb	0	12.086	25.417
complex.521.pdb	0.0307692	16.934	33.184
complex.522.pdb	0	18.020	33.777
complex.523.pdb	0	14.953	32.504
complex.524.pdb	0.0692308	15.036	30.382
complex.525.pdb	0.0461538	12.697	30.776
complex.526.pdb	0.0692308	14.219	31.372
complex.527.pdb	0	14.125	28.471
complex.528.pdb	0.00769231	16.041	35.088
complex.529.pdb	0.0153846	15.167	34.291
complex.530.pdb	0.00769231	17.808	33.247
complex.531.pdb	0	16.164	32.209
complex.532.pdb	0.0153846	13.233	34.090
complex.533.pdb	0	15.684	33.368
complex.534.pdb	0.00769231	17.391	33.815
complex.535.pdb	0	17.580	37.156
complex.536.pdb	0.0615385	16.371	34.074
complex.537.pdb	0.0538462	15.985	34.624
complex.538.pdb	0	16.891	35.404
complex.539.pdb	0.0230769	12.329	28.543
complex.540.pdb	0	19.014	35.742
complex.541.pdb	0	17.622	36.302
complex.542.pdb	0	18.661	34.929
complex.543.pdb	0.146154	12.892	33.654
complex.544.pdb	0	18.603	35.969
complex.545.pdb	0.0923077	12.193	27.146
complex.546.pdb	0.169231	12.703	34.539
complex.547.pdb	0	14.754	32.055
complex.548.pdb	0	17.711	35.289
complex.549.pdb	0.0230769	17.045	33.721
complex.550.pdb	0	18.013	33.449
complex.551.pdb	0	17.289	32.817
complex.552.pdb	0	16.194	34.407
complex.553.pdb	0.0461538	15.080	33.425
complex.554.pdb	0.0153846	17.817	37.061
complex.555.pdb	0.0538462	17.099	34.460
complex.556.pdb	0.0230769	16.726	33.325
complex.557.pdb	0.0538462	12.919	29.626
complex.558.pdb	0	17.669	35.044
complex.559.pdb	0	18.040	33.786
complex.560.pdb	0.0153846	15.493	32.057
complex.561.pdb	0.0538462	16.234	33.816
complex.562.pdb	0	16.890	33.596
complex.563.pdb	0.0615385	12.454	29.970
complex.564.pdb	0.0769231	11.999	26.262
complex.565.pdb	0	15.113	32.523
complex.566.pdb	0	17.764	33.549
complex.567.pdb	0.0307692	16.177	31.720
complex.568.pdb	0.00769231	15.502	30.885
complex.569.pdb	0.0615385	15.217	32.162
complex.570.pdb	0	12.850	26.185
complex.571.pdb	0.0230769	10.649	24.002
complex.572.pdb	0.0692308	14.207	33.924
complex.573.pdb	0	16.347	34.862
complex.574.pdb	0.0615385	15.282	32.928
complex.575.pdb	0	19.613	34.655
complex.576.pdb	0.00769231	15.217	30.803
complex.577.pdb	0	15.984	34.746
complex.578.pdb	0	18.203	35.828
complex.579.pdb	0.0153846	17.570	34.756
complex.580.pdb	0	15.268	30.162
complex.581.pdb	0.0615385	17.014	34.929
complex.582.pdb	0.0615385	14.479	32.837
complex.583.pdb	0.00769231	15.400	32.317
complex.584.pdb	0.161538	12.604	33.708
complex.585.pdb	0	15.582	32.428
complex.586.pdb	0	15.591	32.273
complex.587.pdb	0.0461538	13.168	30.782
complex.588.pdb	0.0692308	12.989	35.593
complex.589.pdb	0	16.529	32.221
complex.590.pdb	0	16.070	31.730
complex.591.pdb	0.115385	12.625	32.164
complex.592.pdb	0.00769231	15.186	33.283
complex.593.pdb	0.123077	13.044	31.228
complex.594.pdb	0.0846154	12.914	35.236
complex.595.pdb	0.1	12.744	30.031
complex.596.pdb	0	16.240	33.788
complex.597.pdb	0	15.926	32.363
complex.598.pdb	0	16.877	33.815
complex.599.pdb	0	17.127	33.214
complex.600.pdb	0.138462	12.794	29.271
complex.601.pdb	0	16.527	33.659
complex.602.pdb	0.115385	12.664	30.244
complex.603.pdb	0	12.908	25.403
complex.604.pdb	0.0307692	15.285	31.569
complex.605.pdb	0.0461538	13.723	30.123
complex.606.pdb	0	15.217	32.024
complex.607.pdb	0.0769231	11.582	29.146
complex.608.pdb	0	16.422	35.631
complex.609.pdb	0.0615385	15.170	31.922
complex.610.pdb	0.0153846	14.885	35.369
complex.611.pdb	0.0153846	16.664	33.515
complex.612.pdb	0.0153846	12.668	26.759
complex.613.pdb	0.00769231	11.981	27.147
complex.614.pdb	0.0230769	16.695	31.933
complex.615.pdb	0.0461538	16.203	34.015
complex.616.pdb	0.00769231	13.833	32.584
complex.617.pdb	0	12.733	27.543
complex.618.pdb	0	15.800	31.037
complex.619.pdb	0	12.544	28.177
complex.620.pdb	0	13.672	29.850
complex.621.pdb	0.0384615	16.172	35.452
complex.622.pdb	0.0692308	15.470	35.167
complex.623.pdb	0.0769231	13.647	34.255
complex.624.pdb	0.0307692	16.933	33.159
complex.625.pdb	0.0461538	15.686	33.406
complex.626.pdb	0.0307692	14.910	33.036
complex.627.pdb	0.0923077	12.676	29.728
complex.628.pdb	0.00769231	17.775	33.799
complex.629.pdb	0	18.163	35.629
complex.630.pdb	0.00769231	13.023	29.885
complex.631.pdb	0.0307692	14.259	33.058
complex.632.pdb	0.0538462	15.662	32.441
complex.633.pdb	0.0153846	15.387	32.933
complex.634.pdb	0	18.116	35.005
complex.635.pdb	0	14.948	29.937
complex.636.pdb	0.0307692	13.247	29.092
complex.637.pdb	0.0923077	15.235	32.598
complex.638.pdb	0	11.089	25.629
complex.639.pdb	0.00769231	12.517	29.602
complex.640.pdb	0.0615385	14.045	34.555
complex.641.pdb	0.0230769	12.242	27.630
complex.642.pdb	0	16.375	33.033
complex.643.pdb	0	18.050	35.035
complex.644.pdb	0.0538462	14.474	32.855
complex.645.pdb	0.169231	12.856	33.894
complex.646.pdb	0.0230769	17.696	34.684
complex.647.pdb	0.0538462	14.290	31.476
complex.648.pdb	0	15.579	31.873
complex.649.pdb	0	15.841	33.339
complex.650.pdb	0.0538462	11.907	27.851
complex.651.pdb	0	15.376	33.905
complex.652.pdb	0	14.108	28.671
complex.653.pdb	0	17.963	35.372
complex.654.pdb	0.00769231	16.085	33.728
complex.655.pdb	0.00769231	16.901	34.307
complex.656.pdb	0	15.640	32.645
complex.657.pdb	0.0307692	11.448	28.282
complex.658.pdb	0.0615385	10.721	25.688
complex.659.pdb	0	18.701	33.199
complex.660.pdb	0.0461538	14.995	34.062
complex.661.pdb	0.0384615	17.476	34.838
complex.662.pdb	0.00769231	13.768	28.547
complex.663.pdb	0.0692308	15.938	33.197
complex.664.pdb	0	15.696	33.886
complex.665.pdb	0	16.365	33.157
complex.666.pdb	0.0461538	15.841	33.735
complex.667.pdb	0	17.257	34.296
complex.668.pdb	0	17.408	33.380
complex.669.pdb	0.0307692	15.765	31.687
complex.670.pdb	0.0153846	14.978	31.402
complex.671.pdb	0.0692308	15.340	35.696
complex.672.pdb	0.0692308	14.993	31.728
complex.673.pdb	0	17.726	35.209
complex.674.pdb	0	16.411	34.485
complex.675.pdb	0.0153846	13.019	30.794
complex.676.pdb	0	17.551	35.960
complex.677.pdb	0.0615385	14.360	29.987
complex.678.pdb	0	18.706	33.484
complex.679.pdb	0	15.425	31.660
complex.680.pdb	0.161538	13.988	33.680
complex.681.pdb	0.0846154	12.930	28.797
complex.682.pdb	0.107692	13.164	32.556
complex.683.pdb	0.130769	12.997	34.376
complex.684.pdb	0	15.502	33.416
complex.685.pdb	0	18.137	34.335
complex.686.pdb	0.0307692	17.672	35.506
complex.687.pdb	0.0769231	14.200	32.279
complex.688.pdb	0	18.068	33.502
complex.689.pdb	0.123077	11.959	29.557
complex.690.pdb	0	17.426	33.596
complex.691.pdb	0.0230769	12.446	28.527
complex.692.pdb	0.0461538	14.897	32.572
complex.693.pdb	0.0615385	14.760	35.487
complex.694.pdb	0.0923077	14.938	32.981
complex.695.pdb	0.0461538	15.542	34.807
complex.696.pdb	0.0923077	12.938	32.441
complex.697.pdb	0.0384615	11.894	27.880
complex.698.pdb	0	17.559	34.432
complex.699.pdb	0.0615385	12.378	31.900
complex.700.pdb	0.0846154	13.585	27.970
complex.701.pdb	0.00769231	14.708	32.431
complex.702.pdb	0.00769231	13.337	30.729
complex.703.pdb	0	16.607	34.421
complex.704.pdb	0.1	13.327	32.841
complex.705.pdb	0.0692308	11.207	25.979
complex.706.pdb	0	17.055	34.422
complex.707.pdb	0	17.509	34.555
complex.708.pdb	0	16.824	34.338
complex.709.pdb	0.0461538	13.711	30.687
complex.710.pdb	0	18.972	36.036
complex.711.pdb	0.0307692	14.085	29.356
complex.712.pdb	0	15.189	30.730
complex.713.pdb	0.0153846	13.269	31.897
complex.714.pdb	0.0153846	14.378	31.477
complex.715.pdb	0.0692308	12.731	30.241
complex.716.pdb	0	14.712	31.263
complex.717.pdb	0.0153846	15.264	32.600
complex.718.pdb	0.0230769	16.145	33.950
complex.719.pdb	0	14.339	30.736
complex.720.pdb	0.0153846	13.396	31.606
complex.721.pdb	0	16.140	31.748
complex.722.pdb	0.1	12.741	28.979
complex.723.pdb	0.00769231	13.845	28.706
complex.724.pdb	0.00769231	13.847	31.566
complex.725.pdb	0.0846154	11.096	28.643
complex.726.pdb	0	17.205	33.884
complex.727.pdb	0.0384615	16.106	32.275
complex.728.pdb	0.0461538	14.542	31.513
complex.729.pdb	0	17.508	35.786
complex.730.pdb	0	16.450	32.800
complex.731.pdb	0.0846154	12.861	32.543
complex.732.pdb	0.0153846	10.351	24.928
complex.733.pdb	0	11.876	26.102
complex.734.pdb	0	15.233	29.405
complex.735.pdb	0.0769231	16.630	32.372
complex.736.pdb	0.0692308	15.527	30.551
complex.737.pdb	0.169231	12.525	34.498
complex.738.pdb	0.0307692	15.784	34.737
complex.739.pdb	0.00769231	13.821	34.846
complex.740.pdb	0	17.651	33.402
complex.741.pdb	0.0153846	12.819	27.663
complex.742.pdb	0.0153846	11.086	24.786
complex.743.pdb	0.0538462	14.484	34.584
complex.744.pdb	0.1	13.211	33.518
complex.745.pdb	0.0307692	16.118	32.168
complex.746.pdb	0.0846154	12.791	33.462
complex.747.pdb	0	17.409	34.163
complex.748.pdb	0	16.673	35.869
complex.749.pdb	0.1	10.697	25.378
complex.750.pdb	0.0384615	15.536	32.137
complex.751.pdb	0	16.675	34.549
complex.752.pdb	0	14.876	33.343
complex.753.pdb	0.0461538	16.185	35.456
complex.754.pdb	0.00769231	18.139	34.499
complex.755.pdb	0.0692308	13.687	33.351
complex.756.pdb	0.0846154	13.404	31.518
complex.757.pdb	0.0846154	13.526	36.929
complex.758.pdb	0.0615385	12.537	26.651
complex.759.pdb	0	13.706	27.396
complex.760.pdb	0.1	14.385	36.402
complex.761.pdb	0.0307692	16.372	32.746
complex.762.pdb	0	16.273	33.572
complex.763.pdb	0	11.697	25.550
complex.764.pdb	0	17.828	31.746
complex.765.pdb	0.0153846	13.638	29.426
complex.766.pdb	0.0692308	12.155	25.613
complex.767.pdb	0.0692308	11.356	28.118
complex.768.pdb	0.0307692	17.218	34.811
complex.769.pdb	0	17.905	35.137
complex.770.pdb	0.0538462	12.884	31.095
complex.771.pdb	0	12.942	27.838
complex.772.pdb	0.0384615	14.840	34.324
complex.773.pdb	0.0846154	15.318	34.430
complex.774.pdb	0	19.672	35.895
complex.775.pdb	0.0538462	13.073	27.614
complex.776.pdb	0.0307692	13.106	30.558
complex.777.pdb	0.0615385	12.897	31.198
complex.778.pdb	0	17.304	33.507
complex.779.pdb	0.0307692	15.359	33.258
complex.780.pdb	0	16.300	33.445
complex.781.pdb	0	14.316	30.722
complex.782.pdb	0.107692	12.300	28.696
complex.783.pdb	0.0692308	15.158	32.277
complex.784.pdb	0	17.255	35.497
complex.785.pdb	0.107692	13.300	32.008
complex.786.pdb	0	17.399	34.273
complex.787.pdb	0.00769231	17.198	35.368
complex.788.pdb	0.153846	12.551	31.380
complex.789.pdb	0.0692308	16.534	33.318
complex.790.pdb	0	17.750	32.106
complex.791.pdb	0	13.278	31.626
complex.792.pdb	0.146154	12.811	30.442
complex.793.pdb	0	14.246	29.483
complex.794.pdb	0.0615385	13.000	29.600
complex.795.pdb	0.1	13.282	29.995
complex.796.pdb	0.0615385	13.896	32.160
complex.797.pdb	0	18.372	33.058
complex.798.pdb	0.0230769	14.348	30.433
complex.799.pdb	0.0615385	13.238	31.139
complex.800.pdb	0.0384615	15.306	33.958
complex.801.pdb	0	15.885	32.640
complex.802.pdb	0.0846154	10.910	25.734
complex.803.pdb	0.0230769	15.378	32.341
complex.804.pdb	0.0384615	14.525	35.697
complex.805.pdb	0	17.467	36.290
complex.806.pdb	0	17.783	34.640
complex.807.pdb	0.130769	12.701	32.756
complex.808.pdb	0	15.129	30.691
complex.809.pdb	0.115385	13.191	29.513
complex.810.pdb	0	16.899	34.977
complex.811.pdb	0.0153846	15.749	33.377
complex.812.pdb	0	18.004	33.593
complex.813.pdb	0	15.060	29.758
complex.814.pdb	0.138462	12.077	30.794
complex.815.pdb	0	19.020	35.448
complex.816.pdb	0.146154	11.555	28.588
complex.817.pdb	0.0307692	13.733	30.379
complex.818.pdb	0	15.265	30.789
complex.819.pdb	0	17.225	34.780
complex.820.pdb	0	13.233	27.673
complex.821.pdb	0.0538462	12.502	30.042
complex.822.pdb	0.00769231	14.042	36.501
complex.823.pdb	0	14.751	29.642
complex.824.pdb	0	16.740	33.976
complex.825.pdb	0	18.452	33.228
complex.826.pdb	0	17.085	35.567
complex.827.pdb	0.0538462	15.875	34.393
complex.828.pdb	0	16.768	34.068
complex.829.pdb	0	17.252	36.400
complex.830.pdb	0.1	12.630	32.444
complex.831.pdb	0.0384615	13.594	30.375
complex.832.pdb	0	13.919	31.257
complex.833.pdb	0	16.803	33.093
complex.834.pdb	0	15.857	35.223
complex.835.pdb	0.123077	13.709	29.989
complex.836.pdb	0	14.668	28.834
complex.837.pdb	0.0923077	15.190	31.249
complex.838.pdb	0.0923077	12.360	31.285
complex.839.pdb	0.0307692	13.722	30.769
complex.840.pdb	0.138462	12.889	32.702
complex.841.pdb	0.115385	13.054	33.026
complex.842.pdb	0.0230769	12.452	30.643
complex.843.pdb	0	18.487	34.400
complex.844.pdb	0	17.844	35.394
complex.845.pdb	0	13.676	29.442
complex.846.pdb	0.00769231	12.276	28.665
complex.847.pdb	0.0923077	12.745	30.548
complex.848.pdb	0.184615	12.233	32.893
complex.849.pdb	0.0307692	11.233	26.081
complex.850.pdb	0.0538462	13.415	34.277
complex.851.pdb	0	11.799	27.811
complex.852.pdb	0.0307692	16.006	35.246
complex.853.pdb	0.0846154	12.358	27.486
complex.854.pdb	0.115385	12.009	31.320
complex.855.pdb	0	19.930	36.115
complex.856.pdb	0.0769231	11.960	29.623
complex.857.pdb	0	18.163	32.110
complex.858.pdb	0.0230769	15.374	31.823
complex.859.pdb	0	19.009	36.200
complex.860.pdb	0.00769231	17.321	34.670
complex.861.pdb	0	16.280	33.771
complex.862.pdb	0.0307692	13.868	30.092
complex.863.pdb	0	18.814	33.377
complex.864.pdb	0.238462	11.888	31.316
complex.865.pdb	0.0384615	15.696	31.745
complex.866.pdb	0	13.730	33.866
complex.867.pdb	0	18.067	31.665
complex.868.pdb	0.0384615	10.698	26.804
complex.869.pdb	0	16.084	34.758
complex.870.pdb	0	18.971	36.812
complex.871.pdb	0	18.473	34.360
complex.872.pdb	0.0692308	14.125	30.792
complex.873.pdb	0.0769231	13.524	28.792
complex.874.pdb	0.107692	12.696	32.417
complex.875.pdb	0.0923077	14.220	32.612
complex.876.pdb	0.0230769	14.043	29.723
complex.877.pdb	0	12.941	29.300
complex.878.pdb	0	17.775	34.534
complex.879.pdb	0.0153846	16.200	32.558
complex.880.pdb	0.0692308	12.151	30.038
complex.881.pdb	0.0307692	15.300	34.379
complex.882.pdb	0	15.449	31.176
complex.883.pdb	0.1	15.421	34.700
complex.884.pdb	0.0307692	12.300	28.491
complex.885.pdb	0	16.735	33.331
complex.886.pdb	0.261538	13.357	35.767
complex.887.pdb	0.0153846	15.620	30.617
complex.888.pdb	0.0461538	12.616	31.443
complex.889.pdb	0.0769231	13.180	31.776
complex.890.pdb	0.00769231	11.630	27.298
complex.891.pdb	0.0923077	13.075	33.167
complex.892.pdb	0.0615385	12.034	26.099
complex.893.pdb	0	17.280	34.328
complex.894.pdb	0	17.750	33.962
complex.895.pdb	0.0153846	12.391	30.234
complex.896.pdb	0	14.009	32.897
complex.897.pdb	0	16.995	33.894
complex.898.pdb	0.130769	11.999	31.002
complex.899.pdb	0.0538462	16.186	34.706
complex.900.pdb	0.0384615	12.304	30.225
complex.901.pdb	0.0692308	11.404	27.723
complex.902.pdb	0	16.183	32.293
complex.903.pdb	0.130769	11.682	29.642
complex.904.pdb	0.0692308	15.971	35.340
complex.905.pdb	0.0846154	16.361	35.229
complex.906.pdb	0.00769231	14.589	34.907
complex.907.pdb	0	10.775	24.393
complex.908.pdb	0	17.749	35.279
complex.909.pdb	0.246154	13.166	35.809
complex.910.pdb	0	17.737	33.457
complex.911.pdb	0.1	15.479	34.526
complex.912.pdb	0.0307692	13.211	29.604
complex.913.pdb	0.0846154	12.379	30.019
complex.914.pdb	0	19.071	33.392
complex.915.pdb	0.0615385	12.632	28.491
complex.916.pdb	0	15.235	32.612
complex.917.pdb	0.0461538	14.631	31.862
complex.918.pdb	0.0307692	15.572	35.143
complex.919.pdb	0.0230769	16.095	31.505
complex.920.pdb	0.00769231	13.039	29.922
complex.921.pdb	0	18.825	34.993
complex.922.pdb	0	16.303	34.226
complex.923.pdb	0.0615385	13.862	32.140
complex.924.pdb	0.0153846	15.816	33.351
complex.925.pdb	0.107692	15.535	32.706
complex.926.pdb	0.00769231	12.404	29.171
complex.927.pdb	0.138462	12.580	30.248
complex.928.pdb	0.0846154	11.887	27.662
complex.929.pdb	0	16.819	33.835
complex.930.pdb	0.0615385	13.729	33.823
complex.931.pdb	0.00769231	11.519	26.858
complex.932.pdb	0	14.511	31.234
complex.933.pdb	0	12.612	26.274
complex.934.pdb	0	17.100	32.364
complex.935.pdb	0	16.470	32.925
complex.936.pdb	0.0923077	13.393	31.294
complex.937.pdb	0.0538462	16.910	35.718
complex.938.pdb	0.0461538	15.193	33.175
complex.939.pdb	0	17.326	33.310
complex.940.pdb	0	13.446	28.815
complex.941.pdb	0.0307692	11.751	26.034
complex.942.pdb	0	16.330	35.608
complex.943.pdb	0.0153846	10.767	24.257
complex.944.pdb	0.115385	13.571	29.452
complex.945.pdb	0.0153846	15.323	32.871
complex.946.pdb	0	17.472	32.957
complex.947.pdb	0	15.544	32.916
complex.948.pdb	0.0923077	16.325	33.537
complex.949.pdb	0.0769231	10.556	25.400
complex.950.pdb	0.0923077	13.541	33.767
complex.951.pdb	0	16.138	31.703
complex.952.pdb	0	16.854	34.999
complex.953.pdb	0.0692308	10.788	27.620
complex.954.pdb	0	17.044	33.649
complex.955.pdb	0	18.452	35.255
complex.956.pdb	0.0692308	14.420	29.895
complex.957.pdb	0.00769231	11.757	26.071
complex.958.pdb	0	16.715	35.874
complex.959.pdb	0.0923077	16.271	34.878
complex.960.pdb	0.0153846	17.816	36.410
complex.961.pdb	0.0692308	15.399	31.265
complex.962.pdb	0	15.930	35.171
complex.963.pdb	0.0153846	17.380	35.100
complex.964.pdb	0	16.294	35.569
complex.965.pdb	0.0923077	13.915	34.693
complex.966.pdb	0.0923077	17.307	37.440
complex.967.pdb	0.0384615	13.040	32.265
complex.968.pdb	0	19.060	34.221
complex.969.pdb	0.0615385	15.773	31.974
complex.970.pdb	0	17.648	34.511
complex.971.pdb	0.0461538	14.339	34.046
complex.972.pdb	0.169231	10.861	27.235
complex.973.pdb	0.0307692	15.418	31.807
complex.974.pdb	0.0153846	11.110	25.850
complex.975.pdb	0	16.857	35.620
complex.976.pdb	0.138462	11.119	28.674
complex.977.pdb	0	17.328	36.162
complex.978.pdb	0	16.823	34.161
complex.979.pdb	0.0615385	13.163	31.754
complex.980.pdb	0.0923077	14.008	28.263
complex.981.pdb	0	14.536	30.150
complex.982.pdb	0.223077	13.740	36.361
complex.983.pdb	0.0846154	10.690	27.233
complex.984.pdb	0.0923077	12.249	30.973
complex.985.pdb	0	15.826	32.701
complex.986.pdb	0.0538462	12.784	31.576
complex.987.pdb	0	18.255	35.247
complex.988.pdb	0.0538462	15.166	30.104
complex.989.pdb	0	15.042	30.058
complex.990.pdb	0.0230769	15.150	32.590
complex.991.pdb	0.0461538	15.359	33.625
complex.992.pdb	0	17.201	36.335
complex.993.pdb	0.1	12.163	29.825
complex.994.pdb	0.0384615	15.779	32.630
complex.995.pdb	0.00769231	14.380	30.955
complex.996.pdb	0	17.766	34.505
complex.997.pdb	0	15.594	31.026
complex.998.pdb	0.0230769	15.321	33.910
complex.999.pdb	0	16.737	33.637
complex.1000.pdb	0.00769231	14.873	31.527
complex.1001.pdb	0.0615385	13.101	35.353
complex.1002.pdb	0	20.042	35.458
complex.1003.pdb	0.107692	15.743	33.236
complex.1004.pdb	0.00769231	15.038	33.929
complex.1005.pdb	0.0692308	14.276	30.527
complex.1006.pdb	0	17.852	34.536
complex.1007.pdb	0.0538462	14.911	31.146
complex.1008.pdb	0	16.190	34.633
complex.1009.pdb	0.223077	11.935	31.835
complex.1010.pdb	0.0538462	13.156	30.338
complex.1011.pdb	0	16.430	30.183
complex.1012.pdb	0.0615385	16.527	36.449
complex.1013.pdb	0.0230769	12.850	28.672
complex.1014.pdb	0.0846154	13.791	32.418
complex.1015.pdb	0.0153846	12.086	28.423
complex.1016.pdb	0	18.184	33.959
complex.1017.pdb	0	17.527	34.296
complex.1018.pdb	0.0153846	14.960	32.406
complex.1019.pdb	0	20.012	34.911
complex.1020.pdb	0	14.700	32.746
complex.1021.pdb	0.00769231	12.995	29.854
complex.1022.pdb	0	18.704	33.247
complex.1023.pdb	0	18.128	33.989
complex.1024.pdb	0.123077	13.068	33.384
complex.1025.pdb	0.00769231	16.970	36.817
complex.1026.pdb	0	17.061	33.709
complex.1027.pdb	0	18.598	36.119
complex.1028.pdb	0	17.663	36.783
complex.1029.pdb	0	18.286	35.913
complex.1030.pdb	0.107692	16.859	33.133
complex.1031.pdb	0.00769231	15.516	34.113
complex.1032.pdb	0.1	14.933	33.172
complex.1033.pdb	0.0769231	14.394	30.677
complex.1034.pdb	0	15.917	33.311
complex.1035.pdb	0	17.005	32.190
complex.1036.pdb	0	16.848	35.579
complex.1037.pdb	0.0769231	13.112	32.477
complex.1038.pdb	0.00769231	10.695	24.782
complex.1039.pdb	0	17.480	34.544
complex.1040.pdb	0	16.417	33.765
complex.1041.pdb	0	15.518	30.526
complex.1042.pdb	0.0692308	13.537	33.118
complex.1043.pdb	0.0923077	12.362	31.316
complex.1044.pdb	0.00769231	16.837	33.202
complex.1045.pdb	0.0846154	12.485	29.840
complex.1046.pdb	0	18.107	31.766
complex.1047.pdb	0.0230769	16.784	35.234
complex.1048.pdb	0.0384615	13.782	33.639
complex.1049.pdb	0.0153846	12.255	28.834
complex.1050.pdb	0	16.396	33.804
complex.1051.pdb	0	18.781	33.415
complex.1052.pdb	0.0384615	15.073	30.758
complex.1053.pdb	0.00769231	15.828	33.967
complex.1054.pdb	0.0538462	12.939	29.644
complex.1055.pdb	0	17.559	36.445
complex.1056.pdb	0	12.753	25.454
complex.1057.pdb	0.0230769	15.368	34.487
complex.1058.pdb	0	13.261	31.204
complex.1059.pdb	0.00769231	17.085	35.627
complex.1060.pdb	0	18.433	34.164
complex.1061.pdb	0	18.489	37.572
complex.1062.pdb	0	15.276	31.949
complex.1063.pdb	0.138462	13.210	34.441
complex.1064.pdb	0	13.837	32.485
complex.1065.pdb	0	14.368	30.994
complex.1066.pdb	0.0538462	17.472	38.115
complex.1067.pdb	0.00769231	11.099	25.157
complex.1068.pdb	0.0538462	12.305	27.768
complex.1069.pdb	0.0769231	14.676	32.838
complex.1070.pdb	0.161538	12.234	31.950
complex.1071.pdb	0.0769231	14.496	32.401
complex.1072.pdb	0	19.313	36.323
complex.1073.pdb	0	13.696	29.794
complex.1074.pdb	0.0230769	11.573	27.738
complex.1075.pdb	0	16.640	33.270
complex.1076.pdb	0.00769231	15.286	34.111
complex.1077.pdb	0.0230769	13.794	30.421
complex.1078.pdb	0	16.631	32.588
complex.1079.pdb	0.0153846	13.537	32.545
complex.1080.pdb	0	14.618	28.890
complex.1081.pdb	0	16.651	35.800
complex.1082.pdb	0	17.283	34.318
complex.1083.pdb	0.00769231	16.265	33.091
complex.1084.pdb	0.115385	16.000	33.222
complex.1085.pdb	0.146154	12.439	32.418
complex.1086.pdb	0	13.380	30.555
complex.1087.pdb	0	17.002	35.050
complex.1088.pdb	0	19.058	33.540
complex.1089.pdb	0	14.404	31.420
complex.1090.pdb	0.00769231	13.413	30.328
complex.1091.pdb	0	16.128	33.465
complex.1092.pdb	0	15.884	34.652
complex.1093.pdb	0	18.093	34.572
complex.1094.pdb	0.0769231	14.255	31.671
complex.1095.pdb	0	14.993	33.072
complex.1096.pdb	0	16.969	34.822
complex.1097.pdb	0.0307692	10.218	21.568
complex.1098.pdb	0	19.294	33.258
complex.1099.pdb	0.0307692	14.069	31.279
complex.1100.pdb	0	18.096	36.157
complex.1101.pdb	0	17.014	32.834
complex.1102.pdb	0	11.973	26.943
complex.1103.pdb	0.0230769	13.668	32.499
complex.1104.pdb	0.0615385	13.958	32.643
complex.1105.pdb	0.0615385	15.082	35.118
complex.1106.pdb	0	17.542	31.713
complex.1107.pdb	0	14.817	31.474
complex.1108.pdb	0.0846154	12.894	31.282
complex.1109.pdb	0.0538462	16.515	35.796
complex.1110.pdb	0.0230769	13.913	31.079
complex.1111.pdb	0	12.882	29.622
complex.1112.pdb	0.0615385	13.601	30.158
complex.1113.pdb	0	18.583	36.385
complex.1114.pdb	0.0615385	15.210	33.557
complex.1115.pdb	0.0538462	16.279	35.438
complex.1116.pdb	0.00769231	14.440	29.980
complex.1117.pdb	0.0153846	17.935	35.824
complex.1118.pdb	0	15.908	31.448
complex.1119.pdb	0	17.118	31.118
complex.1120.pdb	0.0461538	15.000	32.758
complex.1121.pdb	0	16.792	33.703
complex.1122.pdb	0.0153846	16.474	35.946
complex.1123.pdb	0.107692	12.542	31.780
complex.1124.pdb	0.00769231	12.869	28.752
complex.1125.pdb	0	18.637	32.125
complex.1126.pdb	0	16.349	35.053
complex.1127.pdb	0	17.303	35.322
complex.1128.pdb	0	15.653	31.246
complex.1129.pdb	0.0230769	15.991	32.646
complex.1130.pdb	0	19.258	34.730
complex.1131.pdb	0	17.849	32.909
complex.1132.pdb	0.0769231	11.365	28.834
complex.1133.pdb	0.0769231	13.214	27.150
complex.1134.pdb	0	19.210	34.460
complex.1135.pdb	0	18.102	34.535
complex.1136.pdb	0.130769	14.291	33.225
complex.1137.pdb	0.0461538	13.251	31.937
complex.1138.pdb	0.0692308	14.515	29.578
complex.1139.pdb	0	10.584	21.695
complex.1140.pdb	0.0615385	15.773	33.246
complex.1141.pdb	0	12.082	26.568
complex.1142.pdb	0.230769	12.626	34.233
complex.1143.pdb	0.00769231	13.891	30.092
complex.1144.pdb	0	18.173	34.654
complex.1145.pdb	0.0692308	14.139	31.985
complex.1146.pdb	0.107692	13.716	30.040
complex.1147.pdb	0	17.530	34.635
complex.1148.pdb	0.0461538	14.002	34.915
complex.1149.pdb	0.123077	13.794	31.299
complex.1150.pdb	0	13.413	29.318
complex.1151.pdb	0	17.477	35.119
complex.1152.pdb	0.00769231	14.163	29.575
complex.1153.pdb	0	18.130	36.396
complex.1154.pdb	0.00769231	13.907	34.727
complex.1155.pdb	0	11.673	25.324
complex.1156.pdb	0.0692308	12.237	30.516
complex.1157.pdb	0.0538462	13.139	31.746
complex.1158.pdb	0.153846	12.853	26.970
complex.1159.pdb	0.138462	12.851	32.851
complex.1160.pdb	0.1	12.741	27.205
complex.1161.pdb	0.0692308	12.827	32.175
complex.1162.pdb	0.0461538	14.952	32.074
complex.1163.pdb	0.00769231	15.440	32.281
complex.1164.pdb	0.0461538	16.549	34.080
complex.1165.pdb	0	17.524	34.225
complex.1166.pdb	0.0846154	13.348	30.427
complex.1167.pdb	0	12.184	26.108
complex.1168.pdb	0.123077	12.316	28.923
complex.1169.pdb	0	17.932	36.359
complex.1170.pdb	0	16.713	33.814
complex.1171.pdb	0	15.854	33.171
complex.1172.pdb	0	19.223	33.552
complex.1173.pdb	0.0461538	17.763	36.919
complex.1174.pdb	0.0230769	14.877	34.003
complex.1175.pdb	0	17.400	33.598
complex.1176.pdb	0	15.685	36.010
complex.1177.pdb	0	15.160	34.014
complex.1178.pdb	0	18.953	34.735
complex.1179.pdb	0	18.199	35.104
complex.1180.pdb	0	17.136	34.966
complex.1181.pdb	0.0692308	14.967	33.317
complex.1182.pdb	0	18.916	35.717
complex.1183.pdb	0.00769231	14.036	32.474
complex.1184.pdb	0	15.773	32.332
complex.1185.pdb	0	14.260	35.370
complex.1186.pdb	0	12.399	25.540
complex.1187.pdb	0.0538462	15.396	32.569
complex.1188.pdb	0	16.062	32.274
complex.1189.pdb	0.00769231	16.158	34.665
complex.1190.pdb	0.130769	15.523	30.923
complex.1191.pdb	0.0307692	13.237	28.535
complex.1192.pdb	0.130769	14.945	36.277
complex.1193.pdb	0	18.009	32.890
complex.1194.pdb	0.0153846	13.288	34.005
complex.1195.pdb	0	17.929	30.221
complex.1196.pdb	0.0307692	15.971	33.024
complex.1197.pdb	0.0846154	11.619	30.183
complex.1198.pdb	0	12.613	28.341
complex.1199.pdb	0	11.509	24.315
complex.1200.pdb	0.0769231	15.583	34.732
complex.1201.pdb	0.0538462	12.811	33.237
complex.1202.pdb	0	17.350	33.111
complex.1203.pdb	0	17.799	35.846
complex.1204.pdb	0.115385	12.703	28.630
complex.1205.pdb	0	17.005	33.926
complex.1206.pdb	0.1	13.773	36.145
complex.1207.pdb	0.0230769	12.138	29.344
complex.1208.pdb	0	17.438	34.792
complex.1209.pdb	0.0384615	14.266	34.859
complex.1210.pdb	0	17.135	32.387
complex.1211.pdb	0	18.822	35.184
complex.1212.pdb	0.0384615	16.834	36.790
complex.1213.pdb	0.0153846	12.050	24.949
complex.1214.pdb	0	18.087	35.375
complex.1215.pdb	0	16.542	34.994
complex.1216.pdb	0	12.818	27.493
complex.1217.pdb	0	16.875	33.885
complex.1218.pdb	0	15.799	31.546
complex.1219.pdb	0.123077	13.901	28.898
complex.1220.pdb	0	14.480	35.715
complex.1221.pdb	0.0769231	16.203	36.639
complex.1222.pdb	0	17.204	37.674
complex.1223.pdb	0.0923077	12.391	27.231
complex.1224.pdb	0.0307692	13.621	28.805
complex.1225.pdb	0.0153846	15.071	31.305
complex.1226.pdb	0.130769	13.868	27.834
complex.1227.pdb	0	11.325	24.447
complex.1228.pdb	0.00769231	13.275	30.368
complex.1229.pdb	0	18.267	33.136
complex.1230.pdb	0.0923077	13.808	30.142
complex.1231.pdb	0	14.601	30.079
complex.1232.pdb	0.00769231	12.778	28.562
complex.1233.pdb	0.0153846	15.279	35.188
complex.1234.pdb	0.0230769	10.761	23.507
complex.1235.pdb	0	17.655	35.469
complex.1236.pdb	0.0923077	16.077	34.981
complex.1237.pdb	0.00769231	11.644	27.087
complex.1238.pdb	0.00769231	14.921	30.375
complex.1239.pdb	0	18.140	34.247
complex.1240.pdb	0.0538462	12.178	28.389
complex.1241.pdb	0.0461538	12.678	29.849
complex.1242.pdb	0	17.299	34.489
complex.1243.pdb	0	18.273	33.551
complex.1244.pdb	0.0307692	10.193	24.140
complex.1245.pdb	0.0615385	13.805	33.302
complex.1246.pdb	0	10.748	22.709
complex.1247.pdb	0	18.444	32.989
complex.1248.pdb	0	15.790	29.113
complex.1249.pdb	0	18.572	33.454
complex.1250.pdb	0	17.697	34.977
complex.1251.pdb	0	17.124	33.306
complex.1252.pdb	0	15.835	31.389
complex.1253.pdb	0.138462	12.925	33.574
complex.1254.pdb	0	17.516	34.565
complex.1255.pdb	0.0230769	16.296	32.468
complex.1256.pdb	0.00769231	13.271	33.708
complex.1257.pdb	0	18.289	35.665
complex.1258.pdb	0.00769231	12.916	28.061
complex.1259.pdb	0.0461538	13.531	34.325
complex.1260.pdb	0.0538462	12.960	31.625
complex.1261.pdb	0.107692	12.720	33.321
complex.1262.pdb	0	14.696	28.625
complex.1263.pdb	0	16.620	36.365
complex.1264.pdb	0	16.857	33.819
complex.1265.pdb	0	18.549	35.785
complex.1266.pdb	0.115385	12.557	30.226
complex.1267.pdb	0	16.264	33.559
complex.1268.pdb	0.0615385	15.555	35.971
complex.1269.pdb	0.0153846	13.559	29.326
complex.1270.pdb	0.0846154	13.362	29.572
complex.1271.pdb	0	17.577	35.420
complex.1272.pdb	0	15.606	32.045
complex.1273.pdb	0.00769231	15.299	32.580
complex.1274.pdb	0.00769231	16.773	33.481
complex.1275.pdb	0.1	15.312	34.755
complex.1276.pdb	0	12.308	26.075
complex.1277.pdb	0	16.456	31.318
complex.1278.pdb	0.00769231	16.461	34.810
complex.1279.pdb	0.0461538	17.095	37.951
complex.1280.pdb	0.0307692	14.718	31.614
complex.1281.pdb	0.0153846	13.498	33.508
complex.1282.pdb	0.0153846	17.404	34.494
complex.1283.pdb	0	16.227	35.687
complex.1284.pdb	0.0769231	15.988	36.619
complex.1285.pdb	0.0307692	14.908	34.230
complex.1286.pdb	0	15.876	33.860
complex.1287.pdb	0.0153846	15.849	33.599
complex.1288.pdb	0.00769231	14.484	32.521
complex.1289.pdb	0	12.484	25.720
complex.1290.pdb	0	14.977	31.974
complex.1291.pdb	0.169231	13.059	34.034
complex.1292.pdb	0.146154	12.611	33.095
complex.1293.pdb	0	15.664	32.534
complex.1294.pdb	0	15.469	30.108
complex.1295.pdb	0.0461538	12.185	26.618
complex.1296.pdb	0.0384615	14.492	30.990
complex.1297.pdb	0	15.968	34.202
complex.1298.pdb	0.0153846	15.959	34.205
complex.1299.pdb	0	16.378	34.663
complex.1300.pdb	0	16.044	33.494
complex.1301.pdb	0.223077	12.109	27.687
complex.1302.pdb	0.146154	11.237	29.328
complex.1303.pdb	0.00769231	11.204	24.405
complex.1304.pdb	0.0230769	14.494	31.715
complex.1305.pdb	0.00769231	14.930	33.716
complex.1306.pdb	0	18.132	34.282
complex.1307.pdb	0.0153846	17.228	35.161
complex.1308.pdb	0.169231	13.049	30.666
complex.1309.pdb	0.0461538	14.124	33.588
complex.1310.pdb	0.130769	12.472	33.027
complex.1311.pdb	0.153846	12.361	31.588
complex.1312.pdb	0.138462	12.491	32.197
complex.1313.pdb	0	16.087	33.702
complex.1314.pdb	0	13.852	28.242
complex.1315.pdb	0.0230769	14.648	32.350
complex.1316.pdb	0	18.908	33.902
complex.1317.pdb	0.0923077	14.604	32.143
complex.1318.pdb	0	17.171	33.739
complex.1319.pdb	0.138462	14.611	31.548
complex.1320.pdb	0	15.958	34.102
complex.1321.pdb	0	17.680	34.522
complex.1322.pdb	0.1	13.590	29.413
complex.1323.pdb	0.138462	14.290	31.473
complex.1324.pdb	0.00769231	14.390	30.658
complex.1325.pdb	0	18.005	35.323
complex.1326.pdb	0.115385	12.509	33.020
complex.1327.pdb	0	14.085	30.600
complex.1328.pdb	0.107692	12.653	30.898
complex.1329.pdb	0.0153846	15.310	34.422
complex.1330.pdb	0.0692308	16.837	36.537
complex.1331.pdb	0	18.133	33.738
complex.1332.pdb	0	17.440	34.146
complex.1333.pdb	0.1	14.224	31.794
complex.1334.pdb	0	16.445	31.823
complex.1335.pdb	0	18.118	34.130
complex.1336.pdb	0.169231	12.809	32.018
complex.1337.pdb	0	17.993	33.404
complex.1338.pdb	0.00769231	14.490	33.115
complex.1339.pdb	0.00769231	14.970	34.995
complex.1340.pdb	0	19.231	33.736
complex.1341.pdb	0	15.736	33.041
complex.1342.pdb	0.2	12.264	33.132
complex.1343.pdb	0	15.456	35.714
complex.1344.pdb	0	15.556	32.351
complex.1345.pdb	0	16.512	32.512
complex.1346.pdb	0.0461538	15.403	35.647
complex.1347.pdb	0	14.809	29.152
complex.1348.pdb	0.00769231	16.200	34.191
complex.1349.pdb	0	11.508	26.094
complex.1350.pdb	0	18.027	37.338
complex.1351.pdb	0	12.208	28.320
complex.1352.pdb	0.0230769	17.995	35.702
complex.1353.pdb	0.0615385	16.809	37.775
complex.1354.pdb	0	13.882	30.411
complex.1355.pdb	0.107692	13.335	32.232
complex.1356.pdb	0	16.196	31.288
complex.1357.pdb	0	17.517	31.959
complex.1358.pdb	0.00769231	17.796	35.192
complex.1359.pdb	0.00769231	14.351	30.263
complex.1360.pdb	0	17.695	34.659
complex.1361.pdb	0.107692	15.914	36.641
complex.1362.pdb	0	16.528	33.113
complex.1363.pdb	0.123077	13.012	34.839
complex.1364.pdb	0	11.529	27.140
complex.1365.pdb	0.0692308	12.371	30.139
complex.1366.pdb	0.0461538	14.452	32.456
complex.1367.pdb	0.0461538	15.717	35.210
complex.1368.pdb	0	17.072	34.663
complex.1369.pdb	0	18.503	35.541
complex.1370.pdb	0.184615	11.452	31.682
complex.1371.pdb	0.00769231	11.374	27.932
complex.1372.pdb	0	14.960	29.806
complex.1373.pdb	0.1	13.205	30.571
complex.1374.pdb	0	17.041	35.053
complex.1375.pdb	0	19.430	35.274
complex.1376.pdb	0.146154	12.079	30.555
complex.1377.pdb	0	15.833	32.505
complex.1378.pdb	0	16.335	32.549
complex.1379.pdb	0.0461538	17.211	37.238
complex.1380.pdb	0.0153846	16.980	32.344
complex.1381.pdb	0	16.305	33.836
complex.1382.pdb	0.0153846	14.677	32.269
complex.1383.pdb	0	14.399	32.830
complex.1384.pdb	0	14.534	33.120
complex.1385.pdb	0	11.171	24.364
complex.1386.pdb	0	14.470	30.247
complex.1387.pdb	0.0692308	13.343	30.900
complex.1388.pdb	0.0769231	14.642	32.745
complex.1389.pdb	0	15.956	32.135
complex.1390.pdb	0.161538	15.090	32.220
complex.1391.pdb	0	18.815	31.662
complex.1392.pdb	0.0230769	10.573	22.861
complex.1393.pdb	0.123077	14.079	29.370
complex.1394.pdb	0	18.240	35.209
complex.1395.pdb	0.0384615	12.898	27.273
complex.1396.pdb	0	15.425	31.290
complex.1397.pdb	0	16.047	32.847
complex.1398.pdb	0	17.089	33.291
complex.1399.pdb	0.0461538	14.733	34.257
complex.1400.pdb	0.0153846	17.170	33.260
complex.1401.pdb	0	15.422	35.539
complex.1402.pdb	0	12.859	29.419
complex.1403.pdb	0.0307692	15.781	33.737
complex.1404.pdb	0.00769231	10.851	23.883
complex.1405.pdb	0.0307692	14.976	34.412
complex.1406.pdb	0	12.315	27.232
complex.1407.pdb	0.00769231	16.822	33.914
complex.1408.pdb	0.0153846	11.397	28.350
complex.1409.pdb	0.00769231	14.254	33.149
complex.1410.pdb	0	10.409	24.075
complex.1411.pdb	0	15.611	33.778
complex.1412.pdb	0	16.160	33.960
complex.1413.pdb	0	18.031	34.294
complex.1414.pdb	0	16.693	31.370
complex.1415.pdb	0.0384615	13.636	30.486
complex.1416.pdb	0	18.353	34.530
complex.1417.pdb	0	17.278	34.178
complex.1418.pdb	0.0692308	16.082	33.351
complex.1419.pdb	0.0461538	14.549	30.109
complex.1420.pdb	0.0692308	13.746	30.974
complex.1421.pdb	0.00769231	17.522	33.847
complex.1422.pdb	0.153846	12.099	30.251
complex.1423.pdb	0	16.741	34.680
complex.1424.pdb	0.00769231	16.102	36.656
complex.1425.pdb	0	18.248	32.927
complex.1426.pdb	0.153846	12.542	33.310
complex.1427.pdb	0	15.370	29.757
complex.1428.pdb	0.0615385	13.923	30.620
complex.1429.pdb	0.0153846	16.457	34.959
complex.1430.pdb	0.0153846	13.807	33.187
complex.1431.pdb	0.123077	16.080	32.796
complex.1432.pdb	0.0230769	14.774	30.926
complex.1433.pdb	0.0615385	15.063	30.967
complex.1434.pdb	0.261538	12.620	33.153
complex.1435.pdb	0.0615385	14.053	33.328
complex.1436.pdb	0.00769231	11.711	27.503
complex.1437.pdb	0	17.073	36.451
complex.1438.pdb	0.0692308	13.601	29.452
complex.1439.pdb	0.0615385	14.281	35.395
complex.1440.pdb	0.0769231	11.952	30.596
complex.1441.pdb	0	15.220	30.154
complex.1442.pdb	0.0230769	13.954	32.674
complex.1443.pdb	0.0153846	16.364	37.517
complex.1444.pdb	0	17.774	35.942
complex.1445.pdb	0	17.667	35.970
complex.1446.pdb	0	16.521	33.653
complex.1447.pdb	0	15.689	33.595
complex.1448.pdb	0	12.243	26.549
complex.1449.pdb	0	16.065	32.655
complex.1450.pdb	0	17.385	33.306
complex.1451.pdb	0	14.856	31.918
complex.1452.pdb	0.0692308	17.603	37.663
complex.1453.pdb	0.0923077	12.250	32.915
complex.1454.pdb	0.107692	11.298	28.726
complex.1455.pdb	0	14.686	30.205
complex.1456.pdb	0.0153846	13.068	28.452
complex.1457.pdb	0.00769231	14.727	34.094
complex.1458.pdb	0	17.034	36.405
complex.1459.pdb	0	17.133	33.253
complex.1460.pdb	0.00769231	17.420	37.538
complex.1461.pdb	0	15.639	34.761
complex.1462.pdb	0.153846	11.859	32.263
complex.1463.pdb	0.115385	16.185	33.543
complex.1464.pdb	0	17.395	34.036
complex.1465.pdb	0	17.690	31.825
complex.1466.pdb	0	16.226	32.557
complex.1467.pdb	0	16.969	34.120
complex.1468.pdb	0.00769231	13.298	30.475
complex.1469.pdb	0	16.368	34.887
complex.1470.pdb	0.0153846	14.738	31.404
complex.1471.pdb	0.0230769	16.767	35.167
complex.1472.pdb	0	16.694	34.366
complex.1473.pdb	0	15.349	35.573
complex.1474.pdb	0.253846	12.507	34.810
complex.1475.pdb	0	13.110	28.466
complex.1476.pdb	0	14.784	32.220
complex.1477.pdb	0.0384615	15.276	31.760
complex.1478.pdb	0.0153846	15.399	32.060
complex.1479.pdb	0.0230769	14.650	31.141
complex.1480.pdb	0.0230769	13.766	35.821
complex.1481.pdb	0.0538462	13.015	31.408
complex.1482.pdb	0	16.857	36.132
complex.1483.pdb	0.0384615	16.525	35.148
complex.1484.pdb	0.0923077	14.044	30.686
complex.1485.pdb	0.0769231	13.019	31.035
complex.1486.pdb	0.00769231	14.742	31.476
complex.1487.pdb	0.0153846	14.006	34.373
complex.1488.pdb	0.0538462	13.161	31.577
complex.1489.pdb	0	17.503	36.084
complex.1490.pdb	0.0153846	15.870	35.008
complex.1491.pdb	0	18.073	34.315
complex.1492.pdb	0	18.695	33.806
complex.1493.pdb	0	18.951	31.185
complex.1494.pdb	0	15.247	32.055
complex.1495.pdb	0.130769	12.440	31.201
complex.1496.pdb	0	18.735	33.828
complex.1497.pdb	0.00769231	16.457	35.630
complex.1498.pdb	0.00769231	13.741	31.764
complex.1499.pdb	0.00769231	13.924	33.024
complex.1500.pdb	0	16.103	30.691
complex.1501.pdb	0	12.962	30.146
complex.1502.pdb	0.0538462	11.353	26.388
complex.1503.pdb	0.00769231	16.272	34.576
complex.1504.pdb	0.153846	13.204	35.412
complex.1505.pdb	0	16.897	32.841
complex.1506.pdb	0.0461538	15.224	33.521
complex.1507.pdb	0	17.976	34.357
complex.1508.pdb	0	17.723	34.056
complex.1509.pdb	0.0846154	14.359	35.125
complex.1510.pdb	0	17.324	33.068
complex.1511.pdb	0.0230769	14.003	30.445
complex.1512.pdb	0.0307692	15.844	33.567
complex.1513.pdb	0.0846154	16.209	37.336
complex.1514.pdb	0.0153846	15.614	32.285
complex.1515.pdb	0.00769231	16.717	34.799
complex.1516.pdb	0.115385	13.227	34.030
complex.1517.pdb	0.0538462	16.732	33.879
complex.1518.pdb	0.0153846	14.885	34.902
complex.1519.pdb	0.0846154	16.593	35.691
complex.1520.pdb	0	18.660	31.125
complex.1521.pdb	0	16.896	35.868
complex.1522.pdb	0	16.394	32.002
complex.1523.pdb	0.0153846	15.484	34.808
complex.1524.pdb	0.0307692	15.962	33.064
complex.1525.pdb	0.0307692	14.908	36.066
complex.1526.pdb	0.0538462	12.819	26.207
complex.1527.pdb	0.00769231	17.767	34.835
complex.1528.pdb	0.0230769	12.903	26.332
complex.1529.pdb	0	19.232	34.937
complex.1530.pdb	0	18.594	32.346
complex.1531.pdb	0.146154	13.166	29.177
complex.1532.pdb	0	17.050	34.448
complex.1533.pdb	0.0307692	13.556	33.461
complex.1534.pdb	0	18.809	33.236
complex.1535.pdb	0.1	15.712	35.667
complex.1536.pdb	0.00769231	16.612	31.983
complex.1537.pdb	0.0153846	16.602	35.617
complex.1538.pdb	0	16.040	30.303
complex.1539.pdb	0	15.678	33.412
complex.1540.pdb	0	18.552	32.293
complex.1541.pdb	0	14.086	29.811
complex.1542.pdb	0	16.464	33.654
complex.1543.pdb	0	13.668	28.264
complex.1544.pdb	0.00769231	15.018	35.317
complex.1545.pdb	0.0307692	16.896	33.891
complex.1546.pdb	0.0153846	14.667	30.371
complex.1547.pdb	0	14.886	31.376
complex.1548.pdb	0	14.853	31.245
complex.1549.pdb	0.0769231	15.773	37.108
complex.1550.pdb	0	16.719	32.163
complex.1551.pdb	0.0769231	13.718	30.108
complex.1552.pdb	0	18.416	33.855
complex.1553.pdb	0.115385	14.169	36.120
complex.1554.pdb	0	16.580	34.832
complex.1555.pdb	0.107692	13.372	33.064
complex.1556.pdb	0	16.616	32.139
complex.1557.pdb	0	19.367	33.224
complex.1558.pdb	0.1	12.745	31.211
complex.1559.pdb	0.0384615	16.741	33.713
complex.1560.pdb	0.00769231	16.623	35.030
complex.1561.pdb	0	16.137	32.420
complex.1562.pdb	0.130769	12.024	26.357
complex.1563.pdb	0	17.138	30.224
complex.1564.pdb	0	16.920	35.603
complex.1565.pdb	0.0461538	15.778	36.882
complex.1566.pdb	0.0384615	13.541	33.479
complex.1567.pdb	0.0923077	12.202	32.075
complex.1568.pdb	0	17.551	32.216
complex.1569.pdb	0.0615385	15.930	35.481
complex.1570.pdb	0	16.887	32.029
complex.1571.pdb	0	17.452	35.794
complex.1572.pdb	0.0692308	13.650	31.945
complex.1573.pdb	0.0769231	14.471	30.833
complex.1574.pdb	0	17.500	33.550
complex.1575.pdb	0	14.107	31.917
complex.1576.pdb	0	18.891	34.146
complex.1577.pdb	0.0230769	18.157	38.963
complex.1578.pdb	0	16.557	33.095
complex.1579.pdb	0.0769231	14.145	32.370
complex.1580.pdb	0.0230769	15.051	33.530
complex.1581.pdb	0.0153846	13.089	33.509
complex.1582.pdb	0.161538	12.202	32.059
complex.1583.pdb	0.0538462	13.026	27.489
complex.1584.pdb	0.0153846	11.922	27.234
complex.1585.pdb	0	20.841	36.440
complex.1586.pdb	0	14.594	34.359
complex.1587.pdb	0.0692308	13.790	33.818
complex.1588.pdb	0.0153846	14.248	32.056
complex.1589.pdb	0	16.228	30.939
complex.1590.pdb	0	15.023	33.590
complex.1591.pdb	0	18.121	36.254
complex.1592.pdb	0.0153846	11.924	24.502
complex.1593.pdb	0	17.182	34.893
complex.1594.pdb	0.0538462	13.592	27.431
complex.1595.pdb	0	16.049	34.455
complex.1596.pdb	0	16.922	36.543
complex.1597.pdb	0.00769231	15.834	33.401
complex.1598.pdb	0.0384615	13.651	28.725
complex.1599.pdb	0.0230769	16.005	32.625
complex.1600.pdb	0	16.619	32.782
complex.1601.pdb	0.0153846	16.315	35.645
complex.1602.pdb	0	16.676	33.150
complex.1603.pdb	0.00769231	16.765	34.215
complex.1604.pdb	0.00769231	13.826	31.501
complex.1605.pdb	0.0769231	14.533	29.311
complex.1606.pdb	0	17.591	33.956
complex.1607.pdb	0	14.436	28.729
complex.1608.pdb	0	14.019	29.283
complex.1609.pdb	0.0846154	12.537	30.916
complex.1610.pdb	0.0538462	16.597	36.610
complex.1611.pdb	0.0307692	16.428	36.423
complex.1612.pdb	0.00769231	13.113	29.181
complex.1613.pdb	0	16.309	32.571
complex.1614.pdb	0.0153846	16.712	35.045
complex.1615.pdb	0.0153846	16.093	33.387
complex.1616.pdb	0	18.240	33.545
complex.1617.pdb	0	17.669	35.804
complex.1618.pdb	0.0153846	16.352	33.542
complex.1619.pdb	0	13.384	27.314
complex.1620.pdb	0.00769231	15.166	34.324
complex.1621.pdb	0	19.416	33.675
complex.1622.pdb	0.0461538	16.383	34.894
complex.1623.pdb	0.0307692	13.994	32.596
complex.1624.pdb	0	18.462	34.741
complex.1625.pdb	0.0153846	13.587	31.437
complex.1626.pdb	0.161538	13.721	35.543
complex.1627.pdb	0	17.412	32.713
complex.1628.pdb	0.1	14.961	35.359
complex.1629.pdb	0	14.362	29.878
complex.1630.pdb	0	16.443	34.095
complex.1631.pdb	0.0307692	14.536	29.964
complex.1632.pdb	0.1	12.441	29.467
complex.1633.pdb	0.0384615	13.643	33.070
complex.1634.pdb	0.0846154	16.726	38.580
complex.1635.pdb	0.0230769	17.107	37.016
complex.1636.pdb	0	18.874	32.995
complex.1637.pdb	0	16.825	36.429
complex.1638.pdb	0	15.929	35.902
complex.1639.pdb	0	17.609	30.907
complex.1640.pdb	0	17.816	35.952
complex.1641.pdb	0.00769231	14.669	32.714
complex.1642.pdb	0	13.796	28.024
complex.1643.pdb	0.00769231	15.139	33.607
complex.1644.pdb	0.0769231	15.260	30.642
complex.1645.pdb	0.146154	12.914	34.513
complex.1646.pdb	0.107692	11.435	28.089
complex.1647.pdb	0.0153846	13.160	31.384
complex.1648.pdb	0.0692308	14.020	29.309
complex.1649.pdb	0.0769231	14.269	34.018
complex.1650.pdb	0.0923077	14.828	33.265
complex.1651.pdb	0.130769	16.135	35.514
complex.1652.pdb	0.00769231	17.667	35.697
complex.1653.pdb	0	16.579	33.631
complex.1654.pdb	0.0769231	13.106	28.932
complex.1655.pdb	0	13.560	28.184
complex.1656.pdb	0.0153846	12.319	26.911
complex.1657.pdb	0	17.108	33.480
complex.1658.pdb	0.0153846	17.413	34.228
complex.1659.pdb	0.0769231	13.787	31.851
complex.1660.pdb	0.0384615	15.801	34.515
complex.1661.pdb	0.0769231	12.681	26.343
complex.1662.pdb	0	19.204	36.914
complex.1663.pdb	0.00769231	15.839	34.200
complex.1664.pdb	0	10.318	21.390
complex.1665.pdb	0.161538	12.739	33.781
complex.1666.pdb	0.0615385	16.781	39.471
complex.1667.pdb	0.0153846	14.520	32.126
complex.1668.pdb	0.0230769	17.722	35.050
complex.1669.pdb	0.0615385	13.888	30.199
complex.1670.pdb	0	15.702	32.091
complex.1671.pdb	0	14.622	30.447
complex.1672.pdb	0.00769231	15.480	35.175
complex.1673.pdb	0	13.836	28.020
complex.1674.pdb	0.1	13.978	33.464
complex.1675.pdb	0.0461538	17.316	35.952
complex.1676.pdb	0	20.001	35.336
complex.1677.pdb	0.0230769	12.646	31.403
complex.1678.pdb	0.0846154	13.966	33.322
complex.1679.pdb	0	17.203	33.913
complex.1680.pdb	0.0307692	15.089	33.982
complex.1681.pdb	0.00769231	11.688	24.192
complex.1682.pdb	0.1	11.961	29.490
complex.1683.pdb	0.0384615	16.968	34.295
complex.1684.pdb	0.0153846	17.198	33.693
complex.1685.pdb	0	15.428	36.036
complex.1686.pdb	0	16.010	31.960
complex.1687.pdb	0.0692308	14.262	32.365
complex.1688.pdb	0	16.664	34.003
complex.1689.pdb	0.0230769	13.956	29.421
complex.1690.pdb	0	16.673	34.098
complex.1691.pdb	0.0307692	13.701	36.610
complex.1692.pdb	0	19.068	32.904
complex.1693.pdb	0.00769231	15.294	35.187
complex.1694.pdb	0	13.890	28.450
complex.1695.pdb	0.0230769	13.679	33.933
complex.1696.pdb	0	17.865	35.016
complex.1697.pdb	0.0384615	17.332	34.510
complex.1698.pdb	0.1	13.985	30.424
complex.1699.pdb	0	13.854	29.228
complex.1700.pdb	0.0615385	16.970	35.356
complex.1701.pdb	0.0461538	16.715	37.166
complex.1702.pdb	0	15.388	36.118
complex.1703.pdb	0	15.308	31.308
complex.1704.pdb	0.0769231	14.262	29.616
complex.1705.pdb	0.0384615	14.786	29.901
complex.1706.pdb	0.1	14.706	30.065
complex.1707.pdb	0	16.881	35.775
complex.1708.pdb	0	17.676	34.863
complex.1709.pdb	0.0230769	14.575	29.272
complex.1710.pdb	0	16.407	33.660
complex.1711.pdb	0	14.449	27.523
complex.1712.pdb	0.0615385	13.739	31.665
complex.1713.pdb	0.00769231	16.441	35.224
complex.1714.pdb	0.0769231	14.485	34.650
complex.1715.pdb	0	15.717	36.094
complex.1716.pdb	0.0461538	14.271	33.306
complex.1717.pdb	0.0615385	14.353	33.137
complex.1718.pdb	0.130769	14.654	30.414
complex.1719.pdb	0.00769231	15.215	31.593
complex.1720.pdb	0.0461538	12.957	29.315
complex.1721.pdb	0.0307692	16.862	36.105
complex.1722.pdb	0	16.314	36.755
complex.1723.pdb	0	15.922	31.673
complex.1724.pdb	0	17.900	30.495
complex.1725.pdb	0	12.790	28.070
complex.1726.pdb	0.00769231	15.093	38.360
complex.1727.pdb	0.0692308	15.522	32.915
complex.1728.pdb	0	17.602	30.840
complex.1729.pdb	0.0538462	16.880	35.489
complex.1730.pdb	0.0846154	13.121	34.884
complex.1731.pdb	0.176923	12.306	30.142
complex.1732.pdb	0.0846154	12.289	29.651
complex.1733.pdb	0	16.500	33.470
complex.1734.pdb	0.0923077	13.339	30.997
complex.1735.pdb	0	17.320	35.448
complex.1736.pdb	0.0538462	13.626	30.980
complex.1737.pdb	0	19.184	34.480
complex.1738.pdb	0.0769231	17.070	35.889
complex.1739.pdb	0	15.223	32.968
complex.1740.pdb	0.0538462	13.602	32.674
complex.1741.pdb	0	16.823	30.170
complex.1742.pdb	0.0846154	15.167	35.727
complex.1743.pdb	0.0538462	12.599	30.136
complex.1744.pdb	0.1	14.328	35.347
complex.1745.pdb	0.0307692	11.945	28.394
complex.1746.pdb	0	19.701	35.013
complex.1747.pdb	0	15.648	35.119
complex.1748.pdb	0.1	12.228	27.176
complex.1749.pdb	0.0692308	13.855	33.841
complex.1750.pdb	0.0923077	15.086	33.044
complex.1751.pdb	0.0461538	16.136	36.167
complex.1752.pdb	0.00769231	14.442	33.927
complex.1753.pdb	0.0615385	13.700	28.104
complex.1754.pdb	0	16.391	34.789
complex.1755.pdb	0.107692	16.884	34.537
complex.1756.pdb	0	16.883	33.782
complex.1757.pdb	0	17.489	32.621
complex.1758.pdb	0.0384615	13.898	32.798
complex.1759.pdb	0	17.580	35.365
complex.1760.pdb	0	16.131	33.485
complex.1761.pdb	0.00769231	12.447	27.175
complex.1762.pdb	0	15.529	30.902
complex.1763.pdb	0	15.132	34.404
complex.1764.pdb	0.0769231	16.011	36.072
complex.1765.pdb	0	18.063	32.432
complex.1766.pdb	0	16.550	34.377
complex.1767.pdb	0	15.535	32.581
complex.1768.pdb	0.00769231	16.404	34.912
complex.1769.pdb	0.0692308	14.190	30.682
complex.1770.pdb	0	16.526	35.802
complex.1771.pdb	0	18.634	33.367
complex.1772.pdb	0.130769	13.613	31.623
complex.1773.pdb	0.0615385	12.743	33.129
complex.1774.pdb	0.161538	12.560	30.313
complex.1775.pdb	0.0461538	12.652	31.328
complex.1776.pdb	0.0384615	12.922	30.513
complex.1777.pdb	0	11.075	23.798
complex.1778.pdb	0	15.916	34.160
complex.1779.pdb	0	19.460	35.303
complex.1780.pdb	0	13.323	28.993
complex.1781.pdb	0.00769231	14.098	29.808
complex.1782.pdb	0	16.314	35.965
complex.1783.pdb	0	11.707	24.150
complex.1784.pdb	0.0615385	14.845	34.021
complex.1785.pdb	0.0153846	15.968	32.638
complex.1786.pdb	0	16.740	32.869
complex.1787.pdb	0.00769231	16.130	33.434
complex.1788.pdb	0.0692308	13.116	34.196
complex.1789.pdb	0.0769231	14.209	30.673
complex.1790.pdb	0	14.572	33.283
complex.1791.pdb	0.00769231	17.619	35.253
complex.1792.pdb	0.0538462	12.739	29.531
complex.1793.pdb	0	16.379	36.166
complex.1794.pdb	0.1	13.413	34.484
complex.1795.pdb	0	14.742	31.921
complex.1796.pdb	0.0384615	14.717	32.861
complex.1797.pdb	0	19.033	34.314
complex.1798.pdb	0	15.064	32.236
complex.1799.pdb	0	17.664	33.088
complex.1800.pdb	0.0307692	15.496	35.657
complex.1801.pdb	0.169231	12.826	28.842
complex.1802.pdb	0	16.244	35.047
complex.1803.pdb	0.0153846	14.885	30.513
complex.1804.pdb	0.0615385	15.603	35.444
complex.1805.pdb	0.0692308	13.697	29.731
complex.1806.pdb	0.0153846	13.288	31.438
complex.1807.pdb	0	17.295	33.620
complex.1808.pdb	0.153846	14.272	36.478
complex.1809.pdb	0.00769231	15.765	34.663
complex.1810.pdb	0	17.526	35.697
complex.1811.pdb	0.0692308	16.273	35.435
complex.1812.pdb	0	13.394	29.427
complex.1813.pdb	0.0153846	13.969	30.416
complex.1814.pdb	0.0384615	14.091	33.146
complex.1815.pdb	0.00769231	14.532	31.006
complex.1816.pdb	0.0384615	12.936	30.358
complex.1817.pdb	0	12.864	28.629
complex.1818.pdb	0.2	14.317	37.400
complex.1819.pdb	0.0153846	16.357	34.328
complex.1820.pdb	0.0153846	13.013	27.428
complex.1821.pdb	0.0307692	14.713	33.093
complex.1822.pdb	0.107692	15.615	32.839
complex.1823.pdb	0.0153846	15.910	35.457
complex.1824.pdb	0.0307692	15.928	35.278
complex.1825.pdb	0.0538462	16.063	34.813
complex.1826.pdb	0	17.417	31.312
complex.1827.pdb	0	16.943	36.956
complex.1828.pdb	0.0615385	12.658	29.328
complex.1829.pdb	0	17.365	34.417
complex.1830.pdb	0	17.043	31.974
complex.1831.pdb	0.0153846	14.996	32.048
complex.1832.pdb	0	17.994	34.150
complex.1833.pdb	0	16.073	32.960
complex.1834.pdb	0	12.948	25.762
complex.1835.pdb	0.0153846	17.341	34.906
complex.1836.pdb	0	16.782	33.564
complex.1837.pdb	0.0615385	15.694	35.104
complex.1838.pdb	0.0384615	15.472	33.771
complex.1839.pdb	0.0538462	15.023	33.217
complex.1840.pdb	0	15.554	30.848
complex.1841.pdb	0.0538462	16.744	35.161
complex.1842.pdb	0.107692	10.431	24.963
complex.1843.pdb	0.0769231	13.469	29.350
complex.1844.pdb	0	18.890	37.138
complex.1845.pdb	0.0692308	11.566	26.709
complex.1846.pdb	0.0615385	14.727	33.867
complex.1847.pdb	0.115385	11.371	31.177
complex.1848.pdb	0	16.308	35.046
complex.1849.pdb	0	17.813	34.785
complex.1850.pdb	0.0692308	16.364	37.645
complex.1851.pdb	0	17.156	30.759
complex.1852.pdb	0.00769231	15.067	32.299
complex.1853.pdb	0.0153846	13.862	29.593
complex.1854.pdb	0.00769231	16.439	32.754
complex.1855.pdb	0.146154	12.236	25.887
complex.1856.pdb	0.0615385	13.622	32.110
complex.1857.pdb	0	16.567	30.387
complex.1858.pdb	0	15.758	33.334
complex.1859.pdb	0	14.876	30.638
complex.1860.pdb	0.107692	12.168	32.280
complex.1861.pdb	0.00769231	14.566	33.214
complex.1862.pdb	0.0461538	14.161	29.465
complex.1863.pdb	0	14.368	33.063
complex.1864.pdb	0	18.357	31.662
complex.1865.pdb	0.138462	13.313	29.972
complex.1866.pdb	0	16.822	36.029
complex.1867.pdb	0.0923077	13.802	34.114
complex.1868.pdb	0	10.953	22.775
complex.1869.pdb	0	16.034	32.621
complex.1870.pdb	0	18.332	34.255
complex.1871.pdb	0	10.357	21.886
complex.1872.pdb	0	18.395	32.821
complex.1873.pdb	0	13.592	27.887
complex.1874.pdb	0	17.723	31.964
complex.1875.pdb	0.0692308	13.607	32.907
complex.1876.pdb	0.0307692	15.494	34.466
complex.1877.pdb	0	15.317	30.830
complex.1878.pdb	0.0384615	18.368	38.975
complex.1879.pdb	0	14.879	33.833
complex.1880.pdb	0.138462	12.936	26.245
complex.1881.pdb	0	18.028	34.184
complex.1882.pdb	0	17.198	34.619
complex.1883.pdb	0	16.071	33.493
complex.1884.pdb	0	19.286	32.728
complex.1885.pdb	0	13.623	27.777
complex.1886.pdb	0.0615385	13.362	32.301
complex.1887.pdb	0.0384615	15.551	35.263
complex.1888.pdb	0.0923077	13.881	33.565
complex.1889.pdb	0	17.262	30.573
complex.1890.pdb	0	15.080	31.279
complex.1891.pdb	0.0538462	15.859	35.470
complex.1892.pdb	0.0769231	13.688	33.473
complex.1893.pdb	0	17.674	35.423
complex.1894.pdb	0	13.725	28.548
complex.1895.pdb	0.0769231	14.150	29.836
complex.1896.pdb	0	18.600	33.194
complex.1897.pdb	0.0384615	17.679	36.392
complex.1898.pdb	0	17.453	37.509
complex.1899.pdb	0.0846154	14.172	34.420
complex.1900.pdb	0	17.311	33.873
complex.1901.pdb	0	15.660	35.119
complex.1902.pdb	0	16.428	34.217
complex.1903.pdb	0	18.451	34.278
complex.1904.pdb	0.0769231	14.937	33.311
complex.1905.pdb	0.0461538	13.830	30.361
complex.1906.pdb	0.0153846	15.616	35.390
complex.1907.pdb	0.0615385	13.450	28.806
complex.1908.pdb	0	15.662	33.503
complex.1909.pdb	0	14.828	32.682
complex.1910.pdb	0.0307692	13.932	28.938
complex.1911.pdb	0.0153846	13.425	30.423
complex.1912.pdb	0	12.168	26.503
complex.1913.pdb	0.0692308	13.902	32.250
complex.1914.pdb	0	17.043	34.423
complex.1915.pdb	0.00769231	15.843	33.653
complex.1916.pdb	0	16.610	30.981
complex.1917.pdb	0.0153846	15.535	34.159
complex.1918.pdb	0	16.867	35.740
complex.1919.pdb	0	13.283	29.577
complex.1920.pdb	0.0769231	12.450	30.697
complex.1921.pdb	0	16.636	35.475
complex.1922.pdb	0.0230769	17.355	36.609
complex.1923.pdb	0.123077	12.123	28.160
complex.1924.pdb	0.0615385	14.369	30.040
complex.1925.pdb	0.0538462	14.842	31.690
complex.1926.pdb	0.0307692	17.568	36.079
complex.1927.pdb	0	10.604	23.177
complex.1928.pdb	0	16.694	31.881
complex.1929.pdb	0	11.467	24.113
complex.1930.pdb	0	17.704	36.697
complex.1931.pdb	0.0692308	13.524	33.778
complex.1932.pdb	0	18.967	36.879
complex.1933.pdb	0.0615385	14.137	35.337
complex.1934.pdb	0	12.626	28.455
complex.1935.pdb	0	18.218	33.355
complex.1936.pdb	0	14.559	31.383
complex.1937.pdb	0.1	13.004	32.410
complex.1938.pdb	0.0615385	15.549	35.894
complex.1939.pdb	0	14.752	35.177
complex.1940.pdb	0.0615385	16.834	34.078
complex.1941.pdb	0	17.103	33.864
complex.1942.pdb	0	16.030	32.490
complex.1943.pdb	0	17.576	37.381
complex.1944.pdb	0.0923077	12.718	30.511
complex.1945.pdb	0.0846154	14.799	33.674
complex.1946.pdb	0.0846154	14.434	29.634
complex.1947.pdb	0.0230769	14.923	29.926
complex.1948.pdb	0	18.113	34.335
complex.1949.pdb	0	15.383	33.015
complex.1950.pdb	0.0923077	13.403	32.649
complex.1951.pdb	0	16.065	32.297
complex.1952.pdb	0	18.195	30.939
complex.1953.pdb	0	12.536	28.096
complex.1954.pdb	0	19.327	35.420
complex.1955.pdb	0.00769231	15.123	29.445
complex.1956.pdb	0	13.927	27.830
complex.1957.pdb	0	16.616	34.847
complex.1958.pdb	0.1	13.120	33.043
complex.1959.pdb	0.138462	11.360	28.941
complex.1960.pdb	0.123077	13.987	31.834
complex.1961.pdb	0	11.781	23.742
complex.1962.pdb	0.0769231	16.904	37.332
complex.1963.pdb	0.0307692	10.359	22.696
complex.1964.pdb	0	13.712	28.022
complex.1965.pdb	0.0615385	13.298	34.525
complex.1966.pdb	0.00769231	14.162	31.551
complex.1967.pdb	0	16.977	34.096
complex.1968.pdb	0	10.844	23.105
complex.1969.pdb	0	16.991	34.279
complex.1970.pdb	0	12.318	26.664
complex.1971.pdb	0.00769231	17.507	35.824
complex.1972.pdb	0.00769231	15.059	34.734
complex.1973.pdb	0.0769231	12.617	31.221
complex.1974.pdb	0.00769231	14.318	32.030
complex.1975.pdb	0	15.322	30.647
complex.1976.pdb	0	15.105	34.382
complex.1977.pdb	0.0846154	16.133	37.979
complex.1978.pdb	0.0461538	13.147	31.278
complex.1979.pdb	0.0384615	12.902	32.547
complex.1980.pdb	0.0307692	13.846	29.811
complex.1981.pdb	0.0923077	15.537	32.926
complex.1982.pdb	0	15.870	30.871
complex.1983.pdb	0.0230769	14.082	33.052
complex.1984.pdb	0	16.309	33.988
complex.1985.pdb	0	17.402	32.533
complex.1986.pdb	0	15.875	34.544
complex.1987.pdb	0	18.215	35.320
complex.1988.pdb	0	18.049	32.664
complex.1989.pdb	0	15.460	36.109
complex.1990.pdb	0	17.574	36.262
complex.1991.pdb	0	15.259	33.484
complex.1992.pdb	0.00769231	11.484	26.263
complex.1993.pdb	0.1	12.701	31.263
complex.1994.pdb	0.0615385	14.443	34.063
complex.1995.pdb	0	19.019	35.791
complex.1996.pdb	0	12.659	26.852
complex.1997.pdb	0.0153846	15.472	33.909
complex.1998.pdb	0	12.860	26.419
complex.1999.pdb	0	20.840	36.963
complex.2000.pdb	0.0692308	15.634	34.349
