swarm_32_12.pdb	0	22.177	40.410	30.025
swarm_27_112.pdb	0	17.430	28.938	29.173
swarm_54_80.pdb	0	24.108	46.078	28.977
swarm_20_20.pdb	0.181159	6.318	24.728	28.182
swarm_52_148.pdb	0	25.110	49.639	28.036
swarm_20_103.pdb	0	26.302	49.547	27.607
swarm_11_118.pdb	0	17.760	31.143	27.599
swarm_16_70.pdb	0	24.060	64.410	27.378
swarm_44_21.pdb	0	18.440	59.704	26.931
swarm_29_17.pdb	0.00724638	17.499	43.836	26.874
swarm_61_8.pdb	0	27.385	58.369	26.507
swarm_6_154.pdb	0	23.886	50.966	25.521
swarm_44_33.pdb	0	32.185	55.902	25.130
swarm_27_40.pdb	0	21.549	45.074	25.129
swarm_17_145.pdb	0	17.148	50.063	25.095
swarm_55_102.pdb	0	16.769	25.831	24.870
swarm_20_105.pdb	0.0217391	6.892	30.149	24.744
swarm_37_131.pdb	0	19.398	48.076	24.686
swarm_20_171.pdb	0	25.595	50.668	24.644
swarm_26_20.pdb	0	32.623	55.594	24.531
swarm_2_109.pdb	0	30.124	42.886	24.304
swarm_40_43.pdb	0	23.555	57.878	24.069
swarm_39_96.pdb	0	29.885	47.389	23.994
swarm_80_114.pdb	0	28.044	55.144	23.953
swarm_26_37.pdb	0	24.266	55.414	23.818
swarm_26_32.pdb	0	30.128	58.612	23.749
swarm_52_71.pdb	0	27.216	52.373	23.645
swarm_34_6.pdb	0.00724638	17.485	43.151	23.381
swarm_6_14.pdb	0	26.616	46.430	23.306
swarm_68_178.pdb	0	30.747	53.105	23.185
swarm_27_50.pdb	0	26.694	48.098	22.957
swarm_61_102.pdb	0	26.045	56.281	22.889
swarm_11_147.pdb	0	31.697	47.214	22.674
swarm_44_138.pdb	0	24.695	58.727	22.657
swarm_25_182.pdb	0	29.589	57.415	22.229
swarm_27_119.pdb	0	24.059	49.655	22.184
swarm_38_38.pdb	0	33.614	54.055	22.144
swarm_32_4.pdb	0.0217391	12.551	33.394	22.030
swarm_39_152.pdb	0	17.567	34.949	21.950
swarm_79_129.pdb	0	15.873	26.952	21.901
swarm_2_149.pdb	0	24.875	44.263	21.869
swarm_20_116.pdb	0	27.039	51.691	21.845
swarm_17_124.pdb	0	24.772	49.186	21.736
swarm_52_105.pdb	0	26.875	52.056	21.723
swarm_44_37.pdb	0.0144928	20.021	59.359	21.657
swarm_40_72.pdb	0	29.023	54.014	21.522
swarm_17_117.pdb	0	25.840	45.814	21.475
swarm_6_53.pdb	0.00724638	13.801	40.158	21.411
swarm_63_78.pdb	0	19.104	52.729	21.376
swarm_25_18.pdb	0	26.047	43.933	21.184
swarm_55_190.pdb	0	23.993	47.343	21.067
swarm_17_2.pdb	0	27.307	52.116	20.812
swarm_50_141.pdb	0	24.204	45.496	20.790
swarm_55_146.pdb	0	28.624	51.614	20.730
swarm_46_100.pdb	0	25.859	46.302	20.566
swarm_66_87.pdb	0	29.436	64.017	20.442
swarm_27_51.pdb	0	20.338	36.274	20.423
swarm_41_108.pdb	0	24.213	43.384	20.207
swarm_30_155.pdb	0	19.550	32.412	20.123
swarm_41_22.pdb	0	24.412	45.490	20.115
swarm_46_181.pdb	0	23.796	46.972	20.101
swarm_25_158.pdb	0	28.222	52.777	19.754
swarm_59_107.pdb	0	20.320	54.094	19.694
swarm_34_173.pdb	0	23.081	36.321	19.648
swarm_29_122.pdb	0	27.852	46.726	19.644
swarm_40_54.pdb	0	24.151	46.147	19.440
swarm_25_61.pdb	0	23.683	51.936	19.224
swarm_16_94.pdb	0	25.084	61.577	19.164
swarm_75_72.pdb	0	21.347	35.749	19.069
swarm_25_189.pdb	0	28.291	55.357	19.053
swarm_11_34.pdb	0	29.716	46.937	19.046
swarm_30_161.pdb	0	9.869	28.727	18.929
swarm_68_149.pdb	0	25.102	47.711	18.838
swarm_25_178.pdb	0	28.991	54.517	18.773
swarm_39_11.pdb	0	23.192	39.067	18.735
swarm_52_61.pdb	0	17.336	31.150	18.713
swarm_10_103.pdb	0	30.284	54.402	18.457
swarm_57_190.pdb	0	31.297	60.710	18.436
swarm_41_37.pdb	0	14.418	38.806	18.404
swarm_46_63.pdb	0	18.193	49.351	18.335
swarm_27_195.pdb	0	24.561	50.455	18.320
swarm_57_113.pdb	0	32.034	61.723	18.229
swarm_41_166.pdb	0.0144928	17.361	41.531	18.158
swarm_54_89.pdb	0	24.639	51.104	18.130
swarm_61_27.pdb	0	28.158	55.294	18.087
swarm_25_82.pdb	0	28.557	53.097	18.075
swarm_50_24.pdb	0	30.512	43.037	18.068
swarm_44_146.pdb	0	24.544	63.515	18.006
swarm_4_9.pdb	0	24.785	43.660	17.990
swarm_17_110.pdb	0	20.646	39.320	17.968
swarm_55_106.pdb	0.00724638	24.839	46.169	17.844
swarm_3_156.pdb	0	27.012	48.415	17.816
swarm_29_182.pdb	0	21.449	37.270	17.789
swarm_34_93.pdb	0	28.689	45.664	17.737
swarm_52_97.pdb	0	27.000	49.933	17.636
swarm_88_147.pdb	0	26.374	49.472	17.626
swarm_26_0.pdb	0	27.020	58.261	17.442
swarm_34_121.pdb	0	22.341	44.792	17.372
swarm_57_96.pdb	0	22.618	52.036	17.299
swarm_34_159.pdb	0	20.237	42.346	17.178
swarm_32_26.pdb	0	18.836	28.477	17.156
swarm_41_157.pdb	0	24.510	45.037	17.143
swarm_6_124.pdb	0.0942029	10.461	33.911	17.128
swarm_41_123.pdb	0	25.463	46.799	17.117
swarm_10_86.pdb	0	30.608	54.164	17.026
swarm_10_76.pdb	0	27.491	50.927	16.978
swarm_4_187.pdb	0	27.010	47.413	16.972
swarm_27_8.pdb	0	23.302	45.659	16.971
swarm_25_101.pdb	0	24.942	47.969	16.784
swarm_32_175.pdb	0.217391	4.045	20.133	16.764
swarm_37_10.pdb	0	33.557	55.711	16.701
swarm_45_62.pdb	0	22.717	40.652	16.699
swarm_75_0.pdb	0	30.601	45.740	16.694
swarm_45_151.pdb	0	25.459	46.113	16.651
swarm_61_20.pdb	0.0144928	8.270	42.999	16.641
swarm_30_36.pdb	0	16.608	44.396	16.592
swarm_6_171.pdb	0	25.790	47.585	16.579
swarm_3_99.pdb	0	29.776	46.290	16.531
swarm_10_5.pdb	0	24.971	44.085	16.528
swarm_45_147.pdb	0	25.607	39.632	16.502
swarm_10_45.pdb	0	28.253	50.494	16.431
swarm_2_135.pdb	0	22.750	39.196	16.412
swarm_34_14.pdb	0	24.528	46.390	16.379
swarm_46_37.pdb	0	25.593	43.824	16.363
swarm_27_83.pdb	0	26.132	52.229	16.334
swarm_3_51.pdb	0	27.330	45.391	16.259
swarm_3_21.pdb	0	26.695	50.468	16.259
swarm_34_144.pdb	0	25.099	45.666	16.253
swarm_32_72.pdb	0	25.853	40.783	16.223
swarm_11_54.pdb	0	24.263	45.588	16.175
swarm_25_144.pdb	0	12.258	33.103	16.148
swarm_43_72.pdb	0	28.050	52.387	16.139
swarm_29_93.pdb	0	25.374	47.585	16.125
swarm_15_8.pdb	0	26.141	51.271	16.082
swarm_3_80.pdb	0	26.827	49.662	16.063
swarm_46_197.pdb	0	25.908	40.328	16.048
swarm_45_68.pdb	0.0507246	8.686	24.284	16.012
swarm_46_143.pdb	0	24.675	47.597	15.908
swarm_11_39.pdb	0	17.137	35.017	15.882
swarm_10_58.pdb	0	23.534	55.273	15.868
swarm_45_176.pdb	0	12.396	23.441	15.621
swarm_45_144.pdb	0	21.750	44.711	15.619
swarm_11_137.pdb	0	20.762	35.182	15.611
swarm_34_192.pdb	0.0217391	9.043	21.887	15.463
swarm_29_99.pdb	0	24.110	45.442	15.458
swarm_37_98.pdb	0	22.461	51.708	15.405
swarm_46_4.pdb	0	25.385	48.011	15.378
swarm_41_161.pdb	0.0144928	10.778	33.618	15.322
swarm_43_48.pdb	0.00724638	23.280	49.054	15.255
swarm_30_106.pdb	0	13.371	23.914	15.211
swarm_10_147.pdb	0	28.490	56.674	15.172
swarm_69_26.pdb	0	29.092	63.549	15.170
swarm_10_108.pdb	0	22.446	55.417	15.159
swarm_34_127.pdb	0	26.792	37.808	15.155
swarm_33_101.pdb	0	20.092	45.302	15.117
swarm_46_160.pdb	0	25.796	44.168	15.063
swarm_45_178.pdb	0	26.886	41.353	15.056
swarm_39_68.pdb	0	27.061	47.080	14.948
swarm_26_16.pdb	0	22.449	57.421	14.864
swarm_10_112.pdb	0	24.534	54.724	14.840
swarm_68_134.pdb	0	16.426	27.432	14.839
swarm_10_193.pdb	0	21.820	55.065	14.752
swarm_6_149.pdb	0	23.289	52.425	14.731
swarm_32_105.pdb	0	28.770	43.430	14.657
swarm_45_168.pdb	0	23.127	41.841	14.593
swarm_17_54.pdb	0	19.602	38.299	14.498
swarm_11_9.pdb	0.0217391	8.763	27.602	14.474
swarm_32_39.pdb	0	30.230	43.946	14.459
swarm_75_71.pdb	0	23.092	43.836	14.452
swarm_37_12.pdb	0	22.546	56.107	14.434
swarm_41_163.pdb	0	23.512	45.023	14.421
swarm_56_162.pdb	0	27.740	52.421	14.395
swarm_17_99.pdb	0	24.733	46.890	14.391
swarm_33_143.pdb	0	21.270	34.189	14.339
swarm_4_22.pdb	0	23.918	42.758	14.312
swarm_3_145.pdb	0	22.917	44.564	14.259
swarm_33_158.pdb	0	25.822	49.566	14.251
swarm_45_184.pdb	0	27.023	44.335	14.236
swarm_52_63.pdb	0	29.660	52.967	14.179
swarm_4_93.pdb	0	24.399	43.239	14.085
swarm_73_32.pdb	0	32.060	53.994	14.082
swarm_29_126.pdb	0	25.006	46.584	14.022
swarm_33_20.pdb	0	24.954	46.209	14.009
swarm_11_26.pdb	0	22.645	40.684	13.916
swarm_41_41.pdb	0	28.162	49.574	13.909
swarm_29_94.pdb	0	20.177	42.263	13.855
swarm_46_30.pdb	0	25.662	42.553	13.811
swarm_29_123.pdb	0	24.589	43.344	13.806
swarm_37_7.pdb	0	24.758	48.685	13.674
swarm_45_173.pdb	0	25.017	46.315	13.640
swarm_10_38.pdb	0	26.134	51.248	13.591
swarm_20_16.pdb	0	29.584	51.651	13.566
swarm_32_95.pdb	0	12.794	31.508	13.561
swarm_30_100.pdb	0	12.697	37.632	13.544
swarm_76_170.pdb	0.00724638	10.415	39.891	13.462
swarm_30_173.pdb	0	28.590	49.497	13.438
swarm_54_82.pdb	0	29.265	51.915	13.417
swarm_40_70.pdb	0	30.924	58.366	13.413
swarm_40_31.pdb	0	28.414	59.833	13.404
swarm_27_134.pdb	0	22.008	51.607	13.373
swarm_54_32.pdb	0	23.770	45.201	13.366
swarm_41_185.pdb	0	23.166	44.167	13.303
swarm_20_191.pdb	0	27.234	52.131	13.242
swarm_37_108.pdb	0	30.358	60.624	13.208
swarm_4_196.pdb	0	26.127	45.944	13.170
swarm_41_31.pdb	0	21.701	44.459	13.161
swarm_20_183.pdb	0	28.010	51.874	13.129
swarm_2_62.pdb	0	22.004	44.164	13.091
swarm_80_141.pdb	0	27.654	54.068	12.951
swarm_30_11.pdb	0	22.499	48.645	12.913
swarm_25_199.pdb	0	29.145	55.978	12.805
swarm_26_59.pdb	0	18.676	52.900	12.782
swarm_71_118.pdb	0.0144928	18.017	60.982	12.779
swarm_54_144.pdb	0	26.876	47.232	12.770
swarm_16_150.pdb	0	34.818	67.791	12.710
swarm_55_140.pdb	0	28.770	51.578	12.705
swarm_38_37.pdb	0	34.115	64.351	12.697
swarm_56_14.pdb	0	23.381	55.496	12.605
swarm_45_58.pdb	0	22.920	37.633	12.586
swarm_46_196.pdb	0	22.991	49.569	12.570
swarm_32_35.pdb	0	26.744	44.753	12.515
swarm_34_61.pdb	0	17.290	44.659	12.477
swarm_56_62.pdb	0	25.243	47.919	12.451
swarm_89_99.pdb	0	28.194	69.559	12.438
swarm_68_24.pdb	0	23.411	42.991	12.436
swarm_10_191.pdb	0	31.700	51.731	12.431
swarm_39_85.pdb	0	27.002	49.370	12.408
swarm_54_51.pdb	0	19.198	33.488	12.403
swarm_20_15.pdb	0	29.783	41.437	12.334
swarm_54_130.pdb	0	17.111	43.631	12.330
swarm_63_110.pdb	0	24.257	48.606	12.312
swarm_4_104.pdb	0	25.000	41.012	12.307
swarm_2_162.pdb	0	25.685	43.221	12.281
swarm_29_13.pdb	0	23.063	36.252	12.263
swarm_33_92.pdb	0	20.372	36.493	12.251
swarm_48_162.pdb	0	30.042	67.066	12.188
swarm_44_126.pdb	0	27.156	55.890	12.174
swarm_29_149.pdb	0	24.760	40.171	12.125
swarm_27_22.pdb	0	23.457	41.139	12.108
swarm_37_181.pdb	0	22.013	59.710	12.096
swarm_6_180.pdb	0	25.272	56.253	12.047
swarm_27_54.pdb	0	25.666	46.894	12.017
swarm_40_154.pdb	0	21.243	38.646	11.984
swarm_40_146.pdb	0	25.039	43.839	11.975
swarm_38_10.pdb	0	31.907	63.600	11.933
swarm_37_6.pdb	0	26.554	56.994	11.843
swarm_41_32.pdb	0	15.130	29.863	11.814
swarm_2_45.pdb	0	26.717	48.697	11.751
swarm_4_140.pdb	0	27.603	46.243	11.720
swarm_4_109.pdb	0	27.725	45.361	11.720
swarm_50_182.pdb	0	25.349	47.432	11.677
swarm_20_62.pdb	0	25.238	40.122	11.657
swarm_4_127.pdb	0	21.666	38.585	11.597
swarm_39_28.pdb	0.0507246	13.042	33.486	11.502
swarm_41_188.pdb	0	23.863	44.823	11.497
swarm_37_191.pdb	0	26.382	53.989	11.497
swarm_56_142.pdb	0	22.068	51.485	11.427
swarm_17_62.pdb	0	25.999	46.752	11.392
swarm_63_93.pdb	0	27.497	56.857	11.335
swarm_6_78.pdb	0	26.179	55.298	11.272
swarm_13_93.pdb	0	30.061	55.981	11.250
swarm_40_138.pdb	0	22.749	61.533	11.230
swarm_52_123.pdb	0	30.430	46.958	11.141
swarm_59_32.pdb	0	19.076	41.643	11.133
swarm_30_184.pdb	0	25.879	48.506	11.062
swarm_45_162.pdb	0	25.181	37.793	11.033
swarm_20_6.pdb	0	13.838	28.050	11.012
swarm_17_160.pdb	0	22.404	41.569	10.969
swarm_54_5.pdb	0	19.603	46.144	10.823
swarm_26_18.pdb	0	26.244	57.799	10.798
swarm_2_183.pdb	0	24.972	43.239	10.777
swarm_50_55.pdb	0	17.574	29.576	10.768
swarm_82_192.pdb	0	23.502	59.259	10.749
swarm_93_82.pdb	0	25.955	54.604	10.648
swarm_10_179.pdb	0	25.034	42.197	10.613
swarm_97_108.pdb	0	26.286	55.063	10.491
swarm_2_178.pdb	0	23.003	36.538	10.412
swarm_33_131.pdb	0	24.212	48.318	10.405
swarm_50_13.pdb	0	31.802	47.484	10.382
swarm_55_63.pdb	0	25.743	47.372	10.369
swarm_40_49.pdb	0	18.547	55.004	10.367
swarm_54_158.pdb	0	28.016	51.984	10.339
swarm_27_155.pdb	0	26.688	53.075	10.337
swarm_92_12.pdb	0	23.970	64.642	10.149
swarm_75_106.pdb	0	26.550	48.564	10.122
swarm_4_118.pdb	0	20.135	37.308	10.045
swarm_32_179.pdb	0	29.262	45.498	10.011
swarm_55_64.pdb	0	25.236	47.322	9.993
swarm_52_104.pdb	0	23.357	51.542	9.948
swarm_44_133.pdb	0	27.245	62.479	9.930
swarm_16_92.pdb	0	24.400	65.893	9.906
swarm_3_176.pdb	0	23.594	46.227	9.866
swarm_43_36.pdb	0	21.483	48.285	9.797
swarm_4_74.pdb	0	22.706	39.172	9.753
swarm_2_87.pdb	0	7.644	22.966	9.751
swarm_32_47.pdb	0	11.848	24.236	9.660
swarm_15_12.pdb	0	25.965	50.606	9.555
swarm_10_158.pdb	0	11.543	42.906	9.524
swarm_4_14.pdb	0.0217391	8.829	25.542	9.497
swarm_15_18.pdb	0	23.249	57.126	9.493
swarm_83_153.pdb	0	26.243	54.861	9.455
swarm_30_95.pdb	0	23.204	49.302	9.401
swarm_85_152.pdb	0	27.027	59.023	9.349
swarm_15_11.pdb	0	25.869	52.984	9.335
swarm_37_100.pdb	0	31.805	56.267	9.288
swarm_50_101.pdb	0	25.113	50.423	9.239
swarm_41_9.pdb	0	27.104	43.439	9.234
swarm_28_147.pdb	0	34.436	64.118	9.152
swarm_28_105.pdb	0	32.894	64.731	9.027
swarm_93_56.pdb	0	24.739	52.002	8.960
swarm_17_164.pdb	0	26.444	52.051	8.869
swarm_37_89.pdb	0	26.620	53.370	8.860
swarm_15_127.pdb	0	32.708	47.110	8.770
swarm_36_55.pdb	0	32.356	61.792	8.750
swarm_40_29.pdb	0	24.526	44.092	8.734
swarm_17_11.pdb	0	26.667	47.660	8.712
swarm_12_190.pdb	0	35.358	68.854	8.681
swarm_50_188.pdb	0	26.439	48.636	8.551
swarm_44_5.pdb	0	29.590	58.937	8.480
swarm_2_195.pdb	0	18.105	31.380	8.480
swarm_56_105.pdb	0	22.670	44.793	8.431
swarm_10_181.pdb	0	27.502	48.931	8.430
swarm_43_131.pdb	0	24.453	46.607	8.350
swarm_63_39.pdb	0	27.384	59.570	8.344
swarm_50_151.pdb	0	18.108	39.702	8.302
swarm_20_66.pdb	0	21.812	48.228	8.285
swarm_33_63.pdb	0	28.748	52.986	8.251
swarm_34_120.pdb	0	24.819	45.785	8.222
swarm_34_158.pdb	0.00724638	16.114	36.163	8.103
swarm_2_60.pdb	0	20.423	42.415	8.078
swarm_32_140.pdb	0	26.183	48.753	8.033
swarm_88_43.pdb	0	24.393	52.752	7.923
swarm_47_30.pdb	0	24.737	52.062	7.834
swarm_46_145.pdb	0	20.183	45.880	7.800
swarm_20_95.pdb	0	20.585	38.092	7.750
swarm_81_55.pdb	0	25.481	54.519	7.685
swarm_43_199.pdb	0	24.388	46.663	7.602
swarm_20_181.pdb	0	29.755	44.899	7.600
swarm_55_182.pdb	0.0217391	14.771	50.271	7.574
swarm_43_55.pdb	0	18.072	49.124	7.486
swarm_28_57.pdb	0	28.480	53.657	7.470
swarm_59_99.pdb	0	33.223	60.931	7.428
swarm_51_116.pdb	0	21.179	51.895	7.391
swarm_16_119.pdb	0	36.379	67.672	7.375
swarm_28_13.pdb	0	24.516	59.318	7.349
swarm_59_61.pdb	0	23.453	47.353	7.346
swarm_6_52.pdb	0	23.619	52.280	7.254
swarm_53_149.pdb	0	22.028	65.257	7.249
swarm_33_173.pdb	0	23.885	48.689	7.067
swarm_33_140.pdb	0	9.817	22.846	7.048
swarm_1_8.pdb	0	37.478	72.503	7.046
swarm_62_69.pdb	0	26.169	49.951	6.880
swarm_51_87.pdb	0	27.732	54.751	6.778
swarm_62_143.pdb	0	17.200	50.158	6.746
swarm_1_47.pdb	0	35.208	72.169	6.594
swarm_48_10.pdb	0	31.986	63.911	6.468
swarm_15_130.pdb	0	27.760	48.795	6.462
swarm_15_165.pdb	0	21.175	42.110	6.358
swarm_17_144.pdb	0	25.768	43.755	6.325
swarm_3_67.pdb	0	20.999	31.490	6.311
swarm_38_23.pdb	0	20.150	52.097	6.213
swarm_43_100.pdb	0	24.526	46.825	6.127
swarm_13_142.pdb	0	15.880	49.610	5.924
swarm_79_115.pdb	0	23.608	42.203	5.921
swarm_30_169.pdb	0	28.673	48.844	5.914
swarm_39_122.pdb	0	19.003	45.565	5.857
swarm_79_132.pdb	0	26.145	51.574	5.849
swarm_40_108.pdb	0	22.913	55.000	5.842
swarm_43_134.pdb	0	21.466	50.976	5.765
swarm_52_60.pdb	0	23.793	51.661	5.555
swarm_80_55.pdb	0	25.397	56.172	5.456
swarm_55_118.pdb	0	22.201	36.015	5.438
swarm_16_73.pdb	0	29.345	64.155	5.424
swarm_75_21.pdb	0	30.436	46.266	5.322
swarm_68_163.pdb	0	25.290	46.303	5.311
swarm_58_143.pdb	0	26.447	75.322	5.302
swarm_13_10.pdb	0	28.408	51.847	5.197
swarm_97_25.pdb	0	23.793	54.818	5.166
swarm_71_86.pdb	0	26.551	60.449	5.136
swarm_24_5.pdb	0	27.098	73.434	5.070
swarm_68_141.pdb	0	27.187	46.670	5.063
swarm_61_126.pdb	0	27.542	57.371	5.038
swarm_30_107.pdb	0	22.882	52.116	5.008
swarm_45_194.pdb	0	22.301	44.066	4.862
swarm_63_69.pdb	0	27.439	52.929	4.850
swarm_25_43.pdb	0	26.768	56.255	4.678
swarm_55_33.pdb	0	29.916	45.160	4.652
swarm_43_44.pdb	0	23.241	41.332	4.568
swarm_56_32.pdb	0	24.121	49.049	4.342
swarm_59_110.pdb	0	19.997	50.952	4.290
swarm_50_38.pdb	0	19.839	45.767	4.164
swarm_70_27.pdb	0	24.118	62.384	4.077
swarm_22_40.pdb	0	19.500	51.461	4.049
swarm_89_196.pdb	0	31.160	71.260	3.791
swarm_63_178.pdb	0	28.459	53.842	3.769
swarm_55_20.pdb	0	22.939	46.954	3.760
swarm_25_113.pdb	0	30.379	56.272	3.639
swarm_23_41.pdb	0	36.693	77.084	3.625
swarm_31_98.pdb	0	23.647	50.319	3.610
swarm_46_13.pdb	0	23.752	49.489	3.556
swarm_7_11.pdb	0	23.331	76.330	3.519
swarm_51_112.pdb	0	23.021	38.714	3.506
swarm_50_22.pdb	0	16.541	29.604	3.491
swarm_8_55.pdb	0	21.679	69.583	3.478
swarm_41_119.pdb	0	26.954	41.230	3.462
swarm_50_16.pdb	0	19.980	36.400	3.436
swarm_1_39.pdb	0	37.195	74.677	3.335
swarm_13_136.pdb	0	24.955	52.632	3.260
swarm_58_192.pdb	0	35.602	70.026	3.137
swarm_40_123.pdb	0	27.341	51.904	3.106
swarm_11_60.pdb	0	24.039	45.507	3.037
swarm_8_53.pdb	0	26.921	66.180	2.873
swarm_63_68.pdb	0	20.617	55.678	2.830
swarm_56_100.pdb	0	30.339	49.786	2.617
swarm_79_156.pdb	0	25.294	49.548	2.607
swarm_72_143.pdb	0	23.083	66.898	2.487
swarm_79_135.pdb	0	21.325	48.300	2.418
swarm_26_58.pdb	0	28.493	54.847	2.402
swarm_15_79.pdb	0	25.356	48.828	2.209
swarm_25_172.pdb	0	30.645	56.910	2.191
swarm_70_179.pdb	0	23.387	56.050	2.184
swarm_97_75.pdb	0	27.166	59.376	2.056
swarm_80_44.pdb	0	25.772	50.587	2.030
swarm_18_82.pdb	0	36.388	70.672	1.983
swarm_13_38.pdb	0	17.672	42.218	1.943
swarm_68_143.pdb	0	25.162	50.303	1.892
swarm_39_119.pdb	0	25.826	48.861	1.839
swarm_59_7.pdb	0	26.762	53.985	1.833
swarm_18_12.pdb	0	34.376	74.295	1.793
swarm_39_72.pdb	0	23.856	46.319	1.768
swarm_17_128.pdb	0	21.726	39.142	1.752
swarm_18_169.pdb	0	26.315	74.941	1.724
swarm_30_136.pdb	0	25.896	49.767	1.682
swarm_43_169.pdb	0	9.867	30.533	1.663
swarm_26_74.pdb	0	21.460	59.315	1.647
swarm_29_58.pdb	0	22.626	32.242	1.626
swarm_63_137.pdb	0	20.947	59.986	1.607
swarm_81_21.pdb	0	23.731	47.889	1.601
swarm_46_17.pdb	0	21.315	36.419	1.570
swarm_19_48.pdb	0	24.977	65.470	1.522
swarm_12_100.pdb	0	19.708	70.300	1.520
swarm_13_16.pdb	0	18.100	41.040	1.514
swarm_47_179.pdb	0	23.627	56.377	1.503
swarm_17_173.pdb	0	24.453	41.410	1.408
swarm_87_90.pdb	0	24.338	58.450	1.358
swarm_63_8.pdb	0	27.194	45.452	1.355
swarm_68_109.pdb	0	20.596	52.637	1.343
swarm_16_137.pdb	0	23.090	68.802	1.337
swarm_30_138.pdb	0	19.527	40.834	1.328
swarm_73_138.pdb	0	24.366	47.638	1.230
swarm_15_37.pdb	0	25.377	49.461	1.092
swarm_4_141.pdb	0	25.555	48.289	0.890
swarm_5_179.pdb	0	32.451	69.448	0.818
swarm_7_185.pdb	0	35.931	78.399	0.752
swarm_79_10.pdb	0	26.406	48.439	0.492
swarm_98_102.pdb	0	28.931	56.172	0.459
swarm_64_68.pdb	0	28.503	55.258	0.440
swarm_95_31.pdb	0	29.146	55.645	0.432
swarm_85_150.pdb	0	19.606	54.897	0.183
swarm_22_109.pdb	0	22.424	44.077	0.145
swarm_14_44.pdb	0	26.881	63.471	0.049
swarm_92_92.pdb	0	26.673	58.850	-0.055
swarm_7_148.pdb	0	34.261	67.999	-0.175
swarm_57_89.pdb	0	25.326	62.113	-0.218
swarm_75_59.pdb	0	29.009	44.453	-0.275
swarm_66_1.pdb	0	22.413	67.197	-0.339
swarm_75_172.pdb	0	23.610	44.217	-0.352
swarm_39_121.pdb	0	20.135	48.997	-0.397
swarm_69_50.pdb	0	23.927	64.579	-0.421
swarm_61_76.pdb	0	27.571	51.499	-0.476
swarm_26_193.pdb	0	25.756	61.177	-0.477
swarm_53_143.pdb	0	24.379	52.795	-0.513
swarm_73_83.pdb	0	25.983	47.841	-0.592
swarm_51_2.pdb	0	24.723	53.752	-0.628
swarm_75_7.pdb	0	30.983	46.861	-0.664
swarm_80_76.pdb	0	30.002	47.684	-0.674
swarm_85_127.pdb	0.00724638	12.149	49.755	-0.703
swarm_13_45.pdb	0	23.825	47.952	-0.724
swarm_46_71.pdb	0	24.386	48.584	-0.750
swarm_87_61.pdb	0	27.334	59.102	-0.754
swarm_81_112.pdb	0	26.364	51.181	-0.797
swarm_75_134.pdb	0.0217391	11.477	43.099	-0.889
swarm_36_160.pdb	0	33.640	66.619	-0.909
swarm_36_163.pdb	0	25.876	61.727	-0.925
swarm_25_105.pdb	0	26.162	58.887	-0.963
swarm_36_57.pdb	0	29.142	62.342	-0.985
swarm_70_135.pdb	0	28.087	54.818	-1.044
swarm_31_161.pdb	0	25.308	51.965	-1.117
swarm_29_77.pdb	0	26.289	40.796	-1.191
swarm_81_83.pdb	0	25.069	53.659	-1.221
swarm_52_19.pdb	0.0144928	11.841	50.894	-1.236
swarm_12_110.pdb	0	30.282	76.872	-1.243
swarm_6_113.pdb	0	25.356	57.367	-1.261
swarm_81_145.pdb	0	23.701	52.168	-1.276
swarm_15_158.pdb	0	20.036	47.781	-1.287
swarm_0_71.pdb	0	36.889	77.312	-1.361
swarm_9_141.pdb	0	36.522	78.297	-1.431
swarm_77_177.pdb	0	23.938	62.274	-1.497
swarm_4_139.pdb	0	28.748	45.726	-1.514
swarm_29_91.pdb	0	19.798	38.843	-1.529
swarm_82_95.pdb	0	29.221	63.670	-1.629
swarm_38_66.pdb	0	35.489	66.614	-1.687
swarm_32_131.pdb	0	24.529	46.488	-1.711
swarm_65_198.pdb	0	22.799	74.381	-1.796
swarm_5_62.pdb	0	30.066	73.249	-1.883
swarm_85_17.pdb	0	25.417	59.994	-1.886
swarm_73_59.pdb	0	23.601	46.119	-1.939
swarm_76_174.pdb	0	23.470	55.442	-1.943
swarm_76_19.pdb	0	27.276	58.344	-1.989
swarm_18_27.pdb	0	36.445	78.254	-2.026
swarm_23_3.pdb	0	37.419	76.655	-2.153
swarm_62_47.pdb	0	26.324	49.101	-2.222
swarm_82_12.pdb	0	10.810	44.651	-2.229
swarm_8_73.pdb	0	30.404	65.897	-2.337
swarm_21_194.pdb	0	32.310	54.277	-2.367
swarm_39_171.pdb	0	16.856	41.322	-2.588
swarm_64_70.pdb	0	25.426	55.946	-2.602
swarm_75_23.pdb	0	28.632	54.127	-2.653
swarm_56_55.pdb	0	25.421	51.138	-2.666
swarm_63_14.pdb	0	25.792	59.665	-2.673
swarm_37_118.pdb	0	22.706	63.984	-2.684
swarm_61_125.pdb	0	28.275	43.848	-2.692
swarm_67_78.pdb	0	27.230	74.743	-2.714
swarm_68_40.pdb	0.0217391	12.854	32.681	-2.724
swarm_21_29.pdb	0	27.641	61.214	-2.742
swarm_52_75.pdb	0	17.121	57.951	-2.779
swarm_13_43.pdb	0	24.399	52.986	-2.831
swarm_63_129.pdb	0	24.460	56.248	-2.837
swarm_3_69.pdb	0	24.091	49.906	-2.846
swarm_22_128.pdb	0	28.159	46.808	-2.914
swarm_84_137.pdb	0	28.684	72.761	-2.947
swarm_12_22.pdb	0	37.175	74.459	-3.005
swarm_36_176.pdb	0	25.227	62.459	-3.035
swarm_62_159.pdb	0	30.605	53.188	-3.102
swarm_35_91.pdb	0	23.083	49.569	-3.123
swarm_66_198.pdb	0	24.757	61.809	-3.155
swarm_31_21.pdb	0	25.511	58.828	-3.390
swarm_62_77.pdb	0	26.878	54.129	-3.401
swarm_67_42.pdb	0	21.120	76.695	-3.453
swarm_87_146.pdb	0	30.183	65.815	-3.534
swarm_93_95.pdb	0.0289855	16.828	53.861	-3.536
swarm_82_101.pdb	0	22.609	49.454	-3.565
swarm_50_138.pdb	0	26.684	41.889	-3.588
swarm_15_174.pdb	0	13.083	45.105	-3.611
swarm_12_131.pdb	0	34.660	75.204	-3.627
swarm_1_106.pdb	0	29.592	67.782	-3.697
swarm_0_116.pdb	0	38.896	77.483	-3.771
swarm_1_160.pdb	0	24.685	75.722	-3.818
swarm_19_141.pdb	0	28.397	58.758	-3.896
swarm_19_38.pdb	0	29.504	55.981	-3.974
swarm_69_25.pdb	0	25.526	55.632	-3.988
swarm_88_99.pdb	0	24.027	55.137	-4.036
swarm_14_53.pdb	0	32.856	57.949	-4.069
swarm_59_78.pdb	0	27.813	57.774	-4.142
swarm_7_102.pdb	0	34.677	63.783	-4.219
swarm_70_199.pdb	0	24.126	63.535	-4.292
swarm_21_43.pdb	0	31.024	61.336	-4.366
swarm_58_154.pdb	0	28.732	77.335	-4.513
swarm_16_88.pdb	0	25.868	65.756	-4.515
swarm_12_13.pdb	0	24.546	71.054	-4.569
swarm_73_37.pdb	0	26.936	50.626	-4.625
swarm_71_189.pdb	0	31.701	56.482	-4.723
swarm_18_97.pdb	0	30.621	77.139	-4.724
swarm_79_12.pdb	0	30.205	54.916	-4.735
swarm_71_140.pdb	0	25.462	63.895	-4.777
swarm_49_109.pdb	0	31.637	79.702	-4.835
swarm_26_97.pdb	0	26.740	63.792	-4.858
swarm_26_45.pdb	0	22.901	62.193	-4.894
swarm_7_176.pdb	0	34.646	77.595	-4.920
swarm_18_105.pdb	0	34.708	69.554	-5.037
swarm_63_15.pdb	0	18.983	54.973	-5.063
swarm_68_97.pdb	0	21.151	49.526	-5.110
swarm_61_191.pdb	0	25.367	54.228	-5.153
swarm_88_10.pdb	0	30.441	54.840	-5.251
swarm_55_57.pdb	0	23.402	52.710	-5.518
swarm_36_129.pdb	0	24.764	62.803	-5.592
swarm_47_157.pdb	0	21.897	44.997	-5.611
swarm_14_102.pdb	0	22.507	60.067	-5.685
swarm_49_116.pdb	0	31.168	78.646	-5.699
swarm_82_21.pdb	0	26.508	58.478	-5.710
swarm_35_60.pdb	0.0362319	12.319	45.252	-5.790
swarm_38_123.pdb	0	29.785	69.784	-5.850
swarm_6_34.pdb	0	25.141	41.551	-6.060
swarm_22_73.pdb	0	15.536	52.122	-6.143
swarm_28_76.pdb	0	28.187	66.085	-6.179
swarm_47_113.pdb	0	25.196	60.181	-6.184
swarm_47_100.pdb	0	25.873	49.756	-6.293
swarm_89_150.pdb	0	31.628	68.871	-6.321
swarm_14_2.pdb	0	31.355	66.658	-6.355
swarm_22_106.pdb	0	30.675	58.616	-6.368
swarm_40_35.pdb	0	22.646	51.245	-6.418
swarm_54_186.pdb	0	22.932	48.348	-6.444
swarm_7_28.pdb	0	30.679	76.525	-6.465
swarm_24_66.pdb	0	25.943	63.433	-6.486
swarm_59_170.pdb	0	30.006	61.885	-6.501
swarm_72_2.pdb	0	21.044	64.660	-6.502
swarm_57_145.pdb	0	17.247	49.588	-6.524
swarm_66_128.pdb	0	28.238	64.993	-6.541
swarm_54_83.pdb	0	25.700	49.351	-6.573
swarm_38_41.pdb	0	34.374	67.586	-6.580
swarm_38_197.pdb	0	24.736	62.128	-6.644
swarm_5_29.pdb	0.00724638	17.206	66.230	-6.682
swarm_1_27.pdb	0	27.816	68.573	-6.694
swarm_80_41.pdb	0	26.950	47.354	-6.734
swarm_5_74.pdb	0	29.831	76.868	-6.836
swarm_13_58.pdb	0	24.449	51.781	-6.898
swarm_69_23.pdb	0	29.360	64.450	-6.934
swarm_66_138.pdb	0	26.012	58.246	-6.945
swarm_63_67.pdb	0.0144928	17.243	55.134	-7.037
swarm_67_75.pdb	0	35.101	73.253	-7.069
swarm_8_171.pdb	0	24.089	63.181	-7.138
swarm_23_179.pdb	0	38.583	83.994	-7.173
swarm_23_123.pdb	0	38.548	86.048	-7.202
swarm_56_125.pdb	0	25.473	52.547	-7.373
swarm_28_90.pdb	0	29.331	69.061	-7.375
swarm_30_14.pdb	0	25.161	48.336	-7.439
swarm_73_165.pdb	0	23.840	46.402	-7.644
swarm_48_107.pdb	0	30.484	71.101	-7.683
swarm_9_198.pdb	0	35.794	73.856	-7.735
swarm_7_150.pdb	0	34.158	72.426	-7.809
swarm_61_81.pdb	0	30.268	59.221	-7.844
swarm_93_151.pdb	0	25.948	56.858	-7.890
swarm_43_172.pdb	0	24.343	43.742	-8.144
swarm_51_63.pdb	0	24.503	50.934	-8.191
swarm_66_76.pdb	0	20.952	51.322	-8.211
swarm_74_81.pdb	0	25.979	62.985	-8.272
swarm_65_171.pdb	0	26.449	69.034	-8.319
swarm_54_109.pdb	0	28.726	53.444	-8.321
swarm_0_76.pdb	0	34.531	80.919	-8.376
swarm_0_78.pdb	0	28.278	84.574	-8.405
swarm_8_63.pdb	0	23.332	69.261	-8.518
swarm_18_139.pdb	0	21.153	69.293	-8.526
swarm_8_120.pdb	0	32.025	59.890	-8.605
swarm_18_19.pdb	0	29.017	67.192	-8.622
swarm_9_138.pdb	0	35.238	81.775	-8.629
swarm_48_128.pdb	0	28.299	71.806	-8.631
swarm_57_55.pdb	0	23.106	45.989	-8.664
swarm_43_62.pdb	0	18.428	53.374	-8.666
swarm_36_123.pdb	0	34.101	72.537	-8.712
swarm_58_138.pdb	0	17.491	65.054	-8.849
swarm_19_112.pdb	0.00724638	18.521	59.937	-8.888
swarm_58_40.pdb	0	21.912	58.075	-8.945
swarm_5_15.pdb	0	31.827	66.453	-8.950
swarm_74_169.pdb	0	24.839	65.091	-9.044
swarm_9_110.pdb	0	34.758	74.390	-9.108
swarm_35_129.pdb	0	18.072	54.606	-9.124
swarm_9_73.pdb	0	29.126	74.874	-9.226
swarm_58_194.pdb	0	28.630	72.115	-9.244
swarm_13_23.pdb	0	17.485	47.419	-9.301
swarm_92_139.pdb	0	24.059	62.408	-9.310
swarm_0_58.pdb	0	36.387	72.900	-9.343
swarm_62_1.pdb	0	21.645	51.580	-9.379
swarm_92_44.pdb	0.0217391	17.171	65.778	-9.402
swarm_47_170.pdb	0	17.774	52.503	-9.423
swarm_19_21.pdb	0	29.346	52.722	-9.438
swarm_78_107.pdb	0	24.296	80.377	-9.472
swarm_69_173.pdb	0	25.934	62.835	-9.573
swarm_24_182.pdb	0	28.844	67.023	-9.584
swarm_81_12.pdb	0	25.413	51.781	-9.721
swarm_9_100.pdb	0	36.472	70.387	-9.744
swarm_82_35.pdb	0	21.562	48.457	-9.772
swarm_56_169.pdb	0	28.007	55.375	-9.778
swarm_66_130.pdb	0	29.756	56.882	-9.786
swarm_5_115.pdb	0	33.678	70.016	-9.825
swarm_89_83.pdb	0	30.554	73.106	-9.888
swarm_70_120.pdb	0	22.983	65.502	-9.960
swarm_86_165.pdb	0	21.416	67.582	-10.133
swarm_82_72.pdb	0	24.765	59.290	-10.231
swarm_13_120.pdb	0	19.584	54.595	-10.259
swarm_12_64.pdb	0	33.544	67.685	-10.397
swarm_36_191.pdb	0	30.980	61.956	-10.408
swarm_53_103.pdb	0	25.642	54.590	-10.525
swarm_31_142.pdb	0	20.635	55.387	-10.532
swarm_94_177.pdb	0	22.782	68.170	-10.587
swarm_19_146.pdb	0	22.327	54.898	-10.594
swarm_35_101.pdb	0	30.591	59.835	-10.653
swarm_89_143.pdb	0	29.653	60.807	-10.688
swarm_89_35.pdb	0	33.526	61.374	-10.701
swarm_12_170.pdb	0	35.477	71.466	-10.704
swarm_32_83.pdb	0	24.079	45.753	-10.730
swarm_72_154.pdb	0	24.196	60.239	-10.798
swarm_12_142.pdb	0	16.325	62.225	-10.809
swarm_48_100.pdb	0	25.089	61.144	-10.820
swarm_79_24.pdb	0	11.167	45.004	-10.846
swarm_35_19.pdb	0	20.471	56.899	-10.858
swarm_13_192.pdb	0	24.092	50.062	-10.913
swarm_48_114.pdb	0	29.562	60.602	-10.940
swarm_12_95.pdb	0	30.622	76.739	-10.978
swarm_10_168.pdb	0	25.455	46.147	-10.994
swarm_23_77.pdb	0	29.555	81.368	-11.113
swarm_19_29.pdb	0	24.094	65.476	-11.147
swarm_12_108.pdb	0	33.824	69.177	-11.210
swarm_36_80.pdb	0	23.081	62.946	-11.228
swarm_21_165.pdb	0	24.587	65.256	-11.392
swarm_71_122.pdb	0	24.509	66.982	-11.404
swarm_79_126.pdb	0	29.164	55.025	-11.468
swarm_68_48.pdb	0	25.396	47.782	-11.483
swarm_16_110.pdb	0.0507246	22.052	68.563	-11.573
swarm_95_108.pdb	0	26.989	53.245	-11.599
swarm_9_96.pdb	0	34.630	86.201	-11.607
swarm_89_100.pdb	0	26.946	68.385	-11.623
swarm_49_42.pdb	0	31.569	74.699	-11.664
swarm_96_91.pdb	0	26.137	62.226	-11.732
swarm_0_175.pdb	0	24.913	79.262	-11.859
swarm_1_134.pdb	0	37.174	78.896	-11.874
swarm_85_134.pdb	0	23.012	57.606	-11.884
swarm_89_21.pdb	0	33.646	62.532	-11.903
swarm_76_96.pdb	0	31.577	53.758	-11.962
swarm_89_10.pdb	0	29.549	57.789	-11.973
swarm_21_17.pdb	0	25.027	59.810	-11.993
swarm_68_29.pdb	0	24.439	49.058	-11.998
swarm_24_65.pdb	0	23.061	74.910	-12.150
swarm_94_101.pdb	0	25.178	69.510	-12.300
swarm_81_44.pdb	0	19.972	41.902	-12.324
swarm_28_123.pdb	0	28.607	55.202	-12.420
swarm_83_191.pdb	0	16.319	38.307	-12.427
swarm_59_190.pdb	0	29.107	55.177	-12.519
swarm_0_165.pdb	0	35.420	75.297	-12.590
swarm_18_158.pdb	0	31.562	71.420	-12.624
swarm_49_71.pdb	0	25.397	71.049	-12.635
swarm_83_145.pdb	0	23.585	45.629	-12.658
swarm_63_139.pdb	0	26.382	51.440	-12.695
swarm_56_72.pdb	0	26.300	50.762	-12.742
swarm_26_40.pdb	0	16.502	56.795	-12.756
swarm_0_82.pdb	0	21.980	71.841	-12.774
swarm_29_173.pdb	0.0434783	17.727	42.167	-12.785
swarm_1_45.pdb	0	34.251	66.808	-12.846
swarm_70_182.pdb	0	25.930	56.651	-12.932
swarm_23_44.pdb	0	30.054	75.686	-13.197
swarm_87_60.pdb	0	22.455	61.502	-13.287
swarm_18_36.pdb	0	26.581	78.751	-13.303
swarm_48_56.pdb	0	34.990	69.042	-13.316
swarm_77_162.pdb	0	25.221	64.709	-13.427
swarm_60_17.pdb	0	25.202	66.343	-13.505
swarm_31_127.pdb	0	22.476	47.828	-13.543
swarm_36_126.pdb	0	14.843	61.639	-13.653
swarm_9_131.pdb	0	38.916	81.636	-13.662
swarm_28_122.pdb	0	27.941	64.185	-13.720
swarm_29_14.pdb	0	23.604	36.161	-13.875
swarm_65_147.pdb	0	28.453	72.530	-14.006
swarm_82_139.pdb	0	22.411	63.903	-14.118
swarm_47_59.pdb	0	26.472	51.197	-14.145
swarm_14_63.pdb	0	26.196	55.592	-14.153
swarm_77_129.pdb	0	26.038	52.200	-14.191
swarm_87_170.pdb	0	25.240	63.871	-14.232
swarm_77_195.pdb	0	31.430	60.003	-14.274
swarm_69_57.pdb	0	29.017	71.967	-14.320
swarm_35_168.pdb	0	27.182	52.059	-14.452
swarm_19_187.pdb	0	28.875	62.769	-14.452
swarm_43_160.pdb	0	23.030	45.177	-14.468
swarm_51_51.pdb	0.0144928	10.825	43.474	-14.508
swarm_36_47.pdb	0	29.860	71.648	-14.568
swarm_73_47.pdb	0	27.309	51.566	-14.594
swarm_59_134.pdb	0	26.460	50.781	-14.607
swarm_14_8.pdb	0	23.447	71.018	-14.659
swarm_94_172.pdb	0	30.040	61.047	-14.793
swarm_51_179.pdb	0	24.926	47.723	-14.846
swarm_76_29.pdb	0	24.916	51.867	-14.900
swarm_43_137.pdb	0	23.406	45.895	-14.932
swarm_12_160.pdb	0	33.847	67.317	-14.961
swarm_20_199.pdb	0.00724638	7.497	23.099	-14.967
swarm_53_153.pdb	0	23.334	60.791	-14.969
swarm_71_68.pdb	0	24.650	68.900	-15.048
swarm_31_12.pdb	0	30.042	62.096	-15.078
swarm_78_94.pdb	0	40.725	85.606	-15.230
swarm_19_183.pdb	0	31.055	64.623	-15.390
swarm_19_148.pdb	0	25.786	61.591	-15.424
swarm_15_177.pdb	0	24.420	49.495	-15.432
swarm_14_33.pdb	0	30.751	55.637	-15.449
swarm_1_13.pdb	0	30.712	68.225	-15.606
swarm_38_87.pdb	0	33.590	67.895	-15.639
swarm_61_142.pdb	0	29.599	60.387	-15.695
swarm_71_49.pdb	0	25.203	61.084	-15.702
swarm_21_142.pdb	0	28.141	68.665	-15.713
swarm_91_75.pdb	0	18.922	53.654	-16.007
swarm_59_70.pdb	0	27.631	54.099	-16.011
swarm_17_132.pdb	0	26.576	37.617	-16.015
swarm_8_16.pdb	0	20.410	62.007	-16.018
swarm_53_195.pdb	0	28.244	53.068	-16.045
swarm_1_58.pdb	0	33.507	66.791	-16.084
swarm_5_145.pdb	0	29.508	64.272	-16.120
swarm_74_143.pdb	0	30.677	69.459	-16.192
swarm_67_13.pdb	0	30.963	72.838	-16.210
swarm_95_148.pdb	0	26.033	61.392	-16.231
swarm_47_108.pdb	0	15.364	54.706	-16.266
swarm_35_149.pdb	0	26.636	53.739	-16.267
swarm_76_88.pdb	0	25.784	52.809	-16.367
swarm_21_89.pdb	0	25.577	62.114	-16.515
swarm_23_23.pdb	0	33.058	76.231	-16.516
swarm_87_98.pdb	0	24.799	62.794	-16.758
swarm_35_53.pdb	0	29.513	57.555	-16.765
swarm_61_59.pdb	0	27.060	51.055	-16.806
swarm_8_46.pdb	0	23.072	62.298	-16.884
swarm_65_161.pdb	0	23.932	64.719	-16.904
swarm_81_25.pdb	0	25.895	56.156	-16.921
swarm_14_83.pdb	0	27.395	67.330	-16.924
swarm_74_14.pdb	0	21.514	69.310	-16.950
swarm_44_92.pdb	0	26.471	57.856	-17.000
swarm_37_160.pdb	0	24.834	48.602	-17.053
swarm_31_20.pdb	0	29.196	60.274	-17.081
swarm_5_186.pdb	0	26.857	65.390	-17.090
swarm_75_95.pdb	0	24.291	50.548	-17.157
swarm_58_149.pdb	0	26.122	61.932	-17.252
swarm_97_120.pdb	0	23.156	53.928	-17.260
swarm_21_80.pdb	0	28.158	68.944	-17.279
swarm_72_60.pdb	0	21.910	67.251	-17.426
swarm_57_24.pdb	0	32.302	63.601	-17.500
swarm_93_122.pdb	0	20.104	52.626	-17.531
swarm_23_62.pdb	0	32.423	80.534	-17.644
swarm_95_8.pdb	0	22.603	55.861	-17.755
swarm_7_31.pdb	0	29.198	69.895	-17.774
swarm_88_128.pdb	0	24.344	49.810	-17.831
swarm_0_189.pdb	0	29.447	84.051	-17.849
swarm_85_44.pdb	0	26.191	51.053	-17.852
swarm_1_36.pdb	0	18.252	67.748	-17.919
swarm_28_81.pdb	0	30.831	65.013	-17.954
swarm_62_182.pdb	0	23.844	58.114	-18.006
swarm_97_184.pdb	0	24.816	53.263	-18.057
swarm_74_0.pdb	0	12.900	61.208	-18.063
swarm_8_137.pdb	0	23.751	55.932	-18.097
swarm_22_157.pdb	0	23.052	38.808	-18.103
swarm_65_39.pdb	0	20.870	74.683	-18.184
swarm_9_38.pdb	0	36.373	81.752	-18.315
swarm_94_140.pdb	0	23.118	64.884	-18.553
swarm_42_81.pdb	0.0289855	18.718	56.595	-18.569
swarm_67_168.pdb	0	32.254	82.006	-18.630
swarm_9_112.pdb	0	34.275	82.642	-18.747
swarm_81_116.pdb	0	22.208	34.549	-18.781
swarm_84_132.pdb	0	27.054	71.971	-18.803
swarm_65_119.pdb	0	33.222	66.757	-18.934
swarm_65_185.pdb	0	27.437	65.356	-19.006
swarm_2_69.pdb	0	17.237	39.120	-19.017
swarm_12_90.pdb	0	20.228	76.307	-19.138
swarm_84_26.pdb	0	26.293	69.882	-19.152
swarm_51_118.pdb	0	29.018	53.470	-19.185
swarm_1_138.pdb	0	35.247	71.204	-19.406
swarm_24_162.pdb	0	23.277	53.973	-19.427
swarm_69_94.pdb	0	28.990	68.351	-19.436
swarm_64_195.pdb	0.0289855	17.151	55.865	-19.454
swarm_31_175.pdb	0	22.989	61.213	-19.543
swarm_78_98.pdb	0	32.034	74.558	-19.560
swarm_58_49.pdb	0	23.939	73.945	-19.723
swarm_49_180.pdb	0	31.865	70.524	-19.863
swarm_67_16.pdb	0	24.138	83.725	-19.946
swarm_42_99.pdb	0	27.723	64.626	-20.179
swarm_87_6.pdb	0	31.203	66.937	-20.254
swarm_49_45.pdb	0	23.425	67.366	-20.270
swarm_42_54.pdb	0	28.445	56.413	-20.312
swarm_84_191.pdb	0	23.107	65.281	-20.353
swarm_38_82.pdb	0	29.651	66.619	-20.436
swarm_18_76.pdb	0	28.100	69.014	-20.498
swarm_0_36.pdb	0	32.174	79.716	-20.529
swarm_60_102.pdb	0	32.395	65.816	-20.530
swarm_96_146.pdb	0	23.628	64.785	-20.531
swarm_96_182.pdb	0	25.578	61.519	-20.532
swarm_51_122.pdb	0	27.262	57.699	-20.575
swarm_85_198.pdb	0	24.245	46.390	-20.617
swarm_53_1.pdb	0	23.465	53.097	-20.658
swarm_71_110.pdb	0	24.826	67.585	-20.677
swarm_94_68.pdb	0	29.633	59.391	-20.699
swarm_98_33.pdb	0	26.102	53.007	-20.721
swarm_53_52.pdb	0	18.459	53.731	-20.725
swarm_78_75.pdb	0	31.576	86.335	-20.731
swarm_70_192.pdb	0	11.021	52.984	-20.760
swarm_78_62.pdb	0	37.437	82.565	-20.780
swarm_44_110.pdb	0	21.783	59.764	-20.825
swarm_52_11.pdb	0	26.367	56.259	-20.869
swarm_53_154.pdb	0	31.050	59.327	-20.939
swarm_7_47.pdb	0	19.569	71.591	-20.943
swarm_36_12.pdb	0.00724638	15.349	65.357	-21.051
swarm_86_66.pdb	0.0144928	18.596	67.341	-21.085
swarm_14_187.pdb	0	32.784	64.070	-21.250
swarm_47_82.pdb	0	26.373	52.643	-21.317
swarm_14_189.pdb	0	32.396	66.177	-21.339
swarm_0_57.pdb	0	31.643	80.522	-21.354
swarm_47_83.pdb	0	21.374	52.774	-21.370
swarm_55_131.pdb	0	27.123	48.656	-21.384
swarm_64_13.pdb	0	22.110	56.641	-21.625
swarm_42_0.pdb	0	26.575	55.159	-21.684
swarm_97_11.pdb	0	24.772	59.803	-21.714
swarm_42_96.pdb	0	24.460	55.241	-21.807
swarm_90_98.pdb	0	26.898	53.896	-21.816
swarm_58_90.pdb	0	31.094	70.263	-21.829
swarm_24_40.pdb	0	31.616	75.375	-21.860
swarm_28_9.pdb	0	31.110	57.592	-22.047
swarm_67_106.pdb	0	26.162	74.301	-22.134
swarm_22_46.pdb	0	28.429	57.376	-22.199
swarm_83_134.pdb	0	27.607	54.029	-22.216
swarm_86_122.pdb	0	24.830	62.670	-22.395
swarm_53_176.pdb	0	28.958	54.571	-22.454
swarm_61_150.pdb	0	22.090	62.897	-22.488
swarm_74_66.pdb	0	31.041	75.774	-22.529
swarm_10_68.pdb	0	21.386	54.972	-22.569
swarm_69_96.pdb	0	26.525	68.297	-22.616
swarm_91_18.pdb	0	20.960	38.949	-22.617
swarm_36_94.pdb	0	26.174	68.989	-22.628
swarm_90_145.pdb	0.0144928	18.775	67.040	-22.647
swarm_46_52.pdb	0.0144928	22.098	46.842	-22.737
swarm_67_15.pdb	0	28.541	74.605	-22.786
swarm_95_195.pdb	0	16.813	60.466	-22.864
swarm_65_128.pdb	0	29.646	67.860	-22.873
swarm_8_86.pdb	0	23.231	59.043	-22.944
swarm_18_25.pdb	0	26.675	69.631	-22.998
swarm_65_21.pdb	0	29.360	65.574	-23.045
swarm_19_16.pdb	0	22.739	59.392	-23.120
swarm_49_121.pdb	0	19.326	81.117	-23.281
swarm_98_12.pdb	0	23.282	60.541	-23.323
swarm_14_120.pdb	0	29.666	59.036	-23.330
swarm_24_68.pdb	0	16.471	64.843	-23.395
swarm_65_57.pdb	0	14.349	59.454	-23.408
swarm_67_35.pdb	0	34.681	77.520	-23.455
swarm_96_90.pdb	0	22.660	52.527	-23.495
swarm_18_95.pdb	0	33.398	67.711	-23.539
swarm_63_44.pdb	0	22.918	51.778	-23.584
swarm_84_198.pdb	0	29.888	58.627	-23.656
swarm_7_34.pdb	0	35.093	72.004	-23.725
swarm_91_88.pdb	0	25.855	56.904	-23.740
swarm_57_25.pdb	0	21.625	54.456	-23.787
swarm_55_193.pdb	0	24.662	44.951	-23.800
swarm_24_6.pdb	0	29.322	73.501	-23.836
swarm_12_124.pdb	0	31.490	68.820	-23.934
swarm_47_2.pdb	0	19.232	56.211	-23.978
swarm_98_64.pdb	0	23.351	62.150	-24.055
swarm_69_13.pdb	0	19.385	66.986	-24.159
swarm_42_94.pdb	0	27.538	61.472	-24.271
swarm_98_10.pdb	0	26.140	55.822	-24.272
swarm_16_100.pdb	0	24.177	61.714	-24.274
swarm_52_151.pdb	0	23.093	56.027	-24.354
swarm_84_154.pdb	0	28.101	72.000	-24.420
swarm_77_135.pdb	0	25.570	60.451	-24.488
swarm_81_151.pdb	0	23.590	51.863	-24.505
swarm_61_198.pdb	0	16.772	55.721	-24.602
swarm_55_178.pdb	0	25.879	48.795	-24.813
swarm_24_112.pdb	0	34.914	79.113	-24.816
swarm_53_162.pdb	0	21.797	53.549	-24.842
swarm_98_57.pdb	0	23.597	62.009	-24.989
swarm_53_110.pdb	0	27.681	66.043	-24.993
swarm_64_192.pdb	0	31.212	63.435	-25.077
swarm_84_164.pdb	0	30.172	57.184	-25.106
swarm_22_155.pdb	0	26.463	60.016	-25.144
swarm_38_143.pdb	0	27.041	67.933	-25.209
swarm_22_11.pdb	0	30.463	58.422	-25.282
swarm_77_174.pdb	0	28.353	63.587	-25.299
swarm_19_192.pdb	0	31.536	62.400	-25.336
swarm_77_43.pdb	0.00724638	13.586	57.066	-25.507
swarm_42_36.pdb	0	21.721	57.026	-25.599
swarm_95_1.pdb	0	25.408	55.597	-25.642
swarm_97_12.pdb	0	24.795	55.602	-25.771
swarm_79_47.pdb	0	22.838	50.451	-25.838
swarm_84_58.pdb	0	25.283	68.462	-25.918
swarm_21_66.pdb	0	30.186	64.476	-25.964
swarm_88_42.pdb	0.00724638	21.812	53.417	-25.985
swarm_76_97.pdb	0	23.718	42.304	-26.048
swarm_70_83.pdb	0	26.399	55.580	-26.175
swarm_42_7.pdb	0	25.517	61.274	-26.188
swarm_76_80.pdb	0	16.851	55.956	-26.244
swarm_64_82.pdb	0	23.873	53.479	-26.280
swarm_24_132.pdb	0	25.064	79.111	-26.409
swarm_31_53.pdb	0	28.634	57.963	-26.447
swarm_10_176.pdb	0	19.500	55.863	-26.457
swarm_79_50.pdb	0	23.491	49.416	-26.603
swarm_1_90.pdb	0	20.061	67.745	-26.611
swarm_22_169.pdb	0	29.833	47.913	-26.659
swarm_92_94.pdb	0	29.410	64.660	-26.732
swarm_67_62.pdb	0	27.530	82.261	-26.738
swarm_83_102.pdb	0	27.148	55.056	-26.798
swarm_83_157.pdb	0	21.951	58.172	-26.805
swarm_75_166.pdb	0	28.809	47.212	-26.836
swarm_42_169.pdb	0	28.555	62.145	-26.949
swarm_40_52.pdb	0	25.350	55.046	-26.950
swarm_95_184.pdb	0	28.247	54.734	-27.014
swarm_96_93.pdb	0	27.440	63.462	-27.081
swarm_24_172.pdb	0	20.292	75.870	-27.082
swarm_80_110.pdb	0	26.130	50.038	-27.219
swarm_23_32.pdb	0	29.735	83.544	-27.243
swarm_95_90.pdb	0	27.541	58.848	-27.246
swarm_41_62.pdb	0	17.360	37.795	-27.317
swarm_96_17.pdb	0	23.696	62.890	-27.358
swarm_65_157.pdb	0	30.507	67.646	-27.409
swarm_97_175.pdb	0	24.994	55.948	-27.457
swarm_10_94.pdb	0	23.572	53.208	-27.458
swarm_24_115.pdb	0	32.924	71.823	-27.530
swarm_33_5.pdb	0	28.662	47.020	-27.605
swarm_93_78.pdb	0	29.480	51.182	-27.664
swarm_22_92.pdb	0	23.205	55.602	-27.679
swarm_53_96.pdb	0	23.262	49.895	-27.764
swarm_18_54.pdb	0	34.894	74.140	-27.812
swarm_77_82.pdb	0	25.824	46.308	-27.815
swarm_77_16.pdb	0	26.412	63.412	-27.850
swarm_64_182.pdb	0	30.917	53.766	-27.927
swarm_96_121.pdb	0	25.991	64.042	-28.066
swarm_59_25.pdb	0	28.354	60.888	-28.109
swarm_97_78.pdb	0	23.641	58.956	-28.222
swarm_24_140.pdb	0	35.238	72.379	-28.278
swarm_49_59.pdb	0	32.158	75.022	-28.349
swarm_57_66.pdb	0	28.486	56.579	-28.385
swarm_85_117.pdb	0	25.757	64.136	-28.528
swarm_37_137.pdb	0	21.249	57.988	-28.665
swarm_48_111.pdb	0	26.018	72.296	-28.765
swarm_24_145.pdb	0	22.111	82.748	-28.767
swarm_62_184.pdb	0.00724638	19.093	53.220	-28.814
swarm_41_117.pdb	0	27.654	45.831	-28.894
swarm_60_69.pdb	0	27.583	59.958	-28.898
swarm_79_100.pdb	0	26.675	50.108	-28.978
swarm_35_45.pdb	0	20.246	61.256	-28.982
swarm_5_11.pdb	0	30.264	67.538	-29.157
swarm_86_52.pdb	0	25.545	64.459	-29.188
swarm_72_189.pdb	0	26.805	60.914	-29.323
swarm_58_66.pdb	0	29.562	67.354	-29.326
swarm_23_34.pdb	0	32.744	78.697	-29.426
swarm_24_35.pdb	0	14.955	70.018	-29.589
swarm_59_152.pdb	0	28.687	49.568	-29.669
swarm_90_35.pdb	0	11.670	51.813	-29.683
swarm_78_140.pdb	0	34.955	88.103	-29.734
swarm_78_93.pdb	0	21.900	87.353	-29.823
swarm_65_182.pdb	0	24.946	67.405	-29.907
swarm_92_184.pdb	0	30.150	59.753	-30.048
swarm_60_38.pdb	0	23.847	56.437	-30.391
swarm_5_121.pdb	0.00724638	12.410	54.083	-30.427
swarm_96_133.pdb	0	21.621	65.507	-30.455
swarm_5_119.pdb	0	22.970	62.270	-30.545
swarm_75_61.pdb	0	23.098	49.562	-30.791
swarm_36_45.pdb	0	28.652	68.055	-30.832
swarm_93_41.pdb	0	22.225	45.406	-30.888
swarm_86_164.pdb	0	28.967	62.101	-30.894
swarm_60_93.pdb	0	23.531	49.614	-30.910
swarm_36_29.pdb	0	25.800	73.266	-31.370
swarm_7_191.pdb	0	33.401	65.489	-31.464
swarm_80_147.pdb	0	26.262	49.061	-31.738
swarm_60_117.pdb	0	28.650	59.378	-31.776
swarm_70_61.pdb	0	13.553	59.251	-31.824
swarm_36_52.pdb	0	31.960	65.480	-32.113
swarm_49_167.pdb	0	34.454	77.550	-32.127
swarm_22_70.pdb	0	30.938	62.521	-32.170
swarm_22_50.pdb	0.00724638	17.208	56.796	-32.204
swarm_69_39.pdb	0	25.245	70.796	-32.394
swarm_96_4.pdb	0	26.306	60.578	-32.487
swarm_78_118.pdb	0	36.020	87.321	-32.490
swarm_19_83.pdb	0	19.728	46.700	-32.692
swarm_94_182.pdb	0	23.002	66.705	-32.904
swarm_73_160.pdb	0	26.066	52.051	-32.975
swarm_47_73.pdb	0	24.040	59.666	-33.405
swarm_21_118.pdb	0	23.440	57.819	-33.454
swarm_64_19.pdb	0	25.736	61.369	-33.560
swarm_76_179.pdb	0	28.155	58.366	-33.663
swarm_83_4.pdb	0	22.921	56.806	-33.771
swarm_42_74.pdb	0	19.655	56.246	-33.854
swarm_98_84.pdb	0	28.188	58.644	-33.855
swarm_35_102.pdb	0	28.152	61.004	-33.888
swarm_91_180.pdb	0	22.665	59.027	-33.934
swarm_78_36.pdb	0	22.660	83.611	-33.961
swarm_26_135.pdb	0	20.641	53.866	-34.011
swarm_96_155.pdb	0	25.608	64.870	-34.038
swarm_22_112.pdb	0	28.158	57.652	-34.157
swarm_92_132.pdb	0	24.151	64.792	-34.188
swarm_5_148.pdb	0	22.282	65.629	-34.205
swarm_89_162.pdb	0	20.231	65.617	-34.220
swarm_54_67.pdb	0	25.067	52.091	-34.285
swarm_72_6.pdb	0	25.841	58.084	-34.308
swarm_84_196.pdb	0	29.516	67.018	-34.349
swarm_60_31.pdb	0	29.006	59.665	-34.430
swarm_69_159.pdb	0	25.582	64.799	-34.457
swarm_91_67.pdb	0	23.928	51.500	-34.564
swarm_42_38.pdb	0	24.592	64.782	-34.810
swarm_60_199.pdb	0	26.458	56.424	-34.822
swarm_60_165.pdb	0	26.095	61.763	-34.841
swarm_87_63.pdb	0	22.083	69.780	-34.865
swarm_50_27.pdb	0	24.070	46.850	-35.222
swarm_76_136.pdb	0	27.811	60.763	-35.240
swarm_90_127.pdb	0	21.049	66.989	-35.261
swarm_69_180.pdb	0	27.242	71.329	-35.304
swarm_78_168.pdb	0	24.617	91.180	-35.386
swarm_90_126.pdb	0	21.232	61.781	-35.412
swarm_94_106.pdb	0	27.776	62.678	-35.480
swarm_84_71.pdb	0	25.786	66.028	-35.741
swarm_14_104.pdb	0	32.788	66.090	-35.919
swarm_64_108.pdb	0	22.687	60.572	-36.017
swarm_87_1.pdb	0	28.566	60.188	-36.065
swarm_28_89.pdb	0	30.488	65.049	-36.093
swarm_88_85.pdb	0	22.660	57.103	-36.137
swarm_78_60.pdb	0	25.926	78.195	-36.337
swarm_78_43.pdb	0	25.635	74.821	-36.382
swarm_64_169.pdb	0	29.539	54.338	-36.490
swarm_94_132.pdb	0	32.577	68.393	-36.870
swarm_15_72.pdb	0	25.745	51.783	-36.889
swarm_91_26.pdb	0	19.115	52.078	-36.978
swarm_57_187.pdb	0	29.617	61.825	-37.046
swarm_14_159.pdb	0	26.627	50.997	-37.124
swarm_51_146.pdb	0	23.658	53.650	-37.201
swarm_47_50.pdb	0	19.061	52.710	-37.246
swarm_97_80.pdb	0	26.228	56.078	-37.287
swarm_86_93.pdb	0	24.771	58.356	-37.417
swarm_73_99.pdb	0	19.322	36.595	-37.579
swarm_78_106.pdb	0	30.836	81.407	-37.904
swarm_14_27.pdb	0	19.911	56.465	-37.964
swarm_51_149.pdb	0	21.747	58.595	-38.120
swarm_83_142.pdb	0	29.923	54.254	-38.283
swarm_73_145.pdb	0	26.092	51.521	-38.369
swarm_13_17.pdb	0	27.584	55.323	-38.404
swarm_69_131.pdb	0	21.021	44.823	-38.508
swarm_21_153.pdb	0	28.615	66.944	-38.519
swarm_83_99.pdb	0	27.486	60.239	-38.536
swarm_78_8.pdb	0	34.286	79.197	-38.611
swarm_19_33.pdb	0	25.744	55.331	-38.671
swarm_77_165.pdb	0	24.255	62.176	-38.723
swarm_58_84.pdb	0	28.033	67.769	-38.779
swarm_64_106.pdb	0	27.253	63.278	-38.899
swarm_60_150.pdb	0	28.625	61.203	-39.140
swarm_64_39.pdb	0	32.953	63.557	-39.360
swarm_98_193.pdb	0	23.365	56.905	-39.363
swarm_42_29.pdb	0	23.132	59.636	-39.392
swarm_83_7.pdb	0	23.628	60.444	-39.407
swarm_86_61.pdb	0	23.815	60.600	-39.590
swarm_87_115.pdb	0	26.650	61.235	-39.885
swarm_87_174.pdb	0	22.923	60.127	-39.992
swarm_42_155.pdb	0	21.403	61.451	-39.995
swarm_40_10.pdb	0	26.585	58.326	-40.035
swarm_64_146.pdb	0	23.595	58.456	-40.049
swarm_5_146.pdb	0	34.429	68.229	-40.087
swarm_40_158.pdb	0	30.049	59.200	-40.097
swarm_51_177.pdb	0	31.689	56.833	-40.161
swarm_9_74.pdb	0	32.818	67.852	-40.164
swarm_31_38.pdb	0	20.903	54.162	-40.281
swarm_14_171.pdb	0	30.333	60.086	-40.304
swarm_64_25.pdb	0	26.095	57.369	-40.529
swarm_42_34.pdb	0	26.583	65.004	-40.654
swarm_90_78.pdb	0	26.934	68.745	-40.870
swarm_15_2.pdb	0	24.327	41.001	-41.385
swarm_91_115.pdb	0	23.574	55.316	-41.493
swarm_83_177.pdb	0	26.978	57.982	-41.695
swarm_48_183.pdb	0	28.558	68.939	-41.720
swarm_0_151.pdb	0	32.750	74.179	-41.753
swarm_78_70.pdb	0	35.987	81.466	-41.892
swarm_60_26.pdb	0	24.196	66.162	-42.304
swarm_62_52.pdb	0	23.318	52.055	-42.372
swarm_88_67.pdb	0	21.142	48.621	-42.392
swarm_60_59.pdb	0	22.128	60.007	-42.603
swarm_90_59.pdb	0	24.210	54.556	-42.799
swarm_54_135.pdb	0	28.233	52.810	-42.817
swarm_87_177.pdb	0	19.452	62.986	-43.286
swarm_72_88.pdb	0	20.008	52.744	-43.380
swarm_14_22.pdb	0	29.892	63.139	-43.481
swarm_86_3.pdb	0	23.995	66.728	-43.562
swarm_88_114.pdb	0	21.825	52.888	-43.692
swarm_86_81.pdb	0	18.481	64.053	-43.833
swarm_65_33.pdb	0	25.619	71.982	-43.898
swarm_95_166.pdb	0	29.835	63.796	-44.018
swarm_94_194.pdb	0	21.912	63.033	-44.146
swarm_82_142.pdb	0	28.657	64.980	-44.227
swarm_62_38.pdb	0	14.667	53.314	-44.512
swarm_48_89.pdb	0	21.678	60.020	-44.753
swarm_88_37.pdb	0	25.131	47.112	-44.998
swarm_54_53.pdb	0	20.892	56.485	-45.407
swarm_86_153.pdb	0	27.803	62.361	-45.561
swarm_92_11.pdb	0	28.677	66.482	-45.621
swarm_90_189.pdb	0	27.422	62.568	-45.834
swarm_98_164.pdb	0	26.978	52.737	-46.029
swarm_94_88.pdb	0	25.283	53.351	-46.169
swarm_93_109.pdb	0	24.734	55.476	-46.660
swarm_89_22.pdb	0	23.479	65.602	-46.679
swarm_70_18.pdb	0	23.703	53.769	-46.995
swarm_18_5.pdb	0	29.565	81.086	-47.385
swarm_77_193.pdb	0	20.484	62.475	-47.681
swarm_77_167.pdb	0	17.491	43.013	-47.975
swarm_79_66.pdb	0	26.569	47.622	-48.064
swarm_74_133.pdb	0	28.045	65.243	-48.411
swarm_75_43.pdb	0	22.415	54.809	-48.419
swarm_55_47.pdb	0	26.629	49.263	-48.570
swarm_21_21.pdb	0	28.146	59.609	-48.772
swarm_24_118.pdb	0	31.995	66.535	-49.084
swarm_53_133.pdb	0	27.184	56.630	-49.111
swarm_97_26.pdb	0	26.342	54.994	-49.526
swarm_63_171.pdb	0	18.315	55.900	-49.687
swarm_49_182.pdb	0	29.180	72.099	-49.771
swarm_92_193.pdb	0	24.192	65.718	-50.271
swarm_74_87.pdb	0	25.487	64.004	-50.470
swarm_1_84.pdb	0	33.066	67.517	-50.476
swarm_69_145.pdb	0	17.164	67.541	-50.554
swarm_1_169.pdb	0	28.636	79.315	-50.844
swarm_58_135.pdb	0	23.070	76.310	-50.944
swarm_67_21.pdb	0	33.534	79.118	-51.709
swarm_21_88.pdb	0	23.980	58.663	-51.983
swarm_90_58.pdb	0	26.573	57.375	-52.382
swarm_40_143.pdb	0	14.717	36.020	-52.630
swarm_78_50.pdb	0	36.620	89.284	-52.849
swarm_14_134.pdb	0	26.378	61.295	-53.082
swarm_11_107.pdb	0	8.648	23.571	-53.284
swarm_60_161.pdb	0	27.869	57.376	-53.314
swarm_86_116.pdb	0	19.408	51.810	-53.318
swarm_7_39.pdb	0	31.095	72.626	-53.926
swarm_3_140.pdb	0	27.001	52.267	-54.366
swarm_43_38.pdb	0	28.770	51.912	-55.091
swarm_83_16.pdb	0	25.754	56.620	-55.550
swarm_77_121.pdb	0	25.876	56.132	-55.964
swarm_13_110.pdb	0	25.001	50.171	-56.008
swarm_96_152.pdb	0	22.941	41.158	-56.236
swarm_92_47.pdb	0	24.393	47.972	-56.406
swarm_95_67.pdb	0	23.566	52.124	-57.127
swarm_72_78.pdb	0	22.729	65.009	-57.176
swarm_22_38.pdb	0	25.783	53.684	-57.834
swarm_66_155.pdb	0	24.652	61.546	-58.001
swarm_83_178.pdb	0	25.196	58.590	-58.103
swarm_51_124.pdb	0	24.676	56.541	-58.399
swarm_52_197.pdb	0	30.020	51.854	-58.483
swarm_5_122.pdb	0	16.218	57.694	-58.695
swarm_72_186.pdb	0	24.262	50.855	-58.740
swarm_58_141.pdb	0	22.872	75.849	-58.898
swarm_81_81.pdb	0	23.378	54.406	-58.954
swarm_48_146.pdb	0	30.547	60.589	-59.086
swarm_96_118.pdb	0	24.018	56.315	-59.112
swarm_78_196.pdb	0	23.598	84.491	-59.131
swarm_30_16.pdb	0	16.785	27.658	-59.190
swarm_25_170.pdb	0	24.849	54.068	-59.250
swarm_91_20.pdb	0	26.543	60.371	-59.503
swarm_66_51.pdb	0	26.720	58.253	-59.613
swarm_55_3.pdb	0	30.002	45.460	-59.854
swarm_93_100.pdb	0	23.150	50.708	-60.335
swarm_52_81.pdb	0	30.965	54.277	-60.550
swarm_88_127.pdb	0	24.003	49.836	-60.808
swarm_83_115.pdb	0	26.143	58.932	-60.867
swarm_97_193.pdb	0	24.236	57.873	-60.917
swarm_22_45.pdb	0	23.501	50.029	-61.378
swarm_92_48.pdb	0	17.661	62.400	-61.585
swarm_94_114.pdb	0	25.987	68.463	-61.871
swarm_60_58.pdb	0	23.022	62.208	-62.338
swarm_96_92.pdb	0	23.986	58.179	-62.451
swarm_74_140.pdb	0	30.214	76.272	-63.083
swarm_7_38.pdb	0	26.211	73.256	-63.131
swarm_83_144.pdb	0	23.504	50.488	-63.594
swarm_60_129.pdb	0.0507246	20.477	64.706	-64.398
swarm_31_166.pdb	0	25.386	57.212	-64.410
swarm_42_122.pdb	0	19.316	46.035	-64.436
swarm_30_176.pdb	0	22.463	51.691	-64.516
swarm_17_189.pdb	0	25.862	47.710	-64.750
swarm_64_54.pdb	0	25.673	50.516	-64.760
swarm_75_97.pdb	0.0289855	19.108	42.168	-64.881
swarm_15_59.pdb	0	21.583	53.406	-65.084
swarm_93_28.pdb	0	24.204	53.864	-65.416
swarm_71_190.pdb	0	31.308	61.498	-66.635
swarm_86_162.pdb	0	25.342	54.677	-66.636
swarm_15_9.pdb	0	25.792	51.864	-66.908
swarm_31_17.pdb	0	28.420	59.680	-66.993
swarm_78_57.pdb	0	31.174	80.762	-67.085
swarm_62_196.pdb	0	19.560	42.848	-67.899
swarm_95_145.pdb	0	23.548	58.315	-68.083
swarm_76_68.pdb	0	25.663	55.930	-68.090
swarm_72_159.pdb	0	20.712	65.653	-69.695
swarm_19_36.pdb	0.0434783	18.208	57.256	-69.839
swarm_70_8.pdb	0	21.352	57.167	-69.921
swarm_66_95.pdb	0	23.469	59.277	-69.924
swarm_66_30.pdb	0	29.915	54.425	-69.939
swarm_50_194.pdb	0.00724638	21.915	46.854	-69.998
swarm_57_36.pdb	0	26.040	54.434	-70.036
swarm_74_186.pdb	0	26.318	75.675	-70.197
swarm_55_196.pdb	0	27.057	48.116	-70.963
swarm_19_59.pdb	0	28.328	62.326	-71.122
swarm_9_23.pdb	0	34.383	73.757	-71.551
swarm_35_90.pdb	0	24.419	54.341	-71.555
swarm_24_164.pdb	0	32.555	65.248	-71.567
swarm_80_180.pdb	0	25.700	53.361	-72.100
swarm_75_101.pdb	0	25.697	47.776	-72.789
swarm_96_110.pdb	0	22.604	65.015	-72.856
swarm_90_82.pdb	0	27.086	58.458	-73.227
swarm_48_15.pdb	0	25.522	73.663	-73.309
swarm_17_183.pdb	0	27.645	53.561	-73.847
swarm_38_124.pdb	0	31.805	67.938	-74.728
swarm_95_162.pdb	0	26.833	48.387	-74.763
swarm_77_66.pdb	0	25.815	45.566	-75.251
swarm_31_179.pdb	0	28.760	55.622	-76.617
swarm_64_51.pdb	0	18.919	60.368	-76.706
swarm_95_13.pdb	0	25.749	49.709	-76.950
swarm_49_162.pdb	0	35.279	76.316	-76.974
swarm_91_104.pdb	0	24.679	56.670	-77.429
swarm_43_177.pdb	0	22.292	51.897	-77.777
swarm_63_99.pdb	0	25.821	49.521	-78.683
swarm_33_125.pdb	0.00724638	21.705	48.215	-78.730
swarm_74_6.pdb	0	28.163	71.014	-79.167
swarm_48_16.pdb	0	23.457	72.716	-79.802
swarm_81_43.pdb	0	25.893	45.869	-80.094
swarm_28_31.pdb	0	30.371	63.237	-81.893
swarm_79_168.pdb	0	22.990	39.997	-83.685
swarm_13_18.pdb	0	19.293	48.667	-83.925
swarm_53_190.pdb	0.0289855	21.848	58.042	-84.556
swarm_49_20.pdb	0	36.755	75.448	-84.848
swarm_51_11.pdb	0	22.524	51.801	-84.983
swarm_53_65.pdb	0	23.003	59.539	-85.384
swarm_62_76.pdb	0	20.949	54.871	-87.463
swarm_49_50.pdb	0	25.154	71.081	-88.409
swarm_86_107.pdb	0	15.957	62.146	-88.438
swarm_81_191.pdb	0	22.294	38.424	-89.188
swarm_97_196.pdb	0	27.300	64.151	-89.661
swarm_96_195.pdb	0	23.791	53.796	-89.911
swarm_54_102.pdb	0	27.240	51.630	-90.383
swarm_5_154.pdb	0.0289855	13.666	55.846	-90.486
swarm_70_100.pdb	0	28.965	59.421	-90.831
swarm_97_0.pdb	0	28.150	62.486	-91.192
swarm_84_47.pdb	0	27.528	69.902	-92.002
swarm_91_1.pdb	0	27.054	54.247	-92.844
swarm_42_31.pdb	0	22.812	60.121	-93.030
swarm_60_147.pdb	0	28.190	57.558	-93.217
swarm_60_190.pdb	0	24.389	50.979	-93.700
swarm_72_139.pdb	0	16.207	58.244	-93.963
swarm_68_146.pdb	0	23.781	53.053	-93.991
swarm_26_43.pdb	0	16.790	62.912	-94.334
swarm_22_177.pdb	0	27.838	58.171	-95.683
swarm_73_3.pdb	0	23.597	45.548	-96.585
swarm_92_5.pdb	0	23.543	57.528	-96.786
swarm_71_10.pdb	0	26.241	57.821	-97.282
swarm_38_181.pdb	0	33.890	65.451	-98.422
swarm_86_60.pdb	0	21.987	63.891	-98.961
swarm_75_125.pdb	0	23.594	49.136	-99.383
swarm_50_98.pdb	0	25.510	50.979	-99.568
swarm_38_114.pdb	0	26.158	61.005	-99.748
swarm_90_116.pdb	0	24.651	57.721	-100.337
swarm_79_49.pdb	0	25.794	45.218	-100.493
swarm_88_192.pdb	0	23.370	49.969	-100.888
swarm_49_79.pdb	0	25.605	63.030	-101.639
swarm_93_179.pdb	0	24.284	52.939	-102.623
swarm_24_181.pdb	0	22.531	51.344	-102.775
swarm_71_124.pdb	0	26.690	67.511	-102.954
swarm_18_26.pdb	0	26.808	73.742	-103.165
swarm_48_124.pdb	0	29.602	68.408	-104.263
swarm_66_70.pdb	0	29.115	64.967	-104.672
swarm_46_175.pdb	0	25.220	48.019	-104.744
swarm_38_25.pdb	0	33.479	66.946	-105.959
swarm_18_31.pdb	0	35.223	71.062	-106.762
swarm_87_144.pdb	0	26.240	63.493	-107.021
swarm_89_82.pdb	0	23.976	67.423	-108.236
swarm_90_136.pdb	0	24.259	52.824	-109.147
swarm_73_6.pdb	0	16.597	52.261	-114.868
swarm_37_86.pdb	0	32.448	60.512	-115.213
swarm_95_58.pdb	0	23.830	59.772	-115.242
swarm_82_57.pdb	0	18.674	41.022	-116.354
swarm_72_116.pdb	0	24.070	56.627	-117.246
swarm_63_84.pdb	0	27.801	52.553	-117.281
swarm_65_101.pdb	0	28.036	55.980	-119.426
swarm_7_25.pdb	0	35.790	71.309	-120.882
swarm_83_40.pdb	0	23.143	56.796	-120.889
swarm_81_86.pdb	0	15.139	25.991	-121.024
swarm_65_44.pdb	0	32.411	67.727	-121.974
swarm_31_109.pdb	0	26.109	55.434	-122.317
swarm_47_192.pdb	0	22.355	54.966	-124.757
swarm_83_170.pdb	0	19.110	52.108	-125.959
swarm_74_194.pdb	0	27.929	61.419	-129.280
swarm_83_198.pdb	0	24.947	59.820	-133.001
swarm_61_9.pdb	0	24.111	57.568	-134.062
swarm_36_155.pdb	0	22.564	71.337	-138.027
swarm_78_65.pdb	0	26.539	76.841	-138.504
swarm_80_10.pdb	0	21.339	52.902	-138.817
swarm_91_13.pdb	0	22.012	51.841	-141.933
swarm_92_120.pdb	0	27.078	56.180	-147.721
swarm_53_95.pdb	0	27.180	55.722	-149.814
swarm_53_97.pdb	0	26.513	54.362	-150.906
swarm_7_144.pdb	0	35.084	64.910	-155.070
swarm_64_96.pdb	0	31.860	60.774	-156.562
swarm_74_7.pdb	0	15.142	60.685	-156.604
swarm_77_134.pdb	0	27.414	63.263	-161.653
swarm_70_152.pdb	0	26.498	52.900	-163.241
swarm_60_160.pdb	0	26.237	62.315	-172.329
swarm_97_198.pdb	0	26.847	54.606	-175.638
swarm_26_145.pdb	0	17.118	56.649	-176.491
swarm_19_117.pdb	0	24.291	61.479	-177.635
swarm_42_5.pdb	0	26.107	54.915	-177.721
swarm_88_167.pdb	0	27.767	54.763	-180.100
swarm_97_76.pdb	0	26.300	58.195	-182.770
swarm_69_128.pdb	0	27.686	66.912	-185.050
swarm_97_169.pdb	0	22.002	42.714	-186.286
swarm_5_102.pdb	0	30.359	66.923	-187.970
swarm_75_47.pdb	0	27.015	48.572	-195.780
swarm_84_24.pdb	0	29.993	69.278	-196.174
swarm_92_165.pdb	0	26.158	57.334	-211.748
swarm_97_122.pdb	0	27.577	64.000	-213.361
swarm_66_137.pdb	0	28.029	61.428	-240.108
swarm_90_131.pdb	0	24.352	54.677	-322.591
