complex.1.pdb	0.0952381	10.977	25.979
complex.2.pdb	0.214286	4.433	11.505
complex.3.pdb	0.0952381	12.519	30.569
complex.4.pdb	0.119048	12.269	30.187
complex.5.pdb	0.0714286	13.117	30.060
complex.6.pdb	0.119048	6.215	21.106
complex.7.pdb	0.0952381	12.063	27.689
complex.8.pdb	0	12.018	28.074
complex.9.pdb	0.214286	4.435	16.374
complex.10.pdb	0.214286	12.971	33.820
complex.11.pdb	0.238095	10.269	30.859
complex.12.pdb	0	11.707	32.305
complex.13.pdb	0.0714286	7.370	26.897
complex.14.pdb	0.238095	4.378	14.059
complex.15.pdb	0.380952	5.102	12.810
complex.16.pdb	0.214286	4.628	15.549
complex.17.pdb	0	15.904	30.267
complex.18.pdb	0	11.805	31.183
complex.19.pdb	0.0238095	11.488	40.979
complex.20.pdb	0.0952381	13.191	29.548
complex.21.pdb	0.119048	5.812	24.626
complex.22.pdb	0.190476	4.520	10.362
complex.23.pdb	0.0952381	6.259	24.152
complex.24.pdb	0	11.020	37.024
complex.25.pdb	0.0952381	13.732	32.031
complex.26.pdb	0	11.791	30.538
complex.27.pdb	0.0952381	11.429	27.785
complex.28.pdb	0.047619	13.201	35.009
complex.29.pdb	0.238095	11.106	33.286
complex.30.pdb	0.0238095	7.893	26.858
complex.31.pdb	0	20.130	42.913
complex.32.pdb	0	10.010	43.876
complex.33.pdb	0	15.448	28.655
complex.34.pdb	0.0952381	12.860	32.434
complex.35.pdb	0.047619	8.528	28.175
complex.36.pdb	0.0714286	6.917	20.853
complex.37.pdb	0.119048	12.931	29.056
complex.38.pdb	0.142857	11.844	31.378
complex.39.pdb	0.404762	8.224	24.624
complex.40.pdb	0.190476	11.329	30.726
complex.41.pdb	0	15.903	33.874
complex.42.pdb	0	10.737	36.418
complex.43.pdb	0	10.258	32.263
complex.44.pdb	0.0714286	11.205	41.340
complex.45.pdb	0.190476	11.226	29.864
complex.46.pdb	0.119048	12.585	34.098
complex.47.pdb	0	8.520	27.549
complex.48.pdb	0.190476	13.269	33.593
complex.49.pdb	0	13.357	44.545
complex.50.pdb	0.119048	10.270	30.779
complex.51.pdb	0	14.223	37.069
complex.52.pdb	0	11.409	25.610
complex.53.pdb	0	16.082	33.643
complex.54.pdb	0.0952381	6.331	22.468
complex.55.pdb	0.190476	11.510	32.166
complex.56.pdb	0.166667	5.656	23.437
complex.57.pdb	0.166667	13.123	30.439
complex.58.pdb	0.119048	12.808	34.430
complex.59.pdb	0	11.718	34.496
complex.60.pdb	0.190476	5.391	19.022
complex.61.pdb	0	9.765	30.889
complex.62.pdb	0.0952381	6.268	24.929
complex.63.pdb	0	10.679	33.695
complex.64.pdb	0.047619	6.946	23.488
complex.65.pdb	0.166667	12.339	33.746
complex.66.pdb	0.0714286	11.291	36.456
complex.67.pdb	0.119048	11.973	28.232
complex.68.pdb	0	11.820	28.897
complex.69.pdb	0.190476	5.409	9.476
complex.70.pdb	0	11.759	22.854
complex.71.pdb	0.285714	6.851	15.903
complex.72.pdb	0.285714	4.357	13.213
complex.73.pdb	0	10.420	34.468
complex.74.pdb	0.190476	12.838	30.179
complex.75.pdb	0.261905	4.498	19.126
complex.76.pdb	0.0952381	12.410	36.421
complex.77.pdb	0.0952381	12.444	30.924
complex.78.pdb	0.047619	10.508	36.972
complex.79.pdb	0.0238095	7.122	25.258
complex.80.pdb	0.190476	10.729	30.352
complex.81.pdb	0	15.272	29.551
complex.82.pdb	0.190476	7.896	27.881
complex.83.pdb	0.0952381	9.654	31.661
complex.84.pdb	0.119048	12.204	31.439
complex.85.pdb	0.119048	12.433	33.265
complex.86.pdb	0	11.909	35.817
complex.87.pdb	0.0952381	12.456	35.613
complex.88.pdb	0.119048	11.758	33.130
complex.89.pdb	0.0714286	9.794	27.694
complex.90.pdb	0.0952381	13.126	28.532
complex.91.pdb	0	14.573	28.601
complex.92.pdb	0.0952381	12.938	30.880
complex.93.pdb	0.0952381	12.716	33.246
complex.94.pdb	0	11.475	25.976
complex.95.pdb	0	15.447	21.898
complex.96.pdb	0.142857	13.329	33.581
complex.97.pdb	0.0952381	12.177	33.463
complex.98.pdb	0	16.825	29.271
complex.99.pdb	0.142857	10.561	26.224
complex.100.pdb	0	14.413	36.691
complex.101.pdb	0	10.248	35.965
complex.102.pdb	0.047619	11.955	36.703
complex.103.pdb	0.166667	6.093	19.390
complex.104.pdb	0.261905	5.449	8.300
complex.105.pdb	0	13.031	46.857
complex.106.pdb	0	12.341	35.667
complex.107.pdb	0.333333	4.683	12.476
complex.108.pdb	0.190476	10.307	27.492
complex.109.pdb	0.166667	11.171	29.734
complex.110.pdb	0	9.744	30.095
complex.111.pdb	0.285714	4.754	15.273
complex.112.pdb	0.142857	8.409	26.308
complex.113.pdb	0	11.667	34.261
complex.114.pdb	0.0952381	10.878	25.852
complex.115.pdb	0.166667	4.699	9.236
complex.116.pdb	0.0952381	7.285	25.451
complex.117.pdb	0.0952381	10.595	35.611
complex.118.pdb	0.119048	10.662	32.258
complex.119.pdb	0.0952381	8.596	23.856
complex.120.pdb	0.404762	4.062	13.891
complex.121.pdb	0.0952381	10.961	24.691
complex.122.pdb	0.0714286	9.346	27.422
complex.123.pdb	0	6.763	25.952
complex.124.pdb	0	12.757	40.847
complex.125.pdb	0.0238095	13.950	31.889
complex.126.pdb	0	14.956	31.496
complex.127.pdb	0.0714286	11.075	30.094
complex.128.pdb	0	12.700	45.941
complex.129.pdb	0.357143	4.822	11.610
complex.130.pdb	0.047619	10.160	34.251
complex.131.pdb	0	10.576	35.181
complex.132.pdb	0	11.952	28.281
complex.133.pdb	0.0238095	12.671	33.202
complex.134.pdb	0.0714286	9.065	30.438
complex.135.pdb	0.0238095	6.868	24.542
complex.136.pdb	0.0714286	15.084	34.047
complex.137.pdb	0	11.602	37.577
complex.138.pdb	0.142857	12.101	34.702
complex.139.pdb	0.190476	12.840	31.997
complex.140.pdb	0.166667	5.585	8.906
complex.141.pdb	0.047619	14.280	44.128
complex.142.pdb	0.214286	11.435	30.674
complex.143.pdb	0	12.571	38.204
complex.144.pdb	0.0238095	7.666	26.059
complex.145.pdb	0.0714286	14.571	35.094
complex.146.pdb	0.142857	4.905	17.328
complex.147.pdb	0.0952381	9.757	28.842
complex.148.pdb	0	7.336	21.973
complex.149.pdb	0.166667	11.507	29.002
complex.150.pdb	0	12.445	38.310
complex.151.pdb	0.0952381	9.496	33.380
complex.152.pdb	0.142857	8.827	29.672
complex.153.pdb	0.119048	6.472	24.121
complex.154.pdb	0.190476	12.701	33.585
complex.155.pdb	0	20.211	43.408
complex.156.pdb	0	11.162	35.941
complex.157.pdb	0	11.847	36.669
complex.158.pdb	0.119048	10.027	36.781
complex.159.pdb	0.0714286	13.762	31.052
complex.160.pdb	0.0714286	11.567	32.629
complex.161.pdb	0.261905	5.056	15.913
complex.162.pdb	0	15.281	27.777
complex.163.pdb	0	14.834	38.740
complex.164.pdb	0.0952381	7.093	21.611
complex.165.pdb	0	11.537	26.332
complex.166.pdb	0.047619	11.825	28.857
complex.167.pdb	0.309524	4.939	11.544
complex.168.pdb	0	11.815	38.066
complex.169.pdb	0.0714286	14.376	32.609
complex.170.pdb	0	18.626	33.889
complex.171.pdb	0.0714286	6.675	23.745
complex.172.pdb	0	15.945	22.249
complex.173.pdb	0.190476	13.368	32.820
complex.174.pdb	0.119048	11.452	31.616
complex.175.pdb	0.047619	9.063	39.842
complex.176.pdb	0	16.737	30.229
complex.177.pdb	0	10.670	31.873
complex.178.pdb	0.0952381	9.010	32.140
complex.179.pdb	0.142857	8.088	24.387
complex.180.pdb	0.0714286	8.724	25.563
complex.181.pdb	0	17.445	32.001
complex.182.pdb	0.119048	12.720	29.419
complex.183.pdb	0	11.791	38.791
complex.184.pdb	0	14.890	29.213
complex.185.pdb	0.047619	8.913	28.836
complex.186.pdb	0	14.843	32.339
complex.187.pdb	0.190476	7.779	20.103
complex.188.pdb	0.142857	9.394	32.312
complex.189.pdb	0	12.816	41.268
complex.190.pdb	0	16.982	35.339
complex.191.pdb	0.142857	7.938	20.544
complex.192.pdb	0.142857	9.854	30.375
complex.193.pdb	0.0952381	12.108	35.447
complex.194.pdb	0.0714286	7.198	25.532
complex.195.pdb	0	10.550	32.372
complex.196.pdb	0.0952381	10.301	31.426
complex.197.pdb	0.047619	9.706	28.460
complex.198.pdb	0	10.300	30.368
complex.199.pdb	0.166667	8.391	23.901
complex.200.pdb	0	12.883	35.936
complex.201.pdb	0.357143	4.163	14.986
complex.202.pdb	0	16.429	29.501
complex.203.pdb	0.0952381	6.459	25.775
complex.204.pdb	0.142857	4.690	20.063
complex.205.pdb	0	10.362	37.647
complex.206.pdb	0.166667	11.535	28.587
complex.207.pdb	0	12.490	41.930
complex.208.pdb	0.142857	11.415	29.912
complex.209.pdb	0.0952381	5.786	22.197
complex.210.pdb	0.0238095	11.090	38.782
complex.211.pdb	0.119048	8.656	25.029
complex.212.pdb	0.047619	12.076	33.949
complex.213.pdb	0.0238095	12.954	33.609
complex.214.pdb	0	11.267	43.158
complex.215.pdb	0	11.085	38.451
complex.216.pdb	0	16.119	28.795
complex.217.pdb	0.047619	10.236	29.379
complex.218.pdb	0	18.990	41.529
complex.219.pdb	0	12.212	44.796
complex.220.pdb	0.0714286	6.582	24.880
complex.221.pdb	0.142857	7.910	28.013
complex.222.pdb	0	11.224	43.143
complex.223.pdb	0.0952381	13.187	33.510
complex.224.pdb	0.261905	5.224	12.075
complex.225.pdb	0.0714286	7.987	24.027
complex.226.pdb	0.047619	13.631	32.026
complex.227.pdb	0.0238095	14.939	37.310
complex.228.pdb	0.047619	10.996	36.060
complex.229.pdb	0.142857	5.650	17.291
complex.230.pdb	0	11.145	29.253
complex.231.pdb	0	16.596	29.062
complex.232.pdb	0.0238095	11.213	28.378
complex.233.pdb	0.261905	5.035	10.849
complex.234.pdb	0.0952381	12.594	27.877
complex.235.pdb	0.261905	4.707	13.779
complex.236.pdb	0.166667	12.993	32.944
complex.237.pdb	0	16.653	31.127
complex.238.pdb	0	17.282	33.002
complex.239.pdb	0.166667	5.909	23.804
complex.240.pdb	0	12.509	29.341
complex.241.pdb	0.0714286	13.939	38.569
complex.242.pdb	0	16.998	32.339
complex.243.pdb	0.047619	8.885	27.777
complex.244.pdb	0.142857	11.315	33.557
complex.245.pdb	0.0952381	10.880	35.581
complex.246.pdb	0.0238095	8.370	22.822
complex.247.pdb	0	16.666	29.449
complex.248.pdb	0	11.594	41.280
complex.249.pdb	0.333333	4.634	13.842
complex.250.pdb	0	18.866	37.427
complex.251.pdb	0	14.296	37.727
complex.252.pdb	0.0714286	11.355	28.901
complex.253.pdb	0.309524	8.523	25.042
complex.254.pdb	0.0714286	12.200	29.092
complex.255.pdb	0	12.166	48.270
complex.256.pdb	0.047619	13.531	30.211
complex.257.pdb	0.0238095	12.183	31.553
complex.258.pdb	0.357143	5.492	15.671
complex.259.pdb	0.0952381	12.617	36.305
complex.260.pdb	0	15.991	27.103
complex.261.pdb	0.142857	7.624	28.529
complex.262.pdb	0	18.374	36.473
complex.263.pdb	0	12.265	35.947
complex.264.pdb	0	13.900	50.496
complex.265.pdb	0	11.908	48.538
complex.266.pdb	0	11.769	41.428
complex.267.pdb	0.238095	6.592	17.008
complex.268.pdb	0.0714286	7.215	25.920
complex.269.pdb	0	11.985	35.013
complex.270.pdb	0.166667	5.823	26.850
complex.271.pdb	0	14.964	52.494
complex.272.pdb	0	11.870	38.779
complex.273.pdb	0.0952381	11.073	33.368
complex.274.pdb	0.119048	11.812	31.178
complex.275.pdb	0	11.419	39.664
complex.276.pdb	0.357143	7.101	26.993
complex.277.pdb	0	10.192	37.633
complex.278.pdb	0.047619	10.143	41.262
complex.279.pdb	0.0238095	8.798	27.255
complex.280.pdb	0	8.696	30.172
complex.281.pdb	0	12.471	32.796
complex.282.pdb	0.190476	6.059	19.827
complex.283.pdb	0	14.526	30.478
complex.284.pdb	0	9.861	31.395
complex.285.pdb	0.0714286	11.837	30.347
complex.286.pdb	0	13.433	35.335
complex.287.pdb	0	12.624	45.972
complex.288.pdb	0.142857	12.713	33.062
complex.289.pdb	0	13.744	36.670
complex.290.pdb	0.190476	11.008	29.575
complex.291.pdb	0.0714286	11.420	36.564
complex.292.pdb	0.0238095	10.450	31.014
complex.293.pdb	0	11.988	34.676
complex.294.pdb	0.0952381	12.627	36.637
complex.295.pdb	0.0714286	13.522	32.138
complex.296.pdb	0.0952381	10.931	26.573
complex.297.pdb	0.0952381	11.208	37.290
complex.298.pdb	0	14.534	41.516
complex.299.pdb	0.0238095	9.502	30.278
complex.300.pdb	0	16.459	30.928
complex.301.pdb	0	12.054	22.815
complex.302.pdb	0.047619	8.287	26.417
complex.303.pdb	0	13.508	31.122
complex.304.pdb	0.0238095	6.552	26.880
complex.305.pdb	0.0714286	12.659	39.145
complex.306.pdb	0.0952381	13.575	31.173
complex.307.pdb	0.0238095	9.350	30.079
complex.308.pdb	0.119048	6.018	27.767
complex.309.pdb	0.047619	11.883	26.567
complex.310.pdb	0.047619	10.207	41.223
complex.311.pdb	0.5	6.409	23.025
complex.312.pdb	0.0714286	13.236	33.963
complex.313.pdb	0	20.203	44.635
complex.314.pdb	0	11.660	21.944
complex.315.pdb	0.0952381	10.338	25.531
complex.316.pdb	0	16.350	29.146
complex.317.pdb	0	17.660	35.664
complex.318.pdb	0	13.280	44.135
complex.319.pdb	0.047619	10.138	27.446
complex.320.pdb	0	15.876	31.529
complex.321.pdb	0.166667	5.303	22.885
complex.322.pdb	0.0714286	7.464	26.429
complex.323.pdb	0.214286	13.161	29.654
complex.324.pdb	0.0714286	8.832	31.339
complex.325.pdb	0	15.743	24.914
complex.326.pdb	0.0952381	9.084	24.777
complex.327.pdb	0	10.860	45.159
complex.328.pdb	0	8.276	32.399
complex.329.pdb	0.0714286	14.828	34.666
complex.330.pdb	0	9.043	29.396
complex.331.pdb	0	14.920	30.265
complex.332.pdb	0	13.761	41.888
complex.333.pdb	0.0238095	7.489	27.500
complex.334.pdb	0	10.486	40.490
complex.335.pdb	0.0714286	9.508	26.908
complex.336.pdb	0	11.038	22.489
complex.337.pdb	0.0714286	6.566	28.220
complex.338.pdb	0.047619	9.555	20.279
complex.339.pdb	0	19.426	43.078
complex.340.pdb	0.380952	6.873	24.420
complex.341.pdb	0.142857	11.712	37.020
complex.342.pdb	0.142857	9.958	35.357
complex.343.pdb	0	12.370	41.781
complex.344.pdb	0.0238095	7.458	24.871
complex.345.pdb	0	12.782	35.775
complex.346.pdb	0	10.533	46.451
complex.347.pdb	0.0238095	8.028	27.997
complex.348.pdb	0.190476	11.083	32.509
complex.349.pdb	0	14.708	50.958
complex.350.pdb	0.166667	7.679	26.320
complex.351.pdb	0.166667	12.325	33.206
complex.352.pdb	0	15.291	25.251
complex.353.pdb	0.0238095	13.750	34.373
complex.354.pdb	0.0714286	12.955	36.938
complex.355.pdb	0	14.594	36.743
complex.356.pdb	0	11.284	26.606
complex.357.pdb	0.0952381	9.280	32.173
complex.358.pdb	0.190476	6.419	20.443
complex.359.pdb	0.0952381	9.759	33.014
complex.360.pdb	0	14.768	53.673
complex.361.pdb	0.0952381	9.894	36.898
complex.362.pdb	0	10.816	47.146
complex.363.pdb	0	21.074	44.676
complex.364.pdb	0.047619	13.687	31.187
complex.365.pdb	0	11.578	40.727
complex.366.pdb	0	16.707	29.276
complex.367.pdb	0.0952381	9.329	28.880
complex.368.pdb	0.0952381	10.075	28.436
complex.369.pdb	0.119048	8.751	23.022
complex.370.pdb	0	14.915	51.676
complex.371.pdb	0.142857	6.215	10.927
complex.372.pdb	0.0714286	6.302	26.119
complex.373.pdb	0	20.130	41.552
complex.374.pdb	0	17.204	32.997
complex.375.pdb	0.0714286	11.654	35.457
complex.376.pdb	0.428571	8.480	25.448
complex.377.pdb	0	15.389	32.339
complex.378.pdb	0	14.087	33.368
complex.379.pdb	0.285714	3.939	8.967
complex.380.pdb	0	8.119	19.550
complex.381.pdb	0.047619	7.937	27.706
complex.382.pdb	0.0714286	10.584	37.463
complex.383.pdb	0.047619	7.458	19.041
complex.384.pdb	0.166667	10.839	24.491
complex.385.pdb	0	10.457	32.096
complex.386.pdb	0.238095	10.336	28.276
complex.387.pdb	0	12.431	35.470
complex.388.pdb	0.0238095	14.588	41.609
complex.389.pdb	0	16.023	29.644
complex.390.pdb	0	9.204	30.555
complex.391.pdb	0	18.264	41.661
complex.392.pdb	0.0714286	13.485	30.280
complex.393.pdb	0	12.267	36.270
complex.394.pdb	0.047619	12.250	31.237
complex.395.pdb	0	11.708	45.487
complex.396.pdb	0	12.333	47.174
complex.397.pdb	0.190476	10.441	33.332
complex.398.pdb	0	12.355	34.351
complex.399.pdb	0	17.115	30.286
complex.400.pdb	0.0714286	11.951	34.794
complex.401.pdb	0	13.763	32.778
complex.402.pdb	0	17.578	38.998
complex.403.pdb	0.047619	10.407	32.862
complex.404.pdb	0	16.147	39.424
complex.405.pdb	0	17.594	31.198
complex.406.pdb	0.238095	5.909	17.197
complex.407.pdb	0.0714286	11.568	37.964
complex.408.pdb	0.047619	13.888	44.988
complex.409.pdb	0	17.153	38.578
complex.410.pdb	0	19.302	41.905
complex.411.pdb	0	17.186	32.415
complex.412.pdb	0	18.231	41.495
complex.413.pdb	0.285714	7.209	17.536
complex.414.pdb	0	11.544	24.378
complex.415.pdb	0.047619	11.042	26.369
complex.416.pdb	0.166667	11.536	30.522
complex.417.pdb	0	14.646	28.636
complex.418.pdb	0.166667	12.449	31.882
complex.419.pdb	0	13.934	55.309
complex.420.pdb	0.0952381	12.900	30.932
complex.421.pdb	0.047619	10.996	37.539
complex.422.pdb	0	16.991	31.992
complex.423.pdb	0	16.823	30.391
complex.424.pdb	0	17.306	31.298
complex.425.pdb	0.119048	14.471	34.425
complex.426.pdb	0	13.807	43.693
complex.427.pdb	0	12.212	39.154
complex.428.pdb	0.119048	11.474	34.198
complex.429.pdb	0	20.024	42.930
complex.430.pdb	0	12.090	44.003
complex.431.pdb	0	18.921	35.112
complex.432.pdb	0.047619	11.040	30.230
complex.433.pdb	0.166667	10.301	27.744
complex.434.pdb	0.142857	13.618	32.346
complex.435.pdb	0.166667	13.448	32.463
complex.436.pdb	0	12.404	33.838
complex.437.pdb	0	17.804	40.307
complex.438.pdb	0.047619	12.331	34.961
complex.439.pdb	0.261905	6.021	20.487
complex.440.pdb	0.0714286	11.521	31.244
complex.441.pdb	0.0238095	11.823	43.768
complex.442.pdb	0	18.681	38.034
complex.443.pdb	0	14.724	41.079
complex.444.pdb	0.0238095	13.957	35.651
complex.445.pdb	0.238095	11.156	30.594
complex.446.pdb	0	15.246	52.816
complex.447.pdb	0	14.111	43.526
complex.448.pdb	0	12.450	47.479
complex.449.pdb	0.357143	4.907	11.469
complex.450.pdb	0.142857	8.067	29.407
complex.451.pdb	0.119048	10.680	25.652
complex.452.pdb	0.166667	5.087	22.308
complex.453.pdb	0.142857	9.229	28.457
complex.454.pdb	0.142857	9.871	32.463
complex.455.pdb	0	15.893	27.388
complex.456.pdb	0.0714286	12.875	34.336
complex.457.pdb	0	15.041	27.913
complex.458.pdb	0.357143	4.068	7.573
complex.459.pdb	0.119048	9.222	32.951
complex.460.pdb	0.047619	12.767	32.591
complex.461.pdb	0	14.103	44.809
complex.462.pdb	0	17.748	32.855
complex.463.pdb	0	9.781	30.988
complex.464.pdb	0	20.833	44.476
complex.465.pdb	0.0952381	9.567	25.539
complex.466.pdb	0	18.437	34.985
complex.467.pdb	0.0238095	12.901	32.878
complex.468.pdb	0.0714286	6.907	21.300
complex.469.pdb	0.047619	11.220	38.668
complex.470.pdb	0	16.843	35.657
complex.471.pdb	0	12.894	35.874
complex.472.pdb	0.047619	8.737	20.060
complex.473.pdb	0.119048	6.023	18.773
complex.474.pdb	0	19.597	37.941
complex.475.pdb	0.0238095	10.741	35.910
complex.476.pdb	0.0952381	8.686	28.405
complex.477.pdb	0	8.005	34.305
complex.478.pdb	0	10.923	29.566
complex.479.pdb	0.0714286	14.662	35.256
complex.480.pdb	0	18.074	32.014
complex.481.pdb	0	7.721	18.552
complex.482.pdb	0.047619	7.788	24.213
complex.483.pdb	0.119048	11.991	32.797
complex.484.pdb	0.0952381	11.413	30.427
complex.485.pdb	0.0952381	13.712	32.982
complex.486.pdb	0.0714286	12.291	34.552
complex.487.pdb	0.238095	5.157	18.206
complex.488.pdb	0	19.755	37.035
complex.489.pdb	0	13.963	49.923
complex.490.pdb	0	17.606	36.523
complex.491.pdb	0	14.857	55.258
complex.492.pdb	0.0238095	13.384	28.975
complex.493.pdb	0	12.200	41.066
complex.494.pdb	0.166667	7.240	22.341
complex.495.pdb	0.047619	12.361	35.733
complex.496.pdb	0	13.549	35.083
complex.497.pdb	0	16.746	35.804
complex.498.pdb	0	7.616	19.831
complex.499.pdb	0.047619	10.275	25.721
complex.500.pdb	0.0714286	8.289	23.446
complex.501.pdb	0	14.954	51.152
complex.502.pdb	0.0952381	12.535	35.843
complex.503.pdb	0.047619	12.650	37.694
complex.504.pdb	0.047619	12.124	31.441
complex.505.pdb	0.357143	8.780	26.661
complex.506.pdb	0	12.488	30.317
complex.507.pdb	0	15.672	27.778
complex.508.pdb	0	13.949	38.654
complex.509.pdb	0	17.031	38.971
complex.510.pdb	0	13.647	33.671
complex.511.pdb	0	17.884	33.089
complex.512.pdb	0.119048	10.423	34.993
complex.513.pdb	0	12.529	43.862
complex.514.pdb	0	11.450	46.544
complex.515.pdb	0.0238095	8.887	24.238
complex.516.pdb	0	16.423	30.893
complex.517.pdb	0	11.158	39.639
complex.518.pdb	0	15.765	26.290
complex.519.pdb	0.0714286	11.760	36.010
complex.520.pdb	0.0238095	9.251	26.576
complex.521.pdb	0	8.185	21.154
complex.522.pdb	0.0238095	12.186	27.662
complex.523.pdb	0.0714286	14.493	35.398
complex.524.pdb	0.0714286	7.448	26.776
complex.525.pdb	0.0714286	12.740	34.814
complex.526.pdb	0.142857	8.652	20.884
complex.527.pdb	0.0238095	10.729	34.503
complex.528.pdb	0	19.232	40.867
complex.529.pdb	0	16.321	30.353
complex.530.pdb	0	14.532	35.488
complex.531.pdb	0.047619	7.876	23.455
complex.532.pdb	0	20.128	44.701
complex.533.pdb	0	13.052	32.685
complex.534.pdb	0	16.892	44.274
complex.535.pdb	0.309524	5.976	13.441
complex.536.pdb	0	15.947	30.167
complex.537.pdb	0.0952381	9.867	30.079
complex.538.pdb	0	14.782	50.805
complex.539.pdb	0	13.041	38.934
complex.540.pdb	0.119048	6.931	20.377
complex.541.pdb	0.0238095	7.724	27.922
complex.542.pdb	0.238095	4.332	12.672
complex.543.pdb	0	11.042	32.865
complex.544.pdb	0.190476	11.069	27.612
complex.545.pdb	0.0952381	7.643	27.350
complex.546.pdb	0.309524	6.555	12.719
complex.547.pdb	0.047619	12.761	34.927
complex.548.pdb	0.0238095	11.488	26.242
complex.549.pdb	0	14.501	51.185
complex.550.pdb	0	6.358	24.102
complex.551.pdb	0.119048	9.020	26.761
complex.552.pdb	0	16.167	53.231
complex.553.pdb	0.0952381	12.833	33.950
complex.554.pdb	0	12.634	48.924
complex.555.pdb	0.119048	13.516	30.452
complex.556.pdb	0	17.156	34.739
complex.557.pdb	0	12.259	42.794
complex.558.pdb	0.166667	9.715	33.713
complex.559.pdb	0	8.879	21.901
complex.560.pdb	0	20.038	41.796
complex.561.pdb	0.0714286	7.758	22.045
complex.562.pdb	0	13.043	40.679
complex.563.pdb	0.047619	15.296	31.255
complex.564.pdb	0	15.211	29.402
complex.565.pdb	0	14.191	34.587
complex.566.pdb	0	19.627	43.055
complex.567.pdb	0	13.425	47.780
complex.568.pdb	0	14.357	53.149
complex.569.pdb	0	17.518	32.288
complex.570.pdb	0.0952381	12.087	39.075
complex.571.pdb	0.166667	6.061	18.257
complex.572.pdb	0.047619	14.758	43.442
complex.573.pdb	0.119048	12.806	32.419
complex.574.pdb	0	15.495	28.398
complex.575.pdb	0.452381	7.177	22.075
complex.576.pdb	0.0952381	10.792	28.156
complex.577.pdb	0.0952381	9.646	27.368
complex.578.pdb	0.0238095	12.635	41.251
complex.579.pdb	0.0952381	5.991	22.238
complex.580.pdb	0	9.700	42.915
complex.581.pdb	0	14.462	37.948
complex.582.pdb	0.047619	7.293	25.245
complex.583.pdb	0	17.842	40.051
complex.584.pdb	0	13.920	34.857
complex.585.pdb	0.190476	11.142	27.775
complex.586.pdb	0	9.480	35.273
complex.587.pdb	0	15.416	28.553
complex.588.pdb	0.047619	10.740	33.416
complex.589.pdb	0	9.495	25.807
complex.590.pdb	0.0952381	5.763	23.587
complex.591.pdb	0.047619	13.524	33.168
complex.592.pdb	0.0952381	10.871	33.228
complex.593.pdb	0	15.950	37.395
complex.594.pdb	0	13.861	38.368
complex.595.pdb	0	14.298	32.075
complex.596.pdb	0.0714286	8.434	27.077
complex.597.pdb	0.0714286	7.051	30.157
complex.598.pdb	0	17.792	30.709
complex.599.pdb	0.166667	9.813	26.940
complex.600.pdb	0.166667	13.101	31.432
complex.601.pdb	0	15.213	21.335
complex.602.pdb	0.047619	11.168	36.217
complex.603.pdb	0	16.695	29.055
complex.604.pdb	0	10.355	30.021
complex.605.pdb	0	10.840	32.451
complex.606.pdb	0.285714	8.052	26.698
complex.607.pdb	0	17.451	36.091
complex.608.pdb	0	17.354	30.867
complex.609.pdb	0	17.044	30.045
complex.610.pdb	0.214286	10.154	26.199
complex.611.pdb	0.309524	5.328	14.308
complex.612.pdb	0.238095	7.882	19.653
complex.613.pdb	0	11.632	43.575
complex.614.pdb	0	20.661	48.465
complex.615.pdb	0	10.143	27.983
complex.616.pdb	0	13.744	51.853
complex.617.pdb	0.047619	12.146	35.593
complex.618.pdb	0.0238095	12.639	38.618
complex.619.pdb	0.190476	13.398	29.807
complex.620.pdb	0.119048	12.215	28.774
complex.621.pdb	0	9.501	35.927
complex.622.pdb	0	17.635	33.645
complex.623.pdb	0.047619	11.367	32.161
complex.624.pdb	0	15.995	28.841
complex.625.pdb	0.119048	12.488	26.641
complex.626.pdb	0	18.816	36.317
complex.627.pdb	0	16.670	39.073
complex.628.pdb	0.047619	12.328	35.108
complex.629.pdb	0	12.438	41.473
complex.630.pdb	0	17.385	30.008
complex.631.pdb	0	14.584	51.662
complex.632.pdb	0	17.218	31.962
complex.633.pdb	0	12.749	49.167
complex.634.pdb	0	17.181	34.840
complex.635.pdb	0.047619	11.884	41.113
complex.636.pdb	0	15.566	53.728
complex.637.pdb	0	12.236	36.972
complex.638.pdb	0.142857	7.506	23.477
complex.639.pdb	0.0238095	7.541	25.651
complex.640.pdb	0.119048	10.585	27.440
complex.641.pdb	0	20.098	44.144
complex.642.pdb	0	18.631	41.844
complex.643.pdb	0.357143	7.528	21.828
complex.644.pdb	0	15.408	53.818
complex.645.pdb	0	19.061	38.608
complex.646.pdb	0.0238095	10.008	29.258
complex.647.pdb	0.047619	8.755	26.874
complex.648.pdb	0.047619	13.818	34.264
complex.649.pdb	0.047619	8.863	34.600
complex.650.pdb	0	12.235	50.989
complex.651.pdb	0.0238095	7.019	19.797
complex.652.pdb	0.190476	13.138	30.783
complex.653.pdb	0	12.786	45.017
complex.654.pdb	0.0238095	7.453	22.684
complex.655.pdb	0	15.948	52.746
complex.656.pdb	0	15.549	22.843
complex.657.pdb	0	16.778	28.893
complex.658.pdb	0	8.254	22.989
complex.659.pdb	0.0714286	10.917	37.125
complex.660.pdb	0.0952381	9.284	21.375
complex.661.pdb	0.142857	10.479	29.107
complex.662.pdb	0.119048	10.345	30.661
complex.663.pdb	0.214286	9.062	21.494
complex.664.pdb	0	17.466	35.585
complex.665.pdb	0	15.957	52.218
complex.666.pdb	0.142857	10.877	27.427
complex.667.pdb	0.0952381	9.865	23.277
complex.668.pdb	0	18.783	36.737
complex.669.pdb	0	18.997	33.849
complex.670.pdb	0	13.070	35.936
complex.671.pdb	0	13.449	30.463
complex.672.pdb	0	18.630	35.708
complex.673.pdb	0.0238095	10.787	34.377
complex.674.pdb	0	13.424	35.381
complex.675.pdb	0.333333	6.697	22.350
complex.676.pdb	0	11.841	44.633
complex.677.pdb	0	11.062	38.079
complex.678.pdb	0.166667	8.226	28.395
complex.679.pdb	0	12.846	26.143
complex.680.pdb	0	11.503	34.404
complex.681.pdb	0	18.736	36.476
complex.682.pdb	0	12.719	47.919
complex.683.pdb	0.0714286	11.736	37.358
complex.684.pdb	0.119048	13.227	29.187
complex.685.pdb	0.047619	10.020	34.590
complex.686.pdb	0.0714286	8.057	23.920
complex.687.pdb	0.190476	11.183	31.191
complex.688.pdb	0	15.790	25.442
complex.689.pdb	0.0714286	8.695	26.476
complex.690.pdb	0	12.585	40.992
complex.691.pdb	0.0238095	7.823	26.535
complex.692.pdb	0.142857	9.387	19.407
complex.693.pdb	0.047619	12.593	30.422
complex.694.pdb	0	8.398	23.813
complex.695.pdb	0.0952381	7.475	20.666
complex.696.pdb	0.0952381	12.984	34.069
complex.697.pdb	0	8.664	22.483
complex.698.pdb	0.047619	10.654	34.836
complex.699.pdb	0.142857	8.994	28.971
complex.700.pdb	0	21.415	48.972
complex.701.pdb	0	10.763	29.453
complex.702.pdb	0	20.091	42.608
complex.703.pdb	0	20.956	47.191
complex.704.pdb	0.0952381	10.320	33.589
complex.705.pdb	0.0952381	12.999	32.944
complex.706.pdb	0.0952381	9.573	26.146
complex.707.pdb	0	17.607	33.792
complex.708.pdb	0	13.939	35.819
complex.709.pdb	0	13.457	39.358
complex.710.pdb	0.142857	11.190	34.738
complex.711.pdb	0	14.959	52.362
complex.712.pdb	0.047619	12.563	33.317
complex.713.pdb	0.0952381	11.552	32.667
complex.714.pdb	0.119048	9.554	25.435
complex.715.pdb	0.166667	6.612	18.181
complex.716.pdb	0	15.414	26.208
complex.717.pdb	0	7.257	23.967
complex.718.pdb	0	17.742	36.039
complex.719.pdb	0	18.269	34.588
complex.720.pdb	0.0714286	9.409	33.323
complex.721.pdb	0.0952381	9.185	31.375
complex.722.pdb	0.0714286	7.766	27.557
complex.723.pdb	0	19.879	42.814
complex.724.pdb	0	17.293	36.963
complex.725.pdb	0.047619	11.128	36.177
complex.726.pdb	0.309524	9.194	25.412
complex.727.pdb	0	17.845	37.930
complex.728.pdb	0	17.906	33.959
complex.729.pdb	0	18.541	39.549
complex.730.pdb	0.0714286	13.410	38.163
complex.731.pdb	0.214286	5.484	18.450
complex.732.pdb	0.0952381	7.929	20.883
complex.733.pdb	0	13.049	32.950
complex.734.pdb	0	9.004	28.193
complex.735.pdb	0	16.815	32.938
complex.736.pdb	0.047619	9.913	33.395
complex.737.pdb	0	16.033	53.975
complex.738.pdb	0.0714286	11.491	34.631
complex.739.pdb	0.0714286	10.529	34.691
complex.740.pdb	0	13.455	27.841
complex.741.pdb	0.0952381	12.674	32.784
complex.742.pdb	0.119048	10.293	40.010
complex.743.pdb	0.0714286	11.108	34.529
complex.744.pdb	0	13.224	53.205
complex.745.pdb	0.119048	10.917	34.289
complex.746.pdb	0.0238095	6.768	25.889
complex.747.pdb	0	13.318	46.897
complex.748.pdb	0.0714286	12.655	33.736
complex.749.pdb	0.047619	14.695	44.877
complex.750.pdb	0.047619	8.558	24.135
complex.751.pdb	0	8.146	28.982
complex.752.pdb	0	15.737	31.338
complex.753.pdb	0	17.917	34.443
complex.754.pdb	0.0952381	13.290	33.981
complex.755.pdb	0	10.931	44.734
complex.756.pdb	0.119048	12.774	30.005
complex.757.pdb	0	10.359	42.375
complex.758.pdb	0	14.154	50.238
complex.759.pdb	0	18.715	32.993
complex.760.pdb	0	16.847	30.124
complex.761.pdb	0.0714286	12.104	37.827
complex.762.pdb	0	17.524	35.885
complex.763.pdb	0	16.908	30.461
complex.764.pdb	0	14.559	50.054
complex.765.pdb	0.047619	15.300	34.769
complex.766.pdb	0.0238095	8.873	29.289
complex.767.pdb	0.0238095	8.913	28.003
complex.768.pdb	0.047619	9.377	29.084
complex.769.pdb	0.0714286	11.453	38.982
complex.770.pdb	0	19.982	46.062
complex.771.pdb	0	13.680	36.493
complex.772.pdb	0	16.222	29.168
complex.773.pdb	0	17.505	36.030
complex.774.pdb	0	13.408	35.532
complex.775.pdb	0	12.218	50.297
complex.776.pdb	0	16.467	33.867
complex.777.pdb	0	17.049	38.127
complex.778.pdb	0.166667	6.022	20.947
complex.779.pdb	0	18.288	41.308
complex.780.pdb	0	15.349	29.321
complex.781.pdb	0	8.556	25.614
complex.782.pdb	0.0714286	13.887	32.654
complex.783.pdb	0.238095	9.998	27.477
complex.784.pdb	0.0714286	11.499	29.873
complex.785.pdb	0.119048	11.877	32.016
complex.786.pdb	0	15.467	49.875
complex.787.pdb	0	12.966	53.295
complex.788.pdb	0.0714286	14.124	41.405
complex.789.pdb	0.0952381	11.097	36.197
complex.790.pdb	0	15.800	28.812
complex.791.pdb	0	16.115	37.319
complex.792.pdb	0	16.560	36.682
complex.793.pdb	0.261905	8.241	25.845
complex.794.pdb	0.0238095	11.875	43.046
complex.795.pdb	0	14.940	23.434
complex.796.pdb	0	13.640	29.353
complex.797.pdb	0	19.272	39.866
complex.798.pdb	0	14.471	34.501
complex.799.pdb	0	18.496	32.800
complex.800.pdb	0	15.893	24.892
complex.801.pdb	0.238095	7.176	21.948
complex.802.pdb	0.119048	10.306	28.801
complex.803.pdb	0	16.728	33.556
complex.804.pdb	0.0952381	14.061	33.837
complex.805.pdb	0.047619	7.162	23.291
complex.806.pdb	0	10.481	31.827
complex.807.pdb	0	15.626	31.366
complex.808.pdb	0	13.515	38.836
complex.809.pdb	0	14.177	55.209
complex.810.pdb	0	16.591	37.061
complex.811.pdb	0.142857	11.504	34.876
complex.812.pdb	0	16.329	51.486
complex.813.pdb	0.0714286	13.697	36.657
complex.814.pdb	0	15.877	32.313
complex.815.pdb	0	15.254	53.016
complex.816.pdb	0	17.072	31.333
complex.817.pdb	0	17.724	39.568
complex.818.pdb	0.0952381	12.062	27.096
complex.819.pdb	0.0714286	12.895	38.876
complex.820.pdb	0	10.579	31.404
complex.821.pdb	0	14.672	36.062
complex.822.pdb	0.0714286	13.694	39.132
complex.823.pdb	0.0952381	9.671	27.475
complex.824.pdb	0	15.039	26.770
complex.825.pdb	0	12.386	30.773
complex.826.pdb	0	19.446	42.854
complex.827.pdb	0.142857	6.244	22.419
complex.828.pdb	0.047619	14.553	33.135
complex.829.pdb	0	12.435	38.086
complex.830.pdb	0	13.491	38.324
complex.831.pdb	0.0952381	6.509	29.890
complex.832.pdb	0.0238095	8.236	26.735
complex.833.pdb	0	11.682	40.306
complex.834.pdb	0	19.840	39.904
complex.835.pdb	0.119048	8.874	27.146
complex.836.pdb	0	8.575	20.267
complex.837.pdb	0	16.614	24.621
complex.838.pdb	0.047619	13.672	30.991
complex.839.pdb	0.404762	7.422	23.668
complex.840.pdb	0.142857	13.310	32.609
complex.841.pdb	0.404762	5.825	12.218
complex.842.pdb	0	10.825	31.651
complex.843.pdb	0	14.797	28.323
complex.844.pdb	0.142857	8.746	27.978
complex.845.pdb	0.0714286	13.201	34.154
complex.846.pdb	0.166667	10.360	30.090
complex.847.pdb	0	15.539	28.964
complex.848.pdb	0.0238095	13.978	31.503
complex.849.pdb	0.166667	13.532	33.185
complex.850.pdb	0.0714286	6.991	22.578
complex.851.pdb	0	8.926	39.582
complex.852.pdb	0.0952381	13.750	40.579
complex.853.pdb	0	16.649	30.063
complex.854.pdb	0.166667	6.953	24.549
complex.855.pdb	0	8.030	25.828
complex.856.pdb	0	12.344	38.118
complex.857.pdb	0	19.410	34.572
complex.858.pdb	0.0238095	11.492	24.182
complex.859.pdb	0	7.181	18.350
complex.860.pdb	0	14.059	33.498
complex.861.pdb	0	17.150	31.197
complex.862.pdb	0.0952381	8.163	17.699
complex.863.pdb	0	16.088	28.346
complex.864.pdb	0.0238095	10.043	43.300
complex.865.pdb	0	19.378	40.756
complex.866.pdb	0	15.702	29.093
complex.867.pdb	0	14.611	50.845
complex.868.pdb	0	16.267	28.606
complex.869.pdb	0.0238095	14.604	37.248
complex.870.pdb	0	15.374	29.885
complex.871.pdb	0.0714286	10.525	33.399
complex.872.pdb	0	13.396	36.564
complex.873.pdb	0.0952381	12.870	34.740
complex.874.pdb	0.261905	9.272	24.869
complex.875.pdb	0.0952381	9.501	28.501
complex.876.pdb	0	17.962	42.358
complex.877.pdb	0	17.445	34.634
complex.878.pdb	0.0714286	10.240	33.169
complex.879.pdb	0.190476	10.562	27.571
complex.880.pdb	0	16.400	29.632
complex.881.pdb	0	9.548	28.738
complex.882.pdb	0.119048	6.274	24.611
complex.883.pdb	0	11.558	39.059
complex.884.pdb	0	19.666	41.160
complex.885.pdb	0.190476	12.017	29.909
complex.886.pdb	0	18.192	37.260
complex.887.pdb	0.047619	10.250	30.109
complex.888.pdb	0.047619	9.787	30.510
complex.889.pdb	0.0952381	9.382	29.557
complex.890.pdb	0.119048	11.029	28.220
complex.891.pdb	0	16.851	28.496
complex.892.pdb	0	16.507	30.000
complex.893.pdb	0.142857	6.052	25.818
complex.894.pdb	0	10.300	29.650
complex.895.pdb	0	12.653	45.855
complex.896.pdb	0	13.227	41.581
complex.897.pdb	0.047619	14.970	31.683
complex.898.pdb	0	17.125	36.496
complex.899.pdb	0	16.333	26.881
complex.900.pdb	0	21.192	47.895
complex.901.pdb	0	16.774	34.753
complex.902.pdb	0	11.131	36.483
complex.903.pdb	0	21.791	50.635
complex.904.pdb	0.0238095	7.806	19.546
complex.905.pdb	0	19.526	42.854
complex.906.pdb	0	17.823	38.319
complex.907.pdb	0	18.041	40.943
complex.908.pdb	0.0238095	13.418	28.454
complex.909.pdb	0.142857	12.790	32.641
complex.910.pdb	0	20.581	44.369
complex.911.pdb	0.0952381	8.746	27.006
complex.912.pdb	0	15.015	25.373
complex.913.pdb	0.142857	13.590	31.216
complex.914.pdb	0	16.544	27.318
complex.915.pdb	0.119048	5.873	22.862
complex.916.pdb	0	11.268	40.832
complex.917.pdb	0.142857	12.627	32.516
complex.918.pdb	0	15.793	53.112
complex.919.pdb	0	12.931	33.995
complex.920.pdb	0	15.319	54.784
complex.921.pdb	0	10.984	29.655
complex.922.pdb	0	15.762	29.913
complex.923.pdb	0	17.520	34.243
complex.924.pdb	0	12.668	35.016
complex.925.pdb	0.238095	8.191	21.500
complex.926.pdb	0.142857	6.511	22.966
complex.927.pdb	0	14.223	36.361
complex.928.pdb	0.142857	10.208	30.184
complex.929.pdb	0.119048	13.099	28.241
complex.930.pdb	0	17.108	33.299
complex.931.pdb	0.261905	5.268	16.967
complex.932.pdb	0.047619	10.557	29.254
complex.933.pdb	0.0238095	13.440	29.218
complex.934.pdb	0	13.042	50.438
complex.935.pdb	0	14.576	32.866
complex.936.pdb	0	11.314	44.263
complex.937.pdb	0.0714286	10.837	28.738
complex.938.pdb	0.047619	6.784	30.137
complex.939.pdb	0	19.613	39.000
complex.940.pdb	0.047619	6.151	21.323
complex.941.pdb	0.142857	12.505	29.945
complex.942.pdb	0	12.937	47.821
complex.943.pdb	0.119048	7.293	25.956
complex.944.pdb	0	17.110	34.645
complex.945.pdb	0.0238095	13.501	32.292
complex.946.pdb	0	15.964	31.113
complex.947.pdb	0	16.195	31.286
complex.948.pdb	0.0238095	13.465	33.524
complex.949.pdb	0	16.473	30.820
complex.950.pdb	0	18.160	39.343
complex.951.pdb	0.119048	13.988	31.945
complex.952.pdb	0.0714286	13.832	43.156
complex.953.pdb	0	16.205	29.004
complex.954.pdb	0	15.125	27.064
complex.955.pdb	0	14.260	36.344
complex.956.pdb	0	8.808	27.681
complex.957.pdb	0	15.948	42.121
complex.958.pdb	0	7.495	29.149
complex.959.pdb	0	12.882	33.309
complex.960.pdb	0.166667	9.178	23.988
complex.961.pdb	0	13.664	31.905
complex.962.pdb	0.0238095	6.669	23.220
complex.963.pdb	0.047619	13.058	34.070
complex.964.pdb	0	16.048	29.215
complex.965.pdb	0	10.299	29.048
complex.966.pdb	0	14.889	30.119
complex.967.pdb	0.142857	8.899	32.105
complex.968.pdb	0.119048	8.814	24.121
complex.969.pdb	0	14.674	51.971
complex.970.pdb	0	14.290	53.920
complex.971.pdb	0.0952381	10.596	34.603
complex.972.pdb	0.0952381	11.171	33.791
complex.973.pdb	0.0238095	11.498	42.993
complex.974.pdb	0	10.896	32.324
complex.975.pdb	0	7.567	23.934
complex.976.pdb	0	16.673	29.074
complex.977.pdb	0.0952381	7.939	27.130
complex.978.pdb	0	15.720	30.178
complex.979.pdb	0	17.745	33.241
complex.980.pdb	0.047619	8.183	27.937
complex.981.pdb	0.166667	6.426	14.450
complex.982.pdb	0	19.045	33.441
complex.983.pdb	0	13.886	52.151
complex.984.pdb	0.0238095	14.631	37.898
complex.985.pdb	0.142857	12.644	35.198
complex.986.pdb	0	16.058	36.282
complex.987.pdb	0	15.743	24.777
complex.988.pdb	0.047619	10.086	31.979
complex.989.pdb	0	16.027	28.197
complex.990.pdb	0.0238095	13.646	33.635
complex.991.pdb	0.0952381	7.857	22.395
complex.992.pdb	0	12.493	48.310
complex.993.pdb	0	15.648	28.160
complex.994.pdb	0	15.144	30.022
complex.995.pdb	0	17.662	33.075
complex.996.pdb	0.0952381	14.742	35.464
complex.997.pdb	0	13.868	23.744
complex.998.pdb	0	14.965	37.107
complex.999.pdb	0	14.436	28.941
complex.1000.pdb	0	11.126	26.282
complex.1001.pdb	0.047619	14.013	32.303
complex.1002.pdb	0	15.681	41.456
complex.1003.pdb	0	11.191	42.696
complex.1004.pdb	0.190476	11.508	29.365
complex.1005.pdb	0	17.040	29.280
complex.1006.pdb	0.0714286	10.610	38.900
complex.1007.pdb	0	11.488	40.795
complex.1008.pdb	0	12.278	33.993
complex.1009.pdb	0	14.260	30.497
complex.1010.pdb	0.0952381	11.421	36.015
complex.1011.pdb	0	14.505	52.751
complex.1012.pdb	0	13.530	51.568
complex.1013.pdb	0.0238095	11.586	32.169
complex.1014.pdb	0	14.681	51.523
complex.1015.pdb	0	17.525	34.430
complex.1016.pdb	0.119048	10.588	29.279
complex.1017.pdb	0.0714286	13.088	30.971
complex.1018.pdb	0	14.572	50.463
complex.1019.pdb	0.0952381	10.184	26.148
complex.1020.pdb	0	15.032	44.683
complex.1021.pdb	0	12.595	42.938
complex.1022.pdb	0	15.108	50.539
complex.1023.pdb	0.0238095	7.441	22.738
complex.1024.pdb	0	14.451	53.128
complex.1025.pdb	0	9.079	32.958
complex.1026.pdb	0	13.574	30.586
complex.1027.pdb	0	14.413	50.153
complex.1028.pdb	0	12.604	43.691
complex.1029.pdb	0.047619	12.924	34.127
complex.1030.pdb	0	11.797	41.757
complex.1031.pdb	0	15.114	33.622
complex.1032.pdb	0	16.765	34.938
complex.1033.pdb	0.119048	12.705	34.493
complex.1034.pdb	0	12.874	47.262
complex.1035.pdb	0	18.594	35.114
complex.1036.pdb	0	17.227	31.753
complex.1037.pdb	0	15.447	22.222
complex.1038.pdb	0	12.637	35.596
complex.1039.pdb	0	11.933	44.558
complex.1040.pdb	0.142857	4.657	18.633
complex.1041.pdb	0	15.483	24.186
complex.1042.pdb	0.119048	10.869	35.243
complex.1043.pdb	0.047619	12.156	30.012
complex.1044.pdb	0.261905	5.622	15.379
complex.1045.pdb	0	19.221	39.970
complex.1046.pdb	0	11.534	45.031
complex.1047.pdb	0	13.453	44.341
complex.1048.pdb	0.047619	11.988	32.315
complex.1049.pdb	0	13.457	50.493
complex.1050.pdb	0.0238095	12.223	40.882
complex.1051.pdb	0.214286	4.869	11.968
complex.1052.pdb	0.047619	8.341	26.861
complex.1053.pdb	0	15.831	28.360
complex.1054.pdb	0	18.103	40.585
complex.1055.pdb	0	8.427	29.947
complex.1056.pdb	0	14.139	49.083
complex.1057.pdb	0	7.623	17.779
complex.1058.pdb	0.0952381	11.221	26.126
complex.1059.pdb	0.0952381	12.830	27.711
complex.1060.pdb	0	15.136	26.863
complex.1061.pdb	0.0714286	13.786	32.751
complex.1062.pdb	0	12.157	47.892
complex.1063.pdb	0	17.458	37.053
complex.1064.pdb	0.166667	11.427	31.273
complex.1065.pdb	0	11.984	49.554
complex.1066.pdb	0	18.907	34.513
complex.1067.pdb	0.309524	6.090	16.393
complex.1068.pdb	0	13.715	45.772
complex.1069.pdb	0	14.496	37.485
complex.1070.pdb	0	18.054	41.705
complex.1071.pdb	0	17.275	30.392
complex.1072.pdb	0	19.157	30.807
complex.1073.pdb	0.142857	4.704	14.902
complex.1074.pdb	0	18.402	38.017
complex.1075.pdb	0	14.627	38.657
complex.1076.pdb	0	14.292	51.856
complex.1077.pdb	0	14.898	53.381
complex.1078.pdb	0	16.430	25.882
complex.1079.pdb	0.0238095	11.424	34.143
complex.1080.pdb	0	9.886	29.161
complex.1081.pdb	0	13.278	29.881
complex.1082.pdb	0.0714286	14.625	33.539
complex.1083.pdb	0.047619	5.928	29.586
complex.1084.pdb	0	9.548	27.075
complex.1085.pdb	0	17.823	39.675
complex.1086.pdb	0.047619	10.787	35.721
complex.1087.pdb	0	11.701	24.020
complex.1088.pdb	0	16.083	28.704
complex.1089.pdb	0	20.215	43.151
complex.1090.pdb	0.0238095	8.555	28.923
complex.1091.pdb	0	13.409	29.432
complex.1092.pdb	0	11.877	24.558
complex.1093.pdb	0.047619	9.096	31.348
complex.1094.pdb	0	19.096	35.341
complex.1095.pdb	0	17.217	35.097
complex.1096.pdb	0	15.252	49.998
complex.1097.pdb	0	15.752	51.565
complex.1098.pdb	0	15.465	53.706
complex.1099.pdb	0.119048	13.471	34.605
complex.1100.pdb	0.0952381	8.523	19.073
complex.1101.pdb	0	17.567	35.144
complex.1102.pdb	0.0238095	13.584	32.866
complex.1103.pdb	0.190476	7.486	22.199
complex.1104.pdb	0.0238095	15.021	36.097
complex.1105.pdb	0	17.194	35.550
complex.1106.pdb	0	19.909	38.499
complex.1107.pdb	0.0238095	10.340	35.142
complex.1108.pdb	0.047619	10.298	24.325
complex.1109.pdb	0	16.433	30.537
complex.1110.pdb	0	19.717	36.861
complex.1111.pdb	0.166667	13.559	30.857
complex.1112.pdb	0.047619	11.047	36.356
complex.1113.pdb	0	16.586	35.108
complex.1114.pdb	0	10.639	34.722
complex.1115.pdb	0	12.342	48.331
complex.1116.pdb	0	15.082	27.236
complex.1117.pdb	0.0714286	13.904	32.972
complex.1118.pdb	0	9.032	35.026
complex.1119.pdb	0	16.768	29.352
complex.1120.pdb	0.0714286	8.952	41.888
complex.1121.pdb	0	16.868	30.915
complex.1122.pdb	0	11.609	34.093
complex.1123.pdb	0.0714286	11.114	31.966
complex.1124.pdb	0	16.125	27.461
complex.1125.pdb	0	16.402	30.391
complex.1126.pdb	0	15.338	23.760
complex.1127.pdb	0	19.188	41.244
complex.1128.pdb	0.047619	14.957	32.734
complex.1129.pdb	0	11.745	44.599
complex.1130.pdb	0.0714286	12.595	38.088
complex.1131.pdb	0.119048	5.404	10.797
complex.1132.pdb	0	15.309	28.911
complex.1133.pdb	0	11.571	34.807
complex.1134.pdb	0.285714	6.643	20.428
complex.1135.pdb	0	12.522	34.033
complex.1136.pdb	0	10.255	28.626
complex.1137.pdb	0	12.559	37.432
complex.1138.pdb	0	17.695	31.443
complex.1139.pdb	0	15.668	32.407
complex.1140.pdb	0	16.349	37.869
complex.1141.pdb	0	16.538	29.659
complex.1142.pdb	0	15.482	31.437
complex.1143.pdb	0.047619	14.433	37.240
complex.1144.pdb	0.0714286	13.550	29.752
complex.1145.pdb	0.0714286	11.975	27.815
complex.1146.pdb	0	13.899	34.040
complex.1147.pdb	0.0238095	13.545	44.451
complex.1148.pdb	0.166667	10.045	26.375
complex.1149.pdb	0	16.749	29.211
complex.1150.pdb	0	13.986	56.357
complex.1151.pdb	0.0238095	13.479	36.584
complex.1152.pdb	0.0952381	8.794	30.781
complex.1153.pdb	0	20.047	43.735
complex.1154.pdb	0.166667	13.789	32.114
complex.1155.pdb	0	11.683	31.752
complex.1156.pdb	0	19.921	41.709
complex.1157.pdb	0.0714286	9.780	34.293
complex.1158.pdb	0	8.586	38.929
complex.1159.pdb	0	15.081	27.477
complex.1160.pdb	0	19.318	37.823
complex.1161.pdb	0	14.057	53.262
complex.1162.pdb	0.166667	7.481	17.058
complex.1163.pdb	0	16.761	31.425
complex.1164.pdb	0.0238095	12.729	44.385
complex.1165.pdb	0	10.414	43.331
complex.1166.pdb	0	12.519	50.996
complex.1167.pdb	0	11.712	35.571
complex.1168.pdb	0.0952381	11.306	35.970
complex.1169.pdb	0	19.297	39.160
complex.1170.pdb	0	19.001	35.785
complex.1171.pdb	0.047619	14.458	38.915
complex.1172.pdb	0	19.392	43.596
complex.1173.pdb	0	11.779	34.959
complex.1174.pdb	0	13.798	31.327
complex.1175.pdb	0.0952381	7.484	28.447
complex.1176.pdb	0	16.516	37.121
complex.1177.pdb	0	19.073	36.834
complex.1178.pdb	0	9.673	40.612
complex.1179.pdb	0	9.960	40.999
complex.1180.pdb	0.0238095	9.962	30.845
complex.1181.pdb	0.0952381	9.344	33.520
complex.1182.pdb	0.119048	6.441	24.824
complex.1183.pdb	0	14.906	40.193
complex.1184.pdb	0	13.136	45.955
complex.1185.pdb	0	16.394	31.048
complex.1186.pdb	0.166667	13.390	31.479
complex.1187.pdb	0	16.176	39.488
complex.1188.pdb	0.0238095	14.411	32.603
complex.1189.pdb	0.0238095	13.724	31.945
complex.1190.pdb	0	18.599	30.342
complex.1191.pdb	0.166667	10.679	34.412
complex.1192.pdb	0	14.046	24.536
complex.1193.pdb	0	18.406	36.511
complex.1194.pdb	0	8.043	24.496
complex.1195.pdb	0	19.029	33.129
complex.1196.pdb	0	10.298	30.765
complex.1197.pdb	0	17.773	37.233
complex.1198.pdb	0	11.614	46.373
complex.1199.pdb	0	10.984	22.594
complex.1200.pdb	0	14.984	50.751
complex.1201.pdb	0	15.878	26.248
complex.1202.pdb	0	12.565	49.539
complex.1203.pdb	0	15.758	50.693
complex.1204.pdb	0	10.920	37.451
complex.1205.pdb	0	12.553	52.273
complex.1206.pdb	0	20.366	45.410
complex.1207.pdb	0.047619	15.054	33.823
complex.1208.pdb	0	9.522	40.085
complex.1209.pdb	0.0952381	10.008	31.299
complex.1210.pdb	0.0238095	11.916	40.184
complex.1211.pdb	0.0952381	8.757	27.022
complex.1212.pdb	0	9.653	20.744
complex.1213.pdb	0	16.840	29.843
complex.1214.pdb	0	13.421	38.924
complex.1215.pdb	0	21.639	48.955
complex.1216.pdb	0	16.016	25.189
complex.1217.pdb	0	16.557	27.764
complex.1218.pdb	0	12.170	27.893
complex.1219.pdb	0	15.675	37.729
complex.1220.pdb	0	19.138	37.563
complex.1221.pdb	0	17.398	38.722
complex.1222.pdb	0.0952381	11.365	33.632
complex.1223.pdb	0.190476	4.481	19.172
complex.1224.pdb	0	16.192	34.693
complex.1225.pdb	0.047619	13.669	33.385
complex.1226.pdb	0	15.222	51.879
complex.1227.pdb	0	13.886	51.981
complex.1228.pdb	0.119048	13.022	33.478
complex.1229.pdb	0	12.615	45.045
complex.1230.pdb	0	13.150	33.813
complex.1231.pdb	0	13.964	52.425
complex.1232.pdb	0	16.545	32.491
complex.1233.pdb	0.0952381	5.481	19.114
complex.1234.pdb	0	14.370	38.540
complex.1235.pdb	0	15.728	26.214
complex.1236.pdb	0.047619	9.056	22.609
complex.1237.pdb	0	21.727	49.257
complex.1238.pdb	0	16.206	27.595
complex.1239.pdb	0	17.675	39.010
complex.1240.pdb	0	15.690	33.068
complex.1241.pdb	0	16.804	36.264
complex.1242.pdb	0	15.345	28.261
complex.1243.pdb	0.119048	9.465	28.138
complex.1244.pdb	0.166667	8.383	22.899
complex.1245.pdb	0	20.555	45.235
complex.1246.pdb	0	15.701	25.897
complex.1247.pdb	0.0238095	8.960	19.660
complex.1248.pdb	0	12.392	52.452
complex.1249.pdb	0.0238095	10.990	34.229
complex.1250.pdb	0	15.590	28.013
complex.1251.pdb	0	18.866	41.023
complex.1252.pdb	0.142857	7.048	22.782
complex.1253.pdb	0	15.100	26.613
complex.1254.pdb	0	10.796	32.524
complex.1255.pdb	0	14.303	36.765
complex.1256.pdb	0.047619	15.281	32.517
complex.1257.pdb	0.0238095	13.220	32.091
complex.1258.pdb	0	16.170	24.039
complex.1259.pdb	0.333333	8.344	25.884
complex.1260.pdb	0	16.385	29.078
complex.1261.pdb	0	16.622	30.714
complex.1262.pdb	0	16.585	26.840
complex.1263.pdb	0.0952381	13.318	28.576
complex.1264.pdb	0	16.227	33.883
complex.1265.pdb	0	16.240	30.262
complex.1266.pdb	0	19.639	41.086
complex.1267.pdb	0	16.274	41.102
complex.1268.pdb	0.0238095	6.210	26.363
complex.1269.pdb	0	13.755	36.053
complex.1270.pdb	0.0238095	12.196	31.002
complex.1271.pdb	0	13.705	46.333
complex.1272.pdb	0	20.544	44.858
complex.1273.pdb	0.047619	8.427	17.609
complex.1274.pdb	0	19.183	39.734
complex.1275.pdb	0	16.357	34.267
complex.1276.pdb	0	14.744	33.216
complex.1277.pdb	0	13.941	55.044
complex.1278.pdb	0.309524	5.630	15.377
complex.1279.pdb	0	20.557	43.213
complex.1280.pdb	0	19.376	37.904
complex.1281.pdb	0	15.590	28.867
complex.1282.pdb	0	11.002	22.106
complex.1283.pdb	0	11.806	39.059
complex.1284.pdb	0.404762	4.951	16.682
complex.1285.pdb	0.190476	5.912	17.226
complex.1286.pdb	0	15.409	35.188
complex.1287.pdb	0	15.910	51.119
complex.1288.pdb	0	12.898	36.527
complex.1289.pdb	0	16.024	39.937
complex.1290.pdb	0	17.711	35.458
complex.1291.pdb	0	18.892	39.096
complex.1292.pdb	0.047619	6.305	25.181
complex.1293.pdb	0	9.919	24.138
complex.1294.pdb	0	14.837	37.321
complex.1295.pdb	0	16.517	37.024
complex.1296.pdb	0	17.497	30.611
complex.1297.pdb	0	17.383	38.575
complex.1298.pdb	0	15.828	53.461
complex.1299.pdb	0.0714286	13.868	33.978
complex.1300.pdb	0	19.985	44.325
complex.1301.pdb	0	14.287	50.523
complex.1302.pdb	0	19.270	38.536
complex.1303.pdb	0.166667	11.823	36.560
complex.1304.pdb	0	17.578	36.676
complex.1305.pdb	0.166667	6.163	23.187
complex.1306.pdb	0.0952381	7.262	26.463
complex.1307.pdb	0	15.888	25.205
complex.1308.pdb	0	14.562	28.680
complex.1309.pdb	0.047619	9.759	30.333
complex.1310.pdb	0	19.527	38.252
complex.1311.pdb	0	16.119	39.408
complex.1312.pdb	0	14.170	36.964
complex.1313.pdb	0.142857	12.159	31.814
complex.1314.pdb	0	14.951	49.440
complex.1315.pdb	0.119048	8.166	23.279
complex.1316.pdb	0	16.345	28.983
complex.1317.pdb	0.0238095	10.113	29.976
complex.1318.pdb	0	18.397	32.278
complex.1319.pdb	0	11.131	35.662
complex.1320.pdb	0	16.496	51.037
complex.1321.pdb	0.166667	6.176	20.808
complex.1322.pdb	0.0238095	11.079	32.350
complex.1323.pdb	0.166667	10.452	32.076
complex.1324.pdb	0	16.854	36.406
complex.1325.pdb	0	13.093	45.585
complex.1326.pdb	0	16.431	33.371
complex.1327.pdb	0	12.312	48.721
complex.1328.pdb	0.0714286	11.205	32.225
complex.1329.pdb	0	14.240	28.497
complex.1330.pdb	0.190476	11.431	31.379
complex.1331.pdb	0	19.980	34.174
complex.1332.pdb	0.0952381	12.880	40.094
complex.1333.pdb	0	14.543	54.707
complex.1334.pdb	0	13.860	37.046
complex.1335.pdb	0.0714286	14.383	31.626
complex.1336.pdb	0	10.746	33.661
complex.1337.pdb	0.0952381	12.705	38.812
complex.1338.pdb	0	16.643	25.143
complex.1339.pdb	0.166667	8.498	26.576
complex.1340.pdb	0.047619	7.711	24.871
complex.1341.pdb	0	17.395	31.811
complex.1342.pdb	0.047619	13.347	31.757
complex.1343.pdb	0	20.750	47.451
complex.1344.pdb	0	16.061	28.638
complex.1345.pdb	0.0238095	16.149	29.240
complex.1346.pdb	0.380952	5.830	18.653
complex.1347.pdb	0	17.296	39.146
complex.1348.pdb	0	14.479	53.963
complex.1349.pdb	0	13.426	49.592
complex.1350.pdb	0	13.718	36.223
complex.1351.pdb	0	8.564	30.149
complex.1352.pdb	0	12.626	35.094
complex.1353.pdb	0	15.509	24.041
complex.1354.pdb	0	13.223	45.127
complex.1355.pdb	0	17.609	36.613
complex.1356.pdb	0	15.864	27.983
complex.1357.pdb	0	15.970	28.995
complex.1358.pdb	0.0238095	9.657	29.348
complex.1359.pdb	0.047619	7.735	28.034
complex.1360.pdb	0	16.284	24.993
complex.1361.pdb	0	9.774	30.327
complex.1362.pdb	0	14.011	31.176
complex.1363.pdb	0	16.943	32.303
complex.1364.pdb	0.0952381	10.952	23.717
complex.1365.pdb	0	13.386	53.387
complex.1366.pdb	0	16.691	34.459
complex.1367.pdb	0.047619	10.425	26.917
complex.1368.pdb	0	16.040	42.334
complex.1369.pdb	0	13.400	30.198
complex.1370.pdb	0	16.511	27.813
complex.1371.pdb	0.0238095	11.082	29.854
complex.1372.pdb	0	14.368	50.337
complex.1373.pdb	0	12.146	46.433
complex.1374.pdb	0	16.022	28.680
complex.1375.pdb	0	15.503	51.916
complex.1376.pdb	0	17.244	33.382
complex.1377.pdb	0.047619	14.859	32.308
complex.1378.pdb	0	11.480	37.240
complex.1379.pdb	0.166667	11.710	36.415
complex.1380.pdb	0	13.574	48.950
complex.1381.pdb	0	13.392	33.497
complex.1382.pdb	0	13.066	35.434
complex.1383.pdb	0	13.162	32.319
complex.1384.pdb	0.0238095	11.586	31.659
complex.1385.pdb	0.047619	14.683	34.227
complex.1386.pdb	0.142857	13.361	32.846
complex.1387.pdb	0	16.195	30.511
complex.1388.pdb	0	17.657	34.191
complex.1389.pdb	0.0952381	13.434	31.563
complex.1390.pdb	0.0238095	13.647	32.895
complex.1391.pdb	0.0238095	14.626	39.029
complex.1392.pdb	0.142857	12.724	33.110
complex.1393.pdb	0	15.790	31.190
complex.1394.pdb	0	12.108	34.618
complex.1395.pdb	0.0238095	12.537	31.157
complex.1396.pdb	0	9.467	24.708
complex.1397.pdb	0	10.442	32.414
complex.1398.pdb	0.119048	7.303	21.780
complex.1399.pdb	0	15.240	32.329
complex.1400.pdb	0.0238095	12.080	40.666
complex.1401.pdb	0.0238095	12.276	28.720
complex.1402.pdb	0	17.412	41.049
complex.1403.pdb	0	17.756	34.021
complex.1404.pdb	0	15.275	52.273
complex.1405.pdb	0	20.471	44.117
complex.1406.pdb	0	11.331	35.727
complex.1407.pdb	0	8.498	31.094
complex.1408.pdb	0.0952381	9.960	37.152
complex.1409.pdb	0	14.206	37.256
complex.1410.pdb	0	9.281	25.773
complex.1411.pdb	0	15.651	24.381
complex.1412.pdb	0.142857	12.627	37.493
complex.1413.pdb	0	13.011	49.144
complex.1414.pdb	0	16.877	30.390
complex.1415.pdb	0	16.038	27.125
complex.1416.pdb	0.0714286	14.822	30.637
complex.1417.pdb	0	18.879	35.461
complex.1418.pdb	0	21.734	46.181
complex.1419.pdb	0.119048	10.274	25.337
complex.1420.pdb	0	18.265	33.406
complex.1421.pdb	0.0238095	13.063	39.213
complex.1422.pdb	0	14.303	40.126
complex.1423.pdb	0	20.110	46.774
complex.1424.pdb	0	14.404	29.318
complex.1425.pdb	0	16.372	39.054
complex.1426.pdb	0	11.275	38.366
complex.1427.pdb	0	13.569	42.830
complex.1428.pdb	0	18.518	34.303
complex.1429.pdb	0	8.830	25.360
complex.1430.pdb	0	20.235	52.667
complex.1431.pdb	0	21.010	59.588
complex.1432.pdb	0	18.143	37.005
complex.1433.pdb	0.047619	8.181	27.599
complex.1434.pdb	0.0238095	8.496	22.886
complex.1435.pdb	0	15.153	28.088
complex.1436.pdb	0.142857	12.144	31.886
complex.1437.pdb	0	19.285	41.280
complex.1438.pdb	0.0952381	14.837	32.488
complex.1439.pdb	0	13.670	56.553
complex.1440.pdb	0	20.878	47.599
complex.1441.pdb	0	20.113	45.715
complex.1442.pdb	0	14.749	54.759
complex.1443.pdb	0.047619	11.123	25.655
complex.1444.pdb	0	18.492	33.931
complex.1445.pdb	0	19.947	43.849
complex.1446.pdb	0	15.737	26.427
complex.1447.pdb	0	13.842	48.612
complex.1448.pdb	0	14.977	30.374
complex.1449.pdb	0	15.384	54.592
complex.1450.pdb	0.0714286	13.949	36.171
complex.1451.pdb	0.119048	6.591	16.404
complex.1452.pdb	0	16.992	38.122
complex.1453.pdb	0	18.633	38.432
complex.1454.pdb	0	19.539	35.204
complex.1455.pdb	0.047619	11.688	38.449
complex.1456.pdb	0	11.956	43.799
complex.1457.pdb	0	10.360	33.709
complex.1458.pdb	0	19.143	42.713
complex.1459.pdb	0	13.555	49.020
complex.1460.pdb	0	13.609	48.804
complex.1461.pdb	0	17.365	30.223
complex.1462.pdb	0	16.427	29.982
complex.1463.pdb	0	13.171	48.589
complex.1464.pdb	0	15.649	29.249
complex.1465.pdb	0.119048	10.457	29.625
complex.1466.pdb	0	17.745	38.412
complex.1467.pdb	0.142857	11.271	30.202
complex.1468.pdb	0.0238095	9.055	26.635
complex.1469.pdb	0	16.350	23.338
complex.1470.pdb	0	14.337	49.479
complex.1471.pdb	0	16.951	31.326
complex.1472.pdb	0.047619	10.586	40.750
complex.1473.pdb	0	13.196	38.356
complex.1474.pdb	0.0952381	6.221	16.989
complex.1475.pdb	0	20.718	44.592
complex.1476.pdb	0.166667	8.917	23.339
complex.1477.pdb	0.0238095	10.895	34.928
complex.1478.pdb	0.0238095	13.125	40.559
complex.1479.pdb	0	19.309	38.762
complex.1480.pdb	0	15.008	49.134
complex.1481.pdb	0	20.000	43.882
complex.1482.pdb	0.047619	11.019	39.571
complex.1483.pdb	0	16.079	24.093
complex.1484.pdb	0	15.259	52.668
complex.1485.pdb	0.142857	12.994	33.320
complex.1486.pdb	0	16.137	53.330
complex.1487.pdb	0	17.310	40.626
complex.1488.pdb	0	15.136	55.218
complex.1489.pdb	0	18.538	34.353
complex.1490.pdb	0.166667	13.438	32.236
complex.1491.pdb	0	13.020	37.289
complex.1492.pdb	0	17.715	41.300
complex.1493.pdb	0	19.015	39.010
complex.1494.pdb	0	15.384	52.454
complex.1495.pdb	0	18.559	40.560
complex.1496.pdb	0	20.515	43.956
complex.1497.pdb	0	15.528	52.462
complex.1498.pdb	0.0714286	5.375	27.020
complex.1499.pdb	0.0952381	9.426	26.387
complex.1500.pdb	0.0238095	11.113	36.221
complex.1501.pdb	0	16.661	35.226
complex.1502.pdb	0	17.444	33.925
complex.1503.pdb	0	19.423	39.845
complex.1504.pdb	0	16.461	26.573
complex.1505.pdb	0	13.216	45.289
complex.1506.pdb	0	14.710	37.964
complex.1507.pdb	0	16.061	28.165
complex.1508.pdb	0	16.081	29.190
complex.1509.pdb	0	15.880	28.203
complex.1510.pdb	0	13.182	51.063
complex.1511.pdb	0	19.031	36.891
complex.1512.pdb	0.214286	5.381	15.231
complex.1513.pdb	0	17.423	38.811
complex.1514.pdb	0	19.911	40.017
complex.1515.pdb	0	10.604	31.269
complex.1516.pdb	0	22.139	48.185
complex.1517.pdb	0.0714286	12.143	41.155
complex.1518.pdb	0.166667	12.426	32.360
complex.1519.pdb	0	14.002	40.286
complex.1520.pdb	0	14.889	48.612
complex.1521.pdb	0.285714	6.514	15.739
complex.1522.pdb	0	16.541	33.909
complex.1523.pdb	0	15.746	52.925
complex.1524.pdb	0	12.578	40.989
complex.1525.pdb	0.047619	9.790	38.905
complex.1526.pdb	0.0714286	10.226	28.311
complex.1527.pdb	0	12.629	45.201
complex.1528.pdb	0.0238095	8.662	25.909
complex.1529.pdb	0	17.135	32.707
complex.1530.pdb	0	15.937	29.885
complex.1531.pdb	0	17.381	36.713
complex.1532.pdb	0	11.946	48.643
complex.1533.pdb	0	13.007	33.427
complex.1534.pdb	0.0238095	12.892	31.891
complex.1535.pdb	0	17.849	36.267
complex.1536.pdb	0	14.538	53.780
complex.1537.pdb	0	16.437	28.803
complex.1538.pdb	0	15.177	37.215
complex.1539.pdb	0	20.873	47.314
complex.1540.pdb	0	13.579	36.400
complex.1541.pdb	0	20.074	38.400
complex.1542.pdb	0	15.496	44.049
complex.1543.pdb	0	13.334	54.879
complex.1544.pdb	0	19.914	43.051
complex.1545.pdb	0	21.185	47.946
complex.1546.pdb	0	19.088	39.919
complex.1547.pdb	0.166667	10.375	29.649
complex.1548.pdb	0	16.561	32.494
complex.1549.pdb	0	10.324	28.456
complex.1550.pdb	0	15.630	36.800
complex.1551.pdb	0.047619	14.720	30.955
complex.1552.pdb	0.0714286	9.882	35.740
complex.1553.pdb	0	21.072	47.143
complex.1554.pdb	0	12.766	24.499
complex.1555.pdb	0.0714286	9.061	29.347
complex.1556.pdb	0	17.896	33.671
complex.1557.pdb	0.047619	10.765	36.898
complex.1558.pdb	0	18.544	41.447
complex.1559.pdb	0	16.185	30.188
complex.1560.pdb	0.047619	14.966	34.395
complex.1561.pdb	0	16.742	31.444
complex.1562.pdb	0	16.489	41.949
complex.1563.pdb	0	18.308	35.132
complex.1564.pdb	0	12.422	34.639
complex.1565.pdb	0	17.888	39.515
complex.1566.pdb	0	16.797	29.706
complex.1567.pdb	0.047619	8.322	23.682
complex.1568.pdb	0.0238095	11.283	35.220
complex.1569.pdb	0	17.042	25.823
complex.1570.pdb	0	18.699	40.839
complex.1571.pdb	0.0714286	13.812	28.188
complex.1572.pdb	0	16.985	36.461
complex.1573.pdb	0	16.205	29.572
complex.1574.pdb	0	15.987	37.504
complex.1575.pdb	0	17.427	34.330
complex.1576.pdb	0	17.067	31.493
complex.1577.pdb	0	10.493	36.698
complex.1578.pdb	0	21.697	48.657
complex.1579.pdb	0	16.170	29.751
complex.1580.pdb	0	12.953	45.996
complex.1581.pdb	0	18.596	35.315
complex.1582.pdb	0.0238095	9.372	27.984
complex.1583.pdb	0	14.156	41.117
complex.1584.pdb	0	7.267	17.726
complex.1585.pdb	0.166667	5.494	20.876
complex.1586.pdb	0	16.357	30.745
complex.1587.pdb	0.0238095	16.682	36.977
complex.1588.pdb	0.0714286	13.602	31.414
complex.1589.pdb	0	19.117	38.235
complex.1590.pdb	0.0714286	6.171	26.116
complex.1591.pdb	0.0238095	6.948	20.708
complex.1592.pdb	0	11.082	46.585
complex.1593.pdb	0	19.245	43.893
complex.1594.pdb	0	15.895	31.751
complex.1595.pdb	0	12.387	41.639
complex.1596.pdb	0	17.568	36.029
complex.1597.pdb	0	8.005	32.599
complex.1598.pdb	0.0238095	8.706	25.275
complex.1599.pdb	0	18.917	35.399
complex.1600.pdb	0	13.501	50.919
complex.1601.pdb	0	17.219	32.426
complex.1602.pdb	0	15.863	50.904
complex.1603.pdb	0	17.696	30.382
complex.1604.pdb	0	13.588	51.208
complex.1605.pdb	0.0238095	10.681	30.999
complex.1606.pdb	0.0952381	11.179	26.275
complex.1607.pdb	0	14.662	51.850
complex.1608.pdb	0	10.885	35.133
complex.1609.pdb	0	13.602	49.796
complex.1610.pdb	0	14.092	24.928
complex.1611.pdb	0	15.650	22.643
complex.1612.pdb	0	11.454	43.547
complex.1613.pdb	0	15.191	35.042
complex.1614.pdb	0	13.548	36.259
complex.1615.pdb	0.0714286	9.367	22.207
complex.1616.pdb	0	15.449	23.784
complex.1617.pdb	0	15.276	30.583
complex.1618.pdb	0	19.730	47.996
complex.1619.pdb	0.0714286	14.426	33.198
complex.1620.pdb	0	12.287	33.905
complex.1621.pdb	0	11.114	24.603
complex.1622.pdb	0	19.212	42.569
complex.1623.pdb	0	15.786	25.559
complex.1624.pdb	0	16.380	29.779
complex.1625.pdb	0.0238095	12.943	34.353
complex.1626.pdb	0	16.049	21.599
complex.1627.pdb	0	15.778	28.034
complex.1628.pdb	0	17.944	39.156
complex.1629.pdb	0	10.134	36.368
complex.1630.pdb	0	16.666	40.069
complex.1631.pdb	0	12.365	52.908
complex.1632.pdb	0.0714286	15.540	33.242
complex.1633.pdb	0.119048	8.856	17.768
complex.1634.pdb	0	12.872	34.184
complex.1635.pdb	0	16.753	37.073
complex.1636.pdb	0	15.229	29.712
complex.1637.pdb	0	12.980	53.338
complex.1638.pdb	0	11.306	42.628
complex.1639.pdb	0	8.561	24.451
complex.1640.pdb	0	15.435	26.188
complex.1641.pdb	0	14.399	39.162
complex.1642.pdb	0.0714286	7.971	21.399
complex.1643.pdb	0	18.831	36.212
complex.1644.pdb	0	16.626	54.417
complex.1645.pdb	0	12.432	53.102
complex.1646.pdb	0	15.802	30.008
complex.1647.pdb	0	19.047	37.864
complex.1648.pdb	0	16.522	37.092
complex.1649.pdb	0	18.979	34.137
complex.1650.pdb	0	9.992	28.997
complex.1651.pdb	0.119048	13.034	29.448
complex.1652.pdb	0	17.021	29.796
complex.1653.pdb	0	14.511	29.202
complex.1654.pdb	0	17.584	40.441
complex.1655.pdb	0	15.611	28.873
complex.1656.pdb	0.119048	12.273	30.334
complex.1657.pdb	0	20.026	42.280
complex.1658.pdb	0.0238095	13.567	41.916
complex.1659.pdb	0.142857	6.604	24.218
complex.1660.pdb	0	14.708	51.326
complex.1661.pdb	0	14.961	24.183
complex.1662.pdb	0	14.350	30.767
complex.1663.pdb	0.0238095	13.134	38.726
complex.1664.pdb	0.047619	15.504	36.203
complex.1665.pdb	0	19.980	36.064
complex.1666.pdb	0.0714286	13.188	40.477
complex.1667.pdb	0	16.617	38.649
complex.1668.pdb	0	10.816	45.963
complex.1669.pdb	0	12.574	34.635
complex.1670.pdb	0	16.279	25.221
complex.1671.pdb	0	15.364	23.882
complex.1672.pdb	0	19.429	39.891
complex.1673.pdb	0	17.817	31.454
complex.1674.pdb	0.119048	7.360	19.741
complex.1675.pdb	0	14.818	41.555
complex.1676.pdb	0	17.286	34.439
complex.1677.pdb	0	17.985	34.156
complex.1678.pdb	0	15.823	26.523
complex.1679.pdb	0	17.528	36.175
complex.1680.pdb	0	18.793	35.300
complex.1681.pdb	0	17.738	37.888
complex.1682.pdb	0	16.553	35.061
complex.1683.pdb	0	17.609	39.493
complex.1684.pdb	0	13.369	51.311
complex.1685.pdb	0	18.034	37.330
complex.1686.pdb	0.119048	13.495	32.317
complex.1687.pdb	0.119048	12.401	32.098
complex.1688.pdb	0	14.405	24.186
complex.1689.pdb	0	17.736	42.414
complex.1690.pdb	0	13.307	31.016
complex.1691.pdb	0	17.408	36.196
complex.1692.pdb	0	14.831	52.224
complex.1693.pdb	0.0714286	10.222	37.701
complex.1694.pdb	0.047619	10.599	29.314
complex.1695.pdb	0	16.192	29.352
complex.1696.pdb	0	16.551	30.427
complex.1697.pdb	0.119048	9.935	28.487
complex.1698.pdb	0	15.882	29.082
complex.1699.pdb	0.0952381	11.747	38.110
complex.1700.pdb	0	19.679	40.010
complex.1701.pdb	0.119048	6.899	24.623
complex.1702.pdb	0.357143	8.751	24.377
complex.1703.pdb	0.119048	9.188	29.527
complex.1704.pdb	0	15.026	51.446
complex.1705.pdb	0.142857	13.566	35.415
complex.1706.pdb	0.0714286	11.599	26.551
complex.1707.pdb	0	21.834	47.839
complex.1708.pdb	0	20.199	45.118
complex.1709.pdb	0.119048	13.924	32.100
complex.1710.pdb	0.0714286	12.207	36.970
complex.1711.pdb	0.119048	9.102	34.596
complex.1712.pdb	0	19.384	40.223
complex.1713.pdb	0	9.775	31.019
complex.1714.pdb	0.047619	16.113	33.081
complex.1715.pdb	0.0238095	9.103	26.484
complex.1716.pdb	0.119048	10.150	31.418
complex.1717.pdb	0.142857	11.350	33.087
complex.1718.pdb	0	18.102	31.741
complex.1719.pdb	0	15.876	32.938
complex.1720.pdb	0	13.470	44.292
complex.1721.pdb	0	19.504	42.493
complex.1722.pdb	0.142857	9.686	24.404
complex.1723.pdb	0	17.405	31.316
complex.1724.pdb	0	18.654	36.580
complex.1725.pdb	0.190476	7.184	16.673
complex.1726.pdb	0	15.992	26.756
complex.1727.pdb	0	16.196	34.624
complex.1728.pdb	0	18.956	35.875
complex.1729.pdb	0	11.720	46.372
complex.1730.pdb	0.0714286	13.275	31.618
complex.1731.pdb	0	12.361	53.347
complex.1732.pdb	0	12.046	39.594
complex.1733.pdb	0	14.193	36.770
complex.1734.pdb	0.047619	14.884	31.746
complex.1735.pdb	0	15.932	32.008
complex.1736.pdb	0	21.035	58.970
complex.1737.pdb	0	16.947	29.303
complex.1738.pdb	0	19.251	36.352
complex.1739.pdb	0	17.374	44.133
complex.1740.pdb	0	15.348	24.876
complex.1741.pdb	0	18.063	40.488
complex.1742.pdb	0.309524	9.058	27.684
complex.1743.pdb	0	17.023	30.676
complex.1744.pdb	0	17.157	31.400
complex.1745.pdb	0.214286	9.930	23.139
complex.1746.pdb	0	14.787	51.295
complex.1747.pdb	0	15.856	22.794
complex.1748.pdb	0.190476	9.761	27.031
complex.1749.pdb	0	15.688	24.384
complex.1750.pdb	0.0238095	11.486	35.295
complex.1751.pdb	0	17.335	30.515
complex.1752.pdb	0	16.552	40.279
complex.1753.pdb	0	15.691	36.608
complex.1754.pdb	0	17.012	30.982
complex.1755.pdb	0	20.415	50.567
complex.1756.pdb	0.047619	11.838	25.040
complex.1757.pdb	0	16.293	30.180
complex.1758.pdb	0.0238095	13.309	38.348
complex.1759.pdb	0	15.098	32.200
complex.1760.pdb	0	12.951	37.157
complex.1761.pdb	0	14.943	29.701
complex.1762.pdb	0	17.537	39.862
complex.1763.pdb	0	17.957	33.429
complex.1764.pdb	0	14.855	33.368
complex.1765.pdb	0	14.890	54.778
complex.1766.pdb	0	15.854	31.713
complex.1767.pdb	0	8.996	24.155
complex.1768.pdb	0.0238095	12.103	36.016
complex.1769.pdb	0.119048	8.017	22.990
complex.1770.pdb	0.166667	8.228	17.451
complex.1771.pdb	0	10.977	31.900
complex.1772.pdb	0	18.710	33.777
complex.1773.pdb	0	13.452	54.892
complex.1774.pdb	0.0238095	11.775	29.731
complex.1775.pdb	0	19.757	43.429
complex.1776.pdb	0.047619	9.069	31.431
complex.1777.pdb	0	15.002	31.528
complex.1778.pdb	0	13.911	46.734
complex.1779.pdb	0.238095	13.129	29.290
complex.1780.pdb	0	16.955	34.947
complex.1781.pdb	0	16.539	24.475
complex.1782.pdb	0	15.673	23.048
complex.1783.pdb	0.0714286	12.618	29.559
complex.1784.pdb	0	15.626	30.703
complex.1785.pdb	0.047619	9.586	36.600
complex.1786.pdb	0	13.025	35.038
complex.1787.pdb	0.0952381	4.462	21.182
complex.1788.pdb	0.0238095	14.777	36.200
complex.1789.pdb	0	15.460	28.755
complex.1790.pdb	0.047619	13.726	31.656
complex.1791.pdb	0	17.754	37.309
complex.1792.pdb	0.0238095	8.803	20.835
complex.1793.pdb	0	14.085	36.138
complex.1794.pdb	0.0238095	11.362	36.139
complex.1795.pdb	0.142857	13.381	31.286
complex.1796.pdb	0	16.070	33.139
complex.1797.pdb	0	9.652	31.297
complex.1798.pdb	0	16.095	35.605
complex.1799.pdb	0	15.742	28.108
complex.1800.pdb	0	15.389	54.170
complex.1801.pdb	0.047619	12.415	30.193
complex.1802.pdb	0	19.488	43.789
complex.1803.pdb	0.0238095	9.790	32.235
complex.1804.pdb	0	10.302	39.129
complex.1805.pdb	0.0238095	14.224	34.944
complex.1806.pdb	0	11.301	41.044
complex.1807.pdb	0	16.945	31.342
complex.1808.pdb	0	15.313	54.372
complex.1809.pdb	0	13.307	54.927
complex.1810.pdb	0	17.287	33.561
complex.1811.pdb	0.166667	12.993	31.752
complex.1812.pdb	0	16.518	25.773
complex.1813.pdb	0	12.592	40.037
complex.1814.pdb	0	19.073	34.748
complex.1815.pdb	0	15.767	23.602
complex.1816.pdb	0	18.070	34.296
complex.1817.pdb	0	12.943	47.871
complex.1818.pdb	0	14.252	46.324
complex.1819.pdb	0	13.609	34.701
complex.1820.pdb	0	13.920	50.440
complex.1821.pdb	0	20.102	44.309
complex.1822.pdb	0	21.900	50.826
complex.1823.pdb	0	14.900	49.274
complex.1824.pdb	0	16.293	29.133
complex.1825.pdb	0	16.982	33.863
complex.1826.pdb	0	17.747	37.173
complex.1827.pdb	0	15.754	32.294
complex.1828.pdb	0	16.789	30.458
complex.1829.pdb	0	11.338	46.414
complex.1830.pdb	0.119048	12.156	35.692
complex.1831.pdb	0.0952381	9.975	30.508
complex.1832.pdb	0.119048	9.404	23.187
complex.1833.pdb	0	12.057	36.680
complex.1834.pdb	0	14.531	52.152
complex.1835.pdb	0	20.218	43.322
complex.1836.pdb	0	14.504	38.609
complex.1837.pdb	0	15.398	29.850
complex.1838.pdb	0	11.910	35.950
complex.1839.pdb	0	16.651	48.578
complex.1840.pdb	0	15.069	37.138
complex.1841.pdb	0	14.861	54.525
complex.1842.pdb	0	17.010	40.965
complex.1843.pdb	0.0238095	11.800	24.930
complex.1844.pdb	0	15.869	27.226
complex.1845.pdb	0.119048	9.287	22.939
complex.1846.pdb	0	12.401	48.809
complex.1847.pdb	0	18.505	38.888
complex.1848.pdb	0.0238095	6.906	35.852
complex.1849.pdb	0	13.236	38.201
complex.1850.pdb	0.047619	6.594	24.090
complex.1851.pdb	0	8.987	30.938
complex.1852.pdb	0	21.195	47.018
complex.1853.pdb	0	12.829	37.718
complex.1854.pdb	0.0952381	7.616	21.129
complex.1855.pdb	0	12.020	43.635
complex.1856.pdb	0.142857	9.494	27.382
complex.1857.pdb	0.0238095	7.565	26.239
complex.1858.pdb	0.0714286	14.451	33.156
complex.1859.pdb	0	16.817	38.329
complex.1860.pdb	0	15.772	28.382
complex.1861.pdb	0	15.169	29.897
complex.1862.pdb	0	15.366	24.990
complex.1863.pdb	0	16.456	29.186
complex.1864.pdb	0	15.928	27.870
complex.1865.pdb	0	16.100	31.141
complex.1866.pdb	0	13.662	36.542
complex.1867.pdb	0	12.821	36.477
complex.1868.pdb	0.0238095	9.746	32.489
complex.1869.pdb	0	16.847	35.241
complex.1870.pdb	0	10.720	31.337
complex.1871.pdb	0	15.244	27.801
complex.1872.pdb	0	13.323	49.900
complex.1873.pdb	0	16.730	37.229
complex.1874.pdb	0.047619	13.329	31.329
complex.1875.pdb	0.0714286	7.922	25.026
complex.1876.pdb	0	17.503	37.730
complex.1877.pdb	0	15.897	35.226
complex.1878.pdb	0	17.510	30.399
complex.1879.pdb	0	13.060	48.515
complex.1880.pdb	0	20.314	42.272
complex.1881.pdb	0	16.650	36.500
complex.1882.pdb	0	18.713	32.031
complex.1883.pdb	0.190476	8.605	24.878
complex.1884.pdb	0.047619	11.682	35.164
complex.1885.pdb	0.142857	8.788	24.761
complex.1886.pdb	0	16.003	30.735
complex.1887.pdb	0	18.566	34.656
complex.1888.pdb	0.0238095	12.765	38.966
complex.1889.pdb	0	10.583	33.750
complex.1890.pdb	0	17.895	34.175
complex.1891.pdb	0	12.784	37.292
complex.1892.pdb	0.0238095	12.881	34.007
complex.1893.pdb	0	16.600	48.725
complex.1894.pdb	0	11.443	39.225
complex.1895.pdb	0	15.626	53.987
complex.1896.pdb	0.119048	10.164	27.144
complex.1897.pdb	0	19.520	44.469
complex.1898.pdb	0	15.819	25.376
complex.1899.pdb	0	16.104	29.420
complex.1900.pdb	0	12.848	35.802
complex.1901.pdb	0	14.736	31.737
complex.1902.pdb	0	16.743	32.855
complex.1903.pdb	0	16.318	26.529
complex.1904.pdb	0	17.258	37.873
complex.1905.pdb	0.0952381	14.566	32.178
complex.1906.pdb	0	15.617	28.338
complex.1907.pdb	0	21.371	48.188
complex.1908.pdb	0	19.120	32.691
complex.1909.pdb	0	22.334	51.198
complex.1910.pdb	0.0952381	8.881	25.271
complex.1911.pdb	0	16.785	34.750
complex.1912.pdb	0	20.758	48.984
complex.1913.pdb	0	14.193	51.351
complex.1914.pdb	0	11.537	36.842
complex.1915.pdb	0.0238095	11.849	32.079
complex.1916.pdb	0	12.831	38.953
complex.1917.pdb	0.0238095	14.994	33.642
complex.1918.pdb	0	12.626	44.987
complex.1919.pdb	0	18.114	36.430
complex.1920.pdb	0	18.330	32.896
complex.1921.pdb	0	15.872	27.769
complex.1922.pdb	0	15.210	30.259
complex.1923.pdb	0	18.191	35.266
complex.1924.pdb	0	16.867	27.864
complex.1925.pdb	0	14.796	33.940
complex.1926.pdb	0	16.703	32.658
complex.1927.pdb	0	18.559	42.114
complex.1928.pdb	0	18.798	42.843
complex.1929.pdb	0	12.801	48.948
complex.1930.pdb	0	16.135	29.099
complex.1931.pdb	0	19.217	38.411
complex.1932.pdb	0	10.905	36.914
complex.1933.pdb	0	14.860	31.881
complex.1934.pdb	0	15.161	25.191
complex.1935.pdb	0.0238095	11.572	41.504
complex.1936.pdb	0	11.753	37.784
complex.1937.pdb	0.0714286	11.932	38.160
complex.1938.pdb	0	16.457	49.815
complex.1939.pdb	0	16.544	31.959
complex.1940.pdb	0.0714286	13.868	28.215
complex.1941.pdb	0	15.822	27.239
complex.1942.pdb	0	14.994	30.007
complex.1943.pdb	0	15.496	24.789
complex.1944.pdb	0.0238095	12.096	34.393
complex.1945.pdb	0	18.769	36.247
complex.1946.pdb	0	20.018	45.279
complex.1947.pdb	0	14.822	25.837
complex.1948.pdb	0	19.281	42.719
complex.1949.pdb	0	16.372	42.232
complex.1950.pdb	0	14.579	40.274
complex.1951.pdb	0	15.262	43.793
complex.1952.pdb	0.0238095	11.760	33.448
complex.1953.pdb	0	14.604	28.507
complex.1954.pdb	0	14.240	33.641
complex.1955.pdb	0	15.290	39.465
complex.1956.pdb	0	15.832	34.393
complex.1957.pdb	0.047619	12.437	31.701
complex.1958.pdb	0	14.802	37.345
complex.1959.pdb	0	18.349	35.670
complex.1960.pdb	0.142857	11.548	28.215
complex.1961.pdb	0	13.839	50.405
complex.1962.pdb	0	12.750	51.343
complex.1963.pdb	0.119048	9.020	24.204
complex.1964.pdb	0	12.623	50.511
complex.1965.pdb	0	10.963	28.393
complex.1966.pdb	0	11.348	31.528
complex.1967.pdb	0	15.282	29.201
complex.1968.pdb	0	8.904	22.391
complex.1969.pdb	0	16.241	40.392
complex.1970.pdb	0.0952381	10.474	32.079
complex.1971.pdb	0	20.411	43.216
complex.1972.pdb	0	19.077	40.864
complex.1973.pdb	0	17.032	35.859
complex.1974.pdb	0	12.536	30.707
complex.1975.pdb	0	16.051	31.281
complex.1976.pdb	0	16.997	33.320
complex.1977.pdb	0.190476	13.646	33.385
complex.1978.pdb	0	12.477	39.504
complex.1979.pdb	0	18.267	34.227
complex.1980.pdb	0	19.259	42.837
complex.1981.pdb	0	16.726	34.676
complex.1982.pdb	0	14.506	39.611
complex.1983.pdb	0.047619	9.587	27.355
complex.1984.pdb	0.261905	6.511	14.975
complex.1985.pdb	0	16.146	50.623
complex.1986.pdb	0	11.753	35.849
complex.1987.pdb	0	16.441	29.169
complex.1988.pdb	0	14.785	51.951
complex.1989.pdb	0	15.863	50.978
complex.1990.pdb	0.0238095	14.228	30.202
complex.1991.pdb	0	16.903	34.427
complex.1992.pdb	0	12.058	48.140
complex.1993.pdb	0	18.243	38.258
complex.1994.pdb	0	16.870	29.627
complex.1995.pdb	0	12.427	45.271
complex.1996.pdb	0	17.715	33.587
complex.1997.pdb	0	17.537	37.355
complex.1998.pdb	0	12.615	32.687
complex.1999.pdb	0	13.415	33.991
complex.2000.pdb	0	12.769	50.090
