swarm_84_149.pdb	0.27451	4.358	18.491	31.592
swarm_89_111.pdb	0.27451	4.630	19.418	31.576
swarm_57_115.pdb	0.254902	4.530	18.916	31.318
swarm_87_129.pdb	0.254902	4.525	19.177	31.301
swarm_100_122.pdb	0.27451	4.201	17.617	31.212
swarm_3_191.pdb	0.235294	4.076	17.087	30.789
swarm_4_46.pdb	0.411765	3.464	14.209	28.373
swarm_106_188.pdb	0.137255	6.121	25.557	27.487
swarm_6_4.pdb	0.0784314	5.782	15.353	27.207
swarm_106_161.pdb	0.392157	3.294	14.045	27.189
swarm_99_95.pdb	0.117647	5.884	24.649	26.803
swarm_17_191.pdb	0.509804	2.185	8.419	26.299
swarm_8_15.pdb	0.45098	3.364	11.703	26.113
swarm_35_66.pdb	0.588235	2.340	8.279	25.942
swarm_6_151.pdb	0.313725	3.657	16.315	25.900
swarm_3_33.pdb	0.529412	2.616	8.560	25.899
swarm_5_57.pdb	0.529412	2.197	8.369	25.761
swarm_67_63.pdb	0.509804	2.228	7.780	25.505
swarm_24_30.pdb	0.490196	2.871	11.046	25.408
swarm_74_133.pdb	0.54902	1.939	6.754	25.203
swarm_103_67.pdb	0.27451	4.834	22.104	24.907
swarm_105_137.pdb	0.117647	6.349	26.016	24.842
swarm_84_83.pdb	0.529412	2.078	8.098	24.828
swarm_30_1.pdb	0.45098	2.893	11.712	24.800
swarm_5_0.pdb	0.235294	4.555	20.376	24.727
swarm_68_69.pdb	0.372549	4.587	21.661	24.709
swarm_102_126.pdb	0.313725	5.044	23.122	24.599
swarm_5_7.pdb	0.313725	4.302	18.821	24.305
swarm_56_80.pdb	0.333333	2.870	9.766	24.228
swarm_100_64.pdb	0.509804	1.751	6.126	24.075
swarm_102_153.pdb	0.0588235	6.038	17.390	23.828
swarm_8_31.pdb	0.215686	5.408	24.730	22.860
swarm_6_7.pdb	0.235294	5.872	27.059	22.614
swarm_28_6.pdb	0.215686	4.368	16.991	22.544
swarm_6_60.pdb	0.215686	6.202	28.088	22.514
swarm_84_82.pdb	0.490196	2.174	7.148	22.255
swarm_34_150.pdb	0.176471	4.176	16.035	22.143
swarm_90_158.pdb	0.117647	6.156	27.986	22.132
swarm_86_121.pdb	0.0784314	7.300	29.978	22.087
swarm_0_28.pdb	0.45098	2.884	10.818	21.512
swarm_3_149.pdb	0	8.397	23.142	21.196
swarm_53_183.pdb	0.333333	3.557	14.986	21.072
swarm_100_33.pdb	0.137255	5.571	24.817	20.970
swarm_89_170.pdb	0.0980392	5.114	21.982	20.858
swarm_72_191.pdb	0	7.358	23.282	20.760
swarm_68_167.pdb	0.137255	4.796	18.206	20.433
swarm_103_15.pdb	0.176471	7.264	32.036	20.429
swarm_103_146.pdb	0	7.239	22.544	20.313
swarm_70_75.pdb	0	6.716	18.802	20.237
swarm_73_104.pdb	0	7.394	22.878	20.202
swarm_78_154.pdb	0	15.008	35.587	20.146
swarm_90_54.pdb	0	7.377	14.544	20.103
swarm_102_182.pdb	0.0196078	6.744	17.936	20.096
swarm_103_58.pdb	0	5.779	13.503	20.021
swarm_28_149.pdb	0.0392157	7.685	26.293	19.994
swarm_68_104.pdb	0.0196078	7.941	27.319	19.306
swarm_108_79.pdb	0.176471	5.303	22.441	19.090
swarm_33_58.pdb	0.0588235	7.598	27.560	19.065
swarm_7_156.pdb	0	6.549	17.313	18.858
swarm_35_81.pdb	0.0196078	5.574	15.218	18.831
swarm_110_153.pdb	0	9.327	35.857	18.775
swarm_90_170.pdb	0.0784314	6.298	25.642	18.668
swarm_12_117.pdb	0.0196078	6.528	18.280	18.614
swarm_112_106.pdb	0	9.403	32.637	18.500
swarm_94_84.pdb	0	8.851	31.620	18.468
swarm_56_120.pdb	0.0196078	7.789	14.817	18.188
swarm_30_170.pdb	0.137255	9.592	19.536	18.033
swarm_2_61.pdb	0.0588235	6.439	25.499	17.907
swarm_58_70.pdb	0.0392157	8.015	31.319	17.888
swarm_100_154.pdb	0	7.254	15.219	17.754
swarm_96_0.pdb	0.0588235	7.043	27.572	17.741
swarm_34_112.pdb	0	8.473	18.437	17.729
swarm_10_33.pdb	0	8.939	32.109	17.506
swarm_28_83.pdb	0	9.749	18.492	17.499
swarm_106_184.pdb	0	8.678	14.539	17.414
swarm_49_78.pdb	0	7.044	27.383	17.141
swarm_57_78.pdb	0	6.531	9.953	17.086
swarm_12_124.pdb	0	7.881	28.480	17.026
swarm_78_58.pdb	0	9.987	35.809	17.008
swarm_60_21.pdb	0.0196078	7.308	26.368	16.958
swarm_57_37.pdb	0.0588235	5.798	20.753	16.783
swarm_96_81.pdb	0	9.874	33.318	16.612
swarm_46_33.pdb	0	9.585	33.616	16.579
swarm_34_60.pdb	0.176471	6.026	23.658	16.342
swarm_7_39.pdb	0	8.386	31.565	16.341
swarm_61_159.pdb	0	9.249	33.717	16.279
swarm_69_188.pdb	0	6.073	20.211	16.182
swarm_88_107.pdb	0.0980392	7.552	30.992	15.873
swarm_49_154.pdb	0	8.788	25.207	15.664
swarm_72_7.pdb	0.0196078	8.888	34.332	15.615
swarm_87_103.pdb	0	8.979	16.521	15.613
swarm_68_155.pdb	0	7.103	15.960	15.546
swarm_19_38.pdb	0	8.845	21.446	15.491
swarm_70_10.pdb	0.0196078	8.750	36.247	15.385
swarm_13_49.pdb	0.0588235	7.592	28.580	15.385
swarm_82_17.pdb	0	11.275	21.595	15.133
swarm_30_35.pdb	0	9.465	18.167	14.935
swarm_30_140.pdb	0.117647	5.112	17.485	14.908
swarm_10_138.pdb	0	9.262	28.529	14.842
swarm_69_126.pdb	0.117647	6.565	26.610	14.757
swarm_44_79.pdb	0	8.728	29.577	14.685
swarm_99_138.pdb	0	11.330	23.256	14.396
swarm_32_18.pdb	0.0980392	7.413	29.664	14.297
swarm_73_6.pdb	0	10.082	37.108	14.144
swarm_70_190.pdb	0	9.562	31.586	14.115
swarm_38_129.pdb	0	10.959	39.829	14.092
swarm_6_177.pdb	0	8.025	20.401	13.987
swarm_52_87.pdb	0	9.766	23.117	13.985
swarm_30_32.pdb	0	9.814	22.939	13.928
swarm_0_11.pdb	0.0392157	8.067	13.925	13.925
swarm_33_130.pdb	0	10.877	19.179	13.786
swarm_40_171.pdb	0	9.565	34.043	13.580
swarm_14_161.pdb	0	12.994	54.862	13.435
swarm_94_72.pdb	0	8.308	30.254	13.359
swarm_105_128.pdb	0	9.326	21.232	13.350
swarm_26_132.pdb	0.254902	4.681	17.869	13.335
swarm_16_196.pdb	0	8.798	30.330	13.323
swarm_72_40.pdb	0	10.906	35.476	13.320
swarm_45_62.pdb	0	10.739	38.206	13.317
swarm_96_122.pdb	0	9.215	26.364	13.272
swarm_99_175.pdb	0	10.520	21.173	13.271
swarm_46_88.pdb	0	13.174	43.616	13.191
swarm_51_108.pdb	0.117647	5.894	24.678	13.173
swarm_107_26.pdb	0.0980392	6.374	23.682	13.151
swarm_42_182.pdb	0	9.716	31.294	13.068
swarm_51_82.pdb	0	9.746	28.747	13.045
swarm_102_113.pdb	0	7.372	21.973	12.990
swarm_97_108.pdb	0	12.315	43.686	12.947
swarm_29_155.pdb	0	10.503	34.308	12.831
swarm_73_7.pdb	0	12.151	37.761	12.657
swarm_38_34.pdb	0	11.756	39.776	12.617
swarm_13_147.pdb	0	10.562	24.921	12.584
swarm_60_112.pdb	0	10.902	29.869	12.581
swarm_24_57.pdb	0.0196078	7.730	24.312	12.581
swarm_96_130.pdb	0	8.411	21.184	12.535
swarm_33_33.pdb	0	8.601	31.808	12.509
swarm_74_125.pdb	0	8.527	13.627	12.497
swarm_62_23.pdb	0	10.148	35.799	12.487
swarm_40_163.pdb	0	9.529	24.521	12.406
swarm_54_137.pdb	0	12.139	33.140	12.389
swarm_89_44.pdb	0	9.692	18.471	12.339
swarm_44_48.pdb	0	11.902	34.135	12.242
swarm_47_182.pdb	0	11.600	42.197	12.225
swarm_53_98.pdb	0.0784314	7.244	30.112	12.200
swarm_107_21.pdb	0	8.986	29.521	12.164
swarm_19_161.pdb	0	7.166	27.641	12.064
swarm_91_157.pdb	0	7.991	32.019	12.016
swarm_34_152.pdb	0.0392157	9.018	32.500	12.009
swarm_43_94.pdb	0	11.397	23.353	12.008
swarm_2_43.pdb	0	8.611	14.723	12.003
swarm_2_36.pdb	0	9.575	26.273	11.975
swarm_67_78.pdb	0.176471	5.957	25.213	11.963
swarm_25_162.pdb	0	9.302	34.468	11.960
swarm_74_10.pdb	0	9.214	19.148	11.959
swarm_110_166.pdb	0	9.828	30.351	11.950
swarm_38_137.pdb	0	14.869	47.896	11.905
swarm_79_25.pdb	0	9.803	35.906	11.827
swarm_69_175.pdb	0.0196078	9.266	36.735	11.746
swarm_60_41.pdb	0	13.919	40.422	11.692
swarm_44_181.pdb	0	10.308	22.455	11.544
swarm_0_90.pdb	0	9.298	17.585	11.544
swarm_70_174.pdb	0.0392157	8.743	33.962	11.439
swarm_30_121.pdb	0	9.640	17.603	11.399
swarm_70_154.pdb	0	9.796	21.080	11.390
swarm_53_59.pdb	0	10.468	29.579	11.314
swarm_52_8.pdb	0.0784314	8.364	33.052	11.313
swarm_90_34.pdb	0	12.060	32.208	11.307
swarm_107_67.pdb	0	9.565	19.755	11.295
swarm_21_100.pdb	0	10.225	37.339	11.255
swarm_107_131.pdb	0	11.002	27.933	11.247
swarm_58_41.pdb	0	10.671	30.266	11.240
swarm_41_19.pdb	0	9.624	23.971	11.195
swarm_28_40.pdb	0.156863	7.827	31.621	11.188
swarm_24_177.pdb	0	9.366	14.693	11.183
swarm_112_52.pdb	0	13.376	33.458	11.155
swarm_94_60.pdb	0	12.283	42.606	11.136
swarm_52_115.pdb	0	13.523	41.446	11.117
swarm_49_149.pdb	0	9.654	35.624	11.032
swarm_11_57.pdb	0	12.115	39.455	10.980
swarm_26_73.pdb	0.0392157	7.598	26.272	10.966
swarm_98_184.pdb	0	9.975	35.974	10.916
swarm_45_18.pdb	0	12.962	42.047	10.841
swarm_26_8.pdb	0	9.160	19.294	10.779
swarm_45_80.pdb	0	16.140	41.506	10.749
swarm_13_96.pdb	0	10.814	26.815	10.571
swarm_10_38.pdb	0	9.703	35.932	10.512
swarm_81_170.pdb	0	11.733	34.471	10.376
swarm_86_119.pdb	0	10.644	26.176	10.325
swarm_25_58.pdb	0	9.290	21.557	10.323
swarm_26_153.pdb	0.0392157	9.241	31.941	10.315
swarm_52_47.pdb	0	10.119	32.164	10.280
swarm_106_155.pdb	0	9.129	25.564	10.269
swarm_90_96.pdb	0	9.883	21.339	10.204
swarm_59_157.pdb	0	13.563	42.079	10.197
swarm_74_176.pdb	0.0196078	6.576	17.883	10.192
swarm_73_126.pdb	0	8.883	35.085	10.189
swarm_28_167.pdb	0.117647	7.237	30.769	10.184
swarm_0_83.pdb	0	11.046	24.564	10.164
swarm_28_169.pdb	0.0196078	10.174	27.162	10.135
swarm_65_34.pdb	0	12.157	35.735	10.019
swarm_51_38.pdb	0	8.550	19.658	10.005
swarm_29_48.pdb	0	13.960	27.126	9.964
swarm_92_12.pdb	0	13.318	38.895	9.910
swarm_82_29.pdb	0	11.019	28.723	9.892
swarm_58_37.pdb	0	10.918	31.928	9.871
swarm_75_185.pdb	0	14.022	46.793	9.796
swarm_15_115.pdb	0	9.400	34.756	9.693
swarm_41_43.pdb	0.0196078	10.308	38.240	9.672
swarm_52_84.pdb	0	11.092	23.756	9.670
swarm_71_57.pdb	0	13.756	41.864	9.641
swarm_52_97.pdb	0	11.935	29.414	9.632
swarm_58_22.pdb	0	12.576	22.396	9.549
swarm_66_109.pdb	0	12.521	39.741	9.544
swarm_22_39.pdb	0	11.102	41.702	9.446
swarm_16_119.pdb	0	10.840	40.959	9.282
swarm_88_114.pdb	0	13.117	39.098	9.221
swarm_1_3.pdb	0	12.845	32.785	9.198
swarm_46_180.pdb	0	14.222	37.798	9.169
swarm_58_39.pdb	0	13.837	30.270	9.153
swarm_7_103.pdb	0.0392157	8.274	35.264	9.152
swarm_77_192.pdb	0	13.965	46.788	9.149
swarm_38_111.pdb	0	14.707	46.950	9.130
swarm_61_31.pdb	0	14.449	44.473	9.000
swarm_88_143.pdb	0	15.070	31.605	8.997
swarm_101_108.pdb	0	13.827	50.472	8.946
swarm_22_83.pdb	0	10.125	28.233	8.941
swarm_32_30.pdb	0	9.941	26.693	8.890
swarm_31_161.pdb	0	10.350	30.524	8.780
swarm_91_58.pdb	0	8.440	31.672	8.765
swarm_88_24.pdb	0	11.408	27.383	8.702
swarm_59_153.pdb	0	12.572	27.402	8.698
swarm_0_145.pdb	0	7.341	24.196	8.685
swarm_63_21.pdb	0	11.447	27.819	8.531
swarm_20_81.pdb	0.0588235	7.987	31.433	8.470
swarm_50_143.pdb	0	9.963	33.286	8.415
swarm_14_89.pdb	0.0196078	13.510	49.388	8.376
swarm_63_24.pdb	0	12.457	42.517	8.205
swarm_21_49.pdb	0	10.971	38.284	8.174
swarm_41_126.pdb	0	11.776	40.656	8.160
swarm_63_72.pdb	0	11.170	31.329	7.996
swarm_52_48.pdb	0	11.195	29.193	7.907
swarm_23_182.pdb	0	10.546	39.665	7.877
swarm_1_198.pdb	0	12.886	49.017	7.863
swarm_25_48.pdb	0.0392157	10.745	42.309	7.834
swarm_72_36.pdb	0.0196078	9.397	37.997	7.828
swarm_1_107.pdb	0	13.486	30.972	7.760
swarm_42_89.pdb	0	13.995	28.601	7.756
swarm_63_18.pdb	0	10.890	38.637	7.752
swarm_45_139.pdb	0	13.208	39.014	7.738
swarm_52_185.pdb	0.0196078	10.312	39.295	7.632
swarm_1_117.pdb	0	12.075	38.531	7.616
swarm_31_64.pdb	0	10.924	41.651	7.585
swarm_91_160.pdb	0.0196078	10.343	43.044	7.567
swarm_63_150.pdb	0.0196078	11.979	46.549	7.563
swarm_7_196.pdb	0	9.336	34.813	7.478
swarm_111_131.pdb	0	10.016	34.539	7.464
swarm_108_185.pdb	0	11.899	40.397	7.448
swarm_1_177.pdb	0	11.786	41.352	7.355
swarm_5_154.pdb	0.196078	4.955	19.371	7.320
swarm_41_144.pdb	0	12.540	37.643	7.270
swarm_20_131.pdb	0	9.384	38.039	7.173
swarm_98_106.pdb	0	9.020	26.197	7.140
swarm_22_40.pdb	0.0392157	11.661	45.190	7.128
swarm_39_118.pdb	0	13.556	47.847	6.995
swarm_41_134.pdb	0.0392157	12.445	45.823	6.987
swarm_37_3.pdb	0	10.714	36.618	6.829
swarm_16_132.pdb	0	10.576	42.866	6.781
swarm_32_62.pdb	0	10.752	28.896	6.761
swarm_1_64.pdb	0.0196078	13.279	49.722	6.742
swarm_19_190.pdb	0	8.868	33.313	6.681
swarm_85_150.pdb	0	12.949	49.719	6.600
swarm_10_152.pdb	0	10.801	42.047	6.547
swarm_37_129.pdb	0.0392157	11.200	44.205	6.538
swarm_1_195.pdb	0	13.175	44.699	6.440
swarm_8_148.pdb	0.27451	4.898	19.248	6.396
swarm_14_22.pdb	0	11.903	44.551	6.335
swarm_11_153.pdb	0	12.836	47.054	6.284
swarm_108_26.pdb	0	14.668	34.344	6.017
swarm_55_157.pdb	0	12.293	43.037	5.960
swarm_63_89.pdb	0	11.833	36.832	5.957
swarm_47_0.pdb	0	13.010	39.559	5.918
swarm_109_80.pdb	0	13.396	45.009	5.909
swarm_23_116.pdb	0.0196078	9.448	32.721	5.864
swarm_105_105.pdb	0	9.232	30.861	5.828
swarm_116_152.pdb	0	13.930	50.401	5.824
swarm_41_46.pdb	0	10.879	30.254	5.689
swarm_49_162.pdb	0	12.532	35.912	5.647
swarm_114_95.pdb	0	12.762	34.898	5.638
swarm_50_114.pdb	0	9.882	32.892	5.636
swarm_80_174.pdb	0	10.608	32.159	5.546
swarm_103_30.pdb	0	9.343	28.764	5.437
swarm_79_152.pdb	0	10.206	29.190	5.420
swarm_39_78.pdb	0	13.437	42.255	5.340
swarm_48_82.pdb	0	14.331	48.744	4.394
swarm_115_48.pdb	0	13.071	40.773	4.262
swarm_83_55.pdb	0	14.404	36.056	4.163
swarm_66_3.pdb	0	14.238	37.953	4.118
swarm_92_45.pdb	0	13.109	37.051	4.066
swarm_64_123.pdb	0	10.177	35.356	4.056
swarm_117_141.pdb	0	13.061	38.285	4.015
swarm_75_167.pdb	0	13.819	38.447	3.888
swarm_29_199.pdb	0	12.678	26.339	3.739
swarm_85_142.pdb	0	11.010	37.215	3.707
swarm_110_45.pdb	0	10.860	45.296	3.630
swarm_31_172.pdb	0	11.248	37.719	3.622
swarm_27_178.pdb	0.0196078	10.628	42.423	3.453
swarm_116_31.pdb	0	12.894	41.418	3.406
swarm_9_34.pdb	0	14.938	40.472	2.865
swarm_37_60.pdb	0	10.868	34.446	2.795
swarm_62_166.pdb	0	12.543	35.315	2.719
swarm_104_91.pdb	0	14.045	51.901	2.714
swarm_53_15.pdb	0	6.818	13.167	2.613
swarm_15_17.pdb	0	12.758	45.627	2.561
swarm_76_84.pdb	0	15.265	53.242	2.528
swarm_97_79.pdb	0	14.711	59.819	2.441
swarm_80_6.pdb	0	13.640	42.504	2.313
swarm_26_11.pdb	0	10.254	37.684	2.191
swarm_108_100.pdb	0	10.841	41.845	2.178
swarm_116_164.pdb	0	13.626	37.092	1.884
swarm_114_195.pdb	0	14.513	34.204	1.822
swarm_54_97.pdb	0	14.529	34.153	1.816
swarm_27_79.pdb	0.0196078	12.228	48.950	1.797
swarm_11_16.pdb	0	13.196	52.005	1.711
swarm_27_36.pdb	0	10.234	36.794	1.501
swarm_36_141.pdb	0	9.935	38.977	1.435
swarm_64_162.pdb	0	12.394	42.242	1.127
swarm_23_89.pdb	0	11.315	40.065	1.040
swarm_5_194.pdb	0	9.434	27.607	0.981
swarm_29_39.pdb	0	10.083	32.849	0.769
swarm_113_147.pdb	0	11.473	35.679	0.679
swarm_97_144.pdb	0	14.399	55.850	0.609
swarm_16_91.pdb	0	10.872	39.596	0.575
swarm_18_56.pdb	0	14.329	45.994	0.375
swarm_20_97.pdb	0	9.096	27.060	0.113
swarm_25_80.pdb	0	9.564	31.854	-0.107
swarm_94_139.pdb	0	11.409	47.254	-0.414
swarm_65_6.pdb	0	13.807	35.131	-0.550
swarm_95_40.pdb	0	16.005	50.417	-0.638
swarm_101_60.pdb	0	13.048	56.393	-0.653
swarm_63_154.pdb	0	11.669	39.492	-0.778
swarm_77_130.pdb	0	14.251	46.119	-0.815
swarm_114_69.pdb	0	11.889	47.299	-0.905
swarm_18_179.pdb	0	14.102	38.766	-0.966
swarm_1_140.pdb	0	13.742	42.368	-1.476
swarm_11_168.pdb	0.0392157	11.995	53.828	-1.535
swarm_22_65.pdb	0	10.266	31.780	-1.624
swarm_55_178.pdb	0	11.846	44.785	-1.729
swarm_55_47.pdb	0.0196078	10.926	42.656	-1.823
swarm_43_183.pdb	0	9.739	31.737	-1.899
swarm_113_153.pdb	0	12.049	44.406	-2.057
swarm_42_196.pdb	0	9.523	27.572	-2.208
swarm_39_86.pdb	0	16.536	55.490	-2.310
swarm_93_78.pdb	0	16.379	59.192	-2.498
swarm_101_189.pdb	0	11.423	39.481	-2.602
swarm_36_84.pdb	0	11.793	36.745	-2.641
swarm_99_96.pdb	0	10.800	30.916	-2.724
swarm_65_36.pdb	0	14.736	37.944	-3.247
swarm_82_27.pdb	0.0392157	6.654	28.150	-3.650
swarm_37_105.pdb	0	11.492	40.657	-3.710
swarm_104_148.pdb	0	15.248	41.175	-3.713
swarm_101_109.pdb	0.0392157	12.664	50.610	-3.747
swarm_38_84.pdb	0	13.534	50.763	-3.807
swarm_42_109.pdb	0.0784314	9.036	36.118	-4.000
swarm_97_2.pdb	0	14.912	57.309	-4.009
swarm_21_157.pdb	0	13.402	51.190	-4.012
swarm_109_185.pdb	0	14.444	45.675	-4.097
swarm_93_21.pdb	0	14.917	45.932	-4.140
swarm_85_157.pdb	0	18.385	47.916	-4.278
swarm_32_197.pdb	0.117647	7.885	30.522	-4.336
swarm_80_62.pdb	0	11.298	39.033	-4.403
swarm_40_153.pdb	0	9.277	36.139	-4.827
swarm_76_24.pdb	0	14.308	43.784	-5.063
swarm_80_76.pdb	0	11.326	42.354	-5.210
swarm_93_70.pdb	0	15.714	53.770	-5.227
swarm_48_38.pdb	0	14.205	46.943	-5.313
swarm_101_133.pdb	0.0196078	11.260	47.281	-5.394
swarm_36_126.pdb	0	16.619	54.078	-5.669
swarm_37_98.pdb	0	11.983	48.669	-5.844
swarm_69_150.pdb	0	9.168	24.960	-6.157
swarm_49_97.pdb	0	8.953	35.226	-6.526
swarm_85_113.pdb	0	18.008	52.002	-6.552
swarm_43_162.pdb	0	12.733	24.428	-6.680
swarm_83_22.pdb	0	10.098	40.442	-6.798
swarm_91_140.pdb	0.0196078	11.037	42.766	-7.440
swarm_95_197.pdb	0	16.123	57.279	-7.630
swarm_76_94.pdb	0	16.425	55.650	-7.770
swarm_48_166.pdb	0	15.054	52.079	-7.901
swarm_39_136.pdb	0	15.127	50.061	-7.985
swarm_110_14.pdb	0.117647	10.289	45.841	-8.746
swarm_13_134.pdb	0	12.726	24.570	-9.063
swarm_97_67.pdb	0	13.932	51.291	-9.098
swarm_55_9.pdb	0.0196078	13.844	53.191	-9.457
swarm_93_83.pdb	0	15.206	50.521	-9.627
swarm_115_169.pdb	0	13.194	32.857	-10.357
swarm_95_139.pdb	0	14.814	51.573	-10.412
swarm_67_93.pdb	0	7.723	21.025	-10.543
swarm_21_79.pdb	0	11.427	48.807	-11.323
swarm_42_0.pdb	0	11.827	31.722	-11.668
swarm_85_198.pdb	0.0980392	9.885	42.216	-11.877
swarm_91_57.pdb	0	9.495	32.807	-12.655
swarm_45_146.pdb	0.0196078	12.826	46.960	-13.162
swarm_81_46.pdb	0	14.127	32.461	-13.175
swarm_111_2.pdb	0	12.319	35.889	-13.307
swarm_71_24.pdb	0	14.748	49.624	-13.484
swarm_48_74.pdb	0	11.278	37.253	-15.185
swarm_104_142.pdb	0	16.402	41.731	-15.451
swarm_18_13.pdb	0	16.089	43.500	-15.751
swarm_112_173.pdb	0	12.429	39.079	-15.783
swarm_65_82.pdb	0	13.334	49.049	-15.825
swarm_115_4.pdb	0	13.362	50.114	-16.503
swarm_43_68.pdb	0	8.822	33.019	-16.724
swarm_109_44.pdb	0	14.543	53.199	-16.868
swarm_75_53.pdb	0.0196078	13.179	49.374	-16.915
swarm_79_97.pdb	0	10.947	37.153	-17.131
swarm_83_143.pdb	0	13.502	34.012	-17.294
swarm_113_81.pdb	0	10.518	30.077	-17.938
swarm_71_123.pdb	0	15.952	41.633	-18.165
swarm_64_92.pdb	0	12.747	51.363	-18.316
swarm_48_108.pdb	0	15.080	50.396	-19.040
swarm_75_39.pdb	0	14.562	45.658	-19.765
swarm_107_191.pdb	0	13.378	24.801	-19.771
swarm_36_178.pdb	0.0196078	11.904	45.934	-20.594
swarm_113_37.pdb	0.196078	11.351	48.429	-21.194
swarm_98_46.pdb	0	11.682	35.787	-21.340
swarm_81_174.pdb	0	9.899	39.338	-21.570
swarm_79_86.pdb	0	11.615	43.471	-22.205
swarm_79_85.pdb	0.0392157	10.085	40.606	-22.746
swarm_66_171.pdb	0	14.479	44.155	-23.232
swarm_9_188.pdb	0	13.853	41.157	-23.445
swarm_109_160.pdb	0	14.640	36.697	-25.138
swarm_95_157.pdb	0	15.110	57.871	-25.965
swarm_113_28.pdb	0	13.365	45.951	-27.349
swarm_115_171.pdb	0	11.922	45.825	-27.896
swarm_115_21.pdb	0	14.043	42.159	-28.301
swarm_77_165.pdb	0	14.304	47.718	-29.914
swarm_77_141.pdb	0	14.105	39.515	-34.920
swarm_20_101.pdb	0.137255	9.951	43.090	-36.658
swarm_69_85.pdb	0.352941	7.658	35.245	-38.481
swarm_82_52.pdb	0	12.552	31.960	-41.601
swarm_3_84.pdb	0.0980392	7.010	19.945	-64.545
swarm_81_158.pdb	0.0392157	7.776	27.325	-83.804
