swarm_20_48.pdb	0.148148	5.362	11.352	35.940
swarm_17_155.pdb	0.111111	5.769	11.926	35.043
swarm_21_27.pdb	0	10.010	20.757	32.309
swarm_14_185.pdb	0.148148	7.316	20.789	31.909
swarm_6_151.pdb	0.12963	6.505	18.839	31.318
swarm_7_146.pdb	0	13.245	25.354	31.264
swarm_9_144.pdb	0.12963	4.070	9.007	31.035
swarm_16_195.pdb	0	7.802	16.321	30.992
swarm_22_167.pdb	0.037037	7.488	14.711	30.753
swarm_15_173.pdb	0	13.835	25.368	30.505
swarm_18_81.pdb	0	13.535	24.833	30.154
swarm_17_131.pdb	0	9.583	18.887	29.857
swarm_18_58.pdb	0	13.871	25.514	29.801
swarm_18_29.pdb	0.148148	5.706	14.384	29.580
swarm_12_12.pdb	0	13.555	25.294	29.157
swarm_8_59.pdb	0.0185185	7.737	14.559	29.148
swarm_19_152.pdb	0.037037	6.867	14.121	29.109
swarm_21_58.pdb	0.0925926	6.896	13.434	29.053
swarm_17_65.pdb	0.0555556	11.570	22.416	28.818
swarm_18_161.pdb	0.203704	2.826	5.386	28.791
swarm_17_5.pdb	0	12.154	23.935	28.782
swarm_7_29.pdb	0	11.439	26.759	28.775
swarm_4_69.pdb	0	10.510	19.886	28.737
swarm_4_59.pdb	0	12.237	27.629	28.664
swarm_19_27.pdb	0	9.350	16.975	27.654
swarm_20_116.pdb	0.0185185	8.089	17.802	27.640
swarm_22_85.pdb	0.0740741	5.830	13.076	27.371
swarm_8_22.pdb	0	14.598	26.025	27.324
swarm_21_21.pdb	0.12963	7.760	21.589	26.928
swarm_12_147.pdb	0.037037	12.403	25.502	26.913
swarm_104_49.pdb	0	13.168	27.232	26.858
swarm_17_50.pdb	0	14.303	25.843	26.750
swarm_17_109.pdb	0.0185185	14.079	24.673	26.445
swarm_10_162.pdb	0.0185185	11.750	24.854	26.350
swarm_21_159.pdb	0.0185185	12.633	24.447	25.587
swarm_21_150.pdb	0	12.360	23.468	25.381
swarm_19_34.pdb	0.0185185	6.694	12.813	25.258
swarm_20_198.pdb	0.0185185	14.474	25.546	25.200
swarm_5_149.pdb	0.0555556	7.580	14.144	25.155
swarm_4_12.pdb	0	11.185	25.014	24.870
swarm_5_0.pdb	0	11.716	23.730	24.731
swarm_20_72.pdb	0.037037	13.860	25.098	24.090
swarm_10_119.pdb	0	13.199	25.655	24.026
swarm_16_70.pdb	0	8.304	20.567	23.934
swarm_99_92.pdb	0	15.754	26.576	23.600
swarm_100_5.pdb	0.0555556	11.398	24.217	23.441
swarm_19_142.pdb	0	13.418	24.459	23.427
swarm_9_19.pdb	0	15.916	26.929	23.133
swarm_18_186.pdb	0	11.162	20.789	22.963
swarm_114_125.pdb	0	13.408	25.663	22.854
swarm_10_11.pdb	0	13.565	25.823	22.765
swarm_19_132.pdb	0	13.346	24.973	22.449
swarm_16_197.pdb	0	14.000	25.123	22.442
swarm_54_102.pdb	0	16.764	28.398	22.310
swarm_11_167.pdb	0	13.171	27.346	22.286
swarm_8_127.pdb	0	8.770	16.114	21.972
swarm_105_76.pdb	0	13.953	25.807	21.971
swarm_15_96.pdb	0.0185185	14.602	25.139	21.813
swarm_11_157.pdb	0.037037	8.048	17.826	21.704
swarm_12_79.pdb	0.037037	7.616	14.664	21.425
swarm_104_144.pdb	0	12.788	27.057	21.379
swarm_7_31.pdb	0	13.873	25.502	21.294
swarm_34_158.pdb	0	13.551	27.972	21.145
swarm_107_165.pdb	0	14.140	26.123	21.020
swarm_111_89.pdb	0	16.143	27.484	20.788
swarm_22_26.pdb	0	12.065	24.754	20.759
swarm_115_84.pdb	0	15.236	27.107	20.732
swarm_113_82.pdb	0	14.065	23.909	20.714
swarm_8_13.pdb	0	14.988	25.067	20.713
swarm_117_168.pdb	0	8.937	22.282	20.382
swarm_20_51.pdb	0	12.596	22.576	20.289
swarm_113_160.pdb	0.037037	7.226	12.920	20.245
swarm_105_109.pdb	0.0555556	11.454	28.130	20.124
swarm_115_28.pdb	0	8.303	15.858	20.048
swarm_19_161.pdb	0.037037	7.186	20.325	19.985
swarm_99_93.pdb	0	7.589	16.517	19.921
swarm_15_86.pdb	0.0740741	9.117	16.914	19.905
swarm_6_181.pdb	0	15.542	28.986	19.904
swarm_114_10.pdb	0	16.395	27.807	19.873
swarm_115_10.pdb	0	16.128	28.712	19.811
swarm_16_137.pdb	0	10.151	19.836	19.726
swarm_20_125.pdb	0	14.815	26.808	19.720
swarm_12_179.pdb	0	12.057	25.042	19.584
swarm_7_14.pdb	0.0555556	9.600	19.463	19.569
swarm_87_92.pdb	0	14.243	25.121	19.531
swarm_14_36.pdb	0	14.024	26.628	19.510
swarm_3_177.pdb	0	8.276	17.613	19.509
swarm_5_195.pdb	0	12.338	22.875	19.477
swarm_114_99.pdb	0	6.053	15.124	19.431
swarm_22_52.pdb	0	12.965	23.834	19.411
swarm_118_107.pdb	0	17.263	33.636	19.378
swarm_6_21.pdb	0	9.686	22.676	19.296
swarm_15_20.pdb	0	11.780	22.950	19.279
swarm_114_45.pdb	0	16.350	28.933	19.184
swarm_16_163.pdb	0	16.007	27.163	19.062
swarm_113_37.pdb	0	10.730	19.112	19.059
swarm_111_48.pdb	0	7.796	14.360	19.037
swarm_6_68.pdb	0	14.344	27.885	19.036
swarm_99_53.pdb	0	15.414	26.946	18.922
swarm_41_66.pdb	0	19.278	34.526	18.880
swarm_87_188.pdb	0	12.339	21.412	18.712
swarm_14_75.pdb	0	15.403	29.796	18.669
swarm_48_150.pdb	0	13.300	30.680	18.667
swarm_115_80.pdb	0	14.310	25.768	18.624
swarm_117_182.pdb	0	16.305	32.770	18.617
swarm_46_166.pdb	0	16.298	33.588	18.496
swarm_104_120.pdb	0	14.555	27.452	18.489
swarm_7_187.pdb	0	13.621	24.536	18.438
swarm_15_70.pdb	0	14.820	26.364	18.399
swarm_116_80.pdb	0	15.010	27.097	18.363
swarm_76_115.pdb	0	8.261	18.526	18.361
swarm_110_36.pdb	0	13.404	23.729	18.353
swarm_47_152.pdb	0.185185	6.611	17.374	18.267
swarm_16_6.pdb	0	10.006	17.872	18.190
swarm_18_155.pdb	0	8.869	15.941	18.160
swarm_14_98.pdb	0	10.478	21.059	18.145
swarm_100_152.pdb	0	15.479	31.301	18.141
swarm_110_153.pdb	0	14.760	30.974	18.138
swarm_116_84.pdb	0	11.115	25.143	18.055
swarm_38_90.pdb	0	17.656	29.955	18.024
swarm_95_184.pdb	0.0185185	11.250	23.561	18.002
swarm_30_41.pdb	0	17.503	37.063	17.931
swarm_102_99.pdb	0	20.400	46.485	17.829
swarm_87_165.pdb	0.0185185	10.309	20.401	17.823
swarm_1_131.pdb	0	19.285	33.442	17.816
swarm_9_46.pdb	0	11.741	19.780	17.786
swarm_110_76.pdb	0	11.223	19.666	17.780
swarm_76_7.pdb	0	17.540	29.855	17.698
swarm_11_38.pdb	0	12.705	30.761	17.628
swarm_107_33.pdb	0	13.142	26.824	17.574
swarm_92_194.pdb	0	17.817	33.543	17.570
swarm_4_71.pdb	0	11.585	23.368	17.557
swarm_73_118.pdb	0	14.270	35.255	17.492
swarm_6_33.pdb	0	13.800	26.969	17.463
swarm_68_159.pdb	0.0185185	15.425	35.569	17.424
swarm_2_181.pdb	0	17.604	36.782	17.408
swarm_50_186.pdb	0	12.846	27.311	17.379
swarm_55_125.pdb	0	15.602	33.032	17.370
swarm_72_17.pdb	0	21.021	47.300	17.351
swarm_5_123.pdb	0.111111	14.633	25.234	17.304
swarm_75_108.pdb	0	17.515	39.052	17.273
swarm_58_185.pdb	0	10.439	24.458	17.255
swarm_99_122.pdb	0	12.116	25.021	17.198
swarm_61_184.pdb	0	18.124	33.401	17.092
swarm_98_49.pdb	0	13.376	32.364	17.049
swarm_3_60.pdb	0	9.659	26.960	17.046
swarm_114_166.pdb	0	16.895	30.364	16.951
swarm_3_34.pdb	0	15.418	27.516	16.939
swarm_5_181.pdb	0	13.096	25.211	16.933
swarm_89_167.pdb	0	10.593	23.531	16.916
swarm_85_103.pdb	0	13.770	24.572	16.914
swarm_54_13.pdb	0	11.624	20.894	16.893
swarm_84_186.pdb	0	13.287	27.669	16.837
swarm_98_118.pdb	0	13.825	28.698	16.819
swarm_104_95.pdb	0	13.722	25.254	16.719
swarm_5_70.pdb	0.0185185	10.988	20.917	16.711
swarm_51_6.pdb	0	16.654	37.470	16.660
swarm_6_104.pdb	0	11.840	22.736	16.550
swarm_105_159.pdb	0	14.798	29.446	16.491
swarm_56_169.pdb	0	16.711	34.484	16.476
swarm_42_80.pdb	0	13.871	32.327	16.435
swarm_35_5.pdb	0	17.595	38.355	16.396
swarm_110_57.pdb	0	11.383	22.609	16.390
swarm_31_121.pdb	0	13.963	30.435	16.326
swarm_47_117.pdb	0	14.859	28.579	16.296
swarm_96_193.pdb	0	10.003	20.582	16.282
swarm_96_54.pdb	0	17.307	29.605	16.236
swarm_90_133.pdb	0	11.452	24.019	16.227
swarm_7_144.pdb	0	13.550	24.676	16.197
swarm_61_191.pdb	0	13.244	27.581	16.195
swarm_84_51.pdb	0	15.864	34.873	16.160
swarm_8_30.pdb	0.0925926	6.922	12.780	16.153
swarm_71_40.pdb	0	16.367	34.672	16.151
swarm_62_82.pdb	0	19.670	36.173	16.108
swarm_57_78.pdb	0	16.000	31.301	16.076
swarm_49_119.pdb	0	17.111	40.262	15.971
swarm_12_177.pdb	0	9.366	16.835	15.937
swarm_55_30.pdb	0	15.240	34.398	15.935
swarm_88_93.pdb	0	20.134	47.250	15.920
swarm_100_124.pdb	0	12.801	23.857	15.815
swarm_54_178.pdb	0	15.861	26.646	15.730
swarm_5_13.pdb	0.0185185	9.676	19.287	15.644
swarm_6_184.pdb	0	12.484	32.424	15.598
swarm_99_11.pdb	0	14.910	26.982	15.565
swarm_46_149.pdb	0	13.806	29.541	15.504
swarm_48_72.pdb	0	15.093	31.781	15.466
swarm_59_64.pdb	0	15.834	29.441	15.458
swarm_72_57.pdb	0	19.875	47.220	15.405
swarm_34_94.pdb	0	14.968	28.817	15.404
swarm_77_181.pdb	0	22.923	51.623	15.382
swarm_78_177.pdb	0	12.407	30.831	15.367
swarm_31_120.pdb	0	19.200	33.092	15.351
swarm_105_130.pdb	0	16.901	38.982	15.333
swarm_19_140.pdb	0	10.166	21.961	15.331
swarm_88_43.pdb	0	21.193	50.893	15.289
swarm_104_72.pdb	0.037037	11.161	21.707	15.265
swarm_50_110.pdb	0	13.347	26.860	15.219
swarm_98_8.pdb	0	16.476	33.801	15.213
swarm_29_151.pdb	0	14.659	31.217	15.150
swarm_36_185.pdb	0	19.571	46.180	15.127
swarm_52_33.pdb	0	20.320	48.160	15.035
swarm_114_88.pdb	0	16.020	29.495	15.026
swarm_67_80.pdb	0	11.204	23.264	14.999
swarm_94_71.pdb	0	12.478	27.624	14.998
swarm_116_129.pdb	0	18.210	32.784	14.956
swarm_10_198.pdb	0	12.269	28.657	14.922
swarm_111_175.pdb	0	13.173	27.161	14.911
swarm_52_61.pdb	0	16.884	40.704	14.902
swarm_46_82.pdb	0	15.339	34.360	14.900
swarm_37_179.pdb	0	20.930	46.055	14.882
swarm_98_97.pdb	0	13.863	30.689	14.878
swarm_12_75.pdb	0	14.795	28.181	14.874
swarm_85_107.pdb	0	15.691	30.300	14.870
swarm_58_93.pdb	0	15.499	31.275	14.864
swarm_113_7.pdb	0.0185185	12.757	23.701	14.858
swarm_86_56.pdb	0	16.176	34.310	14.852
swarm_73_81.pdb	0	18.828	44.984	14.809
swarm_107_2.pdb	0.0925926	11.215	19.224	14.807
swarm_9_23.pdb	0.037037	17.189	29.015	14.781
swarm_9_170.pdb	0	13.780	24.465	14.760
swarm_103_104.pdb	0	13.113	28.409	14.742
swarm_59_174.pdb	0	21.384	38.627	14.723
swarm_21_66.pdb	0	11.880	24.006	14.698
swarm_95_3.pdb	0	16.272	33.123	14.660
swarm_70_169.pdb	0	21.728	48.080	14.653
swarm_105_72.pdb	0	14.606	32.076	14.647
swarm_78_152.pdb	0	15.161	33.065	14.612
swarm_114_46.pdb	0	13.315	29.965	14.598
swarm_70_52.pdb	0	19.026	43.127	14.596
swarm_103_172.pdb	0	16.629	30.982	14.589
swarm_118_120.pdb	0	15.887	31.768	14.509
swarm_85_84.pdb	0	10.791	20.734	14.503
swarm_98_19.pdb	0	17.408	36.619	14.479
swarm_5_166.pdb	0.0185185	15.147	28.277	14.479
swarm_64_196.pdb	0	17.427	40.781	14.473
swarm_50_17.pdb	0	13.193	32.008	14.471
swarm_118_147.pdb	0.0185185	15.442	38.583	14.454
swarm_75_107.pdb	0	16.869	38.266	14.424
swarm_98_55.pdb	0	14.255	27.838	14.368
swarm_111_2.pdb	0	13.845	23.602	14.311
swarm_109_128.pdb	0	17.760	35.776	14.273
swarm_37_60.pdb	0	15.260	38.961	14.265
swarm_67_198.pdb	0	15.924	29.383	14.264
swarm_68_9.pdb	0	11.850	31.783	14.236
swarm_101_78.pdb	0	13.001	33.226	14.233
swarm_50_74.pdb	0	15.654	33.140	14.228
swarm_1_167.pdb	0	18.844	37.967	14.202
swarm_47_57.pdb	0.0185185	13.825	30.391	14.115
swarm_113_40.pdb	0	16.432	28.600	14.077
swarm_94_135.pdb	0	13.684	28.935	14.070
swarm_96_98.pdb	0.0185185	11.720	24.396	14.058
swarm_4_38.pdb	0	14.122	32.803	14.031
swarm_68_114.pdb	0	11.652	26.885	14.011
swarm_90_155.pdb	0	17.610	30.592	14.010
swarm_87_194.pdb	0	14.333	30.502	14.001
swarm_85_192.pdb	0	11.233	23.245	14.001
swarm_49_11.pdb	0	17.778	37.720	13.969
swarm_90_4.pdb	0.12963	6.793	14.130	13.955
swarm_43_123.pdb	0	16.931	35.338	13.950
swarm_113_53.pdb	0	11.893	25.247	13.939
swarm_28_112.pdb	0	13.458	33.453	13.933
swarm_111_54.pdb	0	12.479	25.552	13.902
swarm_27_60.pdb	0	13.229	31.185	13.864
swarm_57_46.pdb	0	16.579	33.756	13.856
swarm_42_132.pdb	0	15.284	35.381	13.845
swarm_90_65.pdb	0.0185185	13.904	30.581	13.839
swarm_109_21.pdb	0	18.473	32.802	13.787
swarm_3_9.pdb	0	13.384	27.213	13.773
swarm_95_177.pdb	0	13.325	25.943	13.764
swarm_86_100.pdb	0	16.080	40.765	13.756
swarm_59_4.pdb	0	18.408	33.280	13.751
swarm_2_106.pdb	0	20.476	44.253	13.750
swarm_35_126.pdb	0	17.697	39.180	13.715
swarm_58_10.pdb	0	19.013	36.409	13.672
swarm_111_106.pdb	0	6.997	13.497	13.634
swarm_87_107.pdb	0	11.958	21.586	13.611
swarm_80_172.pdb	0	17.450	38.220	13.600
swarm_17_122.pdb	0	10.800	18.375	13.597
swarm_117_62.pdb	0	16.856	32.872	13.550
swarm_43_92.pdb	0	18.750	39.484	13.531
swarm_40_65.pdb	0	16.020	41.116	13.525
swarm_64_91.pdb	0	14.227	29.221	13.520
swarm_76_73.pdb	0	16.757	31.480	13.485
swarm_36_72.pdb	0	21.664	47.322	13.442
swarm_32_97.pdb	0.037037	16.933	39.469	13.384
swarm_87_74.pdb	0	13.453	26.494	13.367
swarm_50_20.pdb	0.0185185	15.168	37.476	13.362
swarm_74_117.pdb	0	20.459	48.911	13.361
swarm_104_122.pdb	0	15.873	34.359	13.328
swarm_48_140.pdb	0.12963	13.593	32.184	13.304
swarm_117_80.pdb	0	15.635	33.496	13.297
swarm_55_126.pdb	0	20.135	43.750	13.288
swarm_103_89.pdb	0.0555556	8.524	20.407	13.270
swarm_96_52.pdb	0	12.252	23.399	13.266
swarm_115_128.pdb	0	13.512	29.331	13.266
swarm_23_176.pdb	0	17.675	38.018	13.256
swarm_33_64.pdb	0	14.455	30.651	13.255
swarm_102_139.pdb	0	19.312	44.602	13.252
swarm_35_139.pdb	0	20.769	46.158	13.236
swarm_108_41.pdb	0	17.374	31.604	13.226
swarm_32_82.pdb	0.0185185	15.939	34.832	13.224
swarm_64_18.pdb	0	17.986	35.656	13.216
swarm_100_147.pdb	0	14.606	37.260	13.169
swarm_4_15.pdb	0	14.682	32.163	13.138
swarm_54_129.pdb	0	17.363	31.371	13.131
swarm_13_171.pdb	0	20.937	44.480	13.128
swarm_53_24.pdb	0.0740741	16.714	45.093	13.114
swarm_46_62.pdb	0	12.149	27.304	13.049
swarm_87_33.pdb	0	12.013	22.551	13.028
swarm_90_71.pdb	0.037037	12.263	24.430	12.978
swarm_107_156.pdb	0	11.638	21.867	12.966
swarm_30_85.pdb	0	15.550	34.338	12.949
swarm_110_169.pdb	0	9.883	21.934	12.946
swarm_100_51.pdb	0	13.711	30.495	12.942
swarm_31_66.pdb	0	17.140	31.541	12.893
swarm_84_91.pdb	0	14.895	30.625	12.865
swarm_61_99.pdb	0	17.475	38.505	12.857
swarm_97_127.pdb	0	18.707	40.735	12.850
swarm_117_126.pdb	0	13.457	33.418	12.819
swarm_39_81.pdb	0	20.507	39.004	12.804
swarm_75_112.pdb	0	17.412	40.430	12.799
swarm_102_182.pdb	0	18.207	42.946	12.799
swarm_11_151.pdb	0	16.367	28.772	12.780
swarm_60_133.pdb	0	18.411	41.025	12.761
swarm_31_115.pdb	0	14.404	26.429	12.747
swarm_57_161.pdb	0	19.967	44.668	12.711
swarm_66_73.pdb	0.0185185	19.270	46.551	12.679
swarm_33_53.pdb	0	18.237	38.804	12.672
swarm_111_107.pdb	0	14.521	24.857	12.661
swarm_31_192.pdb	0	12.858	26.165	12.646
swarm_35_110.pdb	0.0555556	18.769	44.982	12.613
swarm_75_59.pdb	0	14.442	30.192	12.608
swarm_30_167.pdb	0	17.089	37.851	12.601
swarm_78_179.pdb	0	20.819	40.268	12.594
swarm_37_1.pdb	0	17.747	41.093	12.569
swarm_80_130.pdb	0	19.652	38.271	12.556
swarm_72_13.pdb	0	19.167	45.802	12.517
swarm_11_18.pdb	0	10.258	23.770	12.516
swarm_75_160.pdb	0	17.215	46.443	12.487
swarm_87_15.pdb	0.185185	6.193	16.674	12.477
swarm_56_145.pdb	0	18.165	39.687	12.455
swarm_40_55.pdb	0	21.653	51.864	12.454
swarm_54_168.pdb	0	11.107	23.017	12.440
swarm_95_39.pdb	0.0555556	8.517	22.234	12.437
swarm_79_92.pdb	0	20.288	48.177	12.410
swarm_30_125.pdb	0	16.148	36.582	12.409
swarm_59_18.pdb	0	21.653	40.494	12.369
swarm_42_31.pdb	0	18.859	36.466	12.369
swarm_46_139.pdb	0	15.229	30.152	12.338
swarm_6_130.pdb	0	16.169	31.790	12.334
swarm_89_42.pdb	0	17.944	32.897	12.328
swarm_77_54.pdb	0	21.595	47.592	12.313
swarm_87_193.pdb	0	14.810	28.701	12.297
swarm_46_59.pdb	0	13.648	26.992	12.293
swarm_91_67.pdb	0	20.527	50.260	12.292
swarm_72_116.pdb	0	21.170	51.099	12.282
swarm_55_122.pdb	0	18.026	39.812	12.280
swarm_48_93.pdb	0	19.070	42.682	12.279
swarm_34_188.pdb	0	14.491	38.043	12.231
swarm_53_160.pdb	0	17.312	40.236	12.220
swarm_78_30.pdb	0	14.419	29.418	12.217
swarm_95_142.pdb	0.0555556	13.949	25.234	12.189
swarm_39_138.pdb	0	13.444	28.362	12.146
swarm_107_147.pdb	0	12.587	23.786	12.144
swarm_3_136.pdb	0	16.037	33.969	12.140
swarm_116_188.pdb	0	20.222	37.773	12.113
swarm_86_31.pdb	0.0740741	18.330	44.894	12.104
swarm_98_191.pdb	0	15.779	35.576	12.096
swarm_8_131.pdb	0	14.985	25.214	12.089
swarm_11_156.pdb	0	14.857	25.509	12.068
swarm_100_82.pdb	0	18.020	36.054	12.058
swarm_117_52.pdb	0	14.821	33.192	12.044
swarm_48_193.pdb	0	10.808	25.952	12.043
swarm_55_5.pdb	0	18.235	39.889	12.036
swarm_25_88.pdb	0.0555556	17.916	44.243	12.031
swarm_116_169.pdb	0	15.099	34.446	12.028
swarm_61_55.pdb	0	22.902	44.673	12.018
swarm_84_18.pdb	0	14.476	25.570	12.010
swarm_107_138.pdb	0	12.505	23.637	12.009
swarm_77_82.pdb	0	19.658	49.443	11.984
swarm_86_191.pdb	0	15.755	37.463	11.982
swarm_81_75.pdb	0	19.914	45.696	11.968
swarm_96_93.pdb	0	17.738	31.872	11.961
swarm_47_58.pdb	0	12.906	29.196	11.956
swarm_35_149.pdb	0	16.148	40.047	11.948
swarm_27_31.pdb	0	16.861	40.942	11.945
swarm_78_11.pdb	0	19.939	37.545	11.920
swarm_110_26.pdb	0.0185185	10.003	23.740	11.915
swarm_78_154.pdb	0	17.638	40.049	11.890
swarm_97_83.pdb	0	20.880	45.384	11.871
swarm_75_79.pdb	0	14.638	37.809	11.868
swarm_94_11.pdb	0.0555556	13.721	32.232	11.866
swarm_0_57.pdb	0	18.353	38.159	11.859
swarm_110_4.pdb	0	7.983	16.068	11.838
swarm_116_7.pdb	0	13.331	25.791	11.833
swarm_96_25.pdb	0.0185185	13.938	24.342	11.831
swarm_61_92.pdb	0	14.292	26.125	11.822
swarm_95_22.pdb	0	9.102	16.797	11.818
swarm_45_194.pdb	0	16.165	40.493	11.809
swarm_32_28.pdb	0	18.855	40.834	11.805
swarm_35_169.pdb	0	19.768	41.396	11.794
swarm_1_83.pdb	0	20.375	36.851	11.789
swarm_2_167.pdb	0.0185185	18.955	46.063	11.783
swarm_34_150.pdb	0	15.676	37.785	11.778
swarm_48_64.pdb	0	16.155	35.727	11.772
swarm_38_65.pdb	0	18.301	34.950	11.747
swarm_94_146.pdb	0	14.236	37.703	11.724
swarm_0_134.pdb	0	18.338	32.972	11.724
swarm_29_106.pdb	0	14.643	28.424	11.655
swarm_85_50.pdb	0.0185185	12.227	31.469	11.650
swarm_95_73.pdb	0	15.564	30.235	11.649
swarm_26_42.pdb	0.0740741	17.814	41.699	11.649
swarm_84_43.pdb	0	17.789	36.100	11.631
swarm_86_71.pdb	0	15.008	32.545	11.623
swarm_38_15.pdb	0	15.718	30.878	11.614
swarm_93_15.pdb	0	22.125	47.139	11.583
swarm_57_146.pdb	0	15.757	36.663	11.564
swarm_80_181.pdb	0	17.659	35.638	11.559
swarm_49_55.pdb	0	17.683	38.787	11.551
swarm_53_192.pdb	0.0185185	17.853	42.446	11.538
swarm_96_110.pdb	0	12.233	26.426	11.531
swarm_112_95.pdb	0	17.655	33.947	11.529
swarm_27_65.pdb	0	14.711	37.446	11.510
swarm_62_74.pdb	0	17.739	36.248	11.503
swarm_92_40.pdb	0	20.775	41.085	11.495
swarm_74_98.pdb	0	21.435	46.823	11.494
swarm_93_171.pdb	0	17.970	35.526	11.445
swarm_33_184.pdb	0	12.195	29.169	11.429
swarm_42_118.pdb	0	20.320	45.369	11.407
swarm_16_59.pdb	0	11.848	22.736	11.405
swarm_13_2.pdb	0	17.133	41.086	11.397
swarm_108_5.pdb	0	18.475	35.290	11.392
swarm_69_164.pdb	0	20.679	46.144	11.388
swarm_55_73.pdb	0	18.856	41.054	11.388
swarm_13_114.pdb	0	22.062	48.383	11.380
swarm_84_8.pdb	0	15.061	28.757	11.371
swarm_80_122.pdb	0	19.444	43.698	11.362
swarm_47_102.pdb	0	12.954	23.761	11.325
swarm_40_21.pdb	0	21.236	45.665	11.321
swarm_106_117.pdb	0	17.486	37.576	11.311
swarm_97_107.pdb	0	18.057	41.141	11.301
swarm_38_105.pdb	0	20.936	36.861	11.294
swarm_70_48.pdb	0	20.443	50.852	11.290
swarm_41_120.pdb	0	22.879	41.108	11.279
swarm_34_70.pdb	0	15.964	30.546	11.276
swarm_29_85.pdb	0	16.252	33.629	11.258
swarm_28_17.pdb	0	17.925	46.638	11.252
swarm_61_124.pdb	0	15.552	34.909	11.247
swarm_41_99.pdb	0	17.580	37.680	11.246
swarm_115_5.pdb	0	19.811	37.402	11.239
swarm_49_72.pdb	0	17.467	42.134	11.236
swarm_36_112.pdb	0	18.714	41.195	11.218
swarm_105_93.pdb	0	18.184	37.160	11.216
swarm_68_183.pdb	0	16.360	34.002	11.199
swarm_110_181.pdb	0	15.889	31.378	11.194
swarm_71_137.pdb	0	18.173	32.224	11.190
swarm_29_88.pdb	0	17.779	37.238	11.130
swarm_47_73.pdb	0	11.686	26.868	11.117
swarm_51_61.pdb	0	17.451	42.066	11.109
swarm_43_55.pdb	0	15.169	31.545	11.108
swarm_76_120.pdb	0	16.487	33.825	11.090
swarm_36_50.pdb	0	18.850	50.769	11.069
swarm_2_66.pdb	0	16.261	39.272	11.064
swarm_71_167.pdb	0	18.897	36.038	11.050
swarm_73_29.pdb	0	15.377	38.279	11.010
swarm_58_89.pdb	0	18.479	34.727	11.000
swarm_47_181.pdb	0	17.238	36.749	10.997
swarm_33_32.pdb	0	16.713	37.726	10.988
swarm_29_39.pdb	0	12.146	32.338	10.962
swarm_31_132.pdb	0	12.702	24.634	10.948
swarm_6_80.pdb	0	16.337	36.194	10.947
swarm_37_103.pdb	0	21.269	46.205	10.939
swarm_30_24.pdb	0	16.265	36.118	10.939
swarm_73_86.pdb	0	22.803	48.836	10.936
swarm_52_120.pdb	0	22.435	49.536	10.910
swarm_48_91.pdb	0	12.135	31.062	10.909
swarm_85_6.pdb	0	15.476	30.329	10.894
swarm_1_18.pdb	0	17.745	38.423	10.878
swarm_36_7.pdb	0.0185185	20.565	50.629	10.857
swarm_59_143.pdb	0	12.471	25.680	10.834
swarm_109_155.pdb	0.0185185	17.036	32.466	10.829
swarm_80_70.pdb	0	21.391	42.890	10.828
swarm_103_46.pdb	0.037037	11.642	25.612	10.821
swarm_108_16.pdb	0	14.810	30.882	10.811
swarm_108_111.pdb	0	15.390	31.663	10.800
swarm_37_71.pdb	0	21.745	45.648	10.790
swarm_74_118.pdb	0	18.854	51.730	10.788
swarm_0_38.pdb	0	17.454	35.953	10.770
swarm_52_104.pdb	0	18.239	44.456	10.769
swarm_93_151.pdb	0	18.180	43.243	10.741
swarm_93_152.pdb	0	19.019	36.531	10.721
swarm_54_15.pdb	0	20.091	35.405	10.719
swarm_48_171.pdb	0	17.405	35.430	10.718
swarm_48_77.pdb	0	14.926	34.898	10.717
swarm_87_39.pdb	0	10.492	23.307	10.705
swarm_95_120.pdb	0	15.305	30.118	10.679
swarm_113_167.pdb	0.0185185	9.986	21.725	10.672
swarm_108_14.pdb	0	13.736	28.756	10.657
swarm_1_21.pdb	0	14.529	33.501	10.643
swarm_110_28.pdb	0	11.520	19.561	10.638
swarm_91_100.pdb	0	19.491	47.113	10.631
swarm_59_46.pdb	0	18.440	32.800	10.621
swarm_7_33.pdb	0.148148	12.781	25.776	10.617
swarm_39_135.pdb	0	17.857	35.655	10.615
swarm_34_16.pdb	0	18.073	37.897	10.613
swarm_106_142.pdb	0	13.384	30.051	10.592
swarm_80_198.pdb	0	14.262	34.574	10.588
swarm_38_196.pdb	0	20.770	36.580	10.567
swarm_34_175.pdb	0	19.769	45.697	10.563
swarm_106_139.pdb	0	17.971	39.691	10.561
swarm_60_14.pdb	0	17.761	39.552	10.558
swarm_77_138.pdb	0	20.492	48.641	10.525
swarm_65_91.pdb	0	21.236	43.419	10.509
swarm_83_67.pdb	0	20.502	45.816	10.505
swarm_47_14.pdb	0	15.620	37.374	10.480
swarm_55_68.pdb	0	16.120	35.019	10.475
swarm_110_100.pdb	0	12.834	24.910	10.462
swarm_31_109.pdb	0	18.888	32.967	10.456
swarm_76_62.pdb	0	16.594	35.425	10.446
swarm_1_94.pdb	0	19.225	36.453	10.397
swarm_1_62.pdb	0	18.226	35.283	10.391
swarm_43_158.pdb	0	19.906	35.590	10.383
swarm_66_26.pdb	0	20.065	44.220	10.375
swarm_38_162.pdb	0	13.434	28.766	10.372
swarm_36_87.pdb	0	22.818	49.903	10.324
swarm_105_3.pdb	0	17.051	39.637	10.302
swarm_50_130.pdb	0	16.317	31.771	10.293
swarm_43_183.pdb	0	20.389	38.082	10.274
swarm_42_15.pdb	0	17.902	41.502	10.272
swarm_80_142.pdb	0	19.706	41.514	10.266
swarm_58_177.pdb	0	17.094	34.668	10.242
swarm_58_71.pdb	0	20.716	43.240	10.226
swarm_2_94.pdb	0	20.795	44.277	10.226
swarm_109_92.pdb	0	18.322	38.498	10.224
swarm_85_68.pdb	0	12.432	25.297	10.216
swarm_112_33.pdb	0	15.128	31.836	10.206
swarm_44_72.pdb	0	19.876	42.300	10.205
swarm_71_34.pdb	0	16.042	35.442	10.203
swarm_58_64.pdb	0	12.684	27.984	10.159
swarm_116_162.pdb	0	18.477	34.102	10.118
swarm_108_134.pdb	0	18.339	38.074	10.116
swarm_66_162.pdb	0	19.144	45.857	10.109
swarm_54_46.pdb	0	17.629	32.959	10.101
swarm_57_151.pdb	0	16.926	40.678	10.083
swarm_34_71.pdb	0.0185185	16.781	38.692	10.062
swarm_62_93.pdb	0	23.884	44.199	10.057
swarm_0_184.pdb	0	15.673	35.425	10.036
swarm_2_105.pdb	0	23.326	48.266	9.920
swarm_101_163.pdb	0	19.267	41.558	9.919
swarm_26_145.pdb	0	16.311	37.515	9.914
swarm_59_125.pdb	0	18.876	34.533	9.900
swarm_33_27.pdb	0	17.574	41.722	9.900
swarm_46_115.pdb	0.0555556	11.287	30.453	9.888
swarm_65_174.pdb	0	16.943	36.751	9.878
swarm_13_177.pdb	0	21.169	52.122	9.870
swarm_111_1.pdb	0	15.454	28.374	9.863
swarm_64_46.pdb	0	21.390	44.519	9.860
swarm_69_153.pdb	0	18.229	41.307	9.845
swarm_49_46.pdb	0	18.402	43.212	9.837
swarm_83_130.pdb	0	19.763	44.403	9.826
swarm_53_98.pdb	0	18.291	40.298	9.799
swarm_107_72.pdb	0.0185185	13.495	30.365	9.790
swarm_92_98.pdb	0	17.328	39.188	9.785
swarm_91_1.pdb	0	19.689	45.810	9.777
swarm_29_183.pdb	0	14.708	36.436	9.760
swarm_25_141.pdb	0	20.427	44.312	9.742
swarm_79_138.pdb	0	21.830	46.704	9.732
swarm_94_45.pdb	0	16.923	40.194	9.698
swarm_32_149.pdb	0	18.259	38.232	9.698
swarm_33_152.pdb	0	19.081	41.363	9.689
swarm_78_42.pdb	0	22.685	43.205	9.679
swarm_27_181.pdb	0	16.520	35.204	9.655
swarm_39_21.pdb	0	18.439	36.269	9.633
swarm_99_84.pdb	0	16.936	30.930	9.602
swarm_113_122.pdb	0	16.792	28.437	9.590
swarm_51_185.pdb	0	18.631	46.781	9.571
swarm_97_65.pdb	0	19.761	48.461	9.562
swarm_89_112.pdb	0	11.027	22.796	9.555
swarm_108_197.pdb	0	17.388	39.754	9.507
swarm_97_84.pdb	0	19.500	41.810	9.501
swarm_35_45.pdb	0	18.234	44.782	9.484
swarm_60_83.pdb	0	21.460	41.763	9.410
swarm_57_12.pdb	0	21.651	43.341	9.402
swarm_61_45.pdb	0	19.418	36.728	9.376
swarm_77_190.pdb	0	18.595	44.264	9.372
swarm_74_21.pdb	0	21.193	48.248	9.372
swarm_81_44.pdb	0	22.701	52.050	9.352
swarm_86_13.pdb	0.037037	16.072	41.897	9.339
swarm_108_35.pdb	0	21.813	39.850	9.296
swarm_40_64.pdb	0	20.313	44.765	9.287
swarm_29_113.pdb	0	19.944	39.434	9.267
swarm_80_89.pdb	0	20.246	45.873	9.259
swarm_110_134.pdb	0	14.115	23.764	9.248
swarm_13_55.pdb	0	21.856	50.468	9.207
swarm_61_155.pdb	0	17.748	39.045	9.205
swarm_89_10.pdb	0	19.403	34.467	9.202
swarm_42_18.pdb	0	19.935	38.489	9.191
swarm_37_25.pdb	0	19.242	43.712	9.138
swarm_86_37.pdb	0	19.917	44.724	9.137
swarm_102_25.pdb	0	18.903	46.585	9.121
swarm_55_162.pdb	0	18.835	41.855	9.100
swarm_48_103.pdb	0	17.229	33.311	9.082
swarm_103_180.pdb	0	13.432	23.821	9.073
swarm_101_30.pdb	0	17.851	37.845	9.057
swarm_75_4.pdb	0	18.972	40.503	9.016
swarm_112_83.pdb	0	17.084	37.267	8.997
swarm_32_46.pdb	0	15.730	36.560	8.958
swarm_64_192.pdb	0.0185185	14.603	39.576	8.954
swarm_40_189.pdb	0	20.085	46.079	8.932
swarm_85_122.pdb	0	18.385	32.352	8.927
swarm_81_50.pdb	0	21.046	46.042	8.875
swarm_98_84.pdb	0	16.453	32.623	8.874
swarm_73_152.pdb	0	16.446	44.436	8.871
swarm_42_95.pdb	0	22.054	45.870	8.841
swarm_23_125.pdb	0	21.590	48.855	8.840
swarm_81_10.pdb	0	21.487	49.566	8.832
swarm_36_77.pdb	0	19.958	49.780	8.788
swarm_92_8.pdb	0	15.683	34.929	8.774
swarm_70_76.pdb	0	19.388	45.891	8.762
swarm_66_47.pdb	0	16.873	39.212	8.740
swarm_23_54.pdb	0	21.106	42.546	8.700
swarm_117_95.pdb	0	19.877	39.151	8.684
swarm_23_98.pdb	0	20.209	49.511	8.683
swarm_91_171.pdb	0	16.864	43.934	8.646
swarm_2_146.pdb	0	21.538	47.131	8.624
swarm_92_96.pdb	0	17.671	38.834	8.611
swarm_76_44.pdb	0	18.399	33.063	8.596
swarm_1_91.pdb	0	21.943	39.262	8.572
swarm_18_178.pdb	0.037037	14.051	24.464	8.567
swarm_2_168.pdb	0	18.915	44.248	8.514
swarm_13_140.pdb	0	19.111	47.296	8.478
swarm_101_184.pdb	0	15.373	38.480	8.474
swarm_42_140.pdb	0	21.644	43.266	8.456
swarm_24_63.pdb	0	19.207	43.673	8.426
swarm_39_92.pdb	0	18.668	36.596	8.411
swarm_81_107.pdb	0	18.450	45.753	8.375
swarm_109_36.pdb	0.037037	15.149	35.702	8.344
swarm_86_94.pdb	0	17.577	42.260	8.343
swarm_56_180.pdb	0	20.245	41.037	8.343
swarm_106_67.pdb	0	13.825	30.701	8.306
swarm_28_165.pdb	0	17.845	39.489	8.264
swarm_42_133.pdb	0	19.281	44.583	8.242
swarm_2_28.pdb	0	20.372	42.668	8.240
swarm_43_179.pdb	0	18.973	38.694	8.237
swarm_72_138.pdb	0	22.622	49.048	8.227
swarm_63_187.pdb	0	22.365	44.930	8.223
swarm_70_67.pdb	0	20.280	48.136	8.214
swarm_93_97.pdb	0	22.519	45.613	8.180
swarm_65_116.pdb	0	21.265	40.761	8.165
swarm_89_195.pdb	0	16.471	31.421	8.102
swarm_51_79.pdb	0	19.719	50.191	8.057
swarm_71_165.pdb	0	16.833	34.999	8.038
swarm_0_132.pdb	0	18.625	34.547	7.975
swarm_45_142.pdb	0	19.728	45.250	7.972
swarm_55_88.pdb	0	19.624	39.578	7.954
swarm_56_140.pdb	0	19.868	36.571	7.938
swarm_51_156.pdb	0	17.046	44.039	7.858
swarm_88_157.pdb	0	21.624	49.700	7.836
swarm_12_69.pdb	0	15.775	28.962	7.772
swarm_102_52.pdb	0	21.078	46.130	7.729
swarm_45_181.pdb	0	21.100	46.177	7.712
swarm_44_168.pdb	0	24.595	49.018	7.706
swarm_70_33.pdb	0	17.860	45.366	7.654
swarm_73_36.pdb	0	16.400	39.827	7.653
swarm_101_110.pdb	0	20.434	46.132	7.653
swarm_38_93.pdb	0	23.407	41.600	7.621
swarm_40_138.pdb	0	22.136	48.400	7.606
swarm_23_104.pdb	0	21.749	47.904	7.604
swarm_27_35.pdb	0	19.707	41.508	7.599
swarm_51_148.pdb	0	18.470	42.814	7.505
swarm_70_6.pdb	0	20.395	44.912	7.503
swarm_79_7.pdb	0	21.339	51.800	7.463
swarm_101_66.pdb	0	18.459	40.496	7.455
swarm_22_161.pdb	0	13.043	23.252	7.450
swarm_112_52.pdb	0	17.379	37.622	7.449
swarm_62_197.pdb	0	21.361	43.052	7.440
swarm_72_20.pdb	0	21.749	51.207	7.417
swarm_59_5.pdb	0	14.039	31.515	7.416
swarm_51_34.pdb	0	17.862	45.058	7.410
swarm_93_98.pdb	0	21.502	45.473	7.354
swarm_78_188.pdb	0	19.045	37.469	7.318
swarm_102_49.pdb	0	21.951	46.350	7.317
swarm_44_41.pdb	0	20.259	39.817	7.315
swarm_67_149.pdb	0	13.257	26.812	7.298
swarm_39_132.pdb	0	18.565	37.805	7.255
swarm_82_107.pdb	0	20.797	47.586	7.234
swarm_4_107.pdb	0	12.487	26.413	7.231
swarm_81_19.pdb	0	21.932	48.495	7.225
swarm_57_62.pdb	0	20.066	43.212	7.199
swarm_81_71.pdb	0	19.872	42.861	7.190
swarm_91_197.pdb	0	20.199	49.625	7.184
swarm_83_26.pdb	0	16.934	40.688	7.176
swarm_62_138.pdb	0	20.063	42.008	7.055
swarm_53_137.pdb	0	19.368	41.416	7.044
swarm_108_47.pdb	0	15.365	35.386	7.036
swarm_0_82.pdb	0	24.023	43.889	7.021
swarm_65_60.pdb	0	19.493	43.199	7.006
swarm_34_53.pdb	0	15.836	34.169	7.004
swarm_45_19.pdb	0	18.290	39.526	6.958
swarm_112_10.pdb	0	17.242	33.456	6.892
swarm_0_65.pdb	0	23.761	46.283	6.837
swarm_109_147.pdb	0	18.683	37.616	6.789
swarm_42_164.pdb	0	24.956	50.174	6.778
swarm_66_92.pdb	0	19.879	42.884	6.533
swarm_115_195.pdb	0	9.326	20.250	6.438
swarm_89_95.pdb	0	18.151	34.571	6.284
swarm_41_38.pdb	0	19.091	36.664	6.273
swarm_93_118.pdb	0	22.473	46.947	6.262
swarm_105_152.pdb	0	15.294	35.024	6.238
swarm_76_194.pdb	0	18.353	32.807	6.115
swarm_77_21.pdb	0	21.436	54.598	5.944
swarm_59_6.pdb	0	18.739	37.124	5.836
swarm_40_77.pdb	0	22.088	51.088	5.813
swarm_65_11.pdb	0	19.557	42.225	5.787
swarm_79_26.pdb	0	21.403	52.148	5.753
swarm_108_8.pdb	0	18.520	32.851	5.707
swarm_72_100.pdb	0	22.939	52.414	5.703
swarm_63_174.pdb	0	21.430	44.625	5.640
swarm_74_47.pdb	0	19.350	51.419	5.617
swarm_43_74.pdb	0	20.459	45.177	5.548
swarm_118_9.pdb	0	12.154	26.184	5.521
swarm_54_85.pdb	0	16.515	29.399	5.477
swarm_62_8.pdb	0	17.706	38.971	5.466
swarm_56_32.pdb	0	18.264	41.323	5.400
swarm_62_0.pdb	0	24.868	48.183	5.362
swarm_118_127.pdb	0	15.276	29.394	5.348
swarm_74_126.pdb	0	22.557	49.941	5.327
swarm_93_111.pdb	0	20.278	43.934	5.324
swarm_102_147.pdb	0	21.158	49.774	5.287
swarm_79_153.pdb	0	20.815	46.048	5.198
swarm_99_112.pdb	0	14.850	28.872	5.142
swarm_0_187.pdb	0	16.514	32.406	5.075
swarm_65_171.pdb	0	20.217	39.590	5.066
swarm_27_178.pdb	0	21.293	45.686	5.064
swarm_66_143.pdb	0	20.480	48.615	5.035
swarm_53_146.pdb	0	17.574	39.359	4.974
swarm_28_89.pdb	0	21.673	49.628	4.968
swarm_69_31.pdb	0	20.468	48.041	4.914
swarm_23_69.pdb	0	20.362	47.891	4.882
swarm_28_50.pdb	0	18.274	40.336	4.849
swarm_94_125.pdb	0	16.786	36.174	4.845
swarm_48_63.pdb	0	17.636	39.774	4.800
swarm_67_163.pdb	0	18.379	35.999	4.758
swarm_45_157.pdb	0	16.865	37.050	4.671
swarm_102_8.pdb	0	19.305	39.185	4.568
swarm_77_125.pdb	0	22.247	50.355	4.506
swarm_65_191.pdb	0	25.923	49.882	4.478
swarm_63_32.pdb	0	23.646	48.278	4.383
swarm_44_103.pdb	0	21.804	44.741	4.313
swarm_63_179.pdb	0	18.320	38.015	4.283
swarm_63_189.pdb	0	17.424	39.305	4.179
swarm_69_191.pdb	0	18.601	47.399	3.941
swarm_29_131.pdb	0	12.837	27.304	3.935
swarm_56_12.pdb	0	20.209	42.120	3.928
swarm_81_36.pdb	0	19.372	43.857	3.699
swarm_88_52.pdb	0	20.098	45.160	3.550
swarm_44_45.pdb	0	22.817	43.646	3.389
swarm_67_165.pdb	0	16.441	35.157	3.321
swarm_41_172.pdb	0	20.558	38.027	3.315
swarm_99_39.pdb	0	9.561	20.998	3.299
swarm_106_57.pdb	0	16.101	38.528	3.247
swarm_28_120.pdb	0	19.066	41.665	3.167
swarm_106_149.pdb	0	12.864	25.346	3.128
swarm_65_84.pdb	0	19.677	40.291	2.813
swarm_49_197.pdb	0	16.236	42.438	2.746
swarm_79_75.pdb	0	22.965	51.062	2.606
swarm_109_5.pdb	0	14.299	27.017	2.597
swarm_101_64.pdb	0	18.458	36.276	2.576
swarm_118_65.pdb	0	16.348	33.479	2.486
swarm_23_71.pdb	0	20.015	41.485	2.282
swarm_24_151.pdb	0	20.072	43.885	2.273
swarm_44_78.pdb	0	17.612	37.713	2.220
swarm_60_185.pdb	0	21.060	43.131	2.208
swarm_56_136.pdb	0	24.108	46.074	2.206
swarm_63_47.pdb	0	23.513	45.700	2.129
swarm_90_25.pdb	0	17.795	32.415	2.090
swarm_77_196.pdb	0	22.074	54.583	2.089
swarm_44_111.pdb	0	24.668	50.251	2.024
swarm_88_24.pdb	0	18.952	49.038	1.960
swarm_60_106.pdb	0	20.042	40.428	1.938
swarm_62_68.pdb	0	21.823	47.079	1.870
swarm_13_149.pdb	0	22.809	49.702	1.803
swarm_27_92.pdb	0	15.683	38.898	1.782
swarm_66_149.pdb	0	17.153	38.570	1.723
swarm_83_102.pdb	0	16.179	40.516	1.642
swarm_60_26.pdb	0	21.271	40.051	1.563
swarm_69_107.pdb	0.0185185	20.357	48.844	1.548
swarm_71_80.pdb	0	22.058	41.979	1.533
swarm_63_109.pdb	0	21.103	45.968	1.417
swarm_63_199.pdb	0	19.876	44.285	1.297
swarm_39_119.pdb	0	21.378	44.144	1.297
swarm_77_141.pdb	0	20.122	47.384	1.274
swarm_25_187.pdb	0	20.391	47.008	1.263
swarm_71_45.pdb	0	19.934	42.626	1.256
swarm_56_116.pdb	0	17.644	39.132	1.184
swarm_82_146.pdb	0	21.023	49.520	1.028
swarm_85_116.pdb	0	12.983	29.941	1.001
swarm_44_105.pdb	0	19.409	37.133	0.968
swarm_53_34.pdb	0	18.634	43.934	0.930
swarm_28_147.pdb	0	19.693	43.024	0.873
swarm_60_67.pdb	0	21.148	46.451	0.777
swarm_103_117.pdb	0	16.443	30.009	0.714
swarm_9_88.pdb	0.12963	12.831	21.920	0.569
swarm_69_77.pdb	0	16.890	41.514	0.494
swarm_23_93.pdb	0	19.797	45.523	0.416
swarm_75_89.pdb	0	18.629	41.058	0.303
swarm_45_92.pdb	0	16.782	42.091	0.274
swarm_79_2.pdb	0	24.672	54.951	0.226
swarm_43_133.pdb	0	21.318	40.184	0.214
swarm_36_197.pdb	0	21.085	49.003	0.191
swarm_91_60.pdb	0	17.893	48.764	0.145
swarm_44_11.pdb	0	21.009	43.226	-0.050
swarm_103_109.pdb	0	16.576	35.362	-0.127
swarm_60_54.pdb	0	18.744	43.328	-0.206
swarm_102_89.pdb	0	18.673	47.033	-0.382
swarm_19_170.pdb	0	11.707	24.777	-0.550
swarm_28_53.pdb	0	18.826	42.798	-0.557
swarm_71_87.pdb	0	17.189	39.143	-0.577
swarm_71_65.pdb	0	20.795	41.414	-0.628
swarm_118_178.pdb	0	17.652	35.550	-0.908
swarm_97_123.pdb	0	18.657	41.994	-1.490
swarm_82_178.pdb	0	19.848	46.915	-1.522
swarm_66_11.pdb	0	20.543	47.949	-1.753
swarm_74_0.pdb	0	25.403	56.655	-1.819
swarm_82_124.pdb	0	20.674	44.816	-1.871
swarm_83_18.pdb	0	21.705	48.086	-1.876
swarm_24_47.pdb	0	17.354	38.320	-2.156
swarm_26_21.pdb	0	19.253	42.223	-2.546
swarm_88_136.pdb	0	22.469	54.518	-2.600
swarm_44_35.pdb	0	17.914	41.555	-2.660
swarm_1_96.pdb	0	17.730	36.666	-2.723
swarm_27_17.pdb	0	18.109	38.333	-2.861
swarm_83_47.pdb	0	18.722	41.477	-2.985
swarm_41_198.pdb	0	20.814	41.015	-3.064
swarm_91_33.pdb	0	24.177	54.981	-3.599
swarm_112_156.pdb	0	19.263	36.469	-3.607
swarm_65_146.pdb	0	22.487	50.147	-3.716
swarm_101_197.pdb	0	21.896	45.147	-3.900
swarm_60_87.pdb	0	25.298	47.357	-3.976
swarm_3_40.pdb	0	16.110	28.899	-4.416
swarm_10_167.pdb	0.0185185	8.852	24.496	-4.482
swarm_28_174.pdb	0	19.936	48.133	-4.677
swarm_26_139.pdb	0	16.578	42.189	-5.375
swarm_82_17.pdb	0	17.709	43.441	-5.399
swarm_24_40.pdb	0	17.859	42.338	-5.526
swarm_79_28.pdb	0	17.986	47.592	-5.833
swarm_27_19.pdb	0	18.909	44.130	-5.874
swarm_24_0.pdb	0.0185185	17.355	47.065	-5.921
swarm_81_2.pdb	0	21.353	50.199	-5.950
swarm_82_138.pdb	0	19.495	46.089	-6.519
swarm_25_122.pdb	0	17.379	40.123	-6.854
swarm_71_163.pdb	0	22.181	44.778	-6.995
swarm_53_156.pdb	0	16.938	42.642	-7.452
swarm_24_111.pdb	0	18.655	42.401	-7.491
swarm_82_25.pdb	0	21.544	50.884	-7.722
swarm_24_138.pdb	0	20.632	51.894	-7.746
swarm_106_58.pdb	0	18.116	38.727	-7.754
swarm_32_124.pdb	0.0555556	15.636	34.862	-7.998
swarm_83_17.pdb	0	17.940	44.234	-8.153
swarm_26_166.pdb	0	15.793	38.095	-8.595
swarm_100_158.pdb	0	13.845	29.961	-8.843
swarm_24_122.pdb	0	15.152	37.456	-9.361
swarm_82_45.pdb	0	19.804	53.102	-10.286
swarm_24_160.pdb	0	21.568	49.917	-10.344
swarm_25_19.pdb	0	17.717	40.922	-10.581
swarm_118_42.pdb	0	10.859	27.763	-10.722
swarm_107_186.pdb	0.0185185	14.452	26.799	-11.113
swarm_64_106.pdb	0	14.384	34.086	-11.165
swarm_106_18.pdb	0	13.261	31.465	-12.395
swarm_25_170.pdb	0	21.154	52.399	-12.526
swarm_26_79.pdb	0	19.588	47.413	-12.778
swarm_83_54.pdb	0	21.422	52.317	-12.889
swarm_92_181.pdb	0	21.427	43.341	-14.488
swarm_57_92.pdb	0.0185185	13.062	33.116	-15.128
swarm_103_79.pdb	0	10.444	23.868	-16.059
swarm_80_58.pdb	0	16.038	40.675	-17.586
swarm_4_74.pdb	0.037037	12.834	24.629	-23.881
swarm_43_118.pdb	0	18.422	40.286	-25.152
swarm_10_82.pdb	0	13.105	27.784	-28.959
swarm_26_32.pdb	0	19.256	44.591	-35.064
swarm_102_171.pdb	0	23.417	49.654	-48.945
swarm_17_6.pdb	0.0555556	13.961	24.994	-50.520
swarm_21_94.pdb	0	10.315	24.456	-55.201
swarm_22_54.pdb	0.0555556	12.090	22.800	-56.212
swarm_14_112.pdb	0.037037	11.643	21.875	-56.605
swarm_70_7.pdb	0	17.942	40.510	-56.882
