1k4c_80w.pdb	0.0	20.182	50.751	-217.43964
1k4c_67w.pdb	0.0	20.699	51.346	-195.498
1k4c_90w.pdb	0.0	21.566	48.157	-186.84878
1k4c_27w.pdb	0.0151515	11.711	78.205	-176.59682
1k4c_74w.pdb	0.0	20.44	50.669	-175.4569
1k4c_45w.pdb	0.0	22.99	51.924	-174.09272
1k4c_88w.pdb	0.0	20.297	52.965	-172.8822
1k4c_37w.pdb	0.0	21.202	48.512	-169.916
1k4c_25w.pdb	0.0	12.79	68.726	-168.9268
1k4c_89w.pdb	0.0	23.327	62.666	-167.75212
1k4c_46w.pdb	0.0606061	6.079	36.005	-165.09532
1k4c_29w.pdb	0.0	23.584	52.718	-162.88086
1k4c_10w.pdb	0.0	31.978	69.817	-162.4625
1k4c_85w.pdb	0.0	32.216	73.366	-161.9695
1k4c_33w.pdb	0.0	11.942	65.036	-161.4302
1k4c_55w.pdb	0.0	23.731	58.504	-160.44518
1k4c_64w.pdb	0.0	23.357	52.744	-160.20782
1k4c_84w.pdb	0.0	33.552	76.506	-159.0951
1k4c_54w.pdb	0.0	10.366	76.004	-158.68256
1k4c_41w.pdb	0.0	31.854	69.264	-158.5114
1k4c_52w.pdb	0.0	10.271	74.756	-158.33414
1k4c_20w.pdb	0.0	20.645	47.773	-156.2539
1k4c_51w.pdb	0.0	10.383	75.827	-155.5968
1k4c_19w.pdb	0.0	10.272	74.913	-155.3565
1k4c_5w.pdb	0.0	12.119	65.296	-155.1556
1k4c_28w.pdb	0.0	21.603	56.207	-154.55912
1k4c_47w.pdb	0.0	28.85	61.718	-152.6907
1k4c_18w.pdb	0.0	10.993	77.883	-151.28562
1k4c_34w.pdb	0.0	10.838	69.972	-151.00668
1k4c_3w.pdb	0.0	12.137	69.873	-148.406
1k4c_91w.pdb	0.0	31.542	69.903	-146.88118
1k4c_78w.pdb	0.0	28.898	63.464	-145.9175
1k4c_79w.pdb	0.0	28.713	62.84	-145.40008
1k4c_24w.pdb	0.0	22.324	55.573	-144.05348
1k4c_97w.pdb	0.0	20.763	49.593	-142.48694
1k4c_57w.pdb	0.0	22.524	56.288	-141.498
1k4c_69w.pdb	0.0	8.899	71.371	-139.19624
1k4c_9w.pdb	0.0	11.651	63.912	-139.1837
1k4c_35w.pdb	0.0	32.787	73.29	-139.1124
1k4c_2w.pdb	0.0	13.931	62.711	-139.0624
1k4c_76w.pdb	0.030303	6.351	33.337	-138.6508
1k4c_36w.pdb	0.0	20.212	44.924	-138.13672
1k4c_48w.pdb	0.0	20.596	49.456	-137.3642
1k4c_77w.pdb	0.0	28.897	62.137	-136.54684
1k4c_44w.pdb	0.0	28.901	61.891	-136.13838
1k4c_43w.pdb	0.0	10.914	72.103	-134.97462
1k4c_30w.pdb	0.0	28.87	62.312	-131.7818
1k4c_70w.pdb	0.0	28.667	61.442	-131.67118
1k4c_63w.pdb	0.0	28.555	59.955	-131.24696
1k4c_92w.pdb	0.0	11.502	77.868	-130.71958
1k4c_82w.pdb	0.0	11.882	73.177	-130.36132
1k4c_96w.pdb	0.0	20.662	59.874	-130.0479
1k4c_53w.pdb	0.0	32.004	69.618	-130.0293
1k4c_87w.pdb	0.0	10.554	70.976	-129.902754
1k4c_31w.pdb	0.0	28.935	60.761	-128.92794
1k4c_49w.pdb	0.0	24.0	60.165	-128.00324
1k4c_58w.pdb	0.0	33.614	76.747	-127.57062
1k4c_16w.pdb	0.0	10.233	69.528	-127.43114
1k4c_21w.pdb	0.0	24.286	52.32	-126.11424
1k4c_26w.pdb	0.0	10.015	71.67	-124.88232
1k4c_17w.pdb	0.0	31.071	67.415	-124.52046
1k4c_8w.pdb	0.0	10.166	69.322	-124.3738
1k4c_50w.pdb	0.106061	5.55	44.064	-124.27
1k4c_59w.pdb	0.0	19.781	44.961	-123.60228
1k4c_62w.pdb	0.0	33.401	75.791	-123.2179
1k4c_23w.pdb	0.0	26.323	68.506	-122.00047
1k4c_86w.pdb	0.0	33.466	75.807	-121.93486
1k4c_73w.pdb	0.0757576	6.254	40.859	-121.9106
1k4c_99w.pdb	0.0	20.815	59.738	-121.51142
1k4c_93w.pdb	0.0	20.969	60.058	-119.45258
1k4c_14w.pdb	0.0	32.043	69.245	-118.34094
1k4c_15w.pdb	0.0	22.398	56.838	-118.08064
1k4c_1w.pdb	0.0	15.558	68.376	-117.4439
1k4c_11w.pdb	0.0	14.307	67.854	-117.39458
1k4c_100w.pdb	0.0	20.967	59.558	-115.85448
1k4c_72w.pdb	0.0	18.249	50.517	-115.78984
1k4c_7w.pdb	0.121212	4.81	43.113	-114.8628
1k4c_4w.pdb	0.0	21.841	57.938	-114.45902
1k4c_61w.pdb	0.0	9.57	69.495	-114.01298
1k4c_65w.pdb	0.0	13.958	67.333	-113.4153
1k4c_95w.pdb	0.0	20.816	59.428	-111.79616
1k4c_12w.pdb	0.0	14.357	70.912	-110.84788
1k4c_98w.pdb	0.0	26.907	68.52	-109.65637
1k4c_81w.pdb	0.0	10.49	67.422	-108.4177
1k4c_38w.pdb	0.0	27.16	69.522	-107.98644
1k4c_13w.pdb	0.0909091	5.796	38.848	-107.7257
1k4c_75w.pdb	0.0606061	5.688	40.123	-104.5288
1k4c_6w.pdb	0.0	14.399	64.31	-103.88586
1k4c_83w.pdb	0.0909091	5.025	43.723	-100.89028
1k4c_94w.pdb	0.0	19.851	45.187	-100.62552
1k4c_42w.pdb	0.0	11.25	75.814	-99.56978
1k4c_66w.pdb	0.0	11.842	75.665	1341.74592
1k4c_71w.pdb	0.0	12.757	74.592	1353.32956
1k4c_68w.pdb	0.0	12.969	76.892	1366.31596
1k4c_40w.pdb	0.0	198.4	200.807	140669.09998
1k4c_32w.pdb	0.0	131.276	157.772	933732.33652
1k4c_22w.pdb	0.0	163.282	187.288	1629528.7756
1k4c_56w.pdb	0.0151515	142.664	161.708	1807164.9207
1k4c_60w.pdb	0.0	184.22	193.975	2804340.56932
1k4c_39w.pdb	0.0	143.904	164.777	23437259.4425
				
				
