2vpz_55w.pdb	0	20.576	80.326	-338.3405
2vpz_95w.pdb	0	16.537	79.955	-306.7616
2vpz_44w.pdb	0	14.864	73.316	-290.0666
2vpz_94w.pdb	0	22.91	63.231	-282.3446
2vpz_97w.pdb	0	20.798	85.763	-276.8678
2vpz_91w.pdb	0	14.585	51.319	-266.9034
2vpz_25w.pdb	0	21.424	87.552	-266.34388
2vpz_45w.pdb	0	30.212	84.586	-264.4175
2vpz_73w.pdb	0	24.717	77.39	-263.802
2vpz_81w.pdb	0	31.011	76.758	-261.63702
2vpz_89w.pdb	0	25.433	88.639	-259.7989
2vpz_65w.pdb	0	17.099	84.915	-257.7098
2vpz_41w.pdb	0	22.723	60.858	-255.7056
2vpz_36w.pdb	0	25.12	56.744	-253.2287
2vpz_98w.pdb	0	31.155	78.199	-242.6088
2vpz_32w.pdb	0	29.052	84.12	-240.7075
2vpz_17w.pdb	0	19.326	96.482	-237.9421
2vpz_54w.pdb	0	24.498	74.402	-237.6043
2vpz_31w.pdb	0	25.491	77.799	-237.0738
2vpz_43w.pdb	0	27.645	79.304	-236.74658
2vpz_59w.pdb	0	36.43	84.176	-236.33012
2vpz_19w.pdb	0	25.762	89.853	-233.4374
2vpz_27w.pdb	0	22.295	75.886	-229.72684
2vpz_87w.pdb	0	19.796	77.383	-228.67954
2vpz_40w.pdb	0	22.908	81.285	-227.589
2vpz_39w.pdb	0	23.677	80.053	-223.57866
2vpz_90w.pdb	0	18.335	53.54	-223.49048
2vpz_52w.pdb	0	15.643	69.305	-221.0124
2vpz_85w.pdb	0	26.019	89.49	-219.54246
2vpz_92w.pdb	0	25.399	78.856	-219.0039
2vpz_88w.pdb	0	41.329	88.496	-218.8221
2vpz_28w.pdb	0	22.429	60.331	-218.6385
2vpz_3w.pdb	0	19.022	111.437	-218.2334
2vpz_47w.pdb	0	20.245	92.525	-213.24234
2vpz_56w.pdb	0	22.987	78.88	-213.04974
2vpz_12w.pdb	0	22.843	86.975	-210.71312
2vpz_16w.pdb	0	24.46	64.856	-209.9063
2vpz_63w.pdb	0	22.715	62.441	-209.0599
2vpz_33w.pdb	0	22.07	90.23	-208.2559
2vpz_82w.pdb	0	25.038	66.408	-206.89398
2vpz_35w.pdb	0	24.744	75.028	-206.8382
2vpz_37w.pdb	0	21.561	81.618	-204.8603
2vpz_75w.pdb	0	30.137	65.745	-204.294
2vpz_66w.pdb	0	22.591	34.741	-202.1831
2vpz_93w.pdb	0	30.683	78.375	-201.7955
2vpz_23w.pdb	0	25.295	80.384	-201.1344
2vpz_67w.pdb	0	26.239	78.189	-199.36874
2vpz_22w.pdb	0	22.694	68.672	-196.31246
2vpz_11w.pdb	0	24.781	81.097	-195.74298
2vpz_72w.pdb	0	22.528	84.737	-195.7042
2vpz_2w.pdb	0	19.236	44.82	-194.372
2vpz_96w.pdb	0	13.536	82.291	-192.98212
2vpz_49w.pdb	0	36.211	81.721	-192.84978
2vpz_62w.pdb	0	29.115	68.277	-192.26828
2vpz_42w.pdb	0	25.971	77.908	-192.100526
2vpz_34w.pdb	0	23.473	68.249	-188.67422
2vpz_29w.pdb	0.0135135	18.226	110.871	-188.60682
2vpz_51w.pdb	0	30.688	80.189	-187.26318
2vpz_5w.pdb	0	33.657	83.206	-186.85816
2vpz_69w.pdb	0	15.519	108.194	-185.3934
2vpz_57w.pdb	0	17.34	71.432	-185.3849
2vpz_70w.pdb	0	25.021	80.821	-183.5434
2vpz_71w.pdb	0	16.465	79.302	-183.2139
2vpz_58w.pdb	0	28.062	84.318	-182.8398
2vpz_14w.pdb	0	18.296	108.653	-182.187
2vpz_21w.pdb	0	13.697	103.784	-180.6262
2vpz_15w.pdb	0	23.208	71.683	-180.51368
2vpz_6w.pdb	0	12.664	81.784	-178.8429
2vpz_48w.pdb	0	23.759	66.192	-177.6891
2vpz_83w.pdb	0	27.376	87.756	-176.9826
2vpz_10w.pdb	0	21.068	67.246	-176.8142
2vpz_8w.pdb	0	35.041	91.982	-174.5678
2vpz_53w.pdb	0	34.893	86.863	-171.7809
2vpz_46w.pdb	0	24.981	94.935	-168.8324
2vpz_1w.pdb	0	22.043	67.672	-166.03228
2vpz_50w.pdb	0	33.599	79.797	-164.3373
2vpz_80w.pdb	0	36.328	76.611	-160.78218
2vpz_24w.pdb	0	31.658	68.593	-157.97464
2vpz_64w.pdb	0	19.577	94.887	-156.3203
2vpz_60w.pdb	0	19.712	105.387	-156.20676
2vpz_77w.pdb	0	20.118	61.248	-152.55588
2vpz_9w.pdb	0	35.32	88.199	-152.54818
2vpz_78w.pdb	0	23.856	69.938	-150.75546
2vpz_7w.pdb	0	24.874	75.756	-148.64732
2vpz_38w.pdb	0	24.833	70.672	-148.2494
2vpz_20w.pdb	0	19.852	98.184	-146.81914
2vpz_4w.pdb	0	20.897	99.358	-144.0078
2vpz_30w.pdb	0	19.113	102.423	-134.93726
2vpz_18w.pdb	0	18.125	111.921	-128.1105
2vpz_86w.pdb	0	33.357	51.03	-124.800513
2vpz_99w.pdb	0	35.215	94.927	1340.6921
2vpz_79w.pdb	0	23.024	82.168	1437.0467
2vpz_68w.pdb	0	189.921	221.517	1844.5102
2vpz_100w.pdb	0	23.542	81.938	2962.7726
2vpz_84w.pdb	0	175.141	186.39	3681.7862
2vpz_61w.pdb	0	257.89	252.786	222502.14178
2vpz_26w.pdb	0	201.6	222.853	635198.7318
2vpz_13w.pdb	0	179.636	246.044	2173944.6657
2vpz_74w.pdb	0	150.175	172.568	2226925.3685
2vpz_76w.pdb	0	194.353	200.498	4399768.53114
				
				
