swarm_120_83.pdb	0	19.909	28.632	35.038
swarm_103_145.pdb	0	24.921	40.504	34.051
swarm_4_171.pdb	0.106195	4.290	7.138	33.097
swarm_103_195.pdb	0.150442	7.585	16.542	32.419
swarm_11_125.pdb	0	12.099	26.496	31.365
swarm_17_28.pdb	0	22.825	42.144	31.173
swarm_98_8.pdb	0	20.940	35.693	29.978
swarm_19_140.pdb	0	22.789	38.521	29.849
swarm_21_66.pdb	0	23.347	39.329	29.809
swarm_103_105.pdb	0	21.181	32.486	29.681
swarm_111_20.pdb	0.0353982	21.514	37.413	29.244
swarm_121_154.pdb	0.00884956	23.448	39.927	29.109
swarm_22_3.pdb	0	22.366	34.990	29.103
swarm_92_81.pdb	0	23.025	41.259	28.912
swarm_100_155.pdb	0	21.066	33.075	28.716
swarm_121_94.pdb	0	23.577	41.294	28.266
swarm_7_14.pdb	0	13.545	21.134	28.051
swarm_23_27.pdb	0	23.250	40.031	27.624
swarm_104_15.pdb	0	21.705	37.951	27.213
swarm_5_197.pdb	0	22.997	35.372	27.098
swarm_7_121.pdb	0	21.984	38.253	27.064
swarm_109_2.pdb	0	22.619	40.936	26.967
swarm_81_135.pdb	0.0265487	20.135	36.654	26.941
swarm_120_19.pdb	0	22.610	35.225	26.905
swarm_110_15.pdb	0.0265487	23.153	39.013	26.896
swarm_26_179.pdb	0	23.169	36.097	26.744
swarm_98_76.pdb	0	23.719	41.450	26.704
swarm_98_31.pdb	0	22.798	45.206	26.684
swarm_26_165.pdb	0.00884956	20.990	38.537	26.543
swarm_26_104.pdb	0	23.932	36.782	26.455
swarm_121_15.pdb	0	22.757	37.102	26.362
swarm_120_109.pdb	0	9.307	13.558	26.295
swarm_5_41.pdb	0	15.403	27.384	26.285
swarm_94_195.pdb	0	23.888	42.103	26.183
swarm_3_48.pdb	0	24.067	38.686	26.097
swarm_26_133.pdb	0	23.755	43.336	25.979
swarm_116_70.pdb	0	22.303	39.023	25.975
swarm_102_120.pdb	0	26.003	47.239	25.968
swarm_21_118.pdb	0	19.724	38.107	25.958
swarm_99_82.pdb	0	24.778	42.683	25.882
swarm_110_168.pdb	0	25.098	39.464	25.870
swarm_111_67.pdb	0.247788	5.731	12.652	25.672
swarm_7_125.pdb	0	25.229	39.619	25.474
swarm_91_106.pdb	0	22.171	41.669	25.373
swarm_108_60.pdb	0	22.897	39.004	25.299
swarm_121_123.pdb	0	26.608	42.076	25.234
swarm_119_137.pdb	0	18.887	40.336	25.186
swarm_14_194.pdb	0	23.291	39.182	25.180
swarm_91_80.pdb	0	22.928	37.760	25.124
swarm_0_170.pdb	0	23.458	42.326	25.083
swarm_19_122.pdb	0	21.316	36.582	25.043
swarm_26_37.pdb	0	20.275	38.379	25.032
swarm_121_2.pdb	0	21.682	40.886	24.938
swarm_118_166.pdb	0	26.805	45.889	24.920
swarm_7_191.pdb	0	12.773	18.472	24.879
swarm_12_75.pdb	0	21.768	32.852	24.855
swarm_89_3.pdb	0	23.260	47.718	24.847
swarm_66_79.pdb	0	25.575	47.648	24.703
swarm_110_17.pdb	0.106195	7.809	19.037	24.663
swarm_27_86.pdb	0	23.945	42.617	24.661
swarm_104_66.pdb	0	22.466	34.408	24.550
swarm_109_89.pdb	0	22.210	37.936	24.546
swarm_37_81.pdb	0	23.916	37.200	24.508
swarm_100_133.pdb	0	23.969	40.204	24.479
swarm_11_168.pdb	0	25.230	43.998	24.455
swarm_37_113.pdb	0	20.530	39.641	24.421
swarm_116_123.pdb	0	16.806	26.444	24.383
swarm_89_177.pdb	0.00884956	24.352	47.617	24.370
swarm_20_94.pdb	0	25.946	45.842	24.354
swarm_26_117.pdb	0	26.448	47.741	24.347
swarm_59_159.pdb	0	25.890	51.970	24.262
swarm_92_88.pdb	0.00884956	27.592	49.311	24.150
swarm_116_50.pdb	0	20.684	29.415	24.114
swarm_119_125.pdb	0	22.643	41.805	24.097
swarm_12_87.pdb	0	23.156	37.869	24.071
swarm_5_160.pdb	0	23.893	38.062	24.036
swarm_83_154.pdb	0	24.574	47.316	24.015
swarm_12_94.pdb	0	16.681	33.729	23.998
swarm_100_55.pdb	0	21.282	40.836	23.967
swarm_22_137.pdb	0	20.275	31.290	23.875
swarm_33_158.pdb	0.079646	15.017	36.060	23.726
swarm_9_191.pdb	0	17.374	33.997	23.562
swarm_92_37.pdb	0	17.068	34.070	23.414
swarm_59_172.pdb	0.0265487	19.675	38.696	23.411
swarm_14_174.pdb	0	16.706	30.090	23.365
swarm_4_169.pdb	0.00884956	15.789	31.080	23.358
swarm_19_159.pdb	0.0353982	15.182	33.892	23.347
swarm_102_108.pdb	0	18.020	41.580	23.346
swarm_57_137.pdb	0	16.476	34.884	23.330
swarm_117_192.pdb	0	26.280	49.999	23.309
swarm_15_33.pdb	0	22.315	48.212	23.278
swarm_94_19.pdb	0	21.782	43.709	23.251
swarm_11_137.pdb	0	20.265	30.065	23.185
swarm_17_116.pdb	0	23.203	40.280	23.152
swarm_59_108.pdb	0	22.884	44.415	23.136
swarm_111_96.pdb	0	21.816	32.822	23.062
swarm_26_173.pdb	0	17.815	35.961	23.010
swarm_23_42.pdb	0	24.579	42.023	22.994
swarm_19_72.pdb	0	20.121	37.827	22.992
swarm_91_65.pdb	0.00884956	22.076	44.042	22.970
swarm_25_89.pdb	0	27.319	50.739	22.939
swarm_20_13.pdb	0	23.696	43.458	22.938
swarm_21_19.pdb	0	26.084	42.295	22.923
swarm_114_49.pdb	0	23.205	37.493	22.861
swarm_98_163.pdb	0	25.002	41.931	22.857
swarm_12_27.pdb	0.221239	4.940	12.362	22.854
swarm_98_164.pdb	0	22.578	41.579	22.740
swarm_66_98.pdb	0	14.503	34.155	22.670
swarm_109_163.pdb	0	27.815	46.025	22.641
swarm_108_155.pdb	0	10.840	30.493	22.631
swarm_89_2.pdb	0	11.350	30.518	22.617
swarm_33_9.pdb	0	15.624	32.119	22.547
swarm_15_22.pdb	0	19.732	45.009	22.545
swarm_114_47.pdb	0	19.397	32.961	22.512
swarm_66_141.pdb	0	26.275	51.879	22.497
swarm_120_147.pdb	0	24.514	40.482	22.442
swarm_81_32.pdb	0	25.289	43.964	22.439
swarm_56_26.pdb	0	23.453	40.590	22.425
swarm_118_104.pdb	0	18.355	31.421	22.363
swarm_16_28.pdb	0	23.517	43.674	22.310
swarm_116_8.pdb	0	22.911	35.538	22.305
swarm_26_78.pdb	0	18.610	39.917	22.282
swarm_120_176.pdb	0	13.157	24.167	22.274
swarm_110_163.pdb	0	12.040	19.412	21.931
swarm_14_172.pdb	0	13.302	23.222	21.893
swarm_108_111.pdb	0	11.896	26.566	21.886
swarm_14_17.pdb	0	20.612	37.926	21.872
swarm_96_16.pdb	0	19.437	34.399	21.851
swarm_27_71.pdb	0	26.410	42.702	21.715
swarm_26_61.pdb	0	19.254	39.024	21.679
swarm_118_47.pdb	0	16.348	33.264	21.672
swarm_11_196.pdb	0	22.473	37.873	21.628
swarm_4_54.pdb	0	26.615	44.433	21.579
swarm_100_7.pdb	0	23.080	40.007	21.542
swarm_110_51.pdb	0.0176991	22.240	38.372	21.535
swarm_15_126.pdb	0	26.319	45.466	21.456
swarm_54_134.pdb	0	23.156	44.629	21.438
swarm_5_171.pdb	0	19.779	30.654	21.424
swarm_23_64.pdb	0.0176991	11.819	28.345	21.412
swarm_111_193.pdb	0	23.388	36.940	21.372
swarm_21_12.pdb	0.0176991	15.589	28.389	21.284
swarm_12_141.pdb	0	14.868	21.880	21.265
swarm_3_173.pdb	0	20.341	29.940	21.254
swarm_96_191.pdb	0	21.672	35.706	21.211
swarm_98_70.pdb	0.0265487	27.314	47.223	21.202
swarm_119_12.pdb	0	20.586	34.785	21.165
swarm_5_38.pdb	0	22.875	38.858	21.124
swarm_1_78.pdb	0	21.342	45.541	21.120
swarm_116_73.pdb	0	18.434	25.455	21.067
swarm_22_188.pdb	0	19.914	28.191	21.047
swarm_21_82.pdb	0.0442478	8.337	24.122	21.022
swarm_3_163.pdb	0	15.317	33.355	20.965
swarm_12_194.pdb	0	10.932	20.166	20.911
swarm_5_77.pdb	0	24.611	41.089	20.888
swarm_5_138.pdb	0	27.416	43.726	20.879
swarm_109_120.pdb	0	23.500	40.166	20.840
swarm_103_169.pdb	0	21.557	38.613	20.822
swarm_114_181.pdb	0	21.778	36.569	20.810
swarm_22_146.pdb	0	22.497	33.577	20.771
swarm_108_13.pdb	0.0176991	27.376	48.501	20.748
swarm_121_21.pdb	0	23.802	39.917	20.731
swarm_120_72.pdb	0.00884956	22.051	35.733	20.713
swarm_77_197.pdb	0.0442478	25.735	46.452	20.693
swarm_25_174.pdb	0	20.862	33.391	20.684
swarm_109_49.pdb	0	26.438	45.013	20.661
swarm_23_117.pdb	0.00884956	19.597	39.143	20.615
swarm_120_40.pdb	0	16.377	28.437	20.611
swarm_118_186.pdb	0	24.575	44.717	20.584
swarm_116_88.pdb	0	19.908	33.784	20.563
swarm_88_1.pdb	0	26.973	46.933	20.555
swarm_120_9.pdb	0.123894	5.893	13.732	20.498
swarm_66_168.pdb	0	10.403	30.789	20.491
swarm_114_103.pdb	0.0442478	24.585	39.808	20.468
swarm_113_186.pdb	0	28.813	47.049	20.458
swarm_122_4.pdb	0	19.893	43.249	20.444
swarm_7_199.pdb	0	26.701	41.099	20.438
swarm_77_106.pdb	0.0265487	11.710	31.618	20.435
swarm_65_152.pdb	0	19.094	44.009	20.428
swarm_32_112.pdb	0	26.485	49.746	20.416
swarm_3_62.pdb	0	19.430	35.099	20.355
swarm_27_189.pdb	0	20.176	39.210	20.323
swarm_37_163.pdb	0	20.226	33.355	20.313
swarm_4_156.pdb	0	25.273	40.939	20.290
swarm_108_180.pdb	0	24.084	45.825	20.217
swarm_121_185.pdb	0	25.171	43.706	20.216
swarm_111_15.pdb	0.00884956	18.056	34.660	20.206
swarm_11_106.pdb	0	21.405	34.227	20.188
swarm_118_171.pdb	0	23.710	39.736	20.147
swarm_96_176.pdb	0.079646	13.186	30.640	20.113
swarm_100_127.pdb	0.0265487	21.047	40.430	20.107
swarm_113_35.pdb	0	17.650	30.416	20.067
swarm_109_197.pdb	0	27.473	48.212	20.045
swarm_21_63.pdb	0	17.099	31.583	19.987
swarm_16_151.pdb	0	26.537	51.922	19.973
swarm_48_156.pdb	0	22.975	40.128	19.970
swarm_70_83.pdb	0	23.266	41.832	19.900
swarm_103_66.pdb	0	16.769	27.559	19.893
swarm_103_25.pdb	0	11.785	21.576	19.861
swarm_23_142.pdb	0	21.755	34.293	19.853
swarm_16_20.pdb	0	22.113	40.908	19.712
swarm_109_159.pdb	0	27.420	46.406	19.662
swarm_116_130.pdb	0.20354	4.732	12.841	19.641
swarm_2_134.pdb	0	25.076	39.519	19.608
swarm_70_140.pdb	0.0353982	19.984	44.358	19.596
swarm_56_48.pdb	0	26.397	45.323	19.589
swarm_37_52.pdb	0	23.381	42.043	19.568
swarm_7_124.pdb	0.0176991	23.533	38.319	19.559
swarm_92_114.pdb	0	25.736	51.639	19.543
swarm_7_5.pdb	0	20.622	33.687	19.447
swarm_17_31.pdb	0	24.254	42.647	19.445
swarm_98_27.pdb	0	22.435	41.445	19.417
swarm_111_177.pdb	0	27.132	45.228	19.415
swarm_2_115.pdb	0	24.782	45.573	19.408
swarm_66_46.pdb	0	23.295	43.982	19.370
swarm_103_86.pdb	0.0265487	10.860	19.314	19.356
swarm_19_20.pdb	0	27.823	49.339	19.302
swarm_92_124.pdb	0.0176991	27.697	53.712	19.253
swarm_102_190.pdb	0.0353982	27.601	49.082	19.214
swarm_17_41.pdb	0	23.553	36.962	19.202
swarm_56_126.pdb	0	28.415	54.677	19.199
swarm_92_3.pdb	0	12.353	29.368	19.189
swarm_96_42.pdb	0	26.280	44.053	19.123
swarm_120_34.pdb	0	24.394	41.629	19.020
swarm_78_1.pdb	0	18.750	43.368	19.003
swarm_119_118.pdb	0	25.958	45.640	18.939
swarm_104_140.pdb	0	15.933	29.140	18.938
swarm_100_35.pdb	0	25.395	43.643	18.922
swarm_14_155.pdb	0.0176991	26.079	42.265	18.865
swarm_99_188.pdb	0	22.566	41.237	18.838
swarm_25_75.pdb	0	21.999	42.051	18.812
swarm_3_141.pdb	0	21.975	32.984	18.798
swarm_60_87.pdb	0	21.844	48.891	18.752
swarm_20_12.pdb	0	23.479	46.270	18.742
swarm_20_169.pdb	0	23.610	48.202	18.731
swarm_9_108.pdb	0.0265487	18.413	42.077	18.668
swarm_19_97.pdb	0	24.436	41.716	18.631
swarm_66_160.pdb	0	27.343	50.512	18.610
swarm_14_5.pdb	0.00884956	26.732	42.830	18.591
swarm_121_10.pdb	0.00884956	25.267	39.943	18.584
swarm_14_75.pdb	0	22.385	38.596	18.573
swarm_121_156.pdb	0	15.139	33.720	18.572
swarm_114_137.pdb	0	25.776	41.895	18.558
swarm_121_141.pdb	0	21.432	37.784	18.548
swarm_81_184.pdb	0	24.282	45.433	18.532
swarm_116_186.pdb	0.00884956	8.993	18.147	18.526
swarm_78_172.pdb	0.0176991	13.124	34.342	18.525
swarm_37_111.pdb	0	23.975	41.850	18.510
swarm_23_89.pdb	0	21.032	33.360	18.485
swarm_15_45.pdb	0.0176991	21.834	43.363	18.471
swarm_119_180.pdb	0	24.963	41.846	18.463
swarm_110_92.pdb	0	22.513	38.559	18.459
swarm_2_75.pdb	0	26.793	48.115	18.454
swarm_12_166.pdb	0	24.188	38.099	18.424
swarm_99_79.pdb	0	22.879	37.965	18.415
swarm_96_188.pdb	0	26.288	47.561	18.403
swarm_119_75.pdb	0	20.970	31.273	18.396
swarm_19_59.pdb	0	22.381	34.631	18.336
swarm_99_10.pdb	0	16.085	27.270	18.328
swarm_94_158.pdb	0	19.656	32.291	18.289
swarm_118_14.pdb	0	21.800	36.413	18.285
swarm_36_40.pdb	0	28.786	52.490	18.280
swarm_81_76.pdb	0	23.779	45.450	18.272
swarm_89_79.pdb	0	25.730	48.151	18.244
swarm_22_94.pdb	0	25.961	42.517	18.209
swarm_27_32.pdb	0	23.920	38.109	18.188
swarm_92_26.pdb	0	23.422	39.666	18.113
swarm_103_47.pdb	0.0176991	14.826	30.555	18.113
swarm_77_80.pdb	0.00884956	11.575	25.138	18.086
swarm_57_145.pdb	0	22.282	41.270	18.073
swarm_3_56.pdb	0	22.418	33.566	18.058
swarm_104_63.pdb	0	20.498	32.137	18.043
swarm_5_126.pdb	0	25.677	43.352	18.032
swarm_88_143.pdb	0	23.831	44.043	18.000
swarm_116_18.pdb	0	23.656	37.867	17.999
swarm_104_9.pdb	0	21.955	34.668	17.949
swarm_14_143.pdb	0	21.833	38.594	17.865
swarm_26_189.pdb	0	16.555	33.499	17.864
swarm_121_49.pdb	0	22.769	41.639	17.819
swarm_117_156.pdb	0.00884956	30.206	56.297	17.801
swarm_2_13.pdb	0	18.572	34.761	17.774
swarm_81_153.pdb	0	24.462	42.688	17.714
swarm_94_173.pdb	0	22.375	35.644	17.708
swarm_7_145.pdb	0.0973451	6.915	15.431	17.693
swarm_108_45.pdb	0	23.113	40.612	17.665
swarm_99_57.pdb	0.0353982	20.323	41.262	17.662
swarm_113_34.pdb	0	23.322	35.313	17.635
swarm_66_136.pdb	0	23.091	39.524	17.609
swarm_117_126.pdb	0	21.315	43.592	17.596
swarm_37_131.pdb	0	26.520	44.807	17.594
swarm_7_91.pdb	0.0176991	11.777	26.591	17.523
swarm_103_13.pdb	0	20.746	30.040	17.506
swarm_96_96.pdb	0	23.369	37.235	17.504
swarm_11_130.pdb	0	23.694	37.914	17.478
swarm_100_109.pdb	0	22.900	40.318	17.471
swarm_4_92.pdb	0	22.581	34.650	17.442
swarm_119_196.pdb	0	23.314	37.483	17.420
swarm_100_167.pdb	0	23.542	40.561	17.417
swarm_3_68.pdb	0	20.071	34.410	17.393
swarm_3_119.pdb	0	22.296	36.182	17.392
swarm_19_149.pdb	0.0265487	25.151	48.998	17.381
swarm_110_95.pdb	0	23.611	34.935	17.378
swarm_116_49.pdb	0	19.697	26.757	17.344
swarm_53_30.pdb	0.00884956	27.356	51.587	17.317
swarm_4_66.pdb	0	16.651	28.973	17.316
swarm_96_172.pdb	0	23.530	36.215	17.280
swarm_11_198.pdb	0	22.220	41.951	17.249
swarm_35_176.pdb	0	28.525	60.012	17.244
swarm_27_102.pdb	0	21.511	42.742	17.211
swarm_80_145.pdb	0	26.040	46.044	17.196
swarm_70_52.pdb	0	11.642	31.558	17.193
swarm_114_144.pdb	0	25.206	42.617	17.187
swarm_83_49.pdb	0	25.011	48.688	17.177
swarm_16_71.pdb	0	25.907	46.689	17.175
swarm_54_26.pdb	0	22.292	49.050	17.123
swarm_103_55.pdb	0	23.956	37.442	17.110
swarm_59_122.pdb	0	20.022	41.640	17.091
swarm_21_76.pdb	0	21.114	35.594	17.077
swarm_37_15.pdb	0	22.967	40.771	17.043
swarm_2_92.pdb	0	25.729	43.845	17.009
swarm_119_194.pdb	0	23.791	40.232	17.005
swarm_4_55.pdb	0.00884956	12.507	25.555	16.975
swarm_57_190.pdb	0	25.909	49.250	16.959
swarm_114_92.pdb	0	24.666	40.163	16.953
swarm_104_138.pdb	0	25.477	38.389	16.909
swarm_33_155.pdb	0	25.992	44.881	16.898
swarm_102_103.pdb	0	27.489	54.476	16.875
swarm_94_58.pdb	0.00884956	27.023	48.659	16.846
swarm_113_161.pdb	0	21.014	33.605	16.836
swarm_2_93.pdb	0	28.292	48.602	16.832
swarm_22_93.pdb	0.0442478	11.655	24.233	16.815
swarm_100_125.pdb	0	25.869	43.478	16.805
swarm_33_49.pdb	0	23.056	40.396	16.789
swarm_108_110.pdb	0	26.598	46.095	16.764
swarm_77_46.pdb	0	26.178	45.764	16.719
swarm_83_107.pdb	0.0442478	14.215	33.278	16.717
swarm_14_101.pdb	0	23.164	36.788	16.698
swarm_113_117.pdb	0.0176991	24.427	41.806	16.694
swarm_88_189.pdb	0	25.200	46.659	16.671
swarm_12_178.pdb	0	25.349	40.945	16.640
swarm_109_0.pdb	0	23.008	37.995	16.623
swarm_37_55.pdb	0	29.977	49.944	16.622
swarm_100_157.pdb	0.0265487	20.852	41.321	16.610
swarm_96_4.pdb	0	24.752	43.385	16.599
swarm_3_132.pdb	0	23.760	41.662	16.598
swarm_77_127.pdb	0	24.099	45.766	16.587
swarm_102_26.pdb	0	22.027	42.075	16.554
swarm_8_71.pdb	0	23.497	43.635	16.553
swarm_22_89.pdb	0	26.751	44.196	16.530
swarm_33_89.pdb	0	25.275	46.632	16.508
swarm_100_135.pdb	0	18.271	37.309	16.497
swarm_54_167.pdb	0	26.049	46.748	16.491
swarm_91_157.pdb	0.00884956	18.017	37.346	16.476
swarm_111_1.pdb	0.0353982	17.395	33.521	16.468
swarm_109_50.pdb	0	24.862	45.600	16.457
swarm_56_64.pdb	0	26.880	55.726	16.336
swarm_8_133.pdb	0	27.102	48.990	16.321
swarm_17_120.pdb	0	27.968	49.278	16.301
swarm_9_154.pdb	0	24.031	43.499	16.282
swarm_77_87.pdb	0	18.139	35.334	16.275
swarm_110_131.pdb	0	24.396	40.798	16.271
swarm_42_16.pdb	0	29.118	56.746	16.269
swarm_21_65.pdb	0	20.873	32.913	16.269
swarm_89_55.pdb	0	23.773	42.764	16.265
swarm_32_24.pdb	0	25.351	49.073	16.249
swarm_122_109.pdb	0	26.677	52.062	16.246
swarm_77_20.pdb	0.0176991	16.181	37.505	16.239
swarm_2_163.pdb	0	26.469	45.201	16.228
swarm_14_82.pdb	0	23.171	38.020	16.208
swarm_96_173.pdb	0	21.141	41.232	16.205
swarm_20_41.pdb	0	23.526	39.607	16.205
swarm_3_49.pdb	0	23.620	38.813	16.192
swarm_70_119.pdb	0	22.644	46.212	16.188
swarm_104_67.pdb	0	27.378	44.000	16.149
swarm_37_65.pdb	0	28.494	50.058	16.103
swarm_91_140.pdb	0	26.296	45.103	16.042
swarm_48_173.pdb	0	21.552	41.768	16.030
swarm_81_6.pdb	0	18.951	37.066	15.982
swarm_38_136.pdb	0	27.752	49.656	15.981
swarm_38_93.pdb	0	27.909	52.925	15.980
swarm_98_86.pdb	0	26.986	46.576	15.974
swarm_29_13.pdb	0	27.904	56.245	15.973
swarm_3_50.pdb	0	26.304	45.047	15.964
swarm_54_33.pdb	0	18.052	44.134	15.957
swarm_91_98.pdb	0	20.457	37.920	15.953
swarm_113_49.pdb	0	24.562	39.813	15.948
swarm_0_77.pdb	0	17.976	41.044	15.936
swarm_53_92.pdb	0	28.773	56.000	15.927
swarm_103_29.pdb	0	17.279	26.483	15.926
swarm_103_143.pdb	0	21.033	37.777	15.909
swarm_80_110.pdb	0	28.665	52.673	15.892
swarm_65_149.pdb	0	23.870	53.031	15.886
swarm_110_11.pdb	0	18.085	33.706	15.883
swarm_108_98.pdb	0	24.969	46.079	15.877
swarm_81_7.pdb	0	20.130	41.183	15.868
swarm_103_194.pdb	0	20.314	37.301	15.852
swarm_119_95.pdb	0	22.265	36.699	15.840
swarm_29_97.pdb	0	29.369	55.871	15.835
swarm_111_112.pdb	0.00884956	25.744	42.366	15.814
swarm_9_133.pdb	0	23.394	48.760	15.805
swarm_91_131.pdb	0	25.221	45.235	15.789
swarm_26_47.pdb	0.0530973	12.081	29.928	15.775
swarm_66_63.pdb	0	25.400	50.662	15.771
swarm_9_0.pdb	0	19.831	45.989	15.770
swarm_20_76.pdb	0.0265487	25.019	47.284	15.754
swarm_57_150.pdb	0	28.208	48.835	15.742
swarm_66_83.pdb	0	26.324	47.517	15.735
swarm_70_125.pdb	0.0353982	27.135	58.547	15.729
swarm_29_146.pdb	0	25.893	51.771	15.722
swarm_110_165.pdb	0	27.047	42.052	15.716
swarm_68_45.pdb	0	28.255	59.557	15.709
swarm_71_32.pdb	0	24.937	45.091	15.664
swarm_7_132.pdb	0.0442478	10.707	25.720	15.653
swarm_69_89.pdb	0	27.900	55.340	15.645
swarm_19_61.pdb	0	25.820	46.142	15.643
swarm_113_190.pdb	0	24.864	40.307	15.576
swarm_1_197.pdb	0	24.135	45.027	15.532
swarm_7_180.pdb	0	24.211	38.853	15.507
swarm_17_176.pdb	0	29.708	55.091	15.488
swarm_112_135.pdb	0	20.194	46.240	15.486
swarm_18_116.pdb	0.0176991	21.784	44.881	15.475
swarm_114_161.pdb	0	27.161	44.229	15.473
swarm_65_15.pdb	0	27.187	48.347	15.467
swarm_34_76.pdb	0	19.520	44.324	15.456
swarm_40_182.pdb	0	22.180	44.290	15.435
swarm_33_14.pdb	0	26.582	47.647	15.431
swarm_33_84.pdb	0	26.665	47.642	15.427
swarm_4_27.pdb	0	19.625	37.675	15.413
swarm_83_0.pdb	0	23.438	40.149	15.396
swarm_77_162.pdb	0.0530973	20.393	42.827	15.384
swarm_91_91.pdb	0	19.583	33.879	15.373
swarm_59_48.pdb	0	26.089	49.239	15.354
swarm_96_89.pdb	0	19.815	33.418	15.329
swarm_111_199.pdb	0	23.207	42.299	15.315
swarm_15_70.pdb	0	23.218	36.238	15.299
swarm_105_99.pdb	0	26.911	48.740	15.297
swarm_108_16.pdb	0	19.416	38.816	15.260
swarm_77_161.pdb	0	26.498	42.942	15.224
swarm_4_50.pdb	0	26.258	40.213	15.208
swarm_33_184.pdb	0	25.308	48.033	15.190
swarm_118_4.pdb	0	28.356	48.945	15.187
swarm_38_187.pdb	0	20.027	36.559	15.181
swarm_0_140.pdb	0.0265487	25.780	49.685	15.174
swarm_78_5.pdb	0	23.303	41.417	15.158
swarm_20_75.pdb	0	23.706	41.270	15.135
swarm_78_183.pdb	0.0973451	18.029	40.177	15.125
swarm_96_171.pdb	0	25.711	43.048	15.091
swarm_25_156.pdb	0.00884956	21.030	43.543	15.039
swarm_96_40.pdb	0	23.453	44.507	15.034
swarm_23_186.pdb	0	24.461	37.416	15.033
swarm_66_47.pdb	0	16.973	29.672	15.028
swarm_56_140.pdb	0	24.208	46.130	14.962
swarm_81_172.pdb	0	25.968	41.769	14.959
swarm_19_80.pdb	0	15.947	35.693	14.909
swarm_9_3.pdb	0	26.180	47.489	14.898
swarm_43_153.pdb	0	27.186	50.661	14.881
swarm_14_121.pdb	0	21.281	39.251	14.848
swarm_65_137.pdb	0	28.243	50.052	14.834
swarm_38_186.pdb	0	26.913	49.184	14.804
swarm_70_132.pdb	0	20.627	41.494	14.798
swarm_41_54.pdb	0	26.376	53.239	14.796
swarm_69_98.pdb	0	25.138	46.742	14.783
swarm_70_175.pdb	0	17.077	40.152	14.778
swarm_60_90.pdb	0	23.905	45.045	14.755
swarm_82_69.pdb	0	25.811	49.845	14.753
swarm_1_125.pdb	0	25.950	45.391	14.750
swarm_17_172.pdb	0	27.056	48.266	14.707
swarm_3_64.pdb	0	23.738	41.992	14.699
swarm_96_192.pdb	0	27.505	48.304	14.683
swarm_33_130.pdb	0	23.937	38.973	14.680
swarm_41_49.pdb	0	25.286	45.665	14.673
swarm_1_67.pdb	0	27.356	50.602	14.670
swarm_53_80.pdb	0	22.532	51.099	14.669
swarm_117_35.pdb	0	22.089	41.862	14.658
swarm_116_106.pdb	0.00884956	22.657	39.828	14.654
swarm_81_187.pdb	0	27.167	49.737	14.646
swarm_7_134.pdb	0	21.399	34.693	14.630
swarm_104_69.pdb	0	22.994	34.263	14.593
swarm_3_94.pdb	0.0530973	12.170	23.411	14.516
swarm_22_70.pdb	0	24.353	40.251	14.503
swarm_8_189.pdb	0.00884956	31.357	57.704	14.502
swarm_54_175.pdb	0	19.573	44.054	14.430
swarm_43_189.pdb	0	29.308	55.069	14.422
swarm_38_112.pdb	0	23.538	47.764	14.416
swarm_48_193.pdb	0	24.776	43.619	14.383
swarm_92_177.pdb	0	22.719	41.380	14.345
swarm_1_153.pdb	0	30.381	53.399	14.333
swarm_20_153.pdb	0	22.939	41.154	14.317
swarm_76_4.pdb	0.0176991	20.667	48.930	14.298
swarm_114_168.pdb	0.00884956	13.806	29.804	14.284
swarm_33_98.pdb	0	27.876	51.547	14.283
swarm_3_148.pdb	0	26.284	45.179	14.274
swarm_69_32.pdb	0	23.408	44.047	14.265
swarm_82_130.pdb	0	26.831	51.590	14.261
swarm_21_54.pdb	0	24.150	37.529	14.257
swarm_54_149.pdb	0	28.481	53.289	14.242
swarm_30_163.pdb	0	30.890	62.398	14.213
swarm_103_91.pdb	0	21.634	36.998	14.136
swarm_70_189.pdb	0	27.531	56.660	14.092
swarm_30_173.pdb	0	29.502	55.318	14.009
swarm_18_145.pdb	0	26.615	46.373	13.991
swarm_81_18.pdb	0.0176991	9.911	27.707	13.978
swarm_104_135.pdb	0.0176991	26.527	42.406	13.927
swarm_104_64.pdb	0	24.788	40.810	13.900
swarm_83_98.pdb	0	24.740	42.970	13.868
swarm_69_190.pdb	0.0176991	13.367	33.961	13.863
swarm_69_36.pdb	0.0353982	30.192	54.460	13.786
swarm_121_29.pdb	0.0442478	11.806	25.975	13.786
swarm_71_123.pdb	0.00884956	29.595	53.833	13.780
swarm_57_135.pdb	0	22.650	43.936	13.769
swarm_103_68.pdb	0.0176991	22.350	37.424	13.765
swarm_3_6.pdb	0	24.867	43.232	13.735
swarm_110_179.pdb	0	23.827	38.157	13.703
swarm_18_112.pdb	0	25.062	41.442	13.682
swarm_41_37.pdb	0	26.187	58.935	13.681
swarm_2_68.pdb	0	11.927	23.327	13.677
swarm_11_120.pdb	0	20.203	37.762	13.660
swarm_121_19.pdb	0.0619469	16.849	32.241	13.656
swarm_4_48.pdb	0	15.216	30.230	13.641
swarm_5_131.pdb	0	27.817	43.791	13.638
swarm_94_71.pdb	0	24.376	38.145	13.609
swarm_57_42.pdb	0.0176991	19.124	43.391	13.585
swarm_77_2.pdb	0	21.253	35.755	13.579
swarm_0_73.pdb	0	27.098	53.624	13.575
swarm_79_65.pdb	0	30.134	62.053	13.562
swarm_118_147.pdb	0	25.508	41.665	13.525
swarm_83_86.pdb	0	24.519	41.541	13.523
swarm_113_174.pdb	0	26.638	44.647	13.512
swarm_35_115.pdb	0	27.757	53.100	13.498
swarm_104_84.pdb	0.0265487	12.762	23.159	13.498
swarm_0_15.pdb	0	26.436	46.716	13.484
swarm_53_107.pdb	0	28.997	56.057	13.465
swarm_49_124.pdb	0	27.647	59.857	13.459
swarm_98_172.pdb	0	28.578	52.176	13.457
swarm_103_61.pdb	0	19.560	36.301	13.417
swarm_57_49.pdb	0	18.661	46.348	13.415
swarm_0_198.pdb	0	29.123	50.712	13.408
swarm_1_163.pdb	0	25.550	40.453	13.395
swarm_59_79.pdb	0	26.963	47.441	13.373
swarm_80_173.pdb	0	24.520	41.995	13.334
swarm_21_155.pdb	0	22.009	38.259	13.316
swarm_112_67.pdb	0	21.137	44.352	13.313
swarm_35_0.pdb	0	31.777	60.011	13.304
swarm_27_120.pdb	0.0265487	23.097	44.182	13.294
swarm_30_84.pdb	0	25.215	55.437	13.285
swarm_110_110.pdb	0	23.637	36.150	13.271
swarm_17_197.pdb	0	28.300	52.968	13.266
swarm_54_85.pdb	0	27.860	54.099	13.259
swarm_16_1.pdb	0	26.407	45.555	13.234
swarm_36_195.pdb	0	28.455	51.861	13.207
swarm_92_131.pdb	0	24.150	47.669	13.160
swarm_94_76.pdb	0	19.938	34.026	13.149
swarm_102_153.pdb	0	17.059	38.667	13.124
swarm_89_153.pdb	0.0353982	21.484	51.501	13.122
swarm_79_161.pdb	0	25.797	56.127	13.096
swarm_99_31.pdb	0	27.095	45.485	13.088
swarm_99_29.pdb	0	15.641	32.394	13.085
swarm_56_158.pdb	0	23.205	38.854	13.047
swarm_103_197.pdb	0	20.421	36.563	13.041
swarm_99_88.pdb	0	26.156	42.531	12.974
swarm_38_126.pdb	0	25.914	44.313	12.974
swarm_17_179.pdb	0	22.401	37.837	12.949
swarm_23_75.pdb	0	23.102	39.484	12.941
swarm_37_156.pdb	0	19.474	34.251	12.935
swarm_38_71.pdb	0	29.775	50.205	12.906
swarm_90_112.pdb	0	24.853	57.974	12.902
swarm_98_196.pdb	0	19.227	43.038	12.881
swarm_30_23.pdb	0	28.356	52.419	12.867
swarm_105_123.pdb	0	27.571	53.331	12.866
swarm_20_191.pdb	0	26.133	44.719	12.843
swarm_59_184.pdb	0	18.787	37.126	12.830
swarm_19_77.pdb	0	21.549	42.482	12.800
swarm_11_18.pdb	0	20.705	38.210	12.790
swarm_78_23.pdb	0	19.231	42.750	12.775
swarm_60_109.pdb	0	25.409	44.951	12.732
swarm_109_147.pdb	0	18.088	40.290	12.726
swarm_88_191.pdb	0	26.434	52.510	12.721
swarm_51_110.pdb	0	24.909	54.624	12.706
swarm_113_66.pdb	0	16.308	31.076	12.689
swarm_70_198.pdb	0	29.547	55.233	12.680
swarm_94_162.pdb	0	24.277	39.868	12.659
swarm_1_141.pdb	0	23.128	49.508	12.654
swarm_114_122.pdb	0.0176991	11.928	25.051	12.636
swarm_76_190.pdb	0	27.967	56.916	12.635
swarm_23_84.pdb	0	26.514	42.386	12.628
swarm_89_191.pdb	0	23.955	47.925	12.598
swarm_117_89.pdb	0	24.538	48.840	12.589
swarm_59_171.pdb	0	19.179	41.950	12.582
swarm_108_159.pdb	0	26.640	48.729	12.572
swarm_60_152.pdb	0	26.774	52.045	12.564
swarm_65_159.pdb	0	23.490	43.457	12.545
swarm_43_168.pdb	0	25.919	56.469	12.517
swarm_38_185.pdb	0	24.958	49.903	12.512
swarm_88_21.pdb	0	27.219	47.589	12.455
swarm_46_77.pdb	0	28.099	47.747	12.453
swarm_9_199.pdb	0	27.846	51.327	12.447
swarm_59_142.pdb	0	25.601	45.475	12.426
swarm_56_49.pdb	0	23.807	46.239	12.425
swarm_59_175.pdb	0	27.133	50.468	12.424
swarm_121_146.pdb	0	24.728	41.403	12.424
swarm_97_143.pdb	0	30.361	58.240	12.415
swarm_68_84.pdb	0	31.818	62.568	12.385
swarm_91_50.pdb	0	15.660	30.980	12.342
swarm_53_53.pdb	0	19.148	48.035	12.334
swarm_109_122.pdb	0	17.044	30.836	12.319
swarm_36_132.pdb	0.00884956	22.433	46.706	12.309
swarm_95_3.pdb	0	27.202	49.360	12.303
swarm_43_166.pdb	0.0265487	25.527	57.821	12.289
swarm_91_194.pdb	0	25.975	43.089	12.282
swarm_2_109.pdb	0	19.137	40.411	12.278
swarm_29_70.pdb	0	21.697	46.129	12.240
swarm_110_24.pdb	0	21.661	30.728	12.239
swarm_104_28.pdb	0	22.091	32.433	12.226
swarm_58_178.pdb	0	31.093	56.974	12.220
swarm_66_128.pdb	0	25.899	45.444	12.191
swarm_0_3.pdb	0	24.370	52.374	12.191
swarm_33_42.pdb	0	24.904	47.373	12.152
swarm_10_93.pdb	0	27.473	49.393	12.109
swarm_29_73.pdb	0	28.515	52.900	12.064
swarm_46_85.pdb	0	30.325	54.049	12.025
swarm_79_41.pdb	0	31.706	59.457	12.006
swarm_71_102.pdb	0.00884956	23.382	51.648	11.996
swarm_18_51.pdb	0	25.231	41.690	11.991
swarm_53_196.pdb	0	22.227	51.971	11.944
swarm_35_100.pdb	0	28.847	49.817	11.928
swarm_91_97.pdb	0	22.675	38.138	11.924
swarm_81_112.pdb	0.0176991	23.996	48.262	11.921
swarm_118_195.pdb	0	21.239	42.746	11.909
swarm_58_18.pdb	0	26.765	48.463	11.887
swarm_81_8.pdb	0	23.906	38.574	11.869
swarm_53_34.pdb	0	25.902	55.956	11.867
swarm_30_106.pdb	0	22.682	50.139	11.839
swarm_48_32.pdb	0	25.885	43.121	11.826
swarm_114_116.pdb	0	24.904	43.828	11.811
swarm_23_48.pdb	0	22.572	37.170	11.783
swarm_58_66.pdb	0	31.070	61.372	11.767
swarm_58_160.pdb	0	20.605	44.955	11.748
swarm_64_88.pdb	0	27.546	51.661	11.721
swarm_94_85.pdb	0	26.814	46.569	11.707
swarm_96_0.pdb	0.0265487	17.569	36.228	11.682
swarm_110_2.pdb	0	24.343	37.952	11.611
swarm_29_23.pdb	0	26.222	53.332	11.599
swarm_71_73.pdb	0	21.999	46.016	11.566
swarm_70_107.pdb	0	28.098	58.542	11.565
swarm_62_109.pdb	0	17.337	41.602	11.563
swarm_111_119.pdb	0	20.500	30.531	11.559
swarm_43_143.pdb	0	17.956	43.127	11.557
swarm_5_113.pdb	0	9.291	19.306	11.546
swarm_104_108.pdb	0	21.335	29.283	11.519
swarm_44_144.pdb	0	25.902	54.973	11.487
swarm_113_157.pdb	0	28.070	44.982	11.486
swarm_89_56.pdb	0.0353982	28.757	55.520	11.449
swarm_78_31.pdb	0	25.071	47.973	11.434
swarm_62_67.pdb	0.00884956	24.565	55.515	11.433
swarm_69_179.pdb	0.00884956	22.394	51.063	11.417
swarm_59_111.pdb	0	25.144	54.434	11.413
swarm_88_83.pdb	0	21.086	35.567	11.410
swarm_65_74.pdb	0	23.760	54.845	11.407
swarm_57_182.pdb	0	27.884	57.267	11.374
swarm_19_144.pdb	0	19.972	42.157	11.365
swarm_54_153.pdb	0	22.307	47.198	11.362
swarm_15_76.pdb	0	21.528	44.656	11.355
swarm_18_142.pdb	0	22.293	44.676	11.354
swarm_0_8.pdb	0	28.804	48.831	11.337
swarm_60_57.pdb	0.00884956	27.571	49.898	11.336
swarm_79_53.pdb	0	32.102	64.664	11.324
swarm_38_143.pdb	0	31.915	58.622	11.312
swarm_3_152.pdb	0	23.214	44.771	11.306
swarm_60_171.pdb	0	25.481	47.559	11.298
swarm_94_170.pdb	0	25.970	42.160	11.295
swarm_88_13.pdb	0	22.032	45.978	11.249
swarm_11_37.pdb	0	25.479	44.421	11.193
swarm_1_44.pdb	0	28.713	52.610	11.189
swarm_31_155.pdb	0	26.298	56.142	11.139
swarm_78_76.pdb	0	27.344	50.181	11.121
swarm_108_174.pdb	0.00884956	17.051	40.033	11.106
swarm_89_111.pdb	0	25.510	46.094	11.098
swarm_65_131.pdb	0	22.698	49.886	11.098
swarm_114_129.pdb	0	19.991	38.245	11.098
swarm_118_12.pdb	0	22.809	35.638	11.096
swarm_105_90.pdb	0	28.457	51.201	11.068
swarm_30_184.pdb	0	28.902	55.312	11.053
swarm_87_134.pdb	0.00884956	26.147	56.120	11.046
swarm_120_36.pdb	0	24.737	39.482	11.046
swarm_61_116.pdb	0	25.266	55.801	11.038
swarm_78_185.pdb	0	22.283	42.179	11.013
swarm_4_87.pdb	0	23.052	35.235	10.948
swarm_35_199.pdb	0	29.820	56.011	10.924
swarm_0_135.pdb	0	31.432	60.157	10.911
swarm_18_40.pdb	0	26.238	43.443	10.908
swarm_100_129.pdb	0	25.293	43.213	10.897
swarm_78_198.pdb	0	27.954	47.523	10.886
swarm_69_38.pdb	0	18.937	39.587	10.847
swarm_113_47.pdb	0	23.132	40.567	10.769
swarm_0_165.pdb	0	30.796	56.280	10.761
swarm_65_158.pdb	0	18.740	50.129	10.739
swarm_87_196.pdb	0	28.734	58.896	10.715
swarm_88_30.pdb	0	27.262	47.493	10.700
swarm_109_145.pdb	0	18.864	43.496	10.662
swarm_95_55.pdb	0.00884956	32.579	61.479	10.645
swarm_68_161.pdb	0	29.855	56.034	10.619
swarm_62_85.pdb	0	24.218	46.747	10.593
swarm_77_49.pdb	0	26.960	44.175	10.528
swarm_32_51.pdb	0	28.767	54.186	10.521
swarm_80_85.pdb	0	22.740	47.502	10.475
swarm_32_58.pdb	0	27.561	57.630	10.463
swarm_96_57.pdb	0	24.717	40.222	10.460
swarm_61_161.pdb	0	30.121	66.799	10.367
swarm_43_109.pdb	0	27.519	51.542	10.356
swarm_71_25.pdb	0	28.033	53.181	10.342
swarm_87_167.pdb	0	24.953	53.123	10.335
swarm_48_109.pdb	0.0353982	22.942	47.514	10.325
swarm_8_49.pdb	0	25.596	46.204	10.319
swarm_0_56.pdb	0	26.648	48.433	10.311
swarm_46_147.pdb	0	32.506	59.052	10.309
swarm_0_167.pdb	0	31.420	56.806	10.302
swarm_71_69.pdb	0	21.626	53.012	10.280
swarm_117_137.pdb	0	29.890	53.576	10.239
swarm_25_88.pdb	0	17.273	38.878	10.201
swarm_53_75.pdb	0	23.332	46.471	10.187
swarm_112_94.pdb	0	18.910	49.669	10.181
swarm_10_32.pdb	0	29.492	53.143	10.144
swarm_2_26.pdb	0	30.131	53.063	10.106
swarm_32_122.pdb	0	25.971	45.996	10.103
swarm_27_130.pdb	0	23.065	37.667	10.096
swarm_34_127.pdb	0	29.037	54.223	10.066
swarm_40_73.pdb	0	20.188	47.316	10.051
swarm_30_35.pdb	0	27.243	55.682	10.048
swarm_46_20.pdb	0	30.532	62.196	10.044
swarm_60_50.pdb	0	26.646	56.418	10.041
swarm_83_19.pdb	0	28.595	54.822	10.040
swarm_83_160.pdb	0	22.086	46.946	10.022
swarm_33_96.pdb	0	19.866	38.732	10.014
swarm_122_149.pdb	0	28.158	53.967	10.013
swarm_91_40.pdb	0	24.310	47.222	10.012
swarm_36_91.pdb	0	22.577	46.000	9.993
swarm_120_170.pdb	0	22.938	38.857	9.963
swarm_48_31.pdb	0	25.989	44.229	9.961
swarm_29_144.pdb	0.0265487	23.146	47.495	9.957
swarm_101_3.pdb	0.0176991	29.137	68.522	9.935
swarm_58_28.pdb	0	25.149	52.176	9.854
swarm_105_27.pdb	0	29.619	50.407	9.832
swarm_87_30.pdb	0	22.560	48.758	9.809
swarm_17_6.pdb	0	27.360	46.500	9.786
swarm_99_105.pdb	0	24.979	38.480	9.777
swarm_46_33.pdb	0	31.276	57.600	9.766
swarm_57_160.pdb	0	27.121	54.599	9.740
swarm_99_121.pdb	0	21.878	30.639	9.687
swarm_78_128.pdb	0	20.893	44.300	9.652
swarm_51_63.pdb	0	29.973	63.652	9.643
swarm_88_148.pdb	0	30.066	55.403	9.595
swarm_94_102.pdb	0	21.367	37.570	9.569
swarm_46_128.pdb	0	31.068	56.016	9.535
swarm_36_35.pdb	0	27.627	49.592	9.496
swarm_24_91.pdb	0	25.882	60.683	9.482
swarm_111_169.pdb	0	20.566	39.940	9.457
swarm_66_178.pdb	0.00884956	25.224	51.960	9.414
swarm_53_175.pdb	0	19.261	45.455	9.413
swarm_36_128.pdb	0	16.959	39.691	9.412
swarm_120_48.pdb	0.00884956	23.252	38.636	9.411
swarm_27_9.pdb	0	26.697	45.652	9.403
swarm_99_1.pdb	0	21.557	36.118	9.402
swarm_113_33.pdb	0	24.502	40.223	9.396
swarm_79_157.pdb	0	30.331	61.393	9.382
swarm_29_38.pdb	0	26.502	49.447	9.361
swarm_33_102.pdb	0	26.503	45.544	9.353
swarm_53_145.pdb	0	28.811	53.956	9.347
swarm_1_133.pdb	0	29.363	57.397	9.303
swarm_60_111.pdb	0	28.170	55.834	9.299
swarm_112_182.pdb	0	28.585	52.320	9.297
swarm_1_123.pdb	0	29.709	53.397	9.285
swarm_1_21.pdb	0	31.115	55.798	9.245
swarm_15_88.pdb	0	21.815	45.706	9.213
swarm_53_31.pdb	0	15.640	37.639	9.208
swarm_78_103.pdb	0	25.153	53.656	9.166
swarm_68_137.pdb	0	24.994	57.576	9.146
swarm_102_3.pdb	0	29.190	52.939	9.121
swarm_0_154.pdb	0	25.496	51.327	9.041
swarm_78_54.pdb	0	28.109	53.518	9.031
swarm_67_177.pdb	0	32.477	61.643	9.026
swarm_18_98.pdb	0	18.032	34.476	9.016
swarm_42_15.pdb	0	29.180	60.667	9.007
swarm_47_59.pdb	0	26.899	55.830	8.943
swarm_61_145.pdb	0	22.133	54.297	8.932
swarm_21_48.pdb	0	26.381	44.060	8.925
swarm_2_193.pdb	0.0176991	28.472	49.735	8.903
swarm_108_129.pdb	0	21.547	35.144	8.882
swarm_78_98.pdb	0	25.896	48.383	8.865
swarm_51_112.pdb	0	21.104	49.484	8.831
swarm_68_117.pdb	0	26.706	53.885	8.829
swarm_64_122.pdb	0	28.087	56.116	8.825
swarm_46_9.pdb	0	28.454	53.271	8.823
swarm_80_152.pdb	0	25.183	51.155	8.814
swarm_78_58.pdb	0	29.681	51.220	8.768
swarm_109_173.pdb	0	17.915	34.302	8.751
swarm_68_73.pdb	0	26.460	56.864	8.745
swarm_95_116.pdb	0	29.453	55.379	8.712
swarm_114_75.pdb	0	23.137	35.679	8.679
swarm_46_88.pdb	0	29.502	54.572	8.677
swarm_35_64.pdb	0	31.430	62.073	8.635
swarm_58_187.pdb	0	27.230	52.115	8.609
swarm_82_126.pdb	0.00884956	18.774	43.759	8.602
swarm_67_67.pdb	0.00884956	27.572	55.730	8.562
swarm_88_138.pdb	0	26.529	45.753	8.561
swarm_118_68.pdb	0	24.648	41.222	8.510
swarm_69_132.pdb	0	27.114	48.319	8.498
swarm_41_81.pdb	0	29.563	54.532	8.475
swarm_83_21.pdb	0	15.276	35.446	8.469
swarm_51_171.pdb	0	26.175	51.707	8.459
swarm_89_145.pdb	0	23.746	47.756	8.457
swarm_57_95.pdb	0	23.610	50.317	8.457
swarm_88_11.pdb	0	24.804	41.891	8.396
swarm_71_66.pdb	0	27.130	58.506	8.371
swarm_40_185.pdb	0	22.208	49.349	8.369
swarm_1_56.pdb	0	27.152	52.070	8.358
swarm_88_181.pdb	0.0176991	21.683	48.228	8.265
swarm_65_120.pdb	0	26.624	53.425	8.236
swarm_103_56.pdb	0	26.078	41.125	8.236
swarm_24_10.pdb	0	31.565	60.393	8.235
swarm_78_36.pdb	0.00884956	19.195	47.631	8.220
swarm_35_45.pdb	0	31.279	58.931	8.167
swarm_121_195.pdb	0	22.930	39.341	8.161
swarm_51_197.pdb	0	31.192	63.041	8.158
swarm_42_197.pdb	0	31.774	59.539	8.153
swarm_88_100.pdb	0	22.187	42.098	8.150
swarm_35_138.pdb	0	23.788	52.396	8.143
swarm_8_66.pdb	0	20.114	43.574	8.137
swarm_51_105.pdb	0	31.646	63.115	8.133
swarm_69_91.pdb	0	28.331	50.862	8.127
swarm_108_193.pdb	0.0707965	19.564	44.092	8.106
swarm_113_27.pdb	0	25.639	45.657	8.074
swarm_106_10.pdb	0	29.453	53.672	8.053
swarm_71_57.pdb	0	30.281	55.475	8.017
swarm_44_148.pdb	0	23.590	56.639	7.974
swarm_46_81.pdb	0	26.389	56.332	7.960
swarm_68_140.pdb	0	32.598	65.969	7.941
swarm_102_177.pdb	0.0973451	21.581	46.833	7.924
swarm_70_95.pdb	0	18.672	48.703	7.895
swarm_24_17.pdb	0	26.436	56.867	7.858
swarm_64_145.pdb	0	28.316	58.328	7.851
swarm_71_118.pdb	0	27.994	52.693	7.830
swarm_112_49.pdb	0	27.378	53.384	7.823
swarm_95_100.pdb	0	25.949	53.264	7.808
swarm_90_188.pdb	0.00884956	29.502	67.701	7.796
swarm_54_80.pdb	0	25.802	49.438	7.749
swarm_42_119.pdb	0	23.637	51.460	7.714
swarm_1_73.pdb	0	28.343	49.636	7.656
swarm_46_153.pdb	0	30.700	58.514	7.540
swarm_36_83.pdb	0	21.964	47.188	7.538
swarm_1_24.pdb	0	27.762	50.384	7.497
swarm_77_101.pdb	0	17.225	43.204	7.472
swarm_80_189.pdb	0	26.863	58.098	7.469
swarm_32_3.pdb	0	28.525	51.625	7.424
swarm_41_84.pdb	0	25.406	55.687	7.365
swarm_80_62.pdb	0	28.996	50.883	7.359
swarm_97_38.pdb	0	24.666	52.009	7.347
swarm_70_114.pdb	0	23.621	51.582	7.333
swarm_27_166.pdb	0.0884956	10.268	22.172	7.326
swarm_44_82.pdb	0	18.481	47.011	7.314
swarm_0_197.pdb	0	27.699	50.636	7.283
swarm_98_106.pdb	0	20.845	40.715	7.219
swarm_76_29.pdb	0	29.568	62.289	7.218
swarm_69_149.pdb	0	27.472	48.388	7.208
swarm_99_54.pdb	0.0176991	17.457	35.128	7.150
swarm_48_58.pdb	0	27.169	45.304	7.119
swarm_1_47.pdb	0	27.697	46.481	7.108
swarm_77_85.pdb	0	25.264	39.164	7.001
swarm_96_64.pdb	0	28.605	51.542	6.973
swarm_56_133.pdb	0	20.341	45.922	6.967
swarm_41_86.pdb	0	31.459	60.138	6.957
swarm_5_58.pdb	0	17.749	36.711	6.908
swarm_34_188.pdb	0	28.421	57.428	6.904
swarm_118_96.pdb	0.0530973	14.197	29.459	6.890
swarm_94_29.pdb	0	24.734	39.116	6.878
swarm_79_82.pdb	0	24.564	56.852	6.816
swarm_35_142.pdb	0	33.183	60.696	6.813
swarm_32_153.pdb	0	28.825	49.537	6.783
swarm_92_198.pdb	0	22.383	44.455	6.780
swarm_38_25.pdb	0	14.901	35.686	6.740
swarm_112_141.pdb	0	28.723	55.453	6.728
swarm_10_127.pdb	0	27.437	54.119	6.727
swarm_93_117.pdb	0	25.851	49.764	6.677
swarm_34_119.pdb	0	30.514	58.092	6.612
swarm_36_85.pdb	0	29.016	57.125	6.586
swarm_105_37.pdb	0	24.907	48.089	6.576
swarm_81_103.pdb	0	27.835	48.212	6.562
swarm_58_78.pdb	0	15.734	44.185	6.559
swarm_24_3.pdb	0	27.829	58.078	6.497
swarm_46_187.pdb	0	28.012	58.168	6.476
swarm_97_1.pdb	0	27.176	50.324	6.379
swarm_25_19.pdb	0	13.046	32.299	6.315
swarm_48_199.pdb	0	26.868	44.328	6.291
swarm_13_62.pdb	0	26.402	63.346	6.279
swarm_80_6.pdb	0	23.183	51.804	6.229
swarm_0_157.pdb	0	28.514	48.697	6.222
swarm_54_120.pdb	0	23.255	47.571	6.209
swarm_0_136.pdb	0	24.079	51.398	6.142
swarm_18_197.pdb	0	21.584	44.500	6.117
swarm_112_93.pdb	0	27.970	49.323	6.095
swarm_38_13.pdb	0	28.885	49.423	6.091
swarm_22_120.pdb	0	20.041	30.864	5.985
swarm_82_157.pdb	0	23.793	52.964	5.933
swarm_67_17.pdb	0	32.134	60.914	5.927
swarm_76_14.pdb	0	27.019	53.089	5.901
swarm_97_7.pdb	0	28.232	52.888	5.824
swarm_81_159.pdb	0	25.906	51.374	5.823
swarm_105_61.pdb	0	26.925	45.434	5.780
swarm_24_13.pdb	0	33.621	65.631	5.764
swarm_89_96.pdb	0	23.599	51.771	5.710
swarm_58_141.pdb	0	19.860	46.162	5.667
swarm_81_65.pdb	0	23.343	38.745	5.655
swarm_92_29.pdb	0	18.679	41.725	5.651
swarm_34_175.pdb	0.00884956	29.882	60.633	5.629
swarm_36_88.pdb	0	27.387	50.017	5.619
swarm_16_61.pdb	0	18.802	38.918	5.588
swarm_54_71.pdb	0	26.512	51.129	5.576
swarm_80_109.pdb	0	27.615	58.490	5.572
swarm_37_29.pdb	0	21.950	34.412	5.531
swarm_91_101.pdb	0	29.205	50.860	5.516
swarm_40_30.pdb	0	31.532	54.904	5.423
swarm_54_54.pdb	0	28.480	54.348	5.388
swarm_35_168.pdb	0	29.103	58.636	5.381
swarm_97_78.pdb	0	16.887	42.343	5.307
swarm_84_44.pdb	0	29.022	56.751	5.245
swarm_97_134.pdb	0	27.724	52.554	5.239
swarm_71_46.pdb	0	23.319	52.141	5.237
swarm_44_35.pdb	0	24.274	50.412	5.234
swarm_43_78.pdb	0	20.775	47.283	5.219
swarm_1_52.pdb	0	29.555	51.187	5.175
swarm_56_157.pdb	0	26.239	51.958	5.166
swarm_73_139.pdb	0	24.109	58.702	5.164
swarm_53_129.pdb	0	30.458	58.242	5.099
swarm_90_153.pdb	0.0353982	29.842	67.760	5.051
swarm_105_6.pdb	0	22.743	48.004	5.017
swarm_18_59.pdb	0	27.417	44.669	4.838
swarm_80_79.pdb	0	25.554	53.968	4.835
swarm_18_10.pdb	0	26.681	48.243	4.785
swarm_31_75.pdb	0	22.432	50.981	4.748
swarm_93_42.pdb	0	30.410	61.561	4.746
swarm_30_86.pdb	0	22.789	53.648	4.743
swarm_58_80.pdb	0	28.182	53.506	4.686
swarm_118_172.pdb	0	18.693	38.660	4.679
swarm_29_189.pdb	0	32.296	59.929	4.666
swarm_57_149.pdb	0	18.642	41.244	4.659
swarm_40_166.pdb	0	33.495	59.778	4.631
swarm_41_67.pdb	0	27.532	54.806	4.619
swarm_69_93.pdb	0	14.545	37.924	4.618
swarm_71_47.pdb	0	29.491	55.865	4.549
swarm_46_163.pdb	0	29.526	52.738	4.543
swarm_41_87.pdb	0	30.734	58.192	4.494
swarm_99_193.pdb	0	17.878	31.441	4.466
swarm_70_60.pdb	0	24.510	54.321	4.457
swarm_18_151.pdb	0	13.367	32.160	4.431
swarm_49_133.pdb	0	30.700	57.829	4.343
swarm_60_154.pdb	0	25.861	53.220	4.299
swarm_20_82.pdb	0	21.530	45.119	4.219
swarm_84_174.pdb	0	25.627	62.121	4.216
swarm_10_27.pdb	0	24.892	44.176	4.205
swarm_62_135.pdb	0	32.150	60.390	4.204
swarm_30_24.pdb	0	24.103	42.883	4.155
swarm_96_144.pdb	0.00884956	10.736	28.310	4.126
swarm_68_134.pdb	0	32.786	64.877	4.075
swarm_78_135.pdb	0	26.144	49.795	4.049
swarm_53_85.pdb	0	12.467	36.072	4.036
swarm_68_171.pdb	0	33.934	64.500	3.933
swarm_27_171.pdb	0.0176991	12.888	30.757	3.931
swarm_32_6.pdb	0	28.907	54.399	3.832
swarm_46_192.pdb	0	25.828	54.840	3.665
swarm_72_199.pdb	0	25.449	58.995	3.536
swarm_79_124.pdb	0	32.361	61.324	3.496
swarm_101_30.pdb	0	21.994	63.645	3.496
swarm_31_45.pdb	0	30.222	60.171	3.493
swarm_101_23.pdb	0	25.259	62.500	3.430
swarm_112_47.pdb	0	24.435	51.745	3.217
swarm_86_95.pdb	0	15.933	52.300	3.155
swarm_5_120.pdb	0	13.451	30.410	3.149
swarm_90_180.pdb	0	26.174	65.091	3.100
swarm_39_148.pdb	0	32.133	60.499	3.088
swarm_16_53.pdb	0	24.436	45.319	3.061
swarm_76_68.pdb	0	27.897	58.534	3.035
swarm_94_199.pdb	0	21.046	36.068	3.023
swarm_78_55.pdb	0	24.034	42.584	3.022
swarm_34_130.pdb	0	29.865	57.511	2.992
swarm_55_131.pdb	0	25.719	58.560	2.980
swarm_109_138.pdb	0	26.177	44.675	2.969
swarm_71_58.pdb	0	20.932	50.432	2.873
swarm_31_147.pdb	0	31.289	62.385	2.769
swarm_71_99.pdb	0	27.160	51.648	2.729
swarm_90_177.pdb	0	28.288	67.794	2.727
swarm_45_3.pdb	0	33.874	72.732	2.707
swarm_67_72.pdb	0	29.633	53.247	2.672
swarm_86_115.pdb	0	24.195	56.223	2.669
swarm_41_156.pdb	0	30.415	62.078	2.668
swarm_63_181.pdb	0	21.500	55.667	2.652
swarm_29_21.pdb	0	26.497	54.586	2.640
swarm_8_58.pdb	0	22.438	44.823	2.519
swarm_117_29.pdb	0	25.299	49.149	2.473
swarm_87_61.pdb	0.00884956	24.913	58.959	2.415
swarm_33_199.pdb	0.00884956	24.686	54.078	2.126
swarm_77_192.pdb	0.0353982	16.562	41.308	2.102
swarm_101_101.pdb	0	25.314	66.763	2.062
swarm_101_50.pdb	0	21.584	62.741	2.007
swarm_68_145.pdb	0	32.628	62.550	2.004
swarm_68_31.pdb	0	22.356	50.488	1.996
swarm_15_19.pdb	0	24.891	45.939	1.902
swarm_112_154.pdb	0.0176991	30.443	65.783	1.733
swarm_30_19.pdb	0	30.134	59.038	1.689
swarm_6_149.pdb	0	26.796	49.277	1.682
swarm_89_132.pdb	0	20.938	50.575	1.629
swarm_64_19.pdb	0	27.123	57.921	1.551
swarm_101_98.pdb	0	26.984	60.611	1.463
swarm_75_188.pdb	0	28.885	65.513	1.458
swarm_102_118.pdb	0	15.627	39.136	1.383
swarm_39_121.pdb	0	26.560	55.271	1.331
swarm_45_2.pdb	0	22.280	59.756	1.283
swarm_115_118.pdb	0	28.585	60.983	1.196
swarm_84_166.pdb	0	29.043	56.372	1.146
swarm_45_61.pdb	0	24.061	57.027	1.144
swarm_45_199.pdb	0	31.665	69.002	1.106
swarm_35_125.pdb	0	23.986	54.194	1.103
swarm_95_103.pdb	0	29.284	56.153	0.987
swarm_44_80.pdb	0	30.900	63.010	0.947
swarm_88_139.pdb	0.0353982	21.790	49.843	0.911
swarm_90_102.pdb	0	22.601	61.307	0.851
swarm_80_15.pdb	0	30.473	56.199	0.787
swarm_48_7.pdb	0	26.951	48.381	0.776
swarm_30_196.pdb	0	15.585	44.484	0.717
swarm_82_72.pdb	0	29.885	57.349	0.661
swarm_28_120.pdb	0	25.709	64.428	0.650
swarm_45_98.pdb	0	21.288	53.680	0.578
swarm_34_43.pdb	0	25.934	52.621	0.574
swarm_53_84.pdb	0	26.028	52.956	0.505
swarm_30_117.pdb	0	16.043	43.082	0.499
swarm_117_187.pdb	0	28.415	49.398	0.490
swarm_13_84.pdb	0	33.082	67.803	0.485
swarm_44_33.pdb	0	21.126	50.334	0.468
swarm_97_135.pdb	0	28.470	55.950	0.354
swarm_38_121.pdb	0	25.705	54.801	0.298
swarm_101_73.pdb	0	30.020	66.379	0.286
swarm_39_132.pdb	0	32.195	63.618	0.260
swarm_40_163.pdb	0	28.084	55.103	0.224
swarm_45_160.pdb	0	33.224	68.975	0.223
swarm_67_42.pdb	0	18.132	41.898	0.141
swarm_28_150.pdb	0.0265487	30.549	66.006	0.032
swarm_74_197.pdb	0	21.882	57.351	0.019
swarm_44_109.pdb	0	16.663	44.639	0.012
swarm_80_121.pdb	0	30.045	56.614	0.004
swarm_44_67.pdb	0	26.624	61.839	0.003
swarm_117_74.pdb	0	24.521	49.158	-0.057
swarm_31_185.pdb	0	25.241	58.473	-0.077
swarm_65_28.pdb	0.0353982	26.489	55.791	-0.109
swarm_94_3.pdb	0	21.363	31.917	-0.147
swarm_59_117.pdb	0	22.247	50.495	-0.175
swarm_100_163.pdb	0	22.360	43.690	-0.178
swarm_82_53.pdb	0	27.453	50.900	-0.187
swarm_117_5.pdb	0	28.206	50.547	-0.227
swarm_64_167.pdb	0	23.470	56.503	-0.288
swarm_106_112.pdb	0	28.379	53.314	-0.413
swarm_82_80.pdb	0	26.459	50.771	-0.440
swarm_117_174.pdb	0	23.113	53.291	-0.445
swarm_44_135.pdb	0	18.946	47.748	-0.515
swarm_16_40.pdb	0.0176991	23.844	50.066	-0.627
swarm_87_188.pdb	0	26.422	58.494	-0.667
swarm_65_31.pdb	0.0442478	21.673	54.676	-0.708
swarm_44_165.pdb	0	24.966	58.651	-0.750
swarm_102_123.pdb	0	20.631	48.285	-0.795
swarm_80_65.pdb	0	14.904	38.448	-0.868
swarm_24_124.pdb	0	29.415	63.056	-0.884
swarm_60_122.pdb	0.0176991	23.519	51.162	-0.904
swarm_41_170.pdb	0	15.334	44.356	-0.905
swarm_105_170.pdb	0	24.345	49.467	-0.915
swarm_73_74.pdb	0	31.487	65.578	-1.121
swarm_105_11.pdb	0	29.836	51.940	-1.133
swarm_85_143.pdb	0	28.775	59.538	-1.202
swarm_47_18.pdb	0	25.946	58.125	-1.432
swarm_102_70.pdb	0	27.272	47.909	-1.496
swarm_47_62.pdb	0	31.904	68.275	-1.561
swarm_122_0.pdb	0	29.593	55.662	-1.574
swarm_47_76.pdb	0.00884956	28.529	58.713	-1.667
swarm_29_127.pdb	0.00884956	16.847	46.401	-1.696
swarm_90_94.pdb	0	26.041	56.087	-1.707
swarm_101_197.pdb	0	25.683	71.612	-1.730
swarm_122_54.pdb	0	28.751	52.789	-1.766
swarm_31_83.pdb	0	30.097	60.303	-1.814
swarm_49_182.pdb	0	26.580	62.739	-1.829
swarm_97_36.pdb	0	22.477	51.312	-1.890
swarm_93_29.pdb	0	26.507	58.172	-1.944
swarm_31_129.pdb	0	26.877	59.969	-1.975
swarm_64_113.pdb	0	25.490	58.205	-2.087
swarm_28_160.pdb	0	34.347	66.903	-2.197
swarm_88_194.pdb	0.0176991	13.466	35.190	-2.271
swarm_72_155.pdb	0	30.768	62.874	-2.297
swarm_122_11.pdb	0	23.803	54.411	-2.400
swarm_82_198.pdb	0	26.302	55.725	-2.526
swarm_67_115.pdb	0	23.800	57.718	-2.537
swarm_50_136.pdb	0	25.739	63.444	-2.558
swarm_18_25.pdb	0	16.323	39.174	-2.638
swarm_117_79.pdb	0	20.937	45.778	-2.658
swarm_64_57.pdb	0	31.159	64.711	-2.690
swarm_106_142.pdb	0	20.426	48.169	-2.696
swarm_106_121.pdb	0	20.356	51.233	-2.794
swarm_73_179.pdb	0	31.196	62.555	-2.812
swarm_90_168.pdb	0	25.721	61.851	-2.944
swarm_19_123.pdb	0.0619469	14.442	33.865	-2.955
swarm_56_197.pdb	0	17.512	45.097	-2.981
swarm_34_169.pdb	0	23.428	58.998	-3.028
swarm_89_182.pdb	0	28.459	53.711	-3.074
swarm_97_4.pdb	0	27.033	55.582	-3.078
swarm_79_100.pdb	0.0176991	28.940	65.374	-3.420
swarm_50_117.pdb	0	29.154	67.737	-3.443
swarm_95_101.pdb	0	30.293	61.759	-3.569
swarm_47_79.pdb	0	33.058	71.542	-3.623
swarm_115_189.pdb	0	30.945	56.029	-3.629
swarm_68_151.pdb	0	25.200	60.591	-3.657
swarm_45_74.pdb	0	20.937	54.904	-3.662
swarm_36_120.pdb	0	28.746	59.769	-3.780
swarm_74_172.pdb	0	27.781	53.414	-3.940
swarm_24_151.pdb	0	27.215	65.758	-3.974
swarm_122_5.pdb	0	20.248	49.144	-4.014
swarm_64_176.pdb	0	14.835	48.302	-4.058
swarm_72_186.pdb	0	24.108	59.878	-4.164
swarm_78_66.pdb	0	25.615	48.937	-4.196
swarm_87_176.pdb	0	23.703	52.914	-4.246
swarm_9_186.pdb	0	30.187	59.981	-4.397
swarm_101_57.pdb	0	32.406	73.960	-4.435
swarm_43_123.pdb	0	27.485	60.554	-4.492
swarm_44_172.pdb	0	30.343	59.814	-4.532
swarm_43_39.pdb	0.00884956	25.570	57.550	-4.538
swarm_51_129.pdb	0	27.464	56.787	-4.604
swarm_67_25.pdb	0.00884956	25.558	57.802	-4.623
swarm_45_80.pdb	0	25.549	58.384	-4.720
swarm_93_24.pdb	0.0176991	21.359	52.319	-4.728
swarm_47_164.pdb	0	31.731	61.327	-4.847
swarm_72_66.pdb	0	31.756	60.914	-4.850
swarm_84_74.pdb	0	21.806	54.890	-4.894
swarm_117_91.pdb	0	25.019	46.099	-4.904
swarm_119_156.pdb	0	24.063	42.175	-4.962
swarm_95_114.pdb	0	33.109	63.645	-5.023
swarm_47_63.pdb	0	30.781	65.838	-5.042
swarm_63_100.pdb	0	23.357	57.505	-5.044
swarm_97_151.pdb	0	30.020	54.303	-5.045
swarm_47_113.pdb	0	34.504	67.615	-5.051
swarm_101_167.pdb	0	25.428	70.764	-5.093
swarm_82_111.pdb	0	23.710	53.890	-5.108
swarm_90_19.pdb	0	26.291	64.803	-5.118
swarm_100_166.pdb	0	20.498	32.253	-5.120
swarm_15_48.pdb	0.00884956	16.132	41.327	-5.129
swarm_44_62.pdb	0	19.950	49.626	-5.159
swarm_101_88.pdb	0	30.007	72.310	-5.205
swarm_32_63.pdb	0	26.838	58.468	-5.427
swarm_47_69.pdb	0	30.777	62.750	-5.448
swarm_13_171.pdb	0	27.766	60.559	-5.519
swarm_53_108.pdb	0	14.831	43.671	-5.526
swarm_52_65.pdb	0	27.379	64.117	-5.532
swarm_86_99.pdb	0	25.123	59.766	-5.615
swarm_50_126.pdb	0	26.244	61.958	-5.678
swarm_83_28.pdb	0	27.589	48.674	-5.696
swarm_36_9.pdb	0	18.010	47.145	-5.778
swarm_73_171.pdb	0	27.737	61.532	-5.783
swarm_115_99.pdb	0	27.368	58.526	-5.783
swarm_115_109.pdb	0	18.593	53.437	-5.860
swarm_32_13.pdb	0	22.701	49.570	-5.867
swarm_72_44.pdb	0	19.915	55.734	-6.000
swarm_64_50.pdb	0	26.468	60.078	-6.004
swarm_60_43.pdb	0	23.734	50.281	-6.037
swarm_45_110.pdb	0	27.648	61.266	-6.044
swarm_72_85.pdb	0	26.416	62.093	-6.066
swarm_29_170.pdb	0	27.686	54.033	-6.066
swarm_93_152.pdb	0	17.002	45.524	-6.083
swarm_107_50.pdb	0	27.996	60.727	-6.087
swarm_91_183.pdb	0.00884956	25.663	43.811	-6.105
swarm_45_171.pdb	0	28.508	56.984	-6.117
swarm_101_65.pdb	0	29.073	64.333	-6.175
swarm_6_142.pdb	0	19.883	51.707	-6.246
swarm_50_155.pdb	0	28.122	63.602	-6.358
swarm_9_12.pdb	0	29.346	55.810	-6.401
swarm_52_122.pdb	0	24.947	63.027	-6.469
swarm_73_163.pdb	0	27.702	63.785	-6.474
swarm_75_108.pdb	0	25.581	66.317	-6.531
swarm_6_13.pdb	0	27.006	50.989	-6.678
swarm_111_17.pdb	0	22.808	38.747	-6.842
swarm_84_16.pdb	0.00884956	21.123	51.325	-6.856
swarm_75_139.pdb	0	27.197	61.974	-6.891
swarm_44_94.pdb	0	26.749	61.098	-6.915
swarm_84_0.pdb	0	23.312	55.014	-6.967
swarm_71_173.pdb	0	20.941	48.226	-6.986
swarm_61_171.pdb	0	18.690	49.892	-7.014
swarm_61_174.pdb	0	22.631	66.320	-7.019
swarm_47_83.pdb	0	36.931	70.185	-7.120
swarm_10_118.pdb	0	24.836	48.040	-7.157
swarm_49_68.pdb	0	29.760	58.323	-7.192
swarm_34_161.pdb	0	21.969	48.015	-7.208
swarm_10_45.pdb	0	28.623	50.701	-7.262
swarm_106_69.pdb	0	24.835	55.140	-7.280
swarm_15_160.pdb	0	20.293	48.077	-7.281
swarm_50_54.pdb	0	24.917	59.292	-7.294
swarm_50_34.pdb	0	29.452	61.063	-7.324
swarm_55_123.pdb	0	30.515	60.078	-7.375
swarm_95_44.pdb	0	30.618	61.473	-7.407
swarm_62_118.pdb	0	22.520	49.415	-7.407
swarm_47_132.pdb	0	25.142	57.952	-7.411
swarm_13_109.pdb	0	29.934	60.190	-7.489
swarm_88_174.pdb	0	21.468	46.342	-7.659
swarm_95_147.pdb	0	30.965	61.810	-7.695
swarm_42_80.pdb	0	23.738	59.495	-7.725
swarm_72_126.pdb	0	33.762	65.456	-7.762
swarm_24_146.pdb	0	28.682	60.513	-7.835
swarm_80_74.pdb	0	28.962	53.915	-7.973
swarm_15_26.pdb	0	26.153	47.032	-8.072
swarm_115_7.pdb	0	21.280	55.415	-8.222
swarm_40_124.pdb	0	17.104	41.511	-8.275
swarm_97_87.pdb	0	25.978	49.322	-8.290
swarm_112_151.pdb	0.0176991	31.823	64.435	-8.330
swarm_115_74.pdb	0	27.013	58.708	-8.448
swarm_61_60.pdb	0	25.461	60.566	-8.569
swarm_93_177.pdb	0	19.652	45.635	-8.599
swarm_90_191.pdb	0	18.785	56.757	-8.703
swarm_86_94.pdb	0	20.647	51.066	-8.712
swarm_50_37.pdb	0	28.989	62.044	-8.767
swarm_105_80.pdb	0	23.768	42.663	-8.783
swarm_105_139.pdb	0	20.445	45.448	-8.863
swarm_6_170.pdb	0	20.117	52.109	-8.912
swarm_85_145.pdb	0	30.392	62.515	-8.929
swarm_95_154.pdb	0	32.341	64.446	-9.012
swarm_107_119.pdb	0	28.062	58.719	-9.020
swarm_41_144.pdb	0	25.464	54.364	-9.023
swarm_67_80.pdb	0	28.981	63.566	-9.032
swarm_64_164.pdb	0	30.037	57.021	-9.045
swarm_95_125.pdb	0	27.456	54.054	-9.066
swarm_86_162.pdb	0	29.699	57.592	-9.089
swarm_32_30.pdb	0	15.001	39.944	-9.151
swarm_75_6.pdb	0	27.465	62.013	-9.186
swarm_28_49.pdb	0	25.731	64.008	-9.255
swarm_51_86.pdb	0	25.577	54.763	-9.259
swarm_45_73.pdb	0	31.618	57.724	-9.288
swarm_67_6.pdb	0	27.078	56.220	-9.393
swarm_57_86.pdb	0	15.165	38.481	-9.432
swarm_97_105.pdb	0	32.192	61.550	-9.539
swarm_13_80.pdb	0	27.370	66.875	-9.549
swarm_112_55.pdb	0	14.810	38.339	-9.557
swarm_84_116.pdb	0	18.926	52.328	-9.621
swarm_85_10.pdb	0	21.401	53.484	-9.694
swarm_80_108.pdb	0	24.290	50.226	-9.706
swarm_86_120.pdb	0	24.660	54.789	-9.713
swarm_40_71.pdb	0	30.317	62.878	-9.775
swarm_61_97.pdb	0	21.415	52.683	-9.820
swarm_51_21.pdb	0	25.217	63.219	-9.836
swarm_85_134.pdb	0	22.747	58.704	-9.838
swarm_45_109.pdb	0	29.930	61.965	-9.840
swarm_58_20.pdb	0.00884956	19.930	47.278	-9.842
swarm_95_9.pdb	0	24.242	59.477	-9.867
swarm_72_170.pdb	0	21.621	62.290	-9.875
swarm_78_83.pdb	0	13.643	33.151	-9.887
swarm_73_48.pdb	0	22.543	58.534	-9.897
swarm_39_10.pdb	0	30.940	60.397	-10.005
swarm_74_106.pdb	0	33.066	62.797	-10.016
swarm_9_91.pdb	0	28.235	49.872	-10.026
swarm_47_15.pdb	0	36.601	68.302	-10.067
swarm_55_150.pdb	0	31.984	65.966	-10.143
swarm_106_161.pdb	0	31.448	58.663	-10.165
swarm_97_76.pdb	0	20.170	48.113	-10.204
swarm_17_167.pdb	0	26.994	46.921	-10.248
swarm_24_29.pdb	0	23.820	62.072	-10.296
swarm_84_148.pdb	0	20.989	54.637	-10.309
swarm_13_0.pdb	0	29.100	56.715	-10.400
swarm_6_130.pdb	0	26.248	50.474	-10.537
swarm_52_182.pdb	0	27.513	65.329	-10.552
swarm_75_60.pdb	0	31.850	62.431	-10.563
swarm_70_108.pdb	0	16.593	45.092	-10.668
swarm_87_72.pdb	0	24.126	54.394	-10.795
swarm_75_70.pdb	0	28.967	63.229	-10.879
swarm_105_53.pdb	0	28.097	47.260	-10.880
swarm_8_132.pdb	0	22.347	46.948	-10.902
swarm_41_112.pdb	0	23.218	51.976	-10.913
swarm_122_91.pdb	0.00884956	24.850	53.310	-10.986
swarm_80_26.pdb	0	20.192	52.123	-11.071
swarm_8_125.pdb	0	29.479	54.298	-11.080
swarm_76_64.pdb	0	26.086	50.525	-11.130
swarm_13_159.pdb	0	32.586	68.593	-11.161
swarm_115_136.pdb	0	31.516	64.671	-11.197
swarm_6_87.pdb	0.00884956	31.996	57.394	-11.212
swarm_52_198.pdb	0	27.629	64.205	-11.242
swarm_101_51.pdb	0	31.785	61.980	-11.264
swarm_72_24.pdb	0	23.176	58.565	-11.294
swarm_49_43.pdb	0	21.586	56.499	-11.417
swarm_31_28.pdb	0	28.210	63.705	-11.427
swarm_28_69.pdb	0	29.567	70.461	-11.454
swarm_40_49.pdb	0	25.437	53.987	-11.536
swarm_74_164.pdb	0	24.295	62.917	-11.542
swarm_24_147.pdb	0	30.493	61.578	-11.549
swarm_107_189.pdb	0	28.418	55.404	-11.658
swarm_61_10.pdb	0	29.648	61.071	-11.664
swarm_85_95.pdb	0	28.343	64.515	-11.679
swarm_87_111.pdb	0	13.824	39.333	-11.739
swarm_43_13.pdb	0	20.026	53.770	-11.821
swarm_76_15.pdb	0	25.514	56.906	-11.889
swarm_64_97.pdb	0	26.518	62.642	-11.923
swarm_74_193.pdb	0	21.359	57.724	-12.005
swarm_87_110.pdb	0	28.950	58.047	-12.055
swarm_63_123.pdb	0	26.810	66.067	-12.111
swarm_52_108.pdb	0	22.031	61.917	-12.132
swarm_49_62.pdb	0	31.625	60.822	-12.153
swarm_64_111.pdb	0.00884956	29.059	66.419	-12.157
swarm_105_102.pdb	0	18.250	43.952	-12.176
swarm_63_176.pdb	0	27.080	62.775	-12.195
swarm_34_40.pdb	0	23.721	55.754	-12.198
swarm_86_114.pdb	0	22.564	54.105	-12.234
swarm_122_193.pdb	0	23.927	48.362	-12.310
swarm_25_106.pdb	0	27.659	48.656	-12.333
swarm_95_8.pdb	0	29.510	61.720	-12.353
swarm_62_104.pdb	0	28.361	53.924	-12.548
swarm_93_19.pdb	0	27.442	55.194	-12.549
swarm_62_153.pdb	0	31.039	56.826	-12.568
swarm_55_22.pdb	0	28.511	64.267	-12.627
swarm_93_6.pdb	0	31.779	60.764	-12.651
swarm_106_166.pdb	0	23.615	52.862	-12.660
swarm_49_138.pdb	0	30.734	56.046	-12.669
swarm_67_140.pdb	0	20.652	52.565	-12.683
swarm_57_46.pdb	0.00884956	20.691	50.707	-12.685
swarm_57_134.pdb	0	18.768	48.795	-12.777
swarm_69_58.pdb	0.0442478	27.646	57.068	-12.839
swarm_93_74.pdb	0	31.576	62.224	-12.910
swarm_76_106.pdb	0	29.278	59.206	-12.916
swarm_31_49.pdb	0	27.005	61.287	-12.949
swarm_90_42.pdb	0.00884956	23.152	53.449	-12.953
swarm_62_43.pdb	0	20.050	50.924	-12.955
swarm_42_13.pdb	0	26.374	61.100	-13.013
swarm_63_157.pdb	0	29.587	62.566	-13.091
swarm_73_174.pdb	0	24.137	61.372	-13.107
swarm_10_128.pdb	0	23.887	50.196	-13.110
swarm_74_114.pdb	0	24.607	55.079	-13.158
swarm_73_15.pdb	0	30.565	59.698	-13.164
swarm_50_122.pdb	0	31.561	63.088	-13.167
swarm_63_1.pdb	0	19.660	51.428	-13.196
swarm_52_102.pdb	0	29.086	62.974	-13.237
swarm_53_66.pdb	0	25.076	57.517	-13.263
swarm_18_35.pdb	0	25.970	44.413	-13.277
swarm_45_54.pdb	0	34.002	62.367	-13.278
swarm_72_83.pdb	0	32.204	67.311	-13.314
swarm_67_121.pdb	0	25.592	57.340	-13.405
swarm_90_3.pdb	0	28.474	55.866	-13.508
swarm_105_108.pdb	0	28.819	54.906	-13.609
swarm_106_85.pdb	0	25.660	51.157	-13.682
swarm_63_115.pdb	0	27.176	59.979	-13.722
swarm_88_9.pdb	0	14.647	40.904	-13.740
swarm_13_28.pdb	0	30.380	70.092	-13.749
swarm_24_42.pdb	0	26.813	57.475	-13.760
swarm_73_166.pdb	0	27.069	53.019	-13.777
swarm_107_135.pdb	0	29.197	57.484	-13.792
swarm_75_82.pdb	0	21.382	57.918	-13.841
swarm_85_139.pdb	0	26.632	58.202	-13.891
swarm_55_77.pdb	0	28.615	64.810	-13.908
swarm_107_131.pdb	0	29.402	61.614	-13.960
swarm_107_121.pdb	0	29.690	64.549	-13.987
swarm_122_196.pdb	0.00884956	21.752	53.477	-14.002
swarm_47_145.pdb	0	21.355	55.604	-14.004
swarm_73_118.pdb	0	30.647	59.674	-14.058
swarm_72_128.pdb	0	15.706	48.718	-14.066
swarm_76_169.pdb	0	26.081	54.812	-14.117
swarm_85_133.pdb	0	29.649	58.214	-14.127
swarm_106_184.pdb	0	27.316	58.305	-14.131
swarm_85_183.pdb	0	22.449	59.661	-14.137
swarm_79_148.pdb	0.00884956	21.669	50.619	-14.157
swarm_23_18.pdb	0	15.635	38.147	-14.240
swarm_105_98.pdb	0	16.603	43.491	-14.325
swarm_39_52.pdb	0	30.615	58.969	-14.353
swarm_9_163.pdb	0	17.786	47.412	-14.362
swarm_72_140.pdb	0	25.601	61.729	-14.388
swarm_39_184.pdb	0	19.611	49.926	-14.405
swarm_101_132.pdb	0	17.829	55.410	-14.523
swarm_72_6.pdb	0	26.341	62.719	-14.525
swarm_93_116.pdb	0	21.807	59.188	-14.595
swarm_82_143.pdb	0	29.097	54.815	-14.656
swarm_45_156.pdb	0	32.622	62.011	-14.661
swarm_72_118.pdb	0	22.535	60.399	-14.820
swarm_40_191.pdb	0	20.596	52.659	-14.844
swarm_27_137.pdb	0	27.904	44.488	-14.882
swarm_63_77.pdb	0	21.451	53.592	-14.912
swarm_84_83.pdb	0	19.697	57.415	-14.965
swarm_90_144.pdb	0	19.203	51.777	-15.008
swarm_34_45.pdb	0	22.161	46.695	-15.017
swarm_51_84.pdb	0	23.707	55.653	-15.021
swarm_28_45.pdb	0	34.491	68.985	-15.107
swarm_85_174.pdb	0	27.527	53.401	-15.110
swarm_50_168.pdb	0.00884956	26.123	60.972	-15.125
swarm_36_63.pdb	0	21.692	51.940	-15.128
swarm_7_59.pdb	0.0265487	14.747	27.792	-15.209
swarm_73_143.pdb	0	28.722	55.803	-15.222
swarm_93_145.pdb	0	23.803	58.928	-15.266
swarm_107_188.pdb	0	28.591	57.254	-15.301
swarm_13_49.pdb	0	21.467	55.029	-15.391
swarm_112_97.pdb	0	30.379	58.259	-15.401
swarm_64_136.pdb	0	29.118	56.948	-15.530
swarm_28_76.pdb	0	29.077	64.788	-15.557
swarm_55_48.pdb	0	31.635	67.580	-15.567
swarm_75_68.pdb	0	34.593	69.555	-15.755
swarm_64_47.pdb	0	23.084	51.870	-15.778
swarm_28_58.pdb	0	29.103	64.576	-15.823
swarm_55_31.pdb	0	23.638	56.417	-15.912
swarm_50_118.pdb	0	32.158	63.611	-15.934
swarm_45_6.pdb	0	27.043	61.761	-15.937
swarm_39_37.pdb	0	32.725	64.214	-15.962
swarm_95_146.pdb	0	33.787	64.177	-16.016
swarm_51_2.pdb	0.00884956	19.852	53.914	-16.055
swarm_82_147.pdb	0	29.580	54.852	-16.078
swarm_107_36.pdb	0	27.039	59.181	-16.237
swarm_80_179.pdb	0.0176991	17.279	46.221	-16.249
swarm_115_160.pdb	0	26.938	57.438	-16.286
swarm_93_33.pdb	0	28.989	63.926	-16.429
swarm_65_22.pdb	0	13.862	39.428	-16.465
swarm_55_113.pdb	0	31.768	61.773	-16.542
swarm_49_179.pdb	0	21.493	50.991	-16.601
swarm_13_38.pdb	0	20.928	58.702	-16.604
swarm_74_40.pdb	0	19.639	47.855	-16.640
swarm_41_23.pdb	0	29.983	56.484	-16.671
swarm_52_16.pdb	0	27.349	72.170	-16.684
swarm_50_74.pdb	0	18.802	55.029	-16.765
swarm_63_24.pdb	0	29.301	57.571	-16.840
swarm_85_70.pdb	0	26.088	60.201	-16.855
swarm_85_171.pdb	0	24.238	61.436	-16.879
swarm_20_110.pdb	0	24.759	40.920	-16.910
swarm_42_143.pdb	0	24.702	56.349	-16.938
swarm_75_140.pdb	0	19.917	52.871	-16.940
swarm_115_32.pdb	0	27.419	53.154	-16.979
swarm_61_156.pdb	0	29.984	57.465	-17.018
swarm_43_174.pdb	0	28.148	61.110	-17.038
swarm_53_187.pdb	0	16.753	50.315	-17.181
swarm_24_159.pdb	0	23.480	60.947	-17.181
swarm_13_166.pdb	0	33.192	66.101	-17.189
swarm_60_146.pdb	0	23.587	52.518	-17.194
swarm_52_13.pdb	0	30.454	58.792	-17.266
swarm_55_159.pdb	0.00884956	25.632	61.049	-17.372
swarm_72_144.pdb	0	16.766	50.583	-17.386
swarm_53_134.pdb	0	19.641	48.412	-17.431
swarm_82_68.pdb	0.00884956	14.771	41.876	-17.545
swarm_64_135.pdb	0	26.405	59.996	-17.603
swarm_55_41.pdb	0	26.358	61.836	-17.603
swarm_79_51.pdb	0	18.648	52.274	-17.604
swarm_104_125.pdb	0	18.725	31.861	-17.703
swarm_39_124.pdb	0	29.093	54.244	-17.715
swarm_97_188.pdb	0	29.625	61.440	-17.882
swarm_79_84.pdb	0.0176991	23.343	61.774	-17.891
swarm_34_156.pdb	0	22.662	51.188	-17.909
swarm_71_146.pdb	0	18.763	47.754	-17.980
swarm_14_80.pdb	0	22.454	40.463	-18.042
swarm_49_122.pdb	0	24.270	53.514	-18.078
swarm_85_20.pdb	0	20.506	56.652	-18.206
swarm_6_187.pdb	0	24.547	54.401	-18.239
swarm_77_53.pdb	0	24.391	45.028	-18.246
swarm_70_14.pdb	0.00884956	27.112	54.244	-18.268
swarm_44_173.pdb	0	20.840	56.823	-18.353
swarm_86_33.pdb	0	21.125	56.287	-18.434
swarm_87_56.pdb	0	25.248	45.960	-18.479
swarm_117_11.pdb	0	28.333	55.150	-18.504
swarm_6_64.pdb	0	22.704	51.545	-18.560
swarm_63_69.pdb	0	31.795	61.393	-18.657
swarm_84_198.pdb	0	26.429	56.809	-18.671
swarm_31_2.pdb	0	32.313	61.269	-18.784
swarm_63_57.pdb	0	28.267	57.704	-18.829
swarm_62_158.pdb	0	28.837	53.419	-18.868
swarm_55_26.pdb	0	23.321	62.299	-18.932
swarm_31_175.pdb	0	25.041	51.781	-18.995
swarm_80_193.pdb	0	17.936	49.649	-19.022
swarm_39_193.pdb	0	25.226	55.784	-19.048
swarm_76_162.pdb	0	23.483	56.105	-19.226
swarm_117_189.pdb	0	15.593	42.449	-19.250
swarm_67_102.pdb	0	26.960	59.779	-19.286
swarm_95_187.pdb	0	30.419	58.477	-19.311
swarm_63_118.pdb	0	31.572	59.913	-19.339
swarm_106_199.pdb	0	30.870	58.440	-19.412
swarm_74_9.pdb	0	32.264	66.206	-19.438
swarm_74_182.pdb	0	29.220	53.166	-19.445
swarm_97_34.pdb	0	22.215	47.828	-19.465
swarm_73_28.pdb	0	30.503	66.551	-19.556
swarm_63_15.pdb	0	30.689	60.393	-19.575
swarm_76_20.pdb	0	22.214	58.367	-19.601
swarm_82_1.pdb	0	16.799	47.948	-19.651
swarm_63_45.pdb	0	27.214	62.658	-19.676
swarm_51_24.pdb	0	16.204	49.152	-19.742
swarm_107_94.pdb	0	28.826	66.332	-19.759
swarm_112_171.pdb	0	30.640	61.043	-19.836
swarm_115_130.pdb	0	20.473	51.666	-19.874
swarm_39_29.pdb	0	30.335	55.168	-19.938
swarm_49_54.pdb	0	29.708	56.480	-19.939
swarm_105_163.pdb	0	28.502	53.572	-20.098
swarm_39_85.pdb	0	31.486	66.797	-20.138
swarm_75_191.pdb	0	27.801	62.527	-20.150
swarm_63_111.pdb	0	23.745	62.499	-20.150
swarm_82_173.pdb	0	13.892	42.967	-20.157
swarm_68_20.pdb	0	20.432	57.912	-20.284
swarm_47_118.pdb	0	30.739	62.154	-20.292
swarm_73_66.pdb	0	21.730	52.252	-20.349
swarm_51_31.pdb	0	21.519	52.960	-20.428
swarm_87_91.pdb	0	26.980	54.945	-20.509
swarm_74_13.pdb	0	18.068	49.867	-20.670
swarm_67_128.pdb	0	22.057	54.112	-20.714
swarm_42_126.pdb	0	25.749	51.997	-20.834
swarm_39_75.pdb	0	31.623	61.420	-20.915
swarm_80_198.pdb	0	28.914	56.582	-20.923
swarm_6_159.pdb	0	21.800	53.739	-20.955
swarm_31_141.pdb	0	32.933	64.705	-20.990
swarm_107_112.pdb	0	23.221	62.114	-20.999
swarm_42_157.pdb	0	22.433	54.729	-21.109
swarm_40_168.pdb	0	26.864	53.939	-21.186
swarm_55_151.pdb	0	19.078	60.685	-21.238
swarm_63_171.pdb	0	32.656	67.247	-21.271
swarm_28_24.pdb	0	27.652	68.989	-21.280
swarm_52_55.pdb	0	27.169	65.834	-21.291
swarm_62_1.pdb	0	22.994	48.082	-21.304
swarm_45_5.pdb	0	27.454	61.494	-21.320
swarm_10_184.pdb	0	31.100	57.100	-21.346
swarm_62_119.pdb	0	19.734	46.725	-21.381
swarm_36_68.pdb	0	23.040	55.533	-21.470
swarm_107_116.pdb	0	31.685	63.656	-21.559
swarm_52_199.pdb	0	30.506	64.201	-21.656
swarm_107_138.pdb	0	24.869	57.701	-21.670
swarm_63_148.pdb	0	33.315	63.482	-21.770
swarm_85_8.pdb	0	30.716	63.738	-21.803
swarm_10_190.pdb	0.0176991	29.952	59.006	-21.815
swarm_74_42.pdb	0	25.728	58.156	-21.855
swarm_90_52.pdb	0	31.845	60.840	-21.969
swarm_72_46.pdb	0	33.833	68.117	-22.007
swarm_37_167.pdb	0	25.290	40.363	-22.011
swarm_49_1.pdb	0.00884956	24.320	54.217	-22.018
swarm_93_0.pdb	0	25.432	50.057	-22.082
swarm_55_167.pdb	0	27.926	60.403	-22.257
swarm_18_174.pdb	0	26.712	44.565	-22.302
swarm_118_38.pdb	0	23.290	39.933	-22.475
swarm_46_137.pdb	0	27.915	57.050	-22.489
swarm_13_122.pdb	0	30.821	60.962	-22.567
swarm_81_143.pdb	0.00884956	11.073	22.892	-22.589
swarm_43_32.pdb	0	29.337	58.763	-22.601
swarm_31_170.pdb	0.0265487	27.182	57.396	-22.699
swarm_31_62.pdb	0	28.284	58.271	-22.700
swarm_87_165.pdb	0	25.449	56.698	-22.737
swarm_76_102.pdb	0	26.184	56.716	-22.809
swarm_6_99.pdb	0	29.517	60.095	-22.878
swarm_24_30.pdb	0	30.463	63.965	-22.945
swarm_107_21.pdb	0	29.399	64.837	-22.972
swarm_71_15.pdb	0	26.984	53.111	-22.994
swarm_17_19.pdb	0	15.927	39.847	-23.026
swarm_28_75.pdb	0	28.298	55.925	-23.058
swarm_57_61.pdb	0	21.474	51.835	-23.094
swarm_85_51.pdb	0	26.246	52.945	-23.107
swarm_114_94.pdb	0	17.623	29.435	-23.125
swarm_34_60.pdb	0	29.702	56.199	-23.340
swarm_79_101.pdb	0	28.045	57.929	-23.520
swarm_76_186.pdb	0	13.990	44.503	-23.600
swarm_39_153.pdb	0	24.535	58.372	-23.670
swarm_49_151.pdb	0	29.086	63.627	-23.741
swarm_29_161.pdb	0	28.755	54.717	-23.834
swarm_87_51.pdb	0	27.069	62.289	-23.963
swarm_52_164.pdb	0	27.051	66.705	-23.989
swarm_89_181.pdb	0.0176991	22.648	51.679	-24.014
swarm_112_146.pdb	0	18.581	46.394	-24.033
swarm_42_132.pdb	0	20.416	55.224	-24.127
swarm_94_42.pdb	0.00884956	7.932	20.958	-24.285
swarm_70_176.pdb	0	27.917	54.741	-24.291
swarm_67_2.pdb	0	20.323	57.136	-24.393
swarm_74_160.pdb	0	31.025	61.652	-24.409
swarm_34_160.pdb	0	31.101	58.281	-24.422
swarm_93_194.pdb	0	26.395	59.648	-24.468
swarm_62_73.pdb	0	32.387	60.457	-24.728
swarm_8_10.pdb	0	27.941	52.055	-24.788
swarm_10_115.pdb	0	14.143	42.019	-24.806
swarm_36_193.pdb	0	27.609	55.388	-24.900
swarm_36_194.pdb	0	28.094	51.933	-24.908
swarm_8_183.pdb	0	24.977	51.319	-24.922
swarm_75_128.pdb	0	27.351	60.718	-24.939
swarm_117_18.pdb	0	26.967	57.355	-24.994
swarm_68_142.pdb	0.0265487	24.422	58.077	-25.011
swarm_86_155.pdb	0	28.974	66.225	-25.176
swarm_42_23.pdb	0	22.849	61.667	-25.193
swarm_18_29.pdb	0	24.722	51.357	-25.316
swarm_117_41.pdb	0	28.383	53.708	-25.364
swarm_86_178.pdb	0	30.721	60.142	-25.402
swarm_62_55.pdb	0	27.126	48.688	-25.422
swarm_115_154.pdb	0	25.873	59.397	-25.512
swarm_73_81.pdb	0	21.644	51.620	-25.555
swarm_106_177.pdb	0	28.597	53.610	-25.841
swarm_10_194.pdb	0	28.196	48.621	-25.872
swarm_62_168.pdb	0	24.651	60.453	-25.981
swarm_9_134.pdb	0	17.093	48.973	-26.026
swarm_16_150.pdb	0	14.985	41.230	-26.227
swarm_44_11.pdb	0	29.601	60.130	-26.262
swarm_28_30.pdb	0	25.570	55.639	-26.388
swarm_107_157.pdb	0	23.159	60.807	-26.608
swarm_10_20.pdb	0	23.592	52.873	-26.747
swarm_39_25.pdb	0	27.435	55.468	-26.775
swarm_62_40.pdb	0	22.646	57.333	-26.950
swarm_55_39.pdb	0	27.764	63.684	-26.992
swarm_45_193.pdb	0	28.597	54.475	-27.008
swarm_55_95.pdb	0	19.307	55.273	-27.199
swarm_106_78.pdb	0	26.453	57.096	-27.217
swarm_58_89.pdb	0	29.615	54.671	-27.268
swarm_42_150.pdb	0	23.762	61.628	-27.617
swarm_8_158.pdb	0	27.959	54.988	-27.755
swarm_11_188.pdb	0	19.461	34.218	-27.894
swarm_55_34.pdb	0	20.491	63.179	-28.049
swarm_97_104.pdb	0	28.414	61.609	-28.161
swarm_86_116.pdb	0	27.432	64.524	-28.237
swarm_103_16.pdb	0.0176991	23.202	38.608	-28.392
swarm_6_60.pdb	0	24.551	49.814	-28.456
swarm_65_163.pdb	0	24.989	52.944	-28.634
swarm_31_36.pdb	0	20.704	57.720	-28.704
swarm_85_182.pdb	0	19.706	53.805	-28.758
swarm_106_60.pdb	0	25.410	49.976	-29.041
swarm_43_87.pdb	0	21.214	53.011	-29.084
swarm_55_103.pdb	0	17.480	50.449	-29.389
swarm_52_110.pdb	0	31.063	68.362	-29.573
swarm_107_158.pdb	0	21.702	58.477	-29.913
swarm_58_43.pdb	0.00884956	24.379	59.065	-29.938
swarm_39_155.pdb	0	30.857	57.175	-29.980
swarm_52_149.pdb	0	23.918	59.398	-30.323
swarm_85_148.pdb	0	26.165	63.651	-30.384
swarm_74_167.pdb	0	28.964	67.831	-30.458
swarm_63_29.pdb	0	30.801	65.162	-30.555
swarm_28_17.pdb	0	20.228	58.570	-30.856
swarm_85_38.pdb	0	22.770	60.345	-30.993
swarm_66_55.pdb	0	24.415	43.122	-31.120
swarm_52_132.pdb	0	24.619	63.517	-31.131
swarm_45_70.pdb	0	26.632	58.126	-31.532
swarm_86_130.pdb	0	20.151	62.532	-31.544
swarm_85_121.pdb	0	23.423	62.979	-31.628
swarm_93_66.pdb	0	28.890	55.794	-31.667
swarm_42_100.pdb	0	31.776	64.071	-32.157
swarm_9_79.pdb	0	23.605	52.771	-32.533
swarm_65_38.pdb	0	28.643	54.140	-32.622
swarm_22_165.pdb	0	23.906	38.784	-32.769
swarm_42_155.pdb	0	28.277	56.413	-33.126
swarm_68_135.pdb	0	27.775	54.646	-33.266
swarm_117_164.pdb	0	27.297	50.985	-33.355
swarm_39_149.pdb	0	33.592	63.965	-33.621
swarm_85_178.pdb	0	28.700	65.018	-33.882
swarm_109_48.pdb	0.0530973	27.480	47.230	-34.240
swarm_34_103.pdb	0	22.357	53.180	-34.254
swarm_45_173.pdb	0	29.124	63.246	-34.381
swarm_106_77.pdb	0	17.791	43.959	-34.487
swarm_86_87.pdb	0	31.102	62.352	-34.631
swarm_113_92.pdb	0	12.578	29.882	-35.405
swarm_58_163.pdb	0	28.183	54.954	-35.744
swarm_117_32.pdb	0.00884956	27.121	51.756	-35.853
swarm_106_170.pdb	0	30.518	62.273	-35.858
swarm_76_11.pdb	0	28.851	54.449	-35.971
swarm_72_141.pdb	0	26.822	54.349	-36.632
swarm_51_133.pdb	0	30.242	58.131	-36.681
swarm_32_155.pdb	0	24.813	51.366	-36.901
swarm_71_67.pdb	0	31.437	61.378	-37.969
swarm_52_103.pdb	0	23.218	58.125	-38.094
swarm_50_29.pdb	0	31.728	65.155	-38.334
swarm_76_72.pdb	0	25.617	50.241	-39.270
swarm_32_169.pdb	0	24.854	53.858	-39.386
swarm_45_17.pdb	0	31.177	60.221	-39.399
swarm_87_5.pdb	0	18.184	50.390	-39.685
swarm_31_197.pdb	0	27.722	63.228	-40.115
swarm_22_155.pdb	0.00884956	22.615	36.992	-40.564
swarm_28_43.pdb	0	29.108	62.308	-40.566
swarm_61_43.pdb	0.0176991	27.035	63.062	-40.857
swarm_122_147.pdb	0	27.640	55.666	-41.118
swarm_23_81.pdb	0	24.947	41.286	-41.167
swarm_86_10.pdb	0	33.041	65.514	-41.269
swarm_49_71.pdb	0	27.107	55.988	-42.012
swarm_16_0.pdb	0	17.204	43.523	-42.058
swarm_18_5.pdb	0.0265487	18.091	36.789	-42.266
swarm_52_67.pdb	0	32.220	63.246	-42.524
swarm_16_99.pdb	0	26.602	45.831	-42.842
swarm_51_54.pdb	0	27.710	61.345	-43.469
swarm_78_119.pdb	0	24.816	43.276	-43.505
swarm_106_182.pdb	0	20.600	48.983	-43.708
swarm_113_192.pdb	0	21.413	34.137	-45.252
swarm_23_170.pdb	0.0265487	16.966	31.907	-45.355
swarm_8_107.pdb	0	28.088	52.999	-45.514
swarm_83_35.pdb	0	22.893	43.353	-45.700
swarm_112_132.pdb	0	19.237	42.216	-46.370
swarm_87_121.pdb	0	25.847	54.022	-47.338
swarm_9_113.pdb	0.0530973	21.247	51.772	-47.486
swarm_6_61.pdb	0	22.956	54.431	-48.321
swarm_20_184.pdb	0	24.268	43.883	-48.898
swarm_42_190.pdb	0.00884956	19.864	57.785	-49.257
swarm_85_131.pdb	0	22.179	59.428	-49.334
swarm_50_190.pdb	0	31.147	69.569	-49.479
swarm_105_192.pdb	0	24.721	47.845	-49.548
swarm_93_107.pdb	0	29.073	62.665	-50.642
swarm_93_58.pdb	0	27.412	62.343	-51.157
swarm_122_95.pdb	0	15.660	47.261	-51.194
swarm_58_52.pdb	0	15.168	45.236	-51.338
swarm_6_104.pdb	0	27.204	48.678	-51.731
swarm_20_107.pdb	0.0176991	26.076	45.997	-51.869
swarm_15_90.pdb	0	18.582	42.417	-53.394
swarm_28_61.pdb	0	28.880	56.612	-54.058
swarm_73_136.pdb	0	23.981	48.399	-54.349
swarm_95_86.pdb	0	28.382	55.714	-55.442
swarm_70_124.pdb	0	25.853	47.562	-56.448
swarm_89_119.pdb	0.00884956	23.874	46.630	-56.475
swarm_2_48.pdb	0	17.973	41.083	-57.380
swarm_62_187.pdb	0	24.431	45.607	-58.301
swarm_75_172.pdb	0.00884956	28.633	61.603	-58.536
swarm_11_41.pdb	0	20.897	31.630	-59.219
swarm_24_16.pdb	0	23.256	56.370	-59.246
swarm_86_90.pdb	0	27.970	58.763	-60.716
swarm_84_57.pdb	0	28.661	56.594	-61.049
swarm_27_90.pdb	0	15.997	31.707	-61.356
swarm_85_24.pdb	0.00884956	27.665	61.682	-61.562
swarm_6_49.pdb	0	25.263	47.096	-64.185
swarm_91_135.pdb	0	20.090	37.063	-67.645
swarm_63_67.pdb	0	26.946	55.009	-69.612
swarm_100_32.pdb	0.0442478	18.830	34.698	-73.585
swarm_15_18.pdb	0	22.606	47.960	-75.936
swarm_56_107.pdb	0	19.855	41.313	-76.461
swarm_72_182.pdb	0	27.548	60.469	-78.858
swarm_83_143.pdb	0	19.717	35.171	-79.114
swarm_32_187.pdb	0	28.046	53.235	-79.466
swarm_10_126.pdb	0.0176991	29.538	51.653	-80.257
swarm_25_58.pdb	0.00884956	13.424	38.046	-81.985
swarm_96_29.pdb	0	23.660	40.091	-82.660
swarm_122_104.pdb	0	15.283	45.066	-95.117
swarm_36_184.pdb	0	21.717	48.036	-95.148
swarm_93_123.pdb	0	22.891	48.833	-95.288
swarm_105_62.pdb	0	26.482	51.282	-96.480
swarm_16_73.pdb	0	24.698	45.344	-97.788
swarm_118_36.pdb	0	24.137	45.785	-101.925
swarm_17_60.pdb	0	26.411	46.760	-102.367
swarm_39_147.pdb	0	25.021	48.042	-104.905
swarm_22_58.pdb	0.0442478	11.810	22.141	-108.728
swarm_52_63.pdb	0	29.636	56.725	-110.142
swarm_62_81.pdb	0	21.487	50.293	-111.643
swarm_16_160.pdb	0.0265487	20.218	48.958	-112.855
swarm_51_143.pdb	0.00884956	20.757	56.536	-114.499
swarm_107_104.pdb	0	28.206	59.647	-114.987
swarm_94_149.pdb	0	26.088	43.768	-120.648
swarm_8_50.pdb	0	26.172	53.581	-121.734
swarm_71_90.pdb	0	25.132	48.799	-127.787
swarm_45_188.pdb	0	31.575	59.230	-132.112
swarm_54_35.pdb	0.0619469	17.280	41.036	-136.958
swarm_10_12.pdb	0.00884956	28.435	53.190	-141.355
swarm_115_151.pdb	0	29.985	63.161	-150.414
swarm_2_150.pdb	0	21.820	38.496	-176.696
swarm_52_195.pdb	0	21.939	54.929	-188.303
swarm_10_169.pdb	0	21.967	43.277	-207.072
swarm_18_67.pdb	0	21.123	46.205	-219.765
swarm_89_124.pdb	0.00884956	24.869	48.302	-226.634
swarm_19_71.pdb	0	17.737	36.830	-257.179
swarm_118_54.pdb	0.0176991	20.565	44.065	-273.234
