1k4c_83w.pdb	0.0606061	12.392	42.021	-199.2964
1k4c_100w.pdb	0.0606061	9.08	34.826	-178.9577
1k4c_98w.pdb	0.0757576	11.333	33.523	-141.36141
1k4c_76w.pdb	0.030303	8.146	41.371	-137.7916
1k4c_75w.pdb	0.757576	1.519	8.641	-136.6346
1k4c_86w.pdb	0.5	2.63	16.551	-133.83097
1k4c_34w.pdb	0.030303	12.729	42.412	-124.4315
1k4c_45w.pdb	0.0606061	7.049	40.621	-123.7252
1k4c_24w.pdb	0.0909091	4.592	40.028	-121.73505
1k4c_51w.pdb	0.712121	1.466	10.515	-121.0071
1k4c_90w.pdb	0.0757576	5.28	45.282	-119.8124
1k4c_50w.pdb	0.0909091	5.157	42.031	-119.3328
1k4c_29w.pdb	0.106061	5.337	38.872	-116.4261
1k4c_65w.pdb	0.0151515	12.266	38.459	-115.4381
1k4c_47w.pdb	0.0757576	6.694	33.241	-114.11006
1k4c_74w.pdb	0.0606061	5.464	41.647	-112.8779
1k4c_61w.pdb	0.0151515	11.441	23.386	-111.0736
1k4c_89w.pdb	0.0757576	5.437	45.247	-110.3996
1k4c_71w.pdb	0.0757576	12.619	39.96	-108.0736
1k4c_95w.pdb	0.19697	4.6	45.754	-107.2006
1k4c_59w.pdb	0.106061	4.448	37.971	-105.1419
1k4c_6w.pdb	0.0454545	5.403	28.033	-104.74528
1k4c_48w.pdb	0.0909091	5.645	46.389	-102.3574
1k4c_64w.pdb	0.0454545	5.998	35.283	-101.8735
1k4c_97w.pdb	0.0606061	6.754	43.089	-101.0698
1k4c_30w.pdb	0.121212	12.741	29.341	-100.07224
1k4c_42w.pdb	0.0606061	11.143	28.365	-100.0037
1k4c_41w.pdb	0.106061	4.706	34.621	-99.9709
1k4c_37w.pdb	0.0757576	11.355	46.951	-99.49728
1k4c_10w.pdb	0.0606061	6.203	38.938	-98.682
1k4c_79w.pdb	0.030303	9.593	39.49	-98.5346
1k4c_35w.pdb	0.0909091	4.579	42.64	-96.762
1k4c_56w.pdb	0.0757576	12.429	33.416	-96.49162
1k4c_43w.pdb	0.606061	1.5	3.94	-95.51505
1k4c_53w.pdb	0.0454545	5.951	46.702	-94.7411
1k4c_36w.pdb	0.0606061	5.979	36.904	-94.7116
1k4c_25w.pdb	0.0	12.33	34.045	-94.46689
1k4c_31w.pdb	0.0909091	6.353	25.425	-94.38313
1k4c_40w.pdb	0.469697	2.235	12.094	-94.00797
1k4c_60w.pdb	0.409091	2.368	19.444	-93.37917
1k4c_15w.pdb	0.030303	12.567	39.047	-92.97745
1k4c_69w.pdb	0.0757576	12.136	31.18	-92.5873
1k4c_99w.pdb	0.030303	7.223	27.465	-92.3489
1k4c_58w.pdb	0.0151515	13.288	32.502	-92.09176
1k4c_38w.pdb	0.030303	12.194	36.221	-91.5186
1k4c_94w.pdb	0.0	13.83	32.523	-90.54506
1k4c_84w.pdb	0.0454545	12.426	36.643	-89.31217
1k4c_82w.pdb	0.0606061	5.496	45.96	-88.6574
1k4c_20w.pdb	0.030303	13.624	30.54	-87.60819
1k4c_72w.pdb	0.0	12.692	34.427	-87.33176
1k4c_23w.pdb	0.0	12.989	39.566	-87.20008
1k4c_77w.pdb	0.0	12.384	40.807	-87.19642
1k4c_63w.pdb	0.166667	4.464	27.955	-83.60996
1k4c_73w.pdb	0.030303	6.199	33.827	-82.88717
1k4c_16w.pdb	0.0	6.55	42.184	-82.4557
1k4c_87w.pdb	0.030303	7.881	41.393	-81.3662
1k4c_62w.pdb	0.0757576	11.274	31.279	-80.85198
1k4c_19w.pdb	0.0151515	8.231	28.227	-80.68658
1k4c_11w.pdb	0.0606061	5.098	45.832	-80.56841
1k4c_57w.pdb	0.0151515	6.459	38.559	-79.8369
1k4c_88w.pdb	0.0757576	5.516	45.756	-78.4688
1k4c_4w.pdb	0.0757576	8.815	23.546	-78.32098
1k4c_93w.pdb	0.0	9.864	30.788	-78.163
1k4c_85w.pdb	0.151515	4.127	33.45	-77.36676
1k4c_52w.pdb	0.030303	6.432	32.934	-76.981647
1k4c_81w.pdb	0.030303	5.934	27.015	-76.95423
1k4c_28w.pdb	0.106061	11.482	27.874	-76.859
1k4c_21w.pdb	0.0454545	7.965	38.404	-76.318
1k4c_39w.pdb	0.0	14.925	37.568	-75.8689
1k4c_8w.pdb	0.0	10.037	32.497	-74.92846
1k4c_55w.pdb	0.0454545	12.943	34.977	-74.67452
1k4c_26w.pdb	0.0606061	4.673	38.884	-74.07662
1k4c_54w.pdb	0.0	8.713	39.366	-73.77616
1k4c_44w.pdb	0.166667	3.999	33.588	-71.9441
1k4c_80w.pdb	0.0454545	9.059	40.583	-71.2041
1k4c_18w.pdb	0.0909091	7.73	30.245	-70.4219
1k4c_22w.pdb	0.0606061	11.475	33.42	-68.92159
1k4c_78w.pdb	0.030303	6.895	33.448	-66.841
1k4c_5w.pdb	0.348485	2.371	13.25	-65.72081
1k4c_32w.pdb	0.0909091	13.39	30.639	-64.65863
1k4c_68w.pdb	0.0151515	8.66	41.335	-62.1548
1k4c_49w.pdb	0.106061	7.004	22.489	-60.79655
1k4c_70w.pdb	0.030303	5.767	35.41	-60.40901
1k4c_14w.pdb	0.0606061	7.565	17.755	-60.337019
1k4c_2w.pdb	0.0606061	9.564	27.956	-55.101893
1k4c_7w.pdb	0.287879	2.821	17.889	-54.27361
1k4c_33w.pdb	0.0151515	8.406	29.83	-52.96451
1k4c_12w.pdb	0.0151515	5.781	38.726	-49.9345
1k4c_66w.pdb	0.030303	13.015	36.445	-49.85995
1k4c_27w.pdb	0.0757576	12.977	33.248	-46.38948
1k4c_1w.pdb	0.030303	5.279	40.348	-44.64522
1k4c_67w.pdb	0.0151515	8.357	42.074	-44.30568
1k4c_13w.pdb	0.0454545	8.458	39.323	-44.2311
1k4c_9w.pdb	0.0151515	12.503	37.24	-42.97829
1k4c_96w.pdb	0.0606061	5.544	29.837	-38.0253
1k4c_46w.pdb	0.0	138.739	183.845	608.22734
1k4c_17w.pdb	0.0	150.987	151.13	1353.91224
1k4c_92w.pdb	0.0	140.275	143.661	2201737.18978
1k4c_91w.pdb	0.0	156.604	162.206	2350100.45962
1k4c_3w.pdb	0.0	8.711	24.939	2731777.2834
				
				
