3wxw_93w.pdb	0	17.485	65.452	-263.3956
3wxw_90w.pdb	0	17.580	66.223	-216.40296
3wxw_87w.pdb	0	16.467	67.139	-215.33906
3wxw_89w.pdb	0	17.184	67.163	-208.4494
3wxw_62w.pdb	0	17.892	65.619	-208.2646
3wxw_96w.pdb	0	15.239	63.141	-207.06978
3wxw_74w.pdb	0	17.005	68.067	-205.4025
3wxw_99w.pdb	0	18.873	67.406	-205.19934
3wxw_31w.pdb	0.0526316	10.473	50.020	-205.0642
3wxw_76w.pdb	0	15.549	65.577	-202.04492
3wxw_65w.pdb	0	16.676	67.125	-200.66324
3wxw_100w.pdb	0	16.622	66.296	-200.3344
3wxw_66w.pdb	0	16.086	65.528	-199.8985
3wxw_92w.pdb	0	16.941	67.038	-197.6061
3wxw_91w.pdb	0	15.087	64.763	-194.85602
3wxw_84w.pdb	0	11.623	55.284	-193.84078
3wxw_51w.pdb	0.0526316	10.618	51.298	-192.73126
3wxw_72w.pdb	0	15.018	62.065	-192.17478
3wxw_43w.pdb	0	15.627	66.241	-191.85516
3wxw_49w.pdb	0	14.854	63.064	-190.49287
3wxw_22w.pdb	0	12.467	58.874	-187.91292
3wxw_68w.pdb	0	14.921	63.429	-187.87876
3wxw_82w.pdb	0	17.030	68.637	-186.7507
3wxw_80w.pdb	0.0175439	11.808	54.277	-184.84706
3wxw_37w.pdb	0	12.158	56.704	-184.72546
3wxw_81w.pdb	0	15.447	66.070	-184.43792
3wxw_24w.pdb	0	10.606	50.816	-184.2862
3wxw_11w.pdb	0.0526316	10.402	49.667	-184.1048
3wxw_63w.pdb	0	11.403	54.211	-183.43944
3wxw_78w.pdb	0	14.587	62.392	-183.43052
3wxw_75w.pdb	0	11.527	54.158	-183.26516
3wxw_15w.pdb	0	12.370	58.086	-182.69048
3wxw_27w.pdb	0	9.044	47.339	-182.4056
3wxw_44w.pdb	0	19.488	70.176	-181.12872
3wxw_94w.pdb	0.0175439	10.630	48.916	-180.829336
3wxw_83w.pdb	0	11.639	55.177	-180.72592
3wxw_67w.pdb	0	12.522	58.887	-180.47542
3wxw_21w.pdb	0.0526316	10.254	49.628	-180.3603
3wxw_73w.pdb	0	19.493	71.670	-180.10462
3wxw_40w.pdb	0.0175439	10.747	54.487	-178.75362
3wxw_36w.pdb	0	19.255	70.216	-177.9978
3wxw_69w.pdb	0	19.323	69.355	-175.55912
3wxw_88w.pdb	0	19.320	69.336	-173.68282
3wxw_34w.pdb	0	19.281	69.556	-169.6321
3wxw_48w.pdb	0	14.511	62.464	-167.97064
3wxw_33w.pdb	0	19.373	69.607	-166.96726
3wxw_23w.pdb	0	8.981	47.311	-166.8793
3wxw_18w.pdb	0.0526316	9.764	48.166	-166.53634
3wxw_85w.pdb	0	18.816	70.279	-166.46128
3wxw_1w.pdb	0.0526316	10.388	49.178	-164.90734
3wxw_50w.pdb	0.0350877	10.692	49.202	-164.8899
3wxw_57w.pdb	0	11.060	51.309	-164.4706
3wxw_53w.pdb	0	10.609	51.653	-162.2334
3wxw_54w.pdb	0	15.831	67.634	-160.76564
3wxw_60w.pdb	0	8.885	47.959	-159.30674
3wxw_14w.pdb	0	16.829	69.562	-158.3044
3wxw_19w.pdb	0	19.666	72.015	-156.20872
3wxw_79w.pdb	0	19.301	70.494	-155.73392
3wxw_86w.pdb	0	19.427	71.460	-152.672
3wxw_58w.pdb	0	17.961	67.946	-152.62604
3wxw_13w.pdb	0	12.100	53.908	-149.0093
3wxw_5w.pdb	0	13.923	63.347	-146.4532
3wxw_42w.pdb	0	17.342	69.248	-146.00226
3wxw_47w.pdb	0	16.915	67.455	-145.2692
3wxw_52w.pdb	0	12.997	62.007	-144.0335
3wxw_30w.pdb	0	14.888	67.304	-144.0076
3wxw_77w.pdb	0	16.938	67.232	-142.82382
3wxw_28w.pdb	0	13.801	62.655	-142.247358
3wxw_32w.pdb	0	14.339	66.146	-141.58762
3wxw_98w.pdb	0	17.026	68.044	-141.49105
3wxw_9w.pdb	0	15.756	68.912	-139.5177
3wxw_39w.pdb	0	8.329	46.121	-139.31954
3wxw_29w.pdb	0	11.586	49.836	-139.01186
3wxw_41w.pdb	0	17.238	68.337	-138.50638
3wxw_95w.pdb	0	16.739	68.717	-137.45832
3wxw_17w.pdb	0	15.637	68.491	-136.4625
3wxw_4w.pdb	0	19.576	71.596	-136.39348
3wxw_71w.pdb	0	13.247	61.843	-136.3242
3wxw_64w.pdb	0	17.494	67.839	-135.80946
3wxw_25w.pdb	0	14.846	64.829	-134.39064
3wxw_20w.pdb	0	14.246	65.218	-131.9863
3wxw_8w.pdb	0	14.506	64.836	-131.79102
3wxw_16w.pdb	0	14.388	65.994	-131.48662
3wxw_2w.pdb	0	14.003	64.392	-130.66626
3wxw_38w.pdb	0	14.433	66.002	-129.60792
3wxw_10w.pdb	0	14.604	66.075	-128.2643
3wxw_61w.pdb	0	17.934	69.396	-128.14104
3wxw_46w.pdb	0	15.547	68.277	-120.80887
3wxw_12w.pdb	0	14.742	66.690	-120.79162
3wxw_35w.pdb	0	14.711	66.341	-120.7607
3wxw_7w.pdb	0	14.570	66.068	-120.0901
3wxw_56w.pdb	0	14.330	65.613	-115.61362
3wxw_45w.pdb	0	14.400	65.306	-113.59556
3wxw_26w.pdb	0	12.493	56.173	-112.63948
3wxw_3w.pdb	0	13.796	64.287	-111.35136
3wxw_6w.pdb	0	14.348	65.817	-106.58144
3wxw_70w.pdb	0	14.560	66.575	-99.08656
3wxw_55w.pdb	0	19.528	70.448	1288.72888
3wxw_59w.pdb	0	15.007	64.418	1386.55424
3wxw_97w.pdb	0	14.983	64.100	1404.71152
				
				
