swarm_12_107.pdb	0.596491	2.771	6.843	27.289
swarm_32_196.pdb	0.0701754	5.139	15.306	27.284
swarm_34_27.pdb	0.526316	2.938	7.076	27.121
swarm_66_153.pdb	0.578947	2.626	7.608	26.473
swarm_26_62.pdb	0	4.867	14.975	24.812
swarm_38_85.pdb	0.0350877	6.295	22.406	24.725
swarm_43_112.pdb	0	6.263	23.763	24.310
swarm_7_100.pdb	0	6.713	22.566	24.306
swarm_10_66.pdb	0	6.482	19.896	24.140
swarm_18_69.pdb	0.0175439	7.916	14.580	24.123
swarm_3_167.pdb	0.105263	5.654	22.537	24.026
swarm_6_134.pdb	0	6.464	20.958	23.879
swarm_29_192.pdb	0	13.483	39.380	23.488
swarm_27_171.pdb	0	5.619	11.484	23.150
swarm_33_52.pdb	0	8.160	21.828	22.946
swarm_45_145.pdb	0.0701754	6.130	24.861	22.797
swarm_4_73.pdb	0	7.642	14.597	22.703
swarm_68_117.pdb	0.0877193	5.919	23.786	22.700
swarm_10_122.pdb	0	6.545	11.236	22.277
swarm_40_124.pdb	0	13.265	36.901	22.261
swarm_66_38.pdb	0.403509	2.528	10.410	22.108
swarm_54_187.pdb	0	12.733	37.919	22.019
swarm_44_51.pdb	0	12.712	37.684	21.926
swarm_17_67.pdb	0	7.571	19.559	21.825
swarm_33_122.pdb	0	8.081	16.755	21.822
swarm_8_9.pdb	0	8.035	26.899	21.692
swarm_46_108.pdb	0	13.076	37.998	21.661
swarm_19_133.pdb	0	8.302	15.990	21.541
swarm_36_152.pdb	0	12.062	34.309	21.350
swarm_22_181.pdb	0	13.020	33.901	21.187
swarm_58_18.pdb	0	8.290	20.942	21.167
swarm_49_76.pdb	0	13.511	34.419	20.585
swarm_4_74.pdb	0	7.864	25.927	20.583
swarm_35_101.pdb	0	9.320	16.958	20.509
swarm_33_58.pdb	0	5.424	13.367	20.497
swarm_47_139.pdb	0	14.199	38.129	20.318
swarm_22_148.pdb	0	11.582	35.010	20.180
swarm_17_171.pdb	0.0350877	5.870	11.204	20.138
swarm_20_119.pdb	0.0175439	8.342	32.059	20.096
swarm_35_3.pdb	0	7.541	28.485	20.074
swarm_19_17.pdb	0.0175439	6.521	27.928	20.029
swarm_68_147.pdb	0.0701754	5.085	9.803	19.982
swarm_48_161.pdb	0	15.108	39.898	19.882
swarm_2_47.pdb	0.263158	2.647	12.673	19.832
swarm_5_0.pdb	0.0526316	7.596	29.493	19.670
swarm_19_50.pdb	0	10.750	23.359	19.662
swarm_52_52.pdb	0	8.039	29.899	19.629
swarm_23_179.pdb	0.157895	4.407	12.712	19.442
swarm_8_78.pdb	0	7.810	19.803	19.411
swarm_35_134.pdb	0	10.987	24.645	19.292
swarm_39_33.pdb	0	12.854	32.736	19.113
swarm_25_81.pdb	0	11.810	38.462	19.002
swarm_7_186.pdb	0	10.631	19.645	18.892
swarm_18_136.pdb	0.0175439	5.516	20.055	18.733
swarm_10_70.pdb	0.0701754	7.403	17.066	18.637
swarm_4_87.pdb	0	6.299	23.346	18.386
swarm_0_44.pdb	0.0701754	5.198	8.391	18.355
swarm_66_92.pdb	0.0701754	7.818	17.582	18.344
swarm_65_26.pdb	0	16.292	45.149	18.283
swarm_33_194.pdb	0	11.544	20.201	17.940
swarm_67_19.pdb	0.192982	5.066	21.081	17.852
swarm_34_25.pdb	0.192982	5.467	18.886	17.800
swarm_18_61.pdb	0	10.711	20.297	17.707
swarm_9_61.pdb	0	8.530	22.162	17.685
swarm_59_184.pdb	0	12.118	28.093	17.657
swarm_60_173.pdb	0	15.440	37.942	17.633
swarm_54_40.pdb	0	15.822	43.914	17.588
swarm_7_162.pdb	0	8.777	19.103	17.548
swarm_15_40.pdb	0	10.940	23.577	17.535
swarm_4_150.pdb	0.0175439	5.485	16.473	17.469
swarm_24_49.pdb	0	13.871	38.813	17.423
swarm_34_72.pdb	0	10.425	15.552	17.299
swarm_9_47.pdb	0	8.642	32.414	17.273
swarm_35_92.pdb	0	7.466	30.086	17.230
swarm_36_4.pdb	0	11.137	25.945	17.025
swarm_29_148.pdb	0	11.571	26.550	16.818
swarm_64_44.pdb	0	7.920	32.218	16.791
swarm_6_121.pdb	0	7.153	29.203	16.724
swarm_41_96.pdb	0	12.626	42.013	16.664
swarm_27_88.pdb	0	9.141	17.330	16.529
swarm_9_6.pdb	0	11.970	35.556	16.484
swarm_35_133.pdb	0	5.683	21.021	16.474
swarm_16_85.pdb	0	14.109	37.971	16.440
swarm_38_154.pdb	0	8.605	31.529	16.389
swarm_35_67.pdb	0	12.800	25.544	16.384
swarm_16_179.pdb	0	12.224	35.951	16.379
swarm_21_89.pdb	0	8.946	30.374	16.373
swarm_48_177.pdb	0	14.678	38.987	16.335
swarm_50_193.pdb	0	15.201	39.555	16.327
swarm_22_199.pdb	0	11.517	26.937	16.282
swarm_15_88.pdb	0	12.305	20.601	16.207
swarm_39_83.pdb	0	10.656	26.226	16.175
swarm_26_110.pdb	0	12.471	23.624	15.968
swarm_47_101.pdb	0	11.943	34.075	15.859
swarm_5_53.pdb	0	12.466	33.045	15.843
swarm_25_65.pdb	0	12.245	35.453	15.842
swarm_52_55.pdb	0	9.026	31.590	15.796
swarm_67_161.pdb	0.122807	7.226	31.501	15.708
swarm_64_40.pdb	0	12.462	45.522	15.640
swarm_10_160.pdb	0	10.069	17.836	15.631
swarm_54_51.pdb	0	15.480	37.199	15.537
swarm_36_2.pdb	0.0175439	7.599	17.390	15.499
swarm_7_7.pdb	0	5.992	23.677	15.404
swarm_14_29.pdb	0	14.177	40.179	15.329
swarm_29_55.pdb	0	14.199	35.207	15.315
swarm_13_161.pdb	0	12.631	37.116	15.309
swarm_30_135.pdb	0	13.413	45.090	15.258
swarm_64_15.pdb	0	13.154	37.405	15.182
swarm_30_45.pdb	0	14.242	37.255	15.129
swarm_13_171.pdb	0	11.974	40.499	15.105
swarm_8_26.pdb	0	7.343	32.972	15.102
swarm_20_133.pdb	0	11.244	42.790	14.938
swarm_37_10.pdb	0	15.541	39.192	14.874
swarm_15_65.pdb	0	10.052	32.430	14.873
swarm_16_176.pdb	0	11.494	24.558	14.841
swarm_51_188.pdb	0	15.813	43.725	14.811
swarm_27_154.pdb	0.0175439	7.771	17.772	14.720
swarm_31_59.pdb	0	13.618	43.376	14.711
swarm_6_83.pdb	0	9.136	22.470	14.672
swarm_22_91.pdb	0	15.061	37.210	14.646
swarm_9_153.pdb	0	12.248	35.175	14.620
swarm_34_68.pdb	0.0350877	6.824	10.231	14.533
swarm_38_145.pdb	0	6.647	32.515	14.517
swarm_20_77.pdb	0	8.197	30.139	14.515
swarm_62_156.pdb	0	16.441	47.988	14.362
swarm_60_85.pdb	0	16.813	49.068	14.292
swarm_59_22.pdb	0	14.897	38.296	14.136
swarm_47_65.pdb	0	15.233	42.498	14.049
swarm_39_186.pdb	0	13.702	30.213	14.031
swarm_7_193.pdb	0	8.185	19.784	14.016
swarm_48_50.pdb	0	14.931	44.182	13.990
swarm_28_194.pdb	0.0175439	7.076	33.027	13.912
swarm_38_40.pdb	0	9.654	27.139	13.864
swarm_62_10.pdb	0	17.528	39.382	13.456
swarm_21_116.pdb	0	10.533	42.723	13.321
swarm_12_175.pdb	0.0701754	6.398	12.225	13.298
swarm_51_8.pdb	0	17.280	49.567	13.230
swarm_61_40.pdb	0	18.026	47.477	13.185
swarm_42_28.pdb	0	14.588	45.322	13.057
swarm_1_44.pdb	0.122807	5.415	19.135	12.814
swarm_6_174.pdb	0	11.816	19.227	12.790
swarm_12_140.pdb	0.105263	4.614	15.237	12.768
swarm_45_72.pdb	0	11.397	23.145	12.673
swarm_45_196.pdb	0.0175439	13.278	38.828	12.648
swarm_11_99.pdb	0	12.153	48.878	12.492
swarm_7_142.pdb	0	11.847	23.722	12.482
swarm_0_130.pdb	0.0526316	8.750	20.609	12.460
swarm_54_185.pdb	0	14.339	36.553	12.427
swarm_41_144.pdb	0	15.709	37.452	12.415
swarm_11_72.pdb	0	11.840	44.898	12.414
swarm_28_153.pdb	0	13.765	35.985	12.261
swarm_20_97.pdb	0	14.331	36.993	12.256
swarm_14_177.pdb	0	12.381	46.076	12.216
swarm_68_74.pdb	0.0175439	7.935	17.621	12.100
swarm_2_104.pdb	0.0701754	7.509	22.016	12.008
swarm_8_50.pdb	0	11.495	29.909	11.983
swarm_36_1.pdb	0	12.234	34.373	11.818
swarm_57_100.pdb	0	17.401	45.436	11.793
swarm_5_24.pdb	0	8.392	31.781	11.786
swarm_36_15.pdb	0	13.001	28.373	11.759
swarm_32_116.pdb	0	9.767	25.850	11.714
swarm_56_157.pdb	0.175439	6.588	27.996	11.706
swarm_34_21.pdb	0.0877193	9.283	22.405	11.575
swarm_37_185.pdb	0	16.520	49.364	11.507
swarm_49_145.pdb	0	16.125	47.375	11.405
swarm_11_95.pdb	0	15.477	38.483	11.154
swarm_23_85.pdb	0.0877193	6.310	18.300	11.125
swarm_5_46.pdb	0	13.784	32.373	11.083
swarm_13_84.pdb	0	16.290	31.348	11.042
swarm_56_73.pdb	0.0877193	5.416	18.457	10.945
swarm_53_183.pdb	0	15.391	38.468	10.805
swarm_66_143.pdb	0.0175439	10.775	26.803	10.778
swarm_63_83.pdb	0	16.476	49.572	10.708
swarm_45_112.pdb	0	10.795	22.113	10.539
swarm_46_155.pdb	0	14.323	40.143	10.405
swarm_22_131.pdb	0	11.312	27.562	10.381
swarm_5_82.pdb	0.0175439	11.395	39.657	10.355
swarm_13_123.pdb	0	11.646	46.725	10.268
swarm_32_19.pdb	0.0175439	7.844	28.788	10.089
swarm_41_30.pdb	0	16.817	36.474	9.982
swarm_17_111.pdb	0.0877193	6.997	23.130	9.981
swarm_0_191.pdb	0.0175439	5.519	15.720	9.976
swarm_52_70.pdb	0	13.950	30.573	9.973
swarm_67_158.pdb	0.0526316	7.353	18.301	9.908
swarm_34_155.pdb	0	15.620	29.742	9.754
swarm_55_12.pdb	0	15.448	39.530	9.451
swarm_42_23.pdb	0	17.204	53.499	9.273
swarm_23_128.pdb	0.122807	5.959	25.950	9.264
swarm_1_29.pdb	0.0877193	6.235	19.604	9.240
swarm_15_50.pdb	0	8.891	36.303	9.180
swarm_40_160.pdb	0	15.245	39.767	9.086
swarm_28_120.pdb	0.0526316	7.255	33.563	8.919
swarm_2_30.pdb	0.122807	8.012	23.974	8.766
swarm_16_99.pdb	0	16.256	28.115	8.726
swarm_65_103.pdb	0	15.387	58.178	8.690
swarm_53_176.pdb	0	14.183	40.975	8.668
swarm_23_140.pdb	0	13.026	23.313	8.666
swarm_56_30.pdb	0.0350877	9.112	23.051	8.659
swarm_3_88.pdb	0.0175439	10.470	40.282	8.455
swarm_3_66.pdb	0.0175439	8.347	36.762	8.434
swarm_22_159.pdb	0	10.586	35.154	8.396
swarm_13_93.pdb	0	12.456	38.355	8.374
swarm_37_161.pdb	0	16.104	45.767	8.314
swarm_58_148.pdb	0	12.069	34.227	8.302
swarm_9_73.pdb	0	14.919	24.676	8.271
swarm_45_11.pdb	0	7.628	30.763	8.194
swarm_60_107.pdb	0	15.720	46.244	8.144
swarm_3_96.pdb	0.0350877	8.871	34.380	8.110
swarm_63_199.pdb	0	17.414	43.645	8.067
swarm_54_17.pdb	0	12.927	44.954	8.023
swarm_21_167.pdb	0	13.605	30.080	7.958
swarm_67_64.pdb	0.140351	7.257	27.264	7.825
swarm_45_162.pdb	0	13.094	25.344	7.533
swarm_26_111.pdb	0.157895	7.111	31.445	7.527
swarm_43_152.pdb	0	11.636	26.990	7.384
swarm_67_169.pdb	0	9.628	28.710	7.349
swarm_0_84.pdb	0	12.560	26.583	7.271
swarm_5_65.pdb	0	9.069	41.884	7.123
swarm_67_116.pdb	0.105263	11.848	36.797	7.010
swarm_23_144.pdb	0	15.865	26.559	6.874
swarm_26_118.pdb	0	7.260	25.485	6.777
swarm_37_17.pdb	0	13.265	46.940	6.771
swarm_43_4.pdb	0	7.202	35.172	6.694
swarm_58_72.pdb	0	7.848	37.588	6.499
swarm_12_29.pdb	0.0175439	9.279	27.103	6.234
swarm_20_127.pdb	0	11.934	46.574	6.068
swarm_28_115.pdb	0	14.878	28.811	6.028
swarm_3_89.pdb	0.0877193	5.706	25.893	5.797
swarm_19_56.pdb	0	10.468	22.508	5.775
swarm_63_148.pdb	0	17.137	52.264	5.758
swarm_68_187.pdb	0	14.482	22.664	5.706
swarm_28_43.pdb	0	10.164	44.467	5.703
swarm_65_168.pdb	0	17.529	50.656	5.394
swarm_26_137.pdb	0	8.768	29.159	5.332
swarm_3_157.pdb	0	10.758	24.631	5.142
swarm_32_126.pdb	0	17.897	31.009	4.883
swarm_55_88.pdb	0	19.857	54.401	4.196
swarm_12_132.pdb	0.210526	4.374	16.433	4.173
swarm_11_176.pdb	0	9.639	39.453	4.067
swarm_61_105.pdb	0	17.097	50.804	4.064
swarm_56_139.pdb	0	10.842	32.116	3.880
swarm_20_98.pdb	0	13.681	34.391	3.854
swarm_57_99.pdb	0	15.780	45.168	3.747
swarm_3_86.pdb	0	14.516	23.271	3.641
swarm_4_117.pdb	0	11.882	20.174	3.624
swarm_1_3.pdb	0.0350877	10.847	28.298	3.543
swarm_43_169.pdb	0	9.206	27.914	3.489
swarm_14_26.pdb	0	20.069	43.008	3.485
swarm_13_77.pdb	0	12.282	48.802	3.114
swarm_27_67.pdb	0.0526316	8.563	18.813	3.015
swarm_14_178.pdb	0	12.542	49.589	2.777
swarm_60_30.pdb	0	12.192	46.584	2.454
swarm_40_54.pdb	0	14.745	46.875	2.231
swarm_18_27.pdb	0	10.948	21.231	1.972
swarm_23_135.pdb	0.0350877	12.574	36.867	1.807
swarm_3_76.pdb	0	14.529	34.632	1.604
swarm_31_8.pdb	0	17.857	59.149	1.250
swarm_53_91.pdb	0	12.394	45.730	1.039
swarm_57_88.pdb	0	16.591	49.382	0.959
swarm_1_63.pdb	0	13.698	34.875	0.725
swarm_56_82.pdb	0.0526316	11.310	41.337	0.333
swarm_6_160.pdb	0	14.408	22.241	0.243
swarm_51_181.pdb	0	17.290	56.062	0.228
swarm_12_105.pdb	0	13.698	24.063	0.186
swarm_11_199.pdb	0	15.014	46.950	0.090
swarm_0_103.pdb	0.0526316	10.028	28.835	0.006
swarm_62_192.pdb	0	16.068	52.127	-0.074
swarm_31_111.pdb	0	13.609	50.952	-0.098
swarm_49_131.pdb	0	13.281	45.748	-0.308
swarm_5_155.pdb	0	14.738	31.578	-0.314
swarm_56_188.pdb	0.105263	7.329	28.582	-0.492
swarm_17_166.pdb	0	9.869	29.134	-0.643
swarm_0_195.pdb	0	16.083	37.497	-0.987
swarm_53_122.pdb	0	12.921	45.620	-1.126
swarm_0_148.pdb	0.0526316	10.062	31.240	-1.127
swarm_31_179.pdb	0	14.210	46.769	-1.174
swarm_64_30.pdb	0	12.131	53.970	-1.352
swarm_50_39.pdb	0	14.601	52.033	-1.498
swarm_31_151.pdb	0	16.756	39.914	-1.834
swarm_58_199.pdb	0	7.761	37.732	-2.076
swarm_67_47.pdb	0.0350877	8.720	16.423	-2.084
swarm_2_24.pdb	0.0526316	11.830	32.250	-2.241
swarm_59_161.pdb	0	10.653	45.273	-2.644
swarm_0_87.pdb	0	12.924	26.015	-2.810
swarm_31_31.pdb	0	13.333	53.413	-2.855
swarm_66_113.pdb	0.0350877	8.573	18.266	-2.890
swarm_12_44.pdb	0	13.795	31.889	-3.315
swarm_56_85.pdb	0.0350877	11.227	38.791	-3.687
swarm_56_21.pdb	0.122807	6.806	18.825	-3.715
swarm_58_27.pdb	0	11.990	34.947	-3.811
swarm_28_62.pdb	0	11.458	45.651	-4.096
swarm_37_69.pdb	0	18.225	40.644	-4.125
swarm_42_164.pdb	0	17.102	59.620	-4.777
swarm_67_101.pdb	0	12.836	21.013	-4.915
swarm_51_18.pdb	0	17.064	54.616	-5.062
swarm_52_88.pdb	0	8.670	43.830	-5.115
swarm_45_19.pdb	0	15.102	28.605	-5.621
swarm_63_130.pdb	0	18.312	53.999	-5.767
swarm_42_134.pdb	0	18.912	45.579	-6.043
swarm_62_153.pdb	0	15.803	50.983	-6.052
swarm_26_94.pdb	0.105263	5.318	16.676	-6.305
swarm_1_183.pdb	0	14.010	38.511	-6.306
swarm_57_50.pdb	0	19.695	56.523	-6.338
swarm_12_73.pdb	0	14.757	30.239	-6.556
swarm_55_66.pdb	0	15.572	47.135	-6.592
swarm_56_158.pdb	0.0526316	9.961	30.695	-6.853
swarm_18_13.pdb	0	7.760	21.445	-6.973
swarm_23_108.pdb	0	9.620	21.143	-7.169
swarm_67_151.pdb	0.0175439	12.501	29.396	-7.233
swarm_57_131.pdb	0	18.247	58.130	-7.255
swarm_26_182.pdb	0	9.772	35.418	-7.387
swarm_2_70.pdb	0.157895	10.127	31.124	-7.763
swarm_26_167.pdb	0.0350877	7.207	24.501	-7.950
swarm_2_166.pdb	0.0526316	9.783	35.120	-8.156
swarm_40_63.pdb	0	14.792	55.039	-8.342
swarm_21_138.pdb	0	14.073	25.054	-8.386
swarm_1_121.pdb	0	9.629	19.737	-8.439
swarm_1_197.pdb	0.0701754	8.347	31.943	-8.455
swarm_32_6.pdb	0	8.463	20.459	-8.563
swarm_1_11.pdb	0.0701754	9.960	38.214	-8.854
swarm_1_123.pdb	0	15.652	36.639	-9.383
swarm_23_61.pdb	0.0526316	12.100	30.724	-9.894
swarm_24_71.pdb	0	16.410	30.817	-10.027
swarm_68_63.pdb	0.0175439	13.468	22.087	-10.067
swarm_57_114.pdb	0	15.485	55.839	-10.234
swarm_1_132.pdb	0.0526316	9.252	36.343	-10.456
swarm_59_108.pdb	0	12.936	39.282	-10.716
swarm_5_28.pdb	0	15.466	27.419	-10.862
swarm_55_187.pdb	0	17.029	53.385	-10.871
swarm_0_132.pdb	0.0350877	12.324	38.705	-10.944
swarm_6_162.pdb	0	13.875	32.871	-11.056
swarm_11_130.pdb	0	13.692	49.338	-11.297
swarm_13_99.pdb	0	17.568	39.744	-11.621
swarm_0_80.pdb	0	13.267	37.790	-12.719
swarm_57_16.pdb	0	19.964	58.621	-12.804
swarm_34_178.pdb	0.0350877	14.326	25.101	-13.000
swarm_40_12.pdb	0	13.208	52.794	-13.017
swarm_49_7.pdb	0	15.657	42.567	-13.439
swarm_55_136.pdb	0	17.083	56.130	-13.790
swarm_55_174.pdb	0	16.214	57.014	-14.377
swarm_61_96.pdb	0	16.895	42.820	-14.421
swarm_63_43.pdb	0	15.236	58.761	-14.929
swarm_52_20.pdb	0	11.358	38.515	-15.257
swarm_12_60.pdb	0.0877193	9.258	34.919	-15.928
swarm_67_41.pdb	0.0175439	15.645	28.185	-16.244
swarm_8_7.pdb	0	14.153	23.861	-17.065
swarm_23_60.pdb	0	16.825	28.110	-17.102
swarm_55_158.pdb	0	14.785	56.634	-17.834
swarm_0_165.pdb	0	17.360	35.718	-20.178
swarm_64_47.pdb	0	13.101	44.189	-20.702
swarm_0_194.pdb	0	13.427	37.647	-22.015
swarm_44_158.pdb	0	14.279	32.396	-23.306
swarm_6_143.pdb	0	11.610	25.165	-23.721
swarm_1_171.pdb	0	12.601	34.654	-24.761
swarm_42_140.pdb	0	13.525	55.156	-25.562
swarm_23_33.pdb	0.157895	8.895	20.034	-25.869
swarm_61_122.pdb	0	17.003	43.623	-26.186
swarm_37_3.pdb	0	12.849	51.913	-26.722
swarm_0_156.pdb	0	18.207	35.929	-26.828
swarm_23_115.pdb	0.0350877	10.983	32.792	-27.035
swarm_12_141.pdb	0	9.353	18.953	-27.924
swarm_56_195.pdb	0.0175439	11.349	26.637	-28.271
swarm_67_75.pdb	0.0701754	9.316	34.197	-28.967
swarm_1_122.pdb	0	13.203	27.780	-29.147
swarm_51_20.pdb	0	16.725	55.117	-29.194
swarm_11_28.pdb	0	16.533	47.663	-30.868
swarm_36_39.pdb	0	12.141	41.804	-32.103
swarm_52_122.pdb	0	9.621	48.470	-32.824
swarm_5_71.pdb	0	10.708	29.216	-32.933
swarm_45_71.pdb	0.0175439	16.008	29.874	-33.039
swarm_66_157.pdb	0.0701754	10.053	30.708	-33.053
swarm_26_42.pdb	0.0526316	8.976	30.178	-33.224
swarm_11_40.pdb	0	18.183	39.202	-34.466
swarm_42_100.pdb	0	18.641	44.859	-34.491
swarm_2_175.pdb	0.0701754	8.692	30.954	-34.537
swarm_5_134.pdb	0	13.232	22.144	-35.285
swarm_66_48.pdb	0	13.707	31.216	-36.457
swarm_49_91.pdb	0	15.027	49.159	-36.995
swarm_36_56.pdb	0	10.635	37.169	-38.543
swarm_11_57.pdb	0	16.913	33.117	-38.636
swarm_45_42.pdb	0.0175439	14.793	39.204	-40.819
swarm_4_160.pdb	0	13.698	21.277	-40.969
swarm_68_185.pdb	0	11.817	28.527	-41.252
swarm_5_75.pdb	0	7.719	21.009	-41.702
swarm_56_160.pdb	0	12.053	25.160	-41.922
swarm_23_41.pdb	0	9.248	17.516	-42.223
swarm_42_38.pdb	0	14.881	51.214	-42.329
swarm_12_5.pdb	0.0175439	8.967	15.550	-42.534
swarm_4_24.pdb	0	14.093	24.258	-42.706
swarm_56_45.pdb	0.0701754	8.263	23.590	-42.869
swarm_14_182.pdb	0	14.527	56.824	-42.997
swarm_1_112.pdb	0	16.871	35.439	-43.755
swarm_60_154.pdb	0	13.728	51.001	-44.206
swarm_68_35.pdb	0.0175439	14.015	31.703	-44.246
swarm_1_59.pdb	0.0350877	11.941	38.853	-44.442
swarm_31_78.pdb	0	18.270	44.551	-44.983
swarm_29_99.pdb	0	12.956	35.524	-45.925
swarm_3_62.pdb	0	7.944	32.164	-47.077
swarm_66_121.pdb	0	13.417	30.886	-49.895
swarm_8_65.pdb	0	14.152	23.824	-50.191
swarm_49_50.pdb	0	14.039	53.290	-50.773
swarm_43_107.pdb	0.0877193	5.568	25.229	-51.741
swarm_27_70.pdb	0.508772	4.034	13.850	-54.054
swarm_44_126.pdb	0	12.244	47.852	-54.378
swarm_34_95.pdb	0.0526316	8.290	22.402	-54.762
swarm_14_103.pdb	0	11.828	49.007	-54.985
swarm_58_12.pdb	0.0175439	10.355	28.182	-55.331
swarm_28_91.pdb	0	13.267	40.099	-55.768
swarm_65_183.pdb	0	16.135	58.015	-56.889
swarm_3_121.pdb	0	9.892	30.393	-57.688
swarm_67_186.pdb	0.280702	6.982	33.211	-57.825
swarm_54_129.pdb	0	15.449	48.001	-59.621
swarm_5_83.pdb	0.0175439	6.926	34.260	-62.683
swarm_15_34.pdb	0	12.853	26.857	-66.598
swarm_63_137.pdb	0	16.152	48.803	-66.648
swarm_9_166.pdb	0	15.699	32.329	-67.177
swarm_8_179.pdb	0	11.442	19.511	-68.966
swarm_55_74.pdb	0	17.747	48.059	-69.434
swarm_44_47.pdb	0	12.905	43.387	-69.648
swarm_67_66.pdb	0.105263	6.570	18.659	-70.716
swarm_29_166.pdb	0	10.681	39.229	-72.749
swarm_66_156.pdb	0.122807	13.688	31.066	-74.346
swarm_48_163.pdb	0	15.449	31.068	-74.462
swarm_68_199.pdb	0.0175439	13.410	28.268	-74.662
swarm_26_183.pdb	0	15.649	31.523	-74.717
swarm_22_196.pdb	0	10.491	40.744	-74.781
swarm_31_60.pdb	0	18.078	38.469	-74.902
swarm_26_160.pdb	0.245614	6.861	32.764	-75.853
swarm_4_47.pdb	0.350877	5.177	23.671	-76.160
swarm_40_163.pdb	0	13.086	49.445	-79.020
swarm_20_118.pdb	0	10.085	38.935	-80.073
swarm_50_109.pdb	0	13.751	46.630	-81.072
swarm_32_165.pdb	0.0175439	9.918	34.729	-81.139
swarm_47_48.pdb	0	12.957	31.995	-81.252
swarm_26_71.pdb	0.192982	7.449	16.960	-82.460
swarm_52_132.pdb	0.0350877	8.226	44.623	-82.900
swarm_45_104.pdb	0.0350877	14.577	35.214	-83.957
swarm_48_106.pdb	0	15.686	43.154	-85.511
swarm_67_133.pdb	0	9.019	20.957	-86.748
swarm_19_105.pdb	0	11.818	34.309	-87.065
swarm_43_172.pdb	0	10.027	28.918	-87.486
swarm_33_113.pdb	0.122807	9.906	20.167	-87.534
swarm_62_42.pdb	0	15.671	42.313	-88.144
swarm_35_82.pdb	0.0877193	7.183	33.224	-88.193
swarm_23_153.pdb	0.0175439	15.024	34.336	-88.531
swarm_67_168.pdb	0	15.249	33.554	-91.574
swarm_30_6.pdb	0	12.492	46.532	-91.785
swarm_49_127.pdb	0	14.210	52.244	-92.094
swarm_51_198.pdb	0	17.409	49.622	-92.906
swarm_47_16.pdb	0	12.138	41.192	-93.913
swarm_24_17.pdb	0	15.599	30.436	-94.503
swarm_28_185.pdb	0.0175439	10.396	45.956	-96.907
swarm_65_21.pdb	0	14.241	50.662	-97.620
swarm_17_148.pdb	0.0877193	11.332	32.959	-97.957
swarm_41_162.pdb	0	12.270	43.509	-99.483
swarm_4_45.pdb	0.0526316	12.739	34.545	-100.782
swarm_44_66.pdb	0	12.522	40.650	-101.728
swarm_11_19.pdb	0	14.637	42.511	-102.877
swarm_40_121.pdb	0	12.349	47.762	-105.052
swarm_43_119.pdb	0	14.099	29.504	-105.638
swarm_19_7.pdb	0	12.725	31.405	-109.386
swarm_50_53.pdb	0	12.806	49.693	-110.199
swarm_39_42.pdb	0	14.319	35.204	-110.929
swarm_13_182.pdb	0	12.164	35.954	-111.208
swarm_64_41.pdb	0	15.229	31.342	-112.045
swarm_61_53.pdb	0	16.414	47.478	-112.899
swarm_52_125.pdb	0	11.048	34.729	-114.354
swarm_29_147.pdb	0	11.780	33.000	-114.719
swarm_65_127.pdb	0	16.892	48.795	-117.954
swarm_45_180.pdb	0.0350877	10.825	24.176	-119.711
swarm_43_37.pdb	0	13.373	32.784	-121.516
swarm_14_157.pdb	0	15.279	41.195	-121.619
swarm_57_89.pdb	0	15.746	51.285	-122.216
swarm_51_107.pdb	0	18.107	46.765	-122.341
swarm_24_192.pdb	0	8.759	40.705	-122.832
swarm_66_135.pdb	0.0526316	12.890	22.354	-123.950
swarm_19_193.pdb	0.105263	10.984	20.924	-125.213
swarm_46_118.pdb	0	12.459	43.983	-126.323
swarm_17_130.pdb	0	14.389	30.815	-126.909
swarm_11_183.pdb	0	15.447	33.386	-127.341
swarm_28_20.pdb	0	14.633	29.630	-130.142
swarm_8_173.pdb	0	12.688	36.973	-131.047
swarm_62_141.pdb	0	17.042	37.959	-133.285
swarm_43_106.pdb	0	10.904	33.917	-134.705
swarm_48_24.pdb	0	15.758	36.585	-136.689
swarm_27_187.pdb	0.0877193	9.654	24.822	-136.974
swarm_48_115.pdb	0	13.240	40.825	-143.223
swarm_32_108.pdb	0	11.301	24.219	-144.972
swarm_43_148.pdb	0.0175439	10.132	20.979	-149.303
swarm_46_156.pdb	0	11.977	41.430	-150.337
swarm_4_189.pdb	0.0350877	13.446	33.187	-151.697
swarm_22_192.pdb	0	17.407	38.273	-151.729
swarm_25_187.pdb	0	11.733	39.364	-155.927
swarm_59_82.pdb	0	10.522	41.079	-158.004
swarm_17_86.pdb	0	12.240	25.690	-158.330
swarm_10_43.pdb	0.298246	6.529	18.444	-159.370
swarm_9_95.pdb	0	15.487	32.294	-161.698
swarm_21_172.pdb	0	16.626	31.362	-161.936
swarm_24_188.pdb	0	16.055	35.256	-162.013
swarm_20_22.pdb	0	14.627	47.849	-163.427
swarm_62_76.pdb	0	13.663	49.760	-167.185
swarm_48_151.pdb	0	13.709	37.846	-169.793
swarm_58_181.pdb	0	14.807	28.047	-171.493
swarm_61_81.pdb	0	16.616	42.329	-173.841
swarm_27_199.pdb	0	12.897	27.297	-175.391
swarm_15_180.pdb	0	12.997	33.556	-176.388
swarm_6_8.pdb	0	15.261	31.483	-181.102
swarm_5_15.pdb	0	14.821	31.076	-183.707
swarm_8_76.pdb	0	14.416	32.331	-195.936
swarm_52_92.pdb	0	16.102	34.881	-199.230
swarm_27_159.pdb	0.0175439	11.613	26.971	-209.410
swarm_48_152.pdb	0	16.082	44.834	-210.180
swarm_10_98.pdb	0.0877193	13.535	27.167	-211.657
swarm_38_123.pdb	0	15.233	28.029	-222.156
swarm_52_180.pdb	0	16.822	34.782	-226.926
swarm_33_23.pdb	0	13.987	26.276	-232.905
swarm_6_141.pdb	0	14.614	32.427	-235.751
swarm_59_177.pdb	0	16.801	37.553	-239.568
swarm_57_1.pdb	0	18.505	46.805	-244.990
swarm_39_101.pdb	0	16.525	32.179	-246.800
