swarm_51_89.pdb	0.12963	5.343	11.879	31.321
swarm_49_145.pdb	0.240741	2.842	5.262	30.207
swarm_54_124.pdb	0.111111	5.990	15.999	29.594
swarm_54_65.pdb	0	7.254	15.893	28.602
swarm_53_26.pdb	0.12963	6.412	18.108	28.106
swarm_52_194.pdb	0	10.070	23.146	27.884
swarm_38_136.pdb	0	10.024	21.413	27.734
swarm_47_140.pdb	0.111111	4.306	7.667	26.628
swarm_50_33.pdb	0.037037	8.032	15.115	26.435
swarm_54_115.pdb	0	13.948	25.216	25.323
swarm_49_7.pdb	0	11.037	24.717	24.996
swarm_53_176.pdb	0.0185185	14.539	25.903	24.853
swarm_35_197.pdb	0.0185185	11.539	23.594	24.580
swarm_49_108.pdb	0	12.472	23.439	23.420
swarm_50_56.pdb	0	9.432	18.277	23.366
swarm_50_69.pdb	0.0185185	12.975	23.379	23.231
swarm_27_100.pdb	0	12.736	24.972	22.518
swarm_38_198.pdb	0.0185185	11.209	21.122	22.293
swarm_49_122.pdb	0	11.929	28.127	22.133
swarm_39_66.pdb	0.12963	10.037	17.915	22.122
swarm_48_21.pdb	0	11.255	20.453	22.110
swarm_40_94.pdb	0	16.991	28.855	21.972
swarm_46_67.pdb	0.12963	12.747	24.973	21.860
swarm_53_103.pdb	0	11.998	23.535	21.806
swarm_47_165.pdb	0	9.922	18.408	21.761
swarm_46_129.pdb	0.0185185	12.566	25.502	21.625
swarm_14_152.pdb	0	14.641	25.137	21.617
swarm_54_84.pdb	0	13.156	25.941	21.593
swarm_41_104.pdb	0	9.390	17.235	21.569
swarm_29_3.pdb	0	14.503	25.054	21.560
swarm_39_47.pdb	0	15.120	25.687	21.525
swarm_51_24.pdb	0	16.103	27.825	21.411
swarm_47_46.pdb	0	14.190	24.388	21.382
swarm_46_13.pdb	0.0185185	10.506	27.525	21.318
swarm_40_51.pdb	0	8.535	17.802	21.302
swarm_32_53.pdb	0.037037	5.393	10.664	21.224
swarm_37_173.pdb	0	13.341	24.242	21.063
swarm_45_72.pdb	0	13.820	29.062	21.056
swarm_36_125.pdb	0	12.376	27.712	20.912
swarm_31_109.pdb	0	12.179	28.852	20.620
swarm_13_123.pdb	0	13.382	27.581	20.617
swarm_37_20.pdb	0	13.304	24.893	20.592
swarm_53_85.pdb	0	12.903	23.420	20.580
swarm_53_15.pdb	0	16.111	29.692	20.483
swarm_42_125.pdb	0	12.399	24.428	20.439
swarm_48_152.pdb	0.0555556	9.061	24.300	20.321
swarm_50_49.pdb	0	7.911	14.194	20.314
swarm_31_102.pdb	0	12.890	25.083	20.109
swarm_44_153.pdb	0	11.444	21.600	20.024
swarm_51_128.pdb	0	9.442	16.867	19.931
swarm_47_36.pdb	0	9.102	17.191	19.921
swarm_52_45.pdb	0	11.938	28.692	19.863
swarm_43_143.pdb	0	12.430	28.073	19.728
swarm_32_69.pdb	0	15.873	26.791	19.716
swarm_20_23.pdb	0	13.116	27.976	19.480
swarm_44_20.pdb	0	8.829	22.957	19.470
swarm_47_153.pdb	0	12.689	23.839	19.456
swarm_25_59.pdb	0	14.687	29.302	19.455
swarm_18_15.pdb	0	10.037	21.829	19.246
swarm_35_148.pdb	0	11.071	21.426	18.984
swarm_35_52.pdb	0	12.871	27.546	18.983
swarm_38_94.pdb	0	7.816	16.258	18.978
swarm_49_102.pdb	0.0185185	10.820	19.128	18.966
swarm_40_45.pdb	0	15.454	25.982	18.937
swarm_48_161.pdb	0.166667	8.072	19.458	18.873
swarm_30_27.pdb	0	15.766	26.957	18.724
swarm_48_105.pdb	0	10.024	24.457	18.714
swarm_28_161.pdb	0	15.509	26.188	18.448
swarm_25_89.pdb	0	13.722	27.690	18.317
swarm_48_155.pdb	0	14.080	26.551	18.232
swarm_46_52.pdb	0	13.971	25.646	18.156
swarm_52_14.pdb	0	12.303	22.798	18.107
swarm_52_42.pdb	0	14.086	29.194	18.072
swarm_51_194.pdb	0	11.105	18.585	18.028
swarm_41_185.pdb	0	17.111	29.340	18.009
swarm_42_165.pdb	0	15.879	30.436	17.952
swarm_32_18.pdb	0	15.908	29.387	17.819
swarm_49_44.pdb	0	14.077	27.192	17.794
swarm_41_177.pdb	0	15.574	28.057	17.581
swarm_19_100.pdb	0	17.769	31.217	17.560
swarm_50_130.pdb	0	13.223	23.431	17.517
swarm_16_40.pdb	0	14.841	30.626	17.476
swarm_4_81.pdb	0	16.241	37.458	17.391
swarm_43_128.pdb	0	10.542	19.603	17.267
swarm_52_36.pdb	0	14.832	29.778	17.174
swarm_17_9.pdb	0	16.504	30.700	17.172
swarm_27_191.pdb	0	14.101	29.381	17.141
swarm_4_12.pdb	0	15.250	33.384	16.923
swarm_54_189.pdb	0	12.329	22.149	16.699
swarm_26_31.pdb	0	10.364	18.879	16.688
swarm_28_62.pdb	0	11.181	20.895	16.670
swarm_22_18.pdb	0	17.347	31.452	16.645
swarm_33_84.pdb	0	12.782	24.028	16.595
swarm_52_161.pdb	0	12.919	29.849	16.587
swarm_29_147.pdb	0	13.598	27.793	16.587
swarm_20_188.pdb	0	14.366	28.585	16.552
swarm_48_31.pdb	0	15.963	30.326	16.549
swarm_1_65.pdb	0	16.497	30.118	16.547
swarm_52_119.pdb	0	14.230	25.762	16.528
swarm_51_140.pdb	0	12.721	21.600	16.428
swarm_50_134.pdb	0	14.148	25.901	16.367
swarm_38_49.pdb	0	9.960	18.578	16.362
swarm_48_170.pdb	0	17.751	34.116	16.308
swarm_9_50.pdb	0.0185185	11.833	25.771	16.304
swarm_41_72.pdb	0	15.830	28.678	16.301
swarm_50_81.pdb	0	10.488	19.763	16.296
swarm_57_158.pdb	0	15.220	33.082	16.274
swarm_33_125.pdb	0.0185185	9.067	24.668	16.266
swarm_26_140.pdb	0	14.642	25.125	16.239
swarm_27_10.pdb	0	13.906	25.993	16.221
swarm_42_31.pdb	0	12.248	27.240	16.206
swarm_22_145.pdb	0	18.248	33.144	16.195
swarm_10_18.pdb	0	12.984	27.553	16.137
swarm_1_172.pdb	0	14.063	30.931	16.112
swarm_27_130.pdb	0	12.953	25.156	16.050
swarm_3_176.pdb	0	14.388	32.910	16.039
swarm_35_87.pdb	0	14.679	31.998	16.038
swarm_18_44.pdb	0	12.089	25.361	15.968
swarm_16_175.pdb	0	20.634	45.758	15.904
swarm_14_34.pdb	0	13.571	29.114	15.869
swarm_24_40.pdb	0	14.741	31.258	15.863
swarm_20_115.pdb	0	14.853	30.914	15.857
swarm_36_68.pdb	0	13.214	24.820	15.837
swarm_47_82.pdb	0	8.494	14.745	15.833
swarm_51_169.pdb	0	16.110	27.178	15.818
swarm_30_12.pdb	0	11.318	21.977	15.804
swarm_26_104.pdb	0	13.903	27.752	15.762
swarm_29_71.pdb	0	16.597	33.144	15.721
swarm_57_81.pdb	0	15.475	33.925	15.591
swarm_16_184.pdb	0	13.878	31.191	15.588
swarm_7_173.pdb	0	11.511	23.997	15.542
swarm_3_163.pdb	0	18.308	39.689	15.519
swarm_9_84.pdb	0	12.648	24.380	15.516
swarm_39_113.pdb	0	14.259	24.795	15.507
swarm_9_15.pdb	0	14.789	28.110	15.407
swarm_22_72.pdb	0	12.719	28.307	15.340
swarm_46_59.pdb	0	13.813	26.844	15.279
swarm_17_45.pdb	0	17.919	35.360	15.253
swarm_41_168.pdb	0	10.379	23.418	15.221
swarm_15_23.pdb	0	17.624	36.356	15.069
swarm_18_4.pdb	0	13.974	26.883	15.053
swarm_37_154.pdb	0	14.218	27.639	14.999
swarm_47_74.pdb	0	13.345	24.115	14.995
swarm_45_167.pdb	0	19.836	42.344	14.971
swarm_39_142.pdb	0	11.771	22.903	14.848
swarm_39_37.pdb	0	13.498	26.492	14.844
swarm_55_46.pdb	0	17.624	39.096	14.843
swarm_28_131.pdb	0	15.631	27.860	14.843
swarm_11_121.pdb	0	19.627	43.620	14.811
swarm_27_88.pdb	0	10.375	17.362	14.801
swarm_36_187.pdb	0.111111	11.407	25.868	14.799
swarm_27_165.pdb	0.0555556	11.189	23.213	14.745
swarm_10_24.pdb	0	13.107	25.145	14.693
swarm_49_114.pdb	0	11.402	20.115	14.684
swarm_4_91.pdb	0	14.591	29.456	14.678
swarm_25_121.pdb	0	17.498	38.457	14.674
swarm_32_143.pdb	0	19.203	33.243	14.649
swarm_40_149.pdb	0	10.491	24.172	14.644
swarm_22_25.pdb	0	14.597	29.978	14.632
swarm_32_41.pdb	0	17.808	31.672	14.597
swarm_19_17.pdb	0	14.757	32.482	14.495
swarm_53_120.pdb	0	16.805	31.500	14.490
swarm_36_143.pdb	0	12.872	31.232	14.479
swarm_21_144.pdb	0	14.429	33.071	14.458
swarm_42_174.pdb	0	8.698	20.134	14.440
swarm_9_111.pdb	0	10.574	25.208	14.340
swarm_44_104.pdb	0	16.744	30.862	14.335
swarm_50_115.pdb	0.0185185	14.312	24.213	14.330
swarm_9_126.pdb	0	14.943	28.923	14.317
swarm_23_134.pdb	0	14.903	34.642	14.308
swarm_37_144.pdb	0	13.203	23.323	14.293
swarm_39_64.pdb	0	13.587	24.105	14.233
swarm_42_104.pdb	0	17.815	32.570	14.172
swarm_45_184.pdb	0	16.460	39.261	14.115
swarm_13_157.pdb	0	13.304	26.863	14.088
swarm_7_90.pdb	0	19.772	34.423	14.062
swarm_0_59.pdb	0	14.526	30.398	14.017
swarm_58_59.pdb	0	15.933	32.813	13.990
swarm_13_2.pdb	0	18.157	38.687	13.985
swarm_52_104.pdb	0	15.627	28.956	13.975
swarm_0_194.pdb	0	16.446	30.529	13.970
swarm_18_184.pdb	0	22.129	39.983	13.968
swarm_10_87.pdb	0.0185185	11.124	28.418	13.966
swarm_20_152.pdb	0	12.078	22.918	13.960
swarm_8_81.pdb	0	12.786	25.512	13.956
swarm_43_83.pdb	0	15.508	29.062	13.930
swarm_36_25.pdb	0	16.528	38.433	13.883
swarm_2_55.pdb	0	17.118	36.621	13.872
swarm_30_163.pdb	0	13.402	25.930	13.831
swarm_25_184.pdb	0	15.154	33.122	13.811
swarm_5_44.pdb	0	19.342	45.407	13.808
swarm_46_165.pdb	0	12.322	25.634	13.766
swarm_16_95.pdb	0	18.059	43.559	13.764
swarm_33_178.pdb	0	11.598	27.850	13.653
swarm_15_126.pdb	0	16.113	37.273	13.635
swarm_15_114.pdb	0	19.207	39.459	13.587
swarm_24_41.pdb	0	18.029	37.860	13.573
swarm_1_176.pdb	0	15.246	26.426	13.557
swarm_54_15.pdb	0	12.316	22.128	13.534
swarm_44_30.pdb	0	18.102	34.421	13.515
swarm_25_149.pdb	0	11.288	24.124	13.512
swarm_33_0.pdb	0	17.539	34.164	13.496
swarm_20_104.pdb	0.111111	10.053	27.347	13.490
swarm_17_83.pdb	0	15.659	31.986	13.470
swarm_6_33.pdb	0	14.490	32.761	13.431
swarm_14_163.pdb	0	17.995	30.627	13.417
swarm_57_187.pdb	0	11.878	25.047	13.397
swarm_51_138.pdb	0	14.853	24.832	13.395
swarm_23_83.pdb	0	16.017	37.592	13.390
swarm_33_100.pdb	0	17.032	38.319	13.320
swarm_53_115.pdb	0	15.509	27.823	13.319
swarm_6_120.pdb	0	17.236	35.284	13.315
swarm_58_54.pdb	0.0185185	10.806	29.426	13.254
swarm_30_137.pdb	0	11.493	20.476	13.237
swarm_14_118.pdb	0	18.684	32.136	13.237
swarm_40_89.pdb	0	14.353	24.957	13.204
swarm_1_182.pdb	0	15.604	32.062	13.196
swarm_11_96.pdb	0	16.861	34.911	13.181
swarm_33_90.pdb	0	14.850	33.483	13.158
swarm_22_17.pdb	0	15.576	26.908	13.116
swarm_12_192.pdb	0	13.872	35.512	13.071
swarm_16_168.pdb	0	18.816	39.792	13.061
swarm_10_88.pdb	0	16.869	33.056	13.019
swarm_15_82.pdb	0	18.007	36.547	12.896
swarm_29_193.pdb	0.037037	14.043	26.954	12.880
swarm_8_61.pdb	0	9.351	19.951	12.869
swarm_8_18.pdb	0	15.369	31.699	12.820
swarm_21_59.pdb	0	20.751	44.952	12.820
swarm_30_162.pdb	0	15.871	29.118	12.819
swarm_3_154.pdb	0	15.922	32.783	12.775
swarm_3_157.pdb	0	15.334	35.901	12.754
swarm_15_170.pdb	0	17.062	37.491	12.752
swarm_11_161.pdb	0	18.192	39.082	12.697
swarm_4_135.pdb	0	19.896	40.890	12.686
swarm_5_131.pdb	0	15.249	31.766	12.682
swarm_37_55.pdb	0	8.833	16.131	12.666
swarm_5_23.pdb	0	21.077	44.579	12.635
swarm_9_5.pdb	0	14.702	28.386	12.589
swarm_5_175.pdb	0	17.245	38.295	12.587
swarm_26_160.pdb	0	12.822	31.723	12.582
swarm_38_25.pdb	0	13.951	24.981	12.566
swarm_19_146.pdb	0	19.918	36.878	12.563
swarm_12_50.pdb	0	15.364	33.056	12.539
swarm_21_110.pdb	0	18.831	39.350	12.530
swarm_56_148.pdb	0	17.140	41.377	12.523
swarm_35_44.pdb	0	15.748	31.230	12.516
swarm_1_89.pdb	0	17.992	31.349	12.493
swarm_14_150.pdb	0	11.043	21.918	12.485
swarm_24_21.pdb	0	17.556	34.161	12.458
swarm_54_179.pdb	0	15.977	30.583	12.454
swarm_43_156.pdb	0	16.615	30.487	12.445
swarm_53_162.pdb	0	9.720	23.102	12.439
swarm_24_150.pdb	0	18.054	33.458	12.434
swarm_5_85.pdb	0	16.012	37.384	12.401
swarm_42_128.pdb	0	17.199	29.273	12.382
swarm_28_88.pdb	0.0555556	9.374	20.660	12.375
swarm_31_105.pdb	0	15.028	35.509	12.361
swarm_44_109.pdb	0	11.536	29.538	12.334
swarm_7_136.pdb	0	18.764	33.709	12.321
swarm_30_143.pdb	0	17.722	32.472	12.319
swarm_14_199.pdb	0	19.354	33.096	12.313
swarm_12_123.pdb	0	19.037	43.158	12.307
swarm_31_122.pdb	0	18.047	37.926	12.180
swarm_27_184.pdb	0	10.502	19.463	12.177
swarm_16_156.pdb	0	18.728	37.639	12.156
swarm_7_188.pdb	0	17.064	34.545	12.137
swarm_55_97.pdb	0	20.962	45.927	12.098
swarm_22_142.pdb	0	9.158	21.057	12.090
swarm_9_109.pdb	0	15.414	33.991	12.076
swarm_13_86.pdb	0	16.256	37.177	11.935
swarm_50_164.pdb	0	9.665	17.371	11.826
swarm_37_152.pdb	0	9.704	19.667	11.768
swarm_18_154.pdb	0	20.333	36.839	11.729
swarm_19_96.pdb	0	16.590	34.002	11.717
swarm_55_128.pdb	0	14.440	37.606	11.647
swarm_0_47.pdb	0	20.036	34.882	11.644
swarm_55_138.pdb	0	18.147	39.733	11.635
swarm_8_6.pdb	0	14.752	31.943	11.615
swarm_4_121.pdb	0	13.361	30.006	11.571
swarm_2_64.pdb	0	16.698	38.169	11.571
swarm_56_183.pdb	0	18.657	43.524	11.450
swarm_52_81.pdb	0.0740741	12.205	26.541	11.445
swarm_56_94.pdb	0	16.403	38.324	11.426
swarm_10_98.pdb	0	17.285	32.644	11.381
swarm_12_176.pdb	0	21.963	42.642	11.362
swarm_27_32.pdb	0	13.948	28.366	11.330
swarm_53_64.pdb	0	12.777	30.161	11.328
swarm_0_193.pdb	0	15.440	31.479	11.304
swarm_37_132.pdb	0	14.512	27.701	11.280
swarm_12_35.pdb	0	15.762	35.743	11.218
swarm_27_151.pdb	0	11.013	23.985	11.217
swarm_26_133.pdb	0	14.571	30.141	11.200
swarm_58_6.pdb	0	14.456	29.465	11.179
swarm_28_148.pdb	0	12.226	28.281	11.171
swarm_23_98.pdb	0	15.758	39.913	11.169
swarm_7_50.pdb	0	17.020	30.745	11.154
swarm_45_161.pdb	0.111111	13.665	36.799	11.133
swarm_26_162.pdb	0	13.451	25.921	11.118
swarm_28_198.pdb	0	17.406	29.958	11.075
swarm_2_153.pdb	0	14.858	32.893	11.040
swarm_37_10.pdb	0	15.672	30.805	11.035
swarm_43_192.pdb	0	19.098	37.440	11.025
swarm_26_95.pdb	0	14.286	27.413	11.023
swarm_8_122.pdb	0	16.608	33.999	11.010
swarm_8_176.pdb	0	14.884	34.116	11.009
swarm_56_29.pdb	0	22.179	48.049	11.002
swarm_34_25.pdb	0	16.149	36.292	10.993
swarm_58_5.pdb	0	17.979	37.241	10.975
swarm_57_153.pdb	0	17.485	34.673	10.974
swarm_28_60.pdb	0	15.232	27.440	10.962
swarm_40_33.pdb	0	16.151	27.154	10.956
swarm_33_119.pdb	0	11.898	29.388	10.954
swarm_6_190.pdb	0	21.885	47.056	10.913
swarm_3_56.pdb	0	18.555	38.909	10.904
swarm_27_172.pdb	0	13.700	24.543	10.868
swarm_40_70.pdb	0	13.530	26.916	10.839
swarm_0_191.pdb	0	18.866	32.171	10.827
swarm_12_184.pdb	0	17.519	40.059	10.797
swarm_33_38.pdb	0	16.916	34.350	10.765
swarm_45_62.pdb	0	16.727	39.140	10.742
swarm_26_99.pdb	0	12.428	28.970	10.730
swarm_31_116.pdb	0	13.403	31.290	10.702
swarm_18_187.pdb	0	14.006	33.218	10.683
swarm_15_132.pdb	0	14.968	38.342	10.671
swarm_8_17.pdb	0	15.643	32.979	10.620
swarm_18_33.pdb	0	17.469	34.096	10.618
swarm_16_10.pdb	0	13.887	36.626	10.605
swarm_14_110.pdb	0	17.740	32.647	10.602
swarm_21_125.pdb	0	20.055	41.711	10.597
swarm_14_164.pdb	0	16.313	27.839	10.567
swarm_22_138.pdb	0	16.959	30.275	10.536
swarm_36_87.pdb	0	18.356	39.545	10.529
swarm_45_175.pdb	0	20.930	43.875	10.461
swarm_31_107.pdb	0	16.130	35.184	10.449
swarm_4_83.pdb	0	15.257	29.407	10.425
swarm_25_120.pdb	0	15.026	33.718	10.409
swarm_58_85.pdb	0	17.200	36.151	10.359
swarm_49_30.pdb	0.0185185	11.928	21.934	10.301
swarm_4_34.pdb	0	19.147	38.213	10.268
swarm_5_192.pdb	0	16.374	38.136	10.257
swarm_2_141.pdb	0	17.667	37.681	10.248
swarm_36_69.pdb	0	14.719	31.234	10.220
swarm_17_194.pdb	0	18.439	36.313	10.179
swarm_55_75.pdb	0	21.103	48.362	10.175
swarm_13_24.pdb	0	17.044	34.724	10.160
swarm_18_173.pdb	0	11.894	25.380	10.116
swarm_12_10.pdb	0	19.148	37.374	10.036
swarm_10_173.pdb	0	15.889	37.044	10.015
swarm_0_8.pdb	0	22.692	42.268	9.957
swarm_24_178.pdb	0	19.891	42.013	9.939
swarm_13_59.pdb	0	13.774	31.923	9.933
swarm_44_130.pdb	0	16.783	33.984	9.898
swarm_56_43.pdb	0	20.239	45.721	9.853
swarm_24_199.pdb	0	18.244	34.084	9.823
swarm_55_95.pdb	0	20.583	44.447	9.821
swarm_14_54.pdb	0	21.631	38.985	9.814
swarm_19_94.pdb	0	19.774	38.048	9.798
swarm_4_166.pdb	0.0740741	15.191	36.057	9.769
swarm_21_51.pdb	0	19.426	42.802	9.718
swarm_3_112.pdb	0	15.741	39.061	9.673
swarm_31_138.pdb	0	14.018	30.017	9.672
swarm_17_166.pdb	0	15.657	35.759	9.666
swarm_1_37.pdb	0	15.406	32.640	9.665
swarm_20_85.pdb	0	13.095	28.916	9.536
swarm_19_16.pdb	0	21.221	39.720	9.487
swarm_34_98.pdb	0	15.534	38.505	9.448
swarm_38_118.pdb	0.0185185	11.052	24.406	9.425
swarm_47_57.pdb	0.037037	9.727	19.508	9.407
swarm_19_31.pdb	0	20.291	40.382	9.372
swarm_44_52.pdb	0	14.531	30.843	9.339
swarm_26_154.pdb	0	17.910	33.650	9.293
swarm_11_193.pdb	0	19.907	43.499	9.271
swarm_26_117.pdb	0	13.622	30.201	9.269
swarm_21_135.pdb	0	17.144	40.370	9.249
swarm_26_151.pdb	0	15.146	27.156	9.186
swarm_13_62.pdb	0	16.262	36.247	9.156
swarm_45_185.pdb	0	19.895	46.203	9.125
swarm_39_120.pdb	0	16.460	28.652	9.119
swarm_10_183.pdb	0	14.864	31.748	9.076
swarm_18_143.pdb	0	17.722	36.368	9.055
swarm_15_15.pdb	0	16.437	35.330	9.053
swarm_45_46.pdb	0	19.042	40.189	9.027
swarm_7_149.pdb	0	23.072	41.445	9.022
swarm_1_23.pdb	0	19.901	39.305	9.020
swarm_12_7.pdb	0	18.644	43.009	8.968
swarm_57_189.pdb	0	15.545	34.841	8.950
swarm_36_162.pdb	0	14.659	37.075	8.944
swarm_26_124.pdb	0	18.685	34.840	8.934
swarm_7_64.pdb	0	15.363	29.778	8.927
swarm_1_186.pdb	0	17.769	33.663	8.865
swarm_17_2.pdb	0	20.151	37.912	8.850
swarm_4_153.pdb	0	16.384	35.756	8.824
swarm_3_21.pdb	0	18.670	44.151	8.781
swarm_7_135.pdb	0	17.081	36.971	8.759
swarm_32_146.pdb	0	11.468	21.136	8.745
swarm_12_34.pdb	0	23.862	49.009	8.730
swarm_3_57.pdb	0	21.890	46.962	8.696
swarm_22_133.pdb	0	20.992	37.292	8.693
swarm_38_51.pdb	0	16.005	30.719	8.641
swarm_23_76.pdb	0	19.112	39.981	8.641
swarm_4_100.pdb	0	18.975	39.789	8.614
swarm_55_110.pdb	0	20.371	41.565	8.506
swarm_5_140.pdb	0	15.609	33.218	8.496
swarm_16_32.pdb	0	20.464	42.041	8.471
swarm_24_3.pdb	0	19.293	42.013	8.453
swarm_34_5.pdb	0	18.333	38.938	8.410
swarm_22_102.pdb	0	21.013	38.037	8.365
swarm_13_137.pdb	0.0555556	18.079	42.549	8.341
swarm_34_13.pdb	0	16.370	38.627	8.323
swarm_25_171.pdb	0	14.497	32.524	8.310
swarm_6_22.pdb	0	21.512	45.625	8.298
swarm_5_21.pdb	0	18.437	35.937	8.268
swarm_57_96.pdb	0	16.282	39.764	8.253
swarm_17_187.pdb	0	19.684	41.047	8.243
swarm_56_41.pdb	0	20.045	42.759	8.192
swarm_38_58.pdb	0	13.948	23.974	8.136
swarm_17_50.pdb	0	16.807	40.514	8.128
swarm_0_17.pdb	0	21.555	38.121	8.042
swarm_0_196.pdb	0	19.589	39.746	8.041
swarm_6_69.pdb	0	22.436	50.360	8.023
swarm_14_20.pdb	0	16.497	30.251	8.006
swarm_2_23.pdb	0	17.832	40.220	7.896
swarm_36_7.pdb	0	18.932	36.237	7.853
swarm_25_159.pdb	0	14.013	33.623	7.779
swarm_1_96.pdb	0	17.595	33.980	7.763
swarm_13_13.pdb	0	19.842	39.001	7.673
swarm_36_129.pdb	0	16.812	34.988	7.656
swarm_20_32.pdb	0	15.714	34.359	7.645
swarm_16_123.pdb	0	18.982	39.977	7.596
swarm_56_24.pdb	0	22.093	53.614	7.550
swarm_35_84.pdb	0	12.833	25.421	7.495
swarm_29_66.pdb	0	13.417	25.712	7.420
swarm_57_63.pdb	0	19.556	39.078	7.377
swarm_31_169.pdb	0	18.603	36.118	7.201
swarm_27_99.pdb	0	17.004	30.624	6.968
swarm_21_165.pdb	0	17.956	45.264	6.927
swarm_34_102.pdb	0	19.058	45.844	6.916
swarm_1_185.pdb	0	20.581	37.121	6.826
swarm_17_161.pdb	0	18.475	38.300	6.641
swarm_11_65.pdb	0	16.935	42.881	6.370
swarm_2_106.pdb	0	16.050	38.933	6.307
swarm_43_124.pdb	0	19.429	34.840	6.293
swarm_20_77.pdb	0	17.453	39.529	6.276
swarm_33_167.pdb	0	20.042	38.032	6.258
swarm_35_151.pdb	0	16.046	32.581	6.130
swarm_24_72.pdb	0	18.674	42.272	6.071
swarm_45_71.pdb	0	20.245	45.264	5.889
swarm_8_125.pdb	0	14.206	31.615	4.959
swarm_0_30.pdb	0	18.956	37.732	4.869
swarm_55_179.pdb	0	16.957	41.768	4.858
swarm_10_40.pdb	0	16.136	35.159	4.833
swarm_34_8.pdb	0	18.747	40.865	4.821
swarm_15_121.pdb	0	14.301	37.914	4.783
swarm_23_32.pdb	0	17.930	40.760	4.335
swarm_23_90.pdb	0	16.891	38.666	3.866
swarm_58_34.pdb	0	16.469	36.765	3.860
swarm_23_43.pdb	0	15.390	35.991	2.764
swarm_25_181.pdb	0	13.082	28.724	2.730
swarm_34_162.pdb	0	17.590	38.702	2.203
swarm_2_20.pdb	0	18.464	42.056	1.677
swarm_10_33.pdb	0	13.662	28.128	1.422
swarm_19_98.pdb	0	11.410	27.832	1.122
swarm_57_192.pdb	0	16.866	36.387	0.880
swarm_2_97.pdb	0	21.142	47.056	0.851
swarm_49_4.pdb	0	12.314	23.367	-0.672
swarm_51_33.pdb	0	16.239	27.585	-1.837
swarm_55_134.pdb	0	18.744	46.392	-2.204
swarm_5_65.pdb	0	17.233	40.225	-4.307
swarm_46_143.pdb	0.111111	11.118	22.491	-5.379
swarm_25_78.pdb	0	18.621	37.211	-7.824
swarm_49_79.pdb	0.12963	9.591	22.777	-13.103
swarm_47_123.pdb	0.0555556	10.666	20.406	-14.702
swarm_43_62.pdb	0	20.404	40.154	-15.675
swarm_43_129.pdb	0	13.476	30.472	-17.847
swarm_47_157.pdb	0.185185	8.014	18.772	-28.082
swarm_58_7.pdb	0.0185185	12.954	35.816	-32.550
swarm_29_155.pdb	0	12.022	23.484	-33.276
swarm_11_176.pdb	0	15.801	35.824	-36.068
swarm_20_7.pdb	0	15.252	31.198	-41.933
swarm_57_134.pdb	0	16.313	33.922	-45.983
swarm_35_43.pdb	0.037037	10.566	26.585	-73.928
