5d0o_96w.pdb	0	34.948	80.292	-207.5603
5d0o_43w.pdb	0	42.607	89.349	-195.5206
5d0o_21w.pdb	0	31.444	66.748	-187.0711
5d0o_62w.pdb	0	37.759	80.741	-181.094
5d0o_63w.pdb	0	30.519	57.960	-179.6775
5d0o_65w.pdb	0	40.143	90.834	-177.20034
5d0o_89w.pdb	0	34.281	72.269	-174.33876
5d0o_14w.pdb	0	34.593	88.156	-173.1924
5d0o_25w.pdb	0	39.675	87.917	-172.1853
5d0o_54w.pdb	0	32.394	73.664	-169.9584
5d0o_70w.pdb	0	33.507	79.460	-166.3693
5d0o_81w.pdb	0	38.371	82.261	-165.7494
5d0o_86w.pdb	0	42.449	89.780	-165.0332
5d0o_85w.pdb	0	18.338	49.883	-164.75086
5d0o_4w.pdb	0	33.311	81.739	-158.6534
5d0o_90w.pdb	0.0113636	33.127	72.574	-157.1446
5d0o_64w.pdb	0	32.416	62.508	-156.82734
5d0o_56w.pdb	0	24.976	48.861	-156.79981
5d0o_58w.pdb	0	42.031	89.702	-156.48964
5d0o_13w.pdb	0	24.619	61.214	-153.0211
5d0o_79w.pdb	0	30.319	71.738	-152.81734
5d0o_42w.pdb	0	26.042	58.146	-152.3608
5d0o_52w.pdb	0	38.432	90.182	-149.8455
5d0o_99w.pdb	0	29.432	63.719	-149.5087
5d0o_29w.pdb	0	29.518	72.188	-148.2623
5d0o_8w.pdb	0	30.959	55.532	-146.4974
5d0o_93w.pdb	0	33.445	88.258	-146.49668
5d0o_74w.pdb	0	32.129	76.229	-146.1426
5d0o_53w.pdb	0	33.027	71.089	-145.76284
5d0o_66w.pdb	0	36.490	75.301	-145.6555
5d0o_31w.pdb	0	32.191	67.062	-145.6494
5d0o_27w.pdb	0	29.121	55.940	-144.4011
5d0o_50w.pdb	0	26.447	55.576	-144.06246
5d0o_32w.pdb	0	32.529	61.373	-143.12978
5d0o_24w.pdb	0	20.593	45.503	-143.1029
5d0o_84w.pdb	0	26.726	54.525	-142.99894
5d0o_7w.pdb	0	35.979	90.171	-141.6814
5d0o_28w.pdb	0	32.995	64.862	-141.574518
5d0o_80w.pdb	0	27.962	56.642	-141.423
5d0o_18w.pdb	0	33.368	66.374	-140.50554
5d0o_77w.pdb	0	35.915	78.754	-139.7486
5d0o_30w.pdb	0	20.087	41.320	-138.6405
5d0o_26w.pdb	0	32.608	79.036	-137.86676
5d0o_6w.pdb	0	30.021	65.483	-136.15835
5d0o_23w.pdb	0	35.789	74.649	-135.52086
5d0o_49w.pdb	0	26.935	68.039	-134.94212
5d0o_45w.pdb	0	33.545	56.882	-134.73504
5d0o_40w.pdb	0	36.421	74.322	-134.3978
5d0o_98w.pdb	0	30.903	63.699	-132.2572
5d0o_19w.pdb	0	34.901	78.078	-132.06488
5d0o_60w.pdb	0	39.030	87.861	-131.66446
5d0o_15w.pdb	0	30.899	69.466	-131.57016
5d0o_83w.pdb	0	35.742	74.906	-128.92086
5d0o_17w.pdb	0	33.749	67.813	-128.91562
5d0o_97w.pdb	0	39.680	79.507	-128.90394
5d0o_34w.pdb	0	29.953	71.357	-128.6024
5d0o_72w.pdb	0	24.029	45.854	-128.34497
5d0o_94w.pdb	0	26.168	57.297	-128.12064
5d0o_57w.pdb	0	40.845	87.678	-127.33794
5d0o_59w.pdb	0	46.576	95.168	-126.70188
5d0o_95w.pdb	0	35.690	75.857	-126.55046
5d0o_76w.pdb	0	32.976	78.278	-126.36418
5d0o_69w.pdb	0	27.681	54.910	-126.36007
5d0o_10w.pdb	0	43.575	96.441	-126.25226
5d0o_48w.pdb	0	32.304	70.258	-126.0892
5d0o_78w.pdb	0	32.042	56.945	-126.0408
5d0o_68w.pdb	0	33.189	64.191	-125.68172
5d0o_12w.pdb	0	30.145	62.066	-124.74294
5d0o_55w.pdb	0	32.837	69.458	-124.124706
5d0o_88w.pdb	0	11.072	23.748	-123.88852
5d0o_46w.pdb	0	26.146	45.907	-123.07148
5d0o_47w.pdb	0	32.988	65.905	-122.8824
5d0o_61w.pdb	0	22.718	53.578	-122.86117
5d0o_20w.pdb	0	33.766	76.328	-122.50126
5d0o_37w.pdb	0	34.516	67.227	-119.06284
5d0o_38w.pdb	0	27.414	78.707	-118.72296
5d0o_44w.pdb	0	41.824	88.047	-117.51359
5d0o_3w.pdb	0	27.650	59.320	-117.4806
5d0o_82w.pdb	0	40.501	86.620	-116.37274
5d0o_91w.pdb	0	33.528	77.034	-115.72596
5d0o_71w.pdb	0	30.458	82.854	-114.53664
5d0o_36w.pdb	0	32.817	77.807	-113.7903
5d0o_22w.pdb	0	28.409	52.045	-111.67418
5d0o_73w.pdb	0	33.344	71.298	-110.91652
5d0o_92w.pdb	0	36.882	86.031	-110.80024
5d0o_39w.pdb	0	27.746	59.235	-109.69636
5d0o_67w.pdb	0	39.487	85.821	-109.35136
5d0o_11w.pdb	0	47.448	100.029	-109.12238
5d0o_16w.pdb	0	36.630	74.578	-108.4891
5d0o_9w.pdb	0	21.622	43.162	-105.66456
5d0o_87w.pdb	0	36.918	75.130	-104.5528
5d0o_51w.pdb	0	40.480	84.671	-104.19739
5d0o_2w.pdb	0	39.790	86.540	-98.121042
5d0o_1w.pdb	0	37.344	89.851	-97.27226
5d0o_5w.pdb	0	31.793	66.008	-97.18846
5d0o_33w.pdb	0	31.166	58.095	-95.793614
5d0o_100w.pdb	0	39.481	87.945	2465.6887
5d0o_41w.pdb	0	178.873	203.498	1077184.2172
5d0o_35w.pdb	0.0227273	170.437	204.425	1457655.79502
5d0o_75w.pdb	0	33.388	63.188	2946753.4447
				
				
