complex.1.pdb	0.795181	1.743	7.086
complex.2.pdb	0.855422	0.644	1.393
complex.3.pdb	0.614458	1.482	4.607
complex.4.pdb	0.771084	1.474	5.179
complex.5.pdb	0.771084	1.314	4.578
complex.6.pdb	0.192771	6.243	20.649
complex.7.pdb	0.506024	3.593	15.817
complex.8.pdb	0.13253	9.049	23.121
complex.9.pdb	0	13.600	39.963
complex.10.pdb	0.337349	4.570	20.956
complex.11.pdb	0.457831	2.410	10.395
complex.12.pdb	0.0722892	8.708	33.103
complex.13.pdb	0	20.720	49.213
complex.14.pdb	0.457831	2.455	9.609
complex.15.pdb	0.228916	5.193	19.847
complex.16.pdb	0	13.778	48.526
complex.17.pdb	0	16.560	32.112
complex.18.pdb	0	14.427	41.795
complex.19.pdb	0.385542	2.137	6.498
complex.20.pdb	0	19.736	47.350
complex.21.pdb	0.385542	2.283	8.470
complex.22.pdb	0.120482	7.104	16.924
complex.23.pdb	0.0120482	14.620	41.647
complex.24.pdb	0.554217	3.675	15.652
complex.25.pdb	0.518072	2.747	9.288
complex.26.pdb	0.325301	3.160	10.494
complex.27.pdb	0	17.829	40.983
complex.28.pdb	0	19.061	41.751
complex.29.pdb	0.361446	3.461	14.103
complex.30.pdb	0	13.453	42.231
complex.31.pdb	0	13.486	36.003
complex.32.pdb	0.662651	1.841	4.446
complex.33.pdb	0	13.054	39.683
complex.34.pdb	0.493976	2.410	6.075
complex.35.pdb	0.0240964	9.794	24.949
complex.36.pdb	0.0240964	8.761	22.074
complex.37.pdb	0	15.813	42.165
complex.38.pdb	0	14.289	48.696
complex.39.pdb	0.361446	4.187	16.992
complex.40.pdb	0	13.997	51.020
complex.41.pdb	0	14.697	28.905
complex.42.pdb	0.0120482	15.722	49.012
complex.43.pdb	0	15.381	47.273
complex.44.pdb	0.0120482	15.506	48.217
complex.45.pdb	0.518072	2.687	10.710
complex.46.pdb	0.0120482	14.540	40.648
complex.47.pdb	0	18.222	41.978
complex.48.pdb	0	18.862	41.493
complex.49.pdb	0.361446	5.162	23.118
complex.50.pdb	0	13.543	39.318
complex.51.pdb	0	20.240	46.208
complex.52.pdb	0	17.371	43.930
complex.53.pdb	0.0120482	14.225	52.179
complex.54.pdb	0	19.026	42.807
complex.55.pdb	0.46988	2.845	10.878
complex.56.pdb	0	20.709	48.520
complex.57.pdb	0	18.298	42.984
complex.58.pdb	0.53012	1.993	6.243
complex.59.pdb	0	16.041	42.279
complex.60.pdb	0.0120482	13.869	51.301
complex.61.pdb	0	13.248	40.890
complex.62.pdb	0	13.294	39.536
complex.63.pdb	0	19.184	46.992
complex.64.pdb	0.349398	3.047	11.281
complex.65.pdb	0	18.640	42.988
complex.66.pdb	0.0120482	13.614	50.871
complex.67.pdb	0	13.101	43.647
complex.68.pdb	0.240964	4.845	17.415
complex.69.pdb	0	13.252	46.332
complex.70.pdb	0	19.589	49.977
complex.71.pdb	0.554217	2.595	9.955
complex.72.pdb	0	13.743	39.389
complex.73.pdb	0	18.029	42.704
complex.74.pdb	0	13.475	38.996
complex.75.pdb	0	18.976	41.881
complex.76.pdb	0	10.651	19.370
complex.77.pdb	0	18.973	42.966
complex.78.pdb	0	12.995	35.654
complex.79.pdb	0	14.942	42.189
complex.80.pdb	0	13.274	45.476
complex.81.pdb	0.156627	7.328	23.653
complex.82.pdb	0	13.736	49.616
complex.83.pdb	0	20.316	48.147
complex.84.pdb	0.301205	4.114	16.116
complex.85.pdb	0	21.389	45.526
complex.86.pdb	0	12.167	24.795
complex.87.pdb	0	13.791	45.196
complex.88.pdb	0	19.794	46.284
complex.89.pdb	0	11.828	36.101
complex.90.pdb	0.108434	8.504	19.699
complex.91.pdb	0	13.258	44.035
complex.92.pdb	0	21.016	49.677
complex.93.pdb	0	15.918	50.583
complex.94.pdb	0	17.658	39.749
complex.95.pdb	0	18.830	42.430
complex.96.pdb	0	14.606	39.743
complex.97.pdb	0	14.311	51.683
complex.98.pdb	0	18.305	41.520
complex.99.pdb	0	19.418	48.746
complex.100.pdb	0	19.349	42.262
complex.101.pdb	0	10.105	29.389
complex.102.pdb	0	20.625	44.206
complex.103.pdb	0	18.080	42.957
complex.104.pdb	0	16.348	38.686
complex.105.pdb	0.228916	4.405	14.004
complex.106.pdb	0	19.430	46.643
complex.107.pdb	0.0120482	13.415	45.886
complex.108.pdb	0	20.040	47.319
complex.109.pdb	0	13.552	48.162
complex.110.pdb	0.228916	4.928	21.880
complex.111.pdb	0	17.553	39.172
complex.112.pdb	0	11.364	39.243
complex.113.pdb	0	18.786	41.765
complex.114.pdb	0.0120482	14.740	40.540
complex.115.pdb	0	13.498	46.882
complex.116.pdb	0	14.173	45.939
complex.117.pdb	0	19.164	46.273
complex.118.pdb	0	14.193	43.846
complex.119.pdb	0	14.024	39.179
complex.120.pdb	0	21.470	46.839
complex.121.pdb	0	18.250	41.157
complex.122.pdb	0	18.634	45.824
complex.123.pdb	0	21.064	50.178
complex.124.pdb	0	13.381	40.582
complex.125.pdb	0	18.596	41.875
complex.126.pdb	0	13.643	23.801
complex.127.pdb	0	18.697	43.327
complex.128.pdb	0	18.903	42.631
complex.129.pdb	0	18.926	42.207
complex.130.pdb	0	20.577	49.689
complex.131.pdb	0	21.349	48.887
complex.132.pdb	0	21.267	48.992
complex.133.pdb	0	17.496	40.807
complex.134.pdb	0	16.109	43.985
complex.135.pdb	0	16.246	42.454
complex.136.pdb	0	14.210	36.799
complex.137.pdb	0.518072	3.912	16.484
complex.138.pdb	0	20.999	49.455
complex.139.pdb	0.301205	3.655	10.607
complex.140.pdb	0	19.540	48.485
complex.141.pdb	0	18.394	42.967
complex.142.pdb	0	15.261	30.535
complex.143.pdb	0	15.904	46.272
complex.144.pdb	0	20.052	47.183
complex.145.pdb	0	20.739	46.413
complex.146.pdb	0	20.804	49.068
complex.147.pdb	0	11.198	32.982
complex.148.pdb	0	13.628	38.774
complex.149.pdb	0.0120482	9.705	36.738
complex.150.pdb	0.0120482	13.563	49.241
complex.151.pdb	0.0120482	14.439	37.552
complex.152.pdb	0.0120482	14.251	38.668
complex.153.pdb	0	13.166	32.649
complex.154.pdb	0.0120482	12.729	38.915
complex.155.pdb	0	18.904	42.926
complex.156.pdb	0	19.549	46.709
complex.157.pdb	0.156627	11.686	26.957
complex.158.pdb	0	19.234	41.748
complex.159.pdb	0	18.991	46.056
complex.160.pdb	0	10.351	22.618
complex.161.pdb	0.0120482	14.256	50.906
complex.162.pdb	0	15.747	30.561
complex.163.pdb	0	12.893	43.427
complex.164.pdb	0	16.942	43.886
complex.165.pdb	0	11.053	29.452
complex.166.pdb	0	14.129	50.276
complex.167.pdb	0.0361446	13.267	32.639
complex.168.pdb	0	18.764	43.578
complex.169.pdb	0	16.558	50.972
complex.170.pdb	0.0120482	14.053	49.893
complex.171.pdb	0	18.567	42.372
complex.172.pdb	0	18.980	44.358
complex.173.pdb	0	13.615	41.089
complex.174.pdb	0	15.589	46.001
complex.175.pdb	0	20.054	44.206
complex.176.pdb	0	17.156	43.274
complex.177.pdb	0.060241	13.105	41.464
complex.178.pdb	0	19.477	43.218
complex.179.pdb	0	19.342	43.173
complex.180.pdb	0.289157	3.840	17.162
complex.181.pdb	0	13.264	39.852
complex.182.pdb	0	15.646	55.702
complex.183.pdb	0.0120482	14.138	37.626
complex.184.pdb	0	18.740	41.482
complex.185.pdb	0	20.057	42.340
complex.186.pdb	0	19.325	43.561
complex.187.pdb	0	13.167	39.687
complex.188.pdb	0	19.619	47.167
complex.189.pdb	0	21.584	50.830
complex.190.pdb	0	9.188	23.235
complex.191.pdb	0.0240964	9.604	25.909
complex.192.pdb	0	14.603	29.760
complex.193.pdb	0	13.755	35.284
complex.194.pdb	0	16.621	42.563
complex.195.pdb	0.0361446	10.265	25.364
complex.196.pdb	0.180723	8.680	31.363
complex.197.pdb	0.0120482	15.039	45.490
complex.198.pdb	0	17.345	40.329
complex.199.pdb	0	12.752	35.562
complex.200.pdb	0	20.235	47.170
complex.201.pdb	0	14.743	30.005
complex.202.pdb	0	19.404	46.982
complex.203.pdb	0	10.234	25.761
complex.204.pdb	0.0120482	12.175	37.775
complex.205.pdb	0	13.664	47.629
complex.206.pdb	0	20.423	46.492
complex.207.pdb	0	19.224	45.188
complex.208.pdb	0.0240964	12.121	33.711
complex.209.pdb	0	18.959	42.647
complex.210.pdb	0	20.907	43.081
complex.211.pdb	0	18.904	43.536
complex.212.pdb	0	16.719	38.465
complex.213.pdb	0	20.724	48.948
complex.214.pdb	0.228916	4.177	12.561
complex.215.pdb	0.216867	4.774	18.794
complex.216.pdb	0	10.467	29.593
complex.217.pdb	0	19.083	47.971
complex.218.pdb	0	19.041	43.629
complex.219.pdb	0	20.209	47.681
complex.220.pdb	0.13253	7.608	20.248
complex.221.pdb	0.0722892	10.000	29.899
complex.222.pdb	0	17.821	62.136
complex.223.pdb	0.481928	2.768	8.788
complex.224.pdb	0	18.030	42.137
complex.225.pdb	0	10.405	20.434
complex.226.pdb	0	22.287	48.248
complex.227.pdb	0	13.046	37.128
complex.228.pdb	0.0120482	13.760	51.546
complex.229.pdb	0.0963855	9.066	22.227
complex.230.pdb	0.240964	4.481	15.961
complex.231.pdb	0	15.967	56.233
complex.232.pdb	0.0361446	10.012	25.183
complex.233.pdb	0	20.701	51.370
complex.234.pdb	0	13.572	33.570
complex.235.pdb	0.0361446	11.489	23.394
complex.236.pdb	0	13.894	36.130
complex.237.pdb	0	18.557	43.009
complex.238.pdb	0.0120482	12.002	35.485
complex.239.pdb	0	18.777	43.987
complex.240.pdb	0	20.830	47.081
complex.241.pdb	0	17.365	40.635
complex.242.pdb	0	11.733	30.704
complex.243.pdb	0	20.878	47.930
complex.244.pdb	0	19.204	43.729
complex.245.pdb	0	19.124	47.224
complex.246.pdb	0.108434	9.631	31.478
complex.247.pdb	0	14.075	44.990
complex.248.pdb	0	14.144	35.313
complex.249.pdb	0.13253	11.033	29.915
complex.250.pdb	0	18.449	43.660
complex.251.pdb	0	18.598	48.101
complex.252.pdb	0.0361446	9.712	25.546
complex.253.pdb	0	19.203	48.268
complex.254.pdb	0	14.733	44.158
complex.255.pdb	0	16.384	44.409
complex.256.pdb	0	12.969	41.538
complex.257.pdb	0	18.155	40.969
complex.258.pdb	0	9.986	27.505
complex.259.pdb	0	20.036	46.410
complex.260.pdb	0	20.000	49.722
complex.261.pdb	0.26506	4.808	19.853
complex.262.pdb	0	18.024	44.077
complex.263.pdb	0.0963855	9.650	27.026
complex.264.pdb	0	21.087	48.024
complex.265.pdb	0	14.444	41.354
complex.266.pdb	0	19.581	48.952
complex.267.pdb	0.0120482	14.208	49.366
complex.268.pdb	0	18.440	42.305
complex.269.pdb	0.168675	5.942	23.589
complex.270.pdb	0	19.228	44.073
complex.271.pdb	0.0722892	8.844	23.116
complex.272.pdb	0	17.362	41.092
complex.273.pdb	0.277108	4.717	15.016
complex.274.pdb	0	20.686	49.324
complex.275.pdb	0	13.631	46.185
complex.276.pdb	0.0240964	14.700	43.661
complex.277.pdb	0.337349	4.059	14.119
complex.278.pdb	0.0120482	10.141	32.437
complex.279.pdb	0	16.434	42.655
complex.280.pdb	0	15.732	55.050
complex.281.pdb	0	13.921	53.822
complex.282.pdb	0	12.357	40.152
complex.283.pdb	0	13.997	41.534
complex.284.pdb	0	19.574	48.981
complex.285.pdb	0	13.392	30.901
complex.286.pdb	0	14.345	40.562
complex.287.pdb	0	12.997	36.144
complex.288.pdb	0	20.649	45.672
complex.289.pdb	0.0120482	14.675	50.394
complex.290.pdb	0	13.902	47.306
complex.291.pdb	0	17.231	40.253
complex.292.pdb	0	19.211	45.139
complex.293.pdb	0	16.730	54.009
complex.294.pdb	0	13.884	50.671
complex.295.pdb	0.144578	9.813	28.536
complex.296.pdb	0	18.689	45.137
complex.297.pdb	0	18.630	46.707
complex.298.pdb	0	20.253	45.352
complex.299.pdb	0	19.372	47.296
complex.300.pdb	0	19.414	43.318
complex.301.pdb	0	19.526	45.449
complex.302.pdb	0.433735	4.781	21.008
complex.303.pdb	0	14.663	39.650
complex.304.pdb	0	16.530	53.698
complex.305.pdb	0	19.228	46.553
complex.306.pdb	0	20.530	48.104
complex.307.pdb	0	13.071	39.696
complex.308.pdb	0	13.572	34.223
complex.309.pdb	0	21.370	46.059
complex.310.pdb	0	12.016	45.726
complex.311.pdb	0	13.221	42.006
complex.312.pdb	0	21.313	50.105
complex.313.pdb	0	19.183	46.950
complex.314.pdb	0	11.722	40.476
complex.315.pdb	0.168675	6.086	24.953
complex.316.pdb	0.0120482	14.926	43.989
complex.317.pdb	0	21.036	48.206
complex.318.pdb	0	12.367	35.800
complex.319.pdb	0	15.275	36.045
complex.320.pdb	0.0120482	14.115	51.283
complex.321.pdb	0	12.402	45.992
complex.322.pdb	0	18.044	45.754
complex.323.pdb	0	18.049	61.963
complex.324.pdb	0	13.936	52.237
complex.325.pdb	0.349398	3.480	13.506
complex.326.pdb	0	13.617	46.397
complex.327.pdb	0	12.514	38.011
complex.328.pdb	0	11.443	39.513
complex.329.pdb	0	20.155	47.801
complex.330.pdb	0	16.003	58.010
complex.331.pdb	0	20.715	41.301
complex.332.pdb	0.26506	4.871	20.397
complex.333.pdb	0	13.085	44.366
complex.334.pdb	0	12.779	38.028
complex.335.pdb	0	15.744	55.195
complex.336.pdb	0	18.295	46.462
complex.337.pdb	0	14.305	52.739
complex.338.pdb	0	15.951	54.890
complex.339.pdb	0	19.642	46.442
complex.340.pdb	0	19.230	47.224
complex.341.pdb	0	19.899	44.290
complex.342.pdb	0	13.251	41.283
complex.343.pdb	0	12.601	39.205
complex.344.pdb	0.0120482	14.533	52.728
complex.345.pdb	0	19.719	45.611
complex.346.pdb	0	18.604	43.530
complex.347.pdb	0.0361446	10.473	34.097
complex.348.pdb	0	11.453	37.663
complex.349.pdb	0.0240964	9.983	25.977
complex.350.pdb	0.0361446	9.895	25.037
complex.351.pdb	0	18.844	44.708
complex.352.pdb	0	14.897	51.578
complex.353.pdb	0	18.118	45.889
complex.354.pdb	0.253012	3.501	13.846
complex.355.pdb	0	13.769	52.341
complex.356.pdb	0	15.941	43.989
complex.357.pdb	0	19.931	48.205
complex.358.pdb	0.204819	6.073	19.913
complex.359.pdb	0	14.225	30.630
complex.360.pdb	0	13.732	34.916
complex.361.pdb	0	18.493	46.588
complex.362.pdb	0	11.393	34.801
complex.363.pdb	0	15.998	44.142
complex.364.pdb	0	19.442	43.771
complex.365.pdb	0	14.557	32.973
complex.366.pdb	0	16.920	38.098
complex.367.pdb	0.060241	10.685	28.372
complex.368.pdb	0	15.729	32.260
complex.369.pdb	0	19.585	48.233
complex.370.pdb	0	19.538	46.581
complex.371.pdb	0.0722892	8.281	26.179
complex.372.pdb	0	18.285	45.061
complex.373.pdb	0.0722892	8.919	23.140
complex.374.pdb	0	11.816	40.527
complex.375.pdb	0	19.054	45.303
complex.376.pdb	0	15.599	29.095
complex.377.pdb	0	14.220	46.269
complex.378.pdb	0.0963855	10.986	42.885
complex.379.pdb	0	15.244	46.200
complex.380.pdb	0	16.279	30.780
complex.381.pdb	0	13.961	33.996
complex.382.pdb	0	16.052	52.545
complex.383.pdb	0	18.172	41.963
complex.384.pdb	0	17.894	43.342
complex.385.pdb	0	18.955	45.243
complex.386.pdb	0.433735	3.284	11.674
complex.387.pdb	0	20.945	45.032
complex.388.pdb	0	12.098	43.252
complex.389.pdb	0	18.597	42.005
complex.390.pdb	0	16.253	43.261
complex.391.pdb	0	19.291	43.535
complex.392.pdb	0	17.007	37.253
complex.393.pdb	0	21.054	44.797
complex.394.pdb	0	19.510	49.654
complex.395.pdb	0.0843373	11.071	42.401
complex.396.pdb	0	21.741	50.176
complex.397.pdb	0	18.081	43.645
complex.398.pdb	0	13.059	27.646
complex.399.pdb	0	17.225	39.553
complex.400.pdb	0.361446	3.745	9.880
complex.401.pdb	0	14.694	42.650
complex.402.pdb	0	19.084	39.386
complex.403.pdb	0	15.730	41.920
complex.404.pdb	0	18.828	47.802
complex.405.pdb	0.361446	3.671	16.766
complex.406.pdb	0.144578	7.908	21.641
complex.407.pdb	0	18.141	43.962
complex.408.pdb	0.0240964	8.549	26.185
complex.409.pdb	0	13.625	41.981
complex.410.pdb	0	19.407	38.716
complex.411.pdb	0	16.547	40.034
complex.412.pdb	0	11.796	37.962
complex.413.pdb	0.0963855	11.336	43.443
complex.414.pdb	0	19.352	42.294
complex.415.pdb	0	16.448	52.420
complex.416.pdb	0	18.330	44.184
complex.417.pdb	0	19.173	42.936
complex.418.pdb	0	13.547	40.180
complex.419.pdb	0	14.327	47.373
complex.420.pdb	0	18.308	42.605
complex.421.pdb	0	14.290	38.574
complex.422.pdb	0	19.114	48.157
complex.423.pdb	0	19.325	46.941
complex.424.pdb	0	19.996	47.044
complex.425.pdb	0	14.193	32.003
complex.426.pdb	0	15.994	51.707
complex.427.pdb	0	15.860	38.384
complex.428.pdb	0	20.706	48.146
complex.429.pdb	0	19.652	41.148
complex.430.pdb	0	19.726	44.737
complex.431.pdb	0.0843373	9.319	25.725
complex.432.pdb	0	13.684	33.425
complex.433.pdb	0	21.790	48.907
complex.434.pdb	0	15.200	45.871
complex.435.pdb	0	19.863	43.283
complex.436.pdb	0.289157	3.392	9.605
complex.437.pdb	0	12.701	37.392
complex.438.pdb	0	10.192	29.956
complex.439.pdb	0.240964	5.473	24.358
complex.440.pdb	0	18.837	42.524
complex.441.pdb	0	10.576	35.991
complex.442.pdb	0	18.769	40.811
complex.443.pdb	0.060241	6.755	15.362
complex.444.pdb	0.0120482	14.173	51.770
complex.445.pdb	0	20.044	43.312
complex.446.pdb	0.108434	9.084	24.936
complex.447.pdb	0	21.014	49.946
complex.448.pdb	0.0240964	15.265	45.475
complex.449.pdb	0	14.972	44.235
complex.450.pdb	0	19.450	46.210
complex.451.pdb	0	13.693	32.393
complex.452.pdb	0	19.061	42.797
complex.453.pdb	0	19.432	48.235
complex.454.pdb	0	19.295	45.444
complex.455.pdb	0	18.200	42.040
complex.456.pdb	0.0963855	8.527	21.292
complex.457.pdb	0	14.819	40.173
complex.458.pdb	0	12.695	38.589
complex.459.pdb	0	20.148	46.375
complex.460.pdb	0	18.399	43.621
complex.461.pdb	0	22.376	49.572
complex.462.pdb	0	14.768	42.836
complex.463.pdb	0.13253	6.180	12.903
complex.464.pdb	0	16.038	30.791
complex.465.pdb	0	21.384	49.947
complex.466.pdb	0	19.154	37.889
complex.467.pdb	0	13.489	42.974
complex.468.pdb	0	17.977	40.138
complex.469.pdb	0	9.394	22.178
complex.470.pdb	0	14.574	43.922
complex.471.pdb	0	20.180	42.983
complex.472.pdb	0.0843373	12.861	38.439
complex.473.pdb	0	21.908	50.163
complex.474.pdb	0.0722892	9.292	36.383
complex.475.pdb	0	19.181	45.303
complex.476.pdb	0	11.165	34.276
complex.477.pdb	0	18.959	49.162
complex.478.pdb	0	20.432	46.707
complex.479.pdb	0	15.431	29.182
complex.480.pdb	0	12.940	38.012
complex.481.pdb	0	15.370	46.033
complex.482.pdb	0	20.429	44.587
complex.483.pdb	0	19.380	45.535
complex.484.pdb	0	15.490	44.643
complex.485.pdb	0	20.591	42.994
complex.486.pdb	0.0481928	7.373	14.279
complex.487.pdb	0.0120482	12.378	27.235
complex.488.pdb	0	14.463	38.853
complex.489.pdb	0	13.873	35.121
complex.490.pdb	0	12.930	37.666
complex.491.pdb	0	13.362	30.775
complex.492.pdb	0	15.722	50.588
complex.493.pdb	0	16.446	36.630
complex.494.pdb	0	20.022	41.709
complex.495.pdb	0	19.200	46.940
complex.496.pdb	0	18.443	41.980
complex.497.pdb	0	23.087	50.357
complex.498.pdb	0	18.339	43.717
complex.499.pdb	0.0120482	14.006	35.944
complex.500.pdb	0	14.094	40.205
complex.501.pdb	0	16.157	42.800
complex.502.pdb	0	18.138	45.184
complex.503.pdb	0	16.892	44.770
complex.504.pdb	0	15.059	31.437
complex.505.pdb	0	11.982	35.017
complex.506.pdb	0	18.496	43.682
complex.507.pdb	0	12.380	43.577
complex.508.pdb	0	17.216	60.361
complex.509.pdb	0	11.936	31.640
complex.510.pdb	0.060241	7.707	13.734
complex.511.pdb	0	13.955	37.017
complex.512.pdb	0.0240964	9.298	28.847
complex.513.pdb	0	18.258	44.566
complex.514.pdb	0	15.507	44.689
complex.515.pdb	0.301205	4.642	20.328
complex.516.pdb	0	12.950	43.770
complex.517.pdb	0.0481928	7.591	18.322
complex.518.pdb	0	11.272	29.914
complex.519.pdb	0	19.041	46.193
complex.520.pdb	0	19.964	47.747
complex.521.pdb	0	20.973	48.595
complex.522.pdb	0	18.314	43.684
complex.523.pdb	0	22.333	48.866
complex.524.pdb	0	11.620	28.034
complex.525.pdb	0	14.106	40.842
complex.526.pdb	0	18.838	47.547
complex.527.pdb	0	13.580	31.969
complex.528.pdb	0	19.461	47.098
complex.529.pdb	0	14.010	49.316
complex.530.pdb	0	16.433	52.545
complex.531.pdb	0	19.793	46.754
complex.532.pdb	0	14.296	27.212
complex.533.pdb	0	19.631	45.975
complex.534.pdb	0	13.574	35.643
complex.535.pdb	0	17.064	40.461
complex.536.pdb	0.120482	7.429	19.921
complex.537.pdb	0	13.571	39.446
complex.538.pdb	0	21.159	48.841
complex.539.pdb	0	17.034	39.702
complex.540.pdb	0.0120482	13.596	39.698
complex.541.pdb	0	20.229	46.920
complex.542.pdb	0.0722892	8.102	15.927
complex.543.pdb	0	15.290	53.521
complex.544.pdb	0	19.164	47.788
complex.545.pdb	0	20.480	42.352
complex.546.pdb	0	20.847	50.097
complex.547.pdb	0	21.076	48.152
complex.548.pdb	0	17.639	42.523
complex.549.pdb	0	18.632	48.646
complex.550.pdb	0	15.991	56.007
complex.551.pdb	0	20.462	46.589
complex.552.pdb	0.349398	3.073	10.291
complex.553.pdb	0.13253	9.842	29.259
complex.554.pdb	0	12.207	43.404
complex.555.pdb	0	20.809	47.134
complex.556.pdb	0.0963855	9.299	36.560
complex.557.pdb	0	19.021	47.533
complex.558.pdb	0	18.961	43.940
complex.559.pdb	0	20.700	42.999
complex.560.pdb	0	19.150	37.488
complex.561.pdb	0.0120482	12.232	24.899
complex.562.pdb	0	16.631	32.328
complex.563.pdb	0	21.541	48.139
complex.564.pdb	0	18.002	43.305
complex.565.pdb	0	15.247	42.857
complex.566.pdb	0	15.404	28.584
complex.567.pdb	0	19.817	42.797
complex.568.pdb	0	11.904	32.506
complex.569.pdb	0	18.458	41.132
complex.570.pdb	0	18.070	43.094
complex.571.pdb	0	15.623	44.640
complex.572.pdb	0	20.308	46.892
complex.573.pdb	0	13.219	31.249
complex.574.pdb	0	16.183	34.569
complex.575.pdb	0	20.285	47.791
complex.576.pdb	0	14.244	34.868
complex.577.pdb	0	19.810	48.805
complex.578.pdb	0	18.987	43.477
complex.579.pdb	0	20.181	42.859
complex.580.pdb	0	15.929	43.910
complex.581.pdb	0	14.634	27.703
complex.582.pdb	0	18.699	46.761
complex.583.pdb	0	13.372	35.724
complex.584.pdb	0	19.198	47.003
complex.585.pdb	0	14.999	31.921
complex.586.pdb	0	14.323	27.697
complex.587.pdb	0	15.888	45.402
complex.588.pdb	0	15.269	30.511
complex.589.pdb	0	20.030	46.276
complex.590.pdb	0	16.404	30.170
complex.591.pdb	0	15.932	48.445
complex.592.pdb	0.0722892	10.055	36.925
complex.593.pdb	0	18.134	42.862
complex.594.pdb	0	16.912	37.415
complex.595.pdb	0	11.762	35.845
complex.596.pdb	0	19.351	40.888
complex.597.pdb	0.0120482	12.538	28.168
complex.598.pdb	0	20.189	45.286
complex.599.pdb	0	19.873	45.435
complex.600.pdb	0	14.096	33.748
complex.601.pdb	0	15.278	49.618
complex.602.pdb	0.144578	4.702	19.105
complex.603.pdb	0	13.182	43.892
complex.604.pdb	0	20.655	49.506
complex.605.pdb	0	20.584	48.297
complex.606.pdb	0	15.882	51.234
complex.607.pdb	0	15.345	26.807
complex.608.pdb	0.0120482	11.100	21.406
complex.609.pdb	0	19.424	49.016
complex.610.pdb	0	19.986	45.268
complex.611.pdb	0	19.235	48.036
complex.612.pdb	0	15.445	47.447
complex.613.pdb	0	11.833	34.569
complex.614.pdb	0	13.975	45.460
complex.615.pdb	0	12.207	31.324
complex.616.pdb	0	19.073	44.944
complex.617.pdb	0	19.212	47.239
complex.618.pdb	0	18.492	38.989
complex.619.pdb	0	19.799	47.982
complex.620.pdb	0	14.546	48.266
complex.621.pdb	0	10.495	37.197
complex.622.pdb	0	14.219	29.137
complex.623.pdb	0.144578	6.627	25.037
complex.624.pdb	0	16.669	60.176
complex.625.pdb	0	19.855	45.721
complex.626.pdb	0	18.082	46.317
complex.627.pdb	0	17.518	45.507
complex.628.pdb	0	15.411	50.123
complex.629.pdb	0	21.125	48.323
complex.630.pdb	0	16.392	45.268
complex.631.pdb	0	19.594	46.543
complex.632.pdb	0	15.998	53.920
complex.633.pdb	0	20.865	43.062
complex.634.pdb	0	15.300	40.678
complex.635.pdb	0	10.227	21.817
complex.636.pdb	0	16.516	55.163
complex.637.pdb	0	17.965	42.490
complex.638.pdb	0	12.853	38.015
complex.639.pdb	0	17.674	40.716
complex.640.pdb	0.0843373	9.457	21.165
complex.641.pdb	0.0120482	9.252	25.293
complex.642.pdb	0	21.314	49.766
complex.643.pdb	0	9.084	26.745
complex.644.pdb	0.168675	5.268	18.717
complex.645.pdb	0	21.905	47.415
complex.646.pdb	0	15.627	37.598
complex.647.pdb	0	18.633	42.566
complex.648.pdb	0	16.648	44.203
complex.649.pdb	0.168675	5.302	17.402
complex.650.pdb	0	12.931	41.449
complex.651.pdb	0	11.089	32.158
complex.652.pdb	0	16.151	43.826
complex.653.pdb	0	15.460	50.516
complex.654.pdb	0	14.842	31.010
complex.655.pdb	0	16.254	41.162
complex.656.pdb	0	12.344	39.985
complex.657.pdb	0	14.990	44.328
complex.658.pdb	0	21.321	47.369
complex.659.pdb	0	15.130	39.963
complex.660.pdb	0	11.620	40.353
complex.661.pdb	0	21.735	47.342
complex.662.pdb	0	20.419	46.201
complex.663.pdb	0.0963855	5.694	22.672
complex.664.pdb	0	12.716	37.304
complex.665.pdb	0	11.547	35.389
complex.666.pdb	0	15.328	44.674
complex.667.pdb	0	16.504	33.783
complex.668.pdb	0	14.996	40.832
complex.669.pdb	0	13.084	36.974
complex.670.pdb	0.0361446	11.434	28.737
complex.671.pdb	0	18.608	44.683
complex.672.pdb	0	19.566	49.295
complex.673.pdb	0	18.189	42.021
complex.674.pdb	0.253012	3.389	10.150
complex.675.pdb	0.0120482	14.882	44.652
complex.676.pdb	0.277108	5.819	25.830
complex.677.pdb	0	16.327	49.206
complex.678.pdb	0	20.130	46.114
complex.679.pdb	0	16.410	58.995
complex.680.pdb	0	19.109	46.785
complex.681.pdb	0	10.345	25.466
complex.682.pdb	0	19.866	49.281
complex.683.pdb	0	20.816	50.048
complex.684.pdb	0	14.258	35.116
complex.685.pdb	0	17.602	43.152
complex.686.pdb	0	10.948	28.677
complex.687.pdb	0	19.210	38.484
complex.688.pdb	0	14.776	46.634
complex.689.pdb	0	15.078	52.073
complex.690.pdb	0	20.716	46.688
complex.691.pdb	0	13.996	39.049
complex.692.pdb	0	15.456	54.125
complex.693.pdb	0.120482	8.193	19.704
complex.694.pdb	0	19.412	45.399
complex.695.pdb	0.373494	3.245	12.777
complex.696.pdb	0	16.744	41.541
complex.697.pdb	0	20.504	41.602
complex.698.pdb	0	18.854	41.368
complex.699.pdb	0	14.528	44.597
complex.700.pdb	0	22.938	47.985
complex.701.pdb	0	15.398	30.493
complex.702.pdb	0	14.046	40.660
complex.703.pdb	0	15.430	27.472
complex.704.pdb	0.0481928	8.288	26.725
complex.705.pdb	0	14.871	39.466
complex.706.pdb	0	19.599	41.467
complex.707.pdb	0	12.486	43.177
complex.708.pdb	0	18.457	47.563
complex.709.pdb	0	17.736	44.444
complex.710.pdb	0.0120482	14.018	40.304
complex.711.pdb	0	17.961	45.117
complex.712.pdb	0.409639	2.195	6.897
complex.713.pdb	0	19.364	48.236
complex.714.pdb	0	17.558	39.556
complex.715.pdb	0.060241	11.706	45.323
complex.716.pdb	0	20.842	47.206
complex.717.pdb	0.0722892	8.200	19.931
complex.718.pdb	0.385542	4.678	20.750
complex.719.pdb	0	19.798	39.609
complex.720.pdb	0	18.841	40.548
complex.721.pdb	0	12.903	42.101
complex.722.pdb	0	11.717	38.703
complex.723.pdb	0	17.342	42.392
complex.724.pdb	0	22.583	49.120
complex.725.pdb	0.0120482	14.124	51.852
complex.726.pdb	0.060241	8.244	23.031
complex.727.pdb	0	19.305	47.033
complex.728.pdb	0	14.148	29.394
complex.729.pdb	0	18.569	41.632
complex.730.pdb	0	13.327	39.869
complex.731.pdb	0.192771	7.229	30.024
complex.732.pdb	0	19.584	45.871
complex.733.pdb	0	18.848	41.351
complex.734.pdb	0	19.146	47.371
complex.735.pdb	0	13.779	30.911
complex.736.pdb	0	16.367	49.600
complex.737.pdb	0	16.748	59.555
complex.738.pdb	0	15.296	44.003
complex.739.pdb	0.0481928	13.670	38.589
complex.740.pdb	0	17.989	43.339
complex.741.pdb	0	13.354	36.654
complex.742.pdb	0	15.192	44.760
complex.743.pdb	0	15.308	46.371
complex.744.pdb	0	15.088	29.888
complex.745.pdb	0	16.195	55.298
complex.746.pdb	0	21.043	46.061
complex.747.pdb	0	13.724	38.604
complex.748.pdb	0	13.545	52.343
complex.749.pdb	0	22.425	47.204
complex.750.pdb	0	11.402	40.268
complex.751.pdb	0.0963855	9.661	26.947
complex.752.pdb	0	16.304	53.165
complex.753.pdb	0.120482	8.163	32.876
complex.754.pdb	0	13.950	35.011
complex.755.pdb	0	12.772	35.977
complex.756.pdb	0	16.784	38.420
complex.757.pdb	0	16.470	54.600
complex.758.pdb	0	17.318	41.614
complex.759.pdb	0	20.669	46.694
complex.760.pdb	0.168675	4.634	16.185
complex.761.pdb	0	18.979	44.867
complex.762.pdb	0	11.354	32.205
complex.763.pdb	0	20.166	41.902
complex.764.pdb	0	10.388	34.785
complex.765.pdb	0	21.122	50.484
complex.766.pdb	0	17.813	33.260
complex.767.pdb	0.0963855	9.565	26.982
complex.768.pdb	0.13253	4.574	17.325
complex.769.pdb	0	20.786	49.854
complex.770.pdb	0	10.613	26.871
complex.771.pdb	0	17.389	42.913
complex.772.pdb	0	20.164	48.467
complex.773.pdb	0	14.225	34.734
complex.774.pdb	0	17.739	60.441
complex.775.pdb	0	15.191	33.308
complex.776.pdb	0	16.665	42.568
complex.777.pdb	0.0843373	10.789	39.703
complex.778.pdb	0	19.049	47.395
complex.779.pdb	0	18.941	39.782
complex.780.pdb	0.0120482	13.208	50.687
complex.781.pdb	0	15.811	45.766
complex.782.pdb	0	17.962	38.585
complex.783.pdb	0	20.565	42.992
complex.784.pdb	0.0240964	13.299	30.259
complex.785.pdb	0.0722892	7.001	15.090
complex.786.pdb	0	10.681	41.897
complex.787.pdb	0	21.184	49.075
complex.788.pdb	0	19.367	49.212
complex.789.pdb	0	18.301	45.407
complex.790.pdb	0	20.097	44.408
complex.791.pdb	0.108434	9.622	25.956
complex.792.pdb	0.493976	1.726	7.159
complex.793.pdb	0.0120482	15.174	46.648
complex.794.pdb	0	15.566	31.803
complex.795.pdb	0	20.642	45.027
complex.796.pdb	0	18.389	41.921
complex.797.pdb	0	12.532	36.996
complex.798.pdb	0	15.330	45.953
complex.799.pdb	0	13.716	26.956
complex.800.pdb	0.0722892	8.787	19.798
complex.801.pdb	0	19.227	37.296
complex.802.pdb	0	9.977	24.186
complex.803.pdb	0	17.846	45.816
complex.804.pdb	0	19.283	46.923
complex.805.pdb	0	14.329	54.523
complex.806.pdb	0	16.543	47.739
complex.807.pdb	0	12.470	32.253
complex.808.pdb	0	18.731	45.510
complex.809.pdb	0	17.787	43.578
complex.810.pdb	0	15.515	28.594
complex.811.pdb	0	22.511	47.757
complex.812.pdb	0	11.937	32.488
complex.813.pdb	0	13.109	33.699
complex.814.pdb	0	18.166	36.381
complex.815.pdb	0	14.324	28.173
complex.816.pdb	0	18.479	43.451
complex.817.pdb	0	16.687	40.363
complex.818.pdb	0.216867	3.347	8.439
complex.819.pdb	0.0481928	10.596	23.504
complex.820.pdb	0	14.494	48.563
complex.821.pdb	0	16.241	51.193
complex.822.pdb	0.0722892	12.970	34.338
complex.823.pdb	0	17.080	43.449
complex.824.pdb	0	12.731	32.972
complex.825.pdb	0	18.626	42.951
complex.826.pdb	0.0843373	5.731	24.051
complex.827.pdb	0.204819	8.122	31.427
complex.828.pdb	0	19.899	43.981
complex.829.pdb	0	14.404	44.959
complex.830.pdb	0	19.232	45.625
complex.831.pdb	0	20.507	45.821
complex.832.pdb	0	16.854	41.730
complex.833.pdb	0	14.430	41.410
complex.834.pdb	0	18.420	44.751
complex.835.pdb	0.0120482	10.637	26.135
complex.836.pdb	0	17.324	44.197
complex.837.pdb	0.313253	3.901	8.447
complex.838.pdb	0	13.483	41.082
complex.839.pdb	0	17.541	45.572
complex.840.pdb	0.0843373	5.332	20.100
complex.841.pdb	0	18.379	46.344
complex.842.pdb	0	18.078	43.052
complex.843.pdb	0	21.949	50.495
complex.844.pdb	0	15.548	41.364
complex.845.pdb	0	20.852	45.309
complex.846.pdb	0	12.597	45.304
complex.847.pdb	0.0120482	14.710	52.065
complex.848.pdb	0	20.924	47.602
complex.849.pdb	0	15.335	53.712
complex.850.pdb	0.0843373	10.503	40.781
complex.851.pdb	0	12.481	36.659
complex.852.pdb	0.0240964	12.692	48.669
complex.853.pdb	0	18.555	48.789
complex.854.pdb	0	17.919	61.849
complex.855.pdb	0	10.759	32.993
complex.856.pdb	0	18.324	45.956
complex.857.pdb	0	15.334	28.264
complex.858.pdb	0	16.439	43.265
complex.859.pdb	0.0963855	5.109	17.819
complex.860.pdb	0	19.826	41.268
complex.861.pdb	0.060241	8.456	21.192
complex.862.pdb	0	15.967	53.511
complex.863.pdb	0	20.226	48.858
complex.864.pdb	0.060241	10.605	39.818
complex.865.pdb	0	14.615	37.733
complex.866.pdb	0	19.333	40.351
complex.867.pdb	0	15.361	31.669
complex.868.pdb	0	17.882	44.870
complex.869.pdb	0	18.454	41.893
complex.870.pdb	0.26506	3.750	11.032
complex.871.pdb	0	16.950	47.252
complex.872.pdb	0	18.177	43.454
complex.873.pdb	0.0120482	9.441	24.722
complex.874.pdb	0	21.577	50.320
complex.875.pdb	0	19.991	45.043
complex.876.pdb	0	16.060	41.984
complex.877.pdb	0	19.630	47.828
complex.878.pdb	0	20.716	47.551
complex.879.pdb	0	19.946	48.920
complex.880.pdb	0	14.423	28.357
complex.881.pdb	0.0120482	12.166	35.228
complex.882.pdb	0	15.912	44.230
complex.883.pdb	0	22.889	51.644
complex.884.pdb	0.0481928	12.387	47.257
complex.885.pdb	0	16.369	55.373
complex.886.pdb	0	19.287	41.107
complex.887.pdb	0	12.104	34.295
complex.888.pdb	0	16.479	48.199
complex.889.pdb	0	14.980	42.460
complex.890.pdb	0	16.541	54.609
complex.891.pdb	0	18.140	44.736
complex.892.pdb	0	13.103	37.451
complex.893.pdb	0	16.662	52.221
complex.894.pdb	0	13.244	49.064
complex.895.pdb	0.0361446	9.421	25.160
complex.896.pdb	0	24.379	54.944
complex.897.pdb	0	18.806	43.136
complex.898.pdb	0.240964	3.505	14.137
complex.899.pdb	0	18.452	41.778
complex.900.pdb	0.216867	4.753	21.230
complex.901.pdb	0	16.882	45.562
complex.902.pdb	0	13.338	40.806
complex.903.pdb	0	11.399	37.043
complex.904.pdb	0.0240964	8.501	21.469
complex.905.pdb	0	20.443	47.985
complex.906.pdb	0	14.661	36.916
complex.907.pdb	0	19.076	47.056
complex.908.pdb	0	14.016	32.515
complex.909.pdb	0	14.946	55.527
complex.910.pdb	0.144578	9.238	25.451
complex.911.pdb	0	12.880	46.081
complex.912.pdb	0.0120482	13.780	51.291
complex.913.pdb	0	14.760	40.731
complex.914.pdb	0	15.223	46.065
complex.915.pdb	0	13.628	40.101
complex.916.pdb	0	14.908	46.369
complex.917.pdb	0	14.764	33.100
complex.918.pdb	0.0240964	11.775	43.802
complex.919.pdb	0	16.538	59.136
complex.920.pdb	0.0722892	9.091	23.315
complex.921.pdb	0.108434	5.046	14.788
complex.922.pdb	0.0120482	13.096	37.077
complex.923.pdb	0	21.145	48.329
complex.924.pdb	0	18.439	36.893
complex.925.pdb	0	14.221	29.552
complex.926.pdb	0	12.088	36.832
complex.927.pdb	0.0481928	11.891	35.821
complex.928.pdb	0	16.840	55.140
complex.929.pdb	0	20.210	40.976
complex.930.pdb	0	13.104	32.526
complex.931.pdb	0	14.997	52.266
complex.932.pdb	0	17.308	42.105
complex.933.pdb	0	13.637	39.079
complex.934.pdb	0	15.452	52.721
complex.935.pdb	0	19.655	47.831
complex.936.pdb	0	20.584	41.648
complex.937.pdb	0	15.473	57.220
complex.938.pdb	0	14.581	36.466
complex.939.pdb	0.325301	3.398	11.624
complex.940.pdb	0	18.777	41.070
complex.941.pdb	0	20.960	49.496
complex.942.pdb	0	14.635	40.003
complex.943.pdb	0.0361446	9.322	33.669
complex.944.pdb	0	18.487	38.708
complex.945.pdb	0	19.156	47.581
complex.946.pdb	0	13.706	29.162
complex.947.pdb	0	15.176	36.027
complex.948.pdb	0	17.679	52.798
complex.949.pdb	0	18.445	35.967
complex.950.pdb	0	16.874	38.720
complex.951.pdb	0	21.354	49.857
complex.952.pdb	0.0963855	9.310	33.560
complex.953.pdb	0	19.002	37.744
complex.954.pdb	0	13.759	31.687
complex.955.pdb	0	12.428	34.875
complex.956.pdb	0	15.321	49.471
complex.957.pdb	0	21.219	49.704
complex.958.pdb	0	14.463	48.475
complex.959.pdb	0.0722892	8.180	26.782
complex.960.pdb	0.0120482	15.541	52.114
complex.961.pdb	0	14.668	47.323
complex.962.pdb	0	12.563	33.154
complex.963.pdb	0	19.247	45.836
complex.964.pdb	0	21.982	46.643
complex.965.pdb	0	20.738	47.056
complex.966.pdb	0.0120482	15.512	54.073
complex.967.pdb	0	19.485	45.301
complex.968.pdb	0	17.946	34.389
complex.969.pdb	0	10.683	31.337
complex.970.pdb	0.0240964	9.515	19.488
complex.971.pdb	0.0843373	10.859	27.469
complex.972.pdb	0	20.067	43.445
complex.973.pdb	0.0240964	11.716	24.581
complex.974.pdb	0	16.488	43.770
complex.975.pdb	0	12.971	37.122
complex.976.pdb	0	14.519	47.863
complex.977.pdb	0.144578	7.107	25.642
complex.978.pdb	0	12.804	28.694
complex.979.pdb	0	19.308	46.778
complex.980.pdb	0.108434	9.617	36.934
complex.981.pdb	0	16.925	31.344
complex.982.pdb	0	19.205	47.846
complex.983.pdb	0	22.480	50.711
complex.984.pdb	0.0361446	14.244	38.488
complex.985.pdb	0	15.173	41.444
complex.986.pdb	0	13.948	32.326
complex.987.pdb	0.0120482	10.748	22.067
complex.988.pdb	0.0722892	9.251	26.997
complex.989.pdb	0	21.487	47.718
complex.990.pdb	0	16.023	42.008
complex.991.pdb	0	21.622	50.004
complex.992.pdb	0	15.560	49.948
complex.993.pdb	0	12.988	40.258
complex.994.pdb	0	16.002	55.418
complex.995.pdb	0	19.070	45.273
complex.996.pdb	0.0120482	14.402	53.075
complex.997.pdb	0	16.862	45.636
complex.998.pdb	0	15.832	55.448
complex.999.pdb	0	14.981	45.865
complex.1000.pdb	0	11.560	22.979
complex.1001.pdb	0	17.494	40.137
complex.1002.pdb	0	9.325	17.003
complex.1003.pdb	0.0722892	12.205	46.541
complex.1004.pdb	0	16.338	58.557
complex.1005.pdb	0.108434	7.836	15.035
complex.1006.pdb	0	12.347	35.420
complex.1007.pdb	0	18.874	46.323
complex.1008.pdb	0	18.045	40.590
complex.1009.pdb	0.0361446	12.559	48.362
complex.1010.pdb	0	15.238	52.845
complex.1011.pdb	0	19.269	47.523
complex.1012.pdb	0	14.536	40.490
complex.1013.pdb	0	13.739	28.196
complex.1014.pdb	0.0843373	9.300	25.745
complex.1015.pdb	0	18.895	44.783
complex.1016.pdb	0	15.702	33.775
complex.1017.pdb	0	12.476	34.184
complex.1018.pdb	0	13.661	35.859
complex.1019.pdb	0	16.788	58.017
complex.1020.pdb	0	17.150	39.109
complex.1021.pdb	0.0240964	7.396	19.508
complex.1022.pdb	0	11.286	33.984
complex.1023.pdb	0	20.040	44.679
complex.1024.pdb	0	17.976	47.295
complex.1025.pdb	0	15.365	45.974
complex.1026.pdb	0.240964	3.547	9.586
complex.1027.pdb	0	15.197	48.024
complex.1028.pdb	0	17.460	34.688
complex.1029.pdb	0	21.606	44.182
complex.1030.pdb	0.0843373	8.884	32.645
complex.1031.pdb	0.060241	10.882	28.566
complex.1032.pdb	0.0240964	8.629	28.877
complex.1033.pdb	0	19.554	46.757
complex.1034.pdb	0	10.012	20.243
complex.1035.pdb	0.108434	7.370	30.371
complex.1036.pdb	0	13.501	34.778
complex.1037.pdb	0	19.919	46.742
complex.1038.pdb	0	18.222	44.405
complex.1039.pdb	0	17.908	45.050
complex.1040.pdb	0	19.482	45.409
complex.1041.pdb	0	19.382	44.428
complex.1042.pdb	0	20.472	46.481
complex.1043.pdb	0	13.676	42.346
complex.1044.pdb	0	21.927	46.129
complex.1045.pdb	0	15.214	37.617
complex.1046.pdb	0.0240964	11.931	25.044
complex.1047.pdb	0	13.690	51.691
complex.1048.pdb	0	15.059	48.709
complex.1049.pdb	0	20.033	46.543
complex.1050.pdb	0	21.141	42.490
complex.1051.pdb	0	18.224	47.001
complex.1052.pdb	0	19.001	46.627
complex.1053.pdb	0	11.307	23.858
complex.1054.pdb	0	13.375	43.826
complex.1055.pdb	0	15.265	44.934
complex.1056.pdb	0	20.125	43.356
complex.1057.pdb	0	19.255	40.605
complex.1058.pdb	0	17.930	60.360
complex.1059.pdb	0	22.629	46.979
complex.1060.pdb	0	20.133	46.683
complex.1061.pdb	0	18.094	46.142
complex.1062.pdb	0	19.917	48.054
complex.1063.pdb	0	14.941	29.337
complex.1064.pdb	0	19.587	42.152
complex.1065.pdb	0	15.505	53.703
complex.1066.pdb	0	18.511	38.126
complex.1067.pdb	0	19.201	47.460
complex.1068.pdb	0	13.496	30.238
complex.1069.pdb	0	16.451	40.274
complex.1070.pdb	0	17.304	44.928
complex.1071.pdb	0	17.791	43.150
complex.1072.pdb	0	16.419	47.481
complex.1073.pdb	0	15.015	37.124
complex.1074.pdb	0	15.400	46.825
complex.1075.pdb	0	18.743	45.000
complex.1076.pdb	0	11.657	23.349
complex.1077.pdb	0	15.084	39.808
complex.1078.pdb	0	14.173	44.772
complex.1079.pdb	0	15.325	50.245
complex.1080.pdb	0	18.509	44.756
complex.1081.pdb	0	20.389	44.841
complex.1082.pdb	0	15.607	36.291
complex.1083.pdb	0	17.044	37.809
complex.1084.pdb	0	13.506	47.301
complex.1085.pdb	0.060241	11.316	37.895
complex.1086.pdb	0.0481928	9.782	24.144
complex.1087.pdb	0.060241	11.262	33.533
complex.1088.pdb	0	15.436	39.706
complex.1089.pdb	0	16.808	40.375
complex.1090.pdb	0	21.813	49.272
complex.1091.pdb	0.0722892	6.688	13.048
complex.1092.pdb	0	24.448	50.491
complex.1093.pdb	0	13.903	33.011
complex.1094.pdb	0	19.254	44.321
complex.1095.pdb	0	16.901	62.916
complex.1096.pdb	0	15.556	50.175
complex.1097.pdb	0	9.909	32.476
complex.1098.pdb	0	15.841	47.073
complex.1099.pdb	0.0120482	16.193	54.138
complex.1100.pdb	0	10.846	35.429
complex.1101.pdb	0	18.245	43.770
complex.1102.pdb	0	19.635	38.269
complex.1103.pdb	0	15.177	52.733
complex.1104.pdb	0	15.579	40.022
complex.1105.pdb	0	14.849	30.450
complex.1106.pdb	0	13.713	31.609
complex.1107.pdb	0	19.173	47.837
complex.1108.pdb	0.0120482	11.939	27.300
complex.1109.pdb	0	16.038	51.929
complex.1110.pdb	0	14.278	29.307
complex.1111.pdb	0	19.623	44.718
complex.1112.pdb	0	19.138	47.645
complex.1113.pdb	0	18.987	49.744
complex.1114.pdb	0	21.123	47.980
complex.1115.pdb	0.0361446	13.008	26.081
complex.1116.pdb	0	13.163	38.834
complex.1117.pdb	0	20.659	45.814
complex.1118.pdb	0	16.555	38.540
complex.1119.pdb	0	19.050	41.513
complex.1120.pdb	0	13.769	40.738
complex.1121.pdb	0	17.705	42.868
complex.1122.pdb	0	18.475	46.536
complex.1123.pdb	0.0722892	9.642	26.997
complex.1124.pdb	0	15.952	54.454
complex.1125.pdb	0	17.694	46.054
complex.1126.pdb	0	20.234	41.575
complex.1127.pdb	0	18.940	45.912
complex.1128.pdb	0	14.658	27.199
complex.1129.pdb	0	12.487	29.148
complex.1130.pdb	0	12.115	34.181
complex.1131.pdb	0	19.955	47.091
complex.1132.pdb	0.0120482	14.525	41.503
complex.1133.pdb	0	13.396	50.142
complex.1134.pdb	0	14.071	47.822
complex.1135.pdb	0	18.399	47.279
complex.1136.pdb	0	18.758	45.708
complex.1137.pdb	0	18.069	43.434
complex.1138.pdb	0	17.878	40.655
complex.1139.pdb	0	18.971	42.317
complex.1140.pdb	0	10.762	39.510
complex.1141.pdb	0	20.609	48.589
complex.1142.pdb	0	16.110	49.154
complex.1143.pdb	0.0120482	10.684	20.440
complex.1144.pdb	0	13.186	38.105
complex.1145.pdb	0	16.525	41.200
complex.1146.pdb	0	18.779	35.179
complex.1147.pdb	0	17.834	38.342
complex.1148.pdb	0	13.416	24.719
complex.1149.pdb	0	15.638	28.556
complex.1150.pdb	0.168675	4.858	17.873
complex.1151.pdb	0.13253	7.259	21.006
complex.1152.pdb	0	21.105	47.015
complex.1153.pdb	0	19.251	44.670
complex.1154.pdb	0.0963855	9.487	36.171
complex.1155.pdb	0	19.379	44.059
complex.1156.pdb	0	15.266	45.668
complex.1157.pdb	0	15.268	28.759
complex.1158.pdb	0	15.084	30.741
complex.1159.pdb	0	20.373	49.784
complex.1160.pdb	0	18.008	40.028
complex.1161.pdb	0	21.282	49.537
complex.1162.pdb	0.0963855	12.035	38.046
complex.1163.pdb	0	13.664	38.442
complex.1164.pdb	0	16.572	53.504
complex.1165.pdb	0	14.373	46.207
complex.1166.pdb	0	11.929	32.881
complex.1167.pdb	0	11.702	37.954
complex.1168.pdb	0	16.600	56.314
complex.1169.pdb	0	11.332	35.318
complex.1170.pdb	0	13.289	38.521
complex.1171.pdb	0	13.041	47.616
complex.1172.pdb	0	13.441	48.139
complex.1173.pdb	0	13.222	37.866
complex.1174.pdb	0	15.545	57.322
complex.1175.pdb	0	20.756	50.943
complex.1176.pdb	0	16.125	39.969
complex.1177.pdb	0.0963855	4.914	19.039
complex.1178.pdb	0	16.740	38.660
complex.1179.pdb	0	13.074	49.716
complex.1180.pdb	0	16.441	55.710
complex.1181.pdb	0	8.367	26.813
complex.1182.pdb	0	14.470	36.765
complex.1183.pdb	0	13.701	47.094
complex.1184.pdb	0	19.646	43.342
complex.1185.pdb	0.0240964	7.688	29.659
complex.1186.pdb	0	12.733	38.202
complex.1187.pdb	0	14.809	29.287
complex.1188.pdb	0	18.777	44.149
complex.1189.pdb	0	10.792	35.856
complex.1190.pdb	0	20.486	49.696
complex.1191.pdb	0	12.319	38.296
complex.1192.pdb	0	17.780	43.694
complex.1193.pdb	0	21.910	50.034
complex.1194.pdb	0	16.627	41.155
complex.1195.pdb	0	19.297	46.038
complex.1196.pdb	0	11.976	26.177
complex.1197.pdb	0	16.812	55.375
complex.1198.pdb	0	15.583	34.935
complex.1199.pdb	0.0120482	11.306	22.224
complex.1200.pdb	0	18.934	38.487
complex.1201.pdb	0	14.456	42.102
complex.1202.pdb	0	13.386	27.024
complex.1203.pdb	0	18.860	41.340
complex.1204.pdb	0	12.352	37.918
complex.1205.pdb	0.0361446	15.183	45.351
complex.1206.pdb	0.0963855	9.364	24.899
complex.1207.pdb	0	19.930	49.345
complex.1208.pdb	0	14.654	42.435
complex.1209.pdb	0	19.412	38.908
complex.1210.pdb	0	21.173	48.559
complex.1211.pdb	0	12.563	37.046
complex.1212.pdb	0	17.255	41.104
complex.1213.pdb	0.0120482	12.483	45.538
complex.1214.pdb	0	11.798	36.615
complex.1215.pdb	0	12.751	37.002
complex.1216.pdb	0	13.157	48.163
complex.1217.pdb	0	21.476	47.726
complex.1218.pdb	0	15.221	43.656
complex.1219.pdb	0	21.470	50.251
complex.1220.pdb	0	16.297	34.877
complex.1221.pdb	0.0722892	10.310	29.803
complex.1222.pdb	0	13.015	50.254
complex.1223.pdb	0	19.155	46.678
complex.1224.pdb	0	19.136	45.774
complex.1225.pdb	0.0722892	10.101	30.381
complex.1226.pdb	0	14.897	42.448
complex.1227.pdb	0	13.347	49.117
complex.1228.pdb	0	14.532	28.297
complex.1229.pdb	0	17.076	44.868
complex.1230.pdb	0	12.686	40.144
complex.1231.pdb	0.0843373	6.120	23.724
complex.1232.pdb	0	14.180	28.325
complex.1233.pdb	0	16.309	57.020
complex.1234.pdb	0	16.415	55.968
complex.1235.pdb	0.0120482	14.620	52.626
complex.1236.pdb	0.0722892	9.588	22.382
complex.1237.pdb	0	19.152	42.483
complex.1238.pdb	0	20.326	44.719
complex.1239.pdb	0	16.281	59.096
complex.1240.pdb	0	18.743	43.342
complex.1241.pdb	0	18.827	39.944
complex.1242.pdb	0	13.896	27.966
complex.1243.pdb	0	12.676	33.222
complex.1244.pdb	0	17.071	43.767
complex.1245.pdb	0	17.322	41.487
complex.1246.pdb	0.168675	5.826	20.845
complex.1247.pdb	0	15.409	48.035
complex.1248.pdb	0	12.213	31.237
complex.1249.pdb	0	19.744	48.429
complex.1250.pdb	0	19.963	46.697
complex.1251.pdb	0	12.961	31.146
complex.1252.pdb	0	16.927	53.489
complex.1253.pdb	0	16.225	37.807
complex.1254.pdb	0	16.010	55.963
complex.1255.pdb	0	18.679	45.870
complex.1256.pdb	0	18.515	43.269
complex.1257.pdb	0	16.067	44.253
complex.1258.pdb	0	16.473	43.905
complex.1259.pdb	0	19.639	47.937
complex.1260.pdb	0	20.603	47.228
complex.1261.pdb	0	19.618	37.177
complex.1262.pdb	0	18.153	45.576
complex.1263.pdb	0	12.953	38.290
complex.1264.pdb	0.0963855	7.613	29.977
complex.1265.pdb	0	14.642	27.800
complex.1266.pdb	0	14.816	48.896
complex.1267.pdb	0	18.231	41.908
complex.1268.pdb	0.0120482	15.454	49.505
complex.1269.pdb	0	18.876	39.975
complex.1270.pdb	0	24.009	49.484
complex.1271.pdb	0	16.665	54.301
complex.1272.pdb	0	13.986	49.859
complex.1273.pdb	0	12.680	34.261
complex.1274.pdb	0	14.898	41.091
complex.1275.pdb	0	17.801	38.719
complex.1276.pdb	0	15.563	29.355
complex.1277.pdb	0	12.626	34.291
complex.1278.pdb	0	16.843	46.195
complex.1279.pdb	0	19.012	47.893
complex.1280.pdb	0	17.329	43.994
complex.1281.pdb	0	13.193	44.146
complex.1282.pdb	0	15.793	58.907
complex.1283.pdb	0.0120482	17.104	49.128
complex.1284.pdb	0	15.218	43.386
complex.1285.pdb	0	10.551	41.459
complex.1286.pdb	0.0120482	13.451	48.215
complex.1287.pdb	0.060241	12.342	45.527
complex.1288.pdb	0	13.541	40.013
complex.1289.pdb	0	14.475	47.356
complex.1290.pdb	0	20.311	47.601
complex.1291.pdb	0	15.553	38.657
complex.1292.pdb	0	19.566	46.960
complex.1293.pdb	0	21.235	46.972
complex.1294.pdb	0	19.582	49.293
complex.1295.pdb	0	11.836	30.596
complex.1296.pdb	0	13.546	39.156
complex.1297.pdb	0.0120482	13.720	31.381
complex.1298.pdb	0.0361446	6.861	26.301
complex.1299.pdb	0	18.882	46.161
complex.1300.pdb	0	20.202	45.848
complex.1301.pdb	0	11.581	24.691
complex.1302.pdb	0	14.330	35.667
complex.1303.pdb	0	18.114	38.044
complex.1304.pdb	0	18.883	46.112
complex.1305.pdb	0.0722892	10.677	40.872
complex.1306.pdb	0.0963855	8.485	34.841
complex.1307.pdb	0	14.008	50.930
complex.1308.pdb	0	15.460	29.264
complex.1309.pdb	0	18.196	37.028
complex.1310.pdb	0.0722892	11.654	44.298
complex.1311.pdb	0.0120482	16.693	48.141
complex.1312.pdb	0	10.145	24.254
complex.1313.pdb	0	15.566	39.713
complex.1314.pdb	0	12.827	28.746
complex.1315.pdb	0	16.174	43.141
complex.1316.pdb	0	15.234	31.799
complex.1317.pdb	0	19.182	44.055
complex.1318.pdb	0.0361446	11.055	28.267
complex.1319.pdb	0	16.245	52.253
complex.1320.pdb	0	18.042	46.791
complex.1321.pdb	0	16.537	34.898
complex.1322.pdb	0	20.977	46.959
complex.1323.pdb	0	16.634	51.815
complex.1324.pdb	0	14.992	45.252
complex.1325.pdb	0	21.115	46.276
complex.1326.pdb	0	14.830	27.007
complex.1327.pdb	0	18.623	46.320
complex.1328.pdb	0	14.809	43.211
complex.1329.pdb	0	18.246	40.309
complex.1330.pdb	0	14.367	28.701
complex.1331.pdb	0	14.089	53.117
complex.1332.pdb	0	21.255	47.508
complex.1333.pdb	0	12.333	37.380
complex.1334.pdb	0	12.549	46.472
complex.1335.pdb	0.0361446	9.606	29.154
complex.1336.pdb	0.0843373	8.288	16.877
complex.1337.pdb	0	10.380	33.357
complex.1338.pdb	0.0843373	6.944	25.120
complex.1339.pdb	0.0240964	10.856	24.549
complex.1340.pdb	0	12.627	38.151
complex.1341.pdb	0	13.903	34.723
complex.1342.pdb	0	15.129	43.238
complex.1343.pdb	0	13.708	41.211
complex.1344.pdb	0	15.063	42.717
complex.1345.pdb	0	13.165	36.782
complex.1346.pdb	0	21.308	53.376
complex.1347.pdb	0	11.767	40.716
complex.1348.pdb	0	17.496	44.143
complex.1349.pdb	0	13.848	34.295
complex.1350.pdb	0	14.762	38.532
complex.1351.pdb	0.0722892	11.444	32.055
complex.1352.pdb	0	13.676	51.984
complex.1353.pdb	0	17.539	42.596
complex.1354.pdb	0.0722892	7.663	24.844
complex.1355.pdb	0	15.387	52.665
complex.1356.pdb	0	14.195	26.780
complex.1357.pdb	0	15.766	53.977
complex.1358.pdb	0	16.838	38.309
complex.1359.pdb	0	14.151	43.507
complex.1360.pdb	0	15.171	49.034
complex.1361.pdb	0	18.298	35.059
complex.1362.pdb	0	16.494	59.272
complex.1363.pdb	0	16.449	44.780
complex.1364.pdb	0	19.791	35.084
complex.1365.pdb	0	15.555	30.883
complex.1366.pdb	0	16.738	58.757
complex.1367.pdb	0	14.696	43.493
complex.1368.pdb	0	14.738	46.500
complex.1369.pdb	0.0361446	9.947	26.194
complex.1370.pdb	0.0240964	9.005	15.607
complex.1371.pdb	0	14.186	40.503
complex.1372.pdb	0	17.683	43.017
complex.1373.pdb	0.0120482	15.342	54.306
complex.1374.pdb	0	19.361	44.481
complex.1375.pdb	0	17.996	42.743
complex.1376.pdb	0.0963855	9.966	23.736
complex.1377.pdb	0	18.471	46.692
complex.1378.pdb	0	19.391	37.581
complex.1379.pdb	0	17.025	38.604
complex.1380.pdb	0	17.194	33.260
complex.1381.pdb	0	13.631	28.961
complex.1382.pdb	0	16.183	51.114
complex.1383.pdb	0	15.259	47.250
complex.1384.pdb	0	16.673	57.267
complex.1385.pdb	0	15.385	47.857
complex.1386.pdb	0	15.326	52.965
complex.1387.pdb	0	19.922	44.917
complex.1388.pdb	0.0120482	12.939	37.075
complex.1389.pdb	0	17.562	45.014
complex.1390.pdb	0	17.016	58.570
complex.1391.pdb	0	18.656	39.092
complex.1392.pdb	0	21.190	49.888
complex.1393.pdb	0	18.556	43.010
complex.1394.pdb	0.144578	7.996	31.473
complex.1395.pdb	0	18.850	37.380
complex.1396.pdb	0	15.973	48.749
complex.1397.pdb	0	14.764	29.139
complex.1398.pdb	0	21.369	49.369
complex.1399.pdb	0	17.850	33.077
complex.1400.pdb	0.0240964	9.014	23.079
complex.1401.pdb	0	20.170	48.728
complex.1402.pdb	0	12.160	24.805
complex.1403.pdb	0	15.585	37.529
complex.1404.pdb	0	11.999	33.862
complex.1405.pdb	0	18.171	46.422
complex.1406.pdb	0	16.473	53.502
complex.1407.pdb	0.0120482	15.496	50.594
complex.1408.pdb	0	16.855	54.024
complex.1409.pdb	0	16.472	52.536
complex.1410.pdb	0	21.258	46.816
complex.1411.pdb	0.0361446	8.998	34.184
complex.1412.pdb	0	21.975	50.266
complex.1413.pdb	0	20.065	44.256
complex.1414.pdb	0	17.998	42.141
complex.1415.pdb	0	21.050	47.576
complex.1416.pdb	0	13.243	46.201
complex.1417.pdb	0	13.984	42.398
complex.1418.pdb	0	23.884	51.843
complex.1419.pdb	0	16.195	39.165
complex.1420.pdb	0	13.908	31.964
complex.1421.pdb	0	17.720	44.434
complex.1422.pdb	0.0120482	14.673	53.119
complex.1423.pdb	0	15.931	42.366
complex.1424.pdb	0	17.759	42.763
complex.1425.pdb	0	7.904	21.645
complex.1426.pdb	0	17.993	43.284
complex.1427.pdb	0	15.278	53.458
complex.1428.pdb	0	18.777	48.318
complex.1429.pdb	0	18.985	40.184
complex.1430.pdb	0	13.006	40.067
complex.1431.pdb	0	16.118	41.687
complex.1432.pdb	0	14.435	43.548
complex.1433.pdb	0.0722892	10.933	29.602
complex.1434.pdb	0	16.377	56.168
complex.1435.pdb	0	18.959	47.694
complex.1436.pdb	0	12.358	40.406
complex.1437.pdb	0	16.725	58.127
complex.1438.pdb	0	16.707	41.378
complex.1439.pdb	0.0843373	8.089	30.806
complex.1440.pdb	0	16.453	57.100
complex.1441.pdb	0	12.585	45.531
complex.1442.pdb	0	16.212	52.523
complex.1443.pdb	0	14.544	48.755
complex.1444.pdb	0	15.988	46.416
complex.1445.pdb	0	19.293	42.359
complex.1446.pdb	0	15.203	41.134
complex.1447.pdb	0	6.720	16.707
complex.1448.pdb	0.0240964	13.429	26.887
complex.1449.pdb	0	20.971	48.196
complex.1450.pdb	0	11.753	32.672
complex.1451.pdb	0	19.724	47.918
complex.1452.pdb	0	21.017	47.017
complex.1453.pdb	0	16.120	52.931
complex.1454.pdb	0	20.977	46.261
complex.1455.pdb	0	17.998	40.925
complex.1456.pdb	0	16.040	55.360
complex.1457.pdb	0	12.094	41.683
complex.1458.pdb	0	14.477	53.863
complex.1459.pdb	0	15.642	49.931
complex.1460.pdb	0.204819	10.395	21.000
complex.1461.pdb	0	18.766	39.527
complex.1462.pdb	0	18.243	34.298
complex.1463.pdb	0	14.011	47.051
complex.1464.pdb	0	17.485	44.002
complex.1465.pdb	0	16.209	43.128
complex.1466.pdb	0	13.193	37.868
complex.1467.pdb	0	11.975	35.361
complex.1468.pdb	0	15.155	39.175
complex.1469.pdb	0	14.083	28.171
complex.1470.pdb	0	12.780	30.855
complex.1471.pdb	0	14.356	52.996
complex.1472.pdb	0	14.001	40.895
complex.1473.pdb	0.0481928	7.210	22.696
complex.1474.pdb	0.0120482	13.697	34.510
complex.1475.pdb	0	16.825	52.984
complex.1476.pdb	0.0963855	8.966	30.077
complex.1477.pdb	0.0240964	11.059	28.684
complex.1478.pdb	0	18.971	38.910
complex.1479.pdb	0	17.525	41.579
complex.1480.pdb	0.156627	11.220	25.848
complex.1481.pdb	0	17.346	44.204
complex.1482.pdb	0.0120482	11.416	24.837
complex.1483.pdb	0	15.640	45.116
complex.1484.pdb	0	19.828	48.395
complex.1485.pdb	0	12.643	44.137
complex.1486.pdb	0	9.989	36.335
complex.1487.pdb	0	22.208	53.445
complex.1488.pdb	0	16.848	40.800
complex.1489.pdb	0	13.473	27.524
complex.1490.pdb	0	18.967	37.893
complex.1491.pdb	0.060241	10.510	37.471
complex.1492.pdb	0	22.192	51.369
complex.1493.pdb	0	15.951	52.283
complex.1494.pdb	0	16.012	53.021
complex.1495.pdb	0	14.404	40.305
complex.1496.pdb	0	16.004	35.546
complex.1497.pdb	0	13.307	34.416
complex.1498.pdb	0	15.015	47.183
complex.1499.pdb	0	16.372	43.967
complex.1500.pdb	0	13.299	34.451
complex.1501.pdb	0	19.460	47.430
complex.1502.pdb	0.0963855	6.386	17.980
complex.1503.pdb	0	22.593	51.588
complex.1504.pdb	0	16.108	47.360
complex.1505.pdb	0	14.510	27.467
complex.1506.pdb	0	18.319	35.528
complex.1507.pdb	0	12.297	33.667
complex.1508.pdb	0.0120482	13.856	51.134
complex.1509.pdb	0	14.381	28.624
complex.1510.pdb	0	15.136	45.524
complex.1511.pdb	0	14.583	29.195
complex.1512.pdb	0	20.193	47.415
complex.1513.pdb	0	17.536	33.840
complex.1514.pdb	0	15.891	52.373
complex.1515.pdb	0	20.028	48.309
complex.1516.pdb	0	18.979	46.032
complex.1517.pdb	0	12.724	41.561
complex.1518.pdb	0.13253	11.202	25.764
complex.1519.pdb	0	16.819	30.800
complex.1520.pdb	0	13.068	38.921
complex.1521.pdb	0.26506	3.784	10.884
complex.1522.pdb	0	16.719	58.326
complex.1523.pdb	0.0240964	11.148	25.226
complex.1524.pdb	0	14.388	51.237
complex.1525.pdb	0	15.839	57.656
complex.1526.pdb	0.0722892	10.902	32.447
complex.1527.pdb	0	16.583	56.083
complex.1528.pdb	0	20.857	46.412
complex.1529.pdb	0	16.752	56.182
complex.1530.pdb	0	20.084	47.231
complex.1531.pdb	0	11.511	25.634
complex.1532.pdb	0	19.022	48.137
complex.1533.pdb	0	8.687	21.878
complex.1534.pdb	0	20.151	49.055
complex.1535.pdb	0	13.540	50.887
complex.1536.pdb	0.0361446	9.847	25.281
complex.1537.pdb	0	18.353	46.571
complex.1538.pdb	0	15.376	54.639
complex.1539.pdb	0.0120482	9.602	22.274
complex.1540.pdb	0	18.501	46.245
complex.1541.pdb	0	13.609	41.895
complex.1542.pdb	0	15.243	45.150
complex.1543.pdb	0	14.532	26.829
complex.1544.pdb	0	14.921	47.845
complex.1545.pdb	0	12.335	44.531
complex.1546.pdb	0	19.908	44.229
complex.1547.pdb	0	14.927	44.390
complex.1548.pdb	0	20.781	45.916
complex.1549.pdb	0	13.198	33.068
complex.1550.pdb	0	12.147	33.332
complex.1551.pdb	0	17.407	38.463
complex.1552.pdb	0	12.174	35.886
complex.1553.pdb	0	20.404	42.508
complex.1554.pdb	0	15.219	29.595
complex.1555.pdb	0	14.070	26.365
complex.1556.pdb	0	15.732	44.026
complex.1557.pdb	0	19.967	47.044
complex.1558.pdb	0	13.316	41.460
complex.1559.pdb	0.0843373	6.459	24.378
complex.1560.pdb	0	13.178	34.570
complex.1561.pdb	0	15.741	49.267
complex.1562.pdb	0	16.172	52.984
complex.1563.pdb	0	18.258	40.112
complex.1564.pdb	0	14.155	39.783
complex.1565.pdb	0	13.092	42.992
complex.1566.pdb	0	12.938	35.294
complex.1567.pdb	0	18.351	46.781
complex.1568.pdb	0	15.436	53.966
complex.1569.pdb	0	14.694	46.634
complex.1570.pdb	0	18.217	42.547
complex.1571.pdb	0	17.280	63.885
complex.1572.pdb	0	18.611	43.430
complex.1573.pdb	0.349398	3.147	11.872
complex.1574.pdb	0	19.404	46.798
complex.1575.pdb	0	15.507	41.519
complex.1576.pdb	0	14.293	28.499
complex.1577.pdb	0	11.502	35.492
complex.1578.pdb	0	12.851	27.122
complex.1579.pdb	0	20.436	41.515
complex.1580.pdb	0	16.156	38.886
complex.1581.pdb	0	14.028	40.749
complex.1582.pdb	0.0240964	9.837	19.715
complex.1583.pdb	0	13.435	29.191
complex.1584.pdb	0	15.677	42.305
complex.1585.pdb	0	17.925	38.369
complex.1586.pdb	0	18.521	42.640
complex.1587.pdb	0	13.269	34.505
complex.1588.pdb	0	12.761	46.306
complex.1589.pdb	0	15.883	40.605
complex.1590.pdb	0.0240964	7.196	18.248
complex.1591.pdb	0	19.936	44.733
complex.1592.pdb	0	16.096	53.341
complex.1593.pdb	0	16.840	57.569
complex.1594.pdb	0	19.595	44.829
complex.1595.pdb	0	12.612	32.535
complex.1596.pdb	0	14.954	44.893
complex.1597.pdb	0	19.464	49.680
complex.1598.pdb	0	14.851	46.184
complex.1599.pdb	0.108434	9.360	29.401
complex.1600.pdb	0	22.469	49.936
complex.1601.pdb	0	19.933	45.043
complex.1602.pdb	0	16.525	38.420
complex.1603.pdb	0	21.340	50.359
complex.1604.pdb	0.0722892	9.954	32.027
complex.1605.pdb	0.0120482	12.991	35.503
complex.1606.pdb	0	12.004	41.378
complex.1607.pdb	0.0361446	9.778	22.424
complex.1608.pdb	0	13.439	30.258
complex.1609.pdb	0	11.915	34.588
complex.1610.pdb	0	14.998	53.952
complex.1611.pdb	0	12.859	40.652
complex.1612.pdb	0	22.506	52.190
complex.1613.pdb	0	13.703	37.154
complex.1614.pdb	0	16.042	55.124
complex.1615.pdb	0	18.209	45.985
complex.1616.pdb	0	10.431	36.238
complex.1617.pdb	0.13253	7.106	22.371
complex.1618.pdb	0	14.562	40.917
complex.1619.pdb	0	15.282	43.913
complex.1620.pdb	0	20.206	50.579
complex.1621.pdb	0	12.390	41.627
complex.1622.pdb	0	12.141	35.035
complex.1623.pdb	0	17.673	40.002
complex.1624.pdb	0	11.766	42.265
complex.1625.pdb	0	17.998	39.069
complex.1626.pdb	0.0722892	6.206	24.167
complex.1627.pdb	0	17.566	30.803
complex.1628.pdb	0	14.054	48.257
complex.1629.pdb	0	18.337	42.491
complex.1630.pdb	0	16.016	49.814
complex.1631.pdb	0	19.795	43.735
complex.1632.pdb	0.0240964	11.654	26.413
complex.1633.pdb	0.0120482	7.855	16.046
complex.1634.pdb	0.0722892	10.175	39.695
complex.1635.pdb	0	16.300	57.223
complex.1636.pdb	0	13.488	39.751
complex.1637.pdb	0.0843373	10.212	20.632
complex.1638.pdb	0.0361446	12.000	29.580
complex.1639.pdb	0	14.825	35.942
complex.1640.pdb	0	15.268	44.430
complex.1641.pdb	0.144578	6.296	23.969
complex.1642.pdb	0	15.755	40.636
complex.1643.pdb	0	19.683	38.666
complex.1644.pdb	0	12.938	30.849
complex.1645.pdb	0	15.173	44.216
complex.1646.pdb	0	15.299	54.614
complex.1647.pdb	0	18.015	34.879
complex.1648.pdb	0	15.672	48.742
complex.1649.pdb	0	16.630	58.832
complex.1650.pdb	0	15.392	58.282
complex.1651.pdb	0.0120482	14.595	43.381
complex.1652.pdb	0	16.874	36.858
complex.1653.pdb	0	16.299	57.626
complex.1654.pdb	0	15.406	50.844
complex.1655.pdb	0	20.290	47.084
complex.1656.pdb	0	17.242	32.995
complex.1657.pdb	0	15.971	44.097
complex.1658.pdb	0	14.255	26.385
complex.1659.pdb	0	19.132	38.956
complex.1660.pdb	0	13.463	31.013
complex.1661.pdb	0	19.155	39.361
complex.1662.pdb	0	12.459	36.007
complex.1663.pdb	0	12.764	39.620
complex.1664.pdb	0	21.948	47.185
complex.1665.pdb	0	14.672	44.021
complex.1666.pdb	0	14.820	43.165
complex.1667.pdb	0	18.828	45.459
complex.1668.pdb	0	12.029	32.388
complex.1669.pdb	0	18.346	49.124
complex.1670.pdb	0	20.938	51.163
complex.1671.pdb	0	16.683	56.619
complex.1672.pdb	0	13.399	26.825
complex.1673.pdb	0.0120482	10.827	19.989
complex.1674.pdb	0.0240964	14.069	38.521
complex.1675.pdb	0.108434	5.536	15.492
complex.1676.pdb	0	14.912	46.224
complex.1677.pdb	0.060241	8.012	27.135
complex.1678.pdb	0	17.798	42.349
complex.1679.pdb	0	18.261	39.283
complex.1680.pdb	0	16.118	30.415
complex.1681.pdb	0.0120482	15.189	55.292
complex.1682.pdb	0	11.363	37.775
complex.1683.pdb	0.0361446	12.820	36.150
complex.1684.pdb	0.13253	8.115	18.712
complex.1685.pdb	0	20.182	48.507
complex.1686.pdb	0	17.486	44.628
complex.1687.pdb	0	18.631	42.089
complex.1688.pdb	0	14.161	51.169
complex.1689.pdb	0	11.889	33.452
complex.1690.pdb	0	21.508	50.423
complex.1691.pdb	0	12.344	28.833
complex.1692.pdb	0	10.741	27.629
complex.1693.pdb	0	19.095	40.839
complex.1694.pdb	0	21.916	46.006
complex.1695.pdb	0	14.785	34.812
complex.1696.pdb	0	16.926	34.416
complex.1697.pdb	0	14.104	40.038
complex.1698.pdb	0	23.171	49.467
complex.1699.pdb	0	22.034	49.665
complex.1700.pdb	0.0843373	10.391	30.396
complex.1701.pdb	0	18.306	46.831
complex.1702.pdb	0	17.921	42.729
complex.1703.pdb	0	15.047	43.077
complex.1704.pdb	0	15.480	58.044
complex.1705.pdb	0	13.619	50.954
complex.1706.pdb	0	12.458	31.987
complex.1707.pdb	0	14.678	37.763
complex.1708.pdb	0.0240964	8.714	25.160
complex.1709.pdb	0	13.285	46.622
complex.1710.pdb	0	16.419	58.694
complex.1711.pdb	0	16.679	46.677
complex.1712.pdb	0.0722892	12.329	47.677
complex.1713.pdb	0.0361446	11.590	28.255
complex.1714.pdb	0	16.677	33.525
complex.1715.pdb	0	16.728	39.087
complex.1716.pdb	0	13.758	44.666
complex.1717.pdb	0	20.569	45.761
complex.1718.pdb	0	15.648	56.001
complex.1719.pdb	0	15.278	39.571
complex.1720.pdb	0	18.583	47.879
complex.1721.pdb	0.0120482	15.583	52.755
complex.1722.pdb	0	17.289	36.205
complex.1723.pdb	0	23.624	51.910
complex.1724.pdb	0	20.275	45.676
complex.1725.pdb	0	13.676	29.697
complex.1726.pdb	0	16.987	51.154
complex.1727.pdb	0	18.878	38.813
complex.1728.pdb	0	15.863	43.843
complex.1729.pdb	0	21.791	50.885
complex.1730.pdb	0	15.512	27.502
complex.1731.pdb	0	16.188	30.353
complex.1732.pdb	0	20.188	47.394
complex.1733.pdb	0	15.279	46.075
complex.1734.pdb	0	15.846	43.295
complex.1735.pdb	0	16.728	39.861
complex.1736.pdb	0	14.747	47.173
complex.1737.pdb	0	14.682	26.843
complex.1738.pdb	0	14.986	49.884
complex.1739.pdb	0	14.604	53.860
complex.1740.pdb	0	13.591	32.049
complex.1741.pdb	0	15.109	29.332
complex.1742.pdb	0	15.690	51.104
complex.1743.pdb	0	21.491	48.710
complex.1744.pdb	0	13.431	26.404
complex.1745.pdb	0	17.674	45.241
complex.1746.pdb	0	12.633	41.371
complex.1747.pdb	0	14.450	41.721
complex.1748.pdb	0	10.355	33.028
complex.1749.pdb	0	22.089	48.104
complex.1750.pdb	0	17.566	44.108
complex.1751.pdb	0.0120482	15.810	50.905
complex.1752.pdb	0	18.424	45.069
complex.1753.pdb	0	15.344	52.555
complex.1754.pdb	0	17.246	44.369
complex.1755.pdb	0	20.517	48.936
complex.1756.pdb	0.0120482	11.579	26.174
complex.1757.pdb	0	15.190	55.198
complex.1758.pdb	0	22.948	48.337
complex.1759.pdb	0.0120482	14.810	51.065
complex.1760.pdb	0	14.371	28.104
complex.1761.pdb	0.0361446	13.005	25.714
complex.1762.pdb	0	22.127	50.600
complex.1763.pdb	0	16.928	48.322
complex.1764.pdb	0.13253	10.214	29.917
complex.1765.pdb	0	15.145	28.760
complex.1766.pdb	0	12.359	29.722
complex.1767.pdb	0	14.034	53.598
complex.1768.pdb	0	20.398	47.276
complex.1769.pdb	0	13.864	33.647
complex.1770.pdb	0	15.680	54.143
complex.1771.pdb	0.0120482	13.378	32.679
complex.1772.pdb	0	17.309	43.022
complex.1773.pdb	0	17.192	48.624
complex.1774.pdb	0	18.554	39.011
complex.1775.pdb	0	19.314	49.121
complex.1776.pdb	0	16.429	39.982
complex.1777.pdb	0	17.164	48.587
complex.1778.pdb	0	14.068	39.185
complex.1779.pdb	0	22.828	47.910
complex.1780.pdb	0.060241	10.323	22.223
complex.1781.pdb	0.0361446	9.984	24.862
complex.1782.pdb	0	16.315	54.717
complex.1783.pdb	0	21.986	47.027
complex.1784.pdb	0	13.019	26.835
complex.1785.pdb	0	19.026	45.527
complex.1786.pdb	0	11.725	24.926
complex.1787.pdb	0	15.118	28.071
complex.1788.pdb	0	12.010	33.216
complex.1789.pdb	0	19.248	43.691
complex.1790.pdb	0	11.619	32.722
complex.1791.pdb	0	17.962	46.049
complex.1792.pdb	0	16.600	51.523
complex.1793.pdb	0	14.451	41.101
complex.1794.pdb	0.0120482	9.635	32.262
complex.1795.pdb	0	16.774	51.434
complex.1796.pdb	0.13253	7.904	16.181
complex.1797.pdb	0.13253	8.841	18.755
complex.1798.pdb	0	19.585	46.993
complex.1799.pdb	0	13.640	46.184
complex.1800.pdb	0	10.131	29.695
complex.1801.pdb	0	11.172	36.634
complex.1802.pdb	0	16.589	55.663
complex.1803.pdb	0	15.223	27.111
complex.1804.pdb	0	20.499	50.678
complex.1805.pdb	0	16.308	43.743
complex.1806.pdb	0.0120482	13.234	49.329
complex.1807.pdb	0	12.288	41.227
complex.1808.pdb	0	19.213	41.434
complex.1809.pdb	0	20.261	45.982
complex.1810.pdb	0	14.268	30.077
complex.1811.pdb	0	15.009	41.224
complex.1812.pdb	0	14.867	47.719
complex.1813.pdb	0	16.160	44.200
complex.1814.pdb	0	18.000	45.665
complex.1815.pdb	0	15.607	51.853
complex.1816.pdb	0	14.140	40.160
complex.1817.pdb	0	20.816	52.291
complex.1818.pdb	0.0120482	10.611	35.914
complex.1819.pdb	0	13.683	33.373
complex.1820.pdb	0	16.275	54.317
complex.1821.pdb	0.0120482	10.176	42.567
complex.1822.pdb	0	11.118	26.501
complex.1823.pdb	0	20.053	48.334
complex.1824.pdb	0	18.494	34.125
complex.1825.pdb	0	13.253	46.780
complex.1826.pdb	0	14.085	53.776
complex.1827.pdb	0	11.058	31.388
complex.1828.pdb	0.0843373	5.953	17.864
complex.1829.pdb	0.0120482	14.027	38.507
complex.1830.pdb	0	19.131	46.643
complex.1831.pdb	0	20.940	49.740
complex.1832.pdb	0	17.029	32.248
complex.1833.pdb	0	12.565	32.632
complex.1834.pdb	0	14.939	51.308
complex.1835.pdb	0	11.542	40.396
complex.1836.pdb	0	14.475	27.363
complex.1837.pdb	0	16.820	43.418
complex.1838.pdb	0	13.518	35.055
complex.1839.pdb	0.060241	9.286	25.305
complex.1840.pdb	0	18.845	41.261
complex.1841.pdb	0	23.126	51.876
complex.1842.pdb	0.0481928	10.220	25.714
complex.1843.pdb	0	17.980	46.971
complex.1844.pdb	0	19.389	38.702
complex.1845.pdb	0	12.483	39.251
complex.1846.pdb	0	13.741	45.651
complex.1847.pdb	0	16.055	54.611
complex.1848.pdb	0	13.756	40.043
complex.1849.pdb	0	14.241	35.792
complex.1850.pdb	0	12.492	45.077
complex.1851.pdb	0	17.154	63.129
complex.1852.pdb	0	15.897	41.264
complex.1853.pdb	0	18.115	45.563
complex.1854.pdb	0	21.549	48.430
complex.1855.pdb	0	13.815	51.542
complex.1856.pdb	0	15.078	29.468
complex.1857.pdb	0	12.562	37.593
complex.1858.pdb	0	15.893	51.884
complex.1859.pdb	0	20.276	38.604
complex.1860.pdb	0	14.364	51.742
complex.1861.pdb	0	11.580	43.068
complex.1862.pdb	0	14.935	44.024
complex.1863.pdb	0	18.527	46.803
complex.1864.pdb	0	17.843	43.612
complex.1865.pdb	0	16.523	52.910
complex.1866.pdb	0	18.653	39.738
complex.1867.pdb	0	21.333	47.424
complex.1868.pdb	0	14.188	52.649
complex.1869.pdb	0	14.740	44.969
complex.1870.pdb	0	12.897	37.307
complex.1871.pdb	0	15.427	52.847
complex.1872.pdb	0	15.462	55.047
complex.1873.pdb	0	15.907	53.632
complex.1874.pdb	0	12.741	36.822
complex.1875.pdb	0.289157	4.957	20.254
complex.1876.pdb	0	15.740	45.807
complex.1877.pdb	0	21.751	49.246
complex.1878.pdb	0	18.181	34.495
complex.1879.pdb	0.0240964	11.895	27.256
complex.1880.pdb	0	19.616	49.703
complex.1881.pdb	0	16.064	56.685
complex.1882.pdb	0	14.320	51.981
complex.1883.pdb	0	18.615	47.076
complex.1884.pdb	0	15.945	38.303
complex.1885.pdb	0.108434	8.002	21.507
complex.1886.pdb	0	11.925	41.305
complex.1887.pdb	0.0361446	8.327	33.614
complex.1888.pdb	0	13.752	36.654
complex.1889.pdb	0	12.548	26.073
complex.1890.pdb	0	20.043	47.643
complex.1891.pdb	0	13.904	30.004
complex.1892.pdb	0	13.619	27.086
complex.1893.pdb	0	18.488	38.570
complex.1894.pdb	0.0120482	11.960	24.185
complex.1895.pdb	0	15.911	57.835
complex.1896.pdb	0	15.253	45.701
complex.1897.pdb	0	18.961	52.406
complex.1898.pdb	0	16.332	55.269
complex.1899.pdb	0.060241	12.208	45.594
complex.1900.pdb	0	23.904	52.142
complex.1901.pdb	0.0722892	8.370	25.343
complex.1902.pdb	0	12.848	37.418
complex.1903.pdb	0	19.408	48.789
complex.1904.pdb	0	22.053	51.390
complex.1905.pdb	0.0120482	13.864	32.275
complex.1906.pdb	0	16.608	57.094
complex.1907.pdb	0	20.089	47.956
complex.1908.pdb	0	18.770	34.892
complex.1909.pdb	0	22.747	47.682
complex.1910.pdb	0	9.037	18.789
complex.1911.pdb	0	13.586	42.464
complex.1912.pdb	0	19.958	44.728
complex.1913.pdb	0	20.343	43.436
complex.1914.pdb	0	12.896	37.853
complex.1915.pdb	0	19.322	49.889
complex.1916.pdb	0	16.628	58.401
complex.1917.pdb	0.0120482	12.293	24.972
complex.1918.pdb	0	18.194	38.685
complex.1919.pdb	0	14.303	49.156
complex.1920.pdb	0	16.896	35.603
complex.1921.pdb	0	19.091	42.397
complex.1922.pdb	0.0240964	6.642	23.503
complex.1923.pdb	0	15.477	37.409
complex.1924.pdb	0	12.317	30.295
complex.1925.pdb	0.0722892	11.625	42.809
complex.1926.pdb	0	13.324	44.731
complex.1927.pdb	0	18.989	38.324
complex.1928.pdb	0	11.096	25.726
complex.1929.pdb	0	15.335	41.447
complex.1930.pdb	0	12.569	37.018
complex.1931.pdb	0	22.016	49.858
complex.1932.pdb	0	19.360	48.913
complex.1933.pdb	0.0481928	11.487	27.286
complex.1934.pdb	0	17.564	39.869
complex.1935.pdb	0	17.011	43.337
complex.1936.pdb	0	19.460	43.353
complex.1937.pdb	0	17.799	44.220
complex.1938.pdb	0	12.665	38.488
complex.1939.pdb	0	12.137	38.211
complex.1940.pdb	0	14.876	47.462
complex.1941.pdb	0	23.094	46.557
complex.1942.pdb	0	15.973	55.669
complex.1943.pdb	0	20.774	46.835
complex.1944.pdb	0.0240964	6.743	22.681
complex.1945.pdb	0	12.734	41.709
complex.1946.pdb	0.13253	4.618	19.676
complex.1947.pdb	0	17.049	49.209
complex.1948.pdb	0	14.994	29.875
complex.1949.pdb	0	16.578	37.596
complex.1950.pdb	0	18.538	40.931
complex.1951.pdb	0	13.127	45.748
complex.1952.pdb	0	10.057	29.070
complex.1953.pdb	0.0481928	10.541	28.951
complex.1954.pdb	0	19.058	45.196
complex.1955.pdb	0	18.089	43.134
complex.1956.pdb	0	15.066	46.882
complex.1957.pdb	0	17.456	44.306
complex.1958.pdb	0	11.619	26.255
complex.1959.pdb	0	18.846	39.402
complex.1960.pdb	0	21.907	50.153
complex.1961.pdb	0	17.074	52.770
complex.1962.pdb	0	17.901	44.351
complex.1963.pdb	0.0361446	6.090	13.865
complex.1964.pdb	0.0120482	15.782	52.870
complex.1965.pdb	0	18.064	40.468
complex.1966.pdb	0	17.326	58.682
complex.1967.pdb	0	17.028	52.775
complex.1968.pdb	0	16.548	31.175
complex.1969.pdb	0	9.823	21.363
complex.1970.pdb	0	15.785	46.154
complex.1971.pdb	0	15.916	55.230
complex.1972.pdb	0	14.603	40.212
complex.1973.pdb	0	14.485	47.611
complex.1974.pdb	0	17.592	45.530
complex.1975.pdb	0	14.856	40.667
complex.1976.pdb	0	17.044	31.188
complex.1977.pdb	0	14.412	36.146
complex.1978.pdb	0	19.137	40.575
complex.1979.pdb	0	20.297	49.016
complex.1980.pdb	0	13.284	32.044
complex.1981.pdb	0	12.813	44.615
complex.1982.pdb	0	12.386	41.794
complex.1983.pdb	0	12.003	39.213
complex.1984.pdb	0	16.427	44.478
complex.1985.pdb	0	12.410	38.306
complex.1986.pdb	0	20.243	45.598
complex.1987.pdb	0	18.054	49.906
complex.1988.pdb	0	15.563	47.666
complex.1989.pdb	0	22.203	48.062
complex.1990.pdb	0	20.470	49.023
complex.1991.pdb	0	14.563	54.324
complex.1992.pdb	0	18.344	52.566
complex.1993.pdb	0.0120482	9.290	27.465
complex.1994.pdb	0	14.346	40.936
complex.1995.pdb	0	15.324	42.585
complex.1996.pdb	0	24.830	56.637
complex.1997.pdb	0	19.979	43.961
complex.1998.pdb	0	18.457	46.898
complex.1999.pdb	0	15.868	36.286
complex.2000.pdb	0	12.505	45.538
