complex.1.pdb	0.0952381	13.000	29.529
complex.2.pdb	0.0952381	11.975	29.304
complex.3.pdb	0.214286	4.212	13.912
complex.4.pdb	0.119048	12.434	30.759
complex.5.pdb	0.119048	11.067	27.142
complex.6.pdb	0.190476	4.599	11.308
complex.7.pdb	0.0952381	12.663	30.471
complex.8.pdb	0.0952381	12.590	29.501
complex.9.pdb	0.0952381	12.299	28.782
complex.10.pdb	0.0714286	12.039	34.845
complex.11.pdb	0.166667	10.731	28.028
complex.12.pdb	0.238095	4.475	13.962
complex.13.pdb	0.238095	10.057	29.609
complex.14.pdb	0.238095	4.936	8.831
complex.15.pdb	0.0952381	10.737	27.317
complex.16.pdb	0.0952381	11.569	27.156
complex.17.pdb	0	15.673	21.836
complex.18.pdb	0.166667	12.680	33.082
complex.19.pdb	0.214286	4.934	9.182
complex.20.pdb	0.142857	12.277	31.647
complex.21.pdb	0.0952381	8.228	24.486
complex.22.pdb	0.166667	10.826	29.474
complex.23.pdb	0	16.925	30.741
complex.24.pdb	0.0714286	8.977	27.354
complex.25.pdb	0.0238095	11.143	42.571
complex.26.pdb	0.0952381	12.589	31.389
complex.27.pdb	0.190476	4.390	10.866
complex.28.pdb	0.0714286	12.917	30.797
complex.29.pdb	0.0952381	12.677	34.184
complex.30.pdb	0.285714	4.426	10.430
complex.31.pdb	0.0238095	8.641	27.269
complex.32.pdb	0.142857	12.422	32.646
complex.33.pdb	0.214286	4.317	12.337
complex.34.pdb	0.261905	5.463	12.062
complex.35.pdb	0.0238095	7.606	24.744
complex.36.pdb	0.047619	13.511	32.405
complex.37.pdb	0.166667	7.214	23.020
complex.38.pdb	0.404762	4.723	10.263
complex.39.pdb	0.119048	11.813	28.239
complex.40.pdb	0.0238095	12.183	32.418
complex.41.pdb	0.0714286	11.754	31.892
complex.42.pdb	0.309524	7.250	22.881
complex.43.pdb	0.0714286	13.144	30.130
complex.44.pdb	0	11.719	40.987
complex.45.pdb	0.285714	4.585	12.514
complex.46.pdb	0.0952381	6.002	19.775
complex.47.pdb	0.119048	11.599	34.469
complex.48.pdb	0	7.068	25.962
complex.49.pdb	0.0952381	8.446	20.153
complex.50.pdb	0.380952	4.940	8.921
complex.51.pdb	0.0238095	10.583	41.734
complex.52.pdb	0.0714286	11.149	34.869
complex.53.pdb	0.119048	11.737	31.661
complex.54.pdb	0.119048	9.124	24.353
complex.55.pdb	0.214286	4.393	15.867
complex.56.pdb	0.357143	6.659	26.221
complex.57.pdb	0.166667	7.364	25.074
complex.58.pdb	0.0952381	12.222	36.112
complex.59.pdb	0.285714	5.086	13.480
complex.60.pdb	0.119048	12.102	27.425
complex.61.pdb	0.190476	6.127	10.441
complex.62.pdb	0.238095	5.176	12.635
complex.63.pdb	0.261905	5.361	15.874
complex.64.pdb	0	7.703	26.774
complex.65.pdb	0	8.150	20.918
complex.66.pdb	0.0238095	12.361	40.225
complex.67.pdb	0.0714286	8.908	19.107
complex.68.pdb	0.214286	5.892	17.991
complex.69.pdb	0.190476	13.606	30.465
complex.70.pdb	0.357143	8.909	25.561
complex.71.pdb	0.0238095	11.718	36.448
complex.72.pdb	0	6.566	25.101
complex.73.pdb	0.119048	10.676	25.178
complex.74.pdb	0.142857	8.887	28.903
complex.75.pdb	0.0952381	9.888	24.333
complex.76.pdb	0.0714286	9.735	26.929
complex.77.pdb	0.142857	11.087	36.991
complex.78.pdb	0	15.431	21.962
complex.79.pdb	0.261905	4.770	13.307
complex.80.pdb	0.380952	6.043	13.051
complex.81.pdb	0.142857	13.501	31.439
complex.82.pdb	0.404762	8.060	23.827
complex.83.pdb	0.0238095	12.405	36.640
complex.84.pdb	0.0714286	9.187	28.661
complex.85.pdb	0.0952381	6.076	21.335
complex.86.pdb	0.309524	8.530	26.189
complex.87.pdb	0.0952381	13.159	29.123
complex.88.pdb	0.0238095	11.860	41.605
complex.89.pdb	0.047619	11.985	30.244
complex.90.pdb	0.047619	11.798	33.242
complex.91.pdb	0.428571	9.218	26.433
complex.92.pdb	0.0952381	8.282	26.437
complex.93.pdb	0.047619	9.946	31.467
complex.94.pdb	0	6.950	19.575
complex.95.pdb	0.0952381	10.329	27.583
complex.96.pdb	0	17.261	34.402
complex.97.pdb	0.142857	10.249	32.140
complex.98.pdb	0.119048	9.875	28.160
complex.99.pdb	0	6.892	22.742
complex.100.pdb	0	7.907	27.794
complex.101.pdb	0.142857	10.159	34.527
complex.102.pdb	0.119048	9.573	28.580
complex.103.pdb	0	16.987	36.537
complex.104.pdb	0.404762	6.439	21.613
complex.105.pdb	0.142857	12.148	33.631
complex.106.pdb	0.285714	4.822	14.439
complex.107.pdb	0	18.289	40.110
complex.108.pdb	0.047619	7.055	23.674
complex.109.pdb	0.0952381	12.813	38.219
complex.110.pdb	0	17.078	29.535
complex.111.pdb	0.047619	11.846	29.037
complex.112.pdb	0	7.611	26.051
complex.113.pdb	0.190476	5.612	17.078
complex.114.pdb	0.0952381	10.494	29.399
complex.115.pdb	0.0952381	11.230	32.112
complex.116.pdb	0.047619	14.384	31.709
complex.117.pdb	0.0238095	7.224	20.802
complex.118.pdb	0.190476	8.329	18.155
complex.119.pdb	0.119048	7.985	16.044
complex.120.pdb	0.0714286	9.741	28.341
complex.121.pdb	0.142857	6.697	20.422
complex.122.pdb	0.0238095	12.787	34.961
complex.123.pdb	0.119048	12.706	29.532
complex.124.pdb	0.357143	4.414	7.511
complex.125.pdb	0	7.007	25.488
complex.126.pdb	0.261905	5.022	11.510
complex.127.pdb	0	17.137	29.421
complex.128.pdb	0.309524	8.657	24.569
complex.129.pdb	0	7.277	23.754
complex.130.pdb	0	12.321	37.073
complex.131.pdb	0.285714	9.660	26.016
complex.132.pdb	0.0238095	10.333	43.650
complex.133.pdb	0.047619	8.060	23.253
complex.134.pdb	0	7.555	23.039
complex.135.pdb	0.119048	9.047	28.202
complex.136.pdb	0.0952381	11.648	29.236
complex.137.pdb	0	12.019	32.880
complex.138.pdb	0.0714286	9.487	18.843
complex.139.pdb	0.428571	8.276	24.628
complex.140.pdb	0.0238095	7.202	26.627
complex.141.pdb	0.0714286	8.700	23.895
complex.142.pdb	0.214286	6.983	19.987
complex.143.pdb	0.190476	5.759	18.094
complex.144.pdb	0	17.806	35.349
complex.145.pdb	0.047619	11.031	39.549
complex.146.pdb	0.0714286	14.318	33.919
complex.147.pdb	0.047619	13.080	31.394
complex.148.pdb	0.0714286	9.040	25.687
complex.149.pdb	0.0714286	13.496	37.160
complex.150.pdb	0.0238095	8.443	26.178
complex.151.pdb	0.047619	9.692	41.518
complex.152.pdb	0	13.377	33.907
complex.153.pdb	0.0714286	13.483	32.944
complex.154.pdb	0.047619	8.908	18.273
complex.155.pdb	0.309524	4.334	9.997
complex.156.pdb	0.047619	12.850	35.258
complex.157.pdb	0	6.557	25.290
complex.158.pdb	0.166667	5.555	7.892
complex.159.pdb	0.0714286	6.898	22.555
complex.160.pdb	0	7.499	22.954
complex.161.pdb	0.238095	4.300	13.007
complex.162.pdb	0.357143	8.209	23.478
complex.163.pdb	0	11.692	31.606
complex.164.pdb	0.047619	10.950	36.202
complex.165.pdb	0.0952381	9.050	28.793
complex.166.pdb	0	12.444	43.227
complex.167.pdb	0.047619	13.668	29.588
complex.168.pdb	0	16.006	30.502
complex.169.pdb	0.238095	9.502	21.087
complex.170.pdb	0.0952381	9.883	27.553
complex.171.pdb	0	15.156	29.505
complex.172.pdb	0.047619	11.678	36.108
complex.173.pdb	0.0952381	8.124	26.502
complex.174.pdb	0.238095	4.473	7.875
complex.175.pdb	0.119048	11.299	29.732
complex.176.pdb	0	11.627	33.408
complex.177.pdb	0.0952381	7.768	21.224
complex.178.pdb	0.285714	4.337	10.043
complex.179.pdb	0.0714286	12.459	33.887
complex.180.pdb	0	17.666	30.849
complex.181.pdb	0	16.890	36.075
complex.182.pdb	0.142857	8.874	29.920
complex.183.pdb	0	12.208	34.604
complex.184.pdb	0	7.048	21.634
complex.185.pdb	0.0714286	9.226	31.231
complex.186.pdb	0	15.796	28.782
complex.187.pdb	0	6.661	22.889
complex.188.pdb	0.0714286	12.761	29.898
complex.189.pdb	0.0952381	11.613	30.109
complex.190.pdb	0.0714286	9.908	34.598
complex.191.pdb	0	13.611	35.797
complex.192.pdb	0	15.818	22.613
complex.193.pdb	0	16.405	24.090
complex.194.pdb	0.261905	7.908	18.197
complex.195.pdb	0.0714286	8.023	20.153
complex.196.pdb	0.119048	9.516	36.430
complex.197.pdb	0.166667	8.762	20.552
complex.198.pdb	0.047619	6.658	25.411
complex.199.pdb	0.0714286	6.944	20.183
complex.200.pdb	0	12.256	36.484
complex.201.pdb	0.047619	7.111	21.622
complex.202.pdb	0.166667	6.044	18.249
complex.203.pdb	0.166667	6.843	21.155
complex.204.pdb	0	13.172	33.609
complex.205.pdb	0.0714286	9.929	27.995
complex.206.pdb	0.0714286	10.097	29.510
complex.207.pdb	0.142857	13.367	29.648
complex.208.pdb	0.142857	12.125	32.310
complex.209.pdb	0.0714286	13.644	35.356
complex.210.pdb	0.0952381	11.510	25.735
complex.211.pdb	0.047619	7.980	25.399
complex.212.pdb	0.166667	13.019	33.521
complex.213.pdb	0	7.990	26.345
complex.214.pdb	0.380952	4.518	15.666
complex.215.pdb	0.0714286	14.422	33.625
complex.216.pdb	0	16.871	30.179
complex.217.pdb	0.309524	4.505	8.125
complex.218.pdb	0.404762	3.882	12.594
complex.219.pdb	0.309524	5.161	12.529
complex.220.pdb	0.0238095	10.210	28.928
complex.221.pdb	0.0714286	13.285	32.081
complex.222.pdb	0.0714286	14.398	30.672
complex.223.pdb	0.0952381	12.393	32.683
complex.224.pdb	0	17.677	36.357
complex.225.pdb	0	16.958	34.986
complex.226.pdb	0	17.667	41.511
complex.227.pdb	0	16.497	26.601
complex.228.pdb	0.0238095	8.680	23.496
complex.229.pdb	0	15.385	22.544
complex.230.pdb	0.047619	12.924	34.899
complex.231.pdb	0.0238095	11.789	43.654
complex.232.pdb	0	8.843	28.419
complex.233.pdb	0.0952381	8.552	23.985
complex.234.pdb	0	11.946	34.722
complex.235.pdb	0.190476	7.837	20.825
complex.236.pdb	0.119048	7.144	19.327
complex.237.pdb	0.166667	9.995	22.518
complex.238.pdb	0.0238095	8.640	26.404
complex.239.pdb	0.0238095	13.482	32.267
complex.240.pdb	0	17.615	37.383
complex.241.pdb	0	16.350	27.080
complex.242.pdb	0.142857	13.019	33.187
complex.243.pdb	0.0952381	8.721	20.420
complex.244.pdb	0.142857	13.253	33.316
complex.245.pdb	0.047619	9.310	41.575
complex.246.pdb	0.214286	5.244	8.563
complex.247.pdb	0.0714286	13.205	32.172
complex.248.pdb	0.047619	15.602	31.353
complex.249.pdb	0.214286	5.885	15.807
complex.250.pdb	0	8.698	22.088
complex.251.pdb	0.0952381	11.883	33.267
complex.252.pdb	0.261905	5.569	16.335
complex.253.pdb	0.047619	14.784	30.865
complex.254.pdb	0	11.932	34.576
complex.255.pdb	0.119048	11.188	29.559
complex.256.pdb	0	8.197	27.171
complex.257.pdb	0	16.069	28.923
complex.258.pdb	0.0238095	11.942	33.576
complex.259.pdb	0.119048	11.565	31.004
complex.260.pdb	0	17.636	35.897
complex.261.pdb	0	14.962	24.380
complex.262.pdb	0.142857	12.160	32.805
complex.263.pdb	0	7.651	28.464
complex.264.pdb	0.047619	14.514	32.445
complex.265.pdb	0	15.917	30.169
complex.266.pdb	0.214286	5.609	14.022
complex.267.pdb	0	15.649	28.344
complex.268.pdb	0.0238095	9.091	28.013
complex.269.pdb	0.119048	11.839	30.318
complex.270.pdb	0.047619	13.885	31.980
complex.271.pdb	0.0952381	13.240	29.052
complex.272.pdb	0.0714286	13.180	39.054
complex.273.pdb	0.238095	4.580	10.143
complex.274.pdb	0	7.752	28.208
complex.275.pdb	0.0714286	10.770	35.575
complex.276.pdb	0	8.690	28.090
complex.277.pdb	0.0714286	9.633	26.591
complex.278.pdb	0.0714286	13.499	31.130
complex.279.pdb	0	12.679	34.094
complex.280.pdb	0.0238095	14.373	32.302
complex.281.pdb	0.190476	6.416	17.040
complex.282.pdb	0	17.339	40.206
complex.283.pdb	0.0714286	12.824	32.640
complex.284.pdb	0.0714286	8.558	24.984
complex.285.pdb	0	17.211	35.078
complex.286.pdb	0	16.038	26.106
complex.287.pdb	0	7.668	23.252
complex.288.pdb	0	15.323	26.425
complex.289.pdb	0	16.834	28.911
complex.290.pdb	0.0238095	12.119	40.241
complex.291.pdb	0	17.335	32.610
complex.292.pdb	0	7.945	24.662
complex.293.pdb	0.0952381	8.233	24.463
complex.294.pdb	0	7.206	24.909
complex.295.pdb	0.142857	11.758	26.758
complex.296.pdb	0.0952381	9.126	26.683
complex.297.pdb	0	12.343	35.285
complex.298.pdb	0.166667	9.060	29.103
complex.299.pdb	0	16.232	25.219
complex.300.pdb	0	11.615	43.586
complex.301.pdb	0.0714286	8.279	20.794
complex.302.pdb	0.119048	10.254	29.923
complex.303.pdb	0.190476	6.364	19.060
complex.304.pdb	0.047619	15.290	32.614
complex.305.pdb	0.0952381	12.813	35.914
complex.306.pdb	0	16.516	27.273
complex.307.pdb	0.333333	8.427	22.531
complex.308.pdb	0.0714286	14.712	34.633
complex.309.pdb	0.333333	5.229	10.396
complex.310.pdb	0	11.956	37.620
complex.311.pdb	0.119048	10.509	34.350
complex.312.pdb	0.047619	10.539	36.168
complex.313.pdb	0.0714286	12.497	31.271
complex.314.pdb	0	16.107	22.091
complex.315.pdb	0.0714286	9.390	21.623
complex.316.pdb	0.047619	11.953	34.982
complex.317.pdb	0.333333	7.681	22.799
complex.318.pdb	0.166667	6.810	18.158
complex.319.pdb	0	8.997	30.852
complex.320.pdb	0	14.926	28.122
complex.321.pdb	0.0238095	7.823	26.482
complex.322.pdb	0	13.821	30.192
complex.323.pdb	0	16.814	34.471
complex.324.pdb	0	14.938	24.515
complex.325.pdb	0	16.690	28.978
complex.326.pdb	0.0714286	10.973	37.169
complex.327.pdb	0.119048	12.786	33.458
complex.328.pdb	0.0714286	10.039	23.009
complex.329.pdb	0.0952381	11.354	36.120
complex.330.pdb	0.047619	9.510	19.136
complex.331.pdb	0.047619	6.024	23.616
complex.332.pdb	0.0952381	10.738	26.193
complex.333.pdb	0.142857	13.776	31.642
complex.334.pdb	0	17.460	31.525
complex.335.pdb	0.119048	8.470	23.760
complex.336.pdb	0.0238095	12.999	40.358
complex.337.pdb	0.142857	9.106	31.908
complex.338.pdb	0.404762	6.853	21.362
complex.339.pdb	0	12.323	37.825
complex.340.pdb	0	16.129	28.922
complex.341.pdb	0	8.187	22.598
complex.342.pdb	0.047619	9.553	27.342
complex.343.pdb	0	15.106	27.282
complex.344.pdb	0.047619	15.765	32.736
complex.345.pdb	0.0238095	10.135	36.359
complex.346.pdb	0.142857	8.275	20.392
complex.347.pdb	0.404762	3.769	9.702
complex.348.pdb	0	7.680	23.538
complex.349.pdb	0.119048	8.660	18.731
complex.350.pdb	0.0238095	9.256	30.707
complex.351.pdb	0.142857	8.940	26.791
complex.352.pdb	0	18.242	39.793
complex.353.pdb	0.0714286	10.438	32.210
complex.354.pdb	0.047619	9.028	18.363
complex.355.pdb	0	15.624	27.240
complex.356.pdb	0	17.713	38.738
complex.357.pdb	0.0714286	12.561	37.289
complex.358.pdb	0.047619	14.280	31.109
complex.359.pdb	0	7.910	24.308
complex.360.pdb	0.0952381	10.796	25.071
complex.361.pdb	0.0952381	8.819	26.619
complex.362.pdb	0	15.578	23.610
complex.363.pdb	0.0952381	6.464	27.371
complex.364.pdb	0	9.132	23.692
complex.365.pdb	0.119048	8.414	23.878
complex.366.pdb	0.0714286	13.130	30.929
complex.367.pdb	0	8.044	18.800
complex.368.pdb	0.119048	7.283	21.309
complex.369.pdb	0.047619	12.276	33.303
complex.370.pdb	0.119048	9.558	26.793
complex.371.pdb	0.142857	11.530	29.121
complex.372.pdb	0	17.162	30.914
complex.373.pdb	0	16.385	31.489
complex.374.pdb	0	17.171	30.976
complex.375.pdb	0.0714286	8.394	24.159
complex.376.pdb	0.309524	4.534	12.596
complex.377.pdb	0	16.744	28.532
complex.378.pdb	0	16.172	23.784
complex.379.pdb	0.0714286	12.892	32.785
complex.380.pdb	0.142857	7.942	20.550
complex.381.pdb	0	16.049	30.528
complex.382.pdb	0.357143	6.025	13.898
complex.383.pdb	0.047619	10.343	29.401
complex.384.pdb	0.166667	7.633	23.077
complex.385.pdb	0.0714286	13.133	33.522
complex.386.pdb	0.0714286	12.596	37.995
complex.387.pdb	0.166667	6.277	17.286
complex.388.pdb	0	6.864	22.192
complex.389.pdb	0	16.216	30.765
complex.390.pdb	0.0952381	9.914	35.219
complex.391.pdb	0.285714	4.750	10.037
complex.392.pdb	0.047619	11.752	31.674
complex.393.pdb	0.166667	7.021	19.834
complex.394.pdb	0	15.857	25.486
complex.395.pdb	0	15.708	25.963
complex.396.pdb	0	9.362	26.717
complex.397.pdb	0	16.419	23.761
complex.398.pdb	0.309524	8.494	24.219
complex.399.pdb	0	15.268	23.803
complex.400.pdb	0.0952381	10.399	28.256
complex.401.pdb	0.0238095	13.297	34.972
complex.402.pdb	0.0238095	11.888	33.257
complex.403.pdb	0	16.014	27.788
complex.404.pdb	0	19.278	38.644
complex.405.pdb	0.214286	4.821	19.224
complex.406.pdb	0.142857	9.970	24.436
complex.407.pdb	0.0952381	11.348	26.624
complex.408.pdb	0	16.514	34.267
complex.409.pdb	0.0714286	10.530	29.571
complex.410.pdb	0.047619	12.728	33.392
complex.411.pdb	0.190476	13.160	31.713
complex.412.pdb	0	7.662	23.134
complex.413.pdb	0	8.869	21.911
complex.414.pdb	0.0952381	12.107	36.423
complex.415.pdb	0.0714286	13.792	32.205
complex.416.pdb	0.0714286	7.008	24.985
complex.417.pdb	0	18.405	42.462
complex.418.pdb	0.0952381	11.133	35.912
complex.419.pdb	0	17.862	40.492
complex.420.pdb	0	7.087	17.407
complex.421.pdb	0.0238095	10.817	22.713
complex.422.pdb	0.0714286	11.903	28.990
complex.423.pdb	0.0714286	14.680	33.577
complex.424.pdb	0	10.904	30.040
complex.425.pdb	0	16.739	30.423
complex.426.pdb	0.119048	6.813	17.142
complex.427.pdb	0.0714286	10.057	23.799
complex.428.pdb	0	12.445	32.359
complex.429.pdb	0	17.957	37.203
complex.430.pdb	0.119048	13.440	29.250
complex.431.pdb	0.0714286	14.610	32.535
complex.432.pdb	0	17.968	40.607
complex.433.pdb	0	17.049	38.137
complex.434.pdb	0.0714286	9.500	28.983
complex.435.pdb	0.0238095	13.027	31.074
complex.436.pdb	0.0952381	10.088	31.320
complex.437.pdb	0.166667	11.096	34.321
complex.438.pdb	0.190476	7.355	16.880
complex.439.pdb	0	7.894	24.505
complex.440.pdb	0.0238095	10.923	44.521
complex.441.pdb	0	12.916	32.571
complex.442.pdb	0.142857	13.282	32.095
complex.443.pdb	0.0238095	8.058	22.180
complex.444.pdb	0	17.144	34.196
complex.445.pdb	0.047619	13.982	29.320
complex.446.pdb	0.0714286	8.596	28.969
complex.447.pdb	0.119048	7.873	23.005
complex.448.pdb	0.309524	5.175	16.154
complex.449.pdb	0	15.646	27.273
complex.450.pdb	0.047619	10.200	31.802
complex.451.pdb	0	15.798	26.171
complex.452.pdb	0	13.291	34.607
complex.453.pdb	0	15.497	29.163
complex.454.pdb	0.0238095	14.087	30.382
complex.455.pdb	0.0714286	10.785	36.263
complex.456.pdb	0	15.521	28.135
complex.457.pdb	0.0952381	9.387	26.864
complex.458.pdb	0	13.004	35.242
complex.459.pdb	0.0714286	13.025	34.054
complex.460.pdb	0.0238095	9.284	29.812
complex.461.pdb	0	7.546	20.127
complex.462.pdb	0.0714286	11.372	33.165
complex.463.pdb	0.142857	8.391	17.387
complex.464.pdb	0	16.412	25.735
complex.465.pdb	0	16.694	27.641
complex.466.pdb	0.0238095	12.155	26.986
complex.467.pdb	0.0714286	12.763	29.619
complex.468.pdb	0	16.637	33.846
complex.469.pdb	0	15.402	28.197
complex.470.pdb	0.142857	11.372	24.542
complex.471.pdb	0	16.539	29.055
complex.472.pdb	0	14.576	39.489
complex.473.pdb	0	15.032	24.276
complex.474.pdb	0.142857	13.615	32.216
complex.475.pdb	0.047619	13.842	33.819
complex.476.pdb	0.142857	13.535	32.219
complex.477.pdb	0.047619	14.130	31.706
complex.478.pdb	0.0238095	11.976	39.953
complex.479.pdb	0.0714286	13.376	36.387
complex.480.pdb	0	17.267	37.871
complex.481.pdb	0	18.526	42.053
complex.482.pdb	0	11.548	35.577
complex.483.pdb	0.190476	7.853	18.970
complex.484.pdb	0.0238095	7.784	22.798
complex.485.pdb	0.0952381	8.938	22.829
complex.486.pdb	0	16.503	27.801
complex.487.pdb	0	17.173	26.248
complex.488.pdb	0	16.373	34.913
complex.489.pdb	0.0952381	13.136	37.082
complex.490.pdb	0	17.812	40.471
complex.491.pdb	0.047619	11.248	30.646
complex.492.pdb	0	12.378	32.513
complex.493.pdb	0.142857	8.061	20.172
complex.494.pdb	0	16.859	30.601
complex.495.pdb	0.119048	8.880	21.028
complex.496.pdb	0.119048	13.681	32.625
complex.497.pdb	0.0238095	11.660	30.504
complex.498.pdb	0	14.188	24.844
complex.499.pdb	0.238095	4.416	15.187
complex.500.pdb	0.261905	4.201	14.448
complex.501.pdb	0	11.602	34.918
complex.502.pdb	0.238095	11.652	31.843
complex.503.pdb	0.0714286	11.917	35.827
complex.504.pdb	0.0714286	14.516	34.519
complex.505.pdb	0.047619	9.458	26.555
complex.506.pdb	0	15.784	24.704
complex.507.pdb	0.0714286	12.602	30.627
complex.508.pdb	0	19.251	39.135
complex.509.pdb	0.047619	11.931	37.845
complex.510.pdb	0	15.917	26.577
complex.511.pdb	0	8.956	29.987
complex.512.pdb	0.142857	12.721	33.101
complex.513.pdb	0.166667	13.365	31.425
complex.514.pdb	0.047619	9.791	23.805
complex.515.pdb	0.0952381	12.141	34.413
complex.516.pdb	0.0952381	9.427	37.565
complex.517.pdb	0.0952381	7.741	21.663
complex.518.pdb	0.119048	6.598	18.398
complex.519.pdb	0.0714286	13.999	32.330
complex.520.pdb	0	15.509	22.965
complex.521.pdb	0	17.024	32.098
complex.522.pdb	0	16.133	24.912
complex.523.pdb	0.0714286	9.983	31.573
complex.524.pdb	0	18.609	42.803
complex.525.pdb	0	15.106	23.596
complex.526.pdb	0	16.891	33.020
complex.527.pdb	0.047619	14.645	31.282
complex.528.pdb	0	11.926	37.978
complex.529.pdb	0	16.629	35.336
complex.530.pdb	0.0238095	13.825	34.136
complex.531.pdb	0.0714286	10.230	25.416
complex.532.pdb	0.0952381	8.286	30.510
complex.533.pdb	0	18.043	39.145
complex.534.pdb	0	12.993	28.270
complex.535.pdb	0	8.455	25.575
complex.536.pdb	0.0714286	6.925	18.954
complex.537.pdb	0.0714286	7.547	22.514
complex.538.pdb	0	7.181	18.681
complex.539.pdb	0.0952381	10.308	25.409
complex.540.pdb	0	11.427	32.004
complex.541.pdb	0.0238095	9.648	29.554
complex.542.pdb	0.0714286	12.574	34.328
complex.543.pdb	0	12.183	36.753
complex.544.pdb	0.047619	12.025	34.053
complex.545.pdb	0	6.735	23.597
complex.546.pdb	0	16.448	29.930
complex.547.pdb	0	13.037	28.193
complex.548.pdb	0.047619	13.717	33.863
complex.549.pdb	0	16.991	33.545
complex.550.pdb	0	15.552	29.833
complex.551.pdb	0.0238095	14.581	33.686
complex.552.pdb	0	15.215	25.283
complex.553.pdb	0	12.481	35.022
complex.554.pdb	0.0952381	7.427	14.184
complex.555.pdb	0.119048	12.919	31.649
complex.556.pdb	0	16.118	27.234
complex.557.pdb	0.047619	8.207	25.211
complex.558.pdb	0	16.835	34.754
complex.559.pdb	0.0714286	14.984	32.744
complex.560.pdb	0.047619	9.566	31.163
complex.561.pdb	0.380952	4.924	13.851
complex.562.pdb	0.0238095	12.500	34.053
complex.563.pdb	0	15.353	23.974
complex.564.pdb	0.047619	11.577	37.904
complex.565.pdb	0	16.652	30.055
complex.566.pdb	0.119048	7.285	17.050
complex.567.pdb	0	17.979	37.092
complex.568.pdb	0.0238095	16.253	29.359
complex.569.pdb	0	15.839	29.583
complex.570.pdb	0	7.006	28.984
complex.571.pdb	0.119048	8.486	28.696
complex.572.pdb	0	18.865	33.763
complex.573.pdb	0	7.602	26.965
complex.574.pdb	0.0238095	11.976	32.382
complex.575.pdb	0.0714286	9.885	32.553
complex.576.pdb	0	15.176	21.528
complex.577.pdb	0.333333	4.453	14.774
complex.578.pdb	0.142857	13.586	31.517
complex.579.pdb	0	13.195	28.447
complex.580.pdb	0	10.425	38.091
complex.581.pdb	0	10.771	31.363
complex.582.pdb	0.119048	9.042	25.441
complex.583.pdb	0	12.955	38.612
complex.584.pdb	0.0238095	13.574	32.990
complex.585.pdb	0.166667	8.880	27.711
complex.586.pdb	0.0952381	9.880	32.130
complex.587.pdb	0.0238095	14.015	31.889
complex.588.pdb	0	15.722	28.775
complex.589.pdb	0.047619	6.828	20.142
complex.590.pdb	0	16.584	29.274
complex.591.pdb	0.0952381	6.422	24.856
complex.592.pdb	0.0714286	11.790	35.028
complex.593.pdb	0.0952381	11.012	24.692
complex.594.pdb	0.047619	10.256	24.823
complex.595.pdb	0.0238095	12.435	31.724
complex.596.pdb	0.119048	12.474	39.672
complex.597.pdb	0.404762	5.192	15.188
complex.598.pdb	0	18.802	34.172
complex.599.pdb	0	6.994	20.421
complex.600.pdb	0.0238095	15.738	34.570
complex.601.pdb	0	8.297	26.446
complex.602.pdb	0.119048	13.237	29.179
complex.603.pdb	0	15.954	29.306
complex.604.pdb	0.0238095	10.796	43.188
complex.605.pdb	0.0714286	8.657	23.667
complex.606.pdb	0.0952381	9.022	24.894
complex.607.pdb	0	12.437	37.672
complex.608.pdb	0	17.653	38.942
complex.609.pdb	0.047619	14.868	31.361
complex.610.pdb	0	15.575	25.819
complex.611.pdb	0	17.535	32.879
complex.612.pdb	0.0952381	11.334	34.939
complex.613.pdb	0	16.470	26.979
complex.614.pdb	0	16.982	30.352
complex.615.pdb	0	17.021	28.302
complex.616.pdb	0	17.112	29.576
complex.617.pdb	0.0714286	9.312	37.023
complex.618.pdb	0.0238095	8.794	27.347
complex.619.pdb	0	14.962	23.012
complex.620.pdb	0	14.020	31.926
complex.621.pdb	0.142857	12.488	31.383
complex.622.pdb	0	8.220	20.922
complex.623.pdb	0	15.412	23.674
complex.624.pdb	0	15.794	26.605
complex.625.pdb	0	14.061	34.480
complex.626.pdb	0	16.376	26.309
complex.627.pdb	0	12.877	34.787
complex.628.pdb	0	15.871	30.899
complex.629.pdb	0	17.131	32.465
complex.630.pdb	0.142857	10.895	30.588
complex.631.pdb	0	10.411	28.162
complex.632.pdb	0	17.714	37.659
complex.633.pdb	0	7.460	27.427
complex.634.pdb	0	15.698	24.776
complex.635.pdb	0.142857	9.250	34.156
complex.636.pdb	0	18.390	39.627
complex.637.pdb	0	16.763	33.662
complex.638.pdb	0	13.234	28.619
complex.639.pdb	0.119048	9.828	24.709
complex.640.pdb	0	13.011	28.943
complex.641.pdb	0	16.367	26.568
complex.642.pdb	0	16.467	25.861
complex.643.pdb	0.0238095	6.945	22.337
complex.644.pdb	0	17.350	33.478
complex.645.pdb	0.047619	7.954	20.395
complex.646.pdb	0	13.809	23.623
complex.647.pdb	0	15.975	26.221
complex.648.pdb	0.0952381	8.605	20.665
complex.649.pdb	0.0238095	9.984	29.439
complex.650.pdb	0	16.918	30.811
complex.651.pdb	0.142857	13.584	32.671
complex.652.pdb	0.0952381	10.359	28.036
complex.653.pdb	0.047619	9.320	27.513
complex.654.pdb	0	15.972	24.475
complex.655.pdb	0	17.973	37.698
complex.656.pdb	0.142857	11.430	30.769
complex.657.pdb	0.190476	6.684	16.372
complex.658.pdb	0.047619	15.035	34.638
complex.659.pdb	0	12.179	34.014
complex.660.pdb	0.309524	5.739	18.097
complex.661.pdb	0.047619	10.491	22.892
complex.662.pdb	0.119048	12.649	31.184
complex.663.pdb	0.0238095	10.976	33.200
complex.664.pdb	0	17.264	35.636
complex.665.pdb	0	16.285	29.110
complex.666.pdb	0	17.125	34.939
complex.667.pdb	0.047619	11.803	27.762
complex.668.pdb	0	16.250	29.451
complex.669.pdb	0.0238095	16.361	37.306
complex.670.pdb	0.0238095	13.202	34.419
complex.671.pdb	0	16.891	29.104
complex.672.pdb	0.380952	6.128	21.226
complex.673.pdb	0	15.712	28.888
complex.674.pdb	0.0952381	10.871	30.729
complex.675.pdb	0.0714286	6.541	23.592
complex.676.pdb	0.0238095	8.737	29.490
complex.677.pdb	0	16.734	28.764
complex.678.pdb	0	16.601	22.651
complex.679.pdb	0	15.632	31.552
complex.680.pdb	0	19.137	35.734
complex.681.pdb	0	17.540	29.923
complex.682.pdb	0	16.342	28.274
complex.683.pdb	0.142857	12.678	31.427
complex.684.pdb	0.0714286	14.031	32.235
complex.685.pdb	0	15.955	25.038
complex.686.pdb	0.0714286	10.612	27.606
complex.687.pdb	0	13.400	33.837
complex.688.pdb	0	17.912	33.277
complex.689.pdb	0.0238095	12.231	33.298
complex.690.pdb	0	17.227	27.304
complex.691.pdb	0.0238095	8.684	28.932
complex.692.pdb	0.047619	13.462	31.053
complex.693.pdb	0	16.389	30.595
complex.694.pdb	0	16.096	37.621
complex.695.pdb	0.047619	13.156	34.657
complex.696.pdb	0	17.685	38.960
complex.697.pdb	0	14.647	36.175
complex.698.pdb	0	15.640	23.499
complex.699.pdb	0.166667	9.966	22.669
complex.700.pdb	0.0714286	12.166	30.325
complex.701.pdb	0.047619	11.017	24.947
complex.702.pdb	0	13.600	26.025
complex.703.pdb	0.119048	12.683	30.592
complex.704.pdb	0.0714286	10.689	38.390
complex.705.pdb	0.190476	10.194	29.805
complex.706.pdb	0.047619	12.174	34.794
complex.707.pdb	0	16.071	30.476
complex.708.pdb	0	18.921	33.256
complex.709.pdb	0	18.257	40.220
complex.710.pdb	0	17.128	31.862
complex.711.pdb	0.047619	9.089	30.063
complex.712.pdb	0	19.067	33.324
complex.713.pdb	0	17.968	37.454
complex.714.pdb	0.0714286	6.230	24.168
complex.715.pdb	0.0238095	11.670	35.670
complex.716.pdb	0	16.635	35.959
complex.717.pdb	0.0714286	12.650	34.859
complex.718.pdb	0.0952381	6.380	22.477
complex.719.pdb	0.0238095	13.874	29.746
complex.720.pdb	0.357143	5.730	19.048
complex.721.pdb	0	16.807	32.044
complex.722.pdb	0	16.146	26.073
complex.723.pdb	0.0952381	12.130	30.480
complex.724.pdb	0.261905	6.185	17.910
complex.725.pdb	0	15.799	22.639
complex.726.pdb	0	16.610	24.880
complex.727.pdb	0.0952381	12.833	32.947
complex.728.pdb	0.047619	11.010	37.121
complex.729.pdb	0.309524	9.442	27.474
complex.730.pdb	0	16.476	29.798
complex.731.pdb	0.0238095	13.008	31.902
complex.732.pdb	0.0238095	12.051	34.261
complex.733.pdb	0	9.140	27.457
complex.734.pdb	0	16.250	34.103
complex.735.pdb	0.166667	9.497	26.650
complex.736.pdb	0.0714286	13.188	28.492
complex.737.pdb	0	15.444	27.522
complex.738.pdb	0	7.700	24.550
complex.739.pdb	0	16.521	30.736
complex.740.pdb	0	15.458	25.166
complex.741.pdb	0	15.737	24.003
complex.742.pdb	0	15.958	33.274
complex.743.pdb	0	16.439	23.790
complex.744.pdb	0.047619	13.557	28.734
complex.745.pdb	0	10.465	38.178
complex.746.pdb	0.0714286	8.793	23.873
complex.747.pdb	0.190476	10.455	28.166
complex.748.pdb	0	12.554	29.031
complex.749.pdb	0	15.583	27.900
complex.750.pdb	0.142857	13.645	31.909
complex.751.pdb	0.214286	12.510	31.179
complex.752.pdb	0.0238095	8.621	21.655
complex.753.pdb	0.119048	8.535	17.459
complex.754.pdb	0	17.847	35.784
complex.755.pdb	0	17.876	31.055
complex.756.pdb	0.142857	13.448	33.587
complex.757.pdb	0	8.973	26.685
complex.758.pdb	0.047619	13.166	33.903
complex.759.pdb	0.0714286	9.572	30.126
complex.760.pdb	0.119048	10.807	37.099
complex.761.pdb	0.0238095	13.887	37.385
complex.762.pdb	0	11.961	33.283
complex.763.pdb	0	12.151	27.246
complex.764.pdb	0	16.275	36.188
complex.765.pdb	0.0714286	10.147	26.297
complex.766.pdb	0	16.060	26.065
complex.767.pdb	0	13.354	32.075
complex.768.pdb	0.190476	12.700	29.741
complex.769.pdb	0	10.519	27.985
complex.770.pdb	0	16.235	28.847
complex.771.pdb	0	14.046	35.411
complex.772.pdb	0.190476	5.838	18.568
complex.773.pdb	0	15.287	23.847
complex.774.pdb	0	17.604	34.657
complex.775.pdb	0	16.346	26.554
complex.776.pdb	0	16.241	24.827
complex.777.pdb	0.119048	11.248	27.646
complex.778.pdb	0	16.163	31.409
complex.779.pdb	0.0714286	6.879	21.818
complex.780.pdb	0.0238095	16.012	32.468
complex.781.pdb	0.0238095	12.272	31.916
complex.782.pdb	0.119048	6.912	21.725
complex.783.pdb	0	16.558	28.972
complex.784.pdb	0.0714286	8.652	21.422
complex.785.pdb	0	16.994	35.039
complex.786.pdb	0	13.422	22.992
complex.787.pdb	0.0238095	13.606	30.290
complex.788.pdb	0	16.698	25.961
complex.789.pdb	0	15.768	28.897
complex.790.pdb	0	16.810	29.128
complex.791.pdb	0	16.465	28.949
complex.792.pdb	0	14.786	27.662
complex.793.pdb	0	17.072	32.258
complex.794.pdb	0	18.225	36.505
complex.795.pdb	0.0714286	13.398	33.864
complex.796.pdb	0	15.839	30.199
complex.797.pdb	0.0714286	8.897	21.988
complex.798.pdb	0.0714286	11.555	36.225
complex.799.pdb	0	15.372	27.644
complex.800.pdb	0	17.682	31.399
complex.801.pdb	0	16.204	34.893
complex.802.pdb	0.333333	6.159	15.262
complex.803.pdb	0	16.891	31.560
complex.804.pdb	0.238095	6.891	13.656
complex.805.pdb	0.142857	10.227	24.347
complex.806.pdb	0.0238095	8.225	22.856
complex.807.pdb	0	19.137	40.803
complex.808.pdb	0	17.008	33.145
complex.809.pdb	0.119048	9.018	24.741
complex.810.pdb	0	16.385	35.723
complex.811.pdb	0	11.043	38.729
complex.812.pdb	0	15.590	25.797
complex.813.pdb	0	16.934	28.869
complex.814.pdb	0	18.830	36.750
complex.815.pdb	0.047619	14.087	31.590
complex.816.pdb	0	16.178	29.427
complex.817.pdb	0.214286	13.199	30.944
complex.818.pdb	0.047619	14.412	33.650
complex.819.pdb	0	8.578	17.471
complex.820.pdb	0	10.325	45.753
complex.821.pdb	0	8.401	28.014
complex.822.pdb	0	16.711	30.896
complex.823.pdb	0.119048	7.559	20.047
complex.824.pdb	0	11.536	24.240
complex.825.pdb	0	16.325	35.781
complex.826.pdb	0.119048	10.961	27.320
complex.827.pdb	0	16.685	32.262
complex.828.pdb	0	15.193	33.671
complex.829.pdb	0.047619	15.563	31.929
complex.830.pdb	0.047619	11.446	33.533
complex.831.pdb	0	17.799	35.146
complex.832.pdb	0	17.171	30.235
complex.833.pdb	0.047619	8.515	27.163
complex.834.pdb	0.0238095	10.745	36.372
complex.835.pdb	0	17.241	31.666
complex.836.pdb	0.0238095	14.199	36.221
complex.837.pdb	0	16.701	30.525
complex.838.pdb	0	15.423	25.516
complex.839.pdb	0	15.134	21.970
complex.840.pdb	0	16.287	28.858
complex.841.pdb	0	17.379	37.608
complex.842.pdb	0	15.356	20.878
complex.843.pdb	0	17.336	37.012
complex.844.pdb	0	16.500	25.091
complex.845.pdb	0.0238095	14.449	24.091
complex.846.pdb	0.047619	14.706	31.427
complex.847.pdb	0.0714286	10.216	35.687
complex.848.pdb	0.190476	6.356	12.960
complex.849.pdb	0.0714286	12.225	33.135
complex.850.pdb	0	8.472	27.172
complex.851.pdb	0	17.005	43.077
complex.852.pdb	0	12.970	26.568
complex.853.pdb	0.047619	8.951	35.286
complex.854.pdb	0	15.626	27.124
complex.855.pdb	0	7.234	29.385
complex.856.pdb	0	16.157	24.497
complex.857.pdb	0	16.939	30.842
complex.858.pdb	0.0952381	13.840	36.354
complex.859.pdb	0	18.634	37.018
complex.860.pdb	0	15.825	26.986
complex.861.pdb	0.047619	8.788	30.937
complex.862.pdb	0	12.915	27.511
complex.863.pdb	0	19.459	38.806
complex.864.pdb	0	12.977	36.003
complex.865.pdb	0	8.218	19.259
complex.866.pdb	0	17.104	35.300
complex.867.pdb	0	16.237	26.801
complex.868.pdb	0	7.531	27.881
complex.869.pdb	0	16.785	29.658
complex.870.pdb	0	16.411	28.940
complex.871.pdb	0	8.221	24.910
complex.872.pdb	0.333333	7.706	23.180
complex.873.pdb	0	18.095	38.321
complex.874.pdb	0	17.831	35.452
complex.875.pdb	0.0714286	9.638	31.404
complex.876.pdb	0	16.688	31.992
complex.877.pdb	0	16.739	34.442
complex.878.pdb	0.047619	11.152	29.279
complex.879.pdb	0	14.973	30.493
complex.880.pdb	0.238095	5.825	11.424
complex.881.pdb	0.214286	8.045	19.999
complex.882.pdb	0	17.079	40.946
complex.883.pdb	0	16.616	28.820
complex.884.pdb	0	12.419	34.947
complex.885.pdb	0.142857	10.363	22.783
complex.886.pdb	0	16.771	26.385
complex.887.pdb	0	16.278	29.193
complex.888.pdb	0.190476	7.559	24.598
complex.889.pdb	0.190476	8.533	25.052
complex.890.pdb	0.047619	10.371	21.016
complex.891.pdb	0	15.667	24.557
complex.892.pdb	0.0238095	15.842	34.539
complex.893.pdb	0.0238095	7.841	23.884
complex.894.pdb	0.166667	9.252	24.694
complex.895.pdb	0	17.098	29.381
complex.896.pdb	0	18.270	41.983
complex.897.pdb	0.119048	7.877	25.217
complex.898.pdb	0	16.987	30.100
complex.899.pdb	0.119048	10.490	25.836
complex.900.pdb	0	15.771	28.746
complex.901.pdb	0.0714286	10.123	21.647
complex.902.pdb	0	11.786	32.365
complex.903.pdb	0	18.003	35.294
complex.904.pdb	0	15.229	20.640
complex.905.pdb	0.166667	13.284	31.252
complex.906.pdb	0	16.834	27.645
complex.907.pdb	0.0714286	9.349	34.462
complex.908.pdb	0	16.187	29.529
complex.909.pdb	0	16.503	30.538
complex.910.pdb	0	17.451	30.104
complex.911.pdb	0.142857	12.833	27.576
complex.912.pdb	0	17.676	33.836
complex.913.pdb	0.0238095	14.307	34.131
complex.914.pdb	0.190476	8.076	26.751
complex.915.pdb	0.047619	11.487	34.010
complex.916.pdb	0.309524	6.250	20.708
complex.917.pdb	0.047619	10.357	39.142
complex.918.pdb	0.047619	8.779	31.086
complex.919.pdb	0.119048	12.176	31.868
complex.920.pdb	0.0714286	14.178	30.845
complex.921.pdb	0	17.219	29.094
complex.922.pdb	0.166667	12.084	28.458
complex.923.pdb	0.047619	9.148	31.851
complex.924.pdb	0	10.547	32.039
complex.925.pdb	0.142857	7.220	19.114
complex.926.pdb	0.047619	14.089	33.479
complex.927.pdb	0	17.862	30.994
complex.928.pdb	0	15.648	24.381
complex.929.pdb	0.0238095	13.036	29.404
complex.930.pdb	0.0952381	8.725	19.888
complex.931.pdb	0	17.542	32.362
complex.932.pdb	0	8.577	22.133
complex.933.pdb	0.119048	10.335	34.760
complex.934.pdb	0.0238095	7.212	24.764
complex.935.pdb	0	9.829	29.248
complex.936.pdb	0	15.357	34.493
complex.937.pdb	0	17.279	30.070
complex.938.pdb	0	18.377	31.962
complex.939.pdb	0.0952381	14.131	32.088
complex.940.pdb	0.0952381	11.186	27.849
complex.941.pdb	0	17.856	30.386
complex.942.pdb	0	16.798	29.491
complex.943.pdb	0.0714286	13.468	33.183
complex.944.pdb	0.119048	11.964	33.715
complex.945.pdb	0.142857	9.837	27.280
complex.946.pdb	0	19.625	37.235
complex.947.pdb	0	15.846	25.726
complex.948.pdb	0	16.483	35.038
complex.949.pdb	0	16.266	29.769
complex.950.pdb	0.047619	14.606	30.937
complex.951.pdb	0	16.038	37.664
complex.952.pdb	0.0238095	14.257	34.210
complex.953.pdb	0	19.361	40.021
complex.954.pdb	0.142857	11.147	25.955
complex.955.pdb	0	11.360	31.585
complex.956.pdb	0.047619	14.619	30.536
complex.957.pdb	0	15.895	27.817
complex.958.pdb	0	15.881	24.630
complex.959.pdb	0	7.657	24.943
complex.960.pdb	0.190476	4.330	16.506
complex.961.pdb	0	16.548	33.736
complex.962.pdb	0	15.523	22.379
complex.963.pdb	0	15.017	25.730
complex.964.pdb	0	14.353	21.146
complex.965.pdb	0.0714286	14.175	35.902
complex.966.pdb	0	9.242	26.651
complex.967.pdb	0	17.290	31.382
complex.968.pdb	0	18.715	33.703
complex.969.pdb	0.0238095	13.786	36.735
complex.970.pdb	0.166667	9.654	26.765
complex.971.pdb	0.0952381	13.760	29.167
complex.972.pdb	0.0238095	7.779	25.330
complex.973.pdb	0.047619	13.944	35.413
complex.974.pdb	0	15.719	21.762
complex.975.pdb	0.119048	10.668	23.399
complex.976.pdb	0.0952381	11.784	34.172
complex.977.pdb	0	16.362	42.808
complex.978.pdb	0	15.991	32.223
complex.979.pdb	0.0238095	12.119	30.144
complex.980.pdb	0.0714286	9.568	18.439
complex.981.pdb	0.0714286	8.901	27.155
complex.982.pdb	0.285714	5.185	17.266
complex.983.pdb	0.047619	9.453	22.460
complex.984.pdb	0	16.090	27.034
complex.985.pdb	0	15.834	28.614
complex.986.pdb	0	15.874	28.434
complex.987.pdb	0.0238095	12.279	31.312
complex.988.pdb	0.119048	9.988	26.701
complex.989.pdb	0.142857	6.116	16.967
complex.990.pdb	0	18.814	40.969
complex.991.pdb	0.0714286	11.355	39.177
complex.992.pdb	0	14.546	25.042
complex.993.pdb	0	8.976	31.686
complex.994.pdb	0	16.665	30.770
complex.995.pdb	0	12.999	37.367
complex.996.pdb	0	16.695	29.702
complex.997.pdb	0	15.216	29.289
complex.998.pdb	0	18.240	40.350
complex.999.pdb	0.0238095	15.061	33.290
complex.1000.pdb	0	13.600	34.817
complex.1001.pdb	0	9.593	27.623
complex.1002.pdb	0	8.163	25.785
complex.1003.pdb	0	16.767	31.081
complex.1004.pdb	0	12.883	27.465
complex.1005.pdb	0	16.885	33.052
complex.1006.pdb	0.190476	6.968	17.188
complex.1007.pdb	0	15.271	30.531
complex.1008.pdb	0	18.065	31.496
complex.1009.pdb	0.0714286	9.441	24.855
complex.1010.pdb	0.047619	11.948	28.160
complex.1011.pdb	0.0952381	10.391	25.889
complex.1012.pdb	0	17.560	31.702
complex.1013.pdb	0.357143	4.861	13.161
complex.1014.pdb	0.214286	6.065	19.165
complex.1015.pdb	0	17.787	35.818
complex.1016.pdb	0	17.301	34.856
complex.1017.pdb	0	16.092	35.187
complex.1018.pdb	0	18.635	35.780
complex.1019.pdb	0	12.279	36.477
complex.1020.pdb	0.190476	10.950	30.306
complex.1021.pdb	0	17.984	32.297
complex.1022.pdb	0	18.820	34.251
complex.1023.pdb	0	16.487	36.828
complex.1024.pdb	0	9.385	23.306
complex.1025.pdb	0	16.959	24.485
complex.1026.pdb	0	14.679	25.665
complex.1027.pdb	0	11.432	33.940
complex.1028.pdb	0	15.228	28.304
complex.1029.pdb	0	15.739	29.059
complex.1030.pdb	0.0714286	11.437	37.116
complex.1031.pdb	0	9.985	29.048
complex.1032.pdb	0.0952381	12.564	28.337
complex.1033.pdb	0.0238095	12.123	32.933
complex.1034.pdb	0	12.020	29.577
complex.1035.pdb	0.0238095	15.525	34.572
complex.1036.pdb	0	16.465	29.109
complex.1037.pdb	0.047619	8.237	19.953
complex.1038.pdb	0.333333	5.405	13.438
complex.1039.pdb	0	15.803	27.218
complex.1040.pdb	0	19.398	35.269
complex.1041.pdb	0.0238095	13.707	34.511
complex.1042.pdb	0	16.101	26.945
complex.1043.pdb	0.047619	8.522	16.124
complex.1044.pdb	0.047619	14.988	32.405
complex.1045.pdb	0	17.352	35.075
complex.1046.pdb	0.0238095	13.858	29.874
complex.1047.pdb	0	15.594	23.741
complex.1048.pdb	0	19.319	34.118
complex.1049.pdb	0	19.149	41.828
complex.1050.pdb	0	18.085	30.994
complex.1051.pdb	0	18.215	32.228
complex.1052.pdb	0	14.745	25.190
complex.1053.pdb	0	16.024	28.585
complex.1054.pdb	0	19.104	39.146
complex.1055.pdb	0	18.492	38.617
complex.1056.pdb	0	17.269	37.208
complex.1057.pdb	0	16.682	34.504
complex.1058.pdb	0	8.473	30.839
complex.1059.pdb	0	18.538	37.346
complex.1060.pdb	0	18.695	35.938
complex.1061.pdb	0	11.955	34.546
complex.1062.pdb	0	17.371	32.368
complex.1063.pdb	0	19.048	35.783
complex.1064.pdb	0	17.479	40.314
complex.1065.pdb	0.0238095	12.919	27.396
complex.1066.pdb	0.0238095	7.909	27.184
complex.1067.pdb	0.047619	15.565	34.471
complex.1068.pdb	0	17.160	30.305
complex.1069.pdb	0	15.905	30.866
complex.1070.pdb	0.0714286	14.620	31.983
complex.1071.pdb	0.0714286	11.960	39.120
complex.1072.pdb	0.0238095	11.871	28.547
complex.1073.pdb	0	17.260	29.428
complex.1074.pdb	0	16.577	30.640
complex.1075.pdb	0	18.747	33.028
complex.1076.pdb	0.0238095	15.065	34.466
complex.1077.pdb	0	16.605	27.674
complex.1078.pdb	0	17.119	40.317
complex.1079.pdb	0.119048	8.835	23.409
complex.1080.pdb	0.142857	13.087	31.690
complex.1081.pdb	0.0714286	14.637	31.617
complex.1082.pdb	0	15.670	28.687
complex.1083.pdb	0.0238095	10.246	30.231
complex.1084.pdb	0.0952381	8.047	19.028
complex.1085.pdb	0.214286	5.466	14.403
complex.1086.pdb	0	15.496	34.708
complex.1087.pdb	0	12.314	31.136
complex.1088.pdb	0.119048	7.786	20.116
complex.1089.pdb	0	16.405	29.494
complex.1090.pdb	0	16.617	26.790
complex.1091.pdb	0.0952381	8.520	27.914
complex.1092.pdb	0	16.466	28.004
complex.1093.pdb	0	19.495	43.324
complex.1094.pdb	0	16.010	30.494
complex.1095.pdb	0.0952381	12.670	28.304
complex.1096.pdb	0.0238095	14.701	35.332
complex.1097.pdb	0	18.097	32.128
complex.1098.pdb	0	18.475	30.152
complex.1099.pdb	0	10.089	17.901
complex.1100.pdb	0.047619	10.535	35.849
complex.1101.pdb	0	10.728	36.527
complex.1102.pdb	0.214286	13.388	29.305
complex.1103.pdb	0	15.588	29.764
complex.1104.pdb	0	16.116	26.735
complex.1105.pdb	0	15.632	37.626
complex.1106.pdb	0	6.972	25.716
complex.1107.pdb	0	18.119	34.508
complex.1108.pdb	0.119048	10.877	25.611
complex.1109.pdb	0.0238095	13.969	33.298
complex.1110.pdb	0	15.933	21.417
complex.1111.pdb	0	16.749	33.415
complex.1112.pdb	0.261905	7.307	21.253
complex.1113.pdb	0	18.811	32.923
complex.1114.pdb	0.142857	12.215	29.169
complex.1115.pdb	0	17.701	30.901
complex.1116.pdb	0	9.510	26.895
complex.1117.pdb	0	9.345	28.509
complex.1118.pdb	0.190476	13.582	28.604
complex.1119.pdb	0.0238095	8.844	24.545
complex.1120.pdb	0	14.659	24.285
complex.1121.pdb	0	16.592	31.626
complex.1122.pdb	0.119048	13.521	31.172
complex.1123.pdb	0.0714286	10.046	40.407
complex.1124.pdb	0	17.998	35.542
complex.1125.pdb	0.0714286	13.535	30.830
complex.1126.pdb	0.119048	10.702	27.760
complex.1127.pdb	0.166667	9.488	25.841
complex.1128.pdb	0	16.765	28.979
complex.1129.pdb	0.0238095	14.113	36.197
complex.1130.pdb	0	15.837	24.793
complex.1131.pdb	0	16.083	33.400
complex.1132.pdb	0	16.336	29.881
complex.1133.pdb	0.190476	5.393	19.570
complex.1134.pdb	0	19.007	35.898
complex.1135.pdb	0	11.550	44.107
complex.1136.pdb	0	15.930	27.894
complex.1137.pdb	0.047619	12.483	32.184
complex.1138.pdb	0.0238095	11.452	36.181
complex.1139.pdb	0	19.078	37.407
complex.1140.pdb	0	16.287	33.026
complex.1141.pdb	0	16.000	28.142
complex.1142.pdb	0	17.712	35.358
complex.1143.pdb	0	18.822	34.935
complex.1144.pdb	0	14.600	28.905
complex.1145.pdb	0	16.969	29.501
complex.1146.pdb	0.0952381	9.151	20.950
complex.1147.pdb	0.0714286	8.975	26.270
complex.1148.pdb	0	16.061	28.549
complex.1149.pdb	0	14.216	39.803
complex.1150.pdb	0.0714286	8.787	22.461
complex.1151.pdb	0	19.197	35.179
complex.1152.pdb	0.309524	8.085	22.054
complex.1153.pdb	0.047619	10.092	31.509
complex.1154.pdb	0	17.108	38.469
complex.1155.pdb	0.0714286	8.872	20.628
complex.1156.pdb	0	19.061	34.694
complex.1157.pdb	0	16.855	31.527
complex.1158.pdb	0	16.924	31.034
complex.1159.pdb	0	8.011	27.928
complex.1160.pdb	0.0952381	6.574	19.933
complex.1161.pdb	0.0714286	14.591	31.065
complex.1162.pdb	0.190476	6.905	18.653
complex.1163.pdb	0	16.462	29.587
complex.1164.pdb	0.142857	11.844	31.401
complex.1165.pdb	0.047619	13.665	29.982
complex.1166.pdb	0.0714286	12.382	31.292
complex.1167.pdb	0.047619	14.658	43.013
complex.1168.pdb	0	10.846	36.192
complex.1169.pdb	0	16.514	37.201
complex.1170.pdb	0.166667	6.425	15.321
complex.1171.pdb	0	16.770	29.553
complex.1172.pdb	0.0714286	12.270	34.935
complex.1173.pdb	0	17.580	36.322
complex.1174.pdb	0.142857	9.989	28.808
complex.1175.pdb	0	19.763	33.519
complex.1176.pdb	0	15.318	35.340
complex.1177.pdb	0.0952381	6.941	18.822
complex.1178.pdb	0	10.843	36.427
complex.1179.pdb	0.166667	9.774	23.340
complex.1180.pdb	0	12.736	28.354
complex.1181.pdb	0.047619	7.465	23.491
complex.1182.pdb	0	17.058	29.773
complex.1183.pdb	0.190476	10.080	27.344
complex.1184.pdb	0	15.539	34.361
complex.1185.pdb	0	13.275	29.920
complex.1186.pdb	0.0952381	9.134	26.923
complex.1187.pdb	0	14.966	21.387
complex.1188.pdb	0	18.220	36.253
complex.1189.pdb	0	17.957	30.435
complex.1190.pdb	0	16.432	29.360
complex.1191.pdb	0	16.431	36.794
complex.1192.pdb	0	15.825	43.316
complex.1193.pdb	0.0238095	15.082	35.042
complex.1194.pdb	0.190476	12.877	29.408
complex.1195.pdb	0	16.274	29.726
complex.1196.pdb	0.142857	11.370	29.521
complex.1197.pdb	0	17.010	34.397
complex.1198.pdb	0.0952381	11.826	31.939
complex.1199.pdb	0	16.205	32.402
complex.1200.pdb	0	12.255	28.477
complex.1201.pdb	0	17.720	29.398
complex.1202.pdb	0	16.990	38.691
complex.1203.pdb	0	16.268	28.732
complex.1204.pdb	0	18.976	31.469
complex.1205.pdb	0	16.289	26.177
complex.1206.pdb	0	11.968	37.357
complex.1207.pdb	0	16.951	31.515
complex.1208.pdb	0	18.449	34.497
complex.1209.pdb	0.047619	12.480	29.900
complex.1210.pdb	0.142857	5.701	18.505
complex.1211.pdb	0.142857	5.655	20.060
complex.1212.pdb	0	16.312	38.845
complex.1213.pdb	0	15.802	34.142
complex.1214.pdb	0	10.254	32.677
complex.1215.pdb	0	17.313	25.420
complex.1216.pdb	0	11.324	38.674
complex.1217.pdb	0	16.625	36.066
complex.1218.pdb	0	18.509	30.401
complex.1219.pdb	0	17.297	29.653
complex.1220.pdb	0.047619	14.149	33.860
complex.1221.pdb	0.047619	10.085	21.600
complex.1222.pdb	0	18.030	36.007
complex.1223.pdb	0	15.926	32.677
complex.1224.pdb	0	16.709	31.221
complex.1225.pdb	0	15.248	26.935
complex.1226.pdb	0.0238095	14.058	33.263
complex.1227.pdb	0	14.560	25.894
complex.1228.pdb	0	15.030	26.688
complex.1229.pdb	0	16.671	27.860
complex.1230.pdb	0	16.613	26.873
complex.1231.pdb	0	18.621	33.960
complex.1232.pdb	0	13.179	37.171
complex.1233.pdb	0.0238095	13.214	39.187
complex.1234.pdb	0	18.507	36.274
complex.1235.pdb	0	15.207	27.617
complex.1236.pdb	0.214286	10.166	24.727
complex.1237.pdb	0.047619	14.445	32.143
complex.1238.pdb	0.0714286	7.782	28.926
complex.1239.pdb	0.0952381	10.772	34.426
complex.1240.pdb	0.047619	9.507	23.056
complex.1241.pdb	0	10.505	25.586
complex.1242.pdb	0	17.615	34.654
complex.1243.pdb	0	9.017	24.105
complex.1244.pdb	0.0238095	9.724	32.297
complex.1245.pdb	0	17.140	39.049
complex.1246.pdb	0	13.619	30.182
complex.1247.pdb	0	10.482	36.114
complex.1248.pdb	0	9.626	14.762
complex.1249.pdb	0	12.549	26.906
complex.1250.pdb	0	17.062	31.268
complex.1251.pdb	0	16.865	24.972
complex.1252.pdb	0	18.910	38.086
complex.1253.pdb	0.0238095	13.084	29.347
complex.1254.pdb	0	16.527	37.557
complex.1255.pdb	0	15.848	25.065
complex.1256.pdb	0	16.797	29.647
complex.1257.pdb	0.142857	13.699	31.143
complex.1258.pdb	0	16.563	38.891
complex.1259.pdb	0	14.047	38.846
complex.1260.pdb	0.0952381	12.887	33.821
complex.1261.pdb	0.047619	13.915	37.638
complex.1262.pdb	0.047619	9.704	34.157
complex.1263.pdb	0	12.058	36.643
complex.1264.pdb	0.119048	12.156	30.585
complex.1265.pdb	0	12.814	39.673
complex.1266.pdb	0	18.591	41.755
complex.1267.pdb	0	17.653	37.245
complex.1268.pdb	0.261905	5.233	15.306
complex.1269.pdb	0	15.858	28.187
complex.1270.pdb	0	11.241	29.414
complex.1271.pdb	0	17.828	39.468
complex.1272.pdb	0.047619	12.408	35.248
complex.1273.pdb	0.0952381	10.798	28.309
complex.1274.pdb	0	9.056	40.596
complex.1275.pdb	0	14.695	25.021
complex.1276.pdb	0.142857	10.160	26.079
complex.1277.pdb	0	19.804	37.561
complex.1278.pdb	0	15.175	24.185
complex.1279.pdb	0.047619	9.971	25.167
complex.1280.pdb	0	9.942	35.263
complex.1281.pdb	0.047619	6.831	23.587
complex.1282.pdb	0	18.323	39.280
complex.1283.pdb	0.119048	10.486	25.396
complex.1284.pdb	0	18.035	36.585
complex.1285.pdb	0	16.114	31.353
complex.1286.pdb	0	16.535	28.758
complex.1287.pdb	0	15.877	37.300
complex.1288.pdb	0.0952381	6.964	13.277
complex.1289.pdb	0	17.888	31.774
complex.1290.pdb	0.119048	10.918	25.394
complex.1291.pdb	0	16.116	24.773
complex.1292.pdb	0.047619	14.919	31.969
complex.1293.pdb	0.0238095	13.816	30.209
complex.1294.pdb	0	15.387	31.924
complex.1295.pdb	0.047619	13.544	29.081
complex.1296.pdb	0	9.842	20.343
complex.1297.pdb	0.166667	11.741	28.980
complex.1298.pdb	0	16.990	29.562
complex.1299.pdb	0	8.915	29.802
complex.1300.pdb	0	17.512	37.227
complex.1301.pdb	0.214286	12.803	29.169
complex.1302.pdb	0.047619	10.670	26.001
complex.1303.pdb	0.047619	15.546	32.670
complex.1304.pdb	0.047619	9.957	21.693
complex.1305.pdb	0	19.943	37.646
complex.1306.pdb	0.047619	8.834	27.778
complex.1307.pdb	0	16.164	39.394
complex.1308.pdb	0	19.020	35.276
complex.1309.pdb	0.119048	13.566	33.168
complex.1310.pdb	0	16.161	29.605
complex.1311.pdb	0	17.553	30.144
complex.1312.pdb	0	12.247	36.087
complex.1313.pdb	0	15.507	29.808
complex.1314.pdb	0.119048	5.695	25.514
complex.1315.pdb	0	17.831	33.766
complex.1316.pdb	0.0952381	9.000	23.026
complex.1317.pdb	0	14.576	28.146
complex.1318.pdb	0.047619	10.348	20.837
complex.1319.pdb	0	16.606	25.682
complex.1320.pdb	0	16.760	40.373
complex.1321.pdb	0.0952381	13.128	31.039
complex.1322.pdb	0.0238095	8.929	16.785
complex.1323.pdb	0.214286	10.689	27.099
complex.1324.pdb	0	15.219	22.679
complex.1325.pdb	0	16.182	33.080
complex.1326.pdb	0	16.913	30.869
complex.1327.pdb	0	16.663	23.990
complex.1328.pdb	0	14.495	35.482
complex.1329.pdb	0	14.846	24.150
complex.1330.pdb	0	15.865	28.137
complex.1331.pdb	0	17.967	24.760
complex.1332.pdb	0	19.146	33.774
complex.1333.pdb	0.0238095	13.748	32.133
complex.1334.pdb	0	15.236	28.186
complex.1335.pdb	0	18.339	33.585
complex.1336.pdb	0.0714286	13.512	37.556
complex.1337.pdb	0	19.621	33.689
complex.1338.pdb	0.047619	14.622	34.025
complex.1339.pdb	0	16.731	27.414
complex.1340.pdb	0	16.742	33.435
complex.1341.pdb	0	17.164	36.379
complex.1342.pdb	0.047619	13.900	29.795
complex.1343.pdb	0	18.942	33.506
complex.1344.pdb	0	14.299	36.539
complex.1345.pdb	0	17.374	37.906
complex.1346.pdb	0	14.415	25.323
complex.1347.pdb	0.047619	13.305	33.319
complex.1348.pdb	0	11.498	31.750
complex.1349.pdb	0	16.365	28.076
complex.1350.pdb	0.0238095	12.905	33.531
complex.1351.pdb	0.0238095	14.311	31.698
complex.1352.pdb	0	10.729	35.651
complex.1353.pdb	0	18.012	32.726
complex.1354.pdb	0	17.770	39.982
complex.1355.pdb	0	18.306	31.858
complex.1356.pdb	0	13.073	31.675
complex.1357.pdb	0.0952381	9.363	22.268
complex.1358.pdb	0.047619	11.197	22.048
complex.1359.pdb	0	15.088	22.816
complex.1360.pdb	0	14.557	28.087
complex.1361.pdb	0	11.737	38.006
complex.1362.pdb	0	14.685	28.994
complex.1363.pdb	0.0952381	13.647	36.303
complex.1364.pdb	0.238095	6.652	17.016
complex.1365.pdb	0	11.589	33.472
complex.1366.pdb	0	17.624	39.273
complex.1367.pdb	0.0714286	9.774	19.579
complex.1368.pdb	0.047619	14.566	38.765
complex.1369.pdb	0	15.776	23.507
complex.1370.pdb	0.0952381	11.875	28.534
complex.1371.pdb	0	15.837	24.009
complex.1372.pdb	0	17.825	35.874
complex.1373.pdb	0	16.005	26.391
complex.1374.pdb	0	16.411	28.431
complex.1375.pdb	0	15.737	24.054
complex.1376.pdb	0	11.423	36.517
complex.1377.pdb	0	16.409	30.030
complex.1378.pdb	0	16.256	30.417
complex.1379.pdb	0.0238095	14.424	31.087
complex.1380.pdb	0.333333	4.886	9.251
complex.1381.pdb	0	9.667	31.568
complex.1382.pdb	0.119048	8.178	19.048
complex.1383.pdb	0.238095	9.418	26.821
complex.1384.pdb	0	18.751	35.500
complex.1385.pdb	0	12.660	27.493
complex.1386.pdb	0	19.786	36.926
complex.1387.pdb	0	12.807	33.589
complex.1388.pdb	0	18.603	37.003
complex.1389.pdb	0	9.770	27.801
complex.1390.pdb	0	17.739	36.962
complex.1391.pdb	0	16.475	37.152
complex.1392.pdb	0.0238095	15.563	33.825
complex.1393.pdb	0	15.885	38.433
complex.1394.pdb	0.047619	12.438	29.969
complex.1395.pdb	0	16.307	29.865
complex.1396.pdb	0	15.504	28.999
complex.1397.pdb	0	16.259	28.152
complex.1398.pdb	0	10.071	29.263
complex.1399.pdb	0	16.058	37.277
complex.1400.pdb	0	19.838	33.881
complex.1401.pdb	0	16.584	29.374
complex.1402.pdb	0.0238095	9.744	28.231
complex.1403.pdb	0	16.633	28.532
complex.1404.pdb	0.190476	13.312	28.930
complex.1405.pdb	0	16.032	23.281
complex.1406.pdb	0	10.703	28.514
complex.1407.pdb	0.261905	7.237	24.350
complex.1408.pdb	0	17.057	29.694
complex.1409.pdb	0	11.574	32.538
complex.1410.pdb	0.166667	8.142	18.743
complex.1411.pdb	0.119048	6.402	20.433
complex.1412.pdb	0	20.701	37.192
complex.1413.pdb	0	16.711	39.301
complex.1414.pdb	0.119048	9.299	31.969
complex.1415.pdb	0.0714286	11.821	30.895
complex.1416.pdb	0	15.919	23.539
complex.1417.pdb	0	15.171	22.190
complex.1418.pdb	0.142857	13.322	32.903
complex.1419.pdb	0	17.822	40.123
complex.1420.pdb	0	10.941	33.357
complex.1421.pdb	0	17.763	39.383
complex.1422.pdb	0.0238095	12.418	32.195
complex.1423.pdb	0	14.797	31.784
complex.1424.pdb	0	17.029	37.682
complex.1425.pdb	0	13.009	28.672
complex.1426.pdb	0	15.810	21.614
complex.1427.pdb	0.0238095	10.709	35.977
complex.1428.pdb	0.0952381	11.304	29.037
complex.1429.pdb	0.142857	7.952	24.764
complex.1430.pdb	0	14.079	30.977
complex.1431.pdb	0.047619	15.659	35.539
complex.1432.pdb	0.142857	7.367	23.273
complex.1433.pdb	0	17.854	36.020
complex.1434.pdb	0	17.578	37.302
complex.1435.pdb	0.047619	8.844	20.742
complex.1436.pdb	0	15.303	28.016
complex.1437.pdb	0.047619	16.259	33.565
complex.1438.pdb	0	18.183	38.108
complex.1439.pdb	0.119048	12.046	37.132
complex.1440.pdb	0.0238095	13.229	31.907
complex.1441.pdb	0.0238095	12.954	30.143
complex.1442.pdb	0.0238095	14.190	35.536
complex.1443.pdb	0	11.798	33.095
complex.1444.pdb	0	15.891	29.836
complex.1445.pdb	0	19.081	34.557
complex.1446.pdb	0	14.373	42.990
complex.1447.pdb	0.238095	5.521	8.635
complex.1448.pdb	0.0714286	9.760	25.276
complex.1449.pdb	0	15.831	26.169
complex.1450.pdb	0.333333	6.768	17.946
complex.1451.pdb	0	17.794	35.687
complex.1452.pdb	0.261905	4.808	11.075
complex.1453.pdb	0.047619	11.512	27.197
complex.1454.pdb	0	10.183	31.740
complex.1455.pdb	0	16.140	26.555
complex.1456.pdb	0	17.574	31.582
complex.1457.pdb	0	12.657	33.235
complex.1458.pdb	0	18.985	42.891
complex.1459.pdb	0.047619	15.799	31.669
complex.1460.pdb	0	16.063	30.469
complex.1461.pdb	0	17.167	28.791
complex.1462.pdb	0	12.073	33.699
complex.1463.pdb	0	17.631	32.660
complex.1464.pdb	0	16.949	33.994
complex.1465.pdb	0	19.550	40.840
complex.1466.pdb	0	16.836	35.177
complex.1467.pdb	0.0714286	10.065	21.304
complex.1468.pdb	0	16.485	36.173
complex.1469.pdb	0	17.404	36.482
complex.1470.pdb	0	17.016	30.471
complex.1471.pdb	0.0238095	10.684	35.320
complex.1472.pdb	0	16.580	27.839
complex.1473.pdb	0	8.778	29.701
complex.1474.pdb	0.119048	7.969	23.195
complex.1475.pdb	0	15.770	29.896
complex.1476.pdb	0	17.338	40.603
complex.1477.pdb	0.190476	13.353	30.892
complex.1478.pdb	0	15.089	23.998
complex.1479.pdb	0	20.934	37.053
complex.1480.pdb	0	16.411	33.655
complex.1481.pdb	0.238095	6.805	21.639
complex.1482.pdb	0	15.199	25.998
complex.1483.pdb	0.0952381	11.990	32.575
complex.1484.pdb	0	16.560	35.349
complex.1485.pdb	0.285714	6.635	16.340
complex.1486.pdb	0	14.602	34.136
complex.1487.pdb	0	15.838	35.863
complex.1488.pdb	0	15.119	24.098
complex.1489.pdb	0	15.990	26.634
complex.1490.pdb	0	16.405	37.196
complex.1491.pdb	0	14.446	27.169
complex.1492.pdb	0	17.200	25.470
complex.1493.pdb	0	15.459	23.460
complex.1494.pdb	0.214286	7.755	24.215
complex.1495.pdb	0	15.996	27.971
complex.1496.pdb	0	17.128	43.682
complex.1497.pdb	0.166667	7.909	20.195
complex.1498.pdb	0	18.246	32.743
complex.1499.pdb	0.119048	10.140	24.429
complex.1500.pdb	0	15.404	25.161
complex.1501.pdb	0.142857	12.419	33.603
complex.1502.pdb	0.119048	12.553	32.942
complex.1503.pdb	0	16.837	30.600
complex.1504.pdb	0.166667	12.368	30.513
complex.1505.pdb	0	12.838	30.106
complex.1506.pdb	0	18.049	33.194
complex.1507.pdb	0.0952381	8.869	25.431
complex.1508.pdb	0.0238095	14.413	34.992
complex.1509.pdb	0	19.655	36.023
complex.1510.pdb	0.190476	12.620	28.431
complex.1511.pdb	0	16.907	39.787
complex.1512.pdb	0	18.551	46.161
complex.1513.pdb	0	15.581	32.710
complex.1514.pdb	0	14.286	33.179
complex.1515.pdb	0	18.825	37.462
complex.1516.pdb	0	18.305	36.969
complex.1517.pdb	0	16.727	37.247
complex.1518.pdb	0	16.241	29.618
complex.1519.pdb	0	17.105	29.824
complex.1520.pdb	0	18.195	31.219
complex.1521.pdb	0	9.882	23.509
complex.1522.pdb	0	18.193	32.916
complex.1523.pdb	0	17.549	39.573
complex.1524.pdb	0	15.603	22.277
complex.1525.pdb	0	16.285	41.140
complex.1526.pdb	0.190476	9.451	20.385
complex.1527.pdb	0	17.125	34.255
complex.1528.pdb	0	16.075	29.784
complex.1529.pdb	0	13.877	29.904
complex.1530.pdb	0	10.660	35.691
complex.1531.pdb	0.166667	6.829	15.579
complex.1532.pdb	0	18.198	35.397
complex.1533.pdb	0	15.112	27.329
complex.1534.pdb	0	18.456	33.019
complex.1535.pdb	0	18.109	33.548
complex.1536.pdb	0.119048	11.896	27.672
complex.1537.pdb	0	15.980	26.917
complex.1538.pdb	0	18.366	36.095
complex.1539.pdb	0	17.024	31.262
complex.1540.pdb	0.142857	8.002	25.243
complex.1541.pdb	0	16.983	31.386
complex.1542.pdb	0.0238095	10.420	32.511
complex.1543.pdb	0	17.154	37.163
complex.1544.pdb	0	17.104	30.506
complex.1545.pdb	0	14.555	31.910
complex.1546.pdb	0	16.252	30.203
complex.1547.pdb	0.0238095	10.792	27.330
complex.1548.pdb	0.047619	9.525	26.799
complex.1549.pdb	0.142857	10.151	29.423
complex.1550.pdb	0	15.638	25.261
complex.1551.pdb	0	15.795	27.689
complex.1552.pdb	0	17.008	36.485
complex.1553.pdb	0.142857	14.304	34.619
complex.1554.pdb	0	13.300	33.514
complex.1555.pdb	0	15.850	38.524
complex.1556.pdb	0.119048	7.859	21.555
complex.1557.pdb	0	16.476	28.240
complex.1558.pdb	0	11.318	32.948
complex.1559.pdb	0.166667	7.452	20.817
complex.1560.pdb	0	17.187	36.932
complex.1561.pdb	0.0238095	10.307	30.652
complex.1562.pdb	0	15.831	37.532
complex.1563.pdb	0	16.879	32.505
complex.1564.pdb	0	16.832	33.012
complex.1565.pdb	0.0238095	17.660	37.462
complex.1566.pdb	0	15.073	28.300
complex.1567.pdb	0	17.817	25.664
complex.1568.pdb	0.047619	14.259	29.843
complex.1569.pdb	0.0714286	6.621	19.960
complex.1570.pdb	0.047619	15.085	31.379
complex.1571.pdb	0	19.208	34.037
complex.1572.pdb	0	18.059	33.273
complex.1573.pdb	0	14.863	29.377
complex.1574.pdb	0	10.645	21.940
complex.1575.pdb	0	16.464	37.597
complex.1576.pdb	0	17.098	29.766
complex.1577.pdb	0	16.171	28.601
complex.1578.pdb	0	17.843	36.216
complex.1579.pdb	0	10.904	34.576
complex.1580.pdb	0	15.535	29.253
complex.1581.pdb	0	18.025	30.099
complex.1582.pdb	0	16.333	28.895
complex.1583.pdb	0	10.429	47.909
complex.1584.pdb	0	16.417	29.643
complex.1585.pdb	0	14.231	25.902
complex.1586.pdb	0.142857	10.503	27.165
complex.1587.pdb	0	19.508	34.891
complex.1588.pdb	0	16.036	31.403
complex.1589.pdb	0	14.944	27.724
complex.1590.pdb	0	7.673	20.550
complex.1591.pdb	0	15.785	29.905
complex.1592.pdb	0	18.256	35.382
complex.1593.pdb	0	16.480	24.066
complex.1594.pdb	0	17.111	34.901
complex.1595.pdb	0.0714286	10.949	38.031
complex.1596.pdb	0	8.391	20.616
complex.1597.pdb	0.0952381	14.807	30.317
complex.1598.pdb	0.047619	7.786	27.231
complex.1599.pdb	0.0952381	8.250	24.486
complex.1600.pdb	0	15.168	33.425
complex.1601.pdb	0	18.290	35.979
complex.1602.pdb	0	19.080	35.193
complex.1603.pdb	0	18.655	34.370
complex.1604.pdb	0	17.958	36.218
complex.1605.pdb	0	9.473	28.540
complex.1606.pdb	0.142857	12.603	29.645
complex.1607.pdb	0.0238095	10.171	33.840
complex.1608.pdb	0	17.879	36.285
complex.1609.pdb	0.166667	11.016	26.708
complex.1610.pdb	0	17.363	31.770
complex.1611.pdb	0.0238095	13.505	38.246
complex.1612.pdb	0	17.470	33.181
complex.1613.pdb	0	14.923	33.053
complex.1614.pdb	0	16.796	28.685
complex.1615.pdb	0	8.236	29.464
complex.1616.pdb	0	12.716	34.174
complex.1617.pdb	0	11.372	27.499
complex.1618.pdb	0.0714286	11.366	27.367
complex.1619.pdb	0	16.721	30.125
complex.1620.pdb	0	15.836	36.415
complex.1621.pdb	0	18.017	32.011
complex.1622.pdb	0.166667	8.672	20.425
complex.1623.pdb	0	16.075	27.670
complex.1624.pdb	0.0238095	12.944	33.673
complex.1625.pdb	0	17.719	33.066
complex.1626.pdb	0.285714	6.478	22.112
complex.1627.pdb	0	14.871	35.596
complex.1628.pdb	0.0952381	11.613	26.996
complex.1629.pdb	0	18.203	43.018
complex.1630.pdb	0.166667	9.224	22.331
complex.1631.pdb	0	18.724	34.843
complex.1632.pdb	0	17.044	35.235
complex.1633.pdb	0	17.940	32.354
complex.1634.pdb	0	16.756	42.127
complex.1635.pdb	0	14.481	32.857
complex.1636.pdb	0	16.550	26.256
complex.1637.pdb	0.0238095	15.249	31.528
complex.1638.pdb	0	15.181	31.052
complex.1639.pdb	0.0238095	14.522	24.775
complex.1640.pdb	0	18.663	35.809
complex.1641.pdb	0	16.631	36.255
complex.1642.pdb	0	13.912	39.177
complex.1643.pdb	0	16.541	29.877
complex.1644.pdb	0.0714286	11.494	28.388
complex.1645.pdb	0	15.804	21.553
complex.1646.pdb	0	7.443	17.699
complex.1647.pdb	0	12.350	35.302
complex.1648.pdb	0.0952381	12.735	32.878
complex.1649.pdb	0.047619	12.840	33.844
complex.1650.pdb	0	15.653	27.139
complex.1651.pdb	0.119048	11.065	29.477
complex.1652.pdb	0	13.733	29.830
complex.1653.pdb	0	12.140	32.810
complex.1654.pdb	0	16.183	32.905
complex.1655.pdb	0.142857	11.829	30.051
complex.1656.pdb	0	18.040	30.244
complex.1657.pdb	0	15.680	31.899
complex.1658.pdb	0	15.051	36.140
complex.1659.pdb	0	17.960	35.858
complex.1660.pdb	0.142857	8.716	23.000
complex.1661.pdb	0.0238095	13.792	31.754
complex.1662.pdb	0	8.689	21.558
complex.1663.pdb	0.0238095	10.315	36.196
complex.1664.pdb	0.0714286	9.719	37.928
complex.1665.pdb	0.047619	14.950	36.106
complex.1666.pdb	0.0714286	12.306	31.425
complex.1667.pdb	0	15.434	27.390
complex.1668.pdb	0	17.713	37.625
complex.1669.pdb	0	17.951	42.927
complex.1670.pdb	0	16.901	41.039
complex.1671.pdb	0.0714286	15.202	32.672
complex.1672.pdb	0	16.450	29.647
complex.1673.pdb	0.047619	10.609	40.148
complex.1674.pdb	0	13.045	38.605
complex.1675.pdb	0	19.563	36.465
complex.1676.pdb	0	10.127	29.656
complex.1677.pdb	0	15.752	29.562
complex.1678.pdb	0	18.051	32.042
complex.1679.pdb	0	19.726	36.351
complex.1680.pdb	0.0952381	14.080	30.720
complex.1681.pdb	0	10.086	20.195
complex.1682.pdb	0	15.466	41.076
complex.1683.pdb	0.0952381	10.908	28.188
complex.1684.pdb	0	15.632	33.410
complex.1685.pdb	0	14.725	38.308
complex.1686.pdb	0.0238095	8.825	20.150
complex.1687.pdb	0	18.463	36.768
complex.1688.pdb	0	18.731	37.161
complex.1689.pdb	0	16.110	32.292
complex.1690.pdb	0.0238095	9.898	32.804
complex.1691.pdb	0.047619	10.486	37.986
complex.1692.pdb	0.190476	11.425	31.230
complex.1693.pdb	0	18.000	35.069
complex.1694.pdb	0	17.613	40.751
complex.1695.pdb	0	14.064	39.375
complex.1696.pdb	0	13.783	20.329
complex.1697.pdb	0	16.132	23.091
complex.1698.pdb	0	12.527	39.044
complex.1699.pdb	0	11.500	35.965
complex.1700.pdb	0.0238095	10.296	26.377
complex.1701.pdb	0.119048	13.364	30.602
complex.1702.pdb	0.0238095	8.226	22.651
complex.1703.pdb	0	15.116	36.365
complex.1704.pdb	0	18.023	31.489
complex.1705.pdb	0.0238095	16.357	28.866
complex.1706.pdb	0	15.465	26.614
complex.1707.pdb	0	16.887	30.246
complex.1708.pdb	0.261905	9.214	25.832
complex.1709.pdb	0.047619	11.981	28.992
complex.1710.pdb	0.0238095	7.938	27.084
complex.1711.pdb	0	15.577	26.639
complex.1712.pdb	0	10.390	36.060
complex.1713.pdb	0	8.208	20.848
complex.1714.pdb	0	15.732	30.373
complex.1715.pdb	0	18.666	40.666
complex.1716.pdb	0	16.775	30.852
complex.1717.pdb	0	15.656	29.572
complex.1718.pdb	0	16.340	27.586
complex.1719.pdb	0.166667	6.120	21.304
complex.1720.pdb	0	19.382	39.065
complex.1721.pdb	0.0714286	14.710	35.771
complex.1722.pdb	0	16.651	26.374
complex.1723.pdb	0	18.506	34.856
complex.1724.pdb	0	15.718	31.315
complex.1725.pdb	0	14.888	32.927
complex.1726.pdb	0	7.518	23.324
complex.1727.pdb	0	18.162	35.363
complex.1728.pdb	0.142857	12.259	34.078
complex.1729.pdb	0	16.541	30.288
complex.1730.pdb	0	17.396	40.608
complex.1731.pdb	0	10.938	37.342
complex.1732.pdb	0	17.729	31.236
complex.1733.pdb	0	17.964	34.035
complex.1734.pdb	0.047619	9.442	20.984
complex.1735.pdb	0	17.869	31.685
complex.1736.pdb	0	17.159	24.909
complex.1737.pdb	0	10.157	29.116
complex.1738.pdb	0	16.914	34.916
complex.1739.pdb	0.0952381	9.140	29.798
complex.1740.pdb	0	18.290	38.278
complex.1741.pdb	0	14.966	31.625
complex.1742.pdb	0.0714286	7.490	23.961
complex.1743.pdb	0.142857	6.662	14.770
complex.1744.pdb	0.047619	10.801	25.512
complex.1745.pdb	0	17.533	33.167
complex.1746.pdb	0.285714	6.345	14.527
complex.1747.pdb	0	16.470	37.940
complex.1748.pdb	0	16.640	28.188
complex.1749.pdb	0	19.344	37.192
complex.1750.pdb	0	18.458	37.323
complex.1751.pdb	0	16.341	29.613
complex.1752.pdb	0.190476	12.465	28.958
complex.1753.pdb	0	16.824	27.278
complex.1754.pdb	0.0952381	7.633	23.841
complex.1755.pdb	0	17.027	27.185
complex.1756.pdb	0	16.569	30.074
complex.1757.pdb	0	17.310	30.732
complex.1758.pdb	0	12.049	29.550
complex.1759.pdb	0.166667	11.268	28.086
complex.1760.pdb	0	18.005	29.234
complex.1761.pdb	0	17.594	40.161
complex.1762.pdb	0	12.136	37.780
complex.1763.pdb	0.0238095	13.951	31.266
complex.1764.pdb	0.190476	7.428	15.968
complex.1765.pdb	0	11.533	36.501
complex.1766.pdb	0	17.336	30.428
complex.1767.pdb	0	16.681	31.429
complex.1768.pdb	0.0952381	11.937	27.279
complex.1769.pdb	0	16.758	28.123
complex.1770.pdb	0	16.827	35.916
complex.1771.pdb	0	18.592	35.529
complex.1772.pdb	0	17.555	32.311
complex.1773.pdb	0	16.590	37.025
complex.1774.pdb	0.0714286	11.911	28.929
complex.1775.pdb	0	12.086	38.767
complex.1776.pdb	0.0238095	15.173	29.146
complex.1777.pdb	0	17.778	32.813
complex.1778.pdb	0	15.763	24.655
complex.1779.pdb	0	17.956	33.557
complex.1780.pdb	0.0952381	13.257	31.100
complex.1781.pdb	0.142857	4.666	19.486
complex.1782.pdb	0	16.321	28.276
complex.1783.pdb	0	17.794	34.690
complex.1784.pdb	0	17.105	40.653
complex.1785.pdb	0	11.291	29.074
complex.1786.pdb	0	16.838	24.493
complex.1787.pdb	0.047619	15.277	33.763
complex.1788.pdb	0	18.410	37.855
complex.1789.pdb	0	15.860	37.462
complex.1790.pdb	0.0238095	13.682	22.946
complex.1791.pdb	0	15.694	33.409
complex.1792.pdb	0.0714286	14.434	31.300
complex.1793.pdb	0	16.256	29.140
complex.1794.pdb	0	18.139	30.905
complex.1795.pdb	0	18.843	39.639
complex.1796.pdb	0	16.230	29.428
complex.1797.pdb	0	16.235	30.769
complex.1798.pdb	0	20.156	37.143
complex.1799.pdb	0	17.867	32.681
complex.1800.pdb	0	19.156	33.876
complex.1801.pdb	0	13.838	31.068
complex.1802.pdb	0	16.342	33.271
complex.1803.pdb	0	8.760	20.138
complex.1804.pdb	0	11.121	28.569
complex.1805.pdb	0	18.083	33.752
complex.1806.pdb	0.0238095	14.938	31.570
complex.1807.pdb	0.0238095	14.008	31.359
complex.1808.pdb	0	17.276	39.615
complex.1809.pdb	0	16.041	33.713
complex.1810.pdb	0	17.468	30.661
complex.1811.pdb	0	17.302	34.462
complex.1812.pdb	0	17.821	32.334
complex.1813.pdb	0	15.494	33.299
complex.1814.pdb	0	18.488	30.396
complex.1815.pdb	0	18.559	42.898
complex.1816.pdb	0	16.922	28.593
complex.1817.pdb	0	12.521	38.142
complex.1818.pdb	0	16.128	28.244
complex.1819.pdb	0	16.210	28.263
complex.1820.pdb	0	14.138	30.042
complex.1821.pdb	0	19.128	39.576
complex.1822.pdb	0.047619	9.009	17.967
complex.1823.pdb	0.0714286	14.588	33.207
complex.1824.pdb	0.119048	8.710	26.906
complex.1825.pdb	0	16.619	25.440
complex.1826.pdb	0.047619	8.920	23.485
complex.1827.pdb	0	18.615	33.478
complex.1828.pdb	0	16.111	27.624
complex.1829.pdb	0.0714286	12.668	30.059
complex.1830.pdb	0	15.636	26.080
complex.1831.pdb	0	17.183	30.655
complex.1832.pdb	0	12.513	39.195
complex.1833.pdb	0	14.998	23.549
complex.1834.pdb	0	19.859	34.743
complex.1835.pdb	0	18.686	36.059
complex.1836.pdb	0.0714286	12.770	30.506
complex.1837.pdb	0	9.041	25.373
complex.1838.pdb	0	15.356	23.715
complex.1839.pdb	0	10.244	30.609
complex.1840.pdb	0	10.323	37.858
complex.1841.pdb	0	16.649	27.362
complex.1842.pdb	0.047619	15.221	31.018
complex.1843.pdb	0.0238095	10.321	28.134
complex.1844.pdb	0	16.758	31.879
complex.1845.pdb	0	14.644	30.688
complex.1846.pdb	0.0714286	10.957	24.265
complex.1847.pdb	0.047619	9.851	30.702
complex.1848.pdb	0.0238095	10.650	30.444
complex.1849.pdb	0.119048	10.353	37.016
complex.1850.pdb	0	16.338	29.555
complex.1851.pdb	0	18.951	38.070
complex.1852.pdb	0	15.928	26.519
complex.1853.pdb	0.0714286	14.024	35.274
complex.1854.pdb	0.190476	10.376	29.314
complex.1855.pdb	0	19.171	37.849
complex.1856.pdb	0	13.060	21.793
complex.1857.pdb	0.166667	7.011	15.206
complex.1858.pdb	0	17.587	32.083
complex.1859.pdb	0	16.112	30.484
complex.1860.pdb	0	16.191	31.531
complex.1861.pdb	0	16.497	28.322
complex.1862.pdb	0	16.140	32.350
complex.1863.pdb	0	11.428	38.448
complex.1864.pdb	0.0238095	15.175	31.341
complex.1865.pdb	0.047619	10.467	24.266
complex.1866.pdb	0	17.212	33.167
complex.1867.pdb	0	18.692	41.708
complex.1868.pdb	0	18.110	33.255
complex.1869.pdb	0	16.697	28.619
complex.1870.pdb	0	18.381	40.873
complex.1871.pdb	0	19.030	36.064
complex.1872.pdb	0.0952381	15.035	29.548
complex.1873.pdb	0.0952381	8.950	32.434
complex.1874.pdb	0	12.928	34.405
complex.1875.pdb	0	18.428	36.339
complex.1876.pdb	0.142857	10.799	26.087
complex.1877.pdb	0	15.361	23.904
complex.1878.pdb	0	18.027	30.798
complex.1879.pdb	0	14.232	29.388
complex.1880.pdb	0	17.079	38.276
complex.1881.pdb	0.047619	12.894	29.378
complex.1882.pdb	0	17.146	24.568
complex.1883.pdb	0	13.709	36.375
complex.1884.pdb	0	13.127	40.785
complex.1885.pdb	0	12.024	34.975
complex.1886.pdb	0	15.502	32.719
complex.1887.pdb	0	17.165	36.149
complex.1888.pdb	0	10.088	24.463
complex.1889.pdb	0	14.145	19.423
complex.1890.pdb	0	10.631	28.907
complex.1891.pdb	0	17.606	30.371
complex.1892.pdb	0.214286	5.787	13.828
complex.1893.pdb	0.047619	5.592	25.849
complex.1894.pdb	0.047619	10.666	21.386
complex.1895.pdb	0.119048	8.842	22.019
complex.1896.pdb	0	12.293	37.917
complex.1897.pdb	0	18.287	35.559
complex.1898.pdb	0	16.503	29.028
complex.1899.pdb	0	18.776	33.929
complex.1900.pdb	0.0952381	11.610	27.779
complex.1901.pdb	0	15.624	28.604
complex.1902.pdb	0	18.878	32.303
complex.1903.pdb	0.047619	13.308	33.424
complex.1904.pdb	0	15.549	29.631
complex.1905.pdb	0.261905	5.347	11.063
complex.1906.pdb	0	16.006	35.597
complex.1907.pdb	0.142857	13.492	28.632
complex.1908.pdb	0.166667	10.628	32.363
complex.1909.pdb	0.047619	9.183	28.059
complex.1910.pdb	0	15.598	31.125
complex.1911.pdb	0.0238095	14.823	30.122
complex.1912.pdb	0	16.331	27.101
complex.1913.pdb	0.0238095	8.461	23.015
complex.1914.pdb	0	10.412	35.658
complex.1915.pdb	0.047619	15.267	34.315
complex.1916.pdb	0	18.631	31.609
complex.1917.pdb	0	14.285	26.264
complex.1918.pdb	0	17.306	34.573
complex.1919.pdb	0	16.868	25.491
complex.1920.pdb	0.166667	9.503	24.185
complex.1921.pdb	0	17.738	37.327
complex.1922.pdb	0	18.037	31.812
complex.1923.pdb	0.047619	8.019	22.182
complex.1924.pdb	0	19.248	35.245
complex.1925.pdb	0	17.099	32.784
complex.1926.pdb	0	17.583	37.497
complex.1927.pdb	0.214286	5.729	10.941
complex.1928.pdb	0	18.033	31.239
complex.1929.pdb	0	16.988	32.158
complex.1930.pdb	0	14.936	23.600
complex.1931.pdb	0	16.198	38.764
complex.1932.pdb	0.166667	9.139	22.449
complex.1933.pdb	0	16.273	34.948
complex.1934.pdb	0	17.786	28.866
complex.1935.pdb	0	19.197	37.734
complex.1936.pdb	0	16.863	37.790
complex.1937.pdb	0	18.873	40.665
complex.1938.pdb	0	16.254	32.457
complex.1939.pdb	0	18.674	33.394
complex.1940.pdb	0.119048	11.370	36.105
complex.1941.pdb	0	17.323	41.189
complex.1942.pdb	0.0714286	9.691	26.580
complex.1943.pdb	0.404762	4.568	9.544
complex.1944.pdb	0	16.453	34.859
complex.1945.pdb	0	15.619	41.496
complex.1946.pdb	0	12.929	22.599
complex.1947.pdb	0	8.681	25.458
complex.1948.pdb	0	17.981	39.834
complex.1949.pdb	0	17.074	27.662
complex.1950.pdb	0.0952381	7.054	24.132
complex.1951.pdb	0	17.318	29.345
complex.1952.pdb	0	11.206	32.159
complex.1953.pdb	0.0714286	9.914	30.827
complex.1954.pdb	0	16.004	35.597
complex.1955.pdb	0.0238095	15.975	34.866
complex.1956.pdb	0	16.316	33.377
complex.1957.pdb	0	17.517	30.436
complex.1958.pdb	0	11.886	31.670
complex.1959.pdb	0.214286	12.416	34.228
complex.1960.pdb	0	19.790	41.871
complex.1961.pdb	0	18.635	34.378
complex.1962.pdb	0.142857	6.219	16.650
complex.1963.pdb	0	18.298	37.800
complex.1964.pdb	0.0952381	11.796	31.425
complex.1965.pdb	0	10.787	24.099
complex.1966.pdb	0.047619	9.507	20.427
complex.1967.pdb	0.119048	8.457	19.287
complex.1968.pdb	0	11.483	29.129
complex.1969.pdb	0	18.490	37.191
complex.1970.pdb	0	16.794	31.866
complex.1971.pdb	0	17.716	40.666
complex.1972.pdb	0	14.322	33.118
complex.1973.pdb	0	18.556	40.775
complex.1974.pdb	0	16.951	42.664
complex.1975.pdb	0	18.301	33.144
complex.1976.pdb	0	17.191	43.244
complex.1977.pdb	0	15.714	41.364
complex.1978.pdb	0.0238095	13.982	29.904
complex.1979.pdb	0	17.406	35.222
complex.1980.pdb	0	14.940	21.015
complex.1981.pdb	0	17.449	29.169
complex.1982.pdb	0.0714286	12.254	32.308
complex.1983.pdb	0	9.869	29.855
complex.1984.pdb	0.142857	8.472	20.234
complex.1985.pdb	0	15.894	25.260
complex.1986.pdb	0.0238095	17.114	34.136
complex.1987.pdb	0	16.466	35.896
complex.1988.pdb	0	18.353	44.008
complex.1989.pdb	0	17.830	40.236
complex.1990.pdb	0	17.413	30.890
complex.1991.pdb	0	20.564	33.991
complex.1992.pdb	0	15.176	37.517
complex.1993.pdb	0.047619	12.707	26.306
complex.1994.pdb	0	16.976	36.161
complex.1995.pdb	0	17.416	29.104
complex.1996.pdb	0	15.799	22.149
complex.1997.pdb	0.0952381	9.593	26.630
complex.1998.pdb	0.0952381	12.474	28.011
complex.1999.pdb	0	16.179	30.339
complex.2000.pdb	0	15.592	23.338
