complex.1.pdb	0	7.992	19.894
complex.2.pdb	0.00917431	10.623	29.380
complex.3.pdb	0.0275229	11.742	26.316
complex.4.pdb	0.00917431	12.253	29.389
complex.5.pdb	0.00917431	11.808	39.519
complex.6.pdb	0.0183486	9.799	22.254
complex.7.pdb	0	8.371	22.660
complex.8.pdb	0	10.479	32.345
complex.9.pdb	0.00917431	11.018	33.289
complex.10.pdb	0.0366972	9.281	36.171
complex.11.pdb	0	9.775	34.664
complex.12.pdb	0	9.866	32.376
complex.13.pdb	0	10.945	34.191
complex.14.pdb	0	9.204	22.049
complex.15.pdb	0.0275229	13.874	47.689
complex.16.pdb	0.0275229	11.881	25.886
complex.17.pdb	0.0183486	10.574	36.039
complex.18.pdb	0.0275229	11.830	30.395
complex.19.pdb	0.0183486	11.030	35.501
complex.20.pdb	0.0458716	9.914	32.536
complex.21.pdb	0.0275229	12.175	32.547
complex.22.pdb	0	12.077	27.320
complex.23.pdb	0.00917431	11.429	36.673
complex.24.pdb	0.0183486	9.961	27.077
complex.25.pdb	0.00917431	11.771	26.109
complex.26.pdb	0.0825688	9.521	28.067
complex.27.pdb	0	11.090	34.441
complex.28.pdb	0	9.783	33.048
complex.29.pdb	0.00917431	11.817	32.739
complex.30.pdb	0	10.708	28.508
complex.31.pdb	0.0183486	11.756	31.835
complex.32.pdb	0	10.553	39.611
complex.33.pdb	0	9.299	22.500
complex.34.pdb	0.00917431	9.652	22.440
complex.35.pdb	0.0733945	8.921	27.980
complex.36.pdb	0	9.728	30.686
complex.37.pdb	0.0275229	9.780	21.497
complex.38.pdb	0	10.266	38.378
complex.39.pdb	0.0275229	11.944	30.567
complex.40.pdb	0.00917431	11.907	33.104
complex.41.pdb	0.0275229	10.866	25.290
complex.42.pdb	0	11.223	27.467
complex.43.pdb	0.00917431	8.703	24.345
complex.44.pdb	0.0458716	10.480	25.633
complex.45.pdb	0	12.370	30.171
complex.46.pdb	0	11.140	36.257
complex.47.pdb	0	12.712	31.826
complex.48.pdb	0.00917431	9.677	32.626
complex.49.pdb	0	10.352	25.925
complex.50.pdb	0	9.566	30.299
complex.51.pdb	0.0183486	10.634	21.943
complex.52.pdb	0.0458716	10.213	27.638
complex.53.pdb	0.0183486	12.573	35.655
complex.54.pdb	0	9.530	17.985
complex.55.pdb	0	10.672	35.978
complex.56.pdb	0	8.527	23.222
complex.57.pdb	0.00917431	13.306	49.519
complex.58.pdb	0	13.114	38.611
complex.59.pdb	0	10.831	34.859
complex.60.pdb	0	12.851	44.503
complex.61.pdb	0	10.465	32.945
complex.62.pdb	0	10.596	41.002
complex.63.pdb	0.00917431	12.661	38.233
complex.64.pdb	0.0733945	10.957	29.767
complex.65.pdb	0.0733945	5.280	16.666
complex.66.pdb	0	11.457	38.274
complex.67.pdb	0.00917431	10.966	32.457
complex.68.pdb	0.0183486	11.145	24.852
complex.69.pdb	0.0183486	12.026	24.888
complex.70.pdb	0	10.315	36.909
complex.71.pdb	0.00917431	12.073	33.907
complex.72.pdb	0.0183486	9.536	36.165
complex.73.pdb	0.00917431	12.000	39.747
complex.74.pdb	0.0275229	13.464	41.218
complex.75.pdb	0	9.532	29.359
complex.76.pdb	0	8.789	29.740
complex.77.pdb	0.0183486	12.108	24.003
complex.78.pdb	0.0275229	11.784	28.949
complex.79.pdb	0	11.546	36.460
complex.80.pdb	0	9.684	23.424
complex.81.pdb	0.0183486	13.934	43.796
complex.82.pdb	0	11.756	32.252
complex.83.pdb	0.00917431	11.379	36.001
complex.84.pdb	0.0183486	13.426	42.702
complex.85.pdb	0.0183486	10.624	28.676
complex.86.pdb	0	9.345	29.341
complex.87.pdb	0.0275229	11.570	27.957
complex.88.pdb	0	10.612	23.406
complex.89.pdb	0	9.112	26.014
complex.90.pdb	0.00917431	12.712	40.048
complex.91.pdb	0.0275229	12.672	45.520
complex.92.pdb	0.00917431	10.675	30.300
complex.93.pdb	0	14.411	41.054
complex.94.pdb	0	12.384	33.591
complex.95.pdb	0	11.438	31.399
complex.96.pdb	0	9.742	26.290
complex.97.pdb	0	10.800	33.651
complex.98.pdb	0	9.382	26.183
complex.99.pdb	0	11.435	30.325
complex.100.pdb	0.0275229	9.465	36.053
complex.101.pdb	0	8.555	16.285
complex.102.pdb	0.00917431	10.919	36.280
complex.103.pdb	0	11.320	38.723
complex.104.pdb	0	11.619	28.597
complex.105.pdb	0	8.967	27.799
complex.106.pdb	0.00917431	11.399	31.797
complex.107.pdb	0	11.075	30.003
complex.108.pdb	0	9.177	23.086
complex.109.pdb	0.0183486	12.477	28.942
complex.110.pdb	0	10.645	31.700
complex.111.pdb	0.0183486	13.954	45.729
complex.112.pdb	0.00917431	11.734	28.160
complex.113.pdb	0	9.780	29.776
complex.114.pdb	0	12.575	36.567
complex.115.pdb	0.0275229	13.844	46.557
complex.116.pdb	0	9.191	27.175
complex.117.pdb	0.00917431	8.140	26.192
complex.118.pdb	0	12.112	37.935
complex.119.pdb	0.0458716	10.563	27.319
complex.120.pdb	0	11.964	33.996
complex.121.pdb	0	10.185	33.817
complex.122.pdb	0.0275229	9.377	22.390
complex.123.pdb	0	9.756	35.037
complex.124.pdb	0.0275229	11.197	22.606
complex.125.pdb	0.0275229	11.937	23.861
complex.126.pdb	0.0275229	11.208	23.992
complex.127.pdb	0	8.612	19.353
complex.128.pdb	0	11.160	34.214
complex.129.pdb	0.00917431	11.589	36.747
complex.130.pdb	0	12.426	32.142
complex.131.pdb	0	7.981	22.706
complex.132.pdb	0.0183486	11.561	36.384
complex.133.pdb	0.0183486	11.197	37.773
complex.134.pdb	0.0275229	10.166	31.462
complex.135.pdb	0.0183486	9.669	21.286
complex.136.pdb	0	10.256	21.013
complex.137.pdb	0.0275229	11.489	25.354
complex.138.pdb	0	11.449	34.897
complex.139.pdb	0.0366972	7.434	29.346
complex.140.pdb	0.0642202	5.069	15.137
complex.141.pdb	0	12.226	43.216
complex.142.pdb	0.0366972	9.007	34.274
complex.143.pdb	0	8.593	31.510
complex.144.pdb	0.0275229	11.350	24.003
complex.145.pdb	0	13.400	50.344
complex.146.pdb	0.0183486	12.157	26.499
complex.147.pdb	0.00917431	12.638	39.186
complex.148.pdb	0	12.963	36.922
complex.149.pdb	0.0366972	9.273	16.606
complex.150.pdb	0	11.898	35.368
complex.151.pdb	0	12.956	40.280
complex.152.pdb	0.0275229	14.293	39.693
complex.153.pdb	0.0183486	12.204	27.018
complex.154.pdb	0.0275229	8.950	30.422
complex.155.pdb	0.0183486	11.598	30.712
complex.156.pdb	0	12.310	33.416
complex.157.pdb	0	11.759	40.188
complex.158.pdb	0.00917431	9.852	22.098
complex.159.pdb	0	13.413	47.442
complex.160.pdb	0.0550459	9.072	16.165
complex.161.pdb	0.00917431	10.922	39.597
complex.162.pdb	0	12.169	28.665
complex.163.pdb	0.00917431	10.561	26.945
complex.164.pdb	0.0550459	9.409	29.446
complex.165.pdb	0	9.270	21.015
complex.166.pdb	0	11.112	32.222
complex.167.pdb	0.0183486	7.985	18.626
complex.168.pdb	0	8.181	22.038
complex.169.pdb	0.00917431	12.342	43.314
complex.170.pdb	0.00917431	10.759	22.191
complex.171.pdb	0	10.453	36.545
complex.172.pdb	0.00917431	12.762	37.546
complex.173.pdb	0	10.043	29.536
complex.174.pdb	0.0275229	10.104	21.806
complex.175.pdb	0.0366972	8.730	34.145
complex.176.pdb	0	9.129	22.581
complex.177.pdb	0	16.332	39.313
complex.178.pdb	0	13.950	47.141
complex.179.pdb	0.0550459	9.719	18.539
complex.180.pdb	0	11.965	40.632
complex.181.pdb	0	10.079	31.379
complex.182.pdb	0.0366972	8.811	33.491
complex.183.pdb	0	13.693	29.199
complex.184.pdb	0	10.085	20.382
complex.185.pdb	0	15.935	38.896
complex.186.pdb	0	12.304	35.055
complex.187.pdb	0	11.471	29.340
complex.188.pdb	0	9.885	23.535
complex.189.pdb	0	12.387	40.997
complex.190.pdb	0.0366972	8.920	19.443
complex.191.pdb	0	8.543	20.007
complex.192.pdb	0.0366972	7.496	20.277
complex.193.pdb	0	9.304	20.842
complex.194.pdb	0	11.761	27.992
complex.195.pdb	0	10.556	34.691
complex.196.pdb	0.0550459	9.688	24.293
complex.197.pdb	0	13.372	40.116
complex.198.pdb	0	11.883	29.732
complex.199.pdb	0.00917431	11.535	36.365
complex.200.pdb	0	8.411	14.736
complex.201.pdb	0.0183486	11.138	37.333
complex.202.pdb	0.0275229	12.025	29.230
complex.203.pdb	0	8.968	18.668
complex.204.pdb	0	11.821	38.056
complex.205.pdb	0.00917431	11.647	30.421
complex.206.pdb	0	9.159	20.216
complex.207.pdb	0.00917431	10.906	21.965
complex.208.pdb	0	12.147	32.680
complex.209.pdb	0.0183486	7.730	18.273
complex.210.pdb	0	9.985	31.441
complex.211.pdb	0.0183486	11.287	39.970
complex.212.pdb	0.00917431	9.244	20.991
complex.213.pdb	0	11.696	36.630
complex.214.pdb	0	10.237	34.800
complex.215.pdb	0.0275229	14.170	44.734
complex.216.pdb	0.0183486	11.111	35.872
complex.217.pdb	0.0183486	14.229	43.211
complex.218.pdb	0	11.357	35.874
complex.219.pdb	0.0458716	8.595	22.851
complex.220.pdb	0	10.787	33.494
complex.221.pdb	0	12.424	31.672
complex.222.pdb	0	9.293	22.360
complex.223.pdb	0.0366972	9.466	24.503
complex.224.pdb	0	13.132	39.179
complex.225.pdb	0.0183486	10.167	20.890
complex.226.pdb	0.00917431	8.973	18.606
complex.227.pdb	0	11.775	39.907
complex.228.pdb	0.110092	5.897	18.655
complex.229.pdb	0	8.729	21.401
complex.230.pdb	0	8.997	17.556
complex.231.pdb	0	11.488	38.428
complex.232.pdb	0.0458716	12.875	41.947
complex.233.pdb	0	10.915	37.302
complex.234.pdb	0.0275229	8.125	30.048
complex.235.pdb	0.00917431	12.536	37.390
complex.236.pdb	0.0275229	12.166	24.709
complex.237.pdb	0.00917431	9.311	23.697
complex.238.pdb	0	7.041	22.420
complex.239.pdb	0.0275229	11.118	31.918
complex.240.pdb	0.0366972	9.435	31.173
complex.241.pdb	0.0275229	8.922	18.249
complex.242.pdb	0.00917431	13.540	49.799
complex.243.pdb	0	8.258	21.480
complex.244.pdb	0	11.067	35.811
complex.245.pdb	0.0366972	8.993	34.166
complex.246.pdb	0	10.631	32.547
complex.247.pdb	0.00917431	11.129	22.263
complex.248.pdb	0.0366972	9.183	35.434
complex.249.pdb	0.00917431	11.805	35.690
complex.250.pdb	0.0183486	11.295	32.069
complex.251.pdb	0.0366972	12.717	42.052
complex.252.pdb	0.0275229	10.006	21.414
complex.253.pdb	0	12.908	37.550
complex.254.pdb	0.00917431	8.971	22.328
complex.255.pdb	0.0183486	12.506	27.028
complex.256.pdb	0.00917431	9.343	35.886
complex.257.pdb	0.0366972	9.990	20.592
complex.258.pdb	0.0275229	10.087	19.098
complex.259.pdb	0	10.117	22.211
complex.260.pdb	0	12.178	38.195
complex.261.pdb	0.00917431	12.955	40.600
complex.262.pdb	0.0458716	11.433	34.355
complex.263.pdb	0	10.382	38.000
complex.264.pdb	0.0275229	9.646	31.766
complex.265.pdb	0.0275229	13.649	38.328
complex.266.pdb	0	9.824	23.913
complex.267.pdb	0	7.962	18.873
complex.268.pdb	0	8.208	23.151
complex.269.pdb	0.0458716	9.184	31.890
complex.270.pdb	0.0183486	14.710	30.237
complex.271.pdb	0	14.496	38.492
complex.272.pdb	0	10.378	34.055
complex.273.pdb	0.00917431	10.384	26.929
complex.274.pdb	0.0275229	9.797	17.813
complex.275.pdb	0.00917431	13.966	43.481
complex.276.pdb	0.0183486	11.595	24.466
complex.277.pdb	0.0275229	7.935	28.251
complex.278.pdb	0	11.659	33.078
complex.279.pdb	0	10.935	33.462
complex.280.pdb	0	10.521	33.141
complex.281.pdb	0	9.105	24.311
complex.282.pdb	0.0366972	14.346	39.910
complex.283.pdb	0.00917431	7.105	16.622
complex.284.pdb	0.00917431	11.786	33.337
complex.285.pdb	0.0366972	8.666	27.177
complex.286.pdb	0	10.252	30.788
complex.287.pdb	0	10.774	30.340
complex.288.pdb	0	9.688	30.240
complex.289.pdb	0.00917431	13.578	42.106
complex.290.pdb	0	6.404	16.622
complex.291.pdb	0	11.618	37.297
complex.292.pdb	0	11.259	23.572
complex.293.pdb	0	11.375	32.789
complex.294.pdb	0.0275229	8.966	21.593
complex.295.pdb	0.0366972	8.604	32.909
complex.296.pdb	0	12.613	30.360
complex.297.pdb	0	11.443	37.121
complex.298.pdb	0	13.870	46.379
complex.299.pdb	0	7.110	19.264
complex.300.pdb	0.0275229	9.939	20.643
complex.301.pdb	0	11.910	41.541
complex.302.pdb	0.0183486	10.639	38.434
complex.303.pdb	0	10.925	32.619
complex.304.pdb	0	12.416	37.052
complex.305.pdb	0	12.662	36.787
complex.306.pdb	0.0458716	7.353	25.018
complex.307.pdb	0	11.384	23.408
complex.308.pdb	0	10.246	37.856
complex.309.pdb	0	11.884	38.848
complex.310.pdb	0	10.510	25.692
complex.311.pdb	0.0458716	7.871	20.026
complex.312.pdb	0.00917431	8.302	25.845
complex.313.pdb	0	9.931	30.974
complex.314.pdb	0	11.608	40.895
complex.315.pdb	0	10.662	31.016
complex.316.pdb	0	9.940	36.630
complex.317.pdb	0	9.456	27.931
complex.318.pdb	0	9.446	31.321
complex.319.pdb	0	10.561	36.821
complex.320.pdb	0.0183486	9.676	34.290
complex.321.pdb	0.0183486	7.570	17.923
complex.322.pdb	0	9.734	26.895
complex.323.pdb	0	7.426	23.002
complex.324.pdb	0.00917431	10.112	30.780
complex.325.pdb	0	11.650	35.720
complex.326.pdb	0	9.646	30.262
complex.327.pdb	0.0458716	10.092	29.498
complex.328.pdb	0.0275229	10.976	27.661
complex.329.pdb	0	13.473	39.943
complex.330.pdb	0.0550459	11.156	29.924
complex.331.pdb	0	11.339	33.608
complex.332.pdb	0	8.401	26.202
complex.333.pdb	0	8.782	26.619
complex.334.pdb	0	10.894	26.743
complex.335.pdb	0.0183486	12.109	23.994
complex.336.pdb	0.0366972	8.332	31.051
complex.337.pdb	0	10.338	33.877
complex.338.pdb	0	13.209	38.991
complex.339.pdb	0	12.054	39.612
complex.340.pdb	0	6.456	11.977
complex.341.pdb	0	13.370	44.887
complex.342.pdb	0	10.696	38.336
complex.343.pdb	0.0458716	14.029	49.344
complex.344.pdb	0.0366972	9.418	16.776
complex.345.pdb	0	9.665	29.107
complex.346.pdb	0.0275229	10.046	23.304
complex.347.pdb	0.00917431	11.412	30.427
complex.348.pdb	0.00917431	8.702	25.307
complex.349.pdb	0	12.188	39.587
complex.350.pdb	0.00917431	11.810	40.449
complex.351.pdb	0.00917431	11.287	30.904
complex.352.pdb	0.0458716	12.558	38.652
complex.353.pdb	0	10.521	31.385
complex.354.pdb	0.00917431	11.418	26.179
complex.355.pdb	0.00917431	10.007	25.189
complex.356.pdb	0	12.708	34.599
complex.357.pdb	0	12.959	36.695
complex.358.pdb	0	5.993	13.474
complex.359.pdb	0	10.167	37.527
complex.360.pdb	0.0183486	8.786	32.411
complex.361.pdb	0	13.323	39.679
complex.362.pdb	0	14.123	45.389
complex.363.pdb	0	12.260	34.192
complex.364.pdb	0.0183486	7.664	27.144
complex.365.pdb	0	12.763	43.585
complex.366.pdb	0.0275229	8.518	30.395
complex.367.pdb	0	12.057	38.943
complex.368.pdb	0	12.758	40.450
complex.369.pdb	0.0550459	6.548	12.257
complex.370.pdb	0	10.102	21.744
complex.371.pdb	0.00917431	10.938	33.776
complex.372.pdb	0	14.442	49.111
complex.373.pdb	0.0642202	6.734	24.622
complex.374.pdb	0	10.820	38.609
complex.375.pdb	0	10.596	32.873
complex.376.pdb	0.0275229	9.873	35.945
complex.377.pdb	0.0183486	12.168	36.764
complex.378.pdb	0.0550459	9.242	19.488
complex.379.pdb	0.00917431	10.544	30.572
complex.380.pdb	0.0183486	10.547	28.397
complex.381.pdb	0.00917431	8.260	21.369
complex.382.pdb	0	9.312	22.103
complex.383.pdb	0.00917431	10.525	30.983
complex.384.pdb	0	11.590	24.952
complex.385.pdb	0	9.735	31.875
complex.386.pdb	0	12.238	26.557
complex.387.pdb	0.0183486	13.403	41.055
complex.388.pdb	0	11.391	39.555
complex.389.pdb	0	8.341	18.417
complex.390.pdb	0.00917431	11.829	42.513
complex.391.pdb	0.0550459	10.417	25.328
complex.392.pdb	0	12.118	41.280
complex.393.pdb	0.0183486	12.323	28.514
complex.394.pdb	0.0183486	10.243	22.447
complex.395.pdb	0.0183486	11.721	24.817
complex.396.pdb	0.0275229	10.188	19.272
complex.397.pdb	0.0458716	10.320	27.547
complex.398.pdb	0.0366972	8.386	32.311
complex.399.pdb	0	11.052	40.369
complex.400.pdb	0.0458716	9.210	24.637
complex.401.pdb	0	10.661	34.536
complex.402.pdb	0.0366972	10.868	28.683
complex.403.pdb	0.0183486	11.625	34.219
complex.404.pdb	0.0275229	9.267	18.406
complex.405.pdb	0.0366972	8.063	18.417
complex.406.pdb	0	10.147	27.814
complex.407.pdb	0	11.721	35.516
complex.408.pdb	0.0183486	9.842	24.896
complex.409.pdb	0.0275229	11.693	27.556
complex.410.pdb	0	9.467	25.385
complex.411.pdb	0.00917431	13.518	49.500
complex.412.pdb	0.00917431	10.594	24.581
complex.413.pdb	0.0183486	9.991	31.251
complex.414.pdb	0	6.480	14.683
complex.415.pdb	0	10.802	37.791
complex.416.pdb	0.0550459	7.863	25.527
complex.417.pdb	0.0275229	9.277	23.709
complex.418.pdb	0	8.868	18.343
complex.419.pdb	0	12.723	33.021
complex.420.pdb	0	9.809	29.237
complex.421.pdb	0.00917431	10.125	28.100
complex.422.pdb	0	11.337	30.716
complex.423.pdb	0	9.247	28.472
complex.424.pdb	0	11.734	23.057
complex.425.pdb	0	13.073	26.467
complex.426.pdb	0.0275229	6.238	15.011
complex.427.pdb	0	14.030	28.897
complex.428.pdb	0	11.711	28.999
complex.429.pdb	0	10.326	29.964
complex.430.pdb	0.0550459	8.893	23.707
complex.431.pdb	0	12.009	26.949
complex.432.pdb	0	14.152	31.982
complex.433.pdb	0	10.678	29.856
complex.434.pdb	0	12.621	45.257
complex.435.pdb	0	12.769	36.673
complex.436.pdb	0.0642202	5.828	23.009
complex.437.pdb	0	10.565	39.087
complex.438.pdb	0	7.679	25.016
complex.439.pdb	0.0275229	10.387	23.803
complex.440.pdb	0.0366972	6.442	18.093
complex.441.pdb	0	11.109	39.632
complex.442.pdb	0.0183486	9.366	35.841
complex.443.pdb	0	10.720	37.017
complex.444.pdb	0	10.815	40.021
complex.445.pdb	0.0275229	11.156	25.600
complex.446.pdb	0	7.288	18.212
complex.447.pdb	0	7.968	21.143
complex.448.pdb	0	9.759	31.175
complex.449.pdb	0	10.910	26.326
complex.450.pdb	0.00917431	8.549	29.273
complex.451.pdb	0	9.600	21.716
complex.452.pdb	0	11.425	36.218
complex.453.pdb	0.0642202	10.724	31.895
complex.454.pdb	0	11.724	31.155
complex.455.pdb	0	10.332	37.429
complex.456.pdb	0	11.799	38.130
complex.457.pdb	0	9.841	34.757
complex.458.pdb	0.00917431	9.609	34.996
complex.459.pdb	0	12.691	30.829
complex.460.pdb	0	10.080	33.557
complex.461.pdb	0.0733945	6.353	24.922
complex.462.pdb	0	12.914	45.571
complex.463.pdb	0	12.120	42.884
complex.464.pdb	0	11.535	33.516
complex.465.pdb	0	10.424	33.234
complex.466.pdb	0.0183486	10.996	37.502
complex.467.pdb	0	11.357	22.030
complex.468.pdb	0.0550459	13.616	41.190
complex.469.pdb	0	10.017	35.345
complex.470.pdb	0.0458716	9.343	31.374
complex.471.pdb	0.0917431	7.448	24.676
complex.472.pdb	0.0183486	10.471	19.214
complex.473.pdb	0.0458716	12.677	43.263
complex.474.pdb	0.00917431	12.991	39.179
complex.475.pdb	0	13.048	39.627
complex.476.pdb	0	10.123	26.516
complex.477.pdb	0	10.689	38.674
complex.478.pdb	0	12.372	44.214
complex.479.pdb	0.0458716	8.789	34.265
complex.480.pdb	0	11.828	45.519
complex.481.pdb	0	9.247	21.576
complex.482.pdb	0	8.946	22.223
complex.483.pdb	0.0183486	12.455	28.315
complex.484.pdb	0	10.264	38.354
complex.485.pdb	0.0183486	10.830	35.657
complex.486.pdb	0	12.221	33.432
complex.487.pdb	0.0366972	8.368	32.864
complex.488.pdb	0	9.559	28.767
complex.489.pdb	0	13.970	36.915
complex.490.pdb	0	11.308	39.828
complex.491.pdb	0.0642202	6.186	13.917
complex.492.pdb	0	7.583	16.613
complex.493.pdb	0.0275229	12.405	24.919
complex.494.pdb	0	12.381	33.535
complex.495.pdb	0	12.296	32.220
complex.496.pdb	0	15.278	39.171
complex.497.pdb	0.0275229	11.325	27.569
complex.498.pdb	0.00917431	13.524	42.360
complex.499.pdb	0	9.795	32.929
complex.500.pdb	0	10.609	29.996
complex.501.pdb	0	11.639	26.129
complex.502.pdb	0.00917431	11.226	39.820
complex.503.pdb	0.0275229	8.337	32.639
complex.504.pdb	0.0275229	11.130	26.124
complex.505.pdb	0.00917431	11.729	26.445
complex.506.pdb	0.0183486	13.453	45.966
complex.507.pdb	0.0366972	8.314	31.413
complex.508.pdb	0	11.540	35.399
complex.509.pdb	0.0275229	11.345	29.056
complex.510.pdb	0.00917431	11.435	33.988
complex.511.pdb	0.0366972	9.122	36.722
complex.512.pdb	0.00917431	13.121	35.720
complex.513.pdb	0.0183486	12.208	26.251
complex.514.pdb	0.0183486	10.072	26.192
complex.515.pdb	0	8.236	20.548
complex.516.pdb	0	10.615	38.903
complex.517.pdb	0	12.725	32.789
complex.518.pdb	0.00917431	9.772	29.035
complex.519.pdb	0.00917431	9.820	34.670
complex.520.pdb	0.0183486	14.504	39.469
complex.521.pdb	0	12.019	37.076
complex.522.pdb	0.00917431	12.170	44.067
complex.523.pdb	0	11.683	40.934
complex.524.pdb	0.0183486	11.362	28.990
complex.525.pdb	0.0275229	10.840	21.500
complex.526.pdb	0	14.327	38.767
complex.527.pdb	0	11.351	42.516
complex.528.pdb	0.00917431	9.399	19.571
complex.529.pdb	0	11.261	34.690
complex.530.pdb	0.0366972	6.406	22.523
complex.531.pdb	0.00917431	10.809	36.187
complex.532.pdb	0	10.775	39.412
complex.533.pdb	0.00917431	11.127	37.659
complex.534.pdb	0	11.617	34.904
complex.535.pdb	0	14.277	48.370
complex.536.pdb	0.0183486	10.344	23.084
complex.537.pdb	0.00917431	13.687	42.078
complex.538.pdb	0	9.520	34.794
complex.539.pdb	0.00917431	8.756	25.894
complex.540.pdb	0	11.283	29.251
complex.541.pdb	0	12.538	31.407
complex.542.pdb	0.0183486	11.875	46.077
complex.543.pdb	0	6.322	13.409
complex.544.pdb	0	10.888	39.980
complex.545.pdb	0.00917431	7.725	24.442
complex.546.pdb	0	12.367	37.787
complex.547.pdb	0.0183486	10.428	19.305
complex.548.pdb	0	12.424	28.523
complex.549.pdb	0.0275229	9.356	22.464
complex.550.pdb	0	9.707	31.230
complex.551.pdb	0	9.463	22.671
complex.552.pdb	0.0183486	8.906	18.998
complex.553.pdb	0	9.349	27.438
complex.554.pdb	0	8.863	22.439
complex.555.pdb	0	11.314	43.332
complex.556.pdb	0	11.491	25.233
complex.557.pdb	0.0550459	9.672	21.318
complex.558.pdb	0.0458716	14.117	48.606
complex.559.pdb	0.0366972	8.618	19.057
complex.560.pdb	0	11.880	36.228
complex.561.pdb	0.0275229	11.706	23.988
complex.562.pdb	0.0183486	9.104	22.642
complex.563.pdb	0.00917431	13.647	43.321
complex.564.pdb	0.00917431	13.698	39.901
complex.565.pdb	0	11.718	40.566
complex.566.pdb	0	11.231	41.891
complex.567.pdb	0.00917431	10.188	28.460
complex.568.pdb	0	14.560	42.007
complex.569.pdb	0.0183486	11.078	31.353
complex.570.pdb	0.00917431	10.431	22.284
complex.571.pdb	0	13.014	40.187
complex.572.pdb	0	12.041	37.020
complex.573.pdb	0	10.178	20.216
complex.574.pdb	0.0733945	12.064	33.806
complex.575.pdb	0.0183486	11.419	32.221
complex.576.pdb	0.0275229	10.708	19.936
complex.577.pdb	0	10.668	35.709
complex.578.pdb	0.0183486	7.914	26.777
complex.579.pdb	0.00917431	10.540	33.730
complex.580.pdb	0	8.878	25.427
complex.581.pdb	0	11.121	30.033
complex.582.pdb	0.0183486	8.533	28.837
complex.583.pdb	0.0183486	9.303	22.559
complex.584.pdb	0	10.436	31.820
complex.585.pdb	0	10.286	29.795
complex.586.pdb	0.0275229	9.899	22.828
complex.587.pdb	0.0275229	10.222	25.976
complex.588.pdb	0	10.475	36.598
complex.589.pdb	0.0275229	12.115	23.215
complex.590.pdb	0	11.610	34.300
complex.591.pdb	0	12.966	27.842
complex.592.pdb	0.00917431	12.710	38.906
complex.593.pdb	0.0183486	13.613	39.239
complex.594.pdb	0.00917431	9.115	29.032
complex.595.pdb	0.0275229	11.676	21.394
complex.596.pdb	0.00917431	11.618	33.425
complex.597.pdb	0	9.863	24.635
complex.598.pdb	0.0183486	11.385	24.914
complex.599.pdb	0	8.976	23.878
complex.600.pdb	0.0550459	7.817	19.251
complex.601.pdb	0	14.400	40.932
complex.602.pdb	0.0366972	8.337	17.681
complex.603.pdb	0	9.645	25.932
complex.604.pdb	0	7.111	16.117
complex.605.pdb	0	10.885	35.824
complex.606.pdb	0	10.275	22.804
complex.607.pdb	0.0183486	14.166	48.401
complex.608.pdb	0	9.037	24.860
complex.609.pdb	0	12.871	33.933
complex.610.pdb	0.0183486	11.991	25.672
complex.611.pdb	0	9.374	25.926
complex.612.pdb	0	12.168	35.003
complex.613.pdb	0.00917431	12.320	34.812
complex.614.pdb	0.0183486	9.925	34.252
complex.615.pdb	0	11.137	42.027
complex.616.pdb	0	11.867	25.489
complex.617.pdb	0	12.580	42.934
complex.618.pdb	0.00917431	13.301	42.016
complex.619.pdb	0	8.602	21.081
complex.620.pdb	0	9.592	19.104
complex.621.pdb	0.0275229	13.508	44.460
complex.622.pdb	0	11.386	43.260
complex.623.pdb	0.0642202	7.284	23.720
complex.624.pdb	0.0183486	9.333	31.772
complex.625.pdb	0	7.873	20.882
complex.626.pdb	0	11.740	25.598
complex.627.pdb	0	12.646	39.388
complex.628.pdb	0	10.436	20.136
complex.629.pdb	0.0183486	11.093	37.181
complex.630.pdb	0	7.874	21.976
complex.631.pdb	0	12.613	35.073
complex.632.pdb	0.0183486	11.361	23.004
complex.633.pdb	0.0366972	8.719	30.027
complex.634.pdb	0.0366972	8.574	33.360
complex.635.pdb	0.0366972	9.241	36.727
complex.636.pdb	0	10.926	24.595
complex.637.pdb	0	7.502	19.568
complex.638.pdb	0.100917	5.288	18.195
complex.639.pdb	0.0183486	9.133	19.101
complex.640.pdb	0	13.714	38.323
complex.641.pdb	0	9.771	26.512
complex.642.pdb	0.0366972	6.552	24.965
complex.643.pdb	0.0366972	11.057	29.025
complex.644.pdb	0	11.901	25.394
complex.645.pdb	0	10.817	39.987
complex.646.pdb	0	12.432	38.839
complex.647.pdb	0.0183486	8.881	19.217
complex.648.pdb	0	11.352	35.537
complex.649.pdb	0.0183486	10.336	20.541
complex.650.pdb	0	11.624	38.983
complex.651.pdb	0	12.089	36.444
complex.652.pdb	0	8.773	18.895
complex.653.pdb	0	7.862	20.033
complex.654.pdb	0.0275229	10.092	33.452
complex.655.pdb	0	13.493	35.464
complex.656.pdb	0.0366972	8.460	16.966
complex.657.pdb	0	11.930	43.946
complex.658.pdb	0.0275229	10.093	35.001
complex.659.pdb	0.00917431	10.906	26.736
complex.660.pdb	0	12.228	42.256
complex.661.pdb	0	10.202	34.613
complex.662.pdb	0.0366972	12.132	34.197
complex.663.pdb	0	12.315	26.504
complex.664.pdb	0.00917431	11.897	30.588
complex.665.pdb	0.0183486	9.813	30.756
complex.666.pdb	0	12.988	32.062
complex.667.pdb	0	10.679	34.513
complex.668.pdb	0	9.174	18.007
complex.669.pdb	0	11.378	25.891
complex.670.pdb	0.0183486	9.908	22.333
complex.671.pdb	0	12.328	26.875
complex.672.pdb	0	8.167	20.185
complex.673.pdb	0	13.815	40.457
complex.674.pdb	0	10.695	29.345
complex.675.pdb	0	12.176	46.555
complex.676.pdb	0.00917431	9.490	26.248
complex.677.pdb	0.0183486	9.273	28.846
complex.678.pdb	0	10.794	20.662
complex.679.pdb	0	11.089	24.884
complex.680.pdb	0	12.268	42.269
complex.681.pdb	0.0183486	11.133	35.433
complex.682.pdb	0	9.687	23.172
complex.683.pdb	0.0733945	5.675	23.614
complex.684.pdb	0.0642202	13.743	40.348
complex.685.pdb	0.0183486	9.238	17.039
complex.686.pdb	0.0550459	9.169	32.747
complex.687.pdb	0.0183486	13.925	45.435
complex.688.pdb	0.0458716	9.221	17.914
complex.689.pdb	0.00917431	9.235	24.918
complex.690.pdb	0	10.378	29.038
complex.691.pdb	0	11.516	42.488
complex.692.pdb	0	7.442	16.517
complex.693.pdb	0	11.865	39.411
complex.694.pdb	0.0275229	12.536	25.875
complex.695.pdb	0.0183486	8.199	28.086
complex.696.pdb	0	13.726	31.345
complex.697.pdb	0	12.462	42.346
complex.698.pdb	0	11.424	34.125
complex.699.pdb	0.0550459	6.395	15.919
complex.700.pdb	0	11.189	20.634
complex.701.pdb	0	11.695	41.820
complex.702.pdb	0.00917431	11.099	33.800
complex.703.pdb	0	12.259	29.805
complex.704.pdb	0.0183486	8.562	22.391
complex.705.pdb	0.0183486	13.077	37.608
complex.706.pdb	0.00917431	9.992	23.956
complex.707.pdb	0.0183486	9.619	29.608
complex.708.pdb	0.0183486	9.182	32.413
complex.709.pdb	0.0183486	9.893	33.300
complex.710.pdb	0	11.156	36.375
complex.711.pdb	0.00917431	10.612	24.228
complex.712.pdb	0	10.955	27.942
complex.713.pdb	0.0275229	5.766	12.549
complex.714.pdb	0.0275229	9.504	22.744
complex.715.pdb	0	9.275	25.616
complex.716.pdb	0	12.544	43.416
complex.717.pdb	0.0366972	10.236	19.456
complex.718.pdb	0	11.267	41.492
complex.719.pdb	0.00917431	7.702	17.213
complex.720.pdb	0	11.068	38.542
complex.721.pdb	0	8.958	24.971
complex.722.pdb	0	9.928	30.555
complex.723.pdb	0	14.679	33.800
complex.724.pdb	0.119266	5.199	18.581
complex.725.pdb	0	9.844	29.831
complex.726.pdb	0	10.188	25.830
complex.727.pdb	0.0275229	14.248	42.641
complex.728.pdb	0	9.444	26.787
complex.729.pdb	0	12.120	25.391
complex.730.pdb	0.0183486	11.333	39.644
complex.731.pdb	0.0183486	10.376	26.011
complex.732.pdb	0.0183486	8.676	23.648
complex.733.pdb	0	9.069	28.749
complex.734.pdb	0	15.181	42.631
complex.735.pdb	0.0366972	8.799	17.179
complex.736.pdb	0.00917431	10.175	23.869
complex.737.pdb	0.0183486	14.335	44.672
complex.738.pdb	0	12.309	31.501
complex.739.pdb	0	11.367	27.212
complex.740.pdb	0.00917431	11.184	28.756
complex.741.pdb	0	10.790	37.677
complex.742.pdb	0	11.220	40.789
complex.743.pdb	0.0183486	13.310	46.079
complex.744.pdb	0.0550459	14.208	45.674
complex.745.pdb	0	10.876	38.337
complex.746.pdb	0.00917431	10.900	26.317
complex.747.pdb	0.0825688	5.541	15.138
complex.748.pdb	0.00917431	8.060	26.588
complex.749.pdb	0	13.411	30.625
complex.750.pdb	0	9.871	35.443
complex.751.pdb	0	13.777	45.058
complex.752.pdb	0.119266	6.674	24.881
complex.753.pdb	0.0642202	10.785	27.728
complex.754.pdb	0	12.968	44.415
complex.755.pdb	0	10.788	35.564
complex.756.pdb	0.0275229	12.304	32.636
complex.757.pdb	0	12.186	37.270
complex.758.pdb	0	10.751	40.034
complex.759.pdb	0.00917431	14.693	31.217
complex.760.pdb	0	12.312	33.055
complex.761.pdb	0	13.062	39.074
complex.762.pdb	0.0183486	5.491	15.511
complex.763.pdb	0	11.385	44.114
complex.764.pdb	0	11.120	27.045
complex.765.pdb	0	11.800	36.019
complex.766.pdb	0.0366972	13.447	49.463
complex.767.pdb	0.0733945	12.847	36.300
complex.768.pdb	0	17.294	42.080
complex.769.pdb	0	11.684	32.669
complex.770.pdb	0	12.125	38.643
complex.771.pdb	0.0275229	7.397	23.698
complex.772.pdb	0.00917431	7.476	19.942
complex.773.pdb	0	14.231	42.504
complex.774.pdb	0.0275229	7.986	16.348
complex.775.pdb	0.0642202	6.255	20.622
complex.776.pdb	0.0183486	9.534	22.248
complex.777.pdb	0	11.522	27.151
complex.778.pdb	0	10.164	29.577
complex.779.pdb	0.00917431	8.987	16.920
complex.780.pdb	0	12.355	41.274
complex.781.pdb	0	9.641	31.251
complex.782.pdb	0.00917431	8.800	18.639
complex.783.pdb	0.0275229	9.077	36.404
complex.784.pdb	0.0183486	8.395	20.273
complex.785.pdb	0	11.152	24.484
complex.786.pdb	0	12.003	42.169
complex.787.pdb	0	9.257	18.972
complex.788.pdb	0	10.420	38.046
complex.789.pdb	0	9.079	16.367
complex.790.pdb	0.00917431	10.085	32.347
complex.791.pdb	0	13.270	30.822
complex.792.pdb	0	13.715	41.613
complex.793.pdb	0.0183486	10.301	23.220
complex.794.pdb	0.00917431	11.518	27.007
complex.795.pdb	0	13.765	50.644
complex.796.pdb	0	11.474	42.137
complex.797.pdb	0	10.626	22.198
complex.798.pdb	0.00917431	10.996	40.497
complex.799.pdb	0	13.474	39.780
complex.800.pdb	0.0275229	10.537	25.458
complex.801.pdb	0	11.486	40.650
complex.802.pdb	0	10.918	35.362
complex.803.pdb	0.00917431	9.622	23.857
complex.804.pdb	0	12.134	37.591
complex.805.pdb	0.0366972	12.686	47.298
complex.806.pdb	0.0183486	11.490	36.447
complex.807.pdb	0.0183486	12.727	38.272
complex.808.pdb	0	9.307	24.321
complex.809.pdb	0	8.532	23.844
complex.810.pdb	0.0275229	12.190	24.198
complex.811.pdb	0.00917431	9.881	26.334
complex.812.pdb	0.0183486	7.754	14.908
complex.813.pdb	0	11.401	39.206
complex.814.pdb	0.00917431	14.727	29.508
complex.815.pdb	0	10.605	32.182
complex.816.pdb	0	12.007	23.887
complex.817.pdb	0.00917431	9.202	32.868
complex.818.pdb	0.00917431	9.788	36.538
complex.819.pdb	0	10.555	32.928
complex.820.pdb	0	12.246	39.419
complex.821.pdb	0	12.090	43.906
complex.822.pdb	0	11.859	45.504
complex.823.pdb	0	10.677	38.872
complex.824.pdb	0	10.764	35.326
complex.825.pdb	0	15.010	40.105
complex.826.pdb	0	13.638	52.576
complex.827.pdb	0	10.577	31.623
complex.828.pdb	0.0275229	10.805	31.758
complex.829.pdb	0.0183486	12.093	34.308
complex.830.pdb	0.0275229	10.612	25.300
complex.831.pdb	0.0183486	14.218	39.127
complex.832.pdb	0.0183486	8.468	17.537
complex.833.pdb	0	11.914	27.847
complex.834.pdb	0	10.802	32.204
complex.835.pdb	0	9.102	24.804
complex.836.pdb	0	11.175	39.132
complex.837.pdb	0	11.285	25.790
complex.838.pdb	0	9.813	28.047
complex.839.pdb	0	12.255	40.681
complex.840.pdb	0.0366972	9.703	22.882
complex.841.pdb	0	12.208	25.488
complex.842.pdb	0	10.234	26.954
complex.843.pdb	0	11.052	22.604
complex.844.pdb	0	8.690	21.181
complex.845.pdb	0	11.626	34.961
complex.846.pdb	0.0366972	11.340	23.101
complex.847.pdb	0	12.005	36.803
complex.848.pdb	0.00917431	10.263	38.571
complex.849.pdb	0	9.716	26.220
complex.850.pdb	0	13.757	40.076
complex.851.pdb	0.0183486	10.856	34.968
complex.852.pdb	0.0733945	10.316	28.055
complex.853.pdb	0.0458716	7.520	26.424
complex.854.pdb	0.00917431	10.764	37.822
complex.855.pdb	0	13.746	41.728
complex.856.pdb	0	11.456	40.753
complex.857.pdb	0	11.521	39.217
complex.858.pdb	0.0366972	8.860	34.804
complex.859.pdb	0.0275229	9.442	18.754
complex.860.pdb	0.0275229	7.287	12.740
complex.861.pdb	0.0183486	11.855	35.177
complex.862.pdb	0	9.733	30.208
complex.863.pdb	0	11.624	37.160
complex.864.pdb	0.00917431	11.660	41.849
complex.865.pdb	0	8.107	21.925
complex.866.pdb	0	10.845	23.278
complex.867.pdb	0	11.829	30.030
complex.868.pdb	0.0183486	8.948	33.593
complex.869.pdb	0	10.131	35.798
complex.870.pdb	0.0183486	9.824	34.160
complex.871.pdb	0.0366972	7.233	25.912
complex.872.pdb	0	10.178	26.536
complex.873.pdb	0	7.872	20.721
complex.874.pdb	0	12.352	32.795
complex.875.pdb	0	11.180	31.927
complex.876.pdb	0	9.980	37.046
complex.877.pdb	0	8.779	26.081
complex.878.pdb	0	10.210	29.211
complex.879.pdb	0	10.951	33.214
complex.880.pdb	0	11.793	35.422
complex.881.pdb	0	8.469	25.278
complex.882.pdb	0	11.781	35.117
complex.883.pdb	0.0183486	7.314	13.309
complex.884.pdb	0	16.093	40.538
complex.885.pdb	0	11.442	34.738
complex.886.pdb	0	10.523	23.875
complex.887.pdb	0.00917431	12.783	38.702
complex.888.pdb	0.0458716	9.799	22.284
complex.889.pdb	0	12.008	28.876
complex.890.pdb	0	8.367	21.532
complex.891.pdb	0.00917431	13.331	39.742
complex.892.pdb	0	6.523	19.370
complex.893.pdb	0	7.552	21.311
complex.894.pdb	0	8.485	16.906
complex.895.pdb	0	11.981	34.875
complex.896.pdb	0	12.544	40.189
complex.897.pdb	0	11.489	29.747
complex.898.pdb	0	11.258	28.717
complex.899.pdb	0.00917431	14.259	47.350
complex.900.pdb	0	9.538	32.103
complex.901.pdb	0.0275229	7.368	24.297
complex.902.pdb	0	13.138	36.796
complex.903.pdb	0.0183486	11.367	21.149
complex.904.pdb	0	13.070	50.465
complex.905.pdb	0	10.663	24.172
complex.906.pdb	0.00917431	12.842	38.792
complex.907.pdb	0	11.339	34.137
complex.908.pdb	0	12.226	38.967
complex.909.pdb	0	13.052	42.841
complex.910.pdb	0.00917431	12.819	30.099
complex.911.pdb	0.00917431	13.394	42.876
complex.912.pdb	0	8.400	21.459
complex.913.pdb	0	10.566	25.375
complex.914.pdb	0	9.211	19.457
complex.915.pdb	0	12.542	29.718
complex.916.pdb	0	11.980	40.064
complex.917.pdb	0	11.263	29.821
complex.918.pdb	0.00917431	13.201	50.388
complex.919.pdb	0.0183486	9.416	36.399
complex.920.pdb	0	12.822	29.600
complex.921.pdb	0.0183486	10.164	23.694
complex.922.pdb	0	12.050	30.694
complex.923.pdb	0	11.560	21.943
complex.924.pdb	0	11.094	20.941
complex.925.pdb	0.0183486	8.626	16.900
complex.926.pdb	0	9.537	33.717
complex.927.pdb	0.0183486	11.920	23.508
complex.928.pdb	0.0458716	8.282	24.127
complex.929.pdb	0.0275229	8.211	28.292
complex.930.pdb	0	12.029	37.709
complex.931.pdb	0	10.130	29.850
complex.932.pdb	0	11.503	22.652
complex.933.pdb	0	9.834	24.208
complex.934.pdb	0.0275229	13.825	44.362
complex.935.pdb	0	13.223	31.227
complex.936.pdb	0	9.810	32.788
complex.937.pdb	0	9.529	27.867
complex.938.pdb	0	11.957	38.162
complex.939.pdb	0.0366972	9.143	35.439
complex.940.pdb	0.0550459	11.798	35.823
complex.941.pdb	0	9.046	30.426
complex.942.pdb	0.0183486	11.812	26.330
complex.943.pdb	0.00917431	9.677	36.943
complex.944.pdb	0	14.730	48.324
complex.945.pdb	0.0183486	6.119	12.537
complex.946.pdb	0.0550459	8.843	24.775
complex.947.pdb	0	8.874	29.348
complex.948.pdb	0.0183486	8.869	18.649
complex.949.pdb	0	12.399	30.535
complex.950.pdb	0	11.096	22.018
complex.951.pdb	0	12.891	44.761
complex.952.pdb	0.0275229	11.133	25.753
complex.953.pdb	0.00917431	12.886	43.205
complex.954.pdb	0	10.945	36.327
complex.955.pdb	0	12.618	39.615
complex.956.pdb	0	11.574	42.814
complex.957.pdb	0.0275229	9.928	36.304
complex.958.pdb	0	13.710	34.047
complex.959.pdb	0.0183486	8.594	22.335
complex.960.pdb	0.00917431	9.808	27.952
complex.961.pdb	0.0183486	14.518	48.429
complex.962.pdb	0	12.049	34.756
complex.963.pdb	0.0275229	9.071	19.551
complex.964.pdb	0	12.504	26.665
complex.965.pdb	0.0275229	9.498	35.862
complex.966.pdb	0	11.424	27.625
complex.967.pdb	0	11.234	25.005
complex.968.pdb	0.00917431	13.919	50.474
complex.969.pdb	0	13.295	30.338
complex.970.pdb	0	11.427	33.877
complex.971.pdb	0	8.283	14.802
complex.972.pdb	0	11.911	43.156
complex.973.pdb	0	15.006	39.924
complex.974.pdb	0	12.140	28.330
complex.975.pdb	0.0366972	10.699	26.988
complex.976.pdb	0.0366972	9.136	35.985
complex.977.pdb	0.0550459	10.831	26.271
complex.978.pdb	0	10.849	40.178
complex.979.pdb	0.0458716	12.934	42.868
complex.980.pdb	0.00917431	10.749	20.024
complex.981.pdb	0	9.780	29.131
complex.982.pdb	0.0183486	11.695	34.467
complex.983.pdb	0.0183486	7.415	20.063
complex.984.pdb	0.00917431	10.635	26.453
complex.985.pdb	0.0183486	13.975	50.824
complex.986.pdb	0	11.000	24.932
complex.987.pdb	0	14.223	31.663
complex.988.pdb	0	8.142	17.650
complex.989.pdb	0.0183486	9.566	32.401
complex.990.pdb	0	11.065	24.091
complex.991.pdb	0	10.500	35.350
complex.992.pdb	0.0183486	6.148	13.889
complex.993.pdb	0	13.148	42.373
complex.994.pdb	0.165138	3.406	10.160
complex.995.pdb	0	7.892	19.313
complex.996.pdb	0.0733945	4.880	21.306
complex.997.pdb	0.00917431	11.746	34.621
complex.998.pdb	0	9.045	22.425
complex.999.pdb	0	11.214	31.990
complex.1000.pdb	0.0183486	9.505	17.428
complex.1001.pdb	0.00917431	12.719	25.727
complex.1002.pdb	0	12.585	38.485
complex.1003.pdb	0	10.340	32.707
complex.1004.pdb	0	7.565	20.097
complex.1005.pdb	0	10.988	31.371
complex.1006.pdb	0	8.153	17.775
complex.1007.pdb	0.00917431	11.363	40.809
complex.1008.pdb	0.0275229	11.080	32.958
complex.1009.pdb	0	9.943	21.709
complex.1010.pdb	0	11.452	37.349
complex.1011.pdb	0	12.515	40.169
complex.1012.pdb	0	9.021	24.772
complex.1013.pdb	0.00917431	13.268	40.035
complex.1014.pdb	0.110092	5.535	24.102
complex.1015.pdb	0.00917431	12.599	26.717
complex.1016.pdb	0	12.244	39.251
complex.1017.pdb	0.00917431	7.509	16.436
complex.1018.pdb	0	9.694	26.227
complex.1019.pdb	0.00917431	10.232	32.641
complex.1020.pdb	0	10.152	38.874
complex.1021.pdb	0.00917431	12.749	29.448
complex.1022.pdb	0	9.797	35.744
complex.1023.pdb	0.0366972	9.106	33.488
complex.1024.pdb	0	10.795	33.992
complex.1025.pdb	0	12.628	40.072
complex.1026.pdb	0	11.815	33.750
complex.1027.pdb	0.100917	7.037	27.536
complex.1028.pdb	0	11.659	37.316
complex.1029.pdb	0.00917431	11.409	24.960
complex.1030.pdb	0.0917431	7.008	20.096
complex.1031.pdb	0	9.625	20.787
complex.1032.pdb	0	12.374	38.889
complex.1033.pdb	0	11.913	42.960
complex.1034.pdb	0	13.135	31.487
complex.1035.pdb	0	15.488	34.245
complex.1036.pdb	0	10.801	39.117
complex.1037.pdb	0	15.727	38.759
complex.1038.pdb	0	8.391	20.768
complex.1039.pdb	0.0275229	10.546	27.502
complex.1040.pdb	0	8.127	21.211
complex.1041.pdb	0.00917431	10.477	33.845
complex.1042.pdb	0	8.706	23.232
complex.1043.pdb	0.0917431	10.959	38.654
complex.1044.pdb	0	6.706	13.610
complex.1045.pdb	0.0275229	10.078	32.499
complex.1046.pdb	0.0183486	9.205	24.489
complex.1047.pdb	0	13.004	35.045
complex.1048.pdb	0.0366972	9.198	33.589
complex.1049.pdb	0.0458716	8.767	29.024
complex.1050.pdb	0	10.637	34.635
complex.1051.pdb	0	10.153	37.020
complex.1052.pdb	0	10.483	27.471
complex.1053.pdb	0.00917431	9.042	17.127
complex.1054.pdb	0	9.241	19.926
complex.1055.pdb	0.0366972	10.077	21.537
complex.1056.pdb	0.0183486	8.902	33.320
complex.1057.pdb	0.0183486	9.797	29.936
complex.1058.pdb	0	12.246	28.816
complex.1059.pdb	0.0366972	8.080	16.311
complex.1060.pdb	0	9.961	27.156
complex.1061.pdb	0.0275229	9.470	20.095
complex.1062.pdb	0	7.898	26.638
complex.1063.pdb	0	11.965	33.803
complex.1064.pdb	0	10.337	36.854
complex.1065.pdb	0.00917431	14.777	30.623
complex.1066.pdb	0	11.491	24.477
complex.1067.pdb	0.0183486	7.682	14.143
complex.1068.pdb	0	12.915	38.955
complex.1069.pdb	0	11.207	37.919
complex.1070.pdb	0.00917431	11.226	41.081
complex.1071.pdb	0	8.802	21.826
complex.1072.pdb	0.0183486	10.239	19.668
complex.1073.pdb	0.0275229	10.794	20.873
complex.1074.pdb	0.0183486	9.431	22.067
complex.1075.pdb	0.0183486	11.302	27.367
complex.1076.pdb	0	11.249	40.406
complex.1077.pdb	0	17.150	42.738
complex.1078.pdb	0.0183486	9.716	21.071
complex.1079.pdb	0	10.368	35.921
complex.1080.pdb	0.0275229	13.140	45.879
complex.1081.pdb	0	11.407	33.361
complex.1082.pdb	0	9.753	20.922
complex.1083.pdb	0.0183486	8.243	20.851
complex.1084.pdb	0.0183486	13.054	28.890
complex.1085.pdb	0	11.643	29.230
complex.1086.pdb	0	12.689	39.132
complex.1087.pdb	0.00917431	8.468	21.128
complex.1088.pdb	0.00917431	10.405	24.779
complex.1089.pdb	0.00917431	12.591	39.925
complex.1090.pdb	0	13.421	38.820
complex.1091.pdb	0	12.739	31.878
complex.1092.pdb	0	12.387	34.633
complex.1093.pdb	0	12.475	42.099
complex.1094.pdb	0	10.477	34.235
complex.1095.pdb	0	10.458	33.340
complex.1096.pdb	0	12.978	45.831
complex.1097.pdb	0.00917431	9.072	19.422
complex.1098.pdb	0.0550459	5.086	17.112
complex.1099.pdb	0.0366972	9.715	27.158
complex.1100.pdb	0	10.478	31.798
complex.1101.pdb	0.0183486	9.679	29.451
complex.1102.pdb	0	11.249	31.239
complex.1103.pdb	0	11.507	35.983
complex.1104.pdb	0	12.114	25.860
complex.1105.pdb	0	11.873	32.457
complex.1106.pdb	0.0183486	10.416	21.329
complex.1107.pdb	0	13.597	28.281
complex.1108.pdb	0.0366972	8.604	27.753
complex.1109.pdb	0	12.967	44.867
complex.1110.pdb	0	14.544	44.187
complex.1111.pdb	0	10.816	25.570
complex.1112.pdb	0.0275229	9.526	19.006
complex.1113.pdb	0	8.024	15.120
complex.1114.pdb	0.00917431	7.542	20.372
complex.1115.pdb	0.0183486	10.251	26.038
complex.1116.pdb	0.0183486	8.912	22.022
complex.1117.pdb	0	9.999	25.722
complex.1118.pdb	0	7.554	19.770
complex.1119.pdb	0	10.936	35.824
complex.1120.pdb	0.00917431	12.263	32.847
complex.1121.pdb	0	9.928	25.115
complex.1122.pdb	0	13.348	29.942
complex.1123.pdb	0.0183486	11.753	25.081
complex.1124.pdb	0.0275229	8.092	28.329
complex.1125.pdb	0	11.293	32.858
complex.1126.pdb	0	11.194	35.446
complex.1127.pdb	0	10.300	36.214
complex.1128.pdb	0	14.621	39.561
complex.1129.pdb	0.00917431	8.268	24.346
complex.1130.pdb	0	11.341	28.953
complex.1131.pdb	0	12.748	42.237
complex.1132.pdb	0	9.684	34.113
complex.1133.pdb	0	10.941	30.300
complex.1134.pdb	0	14.078	48.987
complex.1135.pdb	0	9.303	32.908
complex.1136.pdb	0	9.894	24.106
complex.1137.pdb	0	9.971	33.588
complex.1138.pdb	0	12.906	38.826
complex.1139.pdb	0	10.149	26.632
complex.1140.pdb	0	14.038	48.025
complex.1141.pdb	0.00917431	12.400	41.743
complex.1142.pdb	0.0275229	8.334	31.429
complex.1143.pdb	0	13.451	50.978
complex.1144.pdb	0.0275229	8.828	31.323
complex.1145.pdb	0.00917431	7.984	24.473
complex.1146.pdb	0	11.089	25.497
complex.1147.pdb	0	10.494	34.815
complex.1148.pdb	0.00917431	11.312	35.528
complex.1149.pdb	0	11.286	31.951
complex.1150.pdb	0	8.692	27.678
complex.1151.pdb	0.0366972	8.521	33.798
complex.1152.pdb	0	14.344	33.391
complex.1153.pdb	0	14.571	33.584
complex.1154.pdb	0.0366972	10.120	19.052
complex.1155.pdb	0	10.720	35.913
complex.1156.pdb	0	10.979	23.937
complex.1157.pdb	0.0642202	7.797	27.701
complex.1158.pdb	0	12.369	39.169
complex.1159.pdb	0.0458716	14.326	48.110
complex.1160.pdb	0	8.351	21.543
complex.1161.pdb	0	11.939	42.606
complex.1162.pdb	0	11.067	33.279
complex.1163.pdb	0	12.570	40.520
complex.1164.pdb	0	9.846	26.151
complex.1165.pdb	0	7.708	19.048
complex.1166.pdb	0	12.493	41.564
complex.1167.pdb	0.00917431	12.466	43.932
complex.1168.pdb	0	11.576	38.798
complex.1169.pdb	0.0183486	14.474	47.827
complex.1170.pdb	0.00917431	12.122	40.137
complex.1171.pdb	0	9.335	26.452
complex.1172.pdb	0	12.640	45.384
complex.1173.pdb	0.00917431	10.307	37.041
complex.1174.pdb	0.0183486	11.124	24.643
complex.1175.pdb	0.0183486	6.925	18.581
complex.1176.pdb	0	11.418	26.029
complex.1177.pdb	0	12.066	41.904
complex.1178.pdb	0.0275229	9.527	18.128
complex.1179.pdb	0	14.199	29.498
complex.1180.pdb	0	11.753	28.575
complex.1181.pdb	0	12.454	29.052
complex.1182.pdb	0	10.864	31.786
complex.1183.pdb	0	13.026	41.761
complex.1184.pdb	0.0275229	13.698	44.735
complex.1185.pdb	0	9.622	26.324
complex.1186.pdb	0.0183486	11.555	42.144
complex.1187.pdb	0.0183486	10.532	21.658
complex.1188.pdb	0.00917431	9.748	19.770
complex.1189.pdb	0	12.033	36.723
complex.1190.pdb	0	12.723	40.323
complex.1191.pdb	0.0550459	8.039	25.828
complex.1192.pdb	0	9.541	27.545
complex.1193.pdb	0.0183486	13.105	38.744
complex.1194.pdb	0	9.350	30.853
complex.1195.pdb	0	10.671	35.139
complex.1196.pdb	0	17.726	42.679
complex.1197.pdb	0.0275229	7.554	28.707
complex.1198.pdb	0	12.382	29.942
complex.1199.pdb	0.00917431	7.323	18.686
complex.1200.pdb	0	16.108	38.281
complex.1201.pdb	0	11.698	37.292
complex.1202.pdb	0	11.912	38.109
complex.1203.pdb	0	6.968	18.994
complex.1204.pdb	0	11.549	25.473
complex.1205.pdb	0	10.982	20.504
complex.1206.pdb	0	12.315	34.871
complex.1207.pdb	0	11.153	35.280
complex.1208.pdb	0	12.064	32.665
complex.1209.pdb	0	10.130	24.978
complex.1210.pdb	0.00917431	12.572	46.365
complex.1211.pdb	0	8.875	23.450
complex.1212.pdb	0	10.176	31.553
complex.1213.pdb	0.0275229	10.568	23.161
complex.1214.pdb	0.00917431	11.339	41.922
complex.1215.pdb	0	12.393	24.773
complex.1216.pdb	0	10.648	23.185
complex.1217.pdb	0.0275229	9.971	34.361
complex.1218.pdb	0.0458716	9.393	17.212
complex.1219.pdb	0	11.902	27.854
complex.1220.pdb	0	10.338	31.221
complex.1221.pdb	0.0917431	6.933	23.532
complex.1222.pdb	0	6.408	17.691
complex.1223.pdb	0.0183486	13.988	43.569
complex.1224.pdb	0	11.066	34.590
complex.1225.pdb	0	11.225	37.925
complex.1226.pdb	0	11.108	23.602
complex.1227.pdb	0.00917431	11.169	33.346
complex.1228.pdb	0	10.810	33.495
complex.1229.pdb	0	12.391	27.238
complex.1230.pdb	0	10.344	30.234
complex.1231.pdb	0	14.928	38.643
complex.1232.pdb	0.0275229	7.562	18.966
complex.1233.pdb	0.00917431	11.991	34.817
complex.1234.pdb	0.0183486	10.237	17.762
complex.1235.pdb	0.0642202	9.395	24.967
complex.1236.pdb	0.0642202	7.025	12.989
complex.1237.pdb	0.00917431	8.547	15.384
complex.1238.pdb	0	11.772	41.125
complex.1239.pdb	0.00917431	7.629	14.961
complex.1240.pdb	0	12.249	33.501
complex.1241.pdb	0	11.772	41.395
complex.1242.pdb	0	11.975	23.618
complex.1243.pdb	0.0366972	13.409	46.329
complex.1244.pdb	0.0550459	13.945	42.011
complex.1245.pdb	0.0275229	14.292	44.112
complex.1246.pdb	0	11.987	38.856
complex.1247.pdb	0	8.582	22.183
complex.1248.pdb	0	10.869	28.356
complex.1249.pdb	0	11.465	34.177
complex.1250.pdb	0	11.970	33.019
complex.1251.pdb	0.0550459	7.426	13.354
complex.1252.pdb	0	13.324	41.135
complex.1253.pdb	0.00917431	10.713	35.003
complex.1254.pdb	0	10.177	35.632
complex.1255.pdb	0	11.451	21.249
complex.1256.pdb	0	8.397	22.597
complex.1257.pdb	0.00917431	11.274	29.816
complex.1258.pdb	0.00917431	10.069	33.482
complex.1259.pdb	0	11.677	33.226
complex.1260.pdb	0	9.855	35.408
complex.1261.pdb	0	11.512	25.723
complex.1262.pdb	0.0458716	14.082	40.051
complex.1263.pdb	0.0366972	9.614	17.877
complex.1264.pdb	0.00917431	10.337	35.816
complex.1265.pdb	0.00917431	9.473	18.937
complex.1266.pdb	0	13.644	45.992
complex.1267.pdb	0.00917431	9.642	18.009
complex.1268.pdb	0	13.350	36.569
complex.1269.pdb	0.0275229	12.991	45.464
complex.1270.pdb	0	7.015	17.265
complex.1271.pdb	0	10.067	29.468
complex.1272.pdb	0.00917431	10.670	35.828
complex.1273.pdb	0	14.802	51.170
complex.1274.pdb	0	12.083	41.803
complex.1275.pdb	0	13.474	41.738
complex.1276.pdb	0	15.967	35.848
complex.1277.pdb	0.0183486	10.527	24.958
complex.1278.pdb	0	10.974	37.874
complex.1279.pdb	0	11.506	40.861
complex.1280.pdb	0.0458716	7.015	25.879
complex.1281.pdb	0	11.315	30.539
complex.1282.pdb	0.0275229	7.206	14.111
complex.1283.pdb	0	14.189	42.498
complex.1284.pdb	0.00917431	9.664	18.045
complex.1285.pdb	0	12.724	25.882
complex.1286.pdb	0	16.279	42.363
complex.1287.pdb	0.00917431	11.909	26.165
complex.1288.pdb	0	8.252	22.430
complex.1289.pdb	0	11.269	22.428
complex.1290.pdb	0	10.043	21.912
complex.1291.pdb	0	18.098	38.827
complex.1292.pdb	0	10.901	38.642
complex.1293.pdb	0	12.716	40.094
complex.1294.pdb	0.0366972	9.366	20.698
complex.1295.pdb	0	11.243	21.251
complex.1296.pdb	0	8.379	27.170
complex.1297.pdb	0.0366972	10.443	33.457
complex.1298.pdb	0	11.085	34.680
complex.1299.pdb	0.0275229	11.911	27.934
complex.1300.pdb	0	15.283	31.750
complex.1301.pdb	0.0642202	13.813	42.350
complex.1302.pdb	0	8.795	22.833
complex.1303.pdb	0	11.205	29.915
complex.1304.pdb	0.00917431	10.827	21.709
complex.1305.pdb	0	12.527	42.334
complex.1306.pdb	0.0275229	7.808	30.703
complex.1307.pdb	0	16.922	43.434
complex.1308.pdb	0	10.108	35.290
complex.1309.pdb	0	11.790	29.629
complex.1310.pdb	0	7.853	16.981
complex.1311.pdb	0.0183486	11.253	24.954
complex.1312.pdb	0	11.727	37.064
complex.1313.pdb	0	15.109	34.344
complex.1314.pdb	0	10.504	32.573
complex.1315.pdb	0	11.004	20.009
complex.1316.pdb	0.0366972	10.076	18.707
complex.1317.pdb	0	12.203	29.540
complex.1318.pdb	0	13.657	26.959
complex.1319.pdb	0.0183486	8.052	19.138
complex.1320.pdb	0.00917431	11.381	32.071
complex.1321.pdb	0.0183486	12.903	48.166
complex.1322.pdb	0.0183486	9.397	19.462
complex.1323.pdb	0	11.425	29.749
complex.1324.pdb	0	10.736	34.356
complex.1325.pdb	0.0183486	14.040	42.073
complex.1326.pdb	0.0458716	7.188	29.102
complex.1327.pdb	0	11.227	21.442
complex.1328.pdb	0.0183486	11.033	38.071
complex.1329.pdb	0.0458716	7.799	14.787
complex.1330.pdb	0	9.827	23.459
complex.1331.pdb	0.00917431	13.178	43.728
complex.1332.pdb	0	13.259	41.053
complex.1333.pdb	0	12.828	34.273
complex.1334.pdb	0.0550459	11.518	29.677
complex.1335.pdb	0	13.181	44.246
complex.1336.pdb	0	13.464	48.147
complex.1337.pdb	0.0275229	8.794	31.016
complex.1338.pdb	0	11.371	30.396
complex.1339.pdb	0.00917431	11.440	37.549
complex.1340.pdb	0	11.941	29.908
complex.1341.pdb	0.0366972	11.368	31.761
complex.1342.pdb	0.00917431	9.026	32.686
complex.1343.pdb	0	13.456	38.613
complex.1344.pdb	0.0458716	9.450	20.817
complex.1345.pdb	0.0183486	9.447	19.290
complex.1346.pdb	0	7.477	18.775
complex.1347.pdb	0.0183486	9.804	36.087
complex.1348.pdb	0	10.991	32.080
complex.1349.pdb	0.0366972	9.435	18.226
complex.1350.pdb	0	8.285	25.208
complex.1351.pdb	0	16.600	42.529
complex.1352.pdb	0.0183486	13.498	40.663
complex.1353.pdb	0	12.014	37.291
complex.1354.pdb	0	8.240	21.810
complex.1355.pdb	0.0642202	7.744	15.822
complex.1356.pdb	0	14.049	41.455
complex.1357.pdb	0.00917431	12.024	35.092
complex.1358.pdb	0	11.807	35.849
complex.1359.pdb	0	11.725	29.401
complex.1360.pdb	0	11.246	41.253
complex.1361.pdb	0	9.219	24.873
complex.1362.pdb	0.0183486	8.457	22.982
complex.1363.pdb	0	11.911	26.595
complex.1364.pdb	0	12.039	34.198
complex.1365.pdb	0	18.084	43.992
complex.1366.pdb	0.0275229	11.689	30.869
complex.1367.pdb	0	8.818	19.775
complex.1368.pdb	0	12.897	35.029
complex.1369.pdb	0.00917431	9.577	28.861
complex.1370.pdb	0	11.375	34.461
complex.1371.pdb	0	11.636	27.724
complex.1372.pdb	0.0275229	9.295	31.519
complex.1373.pdb	0	14.800	50.494
complex.1374.pdb	0	11.343	37.017
complex.1375.pdb	0	10.995	29.387
complex.1376.pdb	0	11.446	24.794
complex.1377.pdb	0.0458716	8.051	18.061
complex.1378.pdb	0.0183486	12.540	35.887
complex.1379.pdb	0.0275229	10.207	19.464
complex.1380.pdb	0.0366972	9.725	17.747
complex.1381.pdb	0.0550459	8.395	29.411
complex.1382.pdb	0	11.546	38.265
complex.1383.pdb	0.00917431	10.059	22.746
complex.1384.pdb	0	12.350	37.930
complex.1385.pdb	0	12.826	30.850
complex.1386.pdb	0.00917431	10.072	27.272
complex.1387.pdb	0.0366972	7.665	26.231
complex.1388.pdb	0.00917431	10.547	36.193
complex.1389.pdb	0	9.495	26.022
complex.1390.pdb	0	14.724	33.649
complex.1391.pdb	0	10.269	32.229
complex.1392.pdb	0	12.286	44.231
complex.1393.pdb	0	10.956	25.672
complex.1394.pdb	0.0917431	6.752	21.678
complex.1395.pdb	0	16.136	34.463
complex.1396.pdb	0	12.054	45.708
complex.1397.pdb	0	9.365	33.233
complex.1398.pdb	0	17.360	42.739
complex.1399.pdb	0	10.607	37.615
complex.1400.pdb	0	12.543	35.244
complex.1401.pdb	0	12.806	40.664
complex.1402.pdb	0	9.250	21.031
complex.1403.pdb	0	11.299	43.411
complex.1404.pdb	0	10.339	34.554
complex.1405.pdb	0.00917431	7.754	25.205
complex.1406.pdb	0	11.788	27.556
complex.1407.pdb	0.00917431	9.345	34.785
complex.1408.pdb	0	9.726	19.897
complex.1409.pdb	0.00917431	13.054	41.771
complex.1410.pdb	0	11.011	30.007
complex.1411.pdb	0	15.080	51.676
complex.1412.pdb	0	12.213	32.166
complex.1413.pdb	0	12.626	42.985
complex.1414.pdb	0	15.073	30.748
complex.1415.pdb	0	11.182	37.838
complex.1416.pdb	0.00917431	10.607	28.185
complex.1417.pdb	0	12.598	43.903
complex.1418.pdb	0	11.100	38.598
complex.1419.pdb	0	11.692	23.431
complex.1420.pdb	0.0458716	4.411	12.968
complex.1421.pdb	0.0550459	14.385	44.598
complex.1422.pdb	0	12.331	33.861
complex.1423.pdb	0	10.223	23.013
complex.1424.pdb	0	16.587	34.991
complex.1425.pdb	0.0183486	12.338	36.732
complex.1426.pdb	0	10.936	32.909
complex.1427.pdb	0.0275229	7.016	20.144
complex.1428.pdb	0	12.573	31.876
complex.1429.pdb	0	9.637	30.317
complex.1430.pdb	0	12.197	34.754
complex.1431.pdb	0	15.868	33.243
complex.1432.pdb	0.0458716	5.220	14.144
complex.1433.pdb	0	10.380	24.657
complex.1434.pdb	0.0366972	8.642	20.449
complex.1435.pdb	0	14.620	41.872
complex.1436.pdb	0	9.204	19.912
complex.1437.pdb	0	8.309	24.639
complex.1438.pdb	0.0275229	10.096	23.700
complex.1439.pdb	0	12.112	42.304
complex.1440.pdb	0.0183486	10.997	31.053
complex.1441.pdb	0	13.648	40.001
complex.1442.pdb	0.0366972	7.465	22.231
complex.1443.pdb	0	11.469	23.209
complex.1444.pdb	0	16.814	37.239
complex.1445.pdb	0	10.557	24.338
complex.1446.pdb	0	12.132	37.694
complex.1447.pdb	0	7.733	15.899
complex.1448.pdb	0	12.210	27.919
complex.1449.pdb	0.0183486	10.916	35.722
complex.1450.pdb	0	8.665	25.650
complex.1451.pdb	0	10.027	28.888
complex.1452.pdb	0.00917431	9.700	24.930
complex.1453.pdb	0.00917431	10.734	18.377
complex.1454.pdb	0	11.435	42.271
complex.1455.pdb	0.00917431	8.864	29.101
complex.1456.pdb	0.110092	4.725	19.867
complex.1457.pdb	0	8.312	23.790
complex.1458.pdb	0	12.319	34.423
complex.1459.pdb	0.00917431	12.072	27.399
complex.1460.pdb	0	14.238	50.943
complex.1461.pdb	0	11.569	40.156
complex.1462.pdb	0.00917431	11.696	32.661
complex.1463.pdb	0	11.337	34.217
complex.1464.pdb	0	11.903	39.455
complex.1465.pdb	0.0275229	8.614	19.330
complex.1466.pdb	0	11.416	31.663
complex.1467.pdb	0.0642202	7.026	13.309
complex.1468.pdb	0	14.373	49.182
complex.1469.pdb	0.0275229	8.160	30.808
complex.1470.pdb	0	9.067	19.080
complex.1471.pdb	0.00917431	7.672	22.518
complex.1472.pdb	0	12.095	41.706
complex.1473.pdb	0	11.460	23.841
complex.1474.pdb	0.00917431	10.894	20.969
complex.1475.pdb	0	8.395	19.961
complex.1476.pdb	0.0550459	14.158	45.478
complex.1477.pdb	0	11.638	38.479
complex.1478.pdb	0	12.068	32.262
complex.1479.pdb	0.0275229	8.513	31.263
complex.1480.pdb	0.0366972	8.620	34.314
complex.1481.pdb	0	13.730	45.068
complex.1482.pdb	0	12.160	35.565
complex.1483.pdb	0.0458716	12.669	39.888
complex.1484.pdb	0	9.083	18.717
complex.1485.pdb	0	9.391	29.473
complex.1486.pdb	0	10.796	26.944
complex.1487.pdb	0	14.875	37.551
complex.1488.pdb	0	11.725	43.215
complex.1489.pdb	0	10.735	28.557
complex.1490.pdb	0.00917431	10.427	28.061
complex.1491.pdb	0.0366972	8.878	28.667
complex.1492.pdb	0	9.960	28.289
complex.1493.pdb	0.00917431	11.802	41.629
complex.1494.pdb	0.0550459	4.854	15.274
complex.1495.pdb	0	12.268	37.388
complex.1496.pdb	0	8.848	25.499
complex.1497.pdb	0.0366972	7.963	30.797
complex.1498.pdb	0	8.561	20.271
complex.1499.pdb	0	10.499	20.770
complex.1500.pdb	0	8.522	22.525
complex.1501.pdb	0.00917431	11.186	37.686
complex.1502.pdb	0	11.449	36.015
complex.1503.pdb	0.00917431	10.891	38.796
complex.1504.pdb	0	11.444	40.006
complex.1505.pdb	0	8.567	18.620
complex.1506.pdb	0.110092	5.305	21.748
complex.1507.pdb	0	10.929	27.653
complex.1508.pdb	0	13.529	41.168
complex.1509.pdb	0.00917431	13.018	29.991
complex.1510.pdb	0	12.013	42.683
complex.1511.pdb	0	9.816	21.162
complex.1512.pdb	0	9.239	25.096
complex.1513.pdb	0.00917431	9.142	20.321
complex.1514.pdb	0.0366972	13.245	49.110
complex.1515.pdb	0.0366972	8.747	19.930
complex.1516.pdb	0.0183486	12.883	39.380
complex.1517.pdb	0	8.842	22.061
complex.1518.pdb	0.0183486	11.409	26.812
complex.1519.pdb	0	9.964	36.125
complex.1520.pdb	0.0183486	10.657	35.058
complex.1521.pdb	0	9.962	28.333
complex.1522.pdb	0	11.424	34.837
complex.1523.pdb	0	11.465	35.102
complex.1524.pdb	0.00917431	12.979	44.343
complex.1525.pdb	0	8.903	26.722
complex.1526.pdb	0.0550459	8.328	15.625
complex.1527.pdb	0.0458716	11.279	36.863
complex.1528.pdb	0	12.600	28.235
complex.1529.pdb	0	12.094	40.840
complex.1530.pdb	0	8.337	20.362
complex.1531.pdb	0.00917431	11.637	34.120
complex.1532.pdb	0	13.038	33.387
complex.1533.pdb	0.0275229	8.076	17.331
complex.1534.pdb	0	12.474	42.742
complex.1535.pdb	0	11.696	38.057
complex.1536.pdb	0	12.593	33.996
complex.1537.pdb	0.00917431	10.673	30.044
complex.1538.pdb	0	12.393	39.284
complex.1539.pdb	0	14.676	48.395
complex.1540.pdb	0	7.948	19.997
complex.1541.pdb	0.0183486	11.105	24.421
complex.1542.pdb	0	11.914	33.418
complex.1543.pdb	0.0183486	13.603	43.378
complex.1544.pdb	0.00917431	11.558	25.746
complex.1545.pdb	0.0550459	9.366	16.526
complex.1546.pdb	0	11.748	42.417
complex.1547.pdb	0	12.226	44.621
complex.1548.pdb	0.00917431	9.916	35.210
complex.1549.pdb	0.0366972	12.543	47.719
complex.1550.pdb	0	13.141	38.171
complex.1551.pdb	0.0183486	9.544	17.817
complex.1552.pdb	0.00917431	10.266	28.138
complex.1553.pdb	0	8.054	17.884
complex.1554.pdb	0.0183486	7.626	26.132
complex.1555.pdb	0	12.993	28.128
complex.1556.pdb	0	10.992	39.007
complex.1557.pdb	0	9.768	29.616
complex.1558.pdb	0	9.762	28.949
complex.1559.pdb	0	10.563	35.666
complex.1560.pdb	0.0642202	6.787	15.455
complex.1561.pdb	0	11.876	36.051
complex.1562.pdb	0	11.404	25.400
complex.1563.pdb	0	12.022	41.428
complex.1564.pdb	0	12.061	32.170
complex.1565.pdb	0.00917431	10.472	38.288
complex.1566.pdb	0	11.949	38.171
complex.1567.pdb	0.0275229	8.529	32.959
complex.1568.pdb	0.00917431	8.544	18.350
complex.1569.pdb	0	9.095	24.933
complex.1570.pdb	0	13.508	34.776
complex.1571.pdb	0.0366972	9.629	36.607
complex.1572.pdb	0.0183486	9.729	37.127
complex.1573.pdb	0.0275229	9.819	30.036
complex.1574.pdb	0	10.333	28.801
complex.1575.pdb	0.0550459	10.113	21.083
complex.1576.pdb	0	10.994	29.443
complex.1577.pdb	0.0366972	9.648	23.029
complex.1578.pdb	0	9.915	26.799
complex.1579.pdb	0	10.877	22.465
complex.1580.pdb	0	11.527	41.470
complex.1581.pdb	0	12.970	45.876
complex.1582.pdb	0.0275229	10.916	24.934
complex.1583.pdb	0.00917431	8.700	20.962
complex.1584.pdb	0	13.638	37.971
complex.1585.pdb	0	10.905	36.912
complex.1586.pdb	0	12.796	40.284
complex.1587.pdb	0	10.435	24.021
complex.1588.pdb	0.0366972	4.163	9.067
complex.1589.pdb	0	9.068	22.670
complex.1590.pdb	0.0366972	10.445	25.629
complex.1591.pdb	0	10.340	34.924
complex.1592.pdb	0	12.929	39.911
complex.1593.pdb	0.0183486	10.932	26.076
complex.1594.pdb	0	12.723	34.107
complex.1595.pdb	0	16.380	39.851
complex.1596.pdb	0	11.353	36.302
complex.1597.pdb	0	12.573	43.460
complex.1598.pdb	0	12.737	40.424
complex.1599.pdb	0.0275229	14.430	49.995
complex.1600.pdb	0	10.353	28.490
complex.1601.pdb	0.0183486	9.306	24.519
complex.1602.pdb	0.0733945	12.683	37.089
complex.1603.pdb	0	13.910	35.132
complex.1604.pdb	0	12.214	34.443
complex.1605.pdb	0	10.992	28.945
complex.1606.pdb	0	13.498	26.785
complex.1607.pdb	0.00917431	12.904	45.812
complex.1608.pdb	0	8.941	27.658
complex.1609.pdb	0.00917431	7.109	16.298
complex.1610.pdb	0	14.975	32.702
complex.1611.pdb	0	12.888	40.235
complex.1612.pdb	0	11.811	33.566
complex.1613.pdb	0	12.861	36.705
complex.1614.pdb	0	6.735	15.357
complex.1615.pdb	0	10.653	33.274
complex.1616.pdb	0	11.857	31.623
complex.1617.pdb	0.12844	4.803	16.712
complex.1618.pdb	0	10.912	26.299
complex.1619.pdb	0	8.466	22.208
complex.1620.pdb	0.0183486	10.953	29.383
complex.1621.pdb	0	12.177	31.348
complex.1622.pdb	0.00917431	13.068	41.559
complex.1623.pdb	0	11.466	34.672
complex.1624.pdb	0	11.574	31.127
complex.1625.pdb	0	12.885	37.933
complex.1626.pdb	0.0183486	10.190	36.876
complex.1627.pdb	0.0550459	9.681	30.079
complex.1628.pdb	0	9.704	22.316
complex.1629.pdb	0.00917431	12.545	25.620
complex.1630.pdb	0	11.290	21.892
complex.1631.pdb	0.0275229	11.671	25.253
complex.1632.pdb	0	10.695	32.126
complex.1633.pdb	0	13.577	26.187
complex.1634.pdb	0	11.065	23.761
complex.1635.pdb	0	12.662	40.971
complex.1636.pdb	0	11.883	24.441
complex.1637.pdb	0	7.894	23.529
complex.1638.pdb	0	12.284	44.082
complex.1639.pdb	0.00917431	11.383	39.920
complex.1640.pdb	0.0275229	8.179	15.406
complex.1641.pdb	0	12.824	43.328
complex.1642.pdb	0.0183486	7.155	24.900
complex.1643.pdb	0.00917431	9.759	29.036
complex.1644.pdb	0	11.659	33.653
complex.1645.pdb	0	11.151	37.579
complex.1646.pdb	0.0183486	10.656	26.420
complex.1647.pdb	0	11.024	32.680
complex.1648.pdb	0	13.067	45.357
complex.1649.pdb	0	11.801	36.200
complex.1650.pdb	0	11.077	38.417
complex.1651.pdb	0	9.280	17.422
complex.1652.pdb	0	12.861	37.018
complex.1653.pdb	0	12.595	39.589
complex.1654.pdb	0	13.741	39.334
complex.1655.pdb	0.0275229	10.374	18.791
complex.1656.pdb	0	14.134	40.874
complex.1657.pdb	0.0550459	5.884	21.277
complex.1658.pdb	0	11.692	46.044
complex.1659.pdb	0.00917431	13.187	44.385
complex.1660.pdb	0	10.330	29.106
complex.1661.pdb	0	8.451	19.310
complex.1662.pdb	0	9.383	20.322
complex.1663.pdb	0	12.214	41.325
complex.1664.pdb	0.0275229	14.418	40.612
complex.1665.pdb	0	9.777	31.324
complex.1666.pdb	0.0275229	10.392	34.430
complex.1667.pdb	0.00917431	13.041	28.345
complex.1668.pdb	0	11.138	38.751
complex.1669.pdb	0.00917431	9.911	32.418
complex.1670.pdb	0	13.098	38.299
complex.1671.pdb	0	12.340	37.110
complex.1672.pdb	0	10.562	35.134
complex.1673.pdb	0.0366972	7.520	14.251
complex.1674.pdb	0	9.883	28.776
complex.1675.pdb	0.0183486	9.406	23.419
complex.1676.pdb	0	11.323	39.908
complex.1677.pdb	0	13.346	40.874
complex.1678.pdb	0	12.123	32.384
complex.1679.pdb	0.0275229	7.643	14.234
complex.1680.pdb	0.00917431	9.929	22.497
complex.1681.pdb	0	11.850	33.411
complex.1682.pdb	0	10.132	31.949
complex.1683.pdb	0	10.093	24.142
complex.1684.pdb	0	10.976	37.174
complex.1685.pdb	0	14.091	39.216
complex.1686.pdb	0	10.934	30.477
complex.1687.pdb	0.00917431	12.662	38.638
complex.1688.pdb	0.00917431	11.961	26.010
complex.1689.pdb	0.0275229	9.536	38.795
complex.1690.pdb	0.0550459	5.582	22.351
complex.1691.pdb	0	12.146	42.254
complex.1692.pdb	0	13.078	44.829
complex.1693.pdb	0.00917431	11.663	26.359
complex.1694.pdb	0.00917431	9.268	25.749
complex.1695.pdb	0.0550459	9.674	19.231
complex.1696.pdb	0.0183486	12.476	47.294
complex.1697.pdb	0	13.071	44.023
complex.1698.pdb	0	10.658	36.999
complex.1699.pdb	0	12.876	31.701
complex.1700.pdb	0	7.830	19.539
complex.1701.pdb	0.00917431	7.961	13.447
complex.1702.pdb	0.0275229	9.973	37.244
complex.1703.pdb	0	14.958	45.115
complex.1704.pdb	0	12.212	37.835
complex.1705.pdb	0	9.052	22.883
complex.1706.pdb	0.0275229	8.407	17.576
complex.1707.pdb	0.0458716	14.354	43.262
complex.1708.pdb	0.0275229	10.747	27.595
complex.1709.pdb	0.00917431	11.245	36.541
complex.1710.pdb	0	13.067	35.860
complex.1711.pdb	0.00917431	9.600	20.928
complex.1712.pdb	0.00917431	13.177	42.130
complex.1713.pdb	0	15.766	35.351
complex.1714.pdb	0.00917431	12.609	39.865
complex.1715.pdb	0	13.704	34.518
complex.1716.pdb	0	6.278	10.694
complex.1717.pdb	0	12.067	35.129
complex.1718.pdb	0	10.902	23.356
complex.1719.pdb	0.00917431	11.313	33.303
complex.1720.pdb	0	10.506	36.462
complex.1721.pdb	0	14.153	50.640
complex.1722.pdb	0.0275229	7.008	27.002
complex.1723.pdb	0.0275229	10.601	19.270
complex.1724.pdb	0	8.244	24.655
complex.1725.pdb	0	9.530	17.707
complex.1726.pdb	0	9.483	19.904
complex.1727.pdb	0	11.856	40.600
complex.1728.pdb	0.00917431	15.112	31.605
complex.1729.pdb	0	11.080	39.556
complex.1730.pdb	0	12.225	37.743
complex.1731.pdb	0	14.010	31.065
complex.1732.pdb	0	6.279	15.450
complex.1733.pdb	0	10.099	23.359
complex.1734.pdb	0	10.246	34.220
complex.1735.pdb	0	7.798	18.554
complex.1736.pdb	0.0183486	12.365	29.592
complex.1737.pdb	0	11.158	35.872
complex.1738.pdb	0.0366972	9.563	22.396
complex.1739.pdb	0	7.985	18.699
complex.1740.pdb	0	11.311	35.216
complex.1741.pdb	0	11.503	42.606
complex.1742.pdb	0	13.461	38.916
complex.1743.pdb	0.0183486	8.912	16.679
complex.1744.pdb	0	9.935	20.322
complex.1745.pdb	0	12.220	33.374
complex.1746.pdb	0	8.995	23.972
complex.1747.pdb	0	9.801	24.100
complex.1748.pdb	0	12.763	28.666
complex.1749.pdb	0	7.987	20.244
complex.1750.pdb	0	7.711	19.250
complex.1751.pdb	0	9.492	23.958
complex.1752.pdb	0	16.479	40.920
complex.1753.pdb	0	12.776	26.783
complex.1754.pdb	0.00917431	9.998	21.422
complex.1755.pdb	0	9.310	27.279
complex.1756.pdb	0.0825688	10.590	26.711
complex.1757.pdb	0	11.337	39.002
complex.1758.pdb	0.0183486	10.028	28.531
complex.1759.pdb	0.0275229	11.426	25.234
complex.1760.pdb	0	12.755	43.856
complex.1761.pdb	0.0183486	13.846	39.041
complex.1762.pdb	0	10.677	34.125
complex.1763.pdb	0	11.078	29.597
complex.1764.pdb	0.0366972	8.460	21.027
complex.1765.pdb	0	10.735	30.230
complex.1766.pdb	0	10.881	41.814
complex.1767.pdb	0	13.097	46.513
complex.1768.pdb	0	8.305	15.148
complex.1769.pdb	0.0183486	12.842	47.742
complex.1770.pdb	0	11.588	25.263
complex.1771.pdb	0	8.401	27.979
complex.1772.pdb	0	12.240	38.627
complex.1773.pdb	0	12.949	44.649
complex.1774.pdb	0.0275229	11.871	30.051
complex.1775.pdb	0.146789	4.763	14.780
complex.1776.pdb	0.0183486	13.088	32.643
complex.1777.pdb	0.0550459	12.570	42.535
complex.1778.pdb	0	12.571	39.440
complex.1779.pdb	0	14.969	33.552
complex.1780.pdb	0	9.257	20.769
complex.1781.pdb	0.0642202	7.958	30.365
complex.1782.pdb	0	11.783	30.211
complex.1783.pdb	0.0183486	11.219	26.812
complex.1784.pdb	0	10.830	34.265
complex.1785.pdb	0	12.232	42.276
complex.1786.pdb	0.00917431	7.120	13.658
complex.1787.pdb	0.0183486	11.825	28.903
complex.1788.pdb	0	12.088	39.817
complex.1789.pdb	0	13.624	42.067
complex.1790.pdb	0	13.852	41.779
complex.1791.pdb	0	15.512	32.027
complex.1792.pdb	0	11.339	24.682
complex.1793.pdb	0.00917431	11.437	32.125
complex.1794.pdb	0	11.565	36.876
complex.1795.pdb	0	10.582	21.618
complex.1796.pdb	0.00917431	10.330	31.633
complex.1797.pdb	0.00917431	10.939	25.253
complex.1798.pdb	0.0183486	10.255	18.930
complex.1799.pdb	0.0550459	10.657	27.481
complex.1800.pdb	0.0642202	14.197	43.066
complex.1801.pdb	0.00917431	13.122	29.226
complex.1802.pdb	0	9.029	28.577
complex.1803.pdb	0	12.087	42.521
complex.1804.pdb	0	11.927	43.217
complex.1805.pdb	0	11.730	26.979
complex.1806.pdb	0	10.969	36.795
complex.1807.pdb	0.0642202	13.284	47.293
complex.1808.pdb	0	12.856	39.926
complex.1809.pdb	0.0458716	9.062	16.446
complex.1810.pdb	0	10.314	30.294
complex.1811.pdb	0.0366972	6.504	12.705
complex.1812.pdb	0	8.186	16.570
complex.1813.pdb	0.0275229	12.796	35.741
complex.1814.pdb	0.0183486	8.197	18.872
complex.1815.pdb	0	14.650	42.603
complex.1816.pdb	0	12.851	41.400
complex.1817.pdb	0	11.699	35.297
complex.1818.pdb	0.0275229	11.290	20.752
complex.1819.pdb	0.00917431	13.150	26.732
complex.1820.pdb	0	10.974	25.569
complex.1821.pdb	0	14.897	51.922
complex.1822.pdb	0.00917431	11.263	24.190
complex.1823.pdb	0.0733945	6.648	22.917
complex.1824.pdb	0	14.732	33.057
complex.1825.pdb	0.0183486	10.838	37.699
complex.1826.pdb	0	11.699	37.575
complex.1827.pdb	0	12.527	38.542
complex.1828.pdb	0	13.214	44.922
complex.1829.pdb	0.00917431	13.314	41.359
complex.1830.pdb	0	15.597	39.309
complex.1831.pdb	0.0183486	7.733	20.131
complex.1832.pdb	0	12.668	36.077
complex.1833.pdb	0.0458716	6.006	20.820
complex.1834.pdb	0	13.881	26.852
complex.1835.pdb	0	13.615	40.944
complex.1836.pdb	0.00917431	9.654	18.455
complex.1837.pdb	0	10.727	36.393
complex.1838.pdb	0	13.866	32.018
complex.1839.pdb	0.00917431	12.349	32.001
complex.1840.pdb	0.0183486	9.851	37.662
complex.1841.pdb	0	11.964	33.803
complex.1842.pdb	0.0275229	10.124	29.993
complex.1843.pdb	0.0275229	12.195	29.247
complex.1844.pdb	0.0642202	12.417	42.222
complex.1845.pdb	0.00917431	11.372	35.331
complex.1846.pdb	0	13.215	31.041
complex.1847.pdb	0	11.606	31.921
complex.1848.pdb	0	10.858	20.532
complex.1849.pdb	0.0183486	10.094	31.991
complex.1850.pdb	0	14.418	34.744
complex.1851.pdb	0	14.528	28.691
complex.1852.pdb	0.0183486	12.975	38.865
complex.1853.pdb	0	13.844	42.856
complex.1854.pdb	0.0642202	7.576	26.018
complex.1855.pdb	0	15.862	35.117
complex.1856.pdb	0.0275229	13.108	44.631
complex.1857.pdb	0.0275229	11.683	23.975
complex.1858.pdb	0	10.445	36.934
complex.1859.pdb	0.0183486	13.620	43.558
complex.1860.pdb	0	12.918	30.522
complex.1861.pdb	0	11.320	40.161
complex.1862.pdb	0	11.527	40.744
complex.1863.pdb	0.0183486	9.926	26.654
complex.1864.pdb	0	13.900	49.444
complex.1865.pdb	0	10.288	33.602
complex.1866.pdb	0	11.042	27.546
complex.1867.pdb	0	8.562	24.247
complex.1868.pdb	0.00917431	15.029	29.678
complex.1869.pdb	0	11.946	35.009
complex.1870.pdb	0	11.380	38.869
complex.1871.pdb	0	13.914	33.254
complex.1872.pdb	0	11.639	35.274
complex.1873.pdb	0.0366972	8.800	18.794
complex.1874.pdb	0	8.631	22.095
complex.1875.pdb	0.0550459	10.139	26.639
complex.1876.pdb	0.0183486	14.190	48.269
complex.1877.pdb	0	18.373	44.939
complex.1878.pdb	0	12.522	26.093
complex.1879.pdb	0.00917431	11.035	39.753
complex.1880.pdb	0.00917431	9.359	34.819
complex.1881.pdb	0	11.328	38.854
complex.1882.pdb	0.0275229	11.174	34.516
complex.1883.pdb	0	16.001	40.595
complex.1884.pdb	0	14.413	41.337
complex.1885.pdb	0	9.565	28.743
complex.1886.pdb	0	9.815	24.815
complex.1887.pdb	0.0733945	9.249	35.339
complex.1888.pdb	0	9.299	29.301
complex.1889.pdb	0	10.590	26.275
complex.1890.pdb	0.00917431	10.905	32.545
complex.1891.pdb	0.0183486	13.356	37.236
complex.1892.pdb	0	12.029	24.163
complex.1893.pdb	0	13.315	34.260
complex.1894.pdb	0	13.337	47.498
complex.1895.pdb	0.0275229	11.889	32.626
complex.1896.pdb	0	13.701	39.138
complex.1897.pdb	0	10.342	32.077
complex.1898.pdb	0	12.475	28.465
complex.1899.pdb	0	12.218	40.345
complex.1900.pdb	0	9.654	18.825
complex.1901.pdb	0	12.853	40.588
complex.1902.pdb	0	14.694	44.070
complex.1903.pdb	0.00917431	10.808	34.748
complex.1904.pdb	0.0642202	14.208	44.689
complex.1905.pdb	0.0366972	7.072	15.165
complex.1906.pdb	0	13.842	38.592
complex.1907.pdb	0	9.079	18.968
complex.1908.pdb	0	10.461	29.818
complex.1909.pdb	0	14.685	31.650
complex.1910.pdb	0.0550459	5.074	21.914
complex.1911.pdb	0	15.495	32.423
complex.1912.pdb	0.0642202	8.467	29.319
complex.1913.pdb	0	14.578	35.350
complex.1914.pdb	0.0458716	8.188	30.457
complex.1915.pdb	0.0458716	8.036	31.514
complex.1916.pdb	0	10.879	27.857
complex.1917.pdb	0	6.684	18.626
complex.1918.pdb	0	11.651	23.784
complex.1919.pdb	0	10.504	25.519
complex.1920.pdb	0	11.603	35.142
complex.1921.pdb	0	12.185	39.329
complex.1922.pdb	0	9.707	22.035
complex.1923.pdb	0	13.478	42.726
complex.1924.pdb	0	10.166	23.904
complex.1925.pdb	0	17.294	42.253
complex.1926.pdb	0	12.087	41.117
complex.1927.pdb	0	11.663	28.435
complex.1928.pdb	0.0642202	14.346	45.373
complex.1929.pdb	0.00917431	15.168	32.063
complex.1930.pdb	0.00917431	10.850	26.695
complex.1931.pdb	0	12.263	33.735
complex.1932.pdb	0.00917431	10.127	33.588
complex.1933.pdb	0	11.497	30.721
complex.1934.pdb	0	10.908	36.592
complex.1935.pdb	0	10.241	24.870
complex.1936.pdb	0	11.990	25.398
complex.1937.pdb	0	13.508	47.553
complex.1938.pdb	0	9.338	34.640
complex.1939.pdb	0.0458716	7.779	32.382
complex.1940.pdb	0	12.079	28.632
complex.1941.pdb	0	11.788	40.431
complex.1942.pdb	0	10.322	30.044
complex.1943.pdb	0	9.971	26.501
complex.1944.pdb	0.0642202	6.908	13.546
complex.1945.pdb	0	10.886	33.481
complex.1946.pdb	0.0183486	7.847	14.443
complex.1947.pdb	0	12.354	43.830
complex.1948.pdb	0.00917431	10.864	38.663
complex.1949.pdb	0.0366972	10.722	30.471
complex.1950.pdb	0	12.110	34.618
complex.1951.pdb	0	10.177	30.216
complex.1952.pdb	0	13.498	51.772
complex.1953.pdb	0	11.477	34.640
complex.1954.pdb	0.0183486	8.217	26.864
complex.1955.pdb	0	12.310	41.355
complex.1956.pdb	0	11.193	36.447
complex.1957.pdb	0.0183486	12.806	26.568
complex.1958.pdb	0.0366972	13.208	47.297
complex.1959.pdb	0	11.303	38.465
complex.1960.pdb	0.0366972	14.637	43.871
complex.1961.pdb	0	10.648	26.793
complex.1962.pdb	0	7.884	19.122
complex.1963.pdb	0	12.740	35.137
complex.1964.pdb	0	11.942	42.946
complex.1965.pdb	0.00917431	9.912	30.202
complex.1966.pdb	0	12.808	38.017
complex.1967.pdb	0.00917431	11.151	32.654
complex.1968.pdb	0	13.087	37.568
complex.1969.pdb	0.00917431	10.645	37.125
complex.1970.pdb	0	8.830	22.027
complex.1971.pdb	0	12.151	44.511
complex.1972.pdb	0	9.025	23.247
complex.1973.pdb	0.0183486	9.286	24.532
complex.1974.pdb	0.0183486	14.149	43.515
complex.1975.pdb	0	12.008	26.658
complex.1976.pdb	0	8.941	16.350
complex.1977.pdb	0	12.109	38.036
complex.1978.pdb	0.0366972	5.674	10.352
complex.1979.pdb	0	12.498	48.745
complex.1980.pdb	0.0183486	10.434	29.094
complex.1981.pdb	0.0275229	13.083	48.906
complex.1982.pdb	0	9.393	20.912
complex.1983.pdb	0	15.798	40.968
complex.1984.pdb	0.0183486	12.520	26.052
complex.1985.pdb	0	12.772	45.853
complex.1986.pdb	0	12.811	40.782
complex.1987.pdb	0	8.106	24.500
complex.1988.pdb	0	11.664	26.554
complex.1989.pdb	0	8.921	23.547
complex.1990.pdb	0.0183486	11.276	30.796
complex.1991.pdb	0	9.027	25.246
complex.1992.pdb	0	13.985	31.741
complex.1993.pdb	0.0550459	10.399	38.373
complex.1994.pdb	0	11.993	33.745
complex.1995.pdb	0	8.167	17.649
complex.1996.pdb	0	11.331	42.026
complex.1997.pdb	0.0366972	8.241	15.746
complex.1998.pdb	0	9.594	21.310
complex.1999.pdb	0	11.403	29.933
complex.2000.pdb	0.0275229	14.138	42.737
