complex.1.pdb	0	7.711	36.037
complex.2.pdb	0	7.057	35.393
complex.3.pdb	0	6.538	30.900
complex.4.pdb	0.0701754	6.520	33.291
complex.5.pdb	0	12.536	59.737
complex.6.pdb	0	12.813	51.147
complex.7.pdb	0	12.102	56.067
complex.8.pdb	0	12.470	52.864
complex.9.pdb	0	12.833	49.282
complex.10.pdb	0	11.916	46.082
complex.11.pdb	0.105263	5.107	26.366
complex.12.pdb	0	11.824	62.929
complex.13.pdb	0.0350877	8.363	43.033
complex.14.pdb	0	11.655	61.286
complex.15.pdb	0	7.449	32.781
complex.16.pdb	0	11.482	52.606
complex.17.pdb	0	13.606	58.424
complex.18.pdb	0	11.927	54.083
complex.19.pdb	0	8.482	42.191
complex.20.pdb	0	14.127	62.853
complex.21.pdb	0	12.045	62.851
complex.22.pdb	0	13.673	55.498
complex.23.pdb	0.0526316	7.112	34.665
complex.24.pdb	0	10.728	49.313
complex.25.pdb	0.0350877	11.121	41.185
complex.26.pdb	0	12.901	60.982
complex.27.pdb	0	13.082	57.586
complex.28.pdb	0.0350877	8.832	43.798
complex.29.pdb	0	12.844	59.211
complex.30.pdb	0	11.136	51.024
complex.31.pdb	0.0526316	8.397	42.816
complex.32.pdb	0	12.804	48.011
complex.33.pdb	0	14.650	67.975
complex.34.pdb	0.0350877	7.937	39.830
complex.35.pdb	0	5.735	23.987
complex.36.pdb	0	7.861	37.052
complex.37.pdb	0	14.234	48.880
complex.38.pdb	0.0526316	9.087	44.119
complex.39.pdb	0	13.285	63.204
complex.40.pdb	0	13.299	58.665
complex.41.pdb	0	10.875	48.424
complex.42.pdb	0	13.928	59.343
complex.43.pdb	0	12.183	54.753
complex.44.pdb	0	13.899	65.926
complex.45.pdb	0.0350877	12.010	33.188
complex.46.pdb	0	12.026	55.128
complex.47.pdb	0	6.509	29.071
complex.48.pdb	0	12.148	60.205
complex.49.pdb	0	14.129	66.173
complex.50.pdb	0	13.453	63.911
complex.51.pdb	0	13.316	59.686
complex.52.pdb	0	13.290	64.162
complex.53.pdb	0	11.259	54.201
complex.54.pdb	0.0701754	8.811	45.566
complex.55.pdb	0	6.266	25.318
complex.56.pdb	0	13.261	64.327
complex.57.pdb	0	12.760	48.792
complex.58.pdb	0	12.766	55.931
complex.59.pdb	0	14.731	61.727
complex.60.pdb	0	12.437	51.425
complex.61.pdb	0	13.063	55.201
complex.62.pdb	0	5.646	22.019
complex.63.pdb	0	14.011	62.638
complex.64.pdb	0	13.932	65.085
complex.65.pdb	0	14.303	66.374
complex.66.pdb	0.0350877	8.050	37.689
complex.67.pdb	0	13.445	62.207
complex.68.pdb	0	12.383	55.680
complex.69.pdb	0	12.338	62.784
complex.70.pdb	0	12.848	48.306
complex.71.pdb	0.0877193	7.514	38.907
complex.72.pdb	0	13.363	58.624
complex.73.pdb	0.0175439	11.463	50.814
complex.74.pdb	0	14.890	66.091
complex.75.pdb	0.0350877	7.326	38.730
complex.76.pdb	0	13.790	64.314
complex.77.pdb	0	9.446	53.381
complex.78.pdb	0	12.499	56.769
complex.79.pdb	0	14.855	51.108
complex.80.pdb	0	13.649	63.187
complex.81.pdb	0.0701754	8.147	39.288
complex.82.pdb	0	13.260	54.529
complex.83.pdb	0	11.774	57.834
complex.84.pdb	0	14.228	67.771
complex.85.pdb	0	11.986	53.910
complex.86.pdb	0	11.460	56.809
complex.87.pdb	0	9.263	53.093
complex.88.pdb	0	7.846	39.652
complex.89.pdb	0	14.511	66.264
complex.90.pdb	0	6.184	30.441
complex.91.pdb	0	16.496	63.551
complex.92.pdb	0	13.233	61.444
complex.93.pdb	0.0350877	10.799	46.711
complex.94.pdb	0	12.468	47.491
complex.95.pdb	0	5.284	20.818
complex.96.pdb	0	14.976	55.926
complex.97.pdb	0	12.766	55.925
complex.98.pdb	0	12.525	51.549
complex.99.pdb	0	12.164	52.929
complex.100.pdb	0	9.640	45.962
complex.101.pdb	0	11.273	53.873
complex.102.pdb	0	12.933	57.803
complex.103.pdb	0	13.898	52.022
complex.104.pdb	0	11.043	53.097
complex.105.pdb	0.0175439	7.508	36.485
complex.106.pdb	0	13.308	60.331
complex.107.pdb	0.0175439	12.341	33.659
complex.108.pdb	0.0350877	7.841	46.976
complex.109.pdb	0.0350877	9.371	48.641
complex.110.pdb	0.0701754	4.845	15.909
complex.111.pdb	0	13.272	62.345
complex.112.pdb	0	11.799	47.093
complex.113.pdb	0	11.762	50.429
complex.114.pdb	0	10.149	46.743
complex.115.pdb	0.0175439	9.885	42.979
complex.116.pdb	0	11.642	60.048
complex.117.pdb	0.0701754	12.538	40.949
complex.118.pdb	0	11.440	54.441
complex.119.pdb	0.0877193	8.742	43.202
complex.120.pdb	0	12.436	54.507
complex.121.pdb	0	11.271	49.360
complex.122.pdb	0	8.462	37.807
complex.123.pdb	0	12.894	57.584
complex.124.pdb	0	12.600	64.208
complex.125.pdb	0	13.123	57.804
complex.126.pdb	0	12.252	58.296
complex.127.pdb	0	9.477	44.490
complex.128.pdb	0	14.204	67.344
complex.129.pdb	0	12.435	56.836
complex.130.pdb	0	10.409	46.505
complex.131.pdb	0	11.738	46.617
complex.132.pdb	0	7.103	19.550
complex.133.pdb	0	13.587	63.613
complex.134.pdb	0	11.788	51.828
complex.135.pdb	0	6.499	28.778
complex.136.pdb	0	11.891	49.906
complex.137.pdb	0.0175439	9.898	40.178
complex.138.pdb	0.0175439	10.223	47.564
complex.139.pdb	0	10.471	48.451
complex.140.pdb	0	13.656	62.103
complex.141.pdb	0	13.418	62.562
complex.142.pdb	0	13.524	64.571
complex.143.pdb	0	12.230	52.895
complex.144.pdb	0	8.803	47.489
complex.145.pdb	0	8.674	37.561
complex.146.pdb	0	14.020	62.865
complex.147.pdb	0.0701754	11.442	49.311
complex.148.pdb	0	12.381	56.717
complex.149.pdb	0	14.414	66.873
complex.150.pdb	0.0701754	7.381	35.063
complex.151.pdb	0	13.202	47.384
complex.152.pdb	0	7.813	40.932
complex.153.pdb	0	12.622	56.623
complex.154.pdb	0	9.723	48.429
complex.155.pdb	0	12.960	51.651
complex.156.pdb	0	13.546	62.587
complex.157.pdb	0.105263	5.971	28.089
complex.158.pdb	0	11.400	51.143
complex.159.pdb	0	14.225	65.061
complex.160.pdb	0	12.078	49.960
complex.161.pdb	0.0350877	8.965	43.780
complex.162.pdb	0	13.640	51.156
complex.163.pdb	0.0526316	9.568	24.339
complex.164.pdb	0	14.332	63.210
complex.165.pdb	0.0350877	8.501	22.856
complex.166.pdb	0	12.087	50.839
complex.167.pdb	0	10.841	58.961
complex.168.pdb	0	13.022	58.424
complex.169.pdb	0	12.827	61.507
complex.170.pdb	0	12.613	51.606
complex.171.pdb	0	10.470	47.746
complex.172.pdb	0	14.360	49.404
complex.173.pdb	0	13.650	59.505
complex.174.pdb	0	11.926	56.718
complex.175.pdb	0	11.164	58.918
complex.176.pdb	0	6.851	34.568
complex.177.pdb	0	13.787	66.117
complex.178.pdb	0.105263	8.226	40.832
complex.179.pdb	0	14.422	61.010
complex.180.pdb	0	12.464	56.610
complex.181.pdb	0	14.757	67.607
complex.182.pdb	0	13.337	60.179
complex.183.pdb	0	14.465	68.029
complex.184.pdb	0	12.754	61.470
complex.185.pdb	0	12.434	51.273
complex.186.pdb	0.0350877	12.327	50.451
complex.187.pdb	0	12.545	58.208
complex.188.pdb	0	12.888	58.670
complex.189.pdb	0	12.311	59.288
complex.190.pdb	0	13.232	64.322
complex.191.pdb	0	5.200	16.304
complex.192.pdb	0	11.527	48.813
complex.193.pdb	0	11.341	49.485
complex.194.pdb	0.0175439	9.181	45.572
complex.195.pdb	0	14.267	64.509
complex.196.pdb	0	13.904	51.875
complex.197.pdb	0.0175439	8.004	48.636
complex.198.pdb	0	12.424	54.125
complex.199.pdb	0	13.094	52.180
complex.200.pdb	0	12.879	53.805
complex.201.pdb	0.0701754	13.090	38.419
complex.202.pdb	0	12.519	54.102
complex.203.pdb	0.0350877	10.312	44.028
complex.204.pdb	0	13.768	62.964
complex.205.pdb	0	14.820	58.652
complex.206.pdb	0	14.602	61.729
complex.207.pdb	0.0175439	9.989	47.604
complex.208.pdb	0.0350877	11.454	50.048
complex.209.pdb	0.0350877	11.562	47.092
complex.210.pdb	0	13.421	57.182
complex.211.pdb	0	11.244	53.016
complex.212.pdb	0.0526316	11.069	42.719
complex.213.pdb	0	12.917	48.521
complex.214.pdb	0	13.149	59.864
complex.215.pdb	0	10.047	47.837
complex.216.pdb	0	14.798	64.005
complex.217.pdb	0	13.634	63.332
complex.218.pdb	0.0350877	11.615	49.923
complex.219.pdb	0	8.406	40.165
complex.220.pdb	0	16.693	62.841
complex.221.pdb	0	11.652	53.222
complex.222.pdb	0.0701754	12.663	43.051
complex.223.pdb	0	14.415	49.670
complex.224.pdb	0.0701754	10.559	33.284
complex.225.pdb	0	6.466	33.199
complex.226.pdb	0	14.244	58.253
complex.227.pdb	0	13.893	58.187
complex.228.pdb	0	13.354	46.537
complex.229.pdb	0	13.322	43.630
complex.230.pdb	0	10.689	43.942
complex.231.pdb	0	12.969	55.341
complex.232.pdb	0	10.742	49.158
complex.233.pdb	0	10.602	55.220
complex.234.pdb	0	13.250	62.119
complex.235.pdb	0	13.395	62.934
complex.236.pdb	0	13.762	62.268
complex.237.pdb	0.0526316	8.715	41.194
complex.238.pdb	0	14.553	67.804
complex.239.pdb	0	10.465	50.773
complex.240.pdb	0.0350877	11.201	47.039
complex.241.pdb	0	12.486	57.735
complex.242.pdb	0.105263	4.989	25.632
complex.243.pdb	0	16.448	62.234
complex.244.pdb	0	12.082	57.708
complex.245.pdb	0	13.993	49.128
complex.246.pdb	0	14.265	63.558
complex.247.pdb	0	11.470	33.929
complex.248.pdb	0.0175439	7.102	30.923
complex.249.pdb	0.0526316	9.011	40.495
complex.250.pdb	0	10.159	51.584
complex.251.pdb	0	12.891	51.555
complex.252.pdb	0.0526316	9.979	47.777
complex.253.pdb	0.0877193	10.538	39.599
complex.254.pdb	0	12.353	52.480
complex.255.pdb	0.0350877	8.562	41.836
complex.256.pdb	0	12.947	62.623
complex.257.pdb	0	12.123	58.251
complex.258.pdb	0	11.343	42.069
complex.259.pdb	0.0350877	8.772	41.898
complex.260.pdb	0	13.253	61.231
complex.261.pdb	0	14.832	62.159
complex.262.pdb	0	13.342	57.818
complex.263.pdb	0.0701754	13.307	41.991
complex.264.pdb	0.0526316	10.757	35.945
complex.265.pdb	0	11.988	53.320
complex.266.pdb	0	13.302	62.997
complex.267.pdb	0	13.252	45.322
complex.268.pdb	0.0526316	8.659	40.797
complex.269.pdb	0	13.108	62.888
complex.270.pdb	0.0350877	11.816	51.191
complex.271.pdb	0	10.141	49.458
complex.272.pdb	0	14.009	65.037
complex.273.pdb	0.0526316	8.015	41.152
complex.274.pdb	0	15.040	66.318
complex.275.pdb	0	12.257	61.605
complex.276.pdb	0	10.441	49.150
complex.277.pdb	0	15.472	65.046
complex.278.pdb	0	14.268	65.661
complex.279.pdb	0.0526316	9.756	47.679
complex.280.pdb	0	11.366	43.773
complex.281.pdb	0.105263	7.630	35.235
complex.282.pdb	0.0526316	7.835	32.319
complex.283.pdb	0	11.912	60.141
complex.284.pdb	0	12.918	58.793
complex.285.pdb	0	13.125	57.423
complex.286.pdb	0	10.789	52.932
complex.287.pdb	0	12.109	51.214
complex.288.pdb	0	7.037	19.775
complex.289.pdb	0	13.066	60.055
complex.290.pdb	0	14.740	52.662
complex.291.pdb	0	13.217	59.926
complex.292.pdb	0.0350877	9.042	44.485
complex.293.pdb	0	14.816	67.282
complex.294.pdb	0	15.206	68.097
complex.295.pdb	0	14.061	62.407
complex.296.pdb	0	14.085	63.616
complex.297.pdb	0	15.215	66.469
complex.298.pdb	0	13.669	63.724
complex.299.pdb	0	11.324	54.755
complex.300.pdb	0	14.022	57.326
complex.301.pdb	0	11.608	54.274
complex.302.pdb	0.0175439	11.954	52.254
complex.303.pdb	0	12.663	59.980
complex.304.pdb	0	14.759	50.351
complex.305.pdb	0	11.851	53.324
complex.306.pdb	0.0350877	10.382	44.946
complex.307.pdb	0	9.493	47.300
complex.308.pdb	0	11.641	51.319
complex.309.pdb	0	6.936	21.409
complex.310.pdb	0	13.214	53.087
complex.311.pdb	0	7.118	38.752
complex.312.pdb	0	13.853	66.344
complex.313.pdb	0.0350877	8.392	43.986
complex.314.pdb	0	13.517	58.394
complex.315.pdb	0	10.563	48.747
complex.316.pdb	0	13.447	64.899
complex.317.pdb	0	14.500	67.151
complex.318.pdb	0	13.336	59.264
complex.319.pdb	0.0526316	8.861	40.905
complex.320.pdb	0	14.631	53.971
complex.321.pdb	0	14.995	46.768
complex.322.pdb	0	13.208	56.863
complex.323.pdb	0	11.874	51.862
complex.324.pdb	0	13.072	61.565
complex.325.pdb	0	12.789	64.497
complex.326.pdb	0.0701754	8.144	39.295
complex.327.pdb	0	12.785	54.201
complex.328.pdb	0	9.617	42.275
complex.329.pdb	0	9.593	49.253
complex.330.pdb	0.122807	6.437	16.738
complex.331.pdb	0	14.105	65.257
complex.332.pdb	0	12.664	50.243
complex.333.pdb	0	9.852	46.591
complex.334.pdb	0	15.002	69.490
complex.335.pdb	0	13.165	45.787
complex.336.pdb	0	14.292	59.637
complex.337.pdb	0.0350877	7.707	41.091
complex.338.pdb	0.0350877	8.829	45.248
complex.339.pdb	0	13.564	52.063
complex.340.pdb	0.0526316	6.025	32.315
complex.341.pdb	0	11.806	53.839
complex.342.pdb	0	13.257	56.965
complex.343.pdb	0	14.133	65.936
complex.344.pdb	0.105263	7.937	40.215
complex.345.pdb	0.192982	6.981	17.245
complex.346.pdb	0	13.515	59.688
complex.347.pdb	0	14.061	65.663
complex.348.pdb	0	10.947	48.098
complex.349.pdb	0.0350877	8.941	40.587
complex.350.pdb	0	14.123	55.517
complex.351.pdb	0	15.903	64.051
complex.352.pdb	0.0526316	5.482	15.087
complex.353.pdb	0	11.498	45.488
complex.354.pdb	0.0526316	9.999	44.139
complex.355.pdb	0	14.326	57.047
complex.356.pdb	0	13.636	61.576
complex.357.pdb	0	12.757	56.936
complex.358.pdb	0	5.484	13.564
complex.359.pdb	0	14.669	61.304
complex.360.pdb	0	13.576	52.276
complex.361.pdb	0.0175439	9.589	46.156
complex.362.pdb	0	8.786	43.370
complex.363.pdb	0.0526316	11.024	50.894
complex.364.pdb	0	6.792	16.141
complex.365.pdb	0	12.981	46.368
complex.366.pdb	0.0350877	6.998	23.079
complex.367.pdb	0	11.792	47.347
complex.368.pdb	0	14.804	62.788
complex.369.pdb	0	11.940	53.410
complex.370.pdb	0.0175439	13.401	45.251
complex.371.pdb	0	10.390	47.745
complex.372.pdb	0	12.022	57.932
complex.373.pdb	0.0175439	10.250	48.233
complex.374.pdb	0	10.189	47.280
complex.375.pdb	0	12.157	53.352
complex.376.pdb	0	13.187	59.240
complex.377.pdb	0	13.105	59.575
complex.378.pdb	0	14.231	58.116
complex.379.pdb	0	11.936	55.818
complex.380.pdb	0	7.232	24.103
complex.381.pdb	0	9.973	45.793
complex.382.pdb	0.0526316	10.661	46.292
complex.383.pdb	0	13.812	61.511
complex.384.pdb	0.0526316	13.046	39.869
complex.385.pdb	0	14.162	64.032
complex.386.pdb	0.0701754	8.120	39.138
complex.387.pdb	0	11.568	50.687
complex.388.pdb	0	14.021	61.343
complex.389.pdb	0	10.151	47.239
complex.390.pdb	0	10.227	49.620
complex.391.pdb	0.0526316	6.241	28.755
complex.392.pdb	0	10.488	47.539
complex.393.pdb	0	12.034	57.667
complex.394.pdb	0	11.000	45.747
complex.395.pdb	0	12.766	58.855
complex.396.pdb	0	11.563	44.910
complex.397.pdb	0.0350877	9.916	45.525
complex.398.pdb	0.0526316	12.183	44.847
complex.399.pdb	0.0350877	7.149	30.389
complex.400.pdb	0	14.871	62.489
complex.401.pdb	0	13.581	60.269
complex.402.pdb	0.0350877	10.465	43.979
complex.403.pdb	0.0526316	12.569	32.095
complex.404.pdb	0	11.917	48.676
complex.405.pdb	0	16.649	62.675
complex.406.pdb	0	12.286	53.040
complex.407.pdb	0	11.519	54.415
complex.408.pdb	0.0526316	11.845	45.486
complex.409.pdb	0	12.105	54.942
complex.410.pdb	0.0175439	5.467	16.899
complex.411.pdb	0.0350877	9.284	43.469
complex.412.pdb	0.0350877	11.420	48.259
complex.413.pdb	0	11.370	48.782
complex.414.pdb	0	9.925	43.394
complex.415.pdb	0	12.996	63.751
complex.416.pdb	0	12.812	58.346
complex.417.pdb	0.0175439	8.168	23.139
complex.418.pdb	0.0175439	13.596	53.751
complex.419.pdb	0.0526316	9.965	43.467
complex.420.pdb	0	13.400	58.099
complex.421.pdb	0.0701754	8.076	42.859
complex.422.pdb	0.0350877	11.022	47.635
complex.423.pdb	0	13.760	66.765
complex.424.pdb	0	13.374	53.211
complex.425.pdb	0	13.236	59.107
complex.426.pdb	0	12.490	55.810
complex.427.pdb	0	14.475	48.656
complex.428.pdb	0	11.589	47.257
complex.429.pdb	0.175439	7.947	19.864
complex.430.pdb	0	12.811	57.931
complex.431.pdb	0	11.170	53.949
complex.432.pdb	0.0877193	12.345	32.822
complex.433.pdb	0	13.958	56.011
complex.434.pdb	0.0526316	5.859	20.982
complex.435.pdb	0	13.445	54.780
complex.436.pdb	0	14.057	59.557
complex.437.pdb	0	13.732	64.479
complex.438.pdb	0	14.468	63.798
complex.439.pdb	0	13.245	58.313
complex.440.pdb	0	12.951	48.037
complex.441.pdb	0	7.334	24.706
complex.442.pdb	0	12.582	56.949
complex.443.pdb	0	12.255	58.491
complex.444.pdb	0.0701754	13.364	34.532
complex.445.pdb	0	14.168	61.092
complex.446.pdb	0.0877193	8.337	42.237
complex.447.pdb	0	12.746	55.404
complex.448.pdb	0	11.349	47.110
complex.449.pdb	0	7.424	16.881
complex.450.pdb	0	11.119	49.385
complex.451.pdb	0	10.885	45.007
complex.452.pdb	0	11.967	50.137
complex.453.pdb	0	14.360	53.532
complex.454.pdb	0	12.021	52.662
complex.455.pdb	0.0701754	9.022	48.254
complex.456.pdb	0	12.645	52.277
complex.457.pdb	0	11.893	47.948
complex.458.pdb	0	11.518	56.081
complex.459.pdb	0	12.892	50.979
complex.460.pdb	0	14.014	58.951
complex.461.pdb	0	12.663	54.347
complex.462.pdb	0.0526316	10.675	38.318
complex.463.pdb	0	16.203	65.321
complex.464.pdb	0	13.524	59.304
complex.465.pdb	0	13.038	44.672
complex.466.pdb	0	12.972	60.074
complex.467.pdb	0.0350877	5.590	14.288
complex.468.pdb	0	13.342	61.590
complex.469.pdb	0.0350877	9.703	43.235
complex.470.pdb	0	12.336	54.244
complex.471.pdb	0.0350877	7.082	19.696
complex.472.pdb	0	13.920	47.706
complex.473.pdb	0	12.723	56.833
complex.474.pdb	0.140351	3.771	8.492
complex.475.pdb	0	9.785	49.444
complex.476.pdb	0	13.903	61.411
complex.477.pdb	0	12.662	61.168
complex.478.pdb	0	12.356	55.176
complex.479.pdb	0	12.399	61.239
complex.480.pdb	0	13.102	54.802
complex.481.pdb	0.0350877	6.392	16.967
complex.482.pdb	0	13.678	65.288
complex.483.pdb	0	14.034	53.715
complex.484.pdb	0	13.076	58.325
complex.485.pdb	0.0175439	10.548	47.671
complex.486.pdb	0.0350877	13.433	52.997
complex.487.pdb	0	13.578	58.306
complex.488.pdb	0.0701754	13.215	32.079
complex.489.pdb	0.0877193	9.238	48.092
complex.490.pdb	0	13.430	56.729
complex.491.pdb	0	14.235	67.633
complex.492.pdb	0	11.522	54.910
complex.493.pdb	0.0350877	8.734	49.430
complex.494.pdb	0.157895	3.908	8.178
complex.495.pdb	0.0175439	9.084	40.011
complex.496.pdb	0	12.482	54.840
complex.497.pdb	0	12.571	51.638
complex.498.pdb	0	15.354	64.382
complex.499.pdb	0	12.825	63.080
complex.500.pdb	0.0350877	9.597	46.075
complex.501.pdb	0.157895	4.710	10.189
complex.502.pdb	0	13.432	55.262
complex.503.pdb	0.0877193	8.631	42.419
complex.504.pdb	0	14.511	56.759
complex.505.pdb	0	14.371	68.161
complex.506.pdb	0	13.473	60.652
complex.507.pdb	0	12.910	55.566
complex.508.pdb	0	14.278	54.850
complex.509.pdb	0	12.741	53.514
complex.510.pdb	0.0526316	12.876	32.198
complex.511.pdb	0.0701754	6.257	17.171
complex.512.pdb	0.0175439	6.386	17.620
complex.513.pdb	0	13.038	55.237
complex.514.pdb	0	11.314	52.027
complex.515.pdb	0	11.639	47.165
complex.516.pdb	0.0350877	10.189	43.102
complex.517.pdb	0	11.782	53.818
complex.518.pdb	0	13.652	61.053
complex.519.pdb	0.0701754	11.385	33.572
complex.520.pdb	0	16.730	60.618
complex.521.pdb	0.0350877	11.159	43.758
complex.522.pdb	0.0701754	8.580	23.836
complex.523.pdb	0	7.400	30.482
complex.524.pdb	0.0701754	10.640	45.119
complex.525.pdb	0	11.964	55.136
complex.526.pdb	0	12.222	50.147
complex.527.pdb	0.0877193	13.403	40.051
complex.528.pdb	0.0877193	8.724	42.956
complex.529.pdb	0	12.784	61.411
complex.530.pdb	0	13.945	59.275
complex.531.pdb	0.0350877	8.622	41.251
complex.532.pdb	0.0701754	11.400	51.408
complex.533.pdb	0	13.557	53.564
complex.534.pdb	0.0877193	9.135	41.032
complex.535.pdb	0	14.329	50.800
complex.536.pdb	0.0701754	13.606	37.918
complex.537.pdb	0	13.006	49.619
complex.538.pdb	0	15.362	56.593
complex.539.pdb	0	11.273	51.279
complex.540.pdb	0	10.580	48.117
complex.541.pdb	0	13.938	55.744
complex.542.pdb	0.0526316	8.701	34.885
complex.543.pdb	0.0175439	6.678	19.285
complex.544.pdb	0.0701754	7.921	20.611
complex.545.pdb	0	10.751	51.151
complex.546.pdb	0	5.055	21.619
complex.547.pdb	0	11.507	58.557
complex.548.pdb	0	15.537	65.084
complex.549.pdb	0	13.938	60.227
complex.550.pdb	0	13.656	48.361
complex.551.pdb	0	13.595	65.442
complex.552.pdb	0	10.547	44.240
complex.553.pdb	0.0350877	6.480	21.619
complex.554.pdb	0	11.213	46.114
complex.555.pdb	0	13.246	59.223
complex.556.pdb	0	14.164	64.097
complex.557.pdb	0	14.467	46.522
complex.558.pdb	0	11.845	46.826
complex.559.pdb	0	14.828	65.949
complex.560.pdb	0.157895	10.379	28.457
complex.561.pdb	0	13.535	58.483
complex.562.pdb	0	14.805	59.500
complex.563.pdb	0.0701754	10.120	42.194
complex.564.pdb	0	13.350	55.317
complex.565.pdb	0	13.448	55.483
complex.566.pdb	0	8.913	45.303
complex.567.pdb	0	15.445	68.229
complex.568.pdb	0	11.357	48.421
complex.569.pdb	0	15.767	59.921
complex.570.pdb	0	10.479	49.107
complex.571.pdb	0	11.989	47.035
complex.572.pdb	0	7.264	30.129
complex.573.pdb	0.0526316	7.106	34.495
complex.574.pdb	0.105263	11.550	47.204
complex.575.pdb	0.0877193	8.938	43.415
complex.576.pdb	0	10.988	47.196
complex.577.pdb	0.0175439	7.228	19.193
complex.578.pdb	0	13.782	62.194
complex.579.pdb	0	13.069	61.366
complex.580.pdb	0	13.844	56.752
complex.581.pdb	0	13.675	54.336
complex.582.pdb	0.0350877	6.175	15.478
complex.583.pdb	0	13.333	63.143
complex.584.pdb	0	12.858	54.425
complex.585.pdb	0	14.608	61.275
complex.586.pdb	0	11.814	46.354
complex.587.pdb	0	10.587	54.068
complex.588.pdb	0	14.375	65.646
complex.589.pdb	0	14.223	60.348
complex.590.pdb	0.0175439	6.867	17.760
complex.591.pdb	0	14.946	64.102
complex.592.pdb	0.0526316	10.713	49.471
complex.593.pdb	0	15.917	67.253
complex.594.pdb	0	14.104	59.993
complex.595.pdb	0	13.143	60.582
complex.596.pdb	0	12.161	55.823
complex.597.pdb	0	11.557	52.563
complex.598.pdb	0.0350877	12.504	48.905
complex.599.pdb	0	14.420	60.894
complex.600.pdb	0.0350877	10.724	48.555
complex.601.pdb	0.0877193	4.092	18.649
complex.602.pdb	0	10.171	46.261
complex.603.pdb	0	12.368	49.114
complex.604.pdb	0	13.874	55.802
complex.605.pdb	0	15.942	69.198
complex.606.pdb	0.0701754	11.771	44.509
complex.607.pdb	0	14.927	65.790
complex.608.pdb	0	15.026	67.148
complex.609.pdb	0	12.654	52.893
complex.610.pdb	0	11.372	52.958
complex.611.pdb	0	11.219	48.356
complex.612.pdb	0.105263	10.464	41.336
complex.613.pdb	0	12.080	55.236
complex.614.pdb	0	14.579	52.500
complex.615.pdb	0	13.981	59.922
complex.616.pdb	0	12.386	57.754
complex.617.pdb	0	12.605	57.169
complex.618.pdb	0.0701754	5.768	27.786
complex.619.pdb	0	13.900	60.217
complex.620.pdb	0.0526316	7.314	35.092
complex.621.pdb	0	12.993	51.819
complex.622.pdb	0	13.719	60.046
complex.623.pdb	0	12.254	55.016
complex.624.pdb	0	12.259	59.429
complex.625.pdb	0	12.128	52.441
complex.626.pdb	0	11.781	45.866
complex.627.pdb	0	14.886	65.043
complex.628.pdb	0	11.160	45.164
complex.629.pdb	0	13.055	62.469
complex.630.pdb	0	11.844	52.763
complex.631.pdb	0.0701754	11.139	49.425
complex.632.pdb	0	12.708	54.421
complex.633.pdb	0.0350877	7.004	16.579
complex.634.pdb	0	14.119	63.407
complex.635.pdb	0	9.573	46.486
complex.636.pdb	0	16.763	70.548
complex.637.pdb	0	14.904	64.509
complex.638.pdb	0	14.192	62.703
complex.639.pdb	0	6.785	26.944
complex.640.pdb	0	13.416	57.239
complex.641.pdb	0	14.770	57.832
complex.642.pdb	0	12.763	56.682
complex.643.pdb	0.0175439	9.530	43.233
complex.644.pdb	0	6.584	21.804
complex.645.pdb	0	16.020	64.925
complex.646.pdb	0	14.066	55.423
complex.647.pdb	0.0701754	10.019	47.701
complex.648.pdb	0	14.065	62.187
complex.649.pdb	0.0526316	7.195	37.187
complex.650.pdb	0.0701754	9.116	22.375
complex.651.pdb	0	8.819	44.616
complex.652.pdb	0	14.198	62.306
complex.653.pdb	0	9.539	44.349
complex.654.pdb	0	13.121	60.810
complex.655.pdb	0.0350877	7.180	22.724
complex.656.pdb	0	14.464	67.731
complex.657.pdb	0.0175439	10.462	45.764
complex.658.pdb	0	13.677	65.420
complex.659.pdb	0	14.264	66.521
complex.660.pdb	0	12.497	52.317
complex.661.pdb	0	15.861	61.880
complex.662.pdb	0	16.703	64.135
complex.663.pdb	0	14.016	58.008
complex.664.pdb	0.0175439	9.937	47.571
complex.665.pdb	0	13.195	62.412
complex.666.pdb	0	13.725	52.787
complex.667.pdb	0	17.054	60.342
complex.668.pdb	0	11.879	54.954
complex.669.pdb	0	12.972	57.392
complex.670.pdb	0	7.108	36.428
complex.671.pdb	0.0350877	13.031	50.982
complex.672.pdb	0.0350877	8.083	44.678
complex.673.pdb	0	12.955	57.687
complex.674.pdb	0	12.788	45.422
complex.675.pdb	0	14.475	68.468
complex.676.pdb	0	13.235	50.985
complex.677.pdb	0	17.452	61.102
complex.678.pdb	0.157895	11.299	29.992
complex.679.pdb	0	14.336	58.451
complex.680.pdb	0	10.132	50.763
complex.681.pdb	0.0701754	8.730	35.156
complex.682.pdb	0.0526316	10.682	42.355
complex.683.pdb	0	13.376	45.337
complex.684.pdb	0	6.606	34.036
complex.685.pdb	0	11.879	41.765
complex.686.pdb	0	13.843	62.698
complex.687.pdb	0.0350877	5.426	9.450
complex.688.pdb	0	10.607	45.780
complex.689.pdb	0.0175439	7.728	20.284
complex.690.pdb	0.105263	6.064	13.730
complex.691.pdb	0	16.887	59.225
complex.692.pdb	0	15.225	66.768
complex.693.pdb	0	13.726	59.058
complex.694.pdb	0	14.219	66.133
complex.695.pdb	0	13.423	58.477
complex.696.pdb	0.0350877	13.005	49.314
complex.697.pdb	0	7.102	23.858
complex.698.pdb	0.105263	8.154	25.066
complex.699.pdb	0	13.395	47.155
complex.700.pdb	0	15.564	65.840
complex.701.pdb	0	13.552	56.532
complex.702.pdb	0.0526316	7.949	37.449
complex.703.pdb	0.0877193	8.646	37.926
complex.704.pdb	0.0526316	12.525	35.979
complex.705.pdb	0.105263	10.977	47.315
complex.706.pdb	0	12.789	54.802
complex.707.pdb	0	10.274	44.054
complex.708.pdb	0.0701754	7.367	37.528
complex.709.pdb	0	15.211	60.649
complex.710.pdb	0	7.135	21.394
complex.711.pdb	0	13.416	60.644
complex.712.pdb	0	11.507	42.219
complex.713.pdb	0.0175439	12.034	50.932
complex.714.pdb	0.0350877	9.380	46.358
complex.715.pdb	0.0701754	13.355	44.998
complex.716.pdb	0	12.406	54.685
complex.717.pdb	0.0526316	12.572	40.152
complex.718.pdb	0	13.935	61.688
complex.719.pdb	0.0526316	10.446	26.318
complex.720.pdb	0	12.805	45.956
complex.721.pdb	0.0350877	8.793	25.220
complex.722.pdb	0	12.426	51.634
complex.723.pdb	0	6.953	26.467
complex.724.pdb	0.0877193	3.958	18.099
complex.725.pdb	0	16.012	65.024
complex.726.pdb	0.0350877	9.866	45.459
complex.727.pdb	0	12.588	53.021
complex.728.pdb	0.0526316	6.387	18.109
complex.729.pdb	0	13.608	56.840
complex.730.pdb	0.0350877	9.166	25.734
complex.731.pdb	0.0175439	12.823	50.342
complex.732.pdb	0	12.996	50.392
complex.733.pdb	0	14.431	63.194
complex.734.pdb	0	12.812	60.687
complex.735.pdb	0	11.604	32.718
complex.736.pdb	0.0350877	10.868	47.457
complex.737.pdb	0	11.841	48.197
complex.738.pdb	0	14.906	60.647
complex.739.pdb	0	13.001	59.284
complex.740.pdb	0	15.043	61.151
complex.741.pdb	0	11.162	46.625
complex.742.pdb	0	13.877	51.341
complex.743.pdb	0	11.615	49.296
complex.744.pdb	0	10.078	41.494
complex.745.pdb	0	13.210	57.845
complex.746.pdb	0	13.880	58.754
complex.747.pdb	0	13.954	57.228
complex.748.pdb	0	11.262	45.841
complex.749.pdb	0	12.275	56.745
complex.750.pdb	0	13.060	62.694
complex.751.pdb	0	13.185	57.046
complex.752.pdb	0	12.805	54.954
complex.753.pdb	0	15.109	51.881
complex.754.pdb	0	14.835	60.904
complex.755.pdb	0.0526316	8.831	22.557
complex.756.pdb	0.0526316	9.642	44.833
complex.757.pdb	0	9.786	42.484
complex.758.pdb	0.0350877	10.347	50.466
complex.759.pdb	0	13.701	62.480
complex.760.pdb	0.0350877	7.491	25.832
complex.761.pdb	0	15.703	57.199
complex.762.pdb	0	14.553	67.336
complex.763.pdb	0	14.105	62.313
complex.764.pdb	0	13.623	57.027
complex.765.pdb	0	14.258	56.180
complex.766.pdb	0.0350877	9.046	45.539
complex.767.pdb	0	14.841	60.034
complex.768.pdb	0	11.889	55.814
complex.769.pdb	0	13.042	60.324
complex.770.pdb	0	13.404	59.081
complex.771.pdb	0.140351	6.438	24.258
complex.772.pdb	0	14.510	59.325
complex.773.pdb	0	14.334	59.319
complex.774.pdb	0.0877193	11.516	44.400
complex.775.pdb	0.0701754	7.527	39.947
complex.776.pdb	0.0350877	13.156	39.042
complex.777.pdb	0.0526316	7.247	32.734
complex.778.pdb	0.0175439	13.706	52.182
complex.779.pdb	0	13.672	61.755
complex.780.pdb	0	16.002	70.685
complex.781.pdb	0	13.300	58.727
complex.782.pdb	0	10.824	48.907
complex.783.pdb	0	9.383	38.650
complex.784.pdb	0.0701754	8.267	34.182
complex.785.pdb	0	13.493	60.315
complex.786.pdb	0	13.592	60.804
complex.787.pdb	0	13.461	60.225
complex.788.pdb	0	12.348	50.529
complex.789.pdb	0	12.925	62.085
complex.790.pdb	0	11.149	51.463
complex.791.pdb	0	13.305	60.567
complex.792.pdb	0	12.680	44.781
complex.793.pdb	0	9.060	29.862
complex.794.pdb	0	14.970	66.294
complex.795.pdb	0.0877193	9.157	38.632
complex.796.pdb	0.0526316	9.476	44.878
complex.797.pdb	0	12.656	55.667
complex.798.pdb	0	16.002	59.238
complex.799.pdb	0.0175439	5.946	11.650
complex.800.pdb	0	14.824	59.353
complex.801.pdb	0	12.743	47.301
complex.802.pdb	0	11.178	47.196
complex.803.pdb	0	12.790	54.570
complex.804.pdb	0	13.472	54.741
complex.805.pdb	0	11.615	50.630
complex.806.pdb	0.0877193	9.246	27.925
complex.807.pdb	0.0175439	11.029	49.168
complex.808.pdb	0	14.452	61.172
complex.809.pdb	0	14.108	60.211
complex.810.pdb	0.0526316	11.581	37.534
complex.811.pdb	0.0526316	11.394	52.914
complex.812.pdb	0	12.587	44.722
complex.813.pdb	0	13.205	50.003
complex.814.pdb	0	13.377	58.064
complex.815.pdb	0	14.388	63.995
complex.816.pdb	0	13.833	57.899
complex.817.pdb	0.0350877	9.960	46.035
complex.818.pdb	0	13.652	60.127
complex.819.pdb	0	13.282	57.541
complex.820.pdb	0	11.443	47.992
complex.821.pdb	0	11.502	49.209
complex.822.pdb	0	14.366	63.746
complex.823.pdb	0	13.029	58.719
complex.824.pdb	0.0877193	12.600	33.231
complex.825.pdb	0	14.415	63.725
complex.826.pdb	0	11.467	45.905
complex.827.pdb	0	12.509	61.266
complex.828.pdb	0	12.818	57.059
complex.829.pdb	0	14.567	59.153
complex.830.pdb	0	14.166	64.070
complex.831.pdb	0	10.803	49.166
complex.832.pdb	0	15.147	60.018
complex.833.pdb	0	14.580	66.211
complex.834.pdb	0.0701754	12.495	45.118
complex.835.pdb	0	12.719	44.893
complex.836.pdb	0	12.878	52.332
complex.837.pdb	0	13.982	52.200
complex.838.pdb	0	14.481	59.957
complex.839.pdb	0	12.566	59.923
complex.840.pdb	0	11.613	55.298
complex.841.pdb	0	13.446	60.793
complex.842.pdb	0	14.022	64.188
complex.843.pdb	0	11.387	51.256
complex.844.pdb	0	14.845	64.925
complex.845.pdb	0	6.939	25.013
complex.846.pdb	0.0175439	8.210	45.034
complex.847.pdb	0	12.419	58.251
complex.848.pdb	0	14.950	68.542
complex.849.pdb	0	12.939	57.477
complex.850.pdb	0	11.405	51.832
complex.851.pdb	0	16.585	58.352
complex.852.pdb	0	9.730	45.439
complex.853.pdb	0	12.288	51.684
complex.854.pdb	0	14.764	65.538
complex.855.pdb	0	14.735	61.348
complex.856.pdb	0	11.486	44.787
complex.857.pdb	0	16.413	54.068
complex.858.pdb	0	11.554	41.659
complex.859.pdb	0	14.249	56.731
complex.860.pdb	0.0175439	8.681	45.734
complex.861.pdb	0	9.357	44.819
complex.862.pdb	0	11.847	39.484
complex.863.pdb	0	13.587	59.113
complex.864.pdb	0	12.205	55.056
complex.865.pdb	0	12.832	54.669
complex.866.pdb	0.0701754	12.627	44.441
complex.867.pdb	0	11.890	53.338
complex.868.pdb	0	11.192	42.093
complex.869.pdb	0	12.284	50.189
complex.870.pdb	0	13.789	51.458
complex.871.pdb	0	11.403	47.548
complex.872.pdb	0	15.157	63.978
complex.873.pdb	0	13.627	63.648
complex.874.pdb	0	14.567	66.702
complex.875.pdb	0.0701754	11.602	48.454
complex.876.pdb	0	14.578	68.059
complex.877.pdb	0	12.889	59.668
complex.878.pdb	0	14.233	63.708
complex.879.pdb	0	12.701	51.591
complex.880.pdb	0	13.315	54.705
complex.881.pdb	0	11.209	51.705
complex.882.pdb	0	13.912	61.551
complex.883.pdb	0	13.919	67.452
complex.884.pdb	0	9.157	47.854
complex.885.pdb	0	16.709	63.959
complex.886.pdb	0	13.397	53.043
complex.887.pdb	0	6.939	25.593
complex.888.pdb	0.0175439	10.893	49.423
complex.889.pdb	0	12.485	59.206
complex.890.pdb	0	15.726	62.241
complex.891.pdb	0	15.646	54.830
complex.892.pdb	0	12.644	53.851
complex.893.pdb	0	17.273	61.854
complex.894.pdb	0	12.431	51.855
complex.895.pdb	0	13.652	55.612
complex.896.pdb	0.0350877	8.952	41.373
complex.897.pdb	0.0175439	9.517	44.523
complex.898.pdb	0	7.135	24.832
complex.899.pdb	0	15.741	57.762
complex.900.pdb	0	10.205	53.468
complex.901.pdb	0	10.045	45.639
complex.902.pdb	0	12.578	50.968
complex.903.pdb	0.0350877	10.069	43.738
complex.904.pdb	0	12.328	59.321
complex.905.pdb	0	15.104	66.086
complex.906.pdb	0	7.871	27.958
complex.907.pdb	0	12.586	33.544
complex.908.pdb	0	14.068	49.455
complex.909.pdb	0.140351	6.235	17.011
complex.910.pdb	0.0350877	11.095	44.435
complex.911.pdb	0	16.802	65.059
complex.912.pdb	0	7.468	35.960
complex.913.pdb	0	12.299	55.621
complex.914.pdb	0.0350877	10.970	49.022
complex.915.pdb	0.122807	6.678	18.192
complex.916.pdb	0.0526316	13.259	32.486
complex.917.pdb	0	13.403	56.356
complex.918.pdb	0	15.703	65.906
complex.919.pdb	0	13.821	58.758
complex.920.pdb	0	15.097	63.650
complex.921.pdb	0.0350877	8.743	47.835
complex.922.pdb	0.0350877	9.923	47.126
complex.923.pdb	0	12.206	50.871
complex.924.pdb	0	12.557	60.476
complex.925.pdb	0	13.337	46.438
complex.926.pdb	0	14.748	61.821
complex.927.pdb	0	14.137	61.158
complex.928.pdb	0.0526316	9.818	45.284
complex.929.pdb	0	16.363	68.695
complex.930.pdb	0.0175439	9.015	43.321
complex.931.pdb	0	11.000	48.876
complex.932.pdb	0	14.279	62.336
complex.933.pdb	0	13.615	42.202
complex.934.pdb	0	7.462	26.779
complex.935.pdb	0	12.861	57.520
complex.936.pdb	0	13.072	56.668
complex.937.pdb	0	9.846	42.848
complex.938.pdb	0	13.817	55.753
complex.939.pdb	0	10.921	43.681
complex.940.pdb	0	12.771	55.641
complex.941.pdb	0.0350877	10.669	46.946
complex.942.pdb	0	12.101	49.965
complex.943.pdb	0	16.255	62.347
complex.944.pdb	0.0175439	5.901	16.962
complex.945.pdb	0.0175439	10.380	33.081
complex.946.pdb	0.0175439	10.968	41.554
complex.947.pdb	0	11.490	47.924
complex.948.pdb	0	13.025	59.610
complex.949.pdb	0.105263	5.491	14.495
complex.950.pdb	0	12.215	53.656
complex.951.pdb	0	12.884	52.061
complex.952.pdb	0	13.343	60.956
complex.953.pdb	0.0877193	7.791	21.204
complex.954.pdb	0	11.524	54.728
complex.955.pdb	0	13.434	46.050
complex.956.pdb	0	13.180	31.375
complex.957.pdb	0	14.828	60.904
complex.958.pdb	0.0350877	11.923	46.160
complex.959.pdb	0.0350877	12.239	41.039
complex.960.pdb	0	12.515	48.346
complex.961.pdb	0	14.951	67.645
complex.962.pdb	0.0526316	10.563	46.618
complex.963.pdb	0	15.003	62.514
complex.964.pdb	0	15.034	58.349
complex.965.pdb	0	12.429	51.320
complex.966.pdb	0	6.921	25.953
complex.967.pdb	0	14.080	56.666
complex.968.pdb	0	12.635	53.702
complex.969.pdb	0	13.693	52.403
complex.970.pdb	0.0175439	9.691	45.265
complex.971.pdb	0	11.511	51.744
complex.972.pdb	0	15.005	66.632
complex.973.pdb	0	14.408	60.395
complex.974.pdb	0.0526316	12.369	44.608
complex.975.pdb	0	13.865	53.896
complex.976.pdb	0	11.470	40.465
complex.977.pdb	0	12.426	50.380
complex.978.pdb	0	10.743	43.479
complex.979.pdb	0.0526316	11.161	46.998
complex.980.pdb	0.0526316	13.150	40.004
complex.981.pdb	0	11.425	36.465
complex.982.pdb	0	12.427	60.109
complex.983.pdb	0.0526316	9.514	46.985
complex.984.pdb	0.0175439	11.509	49.333
complex.985.pdb	0	12.918	60.235
complex.986.pdb	0	16.042	62.259
complex.987.pdb	0	9.998	48.979
complex.988.pdb	0	12.349	53.749
complex.989.pdb	0	16.346	57.631
complex.990.pdb	0	13.801	53.228
complex.991.pdb	0	12.983	49.804
complex.992.pdb	0	12.714	48.191
complex.993.pdb	0	14.131	55.960
complex.994.pdb	0	14.421	62.427
complex.995.pdb	0.0526316	10.268	43.823
complex.996.pdb	0.0877193	7.222	29.574
complex.997.pdb	0	15.391	65.858
complex.998.pdb	0.0701754	10.710	23.926
complex.999.pdb	0	12.618	59.251
complex.1000.pdb	0	12.319	41.767
complex.1001.pdb	0	14.167	53.347
complex.1002.pdb	0.0877193	11.045	34.029
complex.1003.pdb	0	13.252	56.866
complex.1004.pdb	0.0175439	12.209	37.234
complex.1005.pdb	0	13.955	63.147
complex.1006.pdb	0	8.329	25.056
complex.1007.pdb	0	12.543	61.376
complex.1008.pdb	0	14.229	63.529
complex.1009.pdb	0	13.732	59.076
complex.1010.pdb	0.0526316	11.895	45.079
complex.1011.pdb	0	13.516	48.579
complex.1012.pdb	0	16.926	60.872
complex.1013.pdb	0	12.203	55.707
complex.1014.pdb	0	7.685	24.368
complex.1015.pdb	0	14.394	53.027
complex.1016.pdb	0	14.348	61.379
complex.1017.pdb	0	15.344	64.699
complex.1018.pdb	0	14.683	58.756
complex.1019.pdb	0	12.613	49.243
complex.1020.pdb	0.0350877	12.467	50.470
complex.1021.pdb	0	13.540	59.170
complex.1022.pdb	0	12.999	55.634
complex.1023.pdb	0	12.816	56.627
complex.1024.pdb	0	7.672	24.604
complex.1025.pdb	0	9.376	39.142
complex.1026.pdb	0.0701754	12.574	40.977
complex.1027.pdb	0	12.975	57.586
complex.1028.pdb	0.0175439	9.439	45.986
complex.1029.pdb	0.0175439	7.945	23.971
complex.1030.pdb	0	9.310	42.898
complex.1031.pdb	0.0175439	11.938	41.959
complex.1032.pdb	0	15.633	64.136
complex.1033.pdb	0	12.597	53.410
complex.1034.pdb	0	15.803	57.359
complex.1035.pdb	0.0175439	8.658	27.793
complex.1036.pdb	0	9.379	44.072
complex.1037.pdb	0	6.398	33.064
complex.1038.pdb	0	12.253	48.641
complex.1039.pdb	0	13.503	62.426
complex.1040.pdb	0	16.682	62.937
complex.1041.pdb	0	14.899	61.064
complex.1042.pdb	0	14.389	57.074
complex.1043.pdb	0	13.389	42.410
complex.1044.pdb	0	13.683	51.257
complex.1045.pdb	0	12.957	51.019
complex.1046.pdb	0.157895	4.017	7.477
complex.1047.pdb	0.0175439	12.254	45.283
complex.1048.pdb	0	12.516	56.638
complex.1049.pdb	0	11.925	56.400
complex.1050.pdb	0	11.110	49.044
complex.1051.pdb	0	15.044	63.204
complex.1052.pdb	0	11.684	52.100
complex.1053.pdb	0.0350877	5.212	26.073
complex.1054.pdb	0	13.888	51.837
complex.1055.pdb	0	10.857	41.058
complex.1056.pdb	0.0701754	11.149	49.742
complex.1057.pdb	0.175439	5.315	19.731
complex.1058.pdb	0	14.248	55.899
complex.1059.pdb	0	11.985	45.891
complex.1060.pdb	0	14.533	59.775
complex.1061.pdb	0	14.192	55.372
complex.1062.pdb	0.0175439	13.774	45.786
complex.1063.pdb	0	15.441	63.101
complex.1064.pdb	0.0175439	10.430	45.779
complex.1065.pdb	0.122807	7.390	24.240
complex.1066.pdb	0	14.303	61.507
complex.1067.pdb	0.0175439	6.355	23.250
complex.1068.pdb	0	16.083	65.027
complex.1069.pdb	0	14.600	60.015
complex.1070.pdb	0	15.067	66.074
complex.1071.pdb	0.0877193	10.107	44.391
complex.1072.pdb	0.0175439	11.067	37.015
complex.1073.pdb	0	8.260	33.353
complex.1074.pdb	0	12.926	55.685
complex.1075.pdb	0	14.011	56.471
complex.1076.pdb	0.0175439	11.374	41.056
complex.1077.pdb	0	10.592	46.361
complex.1078.pdb	0	12.551	56.534
complex.1079.pdb	0	13.307	59.304
complex.1080.pdb	0.0350877	10.187	32.756
complex.1081.pdb	0	13.705	45.365
complex.1082.pdb	0	14.992	60.143
complex.1083.pdb	0	15.624	62.018
complex.1084.pdb	0	12.417	53.328
complex.1085.pdb	0	13.017	51.215
complex.1086.pdb	0	11.830	51.300
complex.1087.pdb	0	12.125	52.328
complex.1088.pdb	0	14.168	55.354
complex.1089.pdb	0	14.729	54.883
complex.1090.pdb	0	12.917	52.788
complex.1091.pdb	0.0526316	10.738	49.271
complex.1092.pdb	0	13.068	54.706
complex.1093.pdb	0	10.357	49.490
complex.1094.pdb	0	13.862	46.200
complex.1095.pdb	0	12.259	33.005
complex.1096.pdb	0	11.775	43.742
complex.1097.pdb	0	15.607	60.172
complex.1098.pdb	0	9.479	42.865
complex.1099.pdb	0.0701754	11.448	33.644
complex.1100.pdb	0	12.096	50.254
complex.1101.pdb	0	13.064	33.679
complex.1102.pdb	0	10.717	40.801
complex.1103.pdb	0	12.956	56.052
complex.1104.pdb	0	12.206	48.675
complex.1105.pdb	0	11.862	55.490
complex.1106.pdb	0	14.222	64.347
complex.1107.pdb	0.0350877	10.130	45.418
complex.1108.pdb	0	15.923	62.417
complex.1109.pdb	0	11.500	47.871
complex.1110.pdb	0	12.142	59.061
complex.1111.pdb	0	9.535	47.537
complex.1112.pdb	0.0175439	9.459	51.178
complex.1113.pdb	0	11.934	42.734
complex.1114.pdb	0	14.820	59.016
complex.1115.pdb	0	14.551	61.238
complex.1116.pdb	0	11.801	42.130
complex.1117.pdb	0	14.323	63.666
complex.1118.pdb	0	13.897	58.686
complex.1119.pdb	0	10.822	49.992
complex.1120.pdb	0	15.249	62.029
complex.1121.pdb	0	12.638	50.142
complex.1122.pdb	0.0175439	9.024	51.150
complex.1123.pdb	0	15.543	63.459
complex.1124.pdb	0.0701754	10.081	28.198
complex.1125.pdb	0	14.339	61.418
complex.1126.pdb	0.0701754	12.915	36.497
complex.1127.pdb	0	14.431	52.708
complex.1128.pdb	0	12.332	47.169
complex.1129.pdb	0	13.160	63.900
complex.1130.pdb	0	12.020	47.007
complex.1131.pdb	0.0526316	7.983	33.909
complex.1132.pdb	0	11.538	56.186
complex.1133.pdb	0.0877193	12.007	49.402
complex.1134.pdb	0.0350877	10.997	47.697
complex.1135.pdb	0	13.549	47.354
complex.1136.pdb	0	14.051	55.365
complex.1137.pdb	0	13.112	45.273
complex.1138.pdb	0	17.069	61.292
complex.1139.pdb	0	13.135	57.142
complex.1140.pdb	0	14.319	61.491
complex.1141.pdb	0	15.226	64.226
complex.1142.pdb	0	11.853	51.778
complex.1143.pdb	0.0175439	11.531	44.131
complex.1144.pdb	0	14.914	64.986
complex.1145.pdb	0	13.106	60.673
complex.1146.pdb	0	12.802	50.486
complex.1147.pdb	0	12.102	36.896
complex.1148.pdb	0.105263	9.984	33.579
complex.1149.pdb	0	13.362	47.139
complex.1150.pdb	0	11.760	55.328
complex.1151.pdb	0	13.689	54.769
complex.1152.pdb	0	13.818	48.740
complex.1153.pdb	0	15.505	60.754
complex.1154.pdb	0	10.964	43.802
complex.1155.pdb	0	7.547	16.494
complex.1156.pdb	0	13.088	53.975
complex.1157.pdb	0	14.377	60.186
complex.1158.pdb	0	12.682	52.726
complex.1159.pdb	0	12.386	55.086
complex.1160.pdb	0.0526316	12.040	53.107
complex.1161.pdb	0.105263	11.171	39.456
complex.1162.pdb	0.0877193	12.023	45.650
complex.1163.pdb	0	14.400	55.289
complex.1164.pdb	0	11.273	43.798
complex.1165.pdb	0	12.611	53.031
complex.1166.pdb	0	12.198	52.974
complex.1167.pdb	0	16.314	60.676
complex.1168.pdb	0	14.507	60.257
complex.1169.pdb	0	14.163	64.888
complex.1170.pdb	0	12.792	57.908
complex.1171.pdb	0	12.298	57.299
complex.1172.pdb	0	12.789	59.117
complex.1173.pdb	0	12.706	52.025
complex.1174.pdb	0.0175439	10.893	47.751
complex.1175.pdb	0.0350877	9.254	42.167
complex.1176.pdb	0	13.215	56.993
complex.1177.pdb	0	13.668	59.357
complex.1178.pdb	0	16.329	65.499
complex.1179.pdb	0.0701754	12.956	46.437
complex.1180.pdb	0	11.432	46.041
complex.1181.pdb	0	13.274	57.473
complex.1182.pdb	0	15.829	70.937
complex.1183.pdb	0	15.902	63.486
complex.1184.pdb	0	7.251	21.546
complex.1185.pdb	0	14.047	65.258
complex.1186.pdb	0	13.610	61.702
complex.1187.pdb	0	14.608	65.010
complex.1188.pdb	0	9.954	50.590
complex.1189.pdb	0	16.083	67.403
complex.1190.pdb	0	12.013	52.330
complex.1191.pdb	0	14.003	62.995
complex.1192.pdb	0.0877193	13.854	30.853
complex.1193.pdb	0	13.913	43.043
complex.1194.pdb	0	9.752	49.901
complex.1195.pdb	0	6.630	19.932
complex.1196.pdb	0.0701754	12.292	43.670
complex.1197.pdb	0	14.334	48.585
complex.1198.pdb	0	11.278	55.218
complex.1199.pdb	0.0877193	12.481	49.065
complex.1200.pdb	0.0175439	10.253	46.069
complex.1201.pdb	0	14.113	64.504
complex.1202.pdb	0	13.981	60.664
complex.1203.pdb	0	12.217	43.293
complex.1204.pdb	0	14.046	65.776
complex.1205.pdb	0.0877193	10.998	30.948
complex.1206.pdb	0	13.331	56.651
complex.1207.pdb	0	12.229	54.560
complex.1208.pdb	0	15.871	61.587
complex.1209.pdb	0	15.663	61.613
complex.1210.pdb	0	16.657	62.985
complex.1211.pdb	0	12.394	55.193
complex.1212.pdb	0	11.446	49.747
complex.1213.pdb	0	13.837	61.850
complex.1214.pdb	0.0175439	10.281	39.974
complex.1215.pdb	0	12.440	51.026
complex.1216.pdb	0	14.192	51.929
complex.1217.pdb	0	13.847	51.833
complex.1218.pdb	0	14.426	60.128
complex.1219.pdb	0	12.799	40.781
complex.1220.pdb	0	8.188	30.721
complex.1221.pdb	0	12.714	63.741
complex.1222.pdb	0	13.575	54.776
complex.1223.pdb	0.333333	2.479	10.867
complex.1224.pdb	0	15.180	66.415
complex.1225.pdb	0	15.267	54.965
complex.1226.pdb	0	16.098	60.190
complex.1227.pdb	0	14.139	60.258
complex.1228.pdb	0	6.072	19.874
complex.1229.pdb	0	13.140	50.806
complex.1230.pdb	0	13.246	57.504
complex.1231.pdb	0	11.023	47.781
complex.1232.pdb	0	14.237	59.496
complex.1233.pdb	0	9.126	44.339
complex.1234.pdb	0.0350877	6.016	11.684
complex.1235.pdb	0.0350877	7.272	25.788
complex.1236.pdb	0	12.610	53.628
complex.1237.pdb	0	12.722	53.217
complex.1238.pdb	0	7.161	23.000
complex.1239.pdb	0	15.375	64.807
complex.1240.pdb	0	14.450	64.456
complex.1241.pdb	0	12.713	54.960
complex.1242.pdb	0	12.873	51.206
complex.1243.pdb	0.0350877	12.227	35.859
complex.1244.pdb	0	15.472	69.788
complex.1245.pdb	0.0350877	9.387	45.739
complex.1246.pdb	0	16.144	65.234
complex.1247.pdb	0	12.844	45.256
complex.1248.pdb	0	6.675	19.510
complex.1249.pdb	0	13.746	57.190
complex.1250.pdb	0	10.277	45.840
complex.1251.pdb	0	13.299	58.251
complex.1252.pdb	0	9.182	34.235
complex.1253.pdb	0	16.679	69.581
complex.1254.pdb	0	16.381	57.522
complex.1255.pdb	0.0175439	13.729	51.300
complex.1256.pdb	0	14.192	60.288
complex.1257.pdb	0	11.557	50.560
complex.1258.pdb	0	7.171	29.679
complex.1259.pdb	0	14.303	56.955
complex.1260.pdb	0	14.286	64.526
complex.1261.pdb	0	13.542	59.964
complex.1262.pdb	0.0350877	8.058	42.361
complex.1263.pdb	0	12.013	49.151
complex.1264.pdb	0.0175439	8.048	26.311
complex.1265.pdb	0	15.164	65.597
complex.1266.pdb	0	11.575	40.151
complex.1267.pdb	0	15.902	65.049
complex.1268.pdb	0	12.912	53.072
complex.1269.pdb	0	14.157	63.505
complex.1270.pdb	0	14.777	58.602
complex.1271.pdb	0.0350877	12.629	35.752
complex.1272.pdb	0.0877193	9.103	33.304
complex.1273.pdb	0	12.042	46.007
complex.1274.pdb	0.0175439	8.185	39.746
complex.1275.pdb	0.0526316	10.012	35.506
complex.1276.pdb	0.0526316	9.646	25.094
complex.1277.pdb	0	13.309	64.830
complex.1278.pdb	0	12.926	44.354
complex.1279.pdb	0	15.561	59.959
complex.1280.pdb	0	15.494	66.044
complex.1281.pdb	0.0175439	11.011	49.325
complex.1282.pdb	0.0701754	7.680	24.289
complex.1283.pdb	0	12.248	57.174
complex.1284.pdb	0	12.204	49.411
complex.1285.pdb	0.0526316	7.180	20.408
complex.1286.pdb	0	11.763	42.550
complex.1287.pdb	0.157895	9.308	23.971
complex.1288.pdb	0	16.473	64.248
complex.1289.pdb	0	9.388	41.486
complex.1290.pdb	0	9.921	44.278
complex.1291.pdb	0	10.877	33.821
complex.1292.pdb	0	12.725	48.385
complex.1293.pdb	0	15.459	68.795
complex.1294.pdb	0	15.795	59.913
complex.1295.pdb	0.140351	12.127	35.841
complex.1296.pdb	0	13.479	58.219
complex.1297.pdb	0	13.275	56.410
complex.1298.pdb	0.0877193	8.571	23.252
complex.1299.pdb	0	12.568	52.757
complex.1300.pdb	0.0175439	14.539	51.854
complex.1301.pdb	0.105263	13.158	31.559
complex.1302.pdb	0	13.930	47.506
complex.1303.pdb	0	14.953	59.590
complex.1304.pdb	0	12.439	57.729
complex.1305.pdb	0.122807	11.353	32.140
complex.1306.pdb	0	14.069	59.482
complex.1307.pdb	0	11.314	42.676
complex.1308.pdb	0.0350877	10.354	32.837
complex.1309.pdb	0	11.655	31.818
complex.1310.pdb	0	13.788	55.392
complex.1311.pdb	0	8.677	33.069
complex.1312.pdb	0	12.979	50.680
complex.1313.pdb	0.0701754	14.231	38.033
complex.1314.pdb	0	12.383	53.767
complex.1315.pdb	0	16.381	60.469
complex.1316.pdb	0	13.332	53.983
complex.1317.pdb	0.105263	11.429	45.296
complex.1318.pdb	0	9.063	46.253
complex.1319.pdb	0.0526316	4.234	21.806
complex.1320.pdb	0	13.073	46.732
complex.1321.pdb	0	14.377	55.631
complex.1322.pdb	0	13.534	56.100
complex.1323.pdb	0.122807	12.174	33.643
complex.1324.pdb	0.0175439	5.077	18.770
complex.1325.pdb	0	12.738	49.883
complex.1326.pdb	0	15.375	65.073
complex.1327.pdb	0	14.688	68.654
complex.1328.pdb	0	14.073	58.755
complex.1329.pdb	0	13.243	42.203
complex.1330.pdb	0	16.566	59.943
complex.1331.pdb	0.0175439	5.341	14.697
complex.1332.pdb	0.122807	13.008	31.357
complex.1333.pdb	0	12.127	47.359
complex.1334.pdb	0	16.431	61.712
complex.1335.pdb	0	14.104	59.950
complex.1336.pdb	0	13.372	60.725
complex.1337.pdb	0	16.378	62.452
complex.1338.pdb	0.105263	10.695	47.241
complex.1339.pdb	0.0526316	8.011	35.746
complex.1340.pdb	0	15.952	53.918
complex.1341.pdb	0	12.796	60.306
complex.1342.pdb	0	12.175	57.084
complex.1343.pdb	0	13.539	60.802
complex.1344.pdb	0.0175439	6.704	16.481
complex.1345.pdb	0.0350877	9.685	43.533
complex.1346.pdb	0	8.984	39.376
complex.1347.pdb	0	12.198	44.086
complex.1348.pdb	0	6.423	22.391
complex.1349.pdb	0	14.522	63.682
complex.1350.pdb	0	10.937	44.068
complex.1351.pdb	0	14.448	61.022
complex.1352.pdb	0	14.377	59.944
complex.1353.pdb	0	13.375	46.750
complex.1354.pdb	0.0350877	6.698	14.414
complex.1355.pdb	0	12.245	48.002
complex.1356.pdb	0	13.260	56.921
complex.1357.pdb	0.0175439	11.227	49.332
complex.1358.pdb	0	12.090	47.284
complex.1359.pdb	0	12.537	57.131
complex.1360.pdb	0	12.393	54.007
complex.1361.pdb	0.0175439	8.215	39.989
complex.1362.pdb	0	11.634	43.717
complex.1363.pdb	0.0350877	7.890	25.779
complex.1364.pdb	0	15.804	57.292
complex.1365.pdb	0.0701754	11.634	38.888
complex.1366.pdb	0	12.987	58.407
complex.1367.pdb	0	11.393	46.674
complex.1368.pdb	0	13.385	55.223
complex.1369.pdb	0.0175439	7.646	16.606
complex.1370.pdb	0	14.428	57.844
complex.1371.pdb	0	12.991	61.394
complex.1372.pdb	0	16.432	65.275
complex.1373.pdb	0	14.983	68.211
complex.1374.pdb	0	13.608	59.523
complex.1375.pdb	0	13.733	56.678
complex.1376.pdb	0	13.566	46.848
complex.1377.pdb	0	13.766	60.851
complex.1378.pdb	0	10.624	45.358
complex.1379.pdb	0	11.031	42.542
complex.1380.pdb	0	13.295	59.014
complex.1381.pdb	0	15.201	61.310
complex.1382.pdb	0.0175439	11.015	45.628
complex.1383.pdb	0	13.431	57.310
complex.1384.pdb	0	16.175	67.771
complex.1385.pdb	0	10.408	46.630
complex.1386.pdb	0	12.358	57.199
complex.1387.pdb	0	9.609	35.303
complex.1388.pdb	0	10.620	39.256
complex.1389.pdb	0.0526316	10.014	49.997
complex.1390.pdb	0	12.833	52.441
complex.1391.pdb	0	12.958	57.019
complex.1392.pdb	0	13.399	41.063
complex.1393.pdb	0.0701754	14.289	33.624
complex.1394.pdb	0.0701754	9.587	45.898
complex.1395.pdb	0	12.968	52.043
complex.1396.pdb	0	11.599	57.854
complex.1397.pdb	0	12.714	52.612
complex.1398.pdb	0	13.639	61.179
complex.1399.pdb	0	14.709	60.214
complex.1400.pdb	0	15.270	61.762
complex.1401.pdb	0	13.489	62.087
complex.1402.pdb	0	11.958	55.765
complex.1403.pdb	0	15.705	68.419
complex.1404.pdb	0	13.778	57.426
complex.1405.pdb	0.0526316	13.197	40.786
complex.1406.pdb	0	15.209	59.475
complex.1407.pdb	0.0701754	10.288	50.341
complex.1408.pdb	0	11.941	52.449
complex.1409.pdb	0	13.018	51.354
complex.1410.pdb	0	13.727	47.951
complex.1411.pdb	0	14.399	64.513
complex.1412.pdb	0	15.971	69.078
complex.1413.pdb	0	10.923	49.919
complex.1414.pdb	0	13.528	51.950
complex.1415.pdb	0	15.492	65.298
complex.1416.pdb	0	10.738	40.947
complex.1417.pdb	0	14.758	62.675
complex.1418.pdb	0	12.226	49.649
complex.1419.pdb	0	13.611	57.545
complex.1420.pdb	0.0350877	9.894	43.600
complex.1421.pdb	0	13.422	57.910
complex.1422.pdb	0	12.930	62.529
complex.1423.pdb	0	14.109	50.902
complex.1424.pdb	0	13.169	40.820
complex.1425.pdb	0	15.417	61.081
complex.1426.pdb	0	14.105	64.984
complex.1427.pdb	0	14.930	61.927
complex.1428.pdb	0	13.017	48.510
complex.1429.pdb	0	12.221	54.290
complex.1430.pdb	0	7.028	25.020
complex.1431.pdb	0	13.249	57.852
complex.1432.pdb	0	14.456	56.650
complex.1433.pdb	0	13.677	51.754
complex.1434.pdb	0	13.990	58.455
complex.1435.pdb	0	14.481	62.973
complex.1436.pdb	0.0175439	10.561	48.593
complex.1437.pdb	0.0526316	12.949	39.937
complex.1438.pdb	0	13.702	56.393
complex.1439.pdb	0	6.070	18.638
complex.1440.pdb	0.105263	11.897	37.448
complex.1441.pdb	0	13.405	55.038
complex.1442.pdb	0.0526316	9.335	23.571
complex.1443.pdb	0	11.799	51.301
complex.1444.pdb	0.0350877	9.016	52.034
complex.1445.pdb	0.0350877	12.243	50.522
complex.1446.pdb	0.0877193	11.213	30.977
complex.1447.pdb	0	17.137	68.990
complex.1448.pdb	0	7.353	22.441
complex.1449.pdb	0	14.219	61.637
complex.1450.pdb	0.0701754	12.323	52.070
complex.1451.pdb	0	16.750	61.505
complex.1452.pdb	0	10.569	45.262
complex.1453.pdb	0	13.498	57.420
complex.1454.pdb	0.0526316	13.157	45.347
complex.1455.pdb	0	15.441	57.584
complex.1456.pdb	0	9.018	45.824
complex.1457.pdb	0	13.391	60.946
complex.1458.pdb	0.0350877	11.334	47.407
complex.1459.pdb	0	13.234	53.935
complex.1460.pdb	0	12.811	51.515
complex.1461.pdb	0.0877193	10.599	34.074
complex.1462.pdb	0	7.598	30.761
complex.1463.pdb	0	14.747	63.778
complex.1464.pdb	0.0350877	10.578	46.591
complex.1465.pdb	0.0350877	10.869	46.138
complex.1466.pdb	0	12.275	49.803
complex.1467.pdb	0	15.087	56.960
complex.1468.pdb	0	14.764	57.347
complex.1469.pdb	0	14.549	55.292
complex.1470.pdb	0	14.913	60.792
complex.1471.pdb	0.0175439	10.592	45.278
complex.1472.pdb	0	12.446	45.997
complex.1473.pdb	0	14.964	68.463
complex.1474.pdb	0.105263	14.499	30.666
complex.1475.pdb	0.0701754	7.444	18.650
complex.1476.pdb	0.140351	4.824	10.844
complex.1477.pdb	0	7.732	44.921
complex.1478.pdb	0	14.840	52.679
complex.1479.pdb	0	14.376	66.509
complex.1480.pdb	0	13.371	54.671
complex.1481.pdb	0	16.806	58.970
complex.1482.pdb	0.0526316	11.421	32.940
complex.1483.pdb	0	12.724	48.054
complex.1484.pdb	0	14.457	66.556
complex.1485.pdb	0	10.805	48.510
complex.1486.pdb	0	13.930	61.348
complex.1487.pdb	0.0526316	12.482	50.657
complex.1488.pdb	0	13.385	56.131
complex.1489.pdb	0	14.174	61.254
complex.1490.pdb	0	14.975	64.169
complex.1491.pdb	0	13.534	45.372
complex.1492.pdb	0.0526316	12.493	33.679
complex.1493.pdb	0.0526316	12.136	36.847
complex.1494.pdb	0.0350877	5.819	25.597
complex.1495.pdb	0.0701754	10.345	44.540
complex.1496.pdb	0.0701754	13.122	32.061
complex.1497.pdb	0.0526316	8.041	20.980
complex.1498.pdb	0.0877193	14.754	32.139
complex.1499.pdb	0	6.609	16.834
complex.1500.pdb	0.0526316	12.352	54.554
complex.1501.pdb	0	14.842	55.299
complex.1502.pdb	0	13.211	49.309
complex.1503.pdb	0.0526316	9.951	48.488
complex.1504.pdb	0.0701754	14.739	35.503
complex.1505.pdb	0	14.628	63.140
complex.1506.pdb	0.0526316	10.697	50.724
complex.1507.pdb	0	11.336	46.478
complex.1508.pdb	0	14.033	61.885
complex.1509.pdb	0	15.263	60.237
complex.1510.pdb	0.0701754	13.416	36.743
complex.1511.pdb	0	11.900	47.712
complex.1512.pdb	0	15.910	65.922
complex.1513.pdb	0	14.700	54.596
complex.1514.pdb	0	12.126	57.837
complex.1515.pdb	0	14.375	63.877
complex.1516.pdb	0.157895	9.400	30.389
complex.1517.pdb	0	14.725	65.096
complex.1518.pdb	0.0701754	12.159	44.384
complex.1519.pdb	0	8.818	43.663
complex.1520.pdb	0	11.625	44.949
complex.1521.pdb	0.0701754	13.301	31.156
complex.1522.pdb	0	14.450	59.564
complex.1523.pdb	0	13.306	57.485
complex.1524.pdb	0	16.617	58.444
complex.1525.pdb	0	13.134	40.259
complex.1526.pdb	0.0877193	11.527	35.335
complex.1527.pdb	0	11.036	47.679
complex.1528.pdb	0	13.049	51.563
complex.1529.pdb	0.0526316	10.245	32.747
complex.1530.pdb	0.0877193	11.648	48.329
complex.1531.pdb	0.0175439	5.438	24.802
complex.1532.pdb	0.0526316	10.904	46.341
complex.1533.pdb	0.122807	6.482	18.266
complex.1534.pdb	0	16.147	68.724
complex.1535.pdb	0	15.521	63.552
complex.1536.pdb	0.0175439	11.170	53.381
complex.1537.pdb	0.140351	11.961	33.174
complex.1538.pdb	0	9.787	46.686
complex.1539.pdb	0.0877193	10.719	30.966
complex.1540.pdb	0	12.703	47.730
complex.1541.pdb	0.0526316	9.850	44.789
complex.1542.pdb	0	13.559	49.312
complex.1543.pdb	0	14.389	56.764
complex.1544.pdb	0	13.696	54.787
complex.1545.pdb	0.0526316	10.522	52.791
complex.1546.pdb	0.0701754	12.563	32.692
complex.1547.pdb	0	17.293	60.188
complex.1548.pdb	0.0175439	11.123	49.611
complex.1549.pdb	0	13.426	54.793
complex.1550.pdb	0	15.959	58.831
complex.1551.pdb	0.122807	10.984	32.654
complex.1552.pdb	0	7.428	27.149
complex.1553.pdb	0	13.740	61.090
complex.1554.pdb	0	11.334	49.358
complex.1555.pdb	0.0701754	13.270	49.015
complex.1556.pdb	0	13.185	47.152
complex.1557.pdb	0.0350877	8.739	28.013
complex.1558.pdb	0.0701754	12.403	40.640
complex.1559.pdb	0.0350877	13.030	30.527
complex.1560.pdb	0.0526316	10.793	47.289
complex.1561.pdb	0	14.360	63.444
complex.1562.pdb	0	14.966	66.057
complex.1563.pdb	0	12.917	59.589
complex.1564.pdb	0	15.177	66.085
complex.1565.pdb	0	12.924	56.010
complex.1566.pdb	0.0701754	11.442	49.887
complex.1567.pdb	0	15.468	52.915
complex.1568.pdb	0.0701754	10.075	51.939
complex.1569.pdb	0	10.066	47.192
complex.1570.pdb	0.0877193	11.979	48.333
complex.1571.pdb	0	14.769	61.598
complex.1572.pdb	0	16.407	65.662
complex.1573.pdb	0	16.152	62.576
complex.1574.pdb	0	13.854	57.712
complex.1575.pdb	0	14.676	64.998
complex.1576.pdb	0	13.910	55.152
complex.1577.pdb	0.122807	12.589	31.316
complex.1578.pdb	0.0701754	7.889	41.601
complex.1579.pdb	0	6.059	22.464
complex.1580.pdb	0.0175439	11.304	38.245
complex.1581.pdb	0.0877193	7.618	20.263
complex.1582.pdb	0	15.758	57.372
complex.1583.pdb	0	14.129	60.283
complex.1584.pdb	0	13.041	53.272
complex.1585.pdb	0.0350877	10.899	32.709
complex.1586.pdb	0	11.066	46.146
complex.1587.pdb	0	14.967	64.502
complex.1588.pdb	0.0175439	11.717	54.722
complex.1589.pdb	0	12.164	51.795
complex.1590.pdb	0.0701754	13.529	42.603
complex.1591.pdb	0	13.443	56.779
complex.1592.pdb	0.0877193	11.808	51.489
complex.1593.pdb	0.0350877	7.838	27.548
complex.1594.pdb	0.0175439	11.775	48.480
complex.1595.pdb	0.0526316	13.906	37.885
complex.1596.pdb	0	14.156	59.132
complex.1597.pdb	0	13.062	50.206
complex.1598.pdb	0	12.002	51.382
complex.1599.pdb	0	13.993	63.214
complex.1600.pdb	0	8.624	46.700
complex.1601.pdb	0	7.077	22.256
complex.1602.pdb	0.0526316	12.015	49.741
complex.1603.pdb	0.0701754	10.581	24.666
complex.1604.pdb	0	9.822	41.184
complex.1605.pdb	0.0701754	13.091	35.165
complex.1606.pdb	0	14.313	63.692
complex.1607.pdb	0	11.609	52.496
complex.1608.pdb	0	9.652	38.711
complex.1609.pdb	0	15.102	57.101
complex.1610.pdb	0.0175439	11.564	49.089
complex.1611.pdb	0	15.075	66.572
complex.1612.pdb	0	12.481	50.850
complex.1613.pdb	0	16.889	64.623
complex.1614.pdb	0	14.124	63.238
complex.1615.pdb	0.0526316	13.017	32.009
complex.1616.pdb	0	12.508	48.686
complex.1617.pdb	0	13.004	57.188
complex.1618.pdb	0	12.330	42.224
complex.1619.pdb	0.0701754	13.080	37.309
complex.1620.pdb	0	11.808	38.152
complex.1621.pdb	0	13.194	58.208
complex.1622.pdb	0	13.110	44.314
complex.1623.pdb	0	9.797	51.137
complex.1624.pdb	0.0526316	11.481	54.829
complex.1625.pdb	0	17.061	59.479
complex.1626.pdb	0	13.556	61.320
complex.1627.pdb	0.105263	11.516	41.455
complex.1628.pdb	0.0877193	12.105	32.370
complex.1629.pdb	0.122807	12.949	34.258
complex.1630.pdb	0.122807	12.723	37.822
complex.1631.pdb	0	15.968	69.576
complex.1632.pdb	0	14.614	59.474
complex.1633.pdb	0	12.517	56.329
complex.1634.pdb	0.0175439	9.218	21.665
complex.1635.pdb	0	15.372	64.955
complex.1636.pdb	0	13.444	45.301
complex.1637.pdb	0	10.714	51.230
complex.1638.pdb	0	15.046	64.309
complex.1639.pdb	0	11.943	59.967
complex.1640.pdb	0	11.845	45.007
complex.1641.pdb	0.0701754	7.771	31.678
complex.1642.pdb	0	10.982	50.690
complex.1643.pdb	0	11.554	50.809
complex.1644.pdb	0.0877193	11.565	49.421
complex.1645.pdb	0	7.724	27.366
complex.1646.pdb	0.0350877	10.636	44.849
complex.1647.pdb	0	9.549	45.602
complex.1648.pdb	0	15.084	69.461
complex.1649.pdb	0	10.491	45.263
complex.1650.pdb	0	11.975	55.741
complex.1651.pdb	0	14.214	63.637
complex.1652.pdb	0	17.148	61.028
complex.1653.pdb	0	17.248	63.853
complex.1654.pdb	0	12.160	48.510
complex.1655.pdb	0.140351	9.106	31.541
complex.1656.pdb	0	15.424	65.153
complex.1657.pdb	0.105263	14.087	34.020
complex.1658.pdb	0	14.335	48.659
complex.1659.pdb	0	14.228	55.480
complex.1660.pdb	0.0175439	12.878	47.174
complex.1661.pdb	0	13.911	55.956
complex.1662.pdb	0.0877193	9.905	38.851
complex.1663.pdb	0	14.070	48.157
complex.1664.pdb	0	13.703	65.332
complex.1665.pdb	0	11.816	51.261
complex.1666.pdb	0	9.176	25.975
complex.1667.pdb	0.0877193	9.970	38.554
complex.1668.pdb	0	15.378	71.599
complex.1669.pdb	0.0350877	14.275	43.828
complex.1670.pdb	0	14.211	45.614
complex.1671.pdb	0.0526316	11.817	49.468
complex.1672.pdb	0	15.934	59.703
complex.1673.pdb	0.0877193	9.615	27.302
complex.1674.pdb	0	9.303	40.736
complex.1675.pdb	0	17.594	69.374
complex.1676.pdb	0	17.596	52.386
complex.1677.pdb	0.0877193	5.805	22.596
complex.1678.pdb	0	13.462	58.595
complex.1679.pdb	0.0526316	6.726	32.172
complex.1680.pdb	0	12.995	62.059
complex.1681.pdb	0	15.563	67.791
complex.1682.pdb	0	12.959	59.650
complex.1683.pdb	0	11.970	42.083
complex.1684.pdb	0.0175439	7.723	31.340
complex.1685.pdb	0	13.629	57.258
complex.1686.pdb	0.0526316	5.933	32.002
complex.1687.pdb	0	16.305	61.692
complex.1688.pdb	0.0350877	12.641	50.552
complex.1689.pdb	0	13.897	53.144
complex.1690.pdb	0	17.219	59.471
complex.1691.pdb	0.0877193	13.341	30.193
complex.1692.pdb	0	13.880	62.082
complex.1693.pdb	0	13.293	60.399
complex.1694.pdb	0	13.037	46.932
complex.1695.pdb	0	7.689	23.375
complex.1696.pdb	0	8.825	21.696
complex.1697.pdb	0	10.265	40.896
complex.1698.pdb	0	10.760	38.496
complex.1699.pdb	0	11.621	53.291
complex.1700.pdb	0	14.097	62.557
complex.1701.pdb	0.0526316	6.718	29.130
complex.1702.pdb	0	12.193	46.379
complex.1703.pdb	0	13.786	61.599
complex.1704.pdb	0	12.861	43.885
complex.1705.pdb	0	15.340	61.601
complex.1706.pdb	0.0350877	10.717	43.257
complex.1707.pdb	0.0701754	13.534	41.567
complex.1708.pdb	0.0526316	13.426	45.107
complex.1709.pdb	0.0350877	9.404	43.801
complex.1710.pdb	0	12.363	50.239
complex.1711.pdb	0.0526316	7.939	34.835
complex.1712.pdb	0	7.338	24.577
complex.1713.pdb	0	16.666	66.313
complex.1714.pdb	0	15.142	55.670
complex.1715.pdb	0	11.860	44.962
complex.1716.pdb	0	16.129	62.589
complex.1717.pdb	0	9.987	40.931
complex.1718.pdb	0	11.877	54.378
complex.1719.pdb	0	17.570	61.127
complex.1720.pdb	0.0350877	9.889	22.959
complex.1721.pdb	0	11.051	43.462
complex.1722.pdb	0.0350877	11.131	52.406
complex.1723.pdb	0.0175439	13.096	55.460
complex.1724.pdb	0	16.664	62.312
complex.1725.pdb	0	13.362	62.262
complex.1726.pdb	0.0526316	9.825	45.658
complex.1727.pdb	0	14.166	61.757
complex.1728.pdb	0	15.499	68.116
complex.1729.pdb	0	12.341	55.285
complex.1730.pdb	0	15.618	67.264
complex.1731.pdb	0	13.137	54.300
complex.1732.pdb	0.0526316	11.178	52.942
complex.1733.pdb	0	10.182	47.633
complex.1734.pdb	0.0175439	6.665	23.772
complex.1735.pdb	0.105263	14.481	37.707
complex.1736.pdb	0	7.342	27.412
complex.1737.pdb	0.0701754	9.759	49.941
complex.1738.pdb	0	14.018	59.788
complex.1739.pdb	0	7.510	30.006
complex.1740.pdb	0	11.678	55.879
complex.1741.pdb	0.0701754	11.204	37.944
complex.1742.pdb	0	14.409	62.013
complex.1743.pdb	0.0877193	13.380	40.698
complex.1744.pdb	0.0701754	9.784	25.432
complex.1745.pdb	0	13.388	57.445
complex.1746.pdb	0	12.183	49.472
complex.1747.pdb	0	15.141	68.499
complex.1748.pdb	0.0350877	9.795	26.063
complex.1749.pdb	0	17.139	61.992
complex.1750.pdb	0	11.021	42.711
complex.1751.pdb	0	13.365	57.243
complex.1752.pdb	0.0175439	13.325	50.632
complex.1753.pdb	0.0175439	11.777	53.082
complex.1754.pdb	0.0526316	8.789	23.082
complex.1755.pdb	0	16.251	58.683
complex.1756.pdb	0	15.243	61.482
complex.1757.pdb	0	14.531	57.272
complex.1758.pdb	0	9.568	42.616
complex.1759.pdb	0.0350877	4.895	24.751
complex.1760.pdb	0.0701754	11.560	37.795
complex.1761.pdb	0	15.125	65.452
complex.1762.pdb	0	10.049	49.701
complex.1763.pdb	0	14.781	60.386
complex.1764.pdb	0	13.865	56.911
complex.1765.pdb	0	11.571	47.135
complex.1766.pdb	0	14.768	67.272
complex.1767.pdb	0.0526316	12.829	32.872
complex.1768.pdb	0	12.937	43.809
complex.1769.pdb	0	11.430	49.711
complex.1770.pdb	0	8.153	37.569
complex.1771.pdb	0	16.316	60.446
complex.1772.pdb	0	11.393	52.109
complex.1773.pdb	0	13.886	51.633
complex.1774.pdb	0	14.153	54.059
complex.1775.pdb	0	13.431	55.611
complex.1776.pdb	0	7.337	21.113
complex.1777.pdb	0	13.963	58.465
complex.1778.pdb	0.0350877	9.966	53.353
complex.1779.pdb	0	14.407	62.250
complex.1780.pdb	0	15.799	60.764
complex.1781.pdb	0.0350877	13.386	51.850
complex.1782.pdb	0.0877193	10.125	28.976
complex.1783.pdb	0	14.403	62.423
complex.1784.pdb	0	12.229	45.665
complex.1785.pdb	0.0350877	9.248	44.873
complex.1786.pdb	0	14.361	55.119
complex.1787.pdb	0	13.398	57.077
complex.1788.pdb	0	9.297	43.384
complex.1789.pdb	0.0350877	11.671	27.633
complex.1790.pdb	0.122807	12.231	39.119
complex.1791.pdb	0.0350877	10.074	43.733
complex.1792.pdb	0	12.811	52.968
complex.1793.pdb	0.105263	7.236	16.999
complex.1794.pdb	0	9.479	34.292
complex.1795.pdb	0	11.137	51.464
complex.1796.pdb	0	7.055	22.160
complex.1797.pdb	0	13.343	53.290
complex.1798.pdb	0	15.126	63.383
complex.1799.pdb	0	15.131	64.995
complex.1800.pdb	0	14.859	64.038
complex.1801.pdb	0.0526316	11.609	52.659
complex.1802.pdb	0	12.797	57.346
complex.1803.pdb	0	11.473	40.996
complex.1804.pdb	0.0526316	12.109	52.204
complex.1805.pdb	0.0701754	8.076	27.267
complex.1806.pdb	0	15.334	66.639
complex.1807.pdb	0.105263	10.954	36.569
complex.1808.pdb	0.140351	10.760	28.963
complex.1809.pdb	0	13.530	56.964
complex.1810.pdb	0.0877193	10.603	32.101
complex.1811.pdb	0.0526316	10.227	48.244
complex.1812.pdb	0	16.770	67.877
complex.1813.pdb	0	7.447	30.934
complex.1814.pdb	0	15.471	48.566
complex.1815.pdb	0	15.567	64.795
complex.1816.pdb	0	14.864	61.857
complex.1817.pdb	0	9.720	37.972
complex.1818.pdb	0.0350877	10.655	52.861
complex.1819.pdb	0	13.063	52.252
complex.1820.pdb	0.0701754	10.019	25.009
complex.1821.pdb	0.0526316	10.275	46.460
complex.1822.pdb	0	13.167	46.888
complex.1823.pdb	0.0175439	13.396	46.678
complex.1824.pdb	0	16.099	54.321
complex.1825.pdb	0	7.766	29.387
complex.1826.pdb	0	14.534	57.819
complex.1827.pdb	0	16.448	64.470
complex.1828.pdb	0	14.961	61.751
complex.1829.pdb	0	14.917	68.313
complex.1830.pdb	0	10.601	37.435
complex.1831.pdb	0.0175439	11.474	39.068
complex.1832.pdb	0	13.170	60.618
complex.1833.pdb	0.0175439	11.449	38.959
complex.1834.pdb	0.105263	4.961	9.067
complex.1835.pdb	0	14.528	57.973
complex.1836.pdb	0	14.018	47.143
complex.1837.pdb	0	11.868	55.796
complex.1838.pdb	0.0877193	8.536	22.089
complex.1839.pdb	0.0526316	12.861	32.121
complex.1840.pdb	0	15.816	67.419
complex.1841.pdb	0	15.830	68.591
complex.1842.pdb	0	12.740	44.182
complex.1843.pdb	0.0526316	13.030	31.121
complex.1844.pdb	0	13.105	52.240
complex.1845.pdb	0	13.471	48.031
complex.1846.pdb	0.0701754	10.615	35.998
complex.1847.pdb	0	12.185	56.788
complex.1848.pdb	0.0175439	12.000	47.712
complex.1849.pdb	0.0526316	11.753	26.631
complex.1850.pdb	0	13.015	61.080
complex.1851.pdb	0	8.354	32.770
complex.1852.pdb	0	12.552	58.504
complex.1853.pdb	0.0350877	13.071	52.440
complex.1854.pdb	0	12.226	48.486
complex.1855.pdb	0	13.942	65.132
complex.1856.pdb	0	7.911	21.816
complex.1857.pdb	0.0526316	13.039	42.093
complex.1858.pdb	0.0701754	10.094	32.716
complex.1859.pdb	0	15.603	63.846
complex.1860.pdb	0.0526316	11.199	48.899
complex.1861.pdb	0.122807	12.487	38.983
complex.1862.pdb	0.0350877	11.686	54.351
complex.1863.pdb	0	11.045	40.083
complex.1864.pdb	0	11.457	50.927
complex.1865.pdb	0	12.808	49.462
complex.1866.pdb	0.0877193	11.104	38.425
complex.1867.pdb	0	15.663	66.210
complex.1868.pdb	0	17.590	62.892
complex.1869.pdb	0	15.656	53.127
complex.1870.pdb	0	12.315	47.818
complex.1871.pdb	0	13.820	65.379
complex.1872.pdb	0.0877193	9.110	35.125
complex.1873.pdb	0	16.387	62.368
complex.1874.pdb	0.0701754	5.327	24.887
complex.1875.pdb	0	12.418	51.081
complex.1876.pdb	0.0526316	11.242	48.349
complex.1877.pdb	0	16.104	62.772
complex.1878.pdb	0	14.946	66.646
complex.1879.pdb	0	12.694	42.475
complex.1880.pdb	0.0526316	12.408	55.693
complex.1881.pdb	0	11.326	48.736
complex.1882.pdb	0	16.147	66.379
complex.1883.pdb	0.0877193	12.697	40.025
complex.1884.pdb	0	11.104	32.702
complex.1885.pdb	0	14.567	57.830
complex.1886.pdb	0	14.753	63.942
complex.1887.pdb	0	12.484	52.588
complex.1888.pdb	0	13.479	63.176
complex.1889.pdb	0	12.911	53.609
complex.1890.pdb	0	6.999	25.802
complex.1891.pdb	0.0175439	10.458	48.356
complex.1892.pdb	0	15.504	64.428
complex.1893.pdb	0.0701754	7.934	38.148
complex.1894.pdb	0	7.707	23.061
complex.1895.pdb	0.0877193	9.059	35.970
complex.1896.pdb	0.0701754	11.492	32.227
complex.1897.pdb	0	14.844	57.085
complex.1898.pdb	0	15.791	67.678
complex.1899.pdb	0	13.088	52.078
complex.1900.pdb	0	14.537	60.447
complex.1901.pdb	0.0701754	10.572	42.055
complex.1902.pdb	0.0701754	14.088	40.671
complex.1903.pdb	0.0701754	13.733	42.755
complex.1904.pdb	0	12.994	46.096
complex.1905.pdb	0	14.910	55.939
complex.1906.pdb	0.0526316	10.059	46.726
complex.1907.pdb	0.0701754	14.288	38.954
complex.1908.pdb	0	14.153	65.461
complex.1909.pdb	0	14.181	51.701
complex.1910.pdb	0	14.925	63.977
complex.1911.pdb	0	7.123	25.262
complex.1912.pdb	0	14.237	56.615
complex.1913.pdb	0	9.939	41.944
complex.1914.pdb	0	7.672	32.196
complex.1915.pdb	0	14.097	52.418
complex.1916.pdb	0	13.444	62.148
complex.1917.pdb	0.0175439	11.080	54.420
complex.1918.pdb	0.0175439	9.842	43.251
complex.1919.pdb	0	10.402	46.680
complex.1920.pdb	0	11.987	53.173
complex.1921.pdb	0.0350877	12.084	38.996
complex.1922.pdb	0	6.210	20.444
complex.1923.pdb	0	14.479	65.579
complex.1924.pdb	0	11.682	39.342
complex.1925.pdb	0	13.874	66.686
complex.1926.pdb	0.105263	7.536	28.620
complex.1927.pdb	0	11.635	52.363
complex.1928.pdb	0	8.685	39.473
complex.1929.pdb	0.0350877	8.107	48.152
complex.1930.pdb	0	14.406	63.079
complex.1931.pdb	0	12.315	51.414
complex.1932.pdb	0	15.825	58.508
complex.1933.pdb	0	12.936	52.066
complex.1934.pdb	0	8.493	31.503
complex.1935.pdb	0.0877193	8.750	26.417
complex.1936.pdb	0	10.794	45.153
complex.1937.pdb	0	12.850	55.731
complex.1938.pdb	0.0350877	11.503	46.971
complex.1939.pdb	0.0175439	11.519	41.657
complex.1940.pdb	0	13.160	43.367
complex.1941.pdb	0	12.852	50.012
complex.1942.pdb	0	12.492	42.523
complex.1943.pdb	0.122807	12.125	35.382
complex.1944.pdb	0.0701754	13.519	40.191
complex.1945.pdb	0.0350877	13.056	50.481
complex.1946.pdb	0	13.322	43.707
complex.1947.pdb	0	15.884	69.293
complex.1948.pdb	0.0526316	8.325	22.688
complex.1949.pdb	0	14.122	60.017
complex.1950.pdb	0.0877193	11.485	33.800
complex.1951.pdb	0	12.900	51.704
complex.1952.pdb	0.0526316	10.319	32.703
complex.1953.pdb	0	15.947	64.815
complex.1954.pdb	0	14.758	56.283
complex.1955.pdb	0	13.988	64.176
complex.1956.pdb	0.192982	9.413	26.438
complex.1957.pdb	0.0175439	10.611	37.007
complex.1958.pdb	0	12.330	47.496
complex.1959.pdb	0	7.467	16.593
complex.1960.pdb	0	14.791	55.558
complex.1961.pdb	0	15.971	67.314
complex.1962.pdb	0.0701754	13.978	39.424
complex.1963.pdb	0.0175439	11.660	40.110
complex.1964.pdb	0	7.610	28.612
complex.1965.pdb	0.0526316	6.618	27.697
complex.1966.pdb	0	14.241	62.639
complex.1967.pdb	0	6.416	23.465
complex.1968.pdb	0.0526316	8.322	40.796
complex.1969.pdb	0	13.214	41.738
complex.1970.pdb	0	14.629	50.270
complex.1971.pdb	0	11.334	45.636
complex.1972.pdb	0.0701754	10.132	36.925
complex.1973.pdb	0	16.698	66.908
complex.1974.pdb	0.0350877	9.613	43.993
complex.1975.pdb	0	12.433	55.124
complex.1976.pdb	0	15.601	55.400
complex.1977.pdb	0	11.405	51.318
complex.1978.pdb	0	16.769	52.554
complex.1979.pdb	0	16.669	67.139
complex.1980.pdb	0.105263	8.450	30.310
complex.1981.pdb	0.0175439	11.848	49.009
complex.1982.pdb	0.0701754	14.342	36.881
complex.1983.pdb	0	14.704	63.969
complex.1984.pdb	0	13.968	45.161
complex.1985.pdb	0	11.748	47.045
complex.1986.pdb	0.0877193	14.822	36.997
complex.1987.pdb	0.0526316	10.004	29.293
complex.1988.pdb	0	14.022	53.445
complex.1989.pdb	0	16.075	59.455
complex.1990.pdb	0	14.997	65.329
complex.1991.pdb	0.0175439	9.135	41.855
complex.1992.pdb	0	10.442	39.134
complex.1993.pdb	0.0526316	9.524	23.866
complex.1994.pdb	0	7.405	38.129
complex.1995.pdb	0	10.546	45.443
complex.1996.pdb	0	8.459	35.709
complex.1997.pdb	0	16.298	56.711
complex.1998.pdb	0	14.704	47.597
complex.1999.pdb	0	15.393	62.158
complex.2000.pdb	0	13.679	60.655
