complex.1.pdb	0	18.071	37.845
complex.2.pdb	0	15.945	23.797
complex.3.pdb	0	16.646	29.073
complex.4.pdb	0	16.982	27.464
complex.5.pdb	0	13.249	35.503
complex.6.pdb	0	17.693	27.768
complex.7.pdb	0	9.638	22.122
complex.8.pdb	0	17.854	39.268
complex.9.pdb	0.0133333	17.773	25.086
complex.10.pdb	0	9.959	20.533
complex.11.pdb	0.0266667	13.084	38.680
complex.12.pdb	0.0266667	17.754	25.914
complex.13.pdb	0	11.904	32.406
complex.14.pdb	0	16.882	37.130
complex.15.pdb	0.133333	14.430	31.795
complex.16.pdb	0	13.937	35.289
complex.17.pdb	0	13.584	38.959
complex.18.pdb	0.04	13.303	40.119
complex.19.pdb	0.0533333	13.642	37.357
complex.20.pdb	0	18.986	40.678
complex.21.pdb	0.0266667	13.228	38.386
complex.22.pdb	0	16.485	24.007
complex.23.pdb	0.08	14.191	38.661
complex.24.pdb	0	17.396	27.218
complex.25.pdb	0	16.758	34.911
complex.26.pdb	0	18.829	40.104
complex.27.pdb	0	17.026	24.505
complex.28.pdb	0	15.116	37.084
complex.29.pdb	0.12	13.842	33.085
complex.30.pdb	0	16.698	39.652
complex.31.pdb	0.04	16.810	25.331
complex.32.pdb	0	17.890	26.160
complex.33.pdb	0	18.713	41.666
complex.34.pdb	0.0933333	13.895	34.107
complex.35.pdb	0	19.233	38.749
complex.36.pdb	0.0533333	13.560	36.182
complex.37.pdb	0.0266667	13.609	37.314
complex.38.pdb	0.0533333	10.379	33.757
complex.39.pdb	0.0533333	13.851	37.886
complex.40.pdb	0.0933333	16.335	37.159
complex.41.pdb	0.0666667	12.935	36.592
complex.42.pdb	0	13.604	29.534
complex.43.pdb	0	14.608	22.270
complex.44.pdb	0.04	14.803	42.190
complex.45.pdb	0.0266667	14.527	37.631
complex.46.pdb	0	11.175	19.468
complex.47.pdb	0	18.527	37.034
complex.48.pdb	0	18.442	37.321
complex.49.pdb	0.133333	15.636	32.083
complex.50.pdb	0	19.055	37.811
complex.51.pdb	0.04	16.410	23.534
complex.52.pdb	0	18.156	42.400
complex.53.pdb	0	11.142	24.926
complex.54.pdb	0.0266667	13.505	37.931
complex.55.pdb	0	16.971	29.293
complex.56.pdb	0.0133333	12.177	39.298
complex.57.pdb	0.0133333	15.047	44.727
complex.58.pdb	0	17.977	29.687
complex.59.pdb	0	18.213	26.908
complex.60.pdb	0	9.116	18.646
complex.61.pdb	0	17.470	25.600
complex.62.pdb	0	8.928	16.099
complex.63.pdb	0.04	14.497	36.491
complex.64.pdb	0.0266667	15.867	23.520
complex.65.pdb	0.08	14.042	36.721
complex.66.pdb	0	17.143	36.356
complex.67.pdb	0	18.553	40.297
complex.68.pdb	0	18.883	38.928
complex.69.pdb	0	15.623	31.911
complex.70.pdb	0.106667	13.942	34.616
complex.71.pdb	0	12.767	35.570
complex.72.pdb	0.12	15.767	35.135
complex.73.pdb	0.0666667	9.198	33.061
complex.74.pdb	0	8.650	28.161
complex.75.pdb	0.0933333	15.190	36.672
complex.76.pdb	0	16.503	31.717
complex.77.pdb	0	17.596	43.645
complex.78.pdb	0	17.789	38.692
complex.79.pdb	0	17.819	27.434
complex.80.pdb	0	15.320	42.710
complex.81.pdb	0.04	11.289	37.326
complex.82.pdb	0.186667	10.034	23.005
complex.83.pdb	0.0533333	13.811	37.933
complex.84.pdb	0	17.329	39.163
complex.85.pdb	0	15.557	34.565
complex.86.pdb	0	17.884	36.505
complex.87.pdb	0.08	11.683	35.941
complex.88.pdb	0.0133333	11.579	18.039
complex.89.pdb	0	18.662	41.831
complex.90.pdb	0	8.919	22.861
complex.91.pdb	0	9.888	21.786
complex.92.pdb	0	18.236	39.935
complex.93.pdb	0	18.256	38.345
complex.94.pdb	0.0533333	12.400	35.128
complex.95.pdb	0	16.547	35.058
complex.96.pdb	0	18.283	42.230
complex.97.pdb	0.16	14.493	25.958
complex.98.pdb	0.0666667	12.071	36.599
complex.99.pdb	0.0533333	11.137	33.955
complex.100.pdb	0.0133333	17.326	25.519
complex.101.pdb	0	17.173	36.760
complex.102.pdb	0	14.829	22.713
complex.103.pdb	0	17.990	26.068
complex.104.pdb	0	13.415	34.959
complex.105.pdb	0	12.690	20.390
complex.106.pdb	0	17.776	41.085
complex.107.pdb	0	17.612	28.895
complex.108.pdb	0.0133333	14.855	44.253
complex.109.pdb	0.0133333	14.471	21.604
complex.110.pdb	0.106667	11.350	29.855
complex.111.pdb	0.0533333	15.461	40.349
complex.112.pdb	0.16	12.367	33.581
complex.113.pdb	0	15.262	32.359
complex.114.pdb	0.0666667	10.683	33.054
complex.115.pdb	0	10.276	18.922
complex.116.pdb	0	16.648	33.693
complex.117.pdb	0.08	9.849	32.402
complex.118.pdb	0.0133333	9.108	14.435
complex.119.pdb	0.0266667	11.079	18.400
complex.120.pdb	0	15.163	44.136
complex.121.pdb	0	13.927	36.653
complex.122.pdb	0.0533333	13.717	37.344
complex.123.pdb	0.146667	13.697	34.212
complex.124.pdb	0	15.156	37.894
complex.125.pdb	0.04	11.121	37.109
complex.126.pdb	0.0533333	13.868	34.591
complex.127.pdb	0.586667	1.670	4.375
complex.128.pdb	0.0933333	10.246	31.549
complex.129.pdb	0.08	13.103	36.218
complex.130.pdb	0.0533333	11.291	37.346
complex.131.pdb	0.0666667	17.324	41.434
complex.132.pdb	0	18.167	39.381
complex.133.pdb	0	17.031	25.320
complex.134.pdb	0	15.801	31.971
complex.135.pdb	0.0266667	11.682	35.112
complex.136.pdb	0	12.840	39.011
complex.137.pdb	0	17.327	39.384
complex.138.pdb	0	14.403	31.885
complex.139.pdb	0	10.220	25.135
complex.140.pdb	0	13.847	36.615
complex.141.pdb	0	13.629	37.249
complex.142.pdb	0	17.809	38.068
complex.143.pdb	0.16	10.895	28.415
complex.144.pdb	0	17.697	39.338
complex.145.pdb	0	17.323	33.718
complex.146.pdb	0.0666667	11.346	35.122
complex.147.pdb	0	18.112	37.355
complex.148.pdb	0.04	13.875	21.736
complex.149.pdb	0	9.542	28.332
complex.150.pdb	0	17.419	35.322
complex.151.pdb	0.133333	17.157	33.811
complex.152.pdb	0	9.030	27.245
complex.153.pdb	0	17.325	38.633
complex.154.pdb	0.0133333	15.994	44.850
complex.155.pdb	0.08	17.199	37.850
complex.156.pdb	0	10.928	20.389
complex.157.pdb	0.0133333	11.011	17.793
complex.158.pdb	0	18.452	42.173
complex.159.pdb	0	9.072	25.814
complex.160.pdb	0	18.055	39.667
complex.161.pdb	0	14.148	36.592
complex.162.pdb	0	17.987	35.429
complex.163.pdb	0.0266667	11.735	37.970
complex.164.pdb	0.04	14.276	34.412
complex.165.pdb	0	19.349	39.360
complex.166.pdb	0	16.688	41.260
complex.167.pdb	0	10.009	16.396
complex.168.pdb	0	17.598	38.184
complex.169.pdb	0.0666667	9.646	33.215
complex.170.pdb	0.08	17.342	25.038
complex.171.pdb	0.0933333	14.863	32.703
complex.172.pdb	0.0133333	9.256	32.168
complex.173.pdb	0.0666667	11.106	36.231
complex.174.pdb	0	10.734	32.168
complex.175.pdb	0	17.098	24.799
complex.176.pdb	0	16.632	36.955
complex.177.pdb	0.0133333	14.454	44.523
complex.178.pdb	0.0666667	17.704	26.508
complex.179.pdb	0	17.663	33.986
complex.180.pdb	0	15.393	38.042
complex.181.pdb	0	19.129	42.563
complex.182.pdb	0.0933333	12.954	32.852
complex.183.pdb	0.08	10.327	30.873
complex.184.pdb	0.0266667	13.890	30.983
complex.185.pdb	0	14.150	36.599
complex.186.pdb	0.0533333	16.739	43.056
complex.187.pdb	0.106667	15.215	33.128
complex.188.pdb	0	18.738	40.086
complex.189.pdb	0.04	13.624	35.514
complex.190.pdb	0.0266667	17.224	26.781
complex.191.pdb	0	9.796	17.786
complex.192.pdb	0	17.988	38.678
complex.193.pdb	0	16.995	26.452
complex.194.pdb	0	16.174	23.642
complex.195.pdb	0	17.706	39.651
complex.196.pdb	0.0266667	12.969	38.929
complex.197.pdb	0	18.479	35.011
complex.198.pdb	0	16.438	41.328
complex.199.pdb	0	14.702	23.140
complex.200.pdb	0	11.286	18.626
complex.201.pdb	0	9.870	28.545
complex.202.pdb	0.12	11.838	32.512
complex.203.pdb	0.08	11.904	37.313
complex.204.pdb	0	18.640	34.119
complex.205.pdb	0	17.182	36.946
complex.206.pdb	0	14.695	36.854
complex.207.pdb	0.0533333	13.272	32.417
complex.208.pdb	0	17.386	24.712
complex.209.pdb	0	12.904	40.018
complex.210.pdb	0	16.421	39.992
complex.211.pdb	0	18.104	39.779
complex.212.pdb	0	14.626	21.973
complex.213.pdb	0	17.943	26.775
complex.214.pdb	0	14.078	21.853
complex.215.pdb	0	19.390	43.011
complex.216.pdb	0.0933333	12.089	38.769
complex.217.pdb	0	13.003	37.074
complex.218.pdb	0	15.926	32.876
complex.219.pdb	0	17.012	36.600
complex.220.pdb	0	14.410	22.315
complex.221.pdb	0	16.490	28.126
complex.222.pdb	0	12.897	39.637
complex.223.pdb	0	17.077	24.304
complex.224.pdb	0.133333	14.794	29.619
complex.225.pdb	0	18.994	37.002
complex.226.pdb	0	17.041	35.406
complex.227.pdb	0.106667	11.918	34.187
complex.228.pdb	0	14.280	22.229
complex.229.pdb	0.0133333	19.382	46.413
complex.230.pdb	0	14.816	23.722
complex.231.pdb	0.0133333	14.083	20.056
complex.232.pdb	0.04	11.264	37.369
complex.233.pdb	0	13.012	20.561
complex.234.pdb	0	9.663	23.582
complex.235.pdb	0	17.923	43.317
complex.236.pdb	0	13.682	35.642
complex.237.pdb	0	15.934	24.371
complex.238.pdb	0	18.407	37.507
complex.239.pdb	0.0666667	10.492	31.852
complex.240.pdb	0	16.104	28.212
complex.241.pdb	0	8.044	20.761
complex.242.pdb	0	16.322	35.981
complex.243.pdb	0	15.109	20.576
complex.244.pdb	0.106667	12.832	34.362
complex.245.pdb	0	16.724	41.435
complex.246.pdb	0	17.618	40.837
complex.247.pdb	0	9.670	26.778
complex.248.pdb	0	16.786	38.176
complex.249.pdb	0.04	16.035	23.636
complex.250.pdb	0	18.904	38.591
complex.251.pdb	0	13.878	22.743
complex.252.pdb	0	18.220	38.421
complex.253.pdb	0	16.931	33.782
complex.254.pdb	0	19.230	37.654
complex.255.pdb	0	17.250	42.805
complex.256.pdb	0	19.342	34.899
complex.257.pdb	0	14.294	21.784
complex.258.pdb	0.106667	14.822	34.808
complex.259.pdb	0	17.455	41.896
complex.260.pdb	0.0933333	9.492	28.096
complex.261.pdb	0	15.862	24.602
complex.262.pdb	0	18.763	40.628
complex.263.pdb	0.0133333	15.728	36.904
complex.264.pdb	0	14.236	35.321
complex.265.pdb	0.08	10.299	34.392
complex.266.pdb	0	17.299	25.564
complex.267.pdb	0.0533333	12.399	33.762
complex.268.pdb	0.04	16.078	40.318
complex.269.pdb	0	18.703	40.787
complex.270.pdb	0	16.470	38.492
complex.271.pdb	0.04	13.898	40.970
complex.272.pdb	0.0133333	14.251	21.954
complex.273.pdb	0	9.897	27.122
complex.274.pdb	0.0266667	15.835	23.411
complex.275.pdb	0	8.692	24.751
complex.276.pdb	0	16.853	25.796
complex.277.pdb	0.12	13.444	31.887
complex.278.pdb	0.08	17.051	41.831
complex.279.pdb	0	18.340	37.868
complex.280.pdb	0	16.386	35.309
complex.281.pdb	0	14.136	35.363
complex.282.pdb	0.0133333	17.944	43.244
complex.283.pdb	0.133333	15.146	28.343
complex.284.pdb	0	16.736	44.776
complex.285.pdb	0.0533333	11.517	35.936
complex.286.pdb	0	16.466	38.826
complex.287.pdb	0.0533333	16.348	44.040
complex.288.pdb	0	10.341	18.870
complex.289.pdb	0	17.150	37.877
complex.290.pdb	0.04	13.812	41.946
complex.291.pdb	0.0133333	14.371	37.025
complex.292.pdb	0	14.660	23.237
complex.293.pdb	0.133333	9.970	28.084
complex.294.pdb	0	9.016	28.756
complex.295.pdb	0	17.893	39.480
complex.296.pdb	0	14.176	21.194
complex.297.pdb	0	17.830	39.067
complex.298.pdb	0.08	12.165	32.975
complex.299.pdb	0	8.612	21.003
complex.300.pdb	0	13.092	18.356
complex.301.pdb	0	17.700	25.862
complex.302.pdb	0.0666667	15.250	35.108
complex.303.pdb	0.0533333	11.588	22.828
complex.304.pdb	0.04	16.025	43.603
complex.305.pdb	0.0133333	11.015	19.768
complex.306.pdb	0	10.550	26.538
complex.307.pdb	0.0133333	15.257	45.738
complex.308.pdb	0	18.275	41.630
complex.309.pdb	0	12.525	34.193
complex.310.pdb	0	16.558	36.026
complex.311.pdb	0	17.070	41.766
complex.312.pdb	0	16.976	33.893
complex.313.pdb	0	17.894	40.212
complex.314.pdb	0.0266667	12.513	19.008
complex.315.pdb	0	14.309	22.155
complex.316.pdb	0	16.968	40.294
complex.317.pdb	0	16.709	36.287
complex.318.pdb	0.04	11.308	36.288
complex.319.pdb	0.293333	7.531	20.422
complex.320.pdb	0	19.284	33.038
complex.321.pdb	0	15.620	22.940
complex.322.pdb	0.04	12.082	38.395
complex.323.pdb	0	12.882	20.500
complex.324.pdb	0	18.232	26.238
complex.325.pdb	0	14.836	33.477
complex.326.pdb	0.08	16.160	25.014
complex.327.pdb	0	14.602	39.143
complex.328.pdb	0	18.748	39.286
complex.329.pdb	0.16	16.357	33.967
complex.330.pdb	0	19.529	45.195
complex.331.pdb	0	17.516	38.116
complex.332.pdb	0	13.806	20.840
complex.333.pdb	0	13.208	29.990
complex.334.pdb	0	18.907	46.600
complex.335.pdb	0	18.006	38.916
complex.336.pdb	0	15.683	21.693
complex.337.pdb	0.08	13.725	40.161
complex.338.pdb	0.0933333	13.526	37.687
complex.339.pdb	0.0933333	12.885	34.645
complex.340.pdb	0	17.904	31.409
complex.341.pdb	0.0533333	13.119	39.797
complex.342.pdb	0.12	15.168	36.167
complex.343.pdb	0.0266667	13.697	35.771
complex.344.pdb	0.106667	15.611	35.941
complex.345.pdb	0	14.146	36.777
complex.346.pdb	0	12.966	34.454
complex.347.pdb	0	12.787	19.511
complex.348.pdb	0	18.526	37.662
complex.349.pdb	0.0666667	13.467	35.756
complex.350.pdb	0	8.620	26.410
complex.351.pdb	0.133333	11.338	29.929
complex.352.pdb	0.0133333	8.187	27.258
complex.353.pdb	0	17.536	40.992
complex.354.pdb	0.08	17.322	39.727
complex.355.pdb	0.08	10.281	30.257
complex.356.pdb	0	17.267	35.775
complex.357.pdb	0	17.875	26.629
complex.358.pdb	0	12.593	34.632
complex.359.pdb	0.0266667	15.019	43.962
complex.360.pdb	0	16.291	27.351
complex.361.pdb	0.0133333	12.888	33.021
complex.362.pdb	0	18.330	40.462
complex.363.pdb	0	16.306	35.983
complex.364.pdb	0	16.474	25.624
complex.365.pdb	0	14.637	24.204
complex.366.pdb	0	19.303	36.995
complex.367.pdb	0.0133333	17.653	25.500
complex.368.pdb	0.0933333	14.636	35.589
complex.369.pdb	0	15.788	37.950
complex.370.pdb	0.04	16.059	28.951
complex.371.pdb	0.04	14.450	39.110
complex.372.pdb	0.0133333	12.845	20.531
complex.373.pdb	0.106667	14.752	37.511
complex.374.pdb	0	15.761	33.678
complex.375.pdb	0	20.228	45.177
complex.376.pdb	0.0266667	13.900	42.575
complex.377.pdb	0	13.334	35.878
complex.378.pdb	0	16.267	24.142
complex.379.pdb	0.186667	9.305	24.131
complex.380.pdb	0	18.645	31.204
complex.381.pdb	0	18.354	41.681
complex.382.pdb	0.04	11.485	37.521
complex.383.pdb	0.0133333	16.930	24.671
complex.384.pdb	0	16.266	36.085
complex.385.pdb	0	8.831	23.622
complex.386.pdb	0	13.442	20.675
complex.387.pdb	0	14.007	21.374
complex.388.pdb	0	15.356	37.022
complex.389.pdb	0	12.702	34.326
complex.390.pdb	0	9.694	23.393
complex.391.pdb	0	13.161	38.137
complex.392.pdb	0	16.387	24.603
complex.393.pdb	0.0933333	14.834	38.770
complex.394.pdb	0	13.678	36.340
complex.395.pdb	0.0933333	9.152	31.892
complex.396.pdb	0.12	14.739	33.544
complex.397.pdb	0.0133333	18.966	43.859
complex.398.pdb	0.0933333	12.223	32.843
complex.399.pdb	0	15.728	31.884
complex.400.pdb	0	19.807	39.895
complex.401.pdb	0	17.855	40.289
complex.402.pdb	0	10.795	17.372
complex.403.pdb	0	17.892	28.465
complex.404.pdb	0	17.130	39.664
complex.405.pdb	0.186667	9.103	23.910
complex.406.pdb	0	14.335	35.158
complex.407.pdb	0.0133333	13.800	42.786
complex.408.pdb	0	13.248	37.555
complex.409.pdb	0	12.899	35.407
complex.410.pdb	0	14.155	37.845
complex.411.pdb	0	15.314	21.021
complex.412.pdb	0	15.907	22.608
complex.413.pdb	0.08	14.877	30.952
complex.414.pdb	0	16.924	34.696
complex.415.pdb	0	9.186	24.368
complex.416.pdb	0	18.053	40.562
complex.417.pdb	0.0133333	15.010	44.587
complex.418.pdb	0	14.322	21.594
complex.419.pdb	0.0266667	9.614	16.546
complex.420.pdb	0.0666667	12.865	36.711
complex.421.pdb	0.0533333	11.162	35.159
complex.422.pdb	0	20.413	45.552
complex.423.pdb	0.0666667	13.190	22.118
complex.424.pdb	0	15.070	38.955
complex.425.pdb	0	16.557	25.008
complex.426.pdb	0	17.100	25.121
complex.427.pdb	0	18.829	39.366
complex.428.pdb	0	19.413	35.086
complex.429.pdb	0	17.744	36.684
complex.430.pdb	0	13.782	20.849
complex.431.pdb	0.0133333	15.597	45.298
complex.432.pdb	0.08	17.297	42.470
complex.433.pdb	0	8.515	24.042
complex.434.pdb	0	20.440	49.592
complex.435.pdb	0	15.783	37.578
complex.436.pdb	0	17.874	38.304
complex.437.pdb	0.0533333	14.492	23.366
complex.438.pdb	0	18.633	33.607
complex.439.pdb	0	20.050	47.288
complex.440.pdb	0	18.991	42.446
complex.441.pdb	0.0266667	16.173	43.637
complex.442.pdb	0.0533333	12.448	38.982
complex.443.pdb	0	17.177	25.315
complex.444.pdb	0	17.452	36.358
complex.445.pdb	0	13.311	37.395
complex.446.pdb	0.0666667	8.538	15.069
complex.447.pdb	0.0266667	12.521	37.653
complex.448.pdb	0.0133333	18.653	43.027
complex.449.pdb	0	15.436	38.797
complex.450.pdb	0	15.740	38.047
complex.451.pdb	0	18.762	36.307
complex.452.pdb	0.0666667	11.311	36.684
complex.453.pdb	0.0133333	13.384	38.689
complex.454.pdb	0.106667	15.153	36.655
complex.455.pdb	0	18.580	26.956
complex.456.pdb	0	17.061	31.300
complex.457.pdb	0	13.167	38.359
complex.458.pdb	0.0266667	17.985	25.063
complex.459.pdb	0	17.604	40.424
complex.460.pdb	0	16.363	33.836
complex.461.pdb	0.0133333	14.295	42.794
complex.462.pdb	0	17.019	35.279
complex.463.pdb	0	14.566	36.509
complex.464.pdb	0.0133333	14.549	45.111
complex.465.pdb	0	18.095	42.595
complex.466.pdb	0	16.218	22.752
complex.467.pdb	0	19.016	42.735
complex.468.pdb	0.0266667	15.462	36.040
complex.469.pdb	0	15.849	43.323
complex.470.pdb	0.0266667	12.737	33.908
complex.471.pdb	0	16.399	32.468
complex.472.pdb	0.106667	11.927	31.854
complex.473.pdb	0.08	17.145	36.743
complex.474.pdb	0	14.934	22.673
complex.475.pdb	0.106667	13.041	32.335
complex.476.pdb	0	19.593	47.725
complex.477.pdb	0	8.604	16.991
complex.478.pdb	0.0266667	11.578	38.199
complex.479.pdb	0	18.922	42.332
complex.480.pdb	0	17.363	33.799
complex.481.pdb	0.0533333	13.375	39.832
complex.482.pdb	0	10.948	29.893
complex.483.pdb	0	17.416	33.648
complex.484.pdb	0	19.065	36.495
complex.485.pdb	0	17.239	33.172
complex.486.pdb	0	14.127	21.326
complex.487.pdb	0	13.408	34.027
complex.488.pdb	0	15.623	25.923
complex.489.pdb	0.0666667	16.525	40.089
complex.490.pdb	0.0533333	11.985	38.161
complex.491.pdb	0	18.147	37.593
complex.492.pdb	0	16.446	39.414
complex.493.pdb	0	17.803	43.353
complex.494.pdb	0.146667	14.545	29.612
complex.495.pdb	0.106667	12.431	30.504
complex.496.pdb	0	10.813	31.937
complex.497.pdb	0.0266667	12.369	36.263
complex.498.pdb	0.0133333	17.215	42.185
complex.499.pdb	0	19.231	35.453
complex.500.pdb	0	16.465	32.482
complex.501.pdb	0	14.631	42.789
complex.502.pdb	0	18.413	35.653
complex.503.pdb	0	19.329	45.710
complex.504.pdb	0.0266667	11.666	18.358
complex.505.pdb	0.0533333	11.900	35.128
complex.506.pdb	0.12	16.307	33.802
complex.507.pdb	0	14.844	38.523
complex.508.pdb	0	17.770	35.651
complex.509.pdb	0	18.299	35.259
complex.510.pdb	0	17.355	33.417
complex.511.pdb	0.0133333	12.848	29.815
complex.512.pdb	0	20.500	48.086
complex.513.pdb	0	18.987	44.284
complex.514.pdb	0.106667	12.541	36.073
complex.515.pdb	0	16.987	37.030
complex.516.pdb	0.12	5.761	12.662
complex.517.pdb	0	19.583	45.079
complex.518.pdb	0	17.338	26.064
complex.519.pdb	0	20.436	45.270
complex.520.pdb	0	16.620	38.117
complex.521.pdb	0.186667	8.841	25.742
complex.522.pdb	0.0533333	14.305	23.959
complex.523.pdb	0	20.822	45.577
complex.524.pdb	0	13.237	21.611
complex.525.pdb	0	16.950	40.457
complex.526.pdb	0.0533333	11.409	18.034
complex.527.pdb	0	17.059	38.399
complex.528.pdb	0	8.646	22.715
complex.529.pdb	0	14.418	37.525
complex.530.pdb	0	18.863	42.270
complex.531.pdb	0.0133333	20.040	43.755
complex.532.pdb	0.04	15.327	42.949
complex.533.pdb	0.0266667	14.611	42.763
complex.534.pdb	0	17.342	42.080
complex.535.pdb	0	17.908	39.675
complex.536.pdb	0	13.689	21.432
complex.537.pdb	0	16.117	32.708
complex.538.pdb	0.0533333	12.954	36.682
complex.539.pdb	0	13.214	27.939
complex.540.pdb	0	17.400	38.273
complex.541.pdb	0	16.999	25.511
complex.542.pdb	0	13.133	38.044
complex.543.pdb	0.08	11.729	33.916
complex.544.pdb	0	14.239	35.515
complex.545.pdb	0.0266667	16.241	27.875
complex.546.pdb	0	16.512	36.443
complex.547.pdb	0.0533333	16.239	22.876
complex.548.pdb	0	14.584	22.544
complex.549.pdb	0.08	9.135	31.434
complex.550.pdb	0.04	11.685	34.318
complex.551.pdb	0	13.863	39.493
complex.552.pdb	0	14.826	20.882
complex.553.pdb	0.0666667	11.035	19.162
complex.554.pdb	0.0933333	9.521	33.352
complex.555.pdb	0	15.579	37.501
complex.556.pdb	0.0533333	11.451	35.754
complex.557.pdb	0	15.634	39.643
complex.558.pdb	0.04	15.492	37.834
complex.559.pdb	0	20.428	46.799
complex.560.pdb	0.0533333	15.949	42.986
complex.561.pdb	0.0533333	17.369	43.382
complex.562.pdb	0.04	14.390	37.139
complex.563.pdb	0.0133333	15.843	45.698
complex.564.pdb	0	16.934	24.396
complex.565.pdb	0	18.694	42.054
complex.566.pdb	0	17.848	39.670
complex.567.pdb	0.0266667	14.089	36.383
complex.568.pdb	0	15.903	30.783
complex.569.pdb	0	13.235	19.858
complex.570.pdb	0.0666667	15.489	39.912
complex.571.pdb	0	15.667	30.586
complex.572.pdb	0.0133333	14.256	34.815
complex.573.pdb	0.0533333	17.265	42.719
complex.574.pdb	0.106667	10.194	29.870
complex.575.pdb	0	19.713	37.774
complex.576.pdb	0.04	14.985	43.249
complex.577.pdb	0	17.233	38.405
complex.578.pdb	0.04	11.533	37.157
complex.579.pdb	0.0533333	13.277	38.664
complex.580.pdb	0	14.960	33.737
complex.581.pdb	0.04	12.509	38.658
complex.582.pdb	0	18.781	42.788
complex.583.pdb	0	9.656	19.145
complex.584.pdb	0	14.675	41.718
complex.585.pdb	0.0933333	17.200	25.369
complex.586.pdb	0	18.458	37.341
complex.587.pdb	0	18.211	41.478
complex.588.pdb	0	17.318	37.115
complex.589.pdb	0.0133333	12.956	40.555
complex.590.pdb	0	17.930	47.376
complex.591.pdb	0.0133333	8.834	26.809
complex.592.pdb	0	17.131	34.969
complex.593.pdb	0	15.047	40.408
complex.594.pdb	0	14.203	37.210
complex.595.pdb	0.08	13.768	36.540
complex.596.pdb	0	16.814	35.879
complex.597.pdb	0	13.691	20.610
complex.598.pdb	0	15.157	38.175
complex.599.pdb	0	14.802	37.292
complex.600.pdb	0	13.469	38.031
complex.601.pdb	0.0266667	13.582	36.397
complex.602.pdb	0	12.083	39.638
complex.603.pdb	0.08	12.845	36.808
complex.604.pdb	0	15.569	26.639
complex.605.pdb	0.12	16.747	26.873
complex.606.pdb	0	15.599	26.438
complex.607.pdb	0	13.062	36.472
complex.608.pdb	0	17.138	35.725
complex.609.pdb	0	13.519	20.521
complex.610.pdb	0	14.664	23.302
complex.611.pdb	0	15.555	22.075
complex.612.pdb	0.0933333	11.797	19.119
complex.613.pdb	0.12	14.656	34.532
complex.614.pdb	0.0266667	9.499	16.949
complex.615.pdb	0	8.915	27.253
complex.616.pdb	0.0266667	14.399	25.036
complex.617.pdb	0.04	15.800	25.000
complex.618.pdb	0	17.243	36.335
complex.619.pdb	0.0133333	18.661	45.338
complex.620.pdb	0	18.335	37.233
complex.621.pdb	0.0666667	12.145	37.659
complex.622.pdb	0.0266667	15.325	25.644
complex.623.pdb	0	16.243	32.239
complex.624.pdb	0	11.914	19.032
complex.625.pdb	0	14.123	21.040
complex.626.pdb	0.106667	14.815	37.746
complex.627.pdb	0	17.228	35.495
complex.628.pdb	0	19.048	42.172
complex.629.pdb	0	14.813	23.038
complex.630.pdb	0.0533333	12.514	21.411
complex.631.pdb	0	13.916	36.544
complex.632.pdb	0	13.551	20.256
complex.633.pdb	0	17.220	39.857
complex.634.pdb	0	19.638	36.111
complex.635.pdb	0.0533333	17.123	41.559
complex.636.pdb	0.0266667	16.517	23.480
complex.637.pdb	0	16.207	35.601
complex.638.pdb	0	15.984	27.232
complex.639.pdb	0.0133333	13.534	37.313
complex.640.pdb	0	16.594	26.720
complex.641.pdb	0	11.579	36.255
complex.642.pdb	0	18.110	26.086
complex.643.pdb	0	13.686	20.474
complex.644.pdb	0	16.859	36.557
complex.645.pdb	0.04	16.242	39.283
complex.646.pdb	0	18.193	34.503
complex.647.pdb	0	16.634	30.582
complex.648.pdb	0	18.540	36.919
complex.649.pdb	0	8.969	19.953
complex.650.pdb	0.0133333	19.359	40.416
complex.651.pdb	0	16.052	31.452
complex.652.pdb	0	16.833	35.603
complex.653.pdb	0	19.483	41.911
complex.654.pdb	0.04	15.310	24.363
complex.655.pdb	0	16.525	36.758
complex.656.pdb	0	18.006	40.602
complex.657.pdb	0	14.008	21.558
complex.658.pdb	0	14.412	22.910
complex.659.pdb	0.0266667	11.011	19.810
complex.660.pdb	0	17.174	35.235
complex.661.pdb	0.106667	10.818	31.852
complex.662.pdb	0.0533333	10.826	35.307
complex.663.pdb	0.08	10.867	36.950
complex.664.pdb	0	14.877	37.994
complex.665.pdb	0	17.199	35.768
complex.666.pdb	0	18.621	39.817
complex.667.pdb	0	19.118	43.209
complex.668.pdb	0	17.425	26.353
complex.669.pdb	0	15.817	24.756
complex.670.pdb	0.0533333	15.064	38.432
complex.671.pdb	0.133333	12.505	21.439
complex.672.pdb	0	17.856	42.719
complex.673.pdb	0	17.039	34.604
complex.674.pdb	0.106667	12.808	32.466
complex.675.pdb	0	18.924	42.457
complex.676.pdb	0	19.403	48.616
complex.677.pdb	0	17.497	38.262
complex.678.pdb	0	17.145	36.747
complex.679.pdb	0	12.406	29.714
complex.680.pdb	0.08	14.670	42.333
complex.681.pdb	0	18.592	40.556
complex.682.pdb	0	13.499	22.161
complex.683.pdb	0.0266667	18.889	41.645
complex.684.pdb	0.0533333	13.943	33.672
complex.685.pdb	0	16.415	39.227
complex.686.pdb	0	15.897	43.707
complex.687.pdb	0	17.902	26.391
complex.688.pdb	0.0533333	16.472	25.889
complex.689.pdb	0	17.292	39.253
complex.690.pdb	0	18.281	36.782
complex.691.pdb	0	13.632	33.727
complex.692.pdb	0	14.277	37.978
complex.693.pdb	0	17.802	38.437
complex.694.pdb	0.0266667	15.863	41.944
complex.695.pdb	0	19.921	47.025
complex.696.pdb	0.0666667	17.145	25.425
complex.697.pdb	0	16.370	28.633
complex.698.pdb	0	11.581	20.524
complex.699.pdb	0	18.339	37.933
complex.700.pdb	0	19.938	45.014
complex.701.pdb	0.0133333	15.325	22.472
complex.702.pdb	0.0666667	11.894	33.351
complex.703.pdb	0	17.006	35.055
complex.704.pdb	0	16.713	35.525
complex.705.pdb	0	17.426	39.285
complex.706.pdb	0	16.998	38.640
complex.707.pdb	0	20.136	45.952
complex.708.pdb	0	10.097	31.436
complex.709.pdb	0	14.022	30.311
complex.710.pdb	0	19.247	42.578
complex.711.pdb	0	14.778	23.611
complex.712.pdb	0	15.450	33.640
complex.713.pdb	0	17.499	37.299
complex.714.pdb	0.0133333	12.534	40.098
complex.715.pdb	0.106667	6.221	11.950
complex.716.pdb	0	15.157	24.012
complex.717.pdb	0	16.430	26.535
complex.718.pdb	0.0266667	15.012	24.974
complex.719.pdb	0	18.760	41.663
complex.720.pdb	0.0133333	14.591	42.749
complex.721.pdb	0	15.054	41.801
complex.722.pdb	0.0266667	10.755	18.829
complex.723.pdb	0.0666667	12.829	35.559
complex.724.pdb	0	16.624	36.625
complex.725.pdb	0.0133333	14.829	37.280
complex.726.pdb	0	18.027	41.377
complex.727.pdb	0	18.186	42.716
complex.728.pdb	0	14.585	22.596
complex.729.pdb	0	20.107	43.689
complex.730.pdb	0	13.340	29.274
complex.731.pdb	0	17.915	25.749
complex.732.pdb	0.04	13.940	35.954
complex.733.pdb	0	13.976	36.447
complex.734.pdb	0	17.542	34.332
complex.735.pdb	0	19.949	45.079
complex.736.pdb	0	14.097	32.005
complex.737.pdb	0	13.681	35.282
complex.738.pdb	0.0266667	12.227	35.031
complex.739.pdb	0	16.295	32.580
complex.740.pdb	0	15.868	36.630
complex.741.pdb	0.0266667	13.747	39.238
complex.742.pdb	0	18.109	34.113
complex.743.pdb	0	15.012	24.361
complex.744.pdb	0	15.582	33.730
complex.745.pdb	0	14.355	24.053
complex.746.pdb	0	19.399	44.531
complex.747.pdb	0	13.258	35.502
complex.748.pdb	0.0133333	15.669	36.039
complex.749.pdb	0	17.127	43.148
complex.750.pdb	0	15.439	23.438
complex.751.pdb	0.253333	7.473	18.670
complex.752.pdb	0	15.318	25.003
complex.753.pdb	0	16.191	44.264
complex.754.pdb	0	17.008	26.496
complex.755.pdb	0	13.085	19.831
complex.756.pdb	0.0666667	14.478	41.631
complex.757.pdb	0.0133333	11.558	21.311
complex.758.pdb	0	12.104	30.091
complex.759.pdb	0	16.168	40.092
complex.760.pdb	0.226667	8.431	22.912
complex.761.pdb	0	16.737	33.798
complex.762.pdb	0	15.719	34.290
complex.763.pdb	0.08	16.433	41.147
complex.764.pdb	0	13.423	21.417
complex.765.pdb	0.08	12.548	34.484
complex.766.pdb	0	13.969	23.493
complex.767.pdb	0.0133333	12.238	21.032
complex.768.pdb	0.0133333	17.939	45.199
complex.769.pdb	0	13.856	39.189
complex.770.pdb	0	14.211	31.926
complex.771.pdb	0	18.921	37.137
complex.772.pdb	0.04	12.215	38.562
complex.773.pdb	0	18.810	39.695
complex.774.pdb	0	18.044	40.950
complex.775.pdb	0.0533333	13.388	35.787
complex.776.pdb	0.0133333	15.712	45.409
complex.777.pdb	0.0933333	9.233	32.273
complex.778.pdb	0.04	13.421	40.606
complex.779.pdb	0	18.922	48.195
complex.780.pdb	0.0666667	13.864	39.999
complex.781.pdb	0.0133333	15.887	38.259
complex.782.pdb	0.0266667	11.386	19.402
complex.783.pdb	0.04	12.547	39.579
complex.784.pdb	0	18.229	36.393
complex.785.pdb	0	13.158	21.204
complex.786.pdb	0	11.520	37.636
complex.787.pdb	0	15.704	41.105
complex.788.pdb	0	20.417	48.160
complex.789.pdb	0	20.098	41.311
complex.790.pdb	0.106667	10.865	30.890
complex.791.pdb	0	17.357	39.131
complex.792.pdb	0.0266667	11.557	34.990
complex.793.pdb	0	18.881	42.804
complex.794.pdb	0	16.178	39.223
complex.795.pdb	0.08	12.798	38.309
complex.796.pdb	0	18.094	32.265
complex.797.pdb	0.0133333	15.554	46.141
complex.798.pdb	0	16.351	31.374
complex.799.pdb	0	13.869	35.912
complex.800.pdb	0	20.051	47.973
complex.801.pdb	0	15.369	38.783
complex.802.pdb	0	11.572	22.911
complex.803.pdb	0.0933333	15.330	35.635
complex.804.pdb	0.0266667	16.724	41.398
complex.805.pdb	0	12.320	22.743
complex.806.pdb	0.04	14.327	36.415
complex.807.pdb	0	19.583	46.496
complex.808.pdb	0	18.946	40.748
complex.809.pdb	0	12.949	36.480
complex.810.pdb	0	11.961	18.673
complex.811.pdb	0	19.347	45.698
complex.812.pdb	0	17.883	27.228
complex.813.pdb	0	19.648	39.917
complex.814.pdb	0.0533333	13.810	35.338
complex.815.pdb	0	16.666	33.660
complex.816.pdb	0.0133333	13.840	42.536
complex.817.pdb	0	10.731	32.882
complex.818.pdb	0	17.755	35.045
complex.819.pdb	0.0133333	13.770	38.597
complex.820.pdb	0	19.939	46.401
complex.821.pdb	0	16.759	41.939
complex.822.pdb	0.0533333	10.565	35.929
complex.823.pdb	0	15.133	40.147
complex.824.pdb	0	17.261	35.951
complex.825.pdb	0.186667	14.016	32.416
complex.826.pdb	0.0266667	14.853	36.620
complex.827.pdb	0	17.809	38.651
complex.828.pdb	0	16.566	34.560
complex.829.pdb	0.106667	17.209	30.977
complex.830.pdb	0	17.585	34.702
complex.831.pdb	0	15.446	33.685
complex.832.pdb	0.0266667	17.830	44.123
complex.833.pdb	0	18.936	41.075
complex.834.pdb	0.04	15.727	39.360
complex.835.pdb	0.0933333	11.998	38.035
complex.836.pdb	0.0533333	14.512	41.083
complex.837.pdb	0.0533333	17.055	42.534
complex.838.pdb	0.0933333	14.784	37.907
complex.839.pdb	0	17.809	35.212
complex.840.pdb	0.04	16.561	43.024
complex.841.pdb	0	10.860	18.117
complex.842.pdb	0	19.285	47.531
complex.843.pdb	0	20.073	49.757
complex.844.pdb	0.0133333	14.454	36.920
complex.845.pdb	0.04	16.268	45.104
complex.846.pdb	0	15.047	24.976
complex.847.pdb	0	14.051	34.224
complex.848.pdb	0	20.046	44.926
complex.849.pdb	0	17.594	26.057
complex.850.pdb	0	19.416	36.475
complex.851.pdb	0	20.315	48.258
complex.852.pdb	0.0933333	15.149	24.416
complex.853.pdb	0	17.337	39.756
complex.854.pdb	0	17.533	38.804
complex.855.pdb	0	16.596	38.423
complex.856.pdb	0	15.104	20.529
complex.857.pdb	0.08	14.201	36.526
complex.858.pdb	0	9.770	20.305
complex.859.pdb	0.0533333	13.634	37.211
complex.860.pdb	0	18.048	34.860
complex.861.pdb	0.12	13.887	25.909
complex.862.pdb	0	18.585	38.845
complex.863.pdb	0	15.599	25.148
complex.864.pdb	0.0133333	9.014	32.236
complex.865.pdb	0	12.829	34.772
complex.866.pdb	0.0133333	17.078	46.469
complex.867.pdb	0	15.043	37.284
complex.868.pdb	0.0933333	14.848	38.122
complex.869.pdb	0	14.937	40.379
complex.870.pdb	0	14.566	26.738
complex.871.pdb	0	11.478	33.519
complex.872.pdb	0	17.312	34.243
complex.873.pdb	0	15.133	35.822
complex.874.pdb	0	13.954	39.550
complex.875.pdb	0	15.940	27.400
complex.876.pdb	0	16.892	39.592
complex.877.pdb	0	19.485	46.087
complex.878.pdb	0	17.451	33.120
complex.879.pdb	0	17.510	35.863
complex.880.pdb	0.0666667	14.122	39.713
complex.881.pdb	0.0266667	10.873	30.181
complex.882.pdb	0.0133333	14.590	44.833
complex.883.pdb	0.0266667	15.961	35.423
complex.884.pdb	0.0133333	14.944	43.798
complex.885.pdb	0.08	14.207	32.716
complex.886.pdb	0.0666667	10.946	33.737
complex.887.pdb	0	11.614	22.297
complex.888.pdb	0	16.905	38.031
complex.889.pdb	0	16.089	23.594
complex.890.pdb	0	19.414	37.170
complex.891.pdb	0	16.893	36.899
complex.892.pdb	0	19.456	44.650
complex.893.pdb	0	18.449	35.117
complex.894.pdb	0.0533333	12.896	38.060
complex.895.pdb	0	17.383	46.293
complex.896.pdb	0	17.942	41.922
complex.897.pdb	0.0133333	15.523	35.981
complex.898.pdb	0	18.195	38.600
complex.899.pdb	0	14.866	34.260
complex.900.pdb	0	16.245	29.015
complex.901.pdb	0.0266667	15.998	40.640
complex.902.pdb	0.0933333	12.433	37.067
complex.903.pdb	0	13.564	36.361
complex.904.pdb	0.186667	14.143	33.269
complex.905.pdb	0.0533333	12.843	34.703
complex.906.pdb	0.0266667	17.325	24.876
complex.907.pdb	0	15.083	24.492
complex.908.pdb	0	16.913	35.773
complex.909.pdb	0.0933333	14.228	40.580
complex.910.pdb	0	17.595	40.938
complex.911.pdb	0	15.530	33.393
complex.912.pdb	0.0133333	6.948	12.419
complex.913.pdb	0	16.301	41.105
complex.914.pdb	0.0533333	10.129	29.701
complex.915.pdb	0	16.768	34.516
complex.916.pdb	0	13.363	30.718
complex.917.pdb	0.106667	15.827	22.747
complex.918.pdb	0	19.680	35.728
complex.919.pdb	0	15.926	43.472
complex.920.pdb	0.0933333	10.918	31.859
complex.921.pdb	0.0133333	11.468	34.009
complex.922.pdb	0.12	8.085	15.876
complex.923.pdb	0	18.633	43.240
complex.924.pdb	0	17.427	38.758
complex.925.pdb	0	17.617	25.590
complex.926.pdb	0	10.176	34.191
complex.927.pdb	0	17.828	40.079
complex.928.pdb	0.0133333	17.951	42.229
complex.929.pdb	0	16.115	26.251
complex.930.pdb	0	16.168	32.752
complex.931.pdb	0	17.860	41.540
complex.932.pdb	0	11.899	34.438
complex.933.pdb	0	12.015	34.040
complex.934.pdb	0.0133333	15.050	21.017
complex.935.pdb	0.04	8.688	15.144
complex.936.pdb	0.0133333	14.870	34.118
complex.937.pdb	0	18.698	40.922
complex.938.pdb	0	18.549	40.409
complex.939.pdb	0	18.992	41.443
complex.940.pdb	0.08	9.568	28.817
complex.941.pdb	0	13.703	23.045
complex.942.pdb	0	17.891	41.535
complex.943.pdb	0.0266667	17.386	46.801
complex.944.pdb	0	17.524	39.385
complex.945.pdb	0	13.752	35.655
complex.946.pdb	0	17.565	36.226
complex.947.pdb	0	19.456	45.849
complex.948.pdb	0.0266667	12.374	36.641
complex.949.pdb	0.0666667	16.474	41.726
complex.950.pdb	0	17.172	38.744
complex.951.pdb	0	14.346	33.957
complex.952.pdb	0	16.567	22.600
complex.953.pdb	0.0133333	18.332	42.035
complex.954.pdb	0.0533333	12.969	36.271
complex.955.pdb	0	16.941	35.636
complex.956.pdb	0	14.410	33.692
complex.957.pdb	0	17.654	25.602
complex.958.pdb	0.0133333	18.618	39.417
complex.959.pdb	0	11.866	37.765
complex.960.pdb	0.0666667	11.338	35.603
complex.961.pdb	0	19.596	48.489
complex.962.pdb	0.08	13.689	37.357
complex.963.pdb	0.146667	15.898	30.026
complex.964.pdb	0	14.995	24.640
complex.965.pdb	0	14.744	22.473
complex.966.pdb	0.146667	17.662	32.671
complex.967.pdb	0	17.477	26.753
complex.968.pdb	0	16.708	36.002
complex.969.pdb	0	13.689	37.475
complex.970.pdb	0	18.010	33.584
complex.971.pdb	0	12.212	33.300
complex.972.pdb	0	16.782	34.762
complex.973.pdb	0	19.619	42.105
complex.974.pdb	0	18.875	42.819
complex.975.pdb	0.0266667	10.821	17.594
complex.976.pdb	0.133333	13.759	23.629
complex.977.pdb	0.0133333	15.199	45.506
complex.978.pdb	0	14.783	25.543
complex.979.pdb	0	17.134	34.295
complex.980.pdb	0	13.475	38.662
complex.981.pdb	0	18.542	43.522
complex.982.pdb	0.0133333	15.675	23.544
complex.983.pdb	0	17.800	38.303
complex.984.pdb	0.0533333	14.283	40.826
complex.985.pdb	0	15.489	34.627
complex.986.pdb	0	14.740	33.652
complex.987.pdb	0	19.596	40.095
complex.988.pdb	0	12.095	22.731
complex.989.pdb	0	18.061	26.444
complex.990.pdb	0	17.957	41.406
complex.991.pdb	0	16.795	33.028
complex.992.pdb	0	9.581	28.256
complex.993.pdb	0	20.303	44.842
complex.994.pdb	0.04	6.376	11.243
complex.995.pdb	0.0133333	9.097	23.196
complex.996.pdb	0	18.958	40.485
complex.997.pdb	0.0133333	12.316	29.983
complex.998.pdb	0	16.365	40.597
complex.999.pdb	0	19.766	42.837
complex.1000.pdb	0	13.760	38.395
complex.1001.pdb	0	17.295	41.229
complex.1002.pdb	0	19.364	44.868
complex.1003.pdb	0	20.284	47.049
complex.1004.pdb	0.0666667	11.815	33.909
complex.1005.pdb	0.0133333	14.133	41.666
complex.1006.pdb	0.0266667	12.072	20.768
complex.1007.pdb	0	15.899	32.347
complex.1008.pdb	0	14.782	27.921
complex.1009.pdb	0	17.258	37.571
complex.1010.pdb	0	11.876	32.471
complex.1011.pdb	0	17.583	39.509
complex.1012.pdb	0	15.608	30.193
complex.1013.pdb	0	16.099	39.789
complex.1014.pdb	0	13.593	37.659
complex.1015.pdb	0	19.511	46.328
complex.1016.pdb	0.0266667	14.703	33.062
complex.1017.pdb	0	14.667	24.603
complex.1018.pdb	0	13.944	22.618
complex.1019.pdb	0	14.386	22.330
complex.1020.pdb	0.04	15.688	24.714
complex.1021.pdb	0	18.287	40.809
complex.1022.pdb	0	13.490	35.937
complex.1023.pdb	0	19.156	40.880
complex.1024.pdb	0	17.891	35.879
complex.1025.pdb	0.04	17.013	42.891
complex.1026.pdb	0	14.916	38.492
complex.1027.pdb	0	15.026	37.948
complex.1028.pdb	0.226667	9.850	26.412
complex.1029.pdb	0.0133333	8.998	33.181
complex.1030.pdb	0.0533333	16.851	40.793
complex.1031.pdb	0	18.414	32.870
complex.1032.pdb	0.0666667	16.098	25.483
complex.1033.pdb	0	19.498	38.662
complex.1034.pdb	0.0533333	16.282	43.146
complex.1035.pdb	0	16.881	26.261
complex.1036.pdb	0	19.321	45.019
complex.1037.pdb	0	18.275	44.102
complex.1038.pdb	0.0133333	13.162	39.630
complex.1039.pdb	0.04	18.065	42.937
complex.1040.pdb	0.08	15.054	29.574
complex.1041.pdb	0.0133333	15.561	44.514
complex.1042.pdb	0.106667	12.783	36.884
complex.1043.pdb	0.0133333	9.425	15.219
complex.1044.pdb	0	17.807	39.602
complex.1045.pdb	0.133333	14.969	26.655
complex.1046.pdb	0	13.575	35.454
complex.1047.pdb	0.0666667	13.401	39.186
complex.1048.pdb	0	14.433	21.517
complex.1049.pdb	0.0266667	17.134	45.158
complex.1050.pdb	0	10.291	19.338
complex.1051.pdb	0	13.348	19.809
complex.1052.pdb	0.0133333	19.789	44.293
complex.1053.pdb	0	13.958	22.103
complex.1054.pdb	0.12	13.694	29.178
complex.1055.pdb	0	10.864	31.451
complex.1056.pdb	0	13.551	33.246
complex.1057.pdb	0	10.551	32.727
complex.1058.pdb	0	14.679	40.229
complex.1059.pdb	0	18.220	36.757
complex.1060.pdb	0	17.023	25.473
complex.1061.pdb	0	16.738	32.601
complex.1062.pdb	0	13.574	32.522
complex.1063.pdb	0	19.416	40.210
complex.1064.pdb	0	18.731	48.592
complex.1065.pdb	0.0266667	15.176	42.434
complex.1066.pdb	0.0133333	16.400	44.997
complex.1067.pdb	0	16.681	32.381
complex.1068.pdb	0	17.924	40.186
complex.1069.pdb	0	18.350	42.620
complex.1070.pdb	0.04	13.140	35.702
complex.1071.pdb	0.0266667	12.879	35.358
complex.1072.pdb	0.04	10.517	37.066
complex.1073.pdb	0.0133333	15.863	37.796
complex.1074.pdb	0	12.674	36.254
complex.1075.pdb	0.0533333	16.758	41.678
complex.1076.pdb	0	17.901	41.970
complex.1077.pdb	0	17.607	37.615
complex.1078.pdb	0.0133333	12.732	39.704
complex.1079.pdb	0.0133333	12.757	39.664
complex.1080.pdb	0.0266667	17.473	24.229
complex.1081.pdb	0	19.514	43.871
complex.1082.pdb	0.12	10.013	24.875
complex.1083.pdb	0	19.545	47.116
complex.1084.pdb	0	15.550	44.510
complex.1085.pdb	0	13.320	36.483
complex.1086.pdb	0	19.148	40.356
complex.1087.pdb	0	9.272	16.354
complex.1088.pdb	0	10.312	37.053
complex.1089.pdb	0	14.901	34.665
complex.1090.pdb	0.0266667	15.398	23.548
complex.1091.pdb	0	17.740	36.907
complex.1092.pdb	0	13.517	31.547
complex.1093.pdb	0	13.053	20.281
complex.1094.pdb	0	9.356	25.127
complex.1095.pdb	0	10.049	30.299
complex.1096.pdb	0.04	7.210	12.641
complex.1097.pdb	0.0133333	15.629	40.290
complex.1098.pdb	0.0133333	11.063	34.744
complex.1099.pdb	0.0133333	11.768	41.466
complex.1100.pdb	0.0533333	14.951	39.327
complex.1101.pdb	0.0266667	13.998	24.022
complex.1102.pdb	0	14.570	36.229
complex.1103.pdb	0.0666667	14.415	35.530
complex.1104.pdb	0.0533333	15.513	42.344
complex.1105.pdb	0.0266667	18.114	24.724
complex.1106.pdb	0.0133333	17.847	44.386
complex.1107.pdb	0.0133333	11.716	19.536
complex.1108.pdb	0.0533333	16.039	40.320
complex.1109.pdb	0.0133333	15.422	43.987
complex.1110.pdb	0.04	14.171	38.098
complex.1111.pdb	0	13.910	38.863
complex.1112.pdb	0.0266667	16.305	36.631
complex.1113.pdb	0	15.898	39.186
complex.1114.pdb	0	16.033	31.019
complex.1115.pdb	0	17.240	25.729
complex.1116.pdb	0	13.842	34.914
complex.1117.pdb	0.0133333	12.624	20.783
complex.1118.pdb	0	8.516	17.098
complex.1119.pdb	0.04	12.504	38.181
complex.1120.pdb	0	17.968	25.932
complex.1121.pdb	0	15.564	31.786
complex.1122.pdb	0	17.998	42.391
complex.1123.pdb	0	15.187	37.469
complex.1124.pdb	0	16.551	28.690
complex.1125.pdb	0.0133333	10.196	30.394
complex.1126.pdb	0	12.356	18.119
complex.1127.pdb	0	16.082	43.706
complex.1128.pdb	0	13.361	41.760
complex.1129.pdb	0	20.716	44.258
complex.1130.pdb	0.0533333	11.837	32.939
complex.1131.pdb	0	16.579	34.809
complex.1132.pdb	0	10.412	15.603
complex.1133.pdb	0	15.254	39.224
complex.1134.pdb	0	12.915	40.680
complex.1135.pdb	0	18.517	41.652
complex.1136.pdb	0.0133333	12.045	28.066
complex.1137.pdb	0.0133333	10.595	17.548
complex.1138.pdb	0.0133333	17.897	42.439
complex.1139.pdb	0	17.495	40.922
complex.1140.pdb	0.0266667	13.472	40.443
complex.1141.pdb	0	19.007	40.536
complex.1142.pdb	0	14.372	22.453
complex.1143.pdb	0	19.750	49.799
complex.1144.pdb	0	19.053	40.651
complex.1145.pdb	0	16.699	25.042
complex.1146.pdb	0	14.913	37.287
complex.1147.pdb	0	12.059	32.736
complex.1148.pdb	0	10.257	35.302
complex.1149.pdb	0	19.500	40.011
complex.1150.pdb	0	13.653	42.060
complex.1151.pdb	0	17.373	40.595
complex.1152.pdb	0	11.749	20.192
complex.1153.pdb	0	13.664	36.278
complex.1154.pdb	0	17.828	27.590
complex.1155.pdb	0	14.454	38.088
complex.1156.pdb	0	19.714	43.804
complex.1157.pdb	0	19.306	44.186
complex.1158.pdb	0	15.628	22.667
complex.1159.pdb	0	19.300	49.137
complex.1160.pdb	0.0133333	15.267	38.893
complex.1161.pdb	0	15.430	28.208
complex.1162.pdb	0	15.248	38.090
complex.1163.pdb	0	17.956	33.328
complex.1164.pdb	0.04	14.116	38.026
complex.1165.pdb	0	17.052	34.558
complex.1166.pdb	0.0133333	14.848	34.632
complex.1167.pdb	0	15.044	39.517
complex.1168.pdb	0	16.614	35.309
complex.1169.pdb	0	15.195	23.567
complex.1170.pdb	0	20.411	47.366
complex.1171.pdb	0	18.891	42.027
complex.1172.pdb	0	15.425	42.344
complex.1173.pdb	0	17.153	35.831
complex.1174.pdb	0.0266667	15.469	38.976
complex.1175.pdb	0.0533333	13.498	36.753
complex.1176.pdb	0	19.607	39.799
complex.1177.pdb	0	17.702	35.892
complex.1178.pdb	0	17.663	37.890
complex.1179.pdb	0	14.906	37.827
complex.1180.pdb	0	18.728	32.389
complex.1181.pdb	0	15.886	34.669
complex.1182.pdb	0	16.226	33.800
complex.1183.pdb	0.04	13.946	40.049
complex.1184.pdb	0.08	11.987	32.233
complex.1185.pdb	0	16.847	25.841
complex.1186.pdb	0.0266667	13.324	40.340
complex.1187.pdb	0.0133333	12.005	42.003
complex.1188.pdb	0	17.036	39.984
complex.1189.pdb	0	16.866	36.737
complex.1190.pdb	0	18.873	36.457
complex.1191.pdb	0.133333	6.385	13.207
complex.1192.pdb	0.0133333	18.059	24.258
complex.1193.pdb	0	18.061	44.430
complex.1194.pdb	0.0266667	13.948	23.145
complex.1195.pdb	0	15.576	33.248
complex.1196.pdb	0.0933333	15.593	26.357
complex.1197.pdb	0.0933333	12.546	35.195
complex.1198.pdb	0	20.931	47.015
complex.1199.pdb	0	17.438	32.746
complex.1200.pdb	0	18.168	44.248
complex.1201.pdb	0.0133333	14.794	37.736
complex.1202.pdb	0.0133333	14.933	37.887
complex.1203.pdb	0	18.454	40.226
complex.1204.pdb	0.0266667	17.336	39.820
complex.1205.pdb	0.0133333	12.929	37.580
complex.1206.pdb	0.04	15.981	23.481
complex.1207.pdb	0.0666667	13.702	25.027
complex.1208.pdb	0	17.727	39.698
complex.1209.pdb	0	14.897	30.285
complex.1210.pdb	0.0266667	15.272	37.177
complex.1211.pdb	0	18.267	40.818
complex.1212.pdb	0.04	12.778	21.734
complex.1213.pdb	0	16.346	33.936
complex.1214.pdb	0.0133333	14.524	36.050
complex.1215.pdb	0	15.350	36.734
complex.1216.pdb	0	16.738	45.137
complex.1217.pdb	0	17.351	41.277
complex.1218.pdb	0.0133333	12.813	36.238
complex.1219.pdb	0	18.378	37.206
complex.1220.pdb	0.133333	11.351	26.834
complex.1221.pdb	0	9.380	17.251
complex.1222.pdb	0	15.808	23.520
complex.1223.pdb	0	18.646	41.904
complex.1224.pdb	0	17.155	39.989
complex.1225.pdb	0	16.212	33.835
complex.1226.pdb	0	14.371	36.192
complex.1227.pdb	0.04	12.092	38.926
complex.1228.pdb	0.0533333	13.593	37.682
complex.1229.pdb	0	16.177	23.979
complex.1230.pdb	0.0533333	16.727	42.235
complex.1231.pdb	0	17.382	36.239
complex.1232.pdb	0	17.816	26.609
complex.1233.pdb	0	12.747	37.542
complex.1234.pdb	0.12	14.774	23.500
complex.1235.pdb	0	17.927	43.994
complex.1236.pdb	0	21.657	44.274
complex.1237.pdb	0.0933333	11.819	34.659
complex.1238.pdb	0	15.722	23.358
complex.1239.pdb	0	17.108	37.121
complex.1240.pdb	0	12.259	21.625
complex.1241.pdb	0.08	13.113	39.335
complex.1242.pdb	0	18.316	38.487
complex.1243.pdb	0.0133333	14.322	30.603
complex.1244.pdb	0	17.377	33.752
complex.1245.pdb	0.0133333	8.845	24.369
complex.1246.pdb	0.04	13.585	39.641
complex.1247.pdb	0	18.649	39.223
complex.1248.pdb	0.0933333	16.524	26.498
complex.1249.pdb	0	18.335	39.896
complex.1250.pdb	0.04	10.571	34.704
complex.1251.pdb	0	18.927	38.119
complex.1252.pdb	0	20.048	48.322
complex.1253.pdb	0	20.427	40.194
complex.1254.pdb	0.12	12.810	36.229
complex.1255.pdb	0	16.049	32.521
complex.1256.pdb	0	16.912	35.825
complex.1257.pdb	0.133333	10.152	26.598
complex.1258.pdb	0.0266667	17.603	43.527
complex.1259.pdb	0	19.007	42.847
complex.1260.pdb	0.186667	13.774	34.570
complex.1261.pdb	0.0133333	18.493	42.157
complex.1262.pdb	0	20.621	48.847
complex.1263.pdb	0	15.547	27.490
complex.1264.pdb	0.04	12.594	39.522
complex.1265.pdb	0.04	16.264	23.809
complex.1266.pdb	0.0666667	16.488	26.305
complex.1267.pdb	0	16.274	27.263
complex.1268.pdb	0	12.059	31.927
complex.1269.pdb	0.0133333	18.573	42.942
complex.1270.pdb	0	15.600	24.873
complex.1271.pdb	0	21.064	46.220
complex.1272.pdb	0	15.620	26.147
complex.1273.pdb	0	19.517	44.881
complex.1274.pdb	0.0666667	12.670	35.525
complex.1275.pdb	0	16.347	38.378
complex.1276.pdb	0	18.951	39.107
complex.1277.pdb	0	17.987	39.175
complex.1278.pdb	0	12.997	39.178
complex.1279.pdb	0	13.156	19.556
complex.1280.pdb	0	17.253	42.497
complex.1281.pdb	0	19.768	45.186
complex.1282.pdb	0	15.651	43.536
complex.1283.pdb	0.0533333	13.738	31.881
complex.1284.pdb	0	14.404	39.597
complex.1285.pdb	0	15.883	40.304
complex.1286.pdb	0.0533333	14.646	24.035
complex.1287.pdb	0	15.902	21.423
complex.1288.pdb	0	15.877	37.331
complex.1289.pdb	0	20.179	46.425
complex.1290.pdb	0.0133333	15.329	35.032
complex.1291.pdb	0	16.588	35.423
complex.1292.pdb	0.0533333	17.363	23.454
complex.1293.pdb	0.0266667	11.570	34.286
complex.1294.pdb	0	12.201	29.789
complex.1295.pdb	0	10.898	18.211
complex.1296.pdb	0	14.145	21.927
complex.1297.pdb	0	16.034	34.047
complex.1298.pdb	0	15.906	27.397
complex.1299.pdb	0	16.757	39.997
complex.1300.pdb	0	18.792	40.261
complex.1301.pdb	0.04	15.055	43.413
complex.1302.pdb	0	18.916	48.991
complex.1303.pdb	0	13.694	33.671
complex.1304.pdb	0	8.542	23.278
complex.1305.pdb	0.0133333	11.180	33.501
complex.1306.pdb	0	15.497	26.004
complex.1307.pdb	0	18.399	36.266
complex.1308.pdb	0.0133333	15.791	45.987
complex.1309.pdb	0	13.670	21.792
complex.1310.pdb	0.04	9.569	16.524
complex.1311.pdb	0	16.309	35.296
complex.1312.pdb	0	16.087	29.843
complex.1313.pdb	0	16.862	25.867
complex.1314.pdb	0.0266667	17.654	42.468
complex.1315.pdb	0	17.569	38.315
complex.1316.pdb	0	16.636	37.313
complex.1317.pdb	0	10.145	17.637
complex.1318.pdb	0	17.855	40.369
complex.1319.pdb	0.0933333	10.575	29.320
complex.1320.pdb	0	17.093	39.923
complex.1321.pdb	0.0533333	14.749	36.342
complex.1322.pdb	0	17.226	36.865
complex.1323.pdb	0.0133333	12.447	30.770
complex.1324.pdb	0	13.059	33.931
complex.1325.pdb	0	13.947	23.206
complex.1326.pdb	0	18.184	42.607
complex.1327.pdb	0	12.034	18.006
complex.1328.pdb	0	18.591	33.663
complex.1329.pdb	0	15.509	37.867
complex.1330.pdb	0	15.786	33.695
complex.1331.pdb	0.04	16.700	23.388
complex.1332.pdb	0	20.626	46.828
complex.1333.pdb	0.0666667	15.705	24.794
complex.1334.pdb	0	18.541	42.528
complex.1335.pdb	0.0933333	10.742	33.376
complex.1336.pdb	0	14.537	37.224
complex.1337.pdb	0	16.321	43.416
complex.1338.pdb	0.0533333	16.643	25.722
complex.1339.pdb	0	12.499	19.990
complex.1340.pdb	0	10.687	30.611
complex.1341.pdb	0	13.657	31.385
complex.1342.pdb	0	17.390	35.333
complex.1343.pdb	0	13.926	21.884
complex.1344.pdb	0	7.040	15.923
complex.1345.pdb	0	14.232	37.664
complex.1346.pdb	0.12	14.594	33.189
complex.1347.pdb	0	19.036	38.023
complex.1348.pdb	0	18.487	38.764
complex.1349.pdb	0	16.757	36.723
complex.1350.pdb	0	13.055	39.318
complex.1351.pdb	0	16.060	21.900
complex.1352.pdb	0.0133333	9.628	34.436
complex.1353.pdb	0	20.798	43.302
complex.1354.pdb	0.08	9.673	19.819
complex.1355.pdb	0	15.473	38.660
complex.1356.pdb	0	12.213	35.695
complex.1357.pdb	0	14.449	34.778
complex.1358.pdb	0	17.564	40.938
complex.1359.pdb	0	19.202	44.511
complex.1360.pdb	0	17.618	36.964
complex.1361.pdb	0.106667	15.235	25.279
complex.1362.pdb	0.04	12.076	20.181
complex.1363.pdb	0.08	14.203	38.517
complex.1364.pdb	0	17.503	37.418
complex.1365.pdb	0	18.664	26.800
complex.1366.pdb	0	12.530	39.453
complex.1367.pdb	0	13.612	37.215
complex.1368.pdb	0	15.364	41.279
complex.1369.pdb	0	17.241	33.621
complex.1370.pdb	0.0266667	15.328	43.878
complex.1371.pdb	0	16.044	34.790
complex.1372.pdb	0	15.292	36.813
complex.1373.pdb	0	19.334	45.858
complex.1374.pdb	0	16.013	34.013
complex.1375.pdb	0	18.047	36.086
complex.1376.pdb	0.0133333	14.802	37.003
complex.1377.pdb	0.08	11.410	35.624
complex.1378.pdb	0	12.217	36.056
complex.1379.pdb	0	18.858	37.182
complex.1380.pdb	0	11.499	32.362
complex.1381.pdb	0	13.379	36.668
complex.1382.pdb	0.0666667	11.343	34.576
complex.1383.pdb	0	15.329	33.418
complex.1384.pdb	0.506667	2.469	4.867
complex.1385.pdb	0	15.371	37.762
complex.1386.pdb	0	18.728	40.349
complex.1387.pdb	0.0666667	11.711	35.337
complex.1388.pdb	0.106667	9.642	17.592
complex.1389.pdb	0	18.013	40.996
complex.1390.pdb	0	9.429	17.547
complex.1391.pdb	0	13.301	20.065
complex.1392.pdb	0.0266667	13.242	30.678
complex.1393.pdb	0	16.862	35.913
complex.1394.pdb	0.0266667	16.161	45.740
complex.1395.pdb	0	15.938	32.028
complex.1396.pdb	0	17.451	41.781
complex.1397.pdb	0	17.928	38.381
complex.1398.pdb	0	17.660	38.242
complex.1399.pdb	0	9.842	15.930
complex.1400.pdb	0	18.943	41.942
complex.1401.pdb	0	13.300	20.981
complex.1402.pdb	0.133333	12.576	35.292
complex.1403.pdb	0	17.524	42.097
complex.1404.pdb	0.12	16.269	35.797
complex.1405.pdb	0	13.362	37.148
complex.1406.pdb	0	18.291	44.388
complex.1407.pdb	0	12.111	32.560
complex.1408.pdb	0	18.254	39.061
complex.1409.pdb	0	14.390	34.949
complex.1410.pdb	0	17.024	25.013
complex.1411.pdb	0.0266667	14.996	36.172
complex.1412.pdb	0	16.334	24.059
complex.1413.pdb	0	19.326	43.981
complex.1414.pdb	0.133333	11.983	28.305
complex.1415.pdb	0	13.742	36.040
complex.1416.pdb	0.0133333	12.037	31.892
complex.1417.pdb	0	14.493	37.340
complex.1418.pdb	0	20.626	45.388
complex.1419.pdb	0	13.887	32.755
complex.1420.pdb	0.0666667	14.664	37.174
complex.1421.pdb	0.0666667	13.228	38.386
complex.1422.pdb	0	17.807	42.646
complex.1423.pdb	0	16.052	31.531
complex.1424.pdb	0	16.607	23.167
complex.1425.pdb	0	15.039	37.782
complex.1426.pdb	0	15.550	23.712
complex.1427.pdb	0	14.420	23.426
complex.1428.pdb	0	17.897	41.635
complex.1429.pdb	0	9.928	33.070
complex.1430.pdb	0.0933333	13.700	36.713
complex.1431.pdb	0	15.185	25.976
complex.1432.pdb	0.0133333	13.467	37.278
complex.1433.pdb	0.0266667	10.174	34.955
complex.1434.pdb	0	12.967	19.522
complex.1435.pdb	0	18.482	39.557
complex.1436.pdb	0	20.982	45.448
complex.1437.pdb	0.08	13.877	40.814
complex.1438.pdb	0.04	16.141	26.131
complex.1439.pdb	0	11.904	36.717
complex.1440.pdb	0	16.284	32.314
complex.1441.pdb	0	14.555	32.432
complex.1442.pdb	0	15.722	37.678
complex.1443.pdb	0.106667	15.982	24.817
complex.1444.pdb	0.04	18.764	43.067
complex.1445.pdb	0	11.836	19.083
complex.1446.pdb	0	16.019	40.023
complex.1447.pdb	0	16.877	31.845
complex.1448.pdb	0.0133333	14.817	42.768
complex.1449.pdb	0	17.165	36.141
complex.1450.pdb	0.146667	15.381	31.840
complex.1451.pdb	0	12.614	34.515
complex.1452.pdb	0	17.397	39.344
complex.1453.pdb	0	20.298	46.280
complex.1454.pdb	0	16.147	25.023
complex.1455.pdb	0.0933333	15.948	35.008
complex.1456.pdb	0	13.441	20.485
complex.1457.pdb	0	17.774	34.134
complex.1458.pdb	0.0133333	10.657	31.477
complex.1459.pdb	0	20.419	43.857
complex.1460.pdb	0	14.213	21.895
complex.1461.pdb	0.0133333	13.502	34.150
complex.1462.pdb	0.0666667	14.912	36.928
complex.1463.pdb	0	14.611	21.737
complex.1464.pdb	0	18.187	42.734
complex.1465.pdb	0.0266667	10.776	33.388
complex.1466.pdb	0	19.714	45.309
complex.1467.pdb	0.08	10.143	20.163
complex.1468.pdb	0	13.156	19.417
complex.1469.pdb	0	11.058	30.743
complex.1470.pdb	0.0133333	16.858	24.003
complex.1471.pdb	0	18.331	43.736
complex.1472.pdb	0	9.421	26.561
complex.1473.pdb	0	19.763	41.920
complex.1474.pdb	0	20.390	44.033
complex.1475.pdb	0	16.555	38.795
complex.1476.pdb	0.133333	12.262	29.504
complex.1477.pdb	0	11.050	34.455
complex.1478.pdb	0	11.636	19.794
complex.1479.pdb	0	20.694	42.805
complex.1480.pdb	0.0133333	14.803	32.994
complex.1481.pdb	0	12.193	17.706
complex.1482.pdb	0	15.560	37.405
complex.1483.pdb	0.0533333	13.217	41.229
complex.1484.pdb	0	15.562	36.211
complex.1485.pdb	0	11.049	16.358
complex.1486.pdb	0	18.097	33.528
complex.1487.pdb	0	19.392	41.539
complex.1488.pdb	0.0266667	16.232	43.256
complex.1489.pdb	0	13.898	40.496
complex.1490.pdb	0	13.252	41.633
complex.1491.pdb	0	20.230	49.327
complex.1492.pdb	0	20.185	48.272
complex.1493.pdb	0	16.551	41.319
complex.1494.pdb	0.0133333	17.688	42.275
complex.1495.pdb	0.0933333	8.079	24.645
complex.1496.pdb	0	19.850	45.739
complex.1497.pdb	0.0533333	11.542	37.495
complex.1498.pdb	0	9.101	14.897
complex.1499.pdb	0.0266667	12.147	36.026
complex.1500.pdb	0	17.692	39.056
complex.1501.pdb	0	18.160	42.779
complex.1502.pdb	0	13.350	19.281
complex.1503.pdb	0	16.044	35.536
complex.1504.pdb	0	16.492	26.390
complex.1505.pdb	0	18.856	36.164
complex.1506.pdb	0	17.983	38.647
complex.1507.pdb	0	16.172	37.756
complex.1508.pdb	0.0666667	12.903	21.476
complex.1509.pdb	0	18.600	36.649
complex.1510.pdb	0	8.394	18.312
complex.1511.pdb	0.0266667	15.770	36.866
complex.1512.pdb	0	17.488	27.450
complex.1513.pdb	0	16.053	40.193
complex.1514.pdb	0	12.853	34.479
complex.1515.pdb	0.04	12.838	38.218
complex.1516.pdb	0.08	13.138	21.030
complex.1517.pdb	0	12.309	34.554
complex.1518.pdb	0	18.129	37.856
complex.1519.pdb	0	14.786	33.217
complex.1520.pdb	0	16.558	37.031
complex.1521.pdb	0	12.841	39.183
complex.1522.pdb	0	11.561	19.744
complex.1523.pdb	0	19.070	47.700
complex.1524.pdb	0	17.780	35.842
complex.1525.pdb	0	14.144	38.474
complex.1526.pdb	0	15.153	38.877
complex.1527.pdb	0.0933333	8.760	26.997
complex.1528.pdb	0	21.282	45.757
complex.1529.pdb	0	19.633	41.556
complex.1530.pdb	0	13.396	37.642
complex.1531.pdb	0	12.299	41.393
complex.1532.pdb	0.0133333	18.390	42.115
complex.1533.pdb	0.106667	11.808	29.081
complex.1534.pdb	0	13.144	29.593
complex.1535.pdb	0	13.422	37.707
complex.1536.pdb	0	15.703	27.287
complex.1537.pdb	0.266667	7.448	19.766
complex.1538.pdb	0	14.428	22.572
complex.1539.pdb	0.04	15.803	39.267
complex.1540.pdb	0	12.620	19.162
complex.1541.pdb	0	15.150	38.025
complex.1542.pdb	0	16.731	27.965
complex.1543.pdb	0.12	10.775	28.777
complex.1544.pdb	0	18.056	37.921
complex.1545.pdb	0	13.454	31.443
complex.1546.pdb	0.0266667	14.755	35.432
complex.1547.pdb	0	19.318	32.506
complex.1548.pdb	0	21.052	47.014
complex.1549.pdb	0.0533333	12.656	20.426
complex.1550.pdb	0	16.017	40.127
complex.1551.pdb	0	17.182	28.106
complex.1552.pdb	0	13.681	19.150
complex.1553.pdb	0	13.754	33.240
complex.1554.pdb	0	14.753	36.908
complex.1555.pdb	0	14.093	41.438
complex.1556.pdb	0	15.892	24.192
complex.1557.pdb	0	15.895	34.626
complex.1558.pdb	0.08	16.391	41.799
complex.1559.pdb	0	15.990	25.910
complex.1560.pdb	0.0533333	15.762	24.090
complex.1561.pdb	0.04	10.833	20.262
complex.1562.pdb	0.0133333	14.693	44.173
complex.1563.pdb	0	12.736	39.813
complex.1564.pdb	0.0133333	17.220	42.957
complex.1565.pdb	0	19.408	44.719
complex.1566.pdb	0	19.020	37.568
complex.1567.pdb	0	19.302	41.958
complex.1568.pdb	0	18.633	39.002
complex.1569.pdb	0	9.957	28.886
complex.1570.pdb	0	16.085	23.493
complex.1571.pdb	0	19.748	49.037
complex.1572.pdb	0	16.785	37.683
complex.1573.pdb	0	13.185	19.645
complex.1574.pdb	0.04	13.836	21.816
complex.1575.pdb	0	16.497	39.829
complex.1576.pdb	0.12	14.757	37.987
complex.1577.pdb	0.0266667	15.278	41.360
complex.1578.pdb	0.0533333	10.983	22.480
complex.1579.pdb	0	16.510	39.553
complex.1580.pdb	0	16.200	37.411
complex.1581.pdb	0	17.347	44.058
complex.1582.pdb	0	17.269	29.288
complex.1583.pdb	0	20.131	40.996
complex.1584.pdb	0.0266667	7.707	13.407
complex.1585.pdb	0	13.898	32.158
complex.1586.pdb	0.146667	8.547	23.062
complex.1587.pdb	0.0666667	16.834	23.233
complex.1588.pdb	0	19.211	43.999
complex.1589.pdb	0.32	5.948	15.615
complex.1590.pdb	0	14.487	40.826
complex.1591.pdb	0	18.065	36.718
complex.1592.pdb	0	14.952	43.541
complex.1593.pdb	0.0133333	14.078	20.111
complex.1594.pdb	0.133333	9.043	24.834
complex.1595.pdb	0.04	13.308	38.119
complex.1596.pdb	0	16.117	38.564
complex.1597.pdb	0.0133333	12.703	31.144
complex.1598.pdb	0	17.299	42.137
complex.1599.pdb	0	19.693	47.534
complex.1600.pdb	0.0266667	18.115	43.084
complex.1601.pdb	0	19.986	41.420
complex.1602.pdb	0.0666667	13.341	38.509
complex.1603.pdb	0.0533333	12.336	35.214
complex.1604.pdb	0	20.814	44.228
complex.1605.pdb	0	14.559	37.093
complex.1606.pdb	0	9.365	21.580
complex.1607.pdb	0.0266667	18.053	40.707
complex.1608.pdb	0	18.400	35.201
complex.1609.pdb	0	13.466	39.381
complex.1610.pdb	0	10.100	18.710
complex.1611.pdb	0	15.912	35.870
complex.1612.pdb	0	13.633	36.133
complex.1613.pdb	0	19.122	44.279
complex.1614.pdb	0.12	10.411	32.809
complex.1615.pdb	0.0533333	11.150	32.601
complex.1616.pdb	0	19.321	34.212
complex.1617.pdb	0	19.153	40.916
complex.1618.pdb	0	17.439	37.312
complex.1619.pdb	0	18.312	45.820
complex.1620.pdb	0	18.255	44.969
complex.1621.pdb	0	17.360	43.449
complex.1622.pdb	0.0133333	17.536	40.885
complex.1623.pdb	0	18.238	44.390
complex.1624.pdb	0.0666667	15.359	25.721
complex.1625.pdb	0.04	13.806	42.142
complex.1626.pdb	0	13.169	19.139
complex.1627.pdb	0.0133333	15.700	39.698
complex.1628.pdb	0.08	13.455	36.191
complex.1629.pdb	0	16.669	35.011
complex.1630.pdb	0	17.034	25.637
complex.1631.pdb	0.0266667	14.140	38.657
complex.1632.pdb	0	15.712	25.826
complex.1633.pdb	0	16.608	38.652
complex.1634.pdb	0	13.704	37.179
complex.1635.pdb	0	19.045	39.724
complex.1636.pdb	0	19.297	39.613
complex.1637.pdb	0	18.135	40.085
complex.1638.pdb	0	14.175	27.421
complex.1639.pdb	0	18.774	37.003
complex.1640.pdb	0	18.299	43.103
complex.1641.pdb	0.0533333	10.497	34.881
complex.1642.pdb	0	19.305	41.759
complex.1643.pdb	0.0133333	15.019	33.418
complex.1644.pdb	0.0133333	17.957	41.462
complex.1645.pdb	0	16.060	28.564
complex.1646.pdb	0	16.083	28.108
complex.1647.pdb	0	17.800	42.605
complex.1648.pdb	0	14.442	37.965
complex.1649.pdb	0	14.315	34.882
complex.1650.pdb	0	19.129	40.668
complex.1651.pdb	0	18.296	41.270
complex.1652.pdb	0	17.399	37.856
complex.1653.pdb	0	19.549	37.096
complex.1654.pdb	0.16	16.585	31.824
complex.1655.pdb	0	14.164	30.376
complex.1656.pdb	0	15.291	23.028
complex.1657.pdb	0	18.117	38.289
complex.1658.pdb	0.0533333	13.247	34.240
complex.1659.pdb	0	16.697	26.225
complex.1660.pdb	0	13.309	35.989
complex.1661.pdb	0	11.334	19.261
complex.1662.pdb	0	15.604	35.406
complex.1663.pdb	0	16.357	36.556
complex.1664.pdb	0.0533333	14.042	39.424
complex.1665.pdb	0	20.300	49.144
complex.1666.pdb	0.0666667	9.261	33.624
complex.1667.pdb	0	16.417	34.058
complex.1668.pdb	0	16.863	34.522
complex.1669.pdb	0	12.897	32.739
complex.1670.pdb	0	20.930	47.453
complex.1671.pdb	0.08	16.060	40.967
complex.1672.pdb	0	17.354	38.379
complex.1673.pdb	0	13.121	39.073
complex.1674.pdb	0	19.110	34.756
complex.1675.pdb	0.0933333	15.227	24.082
complex.1676.pdb	0	20.132	40.644
complex.1677.pdb	0	18.720	38.977
complex.1678.pdb	0	14.422	38.763
complex.1679.pdb	0	15.828	38.244
complex.1680.pdb	0	10.914	17.336
complex.1681.pdb	0	16.052	30.201
complex.1682.pdb	0	11.363	35.447
complex.1683.pdb	0	15.896	35.891
complex.1684.pdb	0.0533333	13.650	40.933
complex.1685.pdb	0.04	16.124	37.624
complex.1686.pdb	0	15.928	29.802
complex.1687.pdb	0	14.313	20.413
complex.1688.pdb	0	20.504	48.796
complex.1689.pdb	0	18.095	39.324
complex.1690.pdb	0.0533333	9.785	30.281
complex.1691.pdb	0	14.800	38.686
complex.1692.pdb	0.0266667	12.890	38.337
complex.1693.pdb	0	15.267	37.298
complex.1694.pdb	0	20.951	42.042
complex.1695.pdb	0	17.265	42.275
complex.1696.pdb	0	18.346	47.030
complex.1697.pdb	0.106667	10.711	30.867
complex.1698.pdb	0	19.634	44.703
complex.1699.pdb	0.0266667	16.649	42.184
complex.1700.pdb	0.08	7.284	12.321
complex.1701.pdb	0	16.100	34.360
complex.1702.pdb	0	16.919	40.512
complex.1703.pdb	0	13.474	19.287
complex.1704.pdb	0	14.971	38.591
complex.1705.pdb	0	16.805	41.862
complex.1706.pdb	0	16.665	43.997
complex.1707.pdb	0	15.497	38.470
complex.1708.pdb	0	16.478	39.434
complex.1709.pdb	0	16.807	26.783
complex.1710.pdb	0	18.225	40.158
complex.1711.pdb	0	14.268	36.535
complex.1712.pdb	0.08	10.441	36.010
complex.1713.pdb	0	18.801	43.694
complex.1714.pdb	0	19.070	48.519
complex.1715.pdb	0.0133333	15.469	37.088
complex.1716.pdb	0	19.011	45.117
complex.1717.pdb	0	17.427	34.966
complex.1718.pdb	0.0533333	16.328	24.976
complex.1719.pdb	0	18.582	38.249
complex.1720.pdb	0.0666667	13.581	36.396
complex.1721.pdb	0	11.799	36.043
complex.1722.pdb	0	17.076	35.775
complex.1723.pdb	0	18.998	42.749
complex.1724.pdb	0.146667	13.393	28.947
complex.1725.pdb	0.0133333	19.220	45.262
complex.1726.pdb	0	16.750	38.721
complex.1727.pdb	0	19.687	43.144
complex.1728.pdb	0	16.824	37.973
complex.1729.pdb	0	13.599	39.258
complex.1730.pdb	0.0133333	20.559	45.261
complex.1731.pdb	0	14.307	34.362
complex.1732.pdb	0	14.113	22.198
complex.1733.pdb	0	15.023	37.703
complex.1734.pdb	0	11.143	18.362
complex.1735.pdb	0	20.440	41.384
complex.1736.pdb	0	18.555	42.498
complex.1737.pdb	0.0266667	7.283	16.511
complex.1738.pdb	0.0133333	19.385	42.107
complex.1739.pdb	0	14.562	26.228
complex.1740.pdb	0	19.154	40.800
complex.1741.pdb	0	18.667	43.004
complex.1742.pdb	0	10.824	32.978
complex.1743.pdb	0	15.786	33.522
complex.1744.pdb	0	15.170	32.371
complex.1745.pdb	0	15.941	34.778
complex.1746.pdb	0.04	16.108	38.933
complex.1747.pdb	0	20.360	48.842
complex.1748.pdb	0	16.681	36.625
complex.1749.pdb	0	12.966	38.273
complex.1750.pdb	0.0133333	12.011	34.721
complex.1751.pdb	0	17.213	36.564
complex.1752.pdb	0.0133333	19.277	45.035
complex.1753.pdb	0	16.707	28.262
complex.1754.pdb	0.0266667	10.972	32.965
complex.1755.pdb	0	19.099	35.730
complex.1756.pdb	0.0266667	16.988	25.600
complex.1757.pdb	0	11.249	31.276
complex.1758.pdb	0	19.881	44.501
complex.1759.pdb	0.0933333	15.317	37.452
complex.1760.pdb	0	18.192	26.413
complex.1761.pdb	0	16.781	32.383
complex.1762.pdb	0	8.578	15.344
complex.1763.pdb	0.0533333	13.417	23.295
complex.1764.pdb	0	13.483	30.496
complex.1765.pdb	0	16.439	35.765
complex.1766.pdb	0	13.095	33.435
complex.1767.pdb	0.0133333	18.429	43.559
complex.1768.pdb	0	19.413	37.414
complex.1769.pdb	0	13.434	22.850
complex.1770.pdb	0.08	10.198	35.041
complex.1771.pdb	0	16.227	28.209
complex.1772.pdb	0	15.717	42.673
complex.1773.pdb	0.0533333	15.226	38.919
complex.1774.pdb	0	16.255	36.322
complex.1775.pdb	0.0666667	16.657	24.203
complex.1776.pdb	0	15.258	43.237
complex.1777.pdb	0	10.511	18.494
complex.1778.pdb	0	19.563	42.532
complex.1779.pdb	0	15.138	34.238
complex.1780.pdb	0.0266667	15.208	23.353
complex.1781.pdb	0	14.780	22.672
complex.1782.pdb	0	18.223	27.789
complex.1783.pdb	0	12.020	34.607
complex.1784.pdb	0	17.408	37.362
complex.1785.pdb	0.04	12.650	35.022
complex.1786.pdb	0	19.011	34.666
complex.1787.pdb	0	16.562	34.685
complex.1788.pdb	0	19.121	36.517
complex.1789.pdb	0	15.510	32.858
complex.1790.pdb	0	18.066	42.201
complex.1791.pdb	0	13.135	20.417
complex.1792.pdb	0	8.830	28.287
complex.1793.pdb	0	15.599	39.745
complex.1794.pdb	0	16.489	32.485
complex.1795.pdb	0	13.516	19.949
complex.1796.pdb	0	18.699	40.776
complex.1797.pdb	0	14.226	37.270
complex.1798.pdb	0	18.763	44.188
complex.1799.pdb	0	13.451	19.973
complex.1800.pdb	0.0533333	14.799	40.467
complex.1801.pdb	0.0533333	12.354	36.430
complex.1802.pdb	0	8.970	29.163
complex.1803.pdb	0	15.594	36.579
complex.1804.pdb	0	19.624	40.002
complex.1805.pdb	0	19.784	39.596
complex.1806.pdb	0	15.121	38.378
complex.1807.pdb	0	15.940	39.857
complex.1808.pdb	0.0933333	12.095	32.596
complex.1809.pdb	0.04	7.315	14.894
complex.1810.pdb	0	10.717	17.063
complex.1811.pdb	0	16.206	40.319
complex.1812.pdb	0	12.792	37.537
complex.1813.pdb	0.0266667	10.307	28.398
complex.1814.pdb	0	16.339	31.324
complex.1815.pdb	0	15.469	37.567
complex.1816.pdb	0	13.798	32.237
complex.1817.pdb	0	17.313	41.223
complex.1818.pdb	0	17.719	45.710
complex.1819.pdb	0	13.557	20.747
complex.1820.pdb	0	14.881	22.965
complex.1821.pdb	0	14.506	23.979
complex.1822.pdb	0	16.211	39.164
complex.1823.pdb	0	12.268	42.343
complex.1824.pdb	0.0533333	14.113	40.160
complex.1825.pdb	0.0533333	14.601	34.679
complex.1826.pdb	0.0533333	17.743	42.045
complex.1827.pdb	0.0266667	15.607	45.507
complex.1828.pdb	0.04	16.227	33.107
complex.1829.pdb	0	18.633	45.419
complex.1830.pdb	0.0133333	18.572	43.833
complex.1831.pdb	0.0266667	17.135	24.410
complex.1832.pdb	0	15.943	27.805
complex.1833.pdb	0	11.007	38.872
complex.1834.pdb	0	14.236	41.212
complex.1835.pdb	0.0666667	13.790	37.217
complex.1836.pdb	0	18.664	37.930
complex.1837.pdb	0.08	13.289	34.382
complex.1838.pdb	0	17.969	44.804
complex.1839.pdb	0	13.577	37.504
complex.1840.pdb	0.0666667	6.380	13.442
complex.1841.pdb	0	16.059	42.638
complex.1842.pdb	0	17.220	35.048
complex.1843.pdb	0	19.351	36.981
complex.1844.pdb	0	10.935	16.274
complex.1845.pdb	0	13.004	20.270
complex.1846.pdb	0	12.424	42.027
complex.1847.pdb	0	14.457	23.967
complex.1848.pdb	0	18.907	45.051
complex.1849.pdb	0	9.097	20.179
complex.1850.pdb	0.0266667	12.299	24.870
complex.1851.pdb	0	16.385	35.471
complex.1852.pdb	0	17.334	38.204
complex.1853.pdb	0.0133333	11.271	36.437
complex.1854.pdb	0	17.734	42.260
complex.1855.pdb	0	12.996	23.063
complex.1856.pdb	0	16.375	32.956
complex.1857.pdb	0	19.429	45.484
complex.1858.pdb	0	14.963	37.140
complex.1859.pdb	0.04	15.992	37.289
complex.1860.pdb	0	18.316	36.581
complex.1861.pdb	0	14.423	21.025
complex.1862.pdb	0	19.189	44.932
complex.1863.pdb	0.0666667	16.980	26.786
complex.1864.pdb	0	17.853	38.943
complex.1865.pdb	0	17.639	37.746
complex.1866.pdb	0	18.619	42.841
complex.1867.pdb	0	14.826	23.073
complex.1868.pdb	0	16.513	40.449
complex.1869.pdb	0	17.605	37.303
complex.1870.pdb	0	16.753	42.317
complex.1871.pdb	0	18.639	43.547
complex.1872.pdb	0.0266667	8.992	16.436
complex.1873.pdb	0	19.386	45.927
complex.1874.pdb	0	15.873	40.136
complex.1875.pdb	0	17.405	39.695
complex.1876.pdb	0	17.911	40.254
complex.1877.pdb	0	11.224	37.503
complex.1878.pdb	0.0533333	12.545	34.966
complex.1879.pdb	0	18.064	36.366
complex.1880.pdb	0.106667	12.402	33.387
complex.1881.pdb	0	16.195	27.040
complex.1882.pdb	0	9.896	26.460
complex.1883.pdb	0	19.025	46.846
complex.1884.pdb	0.16	9.067	25.470
complex.1885.pdb	0	11.867	31.417
complex.1886.pdb	0	17.739	38.235
complex.1887.pdb	0.0933333	10.229	35.238
complex.1888.pdb	0	19.677	47.522
complex.1889.pdb	0	17.340	42.179
complex.1890.pdb	0.0266667	10.718	18.365
complex.1891.pdb	0	16.501	34.038
complex.1892.pdb	0.0266667	14.222	37.910
complex.1893.pdb	0.0133333	14.853	44.632
complex.1894.pdb	0	16.133	42.745
complex.1895.pdb	0	17.687	38.129
complex.1896.pdb	0	13.031	19.686
complex.1897.pdb	0	18.262	42.067
complex.1898.pdb	0	20.798	48.078
complex.1899.pdb	0	17.965	40.276
complex.1900.pdb	0.0933333	13.232	37.018
complex.1901.pdb	0	9.358	29.535
complex.1902.pdb	0	14.479	36.045
complex.1903.pdb	0	17.337	36.849
complex.1904.pdb	0.0533333	10.202	35.778
complex.1905.pdb	0	14.980	38.501
complex.1906.pdb	0	17.171	36.547
complex.1907.pdb	0	17.812	35.925
complex.1908.pdb	0	15.014	22.916
complex.1909.pdb	0	7.569	14.473
complex.1910.pdb	0	15.292	38.353
complex.1911.pdb	0	19.838	39.943
complex.1912.pdb	0	12.397	36.101
complex.1913.pdb	0	15.713	37.635
complex.1914.pdb	0	9.011	14.814
complex.1915.pdb	0.0533333	12.618	36.228
complex.1916.pdb	0	15.799	38.827
complex.1917.pdb	0	15.395	25.524
complex.1918.pdb	0.0133333	15.296	46.102
complex.1919.pdb	0.04	10.471	19.003
complex.1920.pdb	0	18.691	43.028
complex.1921.pdb	0	18.605	37.343
complex.1922.pdb	0	21.356	46.520
complex.1923.pdb	0.0666667	16.315	28.719
complex.1924.pdb	0	15.067	42.909
complex.1925.pdb	0	17.768	37.732
complex.1926.pdb	0.0133333	11.918	33.955
complex.1927.pdb	0	13.555	34.096
complex.1928.pdb	0	13.789	35.155
complex.1929.pdb	0	13.211	36.552
complex.1930.pdb	0	16.321	41.126
complex.1931.pdb	0	15.369	23.514
complex.1932.pdb	0	13.019	19.763
complex.1933.pdb	0	19.525	36.858
complex.1934.pdb	0.133333	8.389	24.196
complex.1935.pdb	0	20.707	47.115
complex.1936.pdb	0	15.146	37.692
complex.1937.pdb	0.04	13.753	30.832
complex.1938.pdb	0	15.845	31.909
complex.1939.pdb	0.0133333	18.240	43.011
complex.1940.pdb	0	14.224	43.682
complex.1941.pdb	0	16.252	26.760
complex.1942.pdb	0	16.680	34.563
complex.1943.pdb	0	17.505	35.865
complex.1944.pdb	0	18.340	39.211
complex.1945.pdb	0	19.076	42.285
complex.1946.pdb	0.0266667	15.013	26.647
complex.1947.pdb	0	17.938	40.105
complex.1948.pdb	0	13.551	37.823
complex.1949.pdb	0	16.567	43.617
complex.1950.pdb	0	20.901	48.068
complex.1951.pdb	0	18.388	39.256
complex.1952.pdb	0.0533333	16.793	43.371
complex.1953.pdb	0	15.996	25.093
complex.1954.pdb	0.0266667	17.978	43.106
complex.1955.pdb	0.0133333	16.738	34.739
complex.1956.pdb	0	19.441	39.863
complex.1957.pdb	0	17.160	39.124
complex.1958.pdb	0	13.599	39.476
complex.1959.pdb	0	18.265	36.070
complex.1960.pdb	0.0533333	11.484	20.648
complex.1961.pdb	0	16.940	34.062
complex.1962.pdb	0.0533333	15.862	42.425
complex.1963.pdb	0	18.301	41.770
complex.1964.pdb	0	14.202	37.707
complex.1965.pdb	0.306667	5.187	12.311
complex.1966.pdb	0	19.029	48.065
complex.1967.pdb	0.0133333	19.114	45.998
complex.1968.pdb	0	20.716	41.899
complex.1969.pdb	0.0133333	19.351	44.858
complex.1970.pdb	0	17.767	37.388
complex.1971.pdb	0	14.097	36.455
complex.1972.pdb	0.0533333	18.123	42.099
complex.1973.pdb	0	16.364	36.355
complex.1974.pdb	0	17.122	41.866
complex.1975.pdb	0	13.131	31.207
complex.1976.pdb	0	18.107	36.311
complex.1977.pdb	0.0266667	13.995	30.052
complex.1978.pdb	0	11.056	37.204
complex.1979.pdb	0	16.417	33.266
complex.1980.pdb	0	13.654	38.275
complex.1981.pdb	0	13.972	20.505
complex.1982.pdb	0.0266667	15.252	43.057
complex.1983.pdb	0	17.085	34.822
complex.1984.pdb	0.0666667	16.441	41.693
complex.1985.pdb	0	15.581	39.537
complex.1986.pdb	0	13.114	41.140
complex.1987.pdb	0	15.723	29.818
complex.1988.pdb	0	13.949	21.431
complex.1989.pdb	0	10.107	18.521
complex.1990.pdb	0	16.598	39.264
complex.1991.pdb	0	17.940	40.296
complex.1992.pdb	0	14.287	20.227
complex.1993.pdb	0.0133333	12.050	21.378
complex.1994.pdb	0	20.459	48.992
complex.1995.pdb	0	17.754	40.458
complex.1996.pdb	0	20.565	41.229
complex.1997.pdb	0.0266667	15.550	28.348
complex.1998.pdb	0.04	17.120	25.555
complex.1999.pdb	0	14.247	37.091
complex.2000.pdb	0	14.020	36.173
