swarm_10_109.pdb	0	22.368	70.51	49.624
swarm_113_191.pdb	0	14.475	41.057	47.947
swarm_16_109.pdb	0	16.849	59.382	44.095
swarm_39_131.pdb	0	14.795	55.532	42.845
swarm_87_114.pdb	0	22.686	54.329	41.731
swarm_92_50.pdb	0	22.391	36.748	41.236
swarm_6_118.pdb	0	21.949	73.717	41.100
swarm_16_121.pdb	0	15.022	62.999	40.806
swarm_3_197.pdb	0	14.601	47.488	40.506
swarm_95_7.pdb	0	21.831	72.326	40.179
swarm_65_26.pdb	0	27.83	48.56	40.006
swarm_71_28.pdb	0	13.46	53.044	39.905
swarm_8_47.pdb	0	18.442	64.981	39.798
swarm_60_191.pdb	0	19.772	52.383	39.307
swarm_74_73.pdb	0	25.535	38.193	39.105
swarm_67_44.pdb	0	15.451	59.711	38.612
swarm_67_49.pdb	0.189189	5.166	36.873	38.493
swarm_2_159.pdb	0	12.029	65.772	37.958
swarm_48_109.pdb	0	19.15	57.743	37.852
swarm_48_136.pdb	0	37.214	63.302	37.754
swarm_19_97.pdb	0.0135135	18.844	61.674	37.555
swarm_6_84.pdb	0	22.056	75.43	37.135
swarm_12_31.pdb	0	24.27	58.524	37.048
swarm_79_9.pdb	0	23.836	57.816	36.963
swarm_9_89.pdb	0	18.787	55.177	36.903
swarm_110_83.pdb	0	36.298	72.223	36.584
swarm_9_62.pdb	0	14.602	41.699	36.464
swarm_101_43.pdb	0	17.724	54.976	36.462
swarm_98_110.pdb	0	16.672	55.024	36.245
swarm_9_12.pdb	0	13.618	45.759	36.003
swarm_103_186.pdb	0	22.121	36.244	35.909
swarm_8_40.pdb	0	17.639	65.371	35.749
swarm_43_180.pdb	0	12.344	47.198	35.685
swarm_91_32.pdb	0	19.903	46.779	35.650
swarm_22_11.pdb	0	18.217	49.52	35.637
swarm_103_24.pdb	0	24.589	37.786	35.357
swarm_5_51.pdb	0	15.483	54.479	35.003
swarm_65_70.pdb	0	22.432	36.199	34.829
swarm_4_94.pdb	0	26.342	44.149	34.670
swarm_88_74.pdb	0	23.094	39.848	34.669
swarm_48_127.pdb	0	23.762	39.457	34.625
swarm_108_97.pdb	0	15.554	42.41	34.622
swarm_100_161.pdb	0	14.104	55.25	34.566
swarm_48_92.pdb	0	14.53	54.573	34.478
swarm_10_130.pdb	0	21.103	69.958	34.354
swarm_106_81.pdb	0	29.012	68.662	34.265
swarm_52_103.pdb	0	21.848	50.549	34.210
swarm_80_141.pdb	0	26.195	75.032	34.022
swarm_76_114.pdb	0	16.295	40.916	33.962
swarm_10_129.pdb	0	24.239	69.229	33.953
swarm_109_176.pdb	0	13.64	44.54	33.847
swarm_60_23.pdb	0	19.186	46.04	33.586
swarm_7_184.pdb	0	23.171	46.315	33.581
swarm_12_98.pdb	0	14.68	51.183	33.538
swarm_61_39.pdb	0	14.546	46.116	33.517
swarm_109_161.pdb	0	14.514	49.158	33.511
swarm_101_48.pdb	0	14.151	43.406	33.487
swarm_95_138.pdb	0	27.786	70.084	33.476
swarm_58_115.pdb	0	19.881	44.474	33.451
swarm_19_16.pdb	0	21.85	63.485	33.306
swarm_16_188.pdb	0	20.449	68.258	33.297
swarm_81_146.pdb	0	10.621	46.82	33.260
swarm_88_158.pdb	0	21.871	37.018	33.189
swarm_35_34.pdb	0	21.017	53.235	33.140
swarm_14_138.pdb	0	19.987	66.976	33.135
swarm_15_32.pdb	0	16.6	55.643	33.105
swarm_5_170.pdb	0	27.139	71.869	33.050
swarm_113_30.pdb	0	24.499	57.621	33.032
swarm_10_86.pdb	0	12.275	69.318	32.918
swarm_25_118.pdb	0	24.182	45.921	32.915
swarm_59_139.pdb	0	22.301	34.668	32.897
swarm_35_133.pdb	0	23.086	61.891	32.822
swarm_67_118.pdb	0	36.37	68.356	32.809
swarm_60_105.pdb	0	33.471	54.763	32.792
swarm_80_16.pdb	0	15.782	70.383	32.727
swarm_2_102.pdb	0	24.395	77.484	32.725
swarm_49_11.pdb	0	22.731	44.607	32.704
swarm_83_81.pdb	0	13.509	47.145	32.567
swarm_98_198.pdb	0	20.301	43.827	32.564
swarm_115_186.pdb	0	22.927	39.744	32.561
swarm_21_134.pdb	0	11.9	51.526	32.483
swarm_114_51.pdb	0	22.29	40.982	32.359
swarm_87_190.pdb	0	26.119	45.12	32.241
swarm_16_82.pdb	0	21.439	62.314	32.150
swarm_97_7.pdb	0	14.063	58.143	32.122
swarm_37_98.pdb	0.0675676	10.232	43.283	32.036
swarm_108_99.pdb	0	23.446	33.948	31.806
swarm_10_169.pdb	0	30.291	75.256	31.771
swarm_95_73.pdb	0	32.943	81.054	31.760
swarm_69_121.pdb	0	17.591	53.406	31.706
swarm_31_180.pdb	0	35.706	71.975	31.669
swarm_92_30.pdb	0	18.908	40.986	31.642
swarm_47_145.pdb	0	23.791	66.248	31.642
swarm_63_130.pdb	0	15.881	56.638	31.638
swarm_101_142.pdb	0.027027	16.292	52.116	31.598
swarm_89_35.pdb	0	23.468	42.002	31.585
swarm_71_168.pdb	0.027027	5.599	28.832	31.554
swarm_37_88.pdb	0	33.898	51.877	31.507
swarm_38_135.pdb	0.121622	11.198	44.681	31.382
swarm_46_130.pdb	0	20.741	54.586	31.323
swarm_63_123.pdb	0	23.723	57.566	31.275
swarm_6_43.pdb	0	40.407	75.076	31.150
swarm_69_20.pdb	0	23.105	37.706	31.145
swarm_60_184.pdb	0	31.467	58.831	31.130
swarm_51_49.pdb	0	15.385	49.894	31.109
swarm_95_93.pdb	0	19.784	61.963	31.039
swarm_104_152.pdb	0	18.29	46.691	30.985
swarm_95_127.pdb	0	27.225	74.857	30.923
swarm_92_85.pdb	0	23.935	47.744	30.904
swarm_48_160.pdb	0	31.586	62.198	30.886
swarm_42_74.pdb	0	27.867	73.385	30.885
swarm_47_41.pdb	0	23.099	64.972	30.881
swarm_40_64.pdb	0	17.079	46.67	30.865
swarm_44_58.pdb	0	13.001	46.548	30.606
swarm_71_105.pdb	0	32.752	53.275	30.549
swarm_4_197.pdb	0	14.973	46.911	30.547
swarm_114_73.pdb	0	25.473	36.274	30.507
swarm_113_135.pdb	0	18.819	56.723	30.461
swarm_14_61.pdb	0	29.142	68.727	30.394
swarm_49_170.pdb	0	18.9	44.782	30.267
swarm_3_171.pdb	0	26.973	61.518	30.059
swarm_104_128.pdb	0	22.122	39.368	29.942
swarm_110_9.pdb	0	20.106	53.019	29.936
swarm_40_146.pdb	0	24.154	43.351	29.928
swarm_110_72.pdb	0	26.637	58.563	29.892
swarm_80_199.pdb	0	25.228	64.021	29.830
swarm_42_69.pdb	0	26.676	82.903	29.830
swarm_84_6.pdb	0	19.08	61.143	29.814
swarm_7_92.pdb	0	35.456	55.162	29.785
swarm_75_149.pdb	0	17.475	37.677	29.746
swarm_74_96.pdb	0	35.046	59.245	29.746
swarm_5_79.pdb	0	18.601	58.073	29.737
swarm_75_17.pdb	0	20.061	52.005	29.714
swarm_4_150.pdb	0	17.879	47.005	29.656
swarm_59_43.pdb	0	20.369	36.376	29.640
swarm_68_37.pdb	0	24.162	49.621	29.600
swarm_82_153.pdb	0	17.022	51.982	29.590
swarm_51_146.pdb	0	12.799	42.665	29.562
swarm_45_19.pdb	0	17.854	48.044	29.506
swarm_31_102.pdb	0	23.194	69.313	29.496
swarm_99_177.pdb	0	20.075	54.969	29.450
swarm_51_54.pdb	0	20.941	48.841	29.448
swarm_8_16.pdb	0	16.161	59.372	29.420
swarm_94_44.pdb	0	11.408	53.539	29.395
swarm_79_100.pdb	0	25.387	60.707	29.387
swarm_72_114.pdb	0	16.305	49.852	29.381
swarm_14_30.pdb	0	22.616	64.949	29.333
swarm_64_157.pdb	0	13.641	47.481	29.317
swarm_100_62.pdb	0	6.294	43.272	29.305
swarm_26_82.pdb	0	22.308	51.412	29.291
swarm_20_126.pdb	0	36.3	50.714	29.273
swarm_29_8.pdb	0	17.574	79.58	29.259
swarm_109_113.pdb	0	16.949	53.82	29.221
swarm_48_65.pdb	0	24.334	50.044	29.144
swarm_93_188.pdb	0	25.7	59.92	29.132
swarm_20_42.pdb	0	19.339	52.46	29.118
swarm_91_51.pdb	0	24.452	35.344	29.107
swarm_45_63.pdb	0	28.238	48.803	29.105
swarm_48_20.pdb	0	19.781	40.928	29.012
swarm_48_12.pdb	0	18.676	55.901	28.932
swarm_47_30.pdb	0	23.954	65.209	28.846
swarm_99_94.pdb	0	17.884	54.35	28.845
swarm_84_74.pdb	0	35.362	61.415	28.794
swarm_109_152.pdb	0	16.755	54.293	28.775
swarm_47_187.pdb	0	23.985	65.022	28.772
swarm_53_188.pdb	0	23.145	49.725	28.744
swarm_25_90.pdb	0	17.634	48.855	28.732
swarm_106_19.pdb	0	22.264	73.391	28.707
swarm_69_85.pdb	0	16.66	46.765	28.696
swarm_96_102.pdb	0	21.164	39.047	28.686
swarm_24_24.pdb	0	24.386	71.612	28.640
swarm_53_72.pdb	0	20.191	42.367	28.636
swarm_29_81.pdb	0	36.627	80.083	28.599
swarm_82_89.pdb	0	32.903	54.268	28.550
swarm_19_3.pdb	0	22.196	55.465	28.536
swarm_72_159.pdb	0	11.608	45.642	28.503
swarm_18_85.pdb	0.0135135	16.662	50.51	28.503
swarm_59_129.pdb	0	18.712	40.028	28.434
swarm_63_58.pdb	0	32.173	68.023	28.408
swarm_37_91.pdb	0	17.971	44.022	28.371
swarm_111_30.pdb	0	23.262	65.27	28.322
swarm_33_3.pdb	0	17.56	41.584	28.290
swarm_15_141.pdb	0	20.787	57.365	28.257
swarm_14_36.pdb	0	25.184	59.247	28.255
swarm_115_59.pdb	0	19.548	48.254	28.242
swarm_56_144.pdb	0	16.456	44.189	28.235
swarm_110_191.pdb	0	21.471	61.67	28.228
swarm_105_199.pdb	0	24.212	71.646	28.169
swarm_95_21.pdb	0	28.04	69.051	28.157
swarm_66_41.pdb	0	20.997	45.278	28.149
swarm_29_61.pdb	0	24.715	73.414	28.126
swarm_102_110.pdb	0	25.226	40.683	28.093
swarm_87_177.pdb	0	23.4	59.666	28.080
swarm_32_189.pdb	0.0405405	15.825	45.979	28.054
swarm_32_198.pdb	0	18.361	53.459	28.039
swarm_30_113.pdb	0	23.106	46.569	28.030
swarm_111_59.pdb	0	27.492	64.501	28.030
swarm_66_171.pdb	0	29.093	59.78	28.019
swarm_104_100.pdb	0	25.943	45.509	27.989
swarm_101_35.pdb	0	30.137	46.552	27.972
swarm_19_78.pdb	0	24.543	55.472	27.944
swarm_91_5.pdb	0	21.997	52.295	27.881
swarm_55_175.pdb	0	26.857	50.489	27.798
swarm_34_174.pdb	0	20.879	47.295	27.767
swarm_3_130.pdb	0	25.151	58.525	27.755
swarm_84_25.pdb	0	19.461	52.188	27.744
swarm_19_167.pdb	0	20.69	59.854	27.735
swarm_12_74.pdb	0	17.5	56.827	27.728
swarm_46_186.pdb	0	18.87	45.145	27.694
swarm_24_144.pdb	0	21.753	62.627	27.629
swarm_25_195.pdb	0	19.305	50.821	27.579
swarm_67_96.pdb	0	20.799	65.9	27.470
swarm_102_78.pdb	0	33.895	54.781	27.466
swarm_90_30.pdb	0	28.825	50.366	27.396
swarm_56_182.pdb	0	24.177	34.595	27.395
swarm_95_195.pdb	0	24.294	75.347	27.368
swarm_98_94.pdb	0	20.348	38.183	27.366
swarm_51_193.pdb	0	21.746	52.695	27.320
swarm_68_59.pdb	0	16.294	36.461	27.293
swarm_106_177.pdb	0	26.053	63.215	27.287
swarm_23_151.pdb	0	22.256	73.544	27.276
swarm_73_54.pdb	0	10.827	33.992	27.243
swarm_34_61.pdb	0	25.622	43.851	27.236
swarm_18_41.pdb	0	20.961	54.069	27.209
swarm_47_2.pdb	0	22.029	72.22	27.096
swarm_102_119.pdb	0	20.126	53.949	27.049
swarm_65_190.pdb	0	18.658	39.697	27.001
swarm_5_157.pdb	0	12.379	68.117	26.976
swarm_55_188.pdb	0	16.773	44.639	26.961
swarm_90_147.pdb	0	30.605	55.439	26.960
swarm_34_68.pdb	0	20.237	39.488	26.906
swarm_25_143.pdb	0	25.028	56.294	26.894
swarm_14_64.pdb	0	19.206	72.201	26.855
swarm_96_127.pdb	0	21.463	39.707	26.840
swarm_97_45.pdb	0	18.39	51.073	26.815
swarm_40_24.pdb	0	17.918	50.148	26.801
swarm_44_159.pdb	0.0405405	8.025	42.99	26.786
swarm_110_48.pdb	0	21.409	57.929	26.769
swarm_102_21.pdb	0	18.527	51.405	26.739
swarm_33_167.pdb	0	18.193	45.886	26.718
swarm_103_85.pdb	0	24.037	50.636	26.716
swarm_41_181.pdb	0	23.38	37.953	26.690
swarm_91_98.pdb	0	24.289	39.886	26.627
swarm_50_199.pdb	0	34.992	66.448	26.598
swarm_63_66.pdb	0	22.342	53.305	26.565
swarm_20_152.pdb	0	33.271	58.41	26.559
swarm_102_126.pdb	0	35.342	54.791	26.489
swarm_102_60.pdb	0	22.615	42.45	26.483
swarm_62_125.pdb	0	20.933	50.381	26.481
swarm_62_95.pdb	0	24.034	44.951	26.474
swarm_43_58.pdb	0	22.44	52.857	26.405
swarm_19_8.pdb	0	18.068	58.014	26.401
swarm_66_130.pdb	0	18.438	43.493	26.383
swarm_5_96.pdb	0	19.206	64.469	26.367
swarm_93_34.pdb	0	23.766	68.174	26.361
swarm_107_193.pdb	0	19.416	42.685	26.291
swarm_74_179.pdb	0	21.568	52.181	26.258
swarm_16_151.pdb	0	23.085	63.561	26.245
swarm_57_71.pdb	0	33.335	47.033	26.215
swarm_47_20.pdb	0	27.899	72.461	26.206
swarm_35_81.pdb	0	23.157	64.111	26.205
swarm_70_115.pdb	0	21.524	53.623	26.202
swarm_0_192.pdb	0	22.781	62.197	26.170
swarm_31_128.pdb	0	18.475	74.115	26.164
swarm_46_172.pdb	0	23.849	55.365	26.047
swarm_101_114.pdb	0	32.287	54.154	26.034
swarm_71_108.pdb	0	28.922	50.7	26.003
swarm_111_129.pdb	0	18.981	53.934	25.998
swarm_31_48.pdb	0	29.267	70.558	25.985
swarm_52_96.pdb	0	23.076	45.581	25.980
swarm_70_25.pdb	0	26.654	50.065	25.979
swarm_36_154.pdb	0	29.549	52.114	25.964
swarm_7_140.pdb	0	37.519	58.638	25.949
swarm_55_119.pdb	0	31.624	50.697	25.944
swarm_9_94.pdb	0	22.76	53.528	25.920
swarm_8_91.pdb	0	19.546	58.99	25.914
swarm_31_34.pdb	0	25.449	64.373	25.877
swarm_112_10.pdb	0	24.19	65.615	25.859
swarm_36_11.pdb	0	15.525	53.46	25.844
swarm_115_174.pdb	0	27.677	48.736	25.798
swarm_112_35.pdb	0	17.226	67.104	25.781
swarm_16_67.pdb	0	35.583	67.13	25.771
swarm_7_10.pdb	0	33.706	58.476	25.744
swarm_82_14.pdb	0	15.84	52.943	25.743
swarm_28_104.pdb	0	17.825	55.96	25.739
swarm_52_106.pdb	0	18.033	48.339	25.672
swarm_96_39.pdb	0	22.647	55.554	25.668
swarm_43_106.pdb	0	20.947	40.137	25.635
swarm_85_81.pdb	0	16.978	30.762	25.631
swarm_78_56.pdb	0	26.661	40.38	25.610
swarm_105_70.pdb	0	22.699	73.334	25.582
swarm_90_94.pdb	0	20.621	40.304	25.571
swarm_72_177.pdb	0	25.017	56.898	25.565
swarm_53_81.pdb	0	16.378	37.049	25.563
swarm_52_129.pdb	0	30.226	50.418	25.552
swarm_20_19.pdb	0	19.098	47.732	25.549
swarm_52_176.pdb	0	14.952	45.814	25.516
swarm_26_157.pdb	0	19.943	46.435	25.489
swarm_57_155.pdb	0	19.132	43.123	25.488
swarm_58_102.pdb	0	25.238	38.333	25.453
swarm_4_16.pdb	0	20.581	40.954	25.453
swarm_55_81.pdb	0	14.913	48.877	25.444
swarm_76_130.pdb	0	26.197	37.189	25.433
swarm_53_38.pdb	0	19.743	51.897	25.432
swarm_61_191.pdb	0	23.182	65.795	25.418
swarm_46_107.pdb	0	20.216	44.628	25.400
swarm_46_2.pdb	0	17.522	40.672	25.390
swarm_59_135.pdb	0	22.897	37.309	25.384
swarm_36_0.pdb	0	22.279	64.579	25.381
swarm_47_162.pdb	0	25.886	66.675	25.379
swarm_6_14.pdb	0	20.673	65.932	25.352
swarm_99_171.pdb	0	27.69	58.903	25.349
swarm_8_78.pdb	0	23.945	62.68	25.341
swarm_40_172.pdb	0	31.322	53.716	25.328
swarm_84_142.pdb	0	19.551	53.247	25.303
swarm_93_144.pdb	0	18.477	64.637	25.296
swarm_12_130.pdb	0	13.013	52.304	25.279
swarm_89_169.pdb	0	27.867	47.999	25.269
swarm_108_151.pdb	0	22.947	38.36	25.267
swarm_6_33.pdb	0	28.401	70.957	25.263
swarm_111_84.pdb	0	18.478	58.904	25.252
swarm_69_30.pdb	0	17.835	45.096	25.244
swarm_23_195.pdb	0	24.679	74.207	25.232
swarm_93_183.pdb	0	19.534	63.008	25.191
swarm_47_15.pdb	0	32.358	69.473	25.181
swarm_30_174.pdb	0	20.419	43.959	25.168
swarm_9_10.pdb	0	19.071	54.25	25.141
swarm_27_153.pdb	0	20.473	51.067	25.132
swarm_85_0.pdb	0	27.503	43.348	25.120
swarm_30_154.pdb	0	22.865	40.073	25.095
swarm_45_82.pdb	0	16.116	47.925	25.079
swarm_65_154.pdb	0	17.65	39.916	25.076
swarm_100_54.pdb	0	24.459	54.223	25.072
swarm_91_59.pdb	0	23.333	35.72	25.071
swarm_100_97.pdb	0	18.477	55.583	25.061
swarm_85_183.pdb	0	18.798	48.138	25.056
swarm_12_153.pdb	0	17.128	44.923	25.054
swarm_21_116.pdb	0	21.282	73.047	25.050
swarm_85_90.pdb	0	23.136	48.068	25.026
swarm_112_41.pdb	0.027027	17.935	65.953	25.021
swarm_55_24.pdb	0	15.074	37.971	25.012
swarm_23_59.pdb	0	19.364	72.975	24.990
swarm_1_187.pdb	0	34.643	56.276	24.984
swarm_29_18.pdb	0	21.619	79.565	24.947
swarm_53_145.pdb	0	16.707	45.685	24.945
swarm_92_121.pdb	0	21.723	41.345	24.931
swarm_34_184.pdb	0	20.737	52.825	24.913
swarm_26_99.pdb	0	28.753	54.163	24.892
swarm_14_136.pdb	0	20.819	66.931	24.892
swarm_99_31.pdb	0	20.868	58.014	24.882
swarm_34_83.pdb	0	25.233	36.414	24.878
swarm_41_120.pdb	0	18.457	45.02	24.875
swarm_0_10.pdb	0.0135135	13.443	64.356	24.826
swarm_7_98.pdb	0	17.957	48.379	24.801
swarm_85_105.pdb	0	20.908	42.987	24.787
swarm_17_156.pdb	0	23.928	58.533	24.781
swarm_0_142.pdb	0	15.286	61.363	24.781
swarm_103_79.pdb	0	20.295	37.633	24.776
swarm_100_107.pdb	0	20.997	44.821	24.761
swarm_54_130.pdb	0.027027	13.853	41.625	24.747
swarm_95_56.pdb	0	27.238	71.109	24.733
swarm_84_75.pdb	0	22.387	42.619	24.730
swarm_74_109.pdb	0	27.962	53.579	24.730
swarm_90_165.pdb	0	16.63	35.185	24.722
swarm_54_123.pdb	0	22.579	53.413	24.701
swarm_29_16.pdb	0	29.078	78.497	24.695
swarm_114_72.pdb	0	30.866	53.685	24.682
swarm_53_174.pdb	0	15.759	39.023	24.680
swarm_69_48.pdb	0	32.756	52.434	24.664
swarm_50_48.pdb	0	36.337	60.366	24.634
swarm_19_198.pdb	0.0405405	18.44	55.21	24.609
swarm_13_199.pdb	0	29.78	47.336	24.596
swarm_11_154.pdb	0	22.824	53.561	24.594
swarm_112_68.pdb	0.121622	11.782	68.606	24.585
swarm_32_176.pdb	0	19.428	49.07	24.542
swarm_18_120.pdb	0	24.687	58.714	24.528
swarm_64_30.pdb	0	22.68	45.816	24.521
swarm_49_18.pdb	0	18.614	43.298	24.491
swarm_77_184.pdb	0	15.554	36.413	24.466
swarm_7_187.pdb	0	26.226	41.88	24.437
swarm_34_76.pdb	0	24.634	38.138	24.389
swarm_76_69.pdb	0	15.537	50.034	24.378
swarm_99_128.pdb	0	15.414	42.517	24.363
swarm_10_25.pdb	0	19.453	65.648	24.348
swarm_51_178.pdb	0	24.341	53.346	24.343
swarm_42_52.pdb	0	23.0	73.338	24.338
swarm_6_125.pdb	0	21.931	67.937	24.320
swarm_89_44.pdb	0	19.077	43.599	24.312
swarm_64_115.pdb	0	22.68	48.876	24.291
swarm_17_48.pdb	0	23.424	51.301	24.265
swarm_100_16.pdb	0	19.32	47.428	24.252
swarm_61_47.pdb	0	28.615	59.046	24.243
swarm_19_39.pdb	0	17.485	57.337	24.235
swarm_58_78.pdb	0	17.771	43.819	24.214
swarm_62_29.pdb	0	13.586	34.651	24.197
swarm_83_169.pdb	0	26.736	53.314	24.164
swarm_76_157.pdb	0	16.089	43.907	24.135
swarm_82_139.pdb	0	23.24	49.799	24.128
swarm_80_29.pdb	0	15.971	73.786	24.090
swarm_35_98.pdb	0	22.758	53.4	24.062
swarm_19_37.pdb	0	22.002	51.199	24.056
swarm_71_190.pdb	0	17.44	44.909	24.030
swarm_101_190.pdb	0	31.936	55.672	24.011
swarm_3_181.pdb	0	20.015	61.084	23.982
swarm_10_197.pdb	0	24.567	60.868	23.956
swarm_76_173.pdb	0	17.182	45.983	23.940
swarm_109_41.pdb	0	15.22	33.945	23.935
swarm_31_35.pdb	0	28.045	67.117	23.909
swarm_76_30.pdb	0.0945946	12.801	39.594	23.898
swarm_20_148.pdb	0	16.954	49.064	23.895
swarm_63_18.pdb	0	24.086	60.082	23.819
swarm_92_58.pdb	0	20.482	43.995	23.805
swarm_70_183.pdb	0	23.427	36.42	23.802
swarm_63_132.pdb	0	17.839	66.233	23.777
swarm_58_43.pdb	0	22.879	40.262	23.776
swarm_52_115.pdb	0	19.035	41.61	23.764
swarm_25_127.pdb	0	21.676	59.313	23.748
swarm_50_5.pdb	0	38.125	63.296	23.732
swarm_57_135.pdb	0	20.36	34.089	23.713
swarm_11_42.pdb	0	22.777	60.926	23.712
swarm_38_66.pdb	0	19.781	32.97	23.688
swarm_114_138.pdb	0	20.76	52.462	23.678
swarm_96_108.pdb	0	21.57	43.458	23.653
swarm_20_130.pdb	0	34.065	49.925	23.653
swarm_78_140.pdb	0	22.323	47.585	23.650
swarm_71_67.pdb	0.027027	14.244	38.349	23.638
swarm_72_153.pdb	0	10.464	46.46	23.608
swarm_15_135.pdb	0.027027	11.274	56.926	23.602
swarm_58_161.pdb	0	21.396	43.624	23.596
swarm_8_75.pdb	0	36.678	68.47	23.585
swarm_65_46.pdb	0	19.323	41.745	23.584
swarm_26_119.pdb	0	18.965	49.592	23.583
swarm_71_4.pdb	0	18.128	51.122	23.574
swarm_74_160.pdb	0	23.116	55.69	23.570
swarm_69_8.pdb	0	16.117	50.716	23.552
swarm_96_10.pdb	0	13.841	44.773	23.541
swarm_17_98.pdb	0	19.276	58.999	23.530
swarm_75_122.pdb	0	18.41	38.945	23.519
swarm_3_83.pdb	0	29.197	65.283	23.481
swarm_69_133.pdb	0.0675676	11.375	46.865	23.463
swarm_112_84.pdb	0	17.909	56.122	23.445
swarm_71_142.pdb	0	19.939	48.402	23.436
swarm_36_94.pdb	0	24.408	53.256	23.413
swarm_110_129.pdb	0	36.708	66.372	23.372
swarm_94_74.pdb	0	19.219	53.932	23.371
swarm_101_147.pdb	0	19.981	40.485	23.370
swarm_29_1.pdb	0	36.846	81.42	23.355
swarm_45_160.pdb	0	29.99	44.325	23.339
swarm_64_4.pdb	0	22.629	37.908	23.325
swarm_31_191.pdb	0	17.377	62.31	23.320
swarm_95_153.pdb	0	18.53	67.966	23.294
swarm_96_125.pdb	0	23.05	48.911	23.288
swarm_97_21.pdb	0	28.747	57.481	23.285
swarm_101_163.pdb	0	29.074	59.082	23.267
swarm_25_101.pdb	0	24.943	58.001	23.263
swarm_86_56.pdb	0	25.608	53.713	23.256
swarm_106_85.pdb	0	22.325	73.878	23.248
swarm_3_194.pdb	0	32.165	56.612	23.241
swarm_2_124.pdb	0	37.6	74.292	23.241
swarm_102_87.pdb	0	20.093	49.112	23.216
swarm_23_77.pdb	0	18.773	66.876	23.203
swarm_22_66.pdb	0	23.758	47.463	23.187
swarm_68_184.pdb	0	17.892	53.908	23.168
swarm_56_33.pdb	0	19.02	35.558	23.159
swarm_106_100.pdb	0	20.867	69.287	23.125
swarm_1_140.pdb	0	24.636	50.973	23.116
swarm_107_60.pdb	0	17.984	50.633	23.105
swarm_98_7.pdb	0	7.237	29.986	23.094
swarm_46_74.pdb	0	16.408	38.865	23.077
swarm_10_66.pdb	0	26.738	62.164	23.026
swarm_80_125.pdb	0	23.393	77.213	23.024
swarm_26_26.pdb	0	34.048	48.559	23.017
swarm_22_118.pdb	0	19.945	47.513	23.015
swarm_18_137.pdb	0	25.014	59.185	22.982
swarm_52_148.pdb	0	19.418	46.246	22.981
swarm_72_77.pdb	0	23.799	49.102	22.969
swarm_6_183.pdb	0	23.297	66.606	22.956
swarm_63_184.pdb	0	16.997	58.94	22.952
swarm_30_68.pdb	0	19.701	57.899	22.943
swarm_107_43.pdb	0	21.626	47.508	22.931
swarm_53_184.pdb	0	18.8	50.462	22.930
swarm_73_15.pdb	0	14.616	38.228	22.919
swarm_78_127.pdb	0	20.266	43.74	22.912
swarm_111_53.pdb	0	20.075	57.418	22.905
swarm_86_129.pdb	0	15.279	41.125	22.892
swarm_25_1.pdb	0.0135135	9.636	51.075	22.892
swarm_90_42.pdb	0	12.664	27.984	22.888
swarm_64_101.pdb	0	20.207	43.332	22.820
swarm_40_99.pdb	0	22.455	50.291	22.816
swarm_36_15.pdb	0	34.802	64.676	22.786
swarm_8_44.pdb	0	15.885	71.396	22.777
swarm_102_74.pdb	0	18.085	50.37	22.762
swarm_63_53.pdb	0	14.212	57.318	22.744
swarm_113_3.pdb	0	23.508	41.663	22.731
swarm_78_42.pdb	0	14.851	37.55	22.729
swarm_49_41.pdb	0	15.049	28.623	22.673
swarm_78_152.pdb	0	29.273	49.486	22.668
swarm_57_182.pdb	0	19.562	45.833	22.633
swarm_49_47.pdb	0	36.686	51.352	22.631
swarm_25_75.pdb	0	21.229	54.052	22.600
swarm_49_180.pdb	0	13.161	22.71	22.593
swarm_73_96.pdb	0	18.161	48.427	22.587
swarm_74_185.pdb	0	20.254	55.687	22.576
swarm_87_196.pdb	0	18.867	50.748	22.572
swarm_46_158.pdb	0	18.778	49.278	22.553
swarm_100_190.pdb	0	24.026	38.953	22.534
swarm_78_145.pdb	0	33.557	52.05	22.520
swarm_104_135.pdb	0	26.779	44.305	22.519
swarm_51_52.pdb	0	25.345	58.485	22.499
swarm_37_52.pdb	0	22.015	46.273	22.497
swarm_103_76.pdb	0	19.897	42.171	22.495
swarm_66_193.pdb	0	17.121	44.342	22.487
swarm_58_74.pdb	0	17.055	30.42	22.482
swarm_103_72.pdb	0	22.67	46.059	22.475
swarm_106_161.pdb	0	33.255	71.639	22.467
swarm_51_145.pdb	0	14.647	41.759	22.457
swarm_115_57.pdb	0	21.798	48.241	22.457
swarm_15_28.pdb	0	20.46	52.428	22.435
swarm_77_126.pdb	0	29.465	41.417	22.420
swarm_98_177.pdb	0.027027	17.655	41.704	22.396
swarm_79_27.pdb	0	23.491	63.333	22.387
swarm_109_54.pdb	0	28.778	58.927	22.339
swarm_101_151.pdb	0	23.505	53.4	22.339
swarm_105_90.pdb	0	36.824	71.458	22.336
swarm_101_15.pdb	0	16.27	53.659	22.329
swarm_88_118.pdb	0	24.823	53.447	22.315
swarm_101_192.pdb	0	18.099	42.796	22.315
swarm_76_79.pdb	0	25.717	41.586	22.309
swarm_38_51.pdb	0	25.248	40.188	22.307
swarm_66_53.pdb	0	34.682	56.4	22.300
swarm_85_57.pdb	0	16.136	29.392	22.294
swarm_83_18.pdb	0	24.307	56.524	22.271
swarm_36_142.pdb	0	32.605	62.2	22.269
swarm_83_197.pdb	0	29.944	56.757	22.266
swarm_18_67.pdb	0	24.683	55.578	22.261
swarm_77_181.pdb	0	22.64	43.096	22.258
swarm_33_133.pdb	0	17.321	45.928	22.258
swarm_40_113.pdb	0	15.948	51.611	22.257
swarm_85_172.pdb	0	25.18	48.097	22.252
swarm_64_18.pdb	0	21.591	45.533	22.246
swarm_54_68.pdb	0	27.132	48.361	22.220
swarm_107_130.pdb	0	32.407	46.513	22.218
swarm_73_107.pdb	0	25.604	49.967	22.217
swarm_57_153.pdb	0	15.946	31.547	22.207
swarm_111_10.pdb	0	18.026	48.881	22.198
swarm_1_20.pdb	0	24.736	46.546	22.196
swarm_102_7.pdb	0	21.586	62.239	22.179
swarm_79_60.pdb	0	28.212	64.793	22.175
swarm_113_152.pdb	0	22.579	55.154	22.171
swarm_4_89.pdb	0	24.579	53.439	22.169
swarm_8_96.pdb	0	29.041	56.141	22.144
swarm_7_107.pdb	0	23.142	64.232	22.138
swarm_72_34.pdb	0	17.8	47.667	22.113
swarm_83_80.pdb	0	26.463	55.837	22.101
swarm_44_193.pdb	0	19.57	41.053	22.087
swarm_73_111.pdb	0	23.437	52.424	22.062
swarm_78_191.pdb	0	14.471	34.856	22.059
swarm_12_13.pdb	0	25.329	53.34	22.022
swarm_43_77.pdb	0	15.606	46.373	21.992
swarm_11_105.pdb	0	22.992	50.033	21.919
swarm_60_103.pdb	0	16.911	49.785	21.898
swarm_50_170.pdb	0	26.836	46.821	21.880
swarm_35_59.pdb	0	29.419	59.032	21.878
swarm_65_11.pdb	0.0135135	16.842	44.593	21.871
swarm_106_112.pdb	0	18.651	74.925	21.861
swarm_89_121.pdb	0	22.408	34.739	21.832
swarm_25_116.pdb	0	27.192	56.922	21.815
swarm_92_105.pdb	0	13.7	48.965	21.794
swarm_76_195.pdb	0	37.348	58.575	21.787
swarm_29_195.pdb	0	21.473	75.69	21.738
swarm_16_199.pdb	0	25.893	56.082	21.731
swarm_100_142.pdb	0	18.707	54.33	21.675
swarm_2_193.pdb	0	14.713	75.015	21.663
swarm_0_109.pdb	0	27.096	73.077	21.649
swarm_52_146.pdb	0	32.467	46.436	21.644
swarm_95_154.pdb	0	26.439	64.981	21.625
swarm_42_136.pdb	0	28.586	75.03	21.624
swarm_77_91.pdb	0	18.738	40.945	21.610
swarm_107_167.pdb	0	30.466	44.838	21.571
swarm_97_146.pdb	0	18.983	55.558	21.562
swarm_96_107.pdb	0	18.395	44.822	21.553
swarm_100_183.pdb	0	18.811	54.442	21.538
swarm_113_84.pdb	0	20.526	55.662	21.535
swarm_22_51.pdb	0	21.969	52.205	21.493
swarm_59_3.pdb	0	25.753	49.367	21.489
swarm_71_83.pdb	0	22.273	49.725	21.483
swarm_59_33.pdb	0	16.981	41.187	21.477
swarm_81_28.pdb	0	15.089	44.448	21.462
swarm_33_139.pdb	0	14.049	45.066	21.442
swarm_13_159.pdb	0	15.751	48.621	21.430
swarm_106_181.pdb	0	27.62	66.329	21.424
swarm_7_87.pdb	0	38.108	69.636	21.420
swarm_6_176.pdb	0	23.661	59.13	21.416
swarm_39_21.pdb	0	24.538	65.737	21.412
swarm_58_134.pdb	0	24.36	46.902	21.379
swarm_54_166.pdb	0	28.831	53.698	21.379
swarm_88_39.pdb	0	15.421	47.069	21.378
swarm_85_128.pdb	0	18.656	47.663	21.332
swarm_86_4.pdb	0	23.836	45.139	21.288
swarm_35_162.pdb	0	21.207	54.947	21.271
swarm_13_57.pdb	0	35.679	57.507	21.259
swarm_40_101.pdb	0	26.101	42.028	21.256
swarm_115_131.pdb	0	24.736	41.872	21.256
swarm_75_174.pdb	0	24.177	52.337	21.255
swarm_75_140.pdb	0	21.204	39.459	21.251
swarm_108_101.pdb	0	23.685	34.628	21.247
swarm_59_32.pdb	0.0675676	7.704	26.566	21.241
swarm_111_13.pdb	0	21.723	59.633	21.238
swarm_100_67.pdb	0	34.579	61.244	21.173
swarm_101_75.pdb	0	18.464	52.223	21.154
swarm_98_118.pdb	0	24.836	44.128	21.123
swarm_75_52.pdb	0.0810811	13.444	33.458	21.121
swarm_80_46.pdb	0	19.267	67.996	21.117
swarm_42_104.pdb	0	28.012	73.387	21.082
swarm_63_143.pdb	0	24.135	56.049	21.081
swarm_70_132.pdb	0	21.395	45.861	21.052
swarm_7_85.pdb	0	22.533	66.101	21.050
swarm_61_115.pdb	0	25.907	64.896	21.041
swarm_70_75.pdb	0	16.011	55.76	21.022
swarm_75_94.pdb	0	19.724	42.517	21.010
swarm_73_161.pdb	0	26.313	54.601	20.995
swarm_71_6.pdb	0	26.15	50.427	20.986
swarm_77_14.pdb	0	21.517	41.283	20.970
swarm_91_142.pdb	0	15.604	43.154	20.944
swarm_29_167.pdb	0	30.776	70.303	20.931
swarm_39_72.pdb	0	26.674	79.592	20.887
swarm_114_75.pdb	0	35.764	52.774	20.885
swarm_44_179.pdb	0	28.502	44.537	20.860
swarm_77_60.pdb	0	18.239	37.941	20.850
swarm_36_71.pdb	0	28.879	57.684	20.842
swarm_100_177.pdb	0	33.871	62.593	20.814
swarm_95_135.pdb	0	12.99	65.388	20.808
swarm_49_66.pdb	0	22.026	38.066	20.777
swarm_89_68.pdb	0	29.229	48.815	20.776
swarm_18_46.pdb	0.0135135	11.745	50.265	20.774
swarm_68_72.pdb	0	27.802	47.637	20.773
swarm_94_164.pdb	0	24.569	60.259	20.700
swarm_28_172.pdb	0.0135135	16.849	65.762	20.699
swarm_65_112.pdb	0	25.02	39.337	20.678
swarm_45_133.pdb	0	13.046	38.45	20.644
swarm_75_168.pdb	0	17.18	42.022	20.643
swarm_73_156.pdb	0	16.958	53.234	20.630
swarm_87_118.pdb	0	22.425	56.623	20.627
swarm_111_50.pdb	0	38.047	69.821	20.619
swarm_48_77.pdb	0	23.438	60.03	20.613
swarm_54_170.pdb	0	17.141	36.322	20.588
swarm_54_63.pdb	0	17.979	46.973	20.586
swarm_62_99.pdb	0	34.139	50.484	20.581
swarm_6_91.pdb	0	15.072	61.041	20.569
swarm_4_42.pdb	0	14.132	46.541	20.569
swarm_37_147.pdb	0	25.344	45.407	20.556
swarm_12_16.pdb	0	19.331	63.498	20.550
swarm_13_113.pdb	0	35.37	63.862	20.546
swarm_13_19.pdb	0	22.966	55.464	20.534
swarm_67_61.pdb	0	33.152	55.72	20.528
swarm_36_112.pdb	0	25.139	47.092	20.510
swarm_90_29.pdb	0	12.785	25.835	20.503
swarm_81_183.pdb	0	17.821	41.304	20.497
swarm_18_199.pdb	0	14.016	46.88	20.493
swarm_69_62.pdb	0	26.001	56.389	20.460
swarm_94_163.pdb	0	16.069	43.177	20.443
swarm_112_36.pdb	0	24.169	63.241	20.443
swarm_68_10.pdb	0	26.803	47.515	20.432
swarm_31_29.pdb	0	32.361	59.639	20.428
swarm_9_34.pdb	0.0540541	16.471	49.041	20.412
swarm_68_97.pdb	0	17.635	50.697	20.410
swarm_115_151.pdb	0	22.395	46.688	20.398
swarm_5_0.pdb	0	26.005	57.673	20.379
swarm_89_155.pdb	0	25.586	38.133	20.361
swarm_97_193.pdb	0	24.413	64.765	20.358
swarm_86_147.pdb	0	22.585	46.998	20.354
swarm_114_165.pdb	0	32.242	55.996	20.345
swarm_2_1.pdb	0	27.974	73.368	20.324
swarm_68_34.pdb	0	20.253	53.175	20.317
swarm_99_101.pdb	0	28.804	60.652	20.315
swarm_27_61.pdb	0	25.866	50.148	20.296
swarm_104_19.pdb	0	18.519	46.305	20.295
swarm_94_171.pdb	0	29.093	52.485	20.294
swarm_79_128.pdb	0	27.551	53.978	20.290
swarm_115_69.pdb	0	24.475	49.674	20.285
swarm_114_117.pdb	0	18.53	51.83	20.210
swarm_79_8.pdb	0	25.319	53.973	20.206
swarm_79_56.pdb	0	16.954	62.869	20.201
swarm_15_54.pdb	0	16.38	30.424	20.194
swarm_9_193.pdb	0	21.925	53.728	20.182
swarm_38_171.pdb	0	31.255	46.599	20.180
swarm_37_23.pdb	0	27.071	48.905	20.178
swarm_67_39.pdb	0	17.312	54.188	20.170
swarm_104_106.pdb	0	23.963	51.006	20.163
swarm_87_104.pdb	0	24.623	54.617	20.161
swarm_82_75.pdb	0	17.488	50.958	20.161
swarm_14_172.pdb	0	26.332	56.764	20.161
swarm_57_97.pdb	0	20.803	46.985	20.155
swarm_51_75.pdb	0	18.664	58.61	20.143
swarm_30_167.pdb	0	29.203	52.196	20.101
swarm_55_113.pdb	0	22.529	37.143	20.093
swarm_23_94.pdb	0	24.312	68.293	20.092
swarm_28_141.pdb	0	21.411	61.774	20.083
swarm_80_102.pdb	0	12.655	67.661	20.057
swarm_79_191.pdb	0	22.901	62.575	20.041
swarm_111_186.pdb	0	29.586	55.504	20.030
swarm_105_67.pdb	0	23.403	59.41	19.997
swarm_80_84.pdb	0	17.014	64.044	19.985
swarm_5_116.pdb	0	28.039	67.46	19.951
swarm_49_126.pdb	0	34.026	55.623	19.948
swarm_60_154.pdb	0	24.529	43.756	19.946
swarm_13_68.pdb	0	19.127	63.082	19.943
swarm_44_132.pdb	0	29.744	42.87	19.931
swarm_39_43.pdb	0	30.684	72.612	19.928
swarm_19_194.pdb	0	23.679	65.75	19.920
swarm_104_132.pdb	0	31.559	49.539	19.920
swarm_72_75.pdb	0	24.97	54.216	19.912
swarm_0_88.pdb	0	36.971	67.758	19.886
swarm_22_96.pdb	0	33.948	53.705	19.863
swarm_26_128.pdb	0	25.675	45.277	19.861
swarm_25_47.pdb	0	35.478	61.805	19.855
swarm_46_173.pdb	0	18.01	41.048	19.854
swarm_39_187.pdb	0	27.992	71.359	19.836
swarm_37_103.pdb	0	30.176	51.684	19.834
swarm_50_187.pdb	0	22.823	63.81	19.829
swarm_92_89.pdb	0	24.609	37.197	19.798
swarm_17_106.pdb	0	26.558	63.097	19.782
swarm_0_64.pdb	0	29.264	67.062	19.777
swarm_88_107.pdb	0	30.522	56.948	19.764
swarm_22_38.pdb	0	23.022	47.675	19.750
swarm_87_132.pdb	0	26.375	52.487	19.722
swarm_24_192.pdb	0	28.138	69.084	19.704
swarm_4_113.pdb	0	21.874	52.963	19.703
swarm_1_119.pdb	0	23.944	39.748	19.699
swarm_82_97.pdb	0	29.102	52.374	19.694
swarm_76_67.pdb	0	24.754	53.103	19.691
swarm_74_61.pdb	0	39.527	59.637	19.691
swarm_43_75.pdb	0	21.426	55.843	19.674
swarm_70_179.pdb	0	19.247	54.08	19.654
swarm_21_126.pdb	0	20.791	63.134	19.653
swarm_57_126.pdb	0	33.617	46.247	19.628
swarm_111_18.pdb	0	11.433	55.613	19.621
swarm_114_4.pdb	0	24.196	38.69	19.593
swarm_99_106.pdb	0	16.828	55.51	19.591
swarm_111_104.pdb	0	18.06	54.014	19.587
swarm_27_1.pdb	0	30.21	57.512	19.574
swarm_46_199.pdb	0	24.509	47.343	19.527
swarm_13_197.pdb	0	29.101	64.041	19.527
swarm_11_6.pdb	0	25.103	57.061	19.527
swarm_24_154.pdb	0	27.304	70.841	19.516
swarm_83_83.pdb	0	17.534	60.726	19.456
swarm_59_170.pdb	0	31.643	50.011	19.454
swarm_13_36.pdb	0	20.54	54.841	19.447
swarm_12_57.pdb	0	16.637	43.315	19.446
swarm_93_120.pdb	0	20.987	65.893	19.437
swarm_10_187.pdb	0	29.678	72.271	19.419
swarm_92_5.pdb	0	31.952	48.44	19.412
swarm_17_4.pdb	0	25.104	62.973	19.396
swarm_67_128.pdb	0	26.471	49.213	19.385
swarm_111_166.pdb	0	18.851	61.227	19.380
swarm_45_116.pdb	0	18.927	42.46	19.345
swarm_16_148.pdb	0	21.693	50.332	19.336
swarm_1_56.pdb	0	22.722	50.578	19.325
swarm_103_54.pdb	0	21.808	43.952	19.324
swarm_80_72.pdb	0	27.829	73.675	19.323
swarm_84_24.pdb	0	30.451	61.56	19.313
swarm_16_6.pdb	0	18.89	56.65	19.280
swarm_69_181.pdb	0	23.138	55.483	19.272
swarm_86_128.pdb	0	22.023	46.548	19.263
swarm_89_99.pdb	0	19.35	43.844	19.261
swarm_41_45.pdb	0	24.388	42.082	19.251
swarm_84_68.pdb	0	21.874	57.55	19.235
swarm_66_2.pdb	0	16.697	52.173	19.222
swarm_86_65.pdb	0	18.401	48.401	19.200
swarm_93_75.pdb	0	25.033	62.507	19.190
swarm_21_66.pdb	0	21.427	74.362	19.167
swarm_3_114.pdb	0	33.794	60.304	19.164
swarm_68_122.pdb	0	32.939	58.574	19.153
swarm_45_91.pdb	0	36.469	48.745	19.151
swarm_27_158.pdb	0	34.621	54.756	19.151
swarm_72_68.pdb	0	19.455	52.693	19.129
swarm_44_143.pdb	0	25.305	50.839	19.118
swarm_108_126.pdb	0	23.702	34.288	19.116
swarm_39_68.pdb	0	13.96	72.472	19.105
swarm_44_165.pdb	0	19.536	48.453	19.090
swarm_27_57.pdb	0	22.747	51.776	19.085
swarm_90_22.pdb	0	17.765	43.018	19.068
swarm_52_54.pdb	0	20.943	41.985	19.067
swarm_34_179.pdb	0	17.031	40.265	19.052
swarm_21_188.pdb	0	22.315	74.128	19.034
swarm_65_73.pdb	0	20.221	31.588	19.002
swarm_58_110.pdb	0	19.119	45.568	18.997
swarm_1_172.pdb	0	27.671	60.371	18.980
swarm_54_119.pdb	0	20.127	36.556	18.965
swarm_113_19.pdb	0	18.604	40.713	18.962
swarm_15_169.pdb	0	21.491	48.154	18.942
swarm_56_19.pdb	0	15.351	42.887	18.931
swarm_23_104.pdb	0	19.338	77.218	18.906
swarm_98_195.pdb	0	24.605	40.248	18.890
swarm_83_107.pdb	0	28.218	55.293	18.886
swarm_91_159.pdb	0	26.689	45.091	18.881
swarm_13_138.pdb	0	17.722	54.374	18.854
swarm_13_48.pdb	0	10.084	55.591	18.834
swarm_34_133.pdb	0	31.914	47.761	18.831
swarm_82_0.pdb	0	18.618	52.45	18.818
swarm_52_178.pdb	0	17.476	46.118	18.797
swarm_105_74.pdb	0	35.508	67.412	18.779
swarm_76_7.pdb	0	19.393	48.599	18.762
swarm_34_124.pdb	0	17.401	27.977	18.723
swarm_83_143.pdb	0	24.888	62.048	18.710
swarm_61_18.pdb	0	24.199	52.216	18.709
swarm_33_104.pdb	0	17.622	47.543	18.705
swarm_66_107.pdb	0	26.628	45.825	18.688
swarm_113_134.pdb	0	18.173	52.247	18.682
swarm_65_156.pdb	0	29.877	48.381	18.646
swarm_2_158.pdb	0	24.514	69.616	18.642
swarm_5_88.pdb	0	16.356	65.946	18.641
swarm_50_181.pdb	0	13.271	43.688	18.638
swarm_22_76.pdb	0	32.899	56.839	18.635
swarm_43_24.pdb	0	16.503	46.177	18.633
swarm_53_64.pdb	0	19.345	45.874	18.550
swarm_55_93.pdb	0	17.86	53.944	18.524
swarm_17_0.pdb	0	20.442	63.497	18.518
swarm_70_141.pdb	0	19.424	57.595	18.473
swarm_13_42.pdb	0	32.707	61.921	18.466
swarm_103_182.pdb	0	33.322	46.059	18.456
swarm_21_92.pdb	0	36.23	69.127	18.448
swarm_65_150.pdb	0	18.62	43.276	18.444
swarm_62_66.pdb	0	21.551	53.802	18.435
swarm_21_140.pdb	0	29.389	58.731	18.422
swarm_55_193.pdb	0	28.24	52.913	18.418
swarm_33_154.pdb	0	22.793	43.195	18.417
swarm_60_20.pdb	0	18.097	51.016	18.408
swarm_77_175.pdb	0	18.866	41.77	18.366
swarm_41_95.pdb	0	19.277	51.927	18.335
swarm_81_41.pdb	0	18.77	36.717	18.319
swarm_64_103.pdb	0.027027	6.723	13.399	18.296
swarm_45_127.pdb	0	12.247	39.986	18.251
swarm_40_127.pdb	0	15.511	34.107	18.240
swarm_75_178.pdb	0	21.741	40.229	18.237
swarm_105_28.pdb	0	31.112	60.65	18.222
swarm_27_80.pdb	0	27.738	48.028	18.221
swarm_53_92.pdb	0	18.091	37.507	18.210
swarm_28_192.pdb	0	22.579	58.089	18.186
swarm_98_73.pdb	0	22.733	44.289	18.137
swarm_74_79.pdb	0	34.419	60.952	18.132
swarm_45_181.pdb	0	23.413	48.543	18.129
swarm_2_107.pdb	0	31.438	77.586	18.117
swarm_54_97.pdb	0	17.535	47.614	18.110
swarm_41_189.pdb	0	32.286	52.834	18.072
swarm_54_75.pdb	0	35.102	55.262	18.040
swarm_88_44.pdb	0	24.416	38.102	18.030
swarm_72_162.pdb	0	20.722	61.723	18.016
swarm_58_137.pdb	0	21.9	41.875	18.005
swarm_15_108.pdb	0	27.42	56.758	17.992
swarm_33_15.pdb	0	34.635	52.061	17.991
swarm_33_111.pdb	0	30.34	41.223	17.979
swarm_26_17.pdb	0	26.817	43.311	17.975
swarm_113_147.pdb	0	27.49	49.846	17.972
swarm_24_60.pdb	0	33.04	69.339	17.962
swarm_55_28.pdb	0	23.964	52.865	17.955
swarm_76_138.pdb	0	21.843	49.161	17.936
swarm_76_109.pdb	0	24.431	40.767	17.927
swarm_15_145.pdb	0	23.12	52.362	17.925
swarm_38_109.pdb	0	21.752	46.189	17.909
swarm_14_177.pdb	0	27.424	65.703	17.893
swarm_56_48.pdb	0	20.283	48.56	17.882
swarm_74_174.pdb	0	18.489	41.47	17.876
swarm_54_124.pdb	0	28.92	48.009	17.875
swarm_37_137.pdb	0	21.188	32.372	17.857
swarm_41_154.pdb	0	24.191	40.388	17.848
swarm_23_46.pdb	0	37.897	77.668	17.806
swarm_76_18.pdb	0	18.429	47.631	17.798
swarm_30_3.pdb	0	22.961	54.877	17.790
swarm_97_163.pdb	0	28.522	61.925	17.758
swarm_29_151.pdb	0	25.938	71.826	17.742
swarm_96_5.pdb	0	19.893	32.006	17.731
swarm_28_9.pdb	0	25.861	59.783	17.725
swarm_89_25.pdb	0	24.192	42.671	17.707
swarm_104_140.pdb	0	23.807	46.869	17.687
swarm_114_20.pdb	0	26.177	49.619	17.684
swarm_82_38.pdb	0	17.069	42.465	17.682
swarm_38_12.pdb	0	32.631	51.281	17.655
swarm_34_118.pdb	0	21.076	44.51	17.635
swarm_76_31.pdb	0	24.888	49.717	17.605
swarm_60_107.pdb	0	30.361	49.27	17.604
swarm_109_95.pdb	0	32.507	57.551	17.599
swarm_89_154.pdb	0	24.423	36.199	17.593
swarm_91_102.pdb	0	29.427	42.246	17.585
swarm_32_91.pdb	0	19.814	53.382	17.577
swarm_50_174.pdb	0	34.304	64.612	17.562
swarm_9_60.pdb	0	13.647	25.403	17.554
swarm_94_12.pdb	0	36.601	57.764	17.535
swarm_57_57.pdb	0	23.11	37.079	17.532
swarm_1_36.pdb	0	34.086	53.242	17.510
swarm_50_46.pdb	0	24.773	64.447	17.504
swarm_80_133.pdb	0	24.561	71.77	17.427
swarm_42_73.pdb	0	19.459	77.901	17.422
swarm_61_89.pdb	0	23.007	58.392	17.362
swarm_1_139.pdb	0	32.05	56.636	17.360
swarm_52_76.pdb	0	31.832	45.176	17.302
swarm_75_128.pdb	0	33.381	48.692	17.288
swarm_26_104.pdb	0	22.488	47.323	17.281
swarm_93_108.pdb	0	18.302	61.158	17.255
swarm_35_68.pdb	0	27.783	55.032	17.240
swarm_89_113.pdb	0	20.997	40.885	17.233
swarm_45_141.pdb	0	25.275	49.589	17.229
swarm_39_7.pdb	0	33.524	67.572	17.219
swarm_81_53.pdb	0	30.351	55.368	17.198
swarm_39_46.pdb	0	25.264	54.396	17.149
swarm_23_138.pdb	0	20.329	68.715	17.149
swarm_64_77.pdb	0	27.484	48.697	17.144
swarm_50_100.pdb	0	21.253	55.979	17.133
swarm_17_112.pdb	0	17.538	54.123	17.111
swarm_42_127.pdb	0	22.909	79.245	17.096
swarm_86_144.pdb	0	19.482	44.057	17.092
swarm_81_27.pdb	0	22.453	44.639	17.087
swarm_56_174.pdb	0	13.271	32.331	17.081
swarm_38_88.pdb	0	24.606	45.921	17.063
swarm_94_47.pdb	0	22.973	59.424	17.058
swarm_2_93.pdb	0	20.528	79.077	17.055
swarm_26_144.pdb	0	30.841	55.689	17.048
swarm_39_183.pdb	0	36.999	73.67	16.963
swarm_75_192.pdb	0	27.908	48.935	16.950
swarm_39_76.pdb	0	24.956	62.385	16.947
swarm_82_17.pdb	0	25.648	47.508	16.921
swarm_67_85.pdb	0	32.927	59.956	16.919
swarm_62_12.pdb	0	6.526	28.479	16.909
swarm_44_129.pdb	0	19.98	48.656	16.859
swarm_23_85.pdb	0	23.935	68.554	16.856
swarm_45_32.pdb	0	20.645	41.622	16.835
swarm_66_155.pdb	0	19.158	52.908	16.819
swarm_59_94.pdb	0	16.271	35.783	16.799
swarm_60_10.pdb	0	25.0	50.995	16.781
swarm_43_5.pdb	0	28.436	53.406	16.781
swarm_29_199.pdb	0	25.191	73.782	16.779
swarm_60_163.pdb	0	23.93	50.955	16.759
swarm_44_101.pdb	0	30.452	54.554	16.754
swarm_44_12.pdb	0	13.739	48.827	16.752
swarm_57_174.pdb	0	19.117	44.879	16.738
swarm_114_60.pdb	0	18.405	43.805	16.724
swarm_27_20.pdb	0	30.079	45.895	16.688
swarm_87_26.pdb	0	32.873	53.285	16.682
swarm_44_184.pdb	0	14.611	44.878	16.678
swarm_36_96.pdb	0	26.998	61.521	16.654
swarm_81_80.pdb	0	30.019	47.877	16.645
swarm_28_197.pdb	0	36.406	66.418	16.609
swarm_38_27.pdb	0	15.46	50.179	16.593
swarm_27_48.pdb	0	28.803	51.532	16.590
swarm_26_83.pdb	0	27.72	50.905	16.588
swarm_43_30.pdb	0	21.714	40.613	16.574
swarm_30_55.pdb	0	33.073	59.273	16.563
swarm_90_196.pdb	0	19.599	48.886	16.528
swarm_56_137.pdb	0	14.506	49.325	16.527
swarm_62_60.pdb	0	28.21	43.71	16.519
swarm_101_134.pdb	0	21.561	58.703	16.515
swarm_0_184.pdb	0	26.513	64.37	16.466
swarm_15_66.pdb	0	23.622	52.75	16.465
swarm_11_183.pdb	0	25.476	59.841	16.460
swarm_35_89.pdb	0	25.151	60.804	16.418
swarm_64_40.pdb	0	33.538	50.323	16.401
swarm_1_121.pdb	0	37.146	59.477	16.401
swarm_23_180.pdb	0	37.91	78.844	16.377
swarm_71_154.pdb	0	27.449	56.079	16.358
swarm_24_59.pdb	0	16.019	56.824	16.354
swarm_104_115.pdb	0	16.383	50.548	16.338
swarm_83_150.pdb	0	23.941	56.908	16.334
swarm_89_46.pdb	0	21.967	48.203	16.317
swarm_24_161.pdb	0	35.732	67.229	16.307
swarm_100_112.pdb	0	38.56	62.568	16.278
swarm_46_129.pdb	0	19.954	53.679	16.248
swarm_88_61.pdb	0	18.887	45.907	16.235
swarm_84_18.pdb	0	24.956	65.625	16.228
swarm_2_80.pdb	0	26.583	77.718	16.222
swarm_54_36.pdb	0	21.145	44.957	16.129
swarm_24_7.pdb	0	17.559	58.845	16.121
swarm_43_31.pdb	0	17.805	49.624	16.108
swarm_39_15.pdb	0	37.142	69.806	16.070
swarm_56_158.pdb	0	24.652	43.197	16.058
swarm_47_5.pdb	0	19.192	69.443	16.052
swarm_38_122.pdb	0	30.953	51.142	16.034
swarm_22_40.pdb	0	17.047	37.654	16.028
swarm_99_125.pdb	0	26.31	54.395	16.013
swarm_16_195.pdb	0	20.622	64.048	16.004
swarm_112_182.pdb	0	31.433	60.787	15.996
swarm_32_101.pdb	0	34.298	56.346	15.995
swarm_31_183.pdb	0	21.333	67.167	15.982
swarm_98_127.pdb	0	19.648	59.59	15.975
swarm_28_169.pdb	0	21.054	68.072	15.947
swarm_30_199.pdb	0	29.75	57.828	15.935
swarm_104_122.pdb	0	29.58	44.395	15.902
swarm_74_9.pdb	0	30.178	58.887	15.895
swarm_1_8.pdb	0	35.048	59.462	15.895
swarm_21_12.pdb	0	29.827	66.081	15.881
swarm_20_142.pdb	0	17.116	40.226	15.880
swarm_23_53.pdb	0	33.016	77.44	15.858
swarm_64_83.pdb	0	22.091	44.505	15.836
swarm_32_40.pdb	0	26.16	38.064	15.827
swarm_63_186.pdb	0	29.029	58.771	15.812
swarm_88_88.pdb	0	26.854	45.722	15.809
swarm_29_182.pdb	0	25.242	60.826	15.799
swarm_34_22.pdb	0	27.176	48.833	15.778
swarm_60_186.pdb	0	26.529	52.981	15.773
swarm_21_175.pdb	0	26.435	66.185	15.735
swarm_71_79.pdb	0	31.23	58.201	15.689
swarm_9_137.pdb	0	21.675	51.522	15.688
swarm_61_33.pdb	0	39.835	62.905	15.682
swarm_2_26.pdb	0	24.967	66.734	15.671
swarm_68_146.pdb	0	34.069	59.455	15.666
swarm_38_183.pdb	0	24.889	46.508	15.661
swarm_50_106.pdb	0	24.635	51.019	15.659
swarm_49_186.pdb	0	33.941	48.422	15.650
swarm_7_43.pdb	0	13.287	51.506	15.643
swarm_10_33.pdb	0	20.75	64.617	15.602
swarm_82_174.pdb	0	38.832	59.98	15.590
swarm_57_43.pdb	0	13.974	46.298	15.576
swarm_72_171.pdb	0	26.161	64.581	15.568
swarm_4_61.pdb	0	17.714	49.566	15.553
swarm_102_175.pdb	0	26.534	60.786	15.520
swarm_107_140.pdb	0	23.45	44.469	15.477
swarm_2_81.pdb	0	18.82	77.017	15.466
swarm_71_100.pdb	0	14.277	50.133	15.441
swarm_44_152.pdb	0	22.439	51.811	15.416
swarm_24_163.pdb	0	31.939	58.208	15.408
swarm_115_110.pdb	0	20.405	46.12	15.397
swarm_63_168.pdb	0	19.701	61.457	15.395
swarm_55_15.pdb	0	16.431	45.062	15.387
swarm_2_98.pdb	0	31.337	67.77	15.357
swarm_112_143.pdb	0	24.997	64.139	15.338
swarm_32_162.pdb	0	23.759	39.994	15.322
swarm_47_135.pdb	0	21.841	68.412	15.319
swarm_61_173.pdb	0	19.035	69.553	15.276
swarm_37_112.pdb	0.0135135	14.065	36.034	15.271
swarm_26_42.pdb	0	17.821	40.631	15.198
swarm_0_89.pdb	0	19.823	55.643	15.189
swarm_33_12.pdb	0	29.897	45.232	15.188
swarm_56_160.pdb	0.0135135	15.573	36.097	15.121
swarm_53_49.pdb	0	29.763	52.779	15.105
swarm_100_12.pdb	0	28.669	56.869	15.100
swarm_68_2.pdb	0	32.252	54.915	15.079
swarm_12_4.pdb	0	25.372	63.518	15.036
swarm_78_190.pdb	0	26.273	36.984	15.013
swarm_37_38.pdb	0	27.434	49.668	14.980
swarm_21_85.pdb	0	23.971	70.34	14.948
swarm_64_92.pdb	0	30.544	39.868	14.942
swarm_90_116.pdb	0	15.969	41.383	14.932
swarm_81_198.pdb	0	28.756	46.894	14.873
swarm_38_98.pdb	0	34.212	50.084	14.858
swarm_21_72.pdb	0	31.523	68.234	14.845
swarm_26_122.pdb	0	27.12	49.147	14.840
swarm_71_9.pdb	0	14.463	47.269	14.837
swarm_51_194.pdb	0	29.11	44.356	14.798
swarm_91_47.pdb	0	19.542	42.951	14.756
swarm_67_169.pdb	0	18.847	50.913	14.751
swarm_89_90.pdb	0	15.86	27.753	14.744
swarm_33_6.pdb	0	16.449	43.31	14.730
swarm_107_21.pdb	0	13.922	49.1	14.727
swarm_51_95.pdb	0	28.854	56.357	14.709
swarm_70_123.pdb	0	19.041	39.947	14.681
swarm_91_28.pdb	0	22.933	45.336	14.658
swarm_94_54.pdb	0	26.559	56.793	14.652
swarm_54_185.pdb	0	19.016	50.184	14.598
swarm_87_79.pdb	0	32.57	56.68	14.569
swarm_23_149.pdb	0	30.004	69.859	14.540
swarm_28_45.pdb	0	30.092	59.907	14.499
swarm_28_55.pdb	0	28.427	63.934	14.488
swarm_86_5.pdb	0	28.695	51.337	14.485
swarm_62_55.pdb	0	28.156	55.418	14.385
swarm_40_81.pdb	0	22.271	30.743	14.385
swarm_57_102.pdb	0	25.562	38.036	14.381
swarm_58_54.pdb	0	35.905	48.789	14.318
swarm_59_30.pdb	0	25.804	43.231	14.310
swarm_32_93.pdb	0	22.024	34.082	14.258
swarm_1_44.pdb	0	31.451	53.379	14.187
swarm_1_87.pdb	0	22.712	47.19	14.169
swarm_66_52.pdb	0	28.706	57.194	14.080
swarm_37_187.pdb	0	19.236	37.518	14.015
swarm_24_65.pdb	0	25.452	51.868	14.008
swarm_43_94.pdb	0	21.924	54.292	14.007
swarm_70_0.pdb	0	20.156	58.934	13.990
swarm_105_160.pdb	0	28.695	66.189	13.981
swarm_83_172.pdb	0	25.126	65.862	13.884
swarm_7_99.pdb	0	16.395	55.357	13.878
swarm_40_68.pdb	0	24.847	51.327	13.818
swarm_74_144.pdb	0	27.045	42.737	13.801
swarm_58_2.pdb	0	25.786	47.109	13.798
swarm_94_179.pdb	0	33.444	53.867	13.752
swarm_109_7.pdb	0	26.38	49.983	13.746
swarm_61_136.pdb	0	24.858	63.334	13.731
swarm_79_114.pdb	0	22.329	60.917	13.728
swarm_105_73.pdb	0	25.532	66.093	13.667
swarm_2_86.pdb	0	38.909	78.653	13.644
swarm_71_64.pdb	0	22.348	48.423	13.552
swarm_9_95.pdb	0	30.85	51.908	13.518
swarm_7_31.pdb	0	19.021	55.013	13.438
swarm_25_173.pdb	0	38.066	59.766	13.436
swarm_23_14.pdb	0	28.37	72.798	13.367
swarm_54_9.pdb	0	19.822	47.555	13.330
swarm_60_60.pdb	0	9.152	38.027	13.325
swarm_18_166.pdb	0	22.477	52.317	13.306
swarm_23_82.pdb	0	26.603	77.939	13.293
swarm_75_181.pdb	0	19.635	46.474	13.172
swarm_45_80.pdb	0	14.803	27.637	13.169
swarm_28_68.pdb	0	27.232	62.589	13.165
swarm_37_28.pdb	0	30.828	47.32	13.164
swarm_98_117.pdb	0	27.351	54.568	13.130
swarm_29_50.pdb	0	30.595	80.098	13.130
swarm_0_86.pdb	0	23.399	57.755	13.099
swarm_58_169.pdb	0	25.244	42.049	13.088
swarm_32_153.pdb	0	16.752	38.597	13.016
swarm_106_132.pdb	0	18.657	72.429	13.000
swarm_18_102.pdb	0	13.217	45.454	12.805
swarm_9_112.pdb	0	14.124	26.627	12.794
swarm_56_76.pdb	0	35.906	53.408	12.755
swarm_93_117.pdb	0	24.023	59.913	12.744
swarm_55_25.pdb	0	28.017	54.305	12.741
swarm_81_107.pdb	0	19.596	52.366	12.711
swarm_104_48.pdb	0	26.404	60.711	12.702
swarm_38_199.pdb	0	19.711	36.96	12.667
swarm_22_125.pdb	0	24.152	47.794	12.638
swarm_43_197.pdb	0	27.35	52.099	12.619
swarm_85_199.pdb	0	16.888	33.343	12.593
swarm_92_153.pdb	0	22.977	38.17	12.581
swarm_97_142.pdb	0	18.988	58.252	12.521
swarm_11_63.pdb	0	22.546	53.898	12.485
swarm_42_191.pdb	0	20.445	77.305	12.416
swarm_52_29.pdb	0	25.502	43.852	12.274
swarm_27_71.pdb	0	25.289	47.033	12.271
swarm_32_62.pdb	0	12.12	35.348	12.241
swarm_21_11.pdb	0	36.546	72.594	12.172
swarm_83_41.pdb	0	35.77	61.335	12.159
swarm_14_131.pdb	0	23.83	62.687	12.157
swarm_94_114.pdb	0	24.018	57.255	12.106
swarm_27_157.pdb	0	18.55	36.227	12.082
swarm_12_45.pdb	0	27.834	52.845	12.022
swarm_43_6.pdb	0	16.835	39.381	11.926
swarm_8_51.pdb	0	22.796	62.618	11.870
swarm_32_53.pdb	0	20.009	38.805	11.847
swarm_21_73.pdb	0	27.722	69.556	11.779
swarm_73_66.pdb	0	16.475	34.409	11.594
swarm_83_32.pdb	0	28.005	54.263	11.543
swarm_72_59.pdb	0	31.942	44.941	11.542
swarm_82_138.pdb	0	14.071	49.599	11.435
swarm_7_50.pdb	0	13.609	58.043	11.386
swarm_61_179.pdb	0	24.133	62.038	11.153
swarm_15_52.pdb	0	18.611	46.986	11.151
swarm_98_83.pdb	0	20.073	48.819	11.110
swarm_83_100.pdb	0	24.098	63.272	11.108
swarm_61_169.pdb	0	36.332	57.636	11.096
swarm_86_145.pdb	0	20.158	50.374	11.090
swarm_77_124.pdb	0	22.355	39.584	11.015
swarm_42_43.pdb	0	25.466	81.093	10.973
swarm_108_30.pdb	0	27.029	53.211	10.945
swarm_74_152.pdb	0	20.14	51.978	10.828
swarm_70_86.pdb	0	21.977	43.482	10.798
swarm_1_190.pdb	0	20.406	52.424	10.773
swarm_28_114.pdb	0	17.485	56.956	10.719
swarm_55_136.pdb	0	12.917	39.873	10.475
swarm_43_52.pdb	0	11.962	30.249	10.387
swarm_103_195.pdb	0	24.003	36.669	10.332
swarm_109_44.pdb	0	23.914	55.006	10.329
swarm_74_111.pdb	0	31.658	57.689	10.326
swarm_59_60.pdb	0	24.639	38.704	10.291
swarm_1_46.pdb	0	27.908	54.104	10.266
swarm_32_89.pdb	0	18.885	49.307	10.169
swarm_73_104.pdb	0	20.521	41.082	10.121
swarm_71_22.pdb	0	23.851	41.038	9.997
swarm_78_15.pdb	0	21.143	44.303	9.938
swarm_73_87.pdb	0	26.571	55.884	9.935
swarm_59_120.pdb	0	27.976	45.176	9.926
swarm_70_12.pdb	0	12.232	33.645	9.880
swarm_26_110.pdb	0	35.39	53.662	9.844
swarm_64_179.pdb	0	16.935	31.508	9.582
swarm_113_51.pdb	0	19.631	55.974	9.478
swarm_85_110.pdb	0	9.935	22.903	9.467
swarm_21_132.pdb	0	27.585	67.362	9.243
swarm_73_173.pdb	0	15.801	50.585	9.100
swarm_79_135.pdb	0	22.093	64.391	8.954
swarm_98_10.pdb	0	21.643	51.357	8.884
swarm_24_40.pdb	0	15.013	56.08	8.579
swarm_26_101.pdb	0	30.571	53.588	8.543
swarm_57_178.pdb	0	12.727	35.496	8.374
swarm_94_87.pdb	0	18.504	58.245	8.364
swarm_37_183.pdb	0	22.161	48.098	8.326
swarm_66_37.pdb	0	20.285	39.419	8.323
swarm_8_149.pdb	0	19.559	66.406	8.279
swarm_33_166.pdb	0	39.84	51.561	8.197
swarm_77_45.pdb	0	20.078	47.764	8.195
swarm_24_39.pdb	0	35.184	68.534	7.891
swarm_57_197.pdb	0	17.879	31.39	7.779
swarm_5_117.pdb	0	23.747	64.778	7.723
swarm_37_11.pdb	0	16.659	47.315	7.660
swarm_9_79.pdb	0	22.215	57.758	7.629
swarm_95_142.pdb	0	21.24	68.546	7.598
swarm_79_194.pdb	0	17.214	57.24	7.173
swarm_81_152.pdb	0	30.208	49.73	7.031
swarm_41_103.pdb	0	11.255	41.027	6.900
swarm_28_19.pdb	0	20.08	57.89	6.863
swarm_20_172.pdb	0	15.455	47.437	6.785
swarm_32_4.pdb	0	26.266	44.938	6.724
swarm_84_159.pdb	0	23.139	59.412	6.576
swarm_109_123.pdb	0	21.88	47.771	6.569
swarm_40_175.pdb	0	19.302	49.569	6.413
swarm_97_48.pdb	0	17.576	60.809	6.369
swarm_71_148.pdb	0	34.406	59.489	6.163
swarm_33_116.pdb	0	13.651	46.137	6.094
swarm_107_110.pdb	0	19.479	54.154	5.997
swarm_81_171.pdb	0	23.26	40.979	5.887
swarm_0_49.pdb	0	31.061	59.68	5.664
swarm_62_137.pdb	0	28.223	45.594	5.448
swarm_105_6.pdb	0	34.122	64.541	5.419
swarm_89_105.pdb	0	18.185	41.407	5.375
swarm_70_34.pdb	0	14.648	52.448	5.081
swarm_12_8.pdb	0	26.524	57.394	5.024
swarm_17_135.pdb	0	20.064	55.783	4.907
swarm_17_187.pdb	0	9.18	46.393	4.858
swarm_78_22.pdb	0	17.926	40.353	4.681
swarm_66_111.pdb	0	17.024	40.877	4.538
swarm_17_38.pdb	0	13.199	44.956	4.458
swarm_6_36.pdb	0	33.901	60.259	4.401
swarm_39_188.pdb	0	20.545	58.283	4.396
swarm_5_53.pdb	0	18.383	70.433	4.205
swarm_2_172.pdb	0	14.561	74.743	4.150
swarm_99_111.pdb	0	20.825	50.34	4.004
swarm_35_181.pdb	0	11.46	40.404	3.901
swarm_58_28.pdb	0	14.282	39.593	3.732
swarm_66_26.pdb	0	10.508	31.603	3.704
swarm_106_50.pdb	0	20.892	70.089	3.649
swarm_40_152.pdb	0	30.159	52.758	3.166
swarm_20_53.pdb	0	21.458	51.714	3.159
swarm_77_57.pdb	0	22.068	46.484	3.068
swarm_48_28.pdb	0	23.151	63.167	2.937
swarm_86_53.pdb	0	19.537	46.267	2.902
swarm_28_14.pdb	0	15.748	53.577	2.898
swarm_57_120.pdb	0	21.097	35.732	2.439
swarm_73_148.pdb	0	14.43	53.959	2.427
swarm_87_74.pdb	0.162162	6.323	52.881	2.353
swarm_51_81.pdb	0	20.035	53.445	2.351
swarm_10_193.pdb	0	37.656	78.459	1.619
swarm_82_47.pdb	0	7.393	31.093	1.604
swarm_20_136.pdb	0	18.92	50.518	0.955
swarm_75_20.pdb	0	20.26	39.613	0.836
swarm_88_83.pdb	0	14.218	46.468	0.609
swarm_28_85.pdb	0	21.938	66.395	0.439
swarm_16_34.pdb	0	21.47	68.101	0.164
swarm_108_48.pdb	0	29.759	49.155	0.051
swarm_100_96.pdb	0	23.317	57.7	0.017
swarm_25_88.pdb	0	14.929	52.785	-0.020
swarm_104_74.pdb	0	26.786	48.94	-0.037
swarm_50_99.pdb	0	21.53	55.222	-0.387
swarm_104_3.pdb	0	22.972	37.001	-0.407
swarm_36_116.pdb	0	16.36	46.821	-0.563
swarm_82_73.pdb	0	21.763	39.044	-0.572
swarm_75_107.pdb	0	36.25	51.5	-0.762
swarm_31_161.pdb	0	20.848	64.294	-0.959
swarm_73_18.pdb	0	22.062	49.632	-1.001
swarm_46_54.pdb	0	15.457	48.558	-1.107
swarm_39_139.pdb	0	18.227	60.835	-1.276
swarm_22_137.pdb	0	11.424	36.326	-1.342
swarm_108_70.pdb	0	24.964	40.901	-1.558
swarm_57_40.pdb	0	25.873	47.472	-1.724
swarm_1_78.pdb	0	22.564	60.745	-1.764
swarm_47_6.pdb	0	20.05	66.404	-1.836
swarm_114_139.pdb	0	18.754	46.267	-2.383
swarm_92_101.pdb	0	20.492	47.382	-2.443
swarm_50_143.pdb	0	36.352	65.334	-3.066
swarm_100_189.pdb	0	23.455	50.917	-3.112
swarm_47_92.pdb	0	18.058	65.982	-3.139
swarm_81_78.pdb	0	26.671	45.196	-3.146
swarm_20_93.pdb	0	21.391	51.981	-3.513
swarm_8_118.pdb	0	17.572	55.067	-3.561
swarm_28_82.pdb	0	16.086	45.392	-3.690
swarm_53_93.pdb	0	21.838	47.657	-3.693
swarm_68_65.pdb	0	13.787	35.259	-3.856
swarm_67_99.pdb	0	20.631	48.871	-3.945
swarm_48_73.pdb	0	23.483	58.121	-3.970
swarm_84_10.pdb	0	19.833	49.553	-4.033
swarm_66_58.pdb	0	11.641	36.804	-4.425
swarm_64_133.pdb	0	27.9	39.903	-4.722
swarm_51_134.pdb	0	19.365	51.814	-4.798
swarm_111_142.pdb	0	19.583	58.379	-5.137
swarm_64_118.pdb	0	24.123	39.116	-5.548
swarm_63_70.pdb	0	17.763	64.436	-5.557
swarm_47_121.pdb	0	26.548	65.486	-5.815
swarm_64_102.pdb	0	23.671	42.536	-5.864
swarm_3_117.pdb	0	13.511	52.554	-5.905
swarm_48_196.pdb	0	26.447	58.359	-5.943
swarm_13_152.pdb	0	16.72	48.528	-5.944
swarm_50_43.pdb	0	19.672	49.504	-6.432
swarm_68_115.pdb	0	16.335	49.72	-6.543
swarm_41_85.pdb	0	17.93	44.195	-6.563
swarm_12_91.pdb	0	26.802	54.688	-6.570
swarm_49_136.pdb	0	20.914	41.163	-6.603
swarm_105_78.pdb	0	26.008	62.469	-6.801
swarm_39_107.pdb	0	23.142	68.523	-6.904
swarm_101_71.pdb	0	23.425	56.889	-9.010
swarm_27_120.pdb	0	23.519	49.228	-9.699
swarm_112_149.pdb	0.0135135	9.88	54.589	-9.700
swarm_39_27.pdb	0	27.275	65.289	-11.895
swarm_7_51.pdb	0	37.194	57.406	-12.350
swarm_33_30.pdb	0	28.263	44.78	-12.586
swarm_3_182.pdb	0	24.038	55.991	-12.831
swarm_87_124.pdb	0.121622	7.378	43.596	-13.012
swarm_50_68.pdb	0	27.146	64.308	-13.052
swarm_91_133.pdb	0	19.263	46.675	-13.505
swarm_17_127.pdb	0	20.559	48.704	-14.284
swarm_78_13.pdb	0	25.943	48.221	-14.556
swarm_7_89.pdb	0	36.378	59.106	-14.609
swarm_85_85.pdb	0	28.07	51.611	-14.747
swarm_29_75.pdb	0	18.395	79.127	-14.832
swarm_13_67.pdb	0	27.152	56.76	-14.899
swarm_1_167.pdb	0	25.467	40.201	-15.187
swarm_84_169.pdb	0	25.938	58.213	-15.935
swarm_110_13.pdb	0	20.667	61.196	-16.158
swarm_84_116.pdb	0	36.961	61.081	-16.361
swarm_51_6.pdb	0	16.997	47.615	-16.868
swarm_29_91.pdb	0	23.304	72.941	-16.938
swarm_109_175.pdb	0	29.714	48.771	-17.371
swarm_65_151.pdb	0	26.017	50.443	-17.933
swarm_50_117.pdb	0	20.781	61.834	-18.293
swarm_69_80.pdb	0	17.781	46.039	-18.350
swarm_78_24.pdb	0	34.526	54.684	-18.699
swarm_34_127.pdb	0	18.595	42.968	-19.557
swarm_111_71.pdb	0	12.267	42.093	-19.576
swarm_86_28.pdb	0	18.064	47.636	-19.828
swarm_81_190.pdb	0	26.842	49.869	-20.733
swarm_114_135.pdb	0	21.334	50.323	-20.882
swarm_11_108.pdb	0	17.742	50.503	-21.221
swarm_36_89.pdb	0	33.139	54.065	-21.603
swarm_52_153.pdb	0	17.316	47.4	-22.193
swarm_84_149.pdb	0	30.429	54.23	-22.506
swarm_38_22.pdb	0	28.5	49.149	-23.130
swarm_31_139.pdb	0	25.767	69.47	-23.381
swarm_114_97.pdb	0	21.003	37.152	-23.405
swarm_105_104.pdb	0	19.295	63.424	-23.922
swarm_41_102.pdb	0	26.5	55.519	-24.526
swarm_46_184.pdb	0	21.872	53.14	-24.769
swarm_34_16.pdb	0	20.384	33.781	-25.397
swarm_10_136.pdb	0	21.466	63.832	-25.498
swarm_88_99.pdb	0	19.238	50.5	-26.146
swarm_10_81.pdb	0	25.541	64.557	-26.210
swarm_63_188.pdb	0	24.14	56.705	-26.313
swarm_12_131.pdb	0	27.29	57.3	-26.603
swarm_24_17.pdb	0	15.668	52.219	-26.917
swarm_19_132.pdb	0	18.278	54.241	-26.948
swarm_82_127.pdb	0	12.344	34.728	-26.988
swarm_31_65.pdb	0	31.956	69.549	-27.244
swarm_80_92.pdb	0	22.238	65.676	-27.281
swarm_114_142.pdb	0	22.55	37.371	-27.686
swarm_13_164.pdb	0	36.415	61.54	-30.421
swarm_82_190.pdb	0	23.335	47.536	-30.860
swarm_27_36.pdb	0	22.686	56.859	-31.657
swarm_74_181.pdb	0	21.603	55.354	-31.979
swarm_88_18.pdb	0	18.203	48.706	-32.166
swarm_39_169.pdb	0	22.166	61.216	-32.298
swarm_112_116.pdb	0	15.546	44.183	-32.768
swarm_84_41.pdb	0	28.75	46.467	-32.840
swarm_69_160.pdb	0	24.103	56.75	-32.912
swarm_92_182.pdb	0	15.872	44.671	-33.584
swarm_13_161.pdb	0	27.186	62.46	-34.247
swarm_3_151.pdb	0	25.736	60.609	-34.279
swarm_50_102.pdb	0	21.644	54.79	-34.517
swarm_81_69.pdb	0	20.103	37.712	-34.794
swarm_52_197.pdb	0	25.746	48.814	-35.187
swarm_92_113.pdb	0	20.186	37.884	-35.308
swarm_108_157.pdb	0	23.047	36.131	-35.599
swarm_47_11.pdb	0	20.248	69.237	-35.749
swarm_18_22.pdb	0	18.17	53.373	-36.075
swarm_56_105.pdb	0	18.439	37.893	-36.192
swarm_30_148.pdb	0	25.542	52.976	-36.559
swarm_48_187.pdb	0	31.0	61.037	-36.703
swarm_73_43.pdb	0	13.761	33.69	-36.712
swarm_11_39.pdb	0	18.457	54.08	-36.984
swarm_94_133.pdb	0	17.82	58.911	-37.351
swarm_105_180.pdb	0	22.545	57.402	-37.485
swarm_73_133.pdb	0	19.51	54.282	-38.823
swarm_9_143.pdb	0	20.06	53.348	-38.918
swarm_104_107.pdb	0	24.864	48.421	-39.084
swarm_51_197.pdb	0	19.946	50.778	-39.416
swarm_10_181.pdb	0	12.51	69.837	-39.558
swarm_99_54.pdb	0	32.254	64.776	-39.886
swarm_88_108.pdb	0	30.307	56.493	-39.903
swarm_25_65.pdb	0	16.144	50.833	-40.641
swarm_82_43.pdb	0	12.005	35.517	-41.034
swarm_51_8.pdb	0	16.019	49.296	-42.147
swarm_39_163.pdb	0	38.876	71.909	-42.874
swarm_68_3.pdb	0	16.525	47.481	-43.462
swarm_36_55.pdb	0	22.069	59.185	-44.342
swarm_18_29.pdb	0	18.662	51.778	-44.637
swarm_54_177.pdb	0	22.155	51.946	-47.220
swarm_11_188.pdb	0	24.218	60.194	-47.337
swarm_106_165.pdb	0	22.696	63.704	-47.827
swarm_82_40.pdb	0	18.218	49.534	-48.204
swarm_93_163.pdb	0	27.391	63.289	-48.480
swarm_18_149.pdb	0	22.299	49.962	-48.753
swarm_69_110.pdb	0	24.55	54.423	-49.002
swarm_71_177.pdb	0	19.436	47.686	-49.101
swarm_109_26.pdb	0	14.09	48.228	-50.025
swarm_46_29.pdb	0	13.493	42.862	-51.362
swarm_93_91.pdb	0	21.679	62.587	-51.651
swarm_41_49.pdb	0	14.622	41.811	-51.765
swarm_113_161.pdb	0	12.126	49.225	-54.480
swarm_76_188.pdb	0.0675676	12.016	43.197	-57.497
swarm_104_38.pdb	0	15.558	50.625	-57.539
swarm_106_76.pdb	0	29.201	68.745	-57.684
swarm_48_122.pdb	0	19.764	58.614	-57.938
swarm_77_86.pdb	0	18.931	38.892	-57.946
swarm_36_10.pdb	0	19.886	64.763	-57.985
swarm_114_173.pdb	0	25.356	35.657	-58.084
swarm_22_1.pdb	0	21.29	42.576	-58.159
swarm_91_191.pdb	0	16.491	37.844	-58.323
swarm_80_44.pdb	0	22.31	71.971	-58.837
swarm_2_184.pdb	0	21.722	75.068	-59.523
swarm_91_26.pdb	0	18.91	44.921	-59.977
swarm_112_192.pdb	0	19.92	65.408	-60.939
swarm_20_185.pdb	0	23.378	52.808	-61.064
swarm_8_19.pdb	0	22.197	63.902	-61.505
swarm_27_21.pdb	0	35.792	54.896	-63.077
swarm_51_53.pdb	0	17.186	45.314	-64.294
swarm_46_22.pdb	0	15.827	47.176	-66.196
swarm_92_36.pdb	0	18.064	42.421	-66.745
swarm_111_135.pdb	0	20.425	60.822	-67.356
swarm_114_15.pdb	0	25.923	54.036	-69.437
swarm_91_0.pdb	0	17.321	34.798	-69.571
swarm_67_29.pdb	0	36.554	60.231	-70.347
swarm_62_54.pdb	0	7.89	25.322	-72.325
swarm_11_32.pdb	0	17.813	53.955	-72.752
swarm_99_45.pdb	0	20.488	56.571	-72.816
swarm_77_38.pdb	0	18.739	44.046	-73.083
swarm_55_92.pdb	0	22.717	54.909	-73.174
swarm_79_103.pdb	0	20.511	60.464	-75.773
swarm_36_115.pdb	0	35.674	63.165	-77.354
swarm_59_68.pdb	0.486486	4.512	28.431	-77.530
swarm_88_138.pdb	0	23.392	44.982	-77.670
swarm_31_119.pdb	0	35.67	68.603	-77.680
swarm_106_178.pdb	0	19.017	70.639	-78.116
swarm_101_177.pdb	0	31.585	60.668	-79.604
swarm_85_147.pdb	0.162162	6.261	22.697	-79.672
swarm_46_1.pdb	0.0135135	13.978	40.908	-79.758
swarm_2_9.pdb	0	21.276	77.853	-80.700
swarm_52_21.pdb	0	17.622	44.96	-80.898
swarm_101_176.pdb	0	25.691	58.613	-82.541
swarm_53_28.pdb	0	15.472	32.568	-82.775
swarm_26_7.pdb	0	31.926	48.221	-83.160
swarm_85_47.pdb	0.0810811	8.145	25.259	-84.020
swarm_69_77.pdb	0	15.756	41.134	-84.161
swarm_45_175.pdb	0	12.698	26.717	-84.759
swarm_0_102.pdb	0	20.071	59.287	-84.827
swarm_43_21.pdb	0	15.84	51.141	-86.394
swarm_113_47.pdb	0	10.66	40.105	-88.599
swarm_71_96.pdb	0	16.346	50.386	-88.906
swarm_79_57.pdb	0	25.518	61.641	-89.357
swarm_58_38.pdb	0	13.207	44.67	-91.998
swarm_38_61.pdb	0	32.429	50.606	-92.004
swarm_95_181.pdb	0	23.831	63.862	-93.221
swarm_38_29.pdb	0	33.903	50.998	-93.793
swarm_63_149.pdb	0	13.478	59.79	-93.932
swarm_110_57.pdb	0	28.226	60.401	-94.671
swarm_59_124.pdb	0	19.596	43.606	-95.731
swarm_110_118.pdb	0	39.378	66.259	-99.901
swarm_27_118.pdb	0	23.157	49.325	-100.016
swarm_65_193.pdb	0	22.551	42.203	-100.200
swarm_110_102.pdb	0	26.792	58.784	-100.539
swarm_89_156.pdb	0	22.575	48.091	-101.379
swarm_70_26.pdb	0	18.56	39.829	-101.902
swarm_5_109.pdb	0	29.595	71.42	-102.214
swarm_80_56.pdb	0	24.149	64.057	-102.761
swarm_40_23.pdb	0.121622	11.687	45.347	-105.920
swarm_5_100.pdb	0	28.939	71.605	-106.886
swarm_53_108.pdb	0	13.795	27.674	-107.431
swarm_70_193.pdb	0	15.501	36.158	-107.848
swarm_5_169.pdb	0	29.821	71.624	-110.437
swarm_63_81.pdb	0	14.67	59.262	-115.922
swarm_110_85.pdb	0	30.649	62.379	-116.585
swarm_85_54.pdb	0	14.393	42.021	-117.526
swarm_45_61.pdb	0	20.542	41.917	-118.814
swarm_7_129.pdb	0	34.204	51.357	-122.160
swarm_25_60.pdb	0.0135135	13.074	48.237	-124.572
swarm_58_17.pdb	0.0135135	19.094	42.371	-124.882
swarm_82_30.pdb	0	24.266	50.162	-126.832
swarm_79_139.pdb	0	16.621	58.77	-132.128
swarm_94_14.pdb	0	12.722	44.94	-132.242
swarm_71_49.pdb	0	13.788	48.409	-133.327
swarm_113_83.pdb	0	12.624	46.946	-134.573
swarm_110_23.pdb	0	31.081	63.459	-137.421
swarm_43_29.pdb	0	18.945	42.037	-140.366
swarm_88_104.pdb	0	20.179	48.949	-143.516
swarm_109_71.pdb	0	16.273	49.19	-144.106
swarm_63_101.pdb	0	19.367	59.061	-149.045
swarm_5_52.pdb	0	24.799	70.627	-152.578
swarm_73_65.pdb	0	22.68	52.452	-157.549
swarm_70_117.pdb	0.22973	7.663	42.116	-160.261
swarm_64_155.pdb	0	17.002	43.513	-177.794
swarm_76_108.pdb	0	15.159	53.09	-186.313
swarm_78_142.pdb	0.0540541	9.366	27.283	-188.860
swarm_86_61.pdb	0	17.845	41.136	-191.236
swarm_55_38.pdb	0	13.393	43.495	-193.530
swarm_68_82.pdb	0	13.577	37.305	-198.491
swarm_51_160.pdb	0	16.739	49.058	-208.028
swarm_66_157.pdb	0	13.888	34.312	-211.505
swarm_63_88.pdb	0	20.826	57.513	-222.200
swarm_6_159.pdb	0	21.01	62.506	-256.704
swarm_113_73.pdb	0	11.373	53.855	-271.812
swarm_10_126.pdb	0	30.902	69.329	-288.838
swarm_98_66.pdb	0	14.276	46.873	-324.310
swarm_17_8.pdb	0	21.554	60.028	-326.528
swarm_54_54.pdb	0	11.537	41.201	-333.589
