swarm_52_52.pdb	0.2	4.318	11.676	33.117
swarm_64_57.pdb	0.64	1.678	5.293	30.876
swarm_33_110.pdb	0.773333	0.979	2.095	29.283
swarm_54_53.pdb	0.04	11.464	30.607	28.000
swarm_42_180.pdb	0.12	4.180	13.379	27.107
swarm_58_27.pdb	0	15.852	24.549	26.950
swarm_49_157.pdb	0	12.091	39.274	26.226
swarm_59_81.pdb	0.626667	0.956	2.312	26.121
swarm_60_151.pdb	0.0133333	15.757	25.779	26.107
swarm_60_178.pdb	0.0666667	7.670	14.584	25.925
swarm_61_187.pdb	0	15.870	24.038	25.488
swarm_69_86.pdb	0	16.476	26.209	25.198
swarm_17_31.pdb	0.133333	8.094	15.338	25.138
swarm_42_192.pdb	0.0266667	15.258	27.623	25.116
swarm_42_75.pdb	0.106667	8.158	21.320	24.974
swarm_27_6.pdb	0	8.226	16.127	24.946
swarm_61_30.pdb	0.08	8.812	17.824	24.942
swarm_8_112.pdb	0.04	14.729	29.103	24.658
swarm_49_159.pdb	0	18.408	41.946	24.388
swarm_21_103.pdb	0	12.014	18.803	24.316
swarm_58_192.pdb	0.0133333	16.539	24.282	24.104
swarm_60_141.pdb	0	13.884	21.579	23.986
swarm_21_96.pdb	0.0133333	14.476	24.426	23.682
swarm_21_116.pdb	0.0666667	10.195	22.768	23.631
swarm_58_150.pdb	0.52	2.101	5.164	23.478
swarm_30_116.pdb	0	9.933	14.332	23.424
swarm_62_72.pdb	0	12.845	19.522	23.408
swarm_50_37.pdb	0.0266667	13.061	40.632	23.316
swarm_52_4.pdb	0	18.247	29.821	23.211
swarm_52_168.pdb	0.173333	7.486	15.893	23.193
swarm_53_104.pdb	0	10.015	19.480	23.181
swarm_27_62.pdb	0	14.960	28.053	23.054
swarm_44_36.pdb	0.04	9.848	21.557	22.998
swarm_60_57.pdb	0.186667	3.601	9.654	22.898
swarm_63_111.pdb	0.0133333	10.361	17.838	22.895
swarm_69_126.pdb	0	14.287	21.094	22.885
swarm_65_130.pdb	0	13.455	24.296	22.863
swarm_33_183.pdb	0	16.288	25.925	22.851
swarm_57_91.pdb	0	11.203	19.112	22.822
swarm_57_174.pdb	0	14.173	22.443	22.803
swarm_51_35.pdb	0	16.474	29.354	22.671
swarm_39_59.pdb	0	11.144	38.497	22.663
swarm_32_107.pdb	0.04	13.787	38.937	22.557
swarm_39_115.pdb	0	12.064	40.484	22.490
swarm_31_60.pdb	0.0533333	12.948	40.052	22.490
swarm_60_6.pdb	0	16.026	27.683	22.475
swarm_26_178.pdb	0.106667	14.849	25.457	22.473
swarm_63_12.pdb	0	9.739	19.739	22.448
swarm_48_110.pdb	0.0266667	16.286	35.079	22.332
swarm_55_162.pdb	0	14.830	38.395	22.320
swarm_36_98.pdb	0.0133333	14.184	38.737	22.284
swarm_69_142.pdb	0.0133333	6.389	16.356	22.185
swarm_37_165.pdb	0.0133333	13.233	40.152	22.114
swarm_48_41.pdb	0	10.135	23.979	22.085
swarm_61_156.pdb	0	14.073	23.680	22.049
swarm_54_182.pdb	0	14.551	23.899	22.007
swarm_46_197.pdb	0.04	13.909	24.802	21.993
swarm_41_65.pdb	0.0133333	16.006	30.379	21.973
swarm_64_98.pdb	0	14.907	23.676	21.968
swarm_64_7.pdb	0	10.788	18.104	21.793
swarm_55_166.pdb	0.04	12.683	34.547	21.571
swarm_44_182.pdb	0	18.142	30.869	21.562
swarm_27_104.pdb	0	7.969	16.642	21.486
swarm_52_158.pdb	0.0133333	14.173	23.614	21.299
swarm_42_57.pdb	0	14.303	25.772	21.283
swarm_49_61.pdb	0	12.487	40.274	21.251
swarm_66_11.pdb	0.0133333	13.657	31.040	21.231
swarm_41_13.pdb	0	17.782	27.887	21.140
swarm_50_184.pdb	0	12.896	42.781	21.002
swarm_66_172.pdb	0	10.559	19.962	20.950
swarm_70_138.pdb	0.0266667	16.344	25.276	20.847
swarm_22_156.pdb	0.0666667	13.421	41.353	20.817
swarm_60_71.pdb	0	14.123	23.656	20.816
swarm_57_128.pdb	0.04	14.648	24.025	20.779
swarm_49_182.pdb	0	16.093	35.854	20.749
swarm_59_182.pdb	0	13.904	23.251	20.746
swarm_8_93.pdb	0	14.212	25.110	20.695
swarm_3_125.pdb	0.08	13.856	21.465	20.461
swarm_58_106.pdb	0	14.892	28.849	20.452
swarm_42_0.pdb	0	15.973	25.248	20.410
swarm_58_179.pdb	0.0533333	9.102	19.925	20.394
swarm_14_191.pdb	0.0533333	13.454	40.945	20.381
swarm_51_169.pdb	0	19.752	36.804	20.302
swarm_50_167.pdb	0.04	13.041	40.662	20.296
swarm_4_171.pdb	0	11.214	34.665	20.281
swarm_24_24.pdb	0	12.632	36.936	20.259
swarm_70_52.pdb	0	16.270	24.652	20.224
swarm_66_16.pdb	0	10.972	28.087	20.187
swarm_9_132.pdb	0	13.551	42.552	20.128
swarm_54_188.pdb	0.16	3.493	10.772	20.081
swarm_40_52.pdb	0	13.041	38.507	20.024
swarm_60_78.pdb	0	14.163	24.515	20.007
swarm_57_118.pdb	0.0266667	7.708	17.044	19.953
swarm_66_75.pdb	0	13.847	24.068	19.935
swarm_52_43.pdb	0	15.143	28.532	19.908
swarm_3_144.pdb	0.12	6.300	13.202	19.893
swarm_66_115.pdb	0	16.925	25.626	19.888
swarm_36_17.pdb	0	12.644	35.935	19.864
swarm_63_152.pdb	0	11.843	28.005	19.852
swarm_42_53.pdb	0	17.084	29.198	19.806
swarm_61_130.pdb	0	15.623	23.964	19.747
swarm_62_126.pdb	0.0266667	10.687	23.488	19.674
swarm_31_17.pdb	0.0133333	13.224	40.815	19.614
swarm_54_175.pdb	0.0533333	13.496	27.118	19.613
swarm_68_150.pdb	0	13.087	23.526	19.607
swarm_55_83.pdb	0	10.815	33.644	19.549
swarm_31_180.pdb	0.0666667	13.358	37.258	19.510
swarm_18_18.pdb	0.0266667	11.212	36.850	19.509
swarm_24_100.pdb	0	17.399	37.843	19.483
swarm_64_117.pdb	0.0133333	8.661	19.002	19.474
swarm_69_48.pdb	0	11.349	30.273	19.458
swarm_68_19.pdb	0	8.466	19.319	19.425
swarm_40_40.pdb	0	8.705	27.361	19.404
swarm_53_29.pdb	0.0133333	8.476	17.604	19.400
swarm_36_190.pdb	0.0933333	13.626	38.321	19.378
swarm_30_17.pdb	0	12.025	20.089	19.354
swarm_39_35.pdb	0	19.646	41.782	19.330
swarm_36_122.pdb	0	14.100	37.998	19.271
swarm_3_62.pdb	0.04	16.708	25.752	19.212
swarm_30_74.pdb	0.173333	3.684	10.224	19.149
swarm_24_122.pdb	0.04	13.038	40.741	19.135
swarm_61_3.pdb	0	14.792	22.956	19.119
swarm_33_68.pdb	0.106667	10.560	19.177	19.084
swarm_18_99.pdb	0	16.832	38.015	19.082
swarm_24_63.pdb	0	13.812	41.141	19.081
swarm_47_111.pdb	0.0133333	14.208	37.646	19.078
swarm_35_182.pdb	0	14.987	38.685	19.041
swarm_62_69.pdb	0	14.155	22.925	18.990
swarm_10_139.pdb	0.0666667	14.016	39.711	18.982
swarm_42_18.pdb	0.0266667	16.367	32.444	18.950
swarm_4_199.pdb	0.0266667	15.376	35.763	18.945
swarm_41_69.pdb	0	9.463	27.629	18.910
swarm_39_176.pdb	0.0666667	13.676	38.394	18.909
swarm_57_161.pdb	0	11.373	23.039	18.885
swarm_39_84.pdb	0	17.800	39.159	18.872
swarm_44_8.pdb	0	15.615	28.880	18.870
swarm_50_116.pdb	0	16.284	36.757	18.852
swarm_45_79.pdb	0.08	17.005	25.972	18.832
swarm_68_197.pdb	0	11.938	26.650	18.741
swarm_21_80.pdb	0	16.875	26.685	18.736
swarm_28_125.pdb	0	18.641	38.896	18.704
swarm_64_124.pdb	0.0133333	15.231	28.903	18.699
swarm_47_86.pdb	0	11.330	38.216	18.667
swarm_53_116.pdb	0	15.497	29.123	18.608
swarm_31_32.pdb	0	14.288	41.547	18.566
swarm_68_61.pdb	0	15.036	36.148	18.558
swarm_65_146.pdb	0.04	10.396	22.807	18.549
swarm_37_100.pdb	0.0133333	14.814	38.305	18.545
swarm_29_128.pdb	0	20.026	35.751	18.451
swarm_21_173.pdb	0.0133333	12.647	18.973	18.353
swarm_52_15.pdb	0	13.494	20.206	18.348
swarm_59_27.pdb	0	15.016	22.402	18.334
swarm_51_22.pdb	0.0133333	15.113	35.141	18.311
swarm_19_4.pdb	0.0533333	13.258	39.016	18.308
swarm_66_1.pdb	0	18.272	32.618	18.278
swarm_59_147.pdb	0	11.748	22.790	18.237
swarm_29_45.pdb	0.0133333	16.771	31.491	18.221
swarm_54_78.pdb	0	15.017	25.758	18.210
swarm_22_124.pdb	0	15.027	44.390	18.114
swarm_61_141.pdb	0	15.650	26.770	18.096
swarm_46_19.pdb	0.0266667	13.128	31.919	18.092
swarm_22_133.pdb	0	13.071	46.233	18.080
swarm_6_107.pdb	0.0266667	15.806	35.714	18.033
swarm_18_140.pdb	0.08	11.980	35.819	17.953
swarm_39_188.pdb	0	16.953	37.529	17.923
swarm_46_132.pdb	0	16.781	28.832	17.881
swarm_16_35.pdb	0	16.756	38.744	17.869
swarm_43_46.pdb	0	11.936	23.785	17.843
swarm_65_83.pdb	0	13.013	22.756	17.832
swarm_52_147.pdb	0	15.882	25.836	17.778
swarm_40_145.pdb	0.04	15.685	35.045	17.774
swarm_44_38.pdb	0	15.937	26.337	17.755
swarm_38_52.pdb	0	8.873	31.628	17.748
swarm_33_79.pdb	0	13.928	21.029	17.711
swarm_32_137.pdb	0	13.947	34.939	17.708
swarm_27_71.pdb	0	16.106	29.571	17.706
swarm_62_166.pdb	0	14.870	24.220	17.686
swarm_43_59.pdb	0.0133333	14.133	30.038	17.622
swarm_54_155.pdb	0	9.518	25.154	17.612
swarm_58_22.pdb	0.0133333	16.548	30.947	17.577
swarm_41_149.pdb	0.0133333	18.821	38.873	17.577
swarm_60_63.pdb	0.0133333	14.995	25.049	17.576
swarm_27_147.pdb	0	7.150	22.167	17.554
swarm_68_82.pdb	0	17.977	33.446	17.483
swarm_31_197.pdb	0	17.099	39.989	17.483
swarm_32_171.pdb	0	10.555	35.052	17.452
swarm_50_139.pdb	0	16.085	42.974	17.436
swarm_34_128.pdb	0.04	12.235	35.446	17.434
swarm_35_164.pdb	0.0266667	11.350	35.040	17.422
swarm_55_39.pdb	0	15.936	31.002	17.415
swarm_24_156.pdb	0	17.970	40.068	17.395
swarm_30_153.pdb	0.16	9.269	17.134	17.388
swarm_37_97.pdb	0.0266667	12.655	33.666	17.366
swarm_48_65.pdb	0	19.259	33.931	17.258
swarm_27_32.pdb	0	18.514	26.971	17.257
swarm_22_110.pdb	0	13.661	43.013	17.186
swarm_51_45.pdb	0.0133333	12.556	29.029	17.177
swarm_60_146.pdb	0	15.411	22.730	17.108
swarm_66_29.pdb	0.0133333	5.629	16.960	17.094
swarm_16_11.pdb	0	19.631	35.704	17.085
swarm_28_68.pdb	0	8.676	29.570	17.073
swarm_48_60.pdb	0	16.490	30.804	17.032
swarm_69_11.pdb	0	15.575	29.356	17.025
swarm_48_145.pdb	0	12.450	39.120	16.987
swarm_30_143.pdb	0	14.736	24.834	16.987
swarm_65_141.pdb	0.0133333	17.521	29.176	16.963
swarm_31_11.pdb	0	12.500	35.728	16.940
swarm_6_170.pdb	0	19.859	35.939	16.928
swarm_29_90.pdb	0	11.457	34.888	16.840
swarm_3_179.pdb	0	16.753	23.370	16.837
swarm_43_51.pdb	0	16.305	34.701	16.834
swarm_29_126.pdb	0	13.605	35.410	16.805
swarm_70_92.pdb	0	17.203	25.774	16.799
swarm_25_95.pdb	0	15.626	27.851	16.793
swarm_19_195.pdb	0	18.756	38.386	16.722
swarm_16_126.pdb	0	14.193	39.388	16.681
swarm_4_136.pdb	0	13.683	36.766	16.678
swarm_49_121.pdb	0.0133333	13.232	37.020	16.671
swarm_57_187.pdb	0	18.624	30.063	16.651
swarm_48_77.pdb	0	16.024	36.002	16.631
swarm_33_111.pdb	0	15.256	22.089	16.626
swarm_65_134.pdb	0	16.841	28.482	16.599
swarm_64_47.pdb	0	16.303	23.099	16.594
swarm_9_33.pdb	0	16.878	36.666	16.587
swarm_37_143.pdb	0	16.571	39.053	16.578
swarm_15_58.pdb	0	18.226	34.312	16.549
swarm_64_28.pdb	0	13.537	20.633	16.521
swarm_14_115.pdb	0	13.935	42.733	16.500
swarm_36_173.pdb	0.0133333	10.212	35.493	16.477
swarm_55_183.pdb	0	17.594	36.674	16.467
swarm_4_169.pdb	0.04	13.607	39.422	16.467
swarm_4_141.pdb	0.04	16.751	37.180	16.461
swarm_29_137.pdb	0.0266667	12.228	35.403	16.425
swarm_71_136.pdb	0	16.840	38.208	16.414
swarm_17_136.pdb	0.173333	6.207	19.046	16.404
swarm_29_60.pdb	0	16.704	31.605	16.383
swarm_38_170.pdb	0	13.694	35.694	16.352
swarm_43_115.pdb	0	17.039	33.666	16.338
swarm_56_121.pdb	0	16.514	26.389	16.310
swarm_31_188.pdb	0	14.402	38.106	16.310
swarm_52_95.pdb	0	16.464	25.323	16.289
swarm_47_147.pdb	0	12.316	36.559	16.261
swarm_49_143.pdb	0	15.984	38.946	16.259
swarm_51_5.pdb	0	17.807	30.805	16.219
swarm_21_142.pdb	0	14.966	23.447	16.193
swarm_7_165.pdb	0.106667	5.214	15.390	16.183
swarm_65_102.pdb	0	15.596	27.976	16.180
swarm_37_58.pdb	0.0133333	10.853	36.133	16.166
swarm_19_92.pdb	0	16.651	35.781	16.163
swarm_31_131.pdb	0	17.507	41.441	16.148
swarm_27_197.pdb	0	16.216	31.003	16.144
swarm_19_193.pdb	0	17.494	39.740	16.135
swarm_53_182.pdb	0	9.420	21.311	16.109
swarm_34_38.pdb	0	12.057	34.831	16.079
swarm_66_54.pdb	0	16.124	26.680	16.054
swarm_53_152.pdb	0	16.521	27.604	16.047
swarm_48_25.pdb	0	14.222	30.349	16.030
swarm_17_17.pdb	0	10.406	18.025	15.962
swarm_0_57.pdb	0.0133333	11.775	34.870	15.959
swarm_36_132.pdb	0	16.611	41.010	15.956
swarm_26_195.pdb	0.0666667	9.173	19.277	15.949
swarm_21_191.pdb	0.16	5.614	12.251	15.949
swarm_11_40.pdb	0	17.404	33.784	15.932
swarm_9_76.pdb	0.04	12.723	39.772	15.880
swarm_19_9.pdb	0	10.587	28.588	15.875
swarm_24_90.pdb	0	12.035	35.397	15.847
swarm_13_120.pdb	0.12	12.256	23.568	15.831
swarm_49_21.pdb	0	14.577	40.617	15.825
swarm_33_10.pdb	0.106667	15.984	24.640	15.801
swarm_55_41.pdb	0	18.849	35.748	15.751
swarm_1_195.pdb	0.0266667	10.788	28.980	15.685
swarm_8_97.pdb	0	8.353	25.883	15.676
swarm_15_147.pdb	0.08	8.810	27.577	15.672
swarm_9_173.pdb	0.04	15.664	37.698	15.668
swarm_5_197.pdb	0	12.960	30.761	15.637
swarm_11_182.pdb	0	18.233	34.586	15.629
swarm_44_136.pdb	0	14.402	26.134	15.628
swarm_45_142.pdb	0	15.662	28.129	15.626
swarm_20_114.pdb	0	14.769	45.390	15.600
swarm_9_2.pdb	0.0133333	11.599	37.754	15.591
swarm_25_107.pdb	0	13.170	29.206	15.577
swarm_5_85.pdb	0.12	8.277	25.408	15.572
swarm_65_191.pdb	0.0133333	10.287	15.699	15.555
swarm_64_145.pdb	0.0266667	10.092	19.014	15.554
swarm_67_75.pdb	0	15.308	35.818	15.546
swarm_6_195.pdb	0.0266667	12.258	35.485	15.543
swarm_33_179.pdb	0.0933333	14.466	23.310	15.536
swarm_2_162.pdb	0.0133333	13.075	38.021	15.534
swarm_26_188.pdb	0.0133333	14.692	27.307	15.525
swarm_8_90.pdb	0	13.331	29.243	15.506
swarm_39_23.pdb	0	18.164	38.358	15.494
swarm_59_137.pdb	0	17.861	28.638	15.488
swarm_62_80.pdb	0	14.008	30.782	15.477
swarm_50_75.pdb	0	15.099	38.770	15.475
swarm_10_147.pdb	0	14.524	40.614	15.448
swarm_66_43.pdb	0	12.300	23.609	15.438
swarm_33_161.pdb	0	11.307	18.286	15.337
swarm_54_181.pdb	0	13.947	22.471	15.322
swarm_30_1.pdb	0.0666667	13.526	25.357	15.278
swarm_24_184.pdb	0	17.816	42.234	15.269
swarm_15_52.pdb	0	13.104	31.438	15.262
swarm_2_173.pdb	0	16.094	33.127	15.218
swarm_28_129.pdb	0.0933333	12.173	29.608	15.208
swarm_4_164.pdb	0	17.519	39.741	15.190
swarm_32_39.pdb	0	14.854	38.058	15.162
swarm_15_138.pdb	0	15.757	31.677	15.156
swarm_51_124.pdb	0.0533333	16.145	30.222	15.149
swarm_32_0.pdb	0	18.151	40.353	15.120
swarm_35_76.pdb	0	18.255	35.002	15.106
swarm_47_23.pdb	0.0666667	13.769	37.167	15.077
swarm_18_69.pdb	0	18.061	35.243	15.068
swarm_22_17.pdb	0	18.319	43.056	15.061
swarm_24_199.pdb	0	15.661	38.307	15.055
swarm_69_59.pdb	0	15.745	28.675	15.039
swarm_48_93.pdb	0	16.470	35.568	15.026
swarm_26_113.pdb	0	12.038	19.563	15.020
swarm_6_112.pdb	0	13.114	30.976	14.991
swarm_55_112.pdb	0	12.479	28.422	14.986
swarm_47_83.pdb	0	16.436	32.672	14.960
swarm_24_84.pdb	0.0133333	14.058	40.044	14.916
swarm_37_4.pdb	0	16.934	40.907	14.905
swarm_56_191.pdb	0	9.187	31.533	14.874
swarm_17_61.pdb	0.0133333	7.939	14.223	14.855
swarm_17_187.pdb	0.0266667	15.072	23.462	14.830
swarm_68_172.pdb	0	15.581	26.429	14.809
swarm_10_134.pdb	0	17.645	42.789	14.797
swarm_50_25.pdb	0	17.644	40.278	14.757
swarm_41_72.pdb	0	13.208	25.700	14.750
swarm_37_96.pdb	0	14.613	41.776	14.747
swarm_46_34.pdb	0	14.988	28.127	14.726
swarm_17_186.pdb	0.173333	5.410	12.490	14.725
swarm_38_197.pdb	0.106667	14.766	32.163	14.694
swarm_63_11.pdb	0	12.772	27.544	14.691
swarm_35_100.pdb	0	19.615	44.087	14.680
swarm_71_76.pdb	0	11.760	35.695	14.655
swarm_8_152.pdb	0	13.045	35.272	14.648
swarm_47_47.pdb	0	11.948	31.747	14.617
swarm_18_71.pdb	0	13.018	34.421	14.591
swarm_17_81.pdb	0	15.052	24.859	14.591
swarm_40_96.pdb	0	16.040	38.763	14.587
swarm_61_25.pdb	0	15.515	24.230	14.586
swarm_32_44.pdb	0	17.458	35.080	14.564
swarm_23_50.pdb	0.0133333	14.822	37.575	14.560
swarm_20_123.pdb	0	15.097	39.264	14.560
swarm_62_32.pdb	0.0133333	6.608	19.982	14.554
swarm_62_187.pdb	0	14.381	24.808	14.530
swarm_45_10.pdb	0	14.225	23.700	14.508
swarm_67_58.pdb	0.0533333	12.487	37.632	14.479
swarm_67_156.pdb	0	17.476	38.320	14.477
swarm_65_27.pdb	0.0133333	11.166	20.362	14.425
swarm_28_80.pdb	0	16.537	39.377	14.417
swarm_8_62.pdb	0	16.664	32.160	14.412
swarm_71_29.pdb	0	12.298	37.273	14.386
swarm_45_159.pdb	0	14.811	24.745	14.367
swarm_23_35.pdb	0	17.698	31.908	14.360
swarm_28_43.pdb	0	11.832	32.639	14.288
swarm_25_154.pdb	0	18.237	29.011	14.288
swarm_11_155.pdb	0.0933333	7.660	23.222	14.277
swarm_25_70.pdb	0.0133333	7.136	19.076	14.273
swarm_9_96.pdb	0	16.735	43.357	14.267
swarm_70_149.pdb	0	12.253	27.951	14.262
swarm_68_31.pdb	0	16.892	29.235	14.257
swarm_69_179.pdb	0.106667	4.579	13.631	14.228
swarm_22_3.pdb	0	18.292	41.346	14.194
swarm_37_13.pdb	0	18.762	41.342	14.188
swarm_11_17.pdb	0.0266667	13.273	32.808	14.183
swarm_36_44.pdb	0	15.795	39.689	14.179
swarm_6_64.pdb	0.0133333	16.243	35.122	14.162
swarm_14_158.pdb	0	18.917	42.825	14.153
swarm_22_72.pdb	0	13.026	36.760	14.088
swarm_63_157.pdb	0	17.651	34.189	14.081
swarm_38_45.pdb	0.04	9.099	28.611	14.067
swarm_28_116.pdb	0	18.683	41.051	14.055
swarm_21_109.pdb	0	14.725	22.008	14.038
swarm_71_149.pdb	0	14.825	39.598	13.988
swarm_9_37.pdb	0	18.404	42.800	13.981
swarm_38_154.pdb	0.0933333	10.716	29.971	13.973
swarm_10_88.pdb	0	13.995	39.204	13.965
swarm_13_18.pdb	0	13.739	20.924	13.941
swarm_11_109.pdb	0	8.656	27.754	13.909
swarm_42_154.pdb	0	12.720	30.425	13.896
swarm_32_192.pdb	0.0533333	15.351	34.509	13.890
swarm_8_84.pdb	0	15.939	30.454	13.847
swarm_57_83.pdb	0	12.081	28.348	13.762
swarm_0_90.pdb	0.0533333	10.837	32.295	13.746
swarm_48_170.pdb	0	17.172	34.264	13.722
swarm_19_105.pdb	0	17.457	36.647	13.720
swarm_38_173.pdb	0	12.984	34.794	13.708
swarm_41_120.pdb	0.0266667	11.774	33.578	13.693
swarm_54_26.pdb	0	16.259	31.081	13.656
swarm_60_172.pdb	0	17.809	29.103	13.644
swarm_44_184.pdb	0	17.608	30.339	13.632
swarm_38_18.pdb	0	13.963	36.612	13.624
swarm_55_40.pdb	0	15.535	34.926	13.609
swarm_67_24.pdb	0	14.778	38.707	13.600
swarm_42_51.pdb	0	15.643	29.952	13.595
swarm_16_131.pdb	0	19.643	35.159	13.584
swarm_54_82.pdb	0.0133333	17.937	29.756	13.581
swarm_38_150.pdb	0	18.362	36.657	13.572
swarm_16_69.pdb	0	14.082	39.141	13.563
swarm_61_33.pdb	0	18.139	33.424	13.560
swarm_9_152.pdb	0	13.786	37.236	13.555
swarm_30_180.pdb	0	15.234	23.896	13.531
swarm_51_13.pdb	0	17.190	29.275	13.509
swarm_68_135.pdb	0	16.998	30.915	13.487
swarm_70_11.pdb	0	15.416	26.749	13.459
swarm_10_43.pdb	0	13.520	38.634	13.407
swarm_54_111.pdb	0	16.952	27.857	13.390
swarm_8_18.pdb	0	19.728	36.427	13.388
swarm_67_110.pdb	0	16.361	39.670	13.383
swarm_47_166.pdb	0	19.830	39.784	13.382
swarm_46_5.pdb	0	13.455	32.097	13.376
swarm_41_5.pdb	0	14.432	27.582	13.376
swarm_40_20.pdb	0	12.427	40.893	13.364
swarm_71_119.pdb	0	15.992	38.107	13.313
swarm_6_192.pdb	0	18.946	42.365	13.288
swarm_1_31.pdb	0	17.708	34.661	13.285
swarm_43_178.pdb	0	18.306	38.825	13.263
swarm_56_57.pdb	0	15.266	34.774	13.244
swarm_69_64.pdb	0	16.174	30.089	13.213
swarm_2_106.pdb	0	16.912	35.547	13.209
swarm_35_180.pdb	0	20.113	42.997	13.205
swarm_53_20.pdb	0	18.587	30.725	13.188
swarm_2_144.pdb	0.0666667	9.493	29.206	13.183
swarm_14_138.pdb	0	18.152	45.089	13.180
swarm_47_117.pdb	0	20.021	40.891	13.129
swarm_71_185.pdb	0	19.841	41.744	13.124
swarm_66_199.pdb	0	16.866	28.901	13.120
swarm_11_104.pdb	0	18.815	32.809	13.115
swarm_8_183.pdb	0	17.765	32.157	13.085
swarm_42_34.pdb	0	16.332	36.087	13.080
swarm_27_95.pdb	0	17.015	34.479	13.062
swarm_63_197.pdb	0	12.373	27.103	13.054
swarm_1_51.pdb	0	13.473	26.622	13.033
swarm_18_186.pdb	0	13.562	34.124	13.030
swarm_55_96.pdb	0	17.787	38.977	13.029
swarm_54_117.pdb	0	15.753	31.975	12.991
swarm_35_152.pdb	0	16.396	39.451	12.987
swarm_11_123.pdb	0	18.111	35.658	12.975
swarm_61_87.pdb	0	16.942	28.323	12.935
swarm_15_24.pdb	0	11.313	32.596	12.912
swarm_41_54.pdb	0	18.306	38.337	12.902
swarm_46_79.pdb	0	16.413	31.725	12.877
swarm_16_76.pdb	0.0666667	11.674	35.721	12.854
swarm_56_98.pdb	0.0133333	9.423	28.346	12.819
swarm_5_119.pdb	0	18.546	31.147	12.808
swarm_26_19.pdb	0.0133333	12.920	27.041	12.805
swarm_10_197.pdb	0	19.896	36.196	12.784
swarm_13_27.pdb	0	19.788	34.487	12.739
swarm_28_155.pdb	0	13.239	36.138	12.732
swarm_16_159.pdb	0	18.143	42.805	12.671
swarm_5_196.pdb	0.133333	11.426	23.407	12.648
swarm_1_35.pdb	0.0666667	9.211	25.139	12.621
swarm_4_137.pdb	0	17.278	34.374	12.613
swarm_5_25.pdb	0.08	7.796	23.928	12.570
swarm_48_179.pdb	0	20.413	40.948	12.561
swarm_59_107.pdb	0	17.418	24.442	12.560
swarm_49_131.pdb	0	14.779	40.813	12.546
swarm_29_173.pdb	0.0666667	14.437	38.148	12.539
swarm_17_40.pdb	0.0533333	16.243	27.628	12.519
swarm_20_69.pdb	0	13.486	45.635	12.507
swarm_38_44.pdb	0.0133333	14.052	33.533	12.477
swarm_40_16.pdb	0	19.089	38.115	12.471
swarm_3_63.pdb	0	8.198	17.241	12.470
swarm_12_59.pdb	0.0266667	10.274	25.620	12.447
swarm_48_100.pdb	0	18.562	37.615	12.444
swarm_2_199.pdb	0.04	10.828	33.180	12.437
swarm_10_102.pdb	0.0266667	16.123	36.543	12.430
swarm_55_76.pdb	0	19.064	34.030	12.425
swarm_17_179.pdb	0.0933333	11.202	23.908	12.420
swarm_51_87.pdb	0	17.607	32.836	12.390
swarm_22_143.pdb	0	19.707	45.747	12.374
swarm_13_80.pdb	0	10.746	26.571	12.342
swarm_10_104.pdb	0	16.702	40.375	12.308
swarm_57_105.pdb	0.0666667	9.305	24.874	12.255
swarm_57_183.pdb	0	18.327	31.510	12.253
swarm_34_15.pdb	0.0133333	18.481	37.295	12.246
swarm_46_62.pdb	0	15.264	38.041	12.238
swarm_22_191.pdb	0	18.207	41.372	12.219
swarm_38_143.pdb	0	17.109	32.417	12.212
swarm_13_2.pdb	0.08	15.967	28.060	12.209
swarm_7_106.pdb	0	19.551	32.076	12.195
swarm_26_33.pdb	0	17.494	29.840	12.179
swarm_19_88.pdb	0	16.742	35.264	12.162
swarm_23_145.pdb	0	18.251	29.740	12.136
swarm_20_187.pdb	0	19.341	48.130	12.114
swarm_23_142.pdb	0.0133333	16.375	35.469	12.092
swarm_33_130.pdb	0	18.088	24.451	12.086
swarm_14_121.pdb	0	17.796	43.267	12.081
swarm_23_53.pdb	0	9.991	32.343	12.079
swarm_5_102.pdb	0	16.329	34.837	12.074
swarm_26_149.pdb	0	17.424	29.358	12.026
swarm_6_117.pdb	0	15.765	33.406	12.002
swarm_29_155.pdb	0	16.843	40.884	11.998
swarm_28_180.pdb	0.0133333	11.487	33.457	11.993
swarm_1_7.pdb	0	17.073	33.385	11.993
swarm_6_75.pdb	0	15.387	34.939	11.990
swarm_13_91.pdb	0	16.590	28.114	11.981
swarm_3_110.pdb	0	17.574	27.988	11.949
swarm_53_186.pdb	0.0533333	9.680	25.137	11.930
swarm_62_0.pdb	0	17.904	29.831	11.925
swarm_4_72.pdb	0	15.786	39.775	11.917
swarm_47_64.pdb	0	18.347	42.479	11.865
swarm_16_108.pdb	0	18.720	42.340	11.855
swarm_25_27.pdb	0.0133333	13.920	30.021	11.849
swarm_18_164.pdb	0	18.446	41.330	11.837
swarm_29_112.pdb	0	12.612	39.489	11.821
swarm_45_132.pdb	0	7.132	20.387	11.812
swarm_7_54.pdb	0	13.308	23.245	11.794
swarm_16_182.pdb	0	15.837	38.818	11.793
swarm_46_46.pdb	0	14.351	31.430	11.778
swarm_42_1.pdb	0	18.245	33.871	11.744
swarm_12_74.pdb	0	17.019	33.776	11.670
swarm_54_92.pdb	0	12.408	26.010	11.640
swarm_27_88.pdb	0	14.075	26.164	11.594
swarm_71_122.pdb	0.0266667	14.351	37.888	11.580
swarm_32_16.pdb	0	16.261	38.456	11.542
swarm_12_150.pdb	0	17.373	31.167	11.522
swarm_51_114.pdb	0	17.981	31.647	11.516
swarm_45_131.pdb	0	16.574	29.527	11.514
swarm_28_135.pdb	0.0666667	16.907	38.183	11.508
swarm_62_167.pdb	0	14.930	24.065	11.503
swarm_19_74.pdb	0	13.964	33.802	11.503
swarm_12_164.pdb	0	11.793	32.610	11.457
swarm_7_183.pdb	0	15.564	26.926	11.447
swarm_7_31.pdb	0.0533333	8.443	23.156	11.435
swarm_15_25.pdb	0	17.264	37.902	11.434
swarm_12_177.pdb	0	15.146	24.420	11.410
swarm_5_71.pdb	0	19.042	31.900	11.400
swarm_40_165.pdb	0	18.152	41.673	11.387
swarm_70_134.pdb	0	16.270	28.952	11.369
swarm_30_41.pdb	0	15.223	23.985	11.339
swarm_7_133.pdb	0.0266667	10.968	26.151	11.304
swarm_56_139.pdb	0	18.266	33.654	11.302
swarm_20_184.pdb	0	19.572	44.152	11.289
swarm_9_38.pdb	0	15.568	40.903	11.245
swarm_22_66.pdb	0	18.245	44.819	11.222
swarm_53_9.pdb	0	14.495	32.657	11.214
swarm_30_27.pdb	0.0133333	17.100	27.004	11.210
swarm_45_80.pdb	0	16.301	28.408	11.204
swarm_67_111.pdb	0	18.491	36.860	11.169
swarm_0_124.pdb	0	17.579	36.393	11.146
swarm_4_34.pdb	0	17.947	39.162	11.145
swarm_11_199.pdb	0	16.744	31.668	11.133
swarm_33_66.pdb	0	14.309	22.274	11.126
swarm_38_88.pdb	0	14.927	32.244	11.118
swarm_36_90.pdb	0	16.997	40.815	11.112
swarm_28_175.pdb	0	19.505	37.296	11.067
swarm_35_68.pdb	0	14.363	37.747	11.061
swarm_41_75.pdb	0	15.299	30.584	11.058
swarm_47_182.pdb	0	20.059	43.867	11.052
swarm_45_11.pdb	0.0666667	10.491	23.034	11.042
swarm_70_159.pdb	0	15.039	26.384	11.028
swarm_60_96.pdb	0	17.643	29.269	11.025
swarm_53_142.pdb	0	15.477	33.343	11.018
swarm_53_5.pdb	0	16.434	29.403	11.003
swarm_8_134.pdb	0	17.636	36.683	10.994
swarm_38_121.pdb	0	18.656	36.015	10.987
swarm_28_49.pdb	0	15.322	33.710	10.970
swarm_14_126.pdb	0	18.289	46.224	10.950
swarm_9_19.pdb	0	15.189	41.297	10.928
swarm_10_128.pdb	0	19.413	39.484	10.908
swarm_35_188.pdb	0	19.379	40.743	10.868
swarm_3_20.pdb	0	14.668	21.534	10.827
swarm_38_17.pdb	0.04	15.368	38.431	10.826
swarm_1_77.pdb	0	16.538	28.638	10.808
swarm_14_93.pdb	0	19.732	47.875	10.795
swarm_3_183.pdb	0	16.278	28.043	10.747
swarm_67_165.pdb	0	18.851	43.026	10.708
swarm_20_121.pdb	0	19.259	46.699	10.668
swarm_30_69.pdb	0	9.084	18.232	10.658
swarm_34_6.pdb	0	17.606	36.237	10.593
swarm_1_69.pdb	0	17.135	30.905	10.548
swarm_71_114.pdb	0	16.670	37.480	10.526
swarm_53_184.pdb	0	16.758	29.917	10.524
swarm_57_77.pdb	0	15.046	30.430	10.518
swarm_26_76.pdb	0	16.135	30.286	10.498
swarm_46_68.pdb	0	20.172	40.060	10.490
swarm_12_62.pdb	0.0933333	14.359	31.796	10.439
swarm_0_161.pdb	0	18.179	38.653	10.366
swarm_44_35.pdb	0	19.645	31.742	10.343
swarm_7_163.pdb	0	18.690	31.610	10.323
swarm_55_86.pdb	0	10.496	24.481	10.321
swarm_47_32.pdb	0	17.313	37.328	10.314
swarm_2_65.pdb	0	17.204	31.796	10.309
swarm_53_117.pdb	0	15.128	27.138	10.299
swarm_45_153.pdb	0	13.583	29.126	10.243
swarm_32_174.pdb	0	17.680	41.185	10.237
swarm_37_82.pdb	0	16.149	39.345	10.191
swarm_14_197.pdb	0	15.341	42.074	10.182
swarm_17_164.pdb	0	16.645	25.789	10.179
swarm_59_193.pdb	0	13.632	24.190	10.175
swarm_66_128.pdb	0	17.870	29.647	10.137
swarm_35_10.pdb	0	18.477	37.244	10.123
swarm_38_58.pdb	0	17.998	32.009	10.057
swarm_68_28.pdb	0	20.112	35.587	10.051
swarm_45_48.pdb	0	11.607	27.375	10.003
swarm_6_123.pdb	0	11.109	39.244	9.960
swarm_12_64.pdb	0	15.198	25.272	9.952
swarm_14_132.pdb	0	19.559	43.530	9.916
swarm_10_83.pdb	0	20.521	44.099	9.911
swarm_62_133.pdb	0.0133333	11.090	18.914	9.908
swarm_17_2.pdb	0	18.496	27.200	9.905
swarm_12_149.pdb	0	16.079	31.720	9.896
swarm_1_197.pdb	0	16.462	35.315	9.888
swarm_61_43.pdb	0	15.511	24.904	9.835
swarm_37_22.pdb	0	18.537	46.679	9.825
swarm_26_28.pdb	0	14.215	24.664	9.737
swarm_11_126.pdb	0	17.967	32.000	9.657
swarm_16_50.pdb	0	19.454	47.869	9.604
swarm_63_2.pdb	0	15.076	29.477	9.589
swarm_20_115.pdb	0	21.370	47.440	9.566
swarm_35_22.pdb	0	19.583	43.839	9.555
swarm_3_1.pdb	0	15.171	23.974	9.524
swarm_9_40.pdb	0	18.967	37.718	9.504
swarm_0_15.pdb	0.0266667	15.032	37.416	9.457
swarm_65_113.pdb	0	11.666	27.549	9.435
swarm_70_129.pdb	0	8.388	23.866	9.426
swarm_22_33.pdb	0	19.105	48.340	9.383
swarm_23_109.pdb	0	14.286	32.151	9.342
swarm_16_5.pdb	0	14.955	45.397	9.321
swarm_23_194.pdb	0	19.934	38.573	9.297
swarm_56_198.pdb	0	14.121	32.230	9.288
swarm_12_94.pdb	0	18.237	35.475	9.273
swarm_20_135.pdb	0	19.908	48.115	9.261
swarm_38_185.pdb	0	18.434	35.040	9.245
swarm_5_176.pdb	0	11.946	26.288	9.047
swarm_12_47.pdb	0	18.096	32.196	9.028
swarm_28_48.pdb	0	17.848	38.759	8.973
swarm_0_129.pdb	0	13.409	30.225	8.941
swarm_10_177.pdb	0	19.609	47.295	8.927
swarm_23_169.pdb	0	15.453	32.630	8.887
swarm_55_79.pdb	0	16.524	34.876	8.807
swarm_0_108.pdb	0	17.731	34.256	8.757
swarm_12_51.pdb	0	15.952	32.838	8.752
swarm_1_121.pdb	0	14.176	32.700	8.671
swarm_18_17.pdb	0	17.036	42.008	8.511
swarm_63_177.pdb	0	17.394	31.190	8.468
swarm_20_22.pdb	0	18.400	45.616	8.465
swarm_5_88.pdb	0	16.200	29.986	8.366
swarm_60_149.pdb	0	12.821	27.235	8.360
swarm_34_173.pdb	0.0266667	13.108	35.124	8.281
swarm_34_24.pdb	0	17.336	36.719	8.230
swarm_0_24.pdb	0	20.294	39.471	8.201
swarm_4_135.pdb	0.04	11.811	36.423	8.178
swarm_64_188.pdb	0	14.033	26.828	8.164
swarm_12_92.pdb	0	10.441	29.911	8.112
swarm_70_105.pdb	0	20.076	34.909	8.056
swarm_24_33.pdb	0	17.185	37.464	7.925
swarm_70_189.pdb	0	17.936	32.957	7.723
swarm_1_178.pdb	0	19.756	36.886	7.519
swarm_56_22.pdb	0	21.730	36.362	7.479
swarm_16_113.pdb	0	16.607	40.837	7.270
swarm_25_75.pdb	0	17.449	32.166	7.241
swarm_1_164.pdb	0	16.919	30.216	6.960
swarm_46_110.pdb	0	20.525	40.547	6.894
swarm_1_173.pdb	0	16.170	34.558	6.567
swarm_20_146.pdb	0	17.007	48.775	6.482
swarm_43_152.pdb	0.0933333	12.241	28.971	6.347
swarm_9_74.pdb	0	20.830	48.514	6.217
swarm_46_125.pdb	0	19.776	35.587	6.171
swarm_56_131.pdb	0	14.683	34.038	5.975
swarm_45_134.pdb	0	17.787	30.442	5.951
swarm_23_39.pdb	0.0666667	11.605	30.956	5.671
swarm_24_22.pdb	0	18.238	42.106	5.311
swarm_68_1.pdb	0	19.214	32.676	5.308
swarm_2_7.pdb	0.0533333	10.859	32.256	5.169
swarm_6_83.pdb	0.0133333	18.247	37.282	5.137
swarm_11_57.pdb	0	11.679	24.446	4.223
swarm_32_160.pdb	0.0533333	14.616	33.704	3.482
swarm_41_32.pdb	0	11.403	36.815	3.391
swarm_58_168.pdb	0	16.931	26.831	3.268
swarm_71_51.pdb	0.0933333	10.834	33.929	3.158
swarm_46_75.pdb	0	14.879	35.825	3.016
swarm_7_30.pdb	0	15.259	23.429	2.970
swarm_40_156.pdb	0	17.085	31.330	1.369
swarm_41_39.pdb	0	16.532	34.649	0.164
swarm_42_38.pdb	0	16.412	35.403	-1.624
swarm_10_146.pdb	0	18.004	42.503	-5.659
swarm_52_178.pdb	0	14.230	28.485	-9.271
swarm_33_175.pdb	0.0133333	13.234	22.500	-10.968
swarm_50_65.pdb	0.0266667	11.858	33.242	-12.391
swarm_61_198.pdb	0.146667	8.454	16.510	-14.045
swarm_37_69.pdb	0	16.727	36.713	-14.598
swarm_41_159.pdb	0.0933333	8.696	22.814	-14.974
swarm_1_181.pdb	0.0533333	15.784	33.570	-19.991
swarm_49_109.pdb	0.0266667	11.642	35.728	-21.538
swarm_15_95.pdb	0.106667	12.095	26.154	-26.772
swarm_49_86.pdb	0	14.409	34.084	-36.874
swarm_28_31.pdb	0.0666667	15.246	33.644	-46.894
swarm_55_59.pdb	0	9.837	24.239	-56.577
swarm_61_179.pdb	0	11.956	22.690	-59.170
swarm_59_104.pdb	0.04	16.763	25.503	-65.962
swarm_41_83.pdb	0	15.063	34.390	-77.128
