swarm_4_183.pdb	0.155963	4.693	13.282	26.984
swarm_20_81.pdb	0.146789	4.700	13.418	26.182
swarm_25_124.pdb	0.174312	4.146	9.796	25.757
swarm_24_136.pdb	0.165138	4.344	11.882	25.716
swarm_17_33.pdb	0.165138	3.641	12.046	25.120
swarm_6_115.pdb	0.146789	4.281	13.024	24.495
swarm_11_176.pdb	0.0275229	7.332	24.628	23.814
swarm_19_102.pdb	0.0275229	6.958	25.603	23.757
swarm_21_130.pdb	0.00917431	6.571	23.026	23.409
swarm_20_151.pdb	0.0550459	6.176	19.524	23.330
swarm_3_191.pdb	0.0733945	4.934	15.280	22.463
swarm_2_74.pdb	0.0642202	7.092	23.336	22.189
swarm_19_58.pdb	0.110092	3.878	14.314	21.998
swarm_10_47.pdb	0.119266	5.400	14.631	21.483
swarm_25_169.pdb	0.0642202	5.915	16.488	21.450
swarm_13_121.pdb	0.0458716	5.581	16.599	21.429
swarm_22_145.pdb	0.0366972	5.332	13.980	20.557
swarm_18_26.pdb	0.0183486	7.158	20.633	19.534
swarm_17_96.pdb	0.00917431	8.405	19.991	19.155
swarm_22_26.pdb	0.155963	5.018	14.379	19.051
swarm_3_83.pdb	0.110092	5.827	16.389	18.843
swarm_2_134.pdb	0.0917431	4.825	16.414	18.455
swarm_19_120.pdb	0.12844	6.250	21.088	18.320
swarm_16_102.pdb	0.0183486	5.689	14.898	17.444
swarm_20_18.pdb	0.137615	5.544	11.624	17.367
swarm_13_163.pdb	0	9.152	21.304	17.344
swarm_30_130.pdb	0.0733945	5.850	17.662	17.005
swarm_14_46.pdb	0	6.763	21.676	16.996
swarm_10_89.pdb	0.0642202	6.836	23.851	16.860
swarm_11_198.pdb	0.0642202	4.046	11.594	16.857
swarm_18_32.pdb	0.0825688	4.612	11.299	16.814
swarm_3_174.pdb	0.155963	4.482	7.215	16.710
swarm_3_107.pdb	0.00917431	8.988	18.179	16.706
swarm_3_13.pdb	0.100917	6.180	22.045	16.679
swarm_3_76.pdb	0.0275229	8.099	22.467	16.342
swarm_15_5.pdb	0.0366972	4.719	14.718	16.185
swarm_18_107.pdb	0.0275229	5.820	12.911	16.167
swarm_12_118.pdb	0.0825688	5.687	19.937	16.083
swarm_8_107.pdb	0	7.307	13.040	15.823
swarm_6_6.pdb	0	9.030	15.795	15.699
swarm_17_135.pdb	0.0275229	6.203	13.146	15.636
swarm_9_168.pdb	0.0183486	6.930	12.204	15.544
swarm_2_128.pdb	0.0275229	7.112	19.110	15.539
swarm_4_0.pdb	0.00917431	7.511	16.670	15.488
swarm_8_164.pdb	0.00917431	7.513	18.306	15.387
swarm_22_28.pdb	0.0458716	7.774	24.090	14.843
swarm_24_86.pdb	0.00917431	6.915	13.855	14.786
swarm_30_61.pdb	0	11.460	21.233	14.751
swarm_30_55.pdb	0.00917431	7.511	13.046	14.681
swarm_1_97.pdb	0	14.881	27.674	14.536
swarm_4_181.pdb	0.0917431	6.755	22.995	14.257
swarm_5_32.pdb	0	9.257	15.752	14.079
swarm_12_14.pdb	0	10.503	18.202	13.925
swarm_30_141.pdb	0.0183486	7.905	21.655	13.837
swarm_31_91.pdb	0.0366972	8.421	28.171	13.517
swarm_11_140.pdb	0.00917431	6.066	20.515	13.155
swarm_13_63.pdb	0.0917431	4.733	11.603	12.956
swarm_6_80.pdb	0.0275229	7.619	16.759	12.681
swarm_29_85.pdb	0	10.398	22.232	12.499
swarm_16_114.pdb	0.0275229	7.719	20.374	12.365
swarm_12_106.pdb	0	12.015	26.741	12.337
swarm_17_67.pdb	0	6.835	14.947	12.179
swarm_28_41.pdb	0	10.410	24.427	12.123
swarm_29_131.pdb	0.0550459	8.549	28.514	12.082
swarm_23_157.pdb	0.00917431	9.174	22.621	11.880
swarm_23_59.pdb	0	8.874	22.752	11.863
swarm_7_193.pdb	0	12.301	22.560	11.827
swarm_27_26.pdb	0.0183486	8.602	30.996	11.772
swarm_23_75.pdb	0.0183486	8.678	25.239	11.683
swarm_27_84.pdb	0	9.274	25.441	11.651
swarm_7_86.pdb	0	7.792	22.378	11.582
swarm_5_68.pdb	0	7.420	17.987	11.528
swarm_16_78.pdb	0	9.813	20.830	11.442
swarm_4_59.pdb	0	10.789	22.736	11.335
swarm_15_2.pdb	0	12.177	25.334	11.139
swarm_28_166.pdb	0.0458716	8.282	27.888	11.108
swarm_27_193.pdb	0	7.635	23.787	11.105
swarm_31_130.pdb	0	9.232	25.753	11.081
swarm_28_35.pdb	0	9.469	24.199	10.860
swarm_16_115.pdb	0	12.755	21.775	10.830
swarm_13_199.pdb	0	11.303	24.331	10.697
swarm_23_164.pdb	0	8.978	20.456	10.661
swarm_6_97.pdb	0.0458716	7.234	24.174	10.624
swarm_27_191.pdb	0	7.704	23.672	10.536
swarm_31_60.pdb	0.00917431	11.492	30.966	10.495
swarm_12_93.pdb	0	10.281	34.135	10.374
swarm_14_79.pdb	0	9.784	30.984	10.309
swarm_20_61.pdb	0.0550459	7.341	19.339	9.468
swarm_12_116.pdb	0.0183486	9.709	30.433	9.243
swarm_17_109.pdb	0	11.690	22.014	9.223
swarm_3_6.pdb	0.0183486	7.598	16.764	9.191
swarm_23_153.pdb	0.00917431	8.704	29.147	9.087
swarm_17_120.pdb	0.0458716	6.981	16.754	8.961
swarm_27_60.pdb	0.00917431	9.938	29.974	8.943
swarm_19_46.pdb	0.00917431	7.781	21.443	8.809
swarm_2_139.pdb	0	10.738	26.754	8.750
swarm_14_13.pdb	0.0366972	9.158	23.390	8.518
swarm_29_55.pdb	0	12.764	29.042	8.412
swarm_9_141.pdb	0	12.906	22.297	8.337
swarm_7_0.pdb	0	13.834	27.722	8.018
swarm_0_44.pdb	0	10.548	30.261	8.000
swarm_13_144.pdb	0	12.827	24.990	7.923
swarm_5_1.pdb	0	8.783	16.902	7.794
swarm_27_188.pdb	0.0183486	10.679	24.501	7.792
swarm_28_139.pdb	0.00917431	10.996	35.164	7.778
swarm_27_16.pdb	0.0183486	6.618	21.061	7.705
swarm_1_17.pdb	0	14.261	27.603	7.657
swarm_1_96.pdb	0	11.309	35.346	7.448
swarm_23_43.pdb	0	8.609	24.412	7.329
swarm_16_170.pdb	0	13.128	23.617	6.929
swarm_31_93.pdb	0	12.749	30.315	6.705
swarm_1_112.pdb	0	13.337	29.638	6.321
swarm_5_21.pdb	0	13.597	25.542	6.155
swarm_18_190.pdb	0	12.779	21.561	6.111
swarm_31_116.pdb	0	7.510	22.839	6.049
swarm_31_65.pdb	0.12844	6.567	23.129	5.948
swarm_15_24.pdb	0	12.777	22.253	5.503
swarm_26_170.pdb	0.00917431	9.741	30.733	5.416
swarm_0_153.pdb	0	12.572	29.281	5.352
swarm_26_143.pdb	0.0275229	12.054	34.451	5.333
swarm_28_193.pdb	0	11.712	30.099	5.229
swarm_26_146.pdb	0	9.312	25.782	5.103
swarm_29_130.pdb	0.0550459	4.968	17.749	4.814
swarm_11_5.pdb	0	13.543	30.136	4.755
swarm_14_155.pdb	0	15.547	30.468	4.731
swarm_1_183.pdb	0	14.507	30.235	4.469
swarm_21_192.pdb	0	13.517	27.331	4.444
swarm_22_121.pdb	0	12.454	23.084	4.308
swarm_30_80.pdb	0.0550459	6.120	22.374	4.267
swarm_28_173.pdb	0	14.511	34.482	4.125
swarm_2_143.pdb	0.0458716	7.680	23.137	3.765
swarm_12_7.pdb	0	14.413	34.193	3.754
swarm_26_169.pdb	0	11.762	32.133	3.150
swarm_31_10.pdb	0	7.475	22.639	3.010
swarm_0_182.pdb	0	10.499	29.946	2.607
swarm_26_5.pdb	0	11.908	25.304	2.585
swarm_0_123.pdb	0	10.540	32.084	2.330
swarm_7_138.pdb	0	12.463	22.630	1.883
swarm_17_132.pdb	0.00917431	11.290	20.840	1.572
swarm_1_126.pdb	0	12.235	33.511	1.561
swarm_0_137.pdb	0	12.664	36.401	-0.485
swarm_1_133.pdb	0	12.781	26.826	-0.557
swarm_28_124.pdb	0	11.499	22.108	-1.378
swarm_0_11.pdb	0	10.531	27.336	-1.448
swarm_24_119.pdb	0.0733945	5.688	11.507	-1.735
swarm_26_198.pdb	0	11.504	39.530	-2.623
swarm_29_105.pdb	0	13.047	32.449	-3.049
swarm_0_156.pdb	0.0183486	11.197	31.903	-4.526
swarm_25_133.pdb	0	10.579	20.426	-5.768
swarm_12_53.pdb	0.0366972	10.250	33.717	-7.746
swarm_26_63.pdb	0.0275229	10.187	36.726	-8.394
swarm_2_189.pdb	0.0183486	11.952	29.060	-8.607
swarm_7_93.pdb	0	9.706	21.556	-8.687
swarm_8_26.pdb	0	11.402	23.418	-10.222
swarm_17_143.pdb	0	9.025	18.956	-14.960
swarm_8_67.pdb	0	10.682	19.974	-15.187
swarm_28_137.pdb	0.00917431	9.629	30.868	-16.004
swarm_5_83.pdb	0	12.441	24.941	-16.279
swarm_29_193.pdb	0	12.617	26.842	-17.022
swarm_24_157.pdb	0	10.462	19.292	-17.070
swarm_7_137.pdb	0	9.571	25.525	-18.278
swarm_4_197.pdb	0	9.990	26.188	-20.358
swarm_26_148.pdb	0.00917431	12.232	32.246	-26.964
swarm_11_66.pdb	0	10.691	25.478	-32.642
swarm_15_113.pdb	0.0642202	8.173	23.096	-37.040
