complex.1.pdb	0	52.053	113.853
complex.2.pdb	0	48.015	109.471
complex.3.pdb	0	37.781	113.516
complex.4.pdb	0	34.231	109.103
complex.5.pdb	0	44.210	106.865
complex.6.pdb	0	33.857	108.650
complex.7.pdb	0	43.811	109.641
complex.8.pdb	0	44.018	112.506
complex.9.pdb	0	34.937	119.925
complex.10.pdb	0	36.232	102.068
complex.11.pdb	0	40.705	120.214
complex.12.pdb	0	30.457	91.114
complex.13.pdb	0	37.025	92.362
complex.14.pdb	0	33.506	106.032
complex.15.pdb	0	55.599	115.505
complex.16.pdb	0	40.986	97.967
complex.17.pdb	0	41.897	117.516
complex.18.pdb	0	33.573	110.575
complex.19.pdb	0	36.888	116.650
complex.20.pdb	0	31.805	80.675
complex.21.pdb	0	35.912	110.019
complex.22.pdb	0	36.204	115.858
complex.23.pdb	0	33.572	126.599
complex.24.pdb	0	51.978	120.678
complex.25.pdb	0	31.167	118.136
complex.26.pdb	0	33.476	110.040
complex.27.pdb	0	52.100	111.142
complex.28.pdb	0	56.492	120.788
complex.29.pdb	0	41.604	109.554
complex.30.pdb	0	34.038	114.080
complex.31.pdb	0	33.607	96.529
complex.32.pdb	0	31.554	87.063
complex.33.pdb	0	33.305	96.226
complex.34.pdb	0	54.756	114.015
complex.35.pdb	0	34.804	106.546
complex.36.pdb	0	33.826	95.706
complex.37.pdb	0	47.705	116.190
complex.38.pdb	0	32.427	116.728
complex.39.pdb	0	38.657	102.947
complex.40.pdb	0	36.479	122.224
complex.41.pdb	0	29.917	90.062
complex.42.pdb	0	42.431	101.542
complex.43.pdb	0	40.161	101.553
complex.44.pdb	0	37.235	97.862
complex.45.pdb	0	45.310	84.829
complex.46.pdb	0	32.627	107.768
complex.47.pdb	0	33.098	110.036
complex.48.pdb	0	37.030	113.746
complex.49.pdb	0	41.163	104.747
complex.50.pdb	0	27.324	88.837
complex.51.pdb	0	40.620	89.331
complex.52.pdb	0	50.413	125.089
complex.53.pdb	0	56.847	117.828
complex.54.pdb	0	48.163	120.098
complex.55.pdb	0	35.988	97.229
complex.56.pdb	0	42.606	122.752
complex.57.pdb	0	50.713	110.823
complex.58.pdb	0	43.209	103.281
complex.59.pdb	0	33.006	83.558
complex.60.pdb	0	54.148	126.345
complex.61.pdb	0	53.998	116.853
complex.62.pdb	0	41.774	113.655
complex.63.pdb	0	40.587	109.305
complex.64.pdb	0	51.807	112.793
complex.65.pdb	0	37.178	78.538
complex.66.pdb	0	38.637	104.702
complex.67.pdb	0	38.981	113.247
complex.68.pdb	0	40.737	87.700
complex.69.pdb	0	38.875	120.026
complex.70.pdb	0	56.009	118.233
complex.71.pdb	0	34.901	104.300
complex.72.pdb	0	32.792	104.751
complex.73.pdb	0	53.924	114.292
complex.74.pdb	0	34.936	105.779
complex.75.pdb	0	54.064	117.830
complex.76.pdb	0	49.995	110.357
complex.77.pdb	0	53.055	120.541
complex.78.pdb	0	35.941	108.872
complex.79.pdb	0	46.149	111.924
complex.80.pdb	0	45.736	105.150
complex.81.pdb	0	29.665	78.675
complex.82.pdb	0	29.519	93.707
complex.83.pdb	0	38.444	108.274
complex.84.pdb	0	43.782	107.162
complex.85.pdb	0	35.182	109.681
complex.86.pdb	0	57.222	116.511
complex.87.pdb	0	32.758	97.021
complex.88.pdb	0	34.441	101.751
complex.89.pdb	0	41.389	89.270
complex.90.pdb	0	33.094	111.733
complex.91.pdb	0	63.890	137.799
complex.92.pdb	0	37.512	112.177
complex.93.pdb	0	44.790	107.959
complex.94.pdb	0	36.718	111.180
complex.95.pdb	0	34.801	101.373
complex.96.pdb	0	34.447	126.859
complex.97.pdb	0	43.089	93.561
complex.98.pdb	0	39.533	90.006
complex.99.pdb	0	30.717	91.086
complex.100.pdb	0	38.801	111.014
complex.101.pdb	0	35.549	99.231
complex.102.pdb	0	52.718	114.531
complex.103.pdb	0	51.147	111.573
complex.104.pdb	0	42.162	119.301
complex.105.pdb	0	38.445	95.638
complex.106.pdb	0	44.447	110.911
complex.107.pdb	0	38.166	112.914
complex.108.pdb	0	59.055	121.339
complex.109.pdb	0	45.478	102.245
complex.110.pdb	0	37.903	89.464
complex.111.pdb	0	40.422	90.295
complex.112.pdb	0	33.461	127.160
complex.113.pdb	0	32.082	104.988
complex.114.pdb	0	32.583	94.729
complex.115.pdb	0	40.366	87.040
complex.116.pdb	0	28.151	99.177
complex.117.pdb	0	51.261	126.099
complex.118.pdb	0	34.548	129.850
complex.119.pdb	0	38.065	124.286
complex.120.pdb	0	36.948	98.874
complex.121.pdb	0	34.356	110.321
complex.122.pdb	0	56.229	117.988
complex.123.pdb	0	31.968	109.258
complex.124.pdb	0	31.162	77.649
complex.125.pdb	0	32.098	96.983
complex.126.pdb	0	53.565	113.003
complex.127.pdb	0	40.233	94.735
complex.128.pdb	0	49.897	115.722
complex.129.pdb	0	41.591	88.998
complex.130.pdb	0	42.450	97.085
complex.131.pdb	0	40.630	105.499
complex.132.pdb	0	49.648	112.930
complex.133.pdb	0	42.382	87.466
complex.134.pdb	0	40.314	95.216
complex.135.pdb	0	50.298	109.780
complex.136.pdb	0	49.097	111.948
complex.137.pdb	0	40.171	95.012
complex.138.pdb	0	28.175	98.625
complex.139.pdb	0	53.069	122.538
complex.140.pdb	0	39.982	96.702
complex.141.pdb	0	53.588	115.334
complex.142.pdb	0	34.352	96.916
complex.143.pdb	0	32.955	93.320
complex.144.pdb	0	33.507	88.725
complex.145.pdb	0	46.673	95.767
complex.146.pdb	0	53.109	117.656
complex.147.pdb	0	40.705	119.486
complex.148.pdb	0	44.777	98.921
complex.149.pdb	0	48.950	112.015
complex.150.pdb	0	41.341	115.584
complex.151.pdb	0	30.104	109.440
complex.152.pdb	0	40.992	120.116
complex.153.pdb	0	34.697	109.648
complex.154.pdb	0	33.861	81.578
complex.155.pdb	0	36.066	119.676
complex.156.pdb	0	44.641	104.938
complex.157.pdb	0	35.883	104.698
complex.158.pdb	0	37.858	111.635
complex.159.pdb	0	30.213	113.078
complex.160.pdb	0	52.867	118.407
complex.161.pdb	0	33.815	100.442
complex.162.pdb	0	30.417	113.272
complex.163.pdb	0	54.422	115.599
complex.164.pdb	0	35.507	114.200
complex.165.pdb	0	36.036	96.711
complex.166.pdb	0	29.176	60.316
complex.167.pdb	0	35.044	113.092
complex.168.pdb	0	33.731	98.436
complex.169.pdb	0	29.397	98.947
complex.170.pdb	0	40.351	119.685
complex.171.pdb	0	31.761	104.072
complex.172.pdb	0	37.609	110.581
complex.173.pdb	0	56.573	117.633
complex.174.pdb	0	39.416	91.730
complex.175.pdb	0	38.584	102.594
complex.176.pdb	0	35.133	97.338
complex.177.pdb	0	42.578	103.621
complex.178.pdb	0	33.925	115.148
complex.179.pdb	0	37.628	95.186
complex.180.pdb	0	35.753	96.417
complex.181.pdb	0	44.762	102.151
complex.182.pdb	0	48.370	107.528
complex.183.pdb	0	39.998	121.377
complex.184.pdb	0	35.724	129.147
complex.185.pdb	0	32.602	80.173
complex.186.pdb	0	56.907	107.190
complex.187.pdb	0	39.674	92.282
complex.188.pdb	0	54.519	115.173
complex.189.pdb	0	37.847	101.346
complex.190.pdb	0	53.826	119.567
complex.191.pdb	0	47.742	113.758
complex.192.pdb	0	35.612	116.642
complex.193.pdb	0	36.413	102.100
complex.194.pdb	0	50.352	101.473
complex.195.pdb	0	54.347	122.825
complex.196.pdb	0	38.460	94.785
complex.197.pdb	0	55.265	118.992
complex.198.pdb	0	38.422	108.777
complex.199.pdb	0	40.111	109.533
complex.200.pdb	0	47.406	85.779
complex.201.pdb	0	31.244	122.411
complex.202.pdb	0	28.163	111.273
complex.203.pdb	0	33.243	87.907
complex.204.pdb	0	39.537	113.404
complex.205.pdb	0	38.398	111.009
complex.206.pdb	0	49.590	110.885
complex.207.pdb	0	39.815	90.968
complex.208.pdb	0	35.420	91.234
complex.209.pdb	0	30.400	96.204
complex.210.pdb	0	54.423	118.878
complex.211.pdb	0	32.245	111.295
complex.212.pdb	0	36.402	102.378
complex.213.pdb	0	42.124	84.651
complex.214.pdb	0	31.461	108.739
complex.215.pdb	0	28.679	98.245
complex.216.pdb	0	32.597	127.309
complex.217.pdb	0	38.855	109.990
complex.218.pdb	0	55.713	124.046
complex.219.pdb	0	38.991	102.482
complex.220.pdb	0	32.847	96.911
complex.221.pdb	0	41.873	102.705
complex.222.pdb	0	39.997	98.396
complex.223.pdb	0	38.538	110.977
complex.224.pdb	0	54.205	122.755
complex.225.pdb	0	34.886	106.351
complex.226.pdb	0	47.162	106.150
complex.227.pdb	0	33.453	106.233
complex.228.pdb	0	37.627	102.433
complex.229.pdb	0	46.139	108.788
complex.230.pdb	0	59.491	125.077
complex.231.pdb	0	35.778	110.739
complex.232.pdb	0	52.761	102.876
complex.233.pdb	0	38.157	108.082
complex.234.pdb	0	36.070	103.573
complex.235.pdb	0	36.158	101.727
complex.236.pdb	0	39.349	124.230
complex.237.pdb	0	33.006	108.411
complex.238.pdb	0	56.394	122.429
complex.239.pdb	0	35.158	114.844
complex.240.pdb	0	42.751	109.370
complex.241.pdb	0	37.358	97.181
complex.242.pdb	0	38.998	103.560
complex.243.pdb	0	49.663	110.236
complex.244.pdb	0	33.690	110.539
complex.245.pdb	0	35.923	120.616
complex.246.pdb	0	35.799	119.965
complex.247.pdb	0	37.998	111.510
complex.248.pdb	0	34.555	112.872
complex.249.pdb	0	38.670	100.469
complex.250.pdb	0	30.434	117.428
complex.251.pdb	0	36.274	109.432
complex.252.pdb	0	32.967	114.832
complex.253.pdb	0	37.614	98.080
complex.254.pdb	0	31.467	115.294
complex.255.pdb	0	41.553	108.288
complex.256.pdb	0	38.672	103.206
complex.257.pdb	0	35.526	117.794
complex.258.pdb	0	46.594	111.507
complex.259.pdb	0	40.430	95.142
complex.260.pdb	0	37.305	108.377
complex.261.pdb	0	36.536	99.826
complex.262.pdb	0	33.156	116.261
complex.263.pdb	0	34.681	90.434
complex.264.pdb	0	38.993	97.125
complex.265.pdb	0	48.285	117.313
complex.266.pdb	0	35.381	110.808
complex.267.pdb	0	40.856	89.414
complex.268.pdb	0	42.058	103.663
complex.269.pdb	0	44.210	111.948
complex.270.pdb	0	31.558	81.610
complex.271.pdb	0	33.931	96.173
complex.272.pdb	0	50.053	113.346
complex.273.pdb	0	32.790	99.148
complex.274.pdb	0	30.703	106.075
complex.275.pdb	0	35.091	121.193
complex.276.pdb	0	55.280	104.559
complex.277.pdb	0	38.077	85.735
complex.278.pdb	0	31.424	123.029
complex.279.pdb	0	55.124	115.772
complex.280.pdb	0	33.948	81.389
complex.281.pdb	0	34.677	107.233
complex.282.pdb	0	44.219	110.130
complex.283.pdb	0	39.546	119.078
complex.284.pdb	0	36.048	98.952
complex.285.pdb	0	33.650	105.944
complex.286.pdb	0	39.402	107.993
complex.287.pdb	0	38.489	99.563
complex.288.pdb	0	48.733	123.957
complex.289.pdb	0	52.407	114.792
complex.290.pdb	0	40.017	109.359
complex.291.pdb	0	35.816	116.055
complex.292.pdb	0	44.118	104.274
complex.293.pdb	0	38.159	88.441
complex.294.pdb	0	46.903	111.523
complex.295.pdb	0	35.110	103.720
complex.296.pdb	0	35.272	98.407
complex.297.pdb	0	52.692	122.200
complex.298.pdb	0	46.351	104.622
complex.299.pdb	0	53.753	114.593
complex.300.pdb	0	36.292	98.954
complex.301.pdb	0	33.245	108.431
complex.302.pdb	0	45.680	109.943
complex.303.pdb	0	31.763	96.128
complex.304.pdb	0	39.319	115.827
complex.305.pdb	0	35.854	88.212
complex.306.pdb	0	46.949	110.799
complex.307.pdb	0	56.341	119.189
complex.308.pdb	0	42.403	100.385
complex.309.pdb	0	50.244	112.350
complex.310.pdb	0	41.499	107.727
complex.311.pdb	0	31.951	85.926
complex.312.pdb	0	41.386	102.365
complex.313.pdb	0	37.341	111.588
complex.314.pdb	0	34.141	114.326
complex.315.pdb	0	43.402	102.108
complex.316.pdb	0	35.751	67.321
complex.317.pdb	0	29.888	103.998
complex.318.pdb	0	37.628	103.573
complex.319.pdb	0	35.003	109.670
complex.320.pdb	0	36.723	97.844
complex.321.pdb	0	56.132	115.746
complex.322.pdb	0	50.214	115.679
complex.323.pdb	0	42.200	101.599
complex.324.pdb	0	40.256	125.481
complex.325.pdb	0	38.968	87.853
complex.326.pdb	0	38.137	113.628
complex.327.pdb	0	52.988	122.271
complex.328.pdb	0	37.835	86.103
complex.329.pdb	0	49.051	107.413
complex.330.pdb	0	42.119	86.071
complex.331.pdb	0	38.997	91.007
complex.332.pdb	0	32.357	97.037
complex.333.pdb	0	36.376	119.009
complex.334.pdb	0	49.823	121.480
complex.335.pdb	0	34.492	89.197
complex.336.pdb	0	29.496	79.115
complex.337.pdb	0	32.864	104.077
complex.338.pdb	0	34.320	109.111
complex.339.pdb	0	37.489	106.300
complex.340.pdb	0	33.448	116.090
complex.341.pdb	0	52.378	124.039
complex.342.pdb	0	40.768	113.422
complex.343.pdb	0	37.670	101.172
complex.344.pdb	0	52.895	122.309
complex.345.pdb	0	52.486	116.022
complex.346.pdb	0	45.307	113.694
complex.347.pdb	0	48.184	120.465
complex.348.pdb	0	39.915	88.906
complex.349.pdb	0	56.549	117.483
complex.350.pdb	0	42.461	93.827
complex.351.pdb	0	38.678	102.238
complex.352.pdb	0	46.528	107.727
complex.353.pdb	0	32.415	93.085
complex.354.pdb	0	35.211	78.096
complex.355.pdb	0	37.613	118.079
complex.356.pdb	0	55.669	118.027
complex.357.pdb	0	51.151	125.283
complex.358.pdb	0	40.098	107.517
complex.359.pdb	0	32.633	127.537
complex.360.pdb	0	52.479	111.221
complex.361.pdb	0	45.932	107.482
complex.362.pdb	0	49.816	110.847
complex.363.pdb	0	42.920	116.032
complex.364.pdb	0	48.280	108.936
complex.365.pdb	0	46.694	107.231
complex.366.pdb	0	40.523	87.077
complex.367.pdb	0	47.835	111.872
complex.368.pdb	0	33.824	105.010
complex.369.pdb	0	47.395	107.996
complex.370.pdb	0	40.336	108.973
complex.371.pdb	0	36.682	94.827
complex.372.pdb	0	30.424	114.640
complex.373.pdb	0	37.563	99.767
complex.374.pdb	0	28.432	94.435
complex.375.pdb	0	41.923	109.117
complex.376.pdb	0	56.361	108.957
complex.377.pdb	0	41.021	98.512
complex.378.pdb	0	36.452	94.261
complex.379.pdb	0	35.071	109.354
complex.380.pdb	0	54.160	120.883
complex.381.pdb	0	53.833	114.434
complex.382.pdb	0	56.685	119.443
complex.383.pdb	0	41.458	100.658
complex.384.pdb	0	31.383	115.588
complex.385.pdb	0	51.227	108.285
complex.386.pdb	0	36.107	97.848
complex.387.pdb	0	33.376	95.354
complex.388.pdb	0	35.404	112.570
complex.389.pdb	0	54.837	115.877
complex.390.pdb	0	39.405	97.246
complex.391.pdb	0	37.110	99.402
complex.392.pdb	0	26.987	84.420
complex.393.pdb	0	36.179	115.307
complex.394.pdb	0	53.359	115.550
complex.395.pdb	0	54.437	116.506
complex.396.pdb	0	47.974	109.889
complex.397.pdb	0	28.115	115.613
complex.398.pdb	0	40.221	114.637
complex.399.pdb	0	40.801	95.505
complex.400.pdb	0	51.359	114.431
complex.401.pdb	0	30.934	125.789
complex.402.pdb	0	32.351	92.164
complex.403.pdb	0	40.044	110.354
complex.404.pdb	0	36.461	109.963
complex.405.pdb	0	28.396	101.512
complex.406.pdb	0	56.879	119.338
complex.407.pdb	0	42.040	111.836
complex.408.pdb	0	36.891	121.882
complex.409.pdb	0	49.948	118.546
complex.410.pdb	0	34.607	99.174
complex.411.pdb	0	39.595	89.959
complex.412.pdb	0	34.428	90.205
complex.413.pdb	0	46.968	108.449
complex.414.pdb	0	44.534	108.418
complex.415.pdb	0	45.752	113.350
complex.416.pdb	0	29.292	112.495
complex.417.pdb	0	43.149	95.938
complex.418.pdb	0	30.237	86.112
complex.419.pdb	0	49.168	109.028
complex.420.pdb	0	42.877	98.147
complex.421.pdb	0	35.050	96.270
complex.422.pdb	0	37.894	109.775
complex.423.pdb	0	39.778	104.255
complex.424.pdb	0	38.136	100.640
complex.425.pdb	0	28.740	76.626
complex.426.pdb	0	36.775	112.833
complex.427.pdb	0	35.616	102.189
complex.428.pdb	0	45.476	108.267
complex.429.pdb	0	39.221	92.003
complex.430.pdb	0	32.319	107.779
complex.431.pdb	0	39.583	124.449
complex.432.pdb	0	40.568	101.482
complex.433.pdb	0	40.436	97.326
complex.434.pdb	0	37.484	112.212
complex.435.pdb	0	38.114	91.176
complex.436.pdb	0	54.840	119.928
complex.437.pdb	0	32.986	98.610
complex.438.pdb	0	40.637	120.198
complex.439.pdb	0	40.958	96.250
complex.440.pdb	0	36.881	101.971
complex.441.pdb	0	35.537	110.793
complex.442.pdb	0	33.511	89.728
complex.443.pdb	0	35.966	106.778
complex.444.pdb	0	52.687	116.622
complex.445.pdb	0	37.570	91.655
complex.446.pdb	0	37.109	130.761
complex.447.pdb	0	36.816	121.890
complex.448.pdb	0	32.160	90.470
complex.449.pdb	0	42.938	100.460
complex.450.pdb	0	41.518	104.269
complex.451.pdb	0	53.342	113.525
complex.452.pdb	0	48.393	107.704
complex.453.pdb	0	43.561	107.551
complex.454.pdb	0	31.214	77.998
complex.455.pdb	0	32.288	117.006
complex.456.pdb	0	34.765	98.587
complex.457.pdb	0	33.578	94.904
complex.458.pdb	0	29.889	110.389
complex.459.pdb	0	58.210	108.690
complex.460.pdb	0	57.387	121.298
complex.461.pdb	0	53.955	116.793
complex.462.pdb	0	39.823	98.632
complex.463.pdb	0	40.669	102.922
complex.464.pdb	0	53.247	114.537
complex.465.pdb	0	40.419	112.946
complex.466.pdb	0	33.261	92.754
complex.467.pdb	0	53.425	127.910
complex.468.pdb	0	30.417	97.406
complex.469.pdb	0	54.894	110.500
complex.470.pdb	0	34.529	123.512
complex.471.pdb	0	31.057	117.794
complex.472.pdb	0	43.539	104.438
complex.473.pdb	0	39.067	89.207
complex.474.pdb	0	41.675	95.065
complex.475.pdb	0	37.871	88.108
complex.476.pdb	0	37.236	106.276
complex.477.pdb	0	29.662	104.523
complex.478.pdb	0	42.990	102.944
complex.479.pdb	0	33.313	112.346
complex.480.pdb	0	31.530	99.034
complex.481.pdb	0	48.901	118.911
complex.482.pdb	0	37.804	98.358
complex.483.pdb	0	58.452	118.861
complex.484.pdb	0	44.187	102.524
complex.485.pdb	0	34.773	116.380
complex.486.pdb	0	57.098	114.165
complex.487.pdb	0	35.810	100.840
complex.488.pdb	0	39.708	98.754
complex.489.pdb	0	29.893	109.000
complex.490.pdb	0	39.255	103.705
complex.491.pdb	0.416667	3.893	7.996
complex.492.pdb	0	28.365	102.575
complex.493.pdb	0	25.362	57.370
complex.494.pdb	0	41.700	108.132
complex.495.pdb	0	41.902	104.626
complex.496.pdb	0	53.513	113.970
complex.497.pdb	0	51.622	106.256
complex.498.pdb	0	25.634	88.265
complex.499.pdb	0	28.866	86.668
complex.500.pdb	0	33.672	92.242
complex.501.pdb	0	35.741	81.737
complex.502.pdb	0	36.830	100.724
complex.503.pdb	0	51.249	109.571
complex.504.pdb	0	39.168	97.862
complex.505.pdb	0	38.843	99.348
complex.506.pdb	0	58.107	121.663
complex.507.pdb	0	38.806	119.135
complex.508.pdb	0	53.893	110.698
complex.509.pdb	0	52.963	118.104
complex.510.pdb	0	38.742	101.939
complex.511.pdb	0	35.003	77.559
complex.512.pdb	0	55.760	106.980
complex.513.pdb	0	35.035	122.794
complex.514.pdb	0	41.619	107.988
complex.515.pdb	0	34.942	101.789
complex.516.pdb	0	50.932	95.775
complex.517.pdb	0	38.951	112.956
complex.518.pdb	0	40.707	118.515
complex.519.pdb	0	35.698	102.412
complex.520.pdb	0	32.973	104.855
complex.521.pdb	0	40.408	120.466
complex.522.pdb	0	31.342	88.173
complex.523.pdb	0	34.020	118.921
complex.524.pdb	0	47.653	120.773
complex.525.pdb	0	29.944	104.493
complex.526.pdb	0	37.839	112.859
complex.527.pdb	0	52.086	123.999
complex.528.pdb	0	26.663	88.082
complex.529.pdb	0	50.336	124.543
complex.530.pdb	0	45.439	97.624
complex.531.pdb	0	40.841	89.372
complex.532.pdb	0	54.760	116.724
complex.533.pdb	0	26.360	82.593
complex.534.pdb	0	37.422	109.991
complex.535.pdb	0	38.142	132.926
complex.536.pdb	0	30.094	107.524
complex.537.pdb	0	36.844	95.890
complex.538.pdb	0	39.551	81.666
complex.539.pdb	0	44.804	118.671
complex.540.pdb	0	32.788	95.494
complex.541.pdb	0	51.482	126.750
complex.542.pdb	0	35.726	95.424
complex.543.pdb	0	41.827	99.077
complex.544.pdb	0	39.992	115.151
complex.545.pdb	0	41.575	85.250
complex.546.pdb	0	53.826	114.402
complex.547.pdb	0	29.017	112.148
complex.548.pdb	0	38.196	119.009
complex.549.pdb	0	32.148	94.381
complex.550.pdb	0	24.294	81.426
complex.551.pdb	0	40.540	107.680
complex.552.pdb	0	39.587	95.777
complex.553.pdb	0	47.716	116.827
complex.554.pdb	0	34.632	94.471
complex.555.pdb	0	34.673	101.549
complex.556.pdb	0	56.585	122.107
complex.557.pdb	0	44.920	103.748
complex.558.pdb	0	33.928	78.677
complex.559.pdb	0	30.961	118.616
complex.560.pdb	0	37.997	103.380
complex.561.pdb	0	50.375	113.039
complex.562.pdb	0	26.951	112.863
complex.563.pdb	0	57.416	107.966
complex.564.pdb	0	30.181	106.212
complex.565.pdb	0	29.162	82.498
complex.566.pdb	0	40.586	99.819
complex.567.pdb	0	49.836	101.269
complex.568.pdb	0	42.029	120.700
complex.569.pdb	0	33.567	128.501
complex.570.pdb	0	38.570	84.505
complex.571.pdb	0	33.477	86.491
complex.572.pdb	0	36.514	103.820
complex.573.pdb	0	33.668	92.343
complex.574.pdb	0	30.609	114.828
complex.575.pdb	0	35.988	123.555
complex.576.pdb	0	37.525	127.050
complex.577.pdb	0	31.414	86.915
complex.578.pdb	0	44.808	101.585
complex.579.pdb	0	55.480	125.729
complex.580.pdb	0	35.080	114.956
complex.581.pdb	0	37.890	93.143
complex.582.pdb	0	45.509	109.051
complex.583.pdb	0	36.996	99.749
complex.584.pdb	0	37.320	85.772
complex.585.pdb	0	27.829	99.448
complex.586.pdb	0	36.477	103.584
complex.587.pdb	0	34.032	108.699
complex.588.pdb	0	40.807	111.981
complex.589.pdb	0	48.546	110.200
complex.590.pdb	0	44.519	108.376
complex.591.pdb	0	42.546	108.623
complex.592.pdb	0	29.858	106.673
complex.593.pdb	0	53.854	116.434
complex.594.pdb	0	51.367	110.099
complex.595.pdb	0	49.212	116.894
complex.596.pdb	0	29.764	96.570
complex.597.pdb	0	41.018	116.378
complex.598.pdb	0	42.053	112.797
complex.599.pdb	0	34.895	114.953
complex.600.pdb	0	43.052	105.896
complex.601.pdb	0	39.913	134.345
complex.602.pdb	0	55.880	116.114
complex.603.pdb	0	57.775	111.959
complex.604.pdb	0	41.843	108.905
complex.605.pdb	0	48.873	103.927
complex.606.pdb	0	33.298	114.877
complex.607.pdb	0	56.852	118.504
complex.608.pdb	0	51.270	118.373
complex.609.pdb	0	37.846	114.803
complex.610.pdb	0	52.741	114.356
complex.611.pdb	0	54.036	115.401
complex.612.pdb	0	39.126	92.818
complex.613.pdb	0	31.564	125.770
complex.614.pdb	0	32.852	93.708
complex.615.pdb	0	42.598	104.645
complex.616.pdb	0	28.320	107.199
complex.617.pdb	0	34.685	114.492
complex.618.pdb	0	30.421	79.262
complex.619.pdb	0	33.348	99.718
complex.620.pdb	0	41.028	88.950
complex.621.pdb	0	47.554	108.060
complex.622.pdb	0	37.500	94.825
complex.623.pdb	0	28.924	100.595
complex.624.pdb	0	34.878	86.391
complex.625.pdb	0	33.631	106.189
complex.626.pdb	0	38.091	111.454
complex.627.pdb	0	37.588	87.395
complex.628.pdb	0	38.834	122.065
complex.629.pdb	0	48.198	121.996
complex.630.pdb	0	33.742	98.467
complex.631.pdb	0	39.116	103.439
complex.632.pdb	0	34.914	73.613
complex.633.pdb	0	37.393	105.595
complex.634.pdb	0	38.294	94.631
complex.635.pdb	0	43.853	94.357
complex.636.pdb	0	41.014	118.937
complex.637.pdb	0	42.153	106.382
complex.638.pdb	0	50.555	115.202
complex.639.pdb	0	40.608	85.545
complex.640.pdb	0	35.866	111.632
complex.641.pdb	0	33.275	108.517
complex.642.pdb	0	41.964	112.954
complex.643.pdb	0	33.806	113.081
complex.644.pdb	0	33.906	113.796
complex.645.pdb	0	33.096	91.854
complex.646.pdb	0	49.134	123.734
complex.647.pdb	0	31.033	86.719
complex.648.pdb	0	40.425	116.964
complex.649.pdb	0	51.487	121.963
complex.650.pdb	0	50.729	111.482
complex.651.pdb	0	37.498	110.975
complex.652.pdb	0	32.699	89.760
complex.653.pdb	0	34.140	97.253
complex.654.pdb	0	29.138	121.184
complex.655.pdb	0	34.963	125.383
complex.656.pdb	0	37.402	100.884
complex.657.pdb	0	33.330	106.990
complex.658.pdb	0	52.793	118.448
complex.659.pdb	0	44.437	99.775
complex.660.pdb	0	29.490	115.621
complex.661.pdb	0	44.339	106.642
complex.662.pdb	0	36.251	116.271
complex.663.pdb	0	36.013	98.878
complex.664.pdb	0	54.701	126.583
complex.665.pdb	0	41.640	116.735
complex.666.pdb	0	56.060	107.275
complex.667.pdb	0	34.913	100.717
complex.668.pdb	0	58.496	128.767
complex.669.pdb	0	37.147	104.309
complex.670.pdb	0	52.995	117.687
complex.671.pdb	0	44.207	110.489
complex.672.pdb	0	37.435	96.569
complex.673.pdb	0	34.519	96.025
complex.674.pdb	0	50.466	121.342
complex.675.pdb	0	31.553	91.881
complex.676.pdb	0	41.852	98.872
complex.677.pdb	0	39.272	110.779
complex.678.pdb	0	24.803	85.033
complex.679.pdb	0	44.876	108.069
complex.680.pdb	0	33.091	122.803
complex.681.pdb	0	33.503	87.573
complex.682.pdb	0	50.513	108.238
complex.683.pdb	0	39.879	109.168
complex.684.pdb	0	31.614	92.404
complex.685.pdb	0	38.557	101.932
complex.686.pdb	0	54.763	114.068
complex.687.pdb	0	53.782	117.821
complex.688.pdb	0	38.198	105.176
complex.689.pdb	0	38.771	94.342
complex.690.pdb	0	51.144	108.961
complex.691.pdb	0	35.765	81.737
complex.692.pdb	0	43.448	102.067
complex.693.pdb	0	38.386	101.867
complex.694.pdb	0	53.432	126.691
complex.695.pdb	0	38.357	120.694
complex.696.pdb	0	51.852	114.986
complex.697.pdb	0	54.953	115.078
complex.698.pdb	0	46.684	123.890
complex.699.pdb	0	36.055	100.874
complex.700.pdb	0	31.402	101.858
complex.701.pdb	0	44.856	93.706
complex.702.pdb	0	45.379	104.848
complex.703.pdb	0	30.113	115.052
complex.704.pdb	0	34.971	117.611
complex.705.pdb	0	39.974	105.125
complex.706.pdb	0	39.810	104.426
complex.707.pdb	0	26.991	87.435
complex.708.pdb	0	34.469	134.620
complex.709.pdb	0	40.314	103.792
complex.710.pdb	0	34.306	95.026
complex.711.pdb	0	56.853	119.398
complex.712.pdb	0	52.140	116.194
complex.713.pdb	0	39.262	112.522
complex.714.pdb	0	56.375	119.165
complex.715.pdb	0	54.151	120.023
complex.716.pdb	0	61.791	133.383
complex.717.pdb	0	40.498	98.872
complex.718.pdb	0	34.330	109.671
complex.719.pdb	0	31.299	72.672
complex.720.pdb	0	36.225	125.074
complex.721.pdb	0	34.697	100.295
complex.722.pdb	0	43.428	103.480
complex.723.pdb	0	35.875	77.681
complex.724.pdb	0	29.290	86.562
complex.725.pdb	0	34.129	100.488
complex.726.pdb	0	48.355	116.008
complex.727.pdb	0	32.275	76.311
complex.728.pdb	0	47.773	103.170
complex.729.pdb	0	34.435	110.055
complex.730.pdb	0	34.069	95.900
complex.731.pdb	0	36.007	73.379
complex.732.pdb	0	48.182	104.912
complex.733.pdb	0	64.105	136.936
complex.734.pdb	0	52.222	116.273
complex.735.pdb	0	53.998	112.016
complex.736.pdb	0	35.508	125.002
complex.737.pdb	0	51.885	117.502
complex.738.pdb	0	32.255	113.661
complex.739.pdb	0	36.111	116.050
complex.740.pdb	0	33.755	126.022
complex.741.pdb	0	40.766	120.802
complex.742.pdb	0	39.383	102.132
complex.743.pdb	0	36.638	97.422
complex.744.pdb	0	41.025	99.302
complex.745.pdb	0	28.200	95.562
complex.746.pdb	0	33.807	109.950
complex.747.pdb	0	38.032	103.560
complex.748.pdb	0	26.434	115.329
complex.749.pdb	0	30.408	82.681
complex.750.pdb	0	32.877	107.248
complex.751.pdb	0	32.734	121.435
complex.752.pdb	0	32.124	122.673
complex.753.pdb	0	50.156	105.115
complex.754.pdb	0	38.164	102.822
complex.755.pdb	0	42.025	88.850
complex.756.pdb	0	33.596	112.837
complex.757.pdb	0	50.595	105.626
complex.758.pdb	0	39.964	100.549
complex.759.pdb	0	36.512	84.972
complex.760.pdb	0	31.779	100.223
complex.761.pdb	0	27.920	77.517
complex.762.pdb	0	45.514	121.298
complex.763.pdb	0	38.013	119.190
complex.764.pdb	0	56.486	121.834
complex.765.pdb	0	52.638	120.186
complex.766.pdb	0	34.942	119.608
complex.767.pdb	0	31.716	116.580
complex.768.pdb	0	34.536	104.185
complex.769.pdb	0	31.650	89.571
complex.770.pdb	0	41.030	105.047
complex.771.pdb	0	34.621	102.741
complex.772.pdb	0	37.255	101.483
complex.773.pdb	0	21.301	83.718
complex.774.pdb	0	40.528	111.839
complex.775.pdb	0	37.558	115.164
complex.776.pdb	0	28.507	113.153
complex.777.pdb	0	45.130	107.783
complex.778.pdb	0	41.578	101.215
complex.779.pdb	0	58.440	108.749
complex.780.pdb	0	37.548	93.749
complex.781.pdb	0	35.916	98.880
complex.782.pdb	0	48.847	101.059
complex.783.pdb	0	49.765	117.366
complex.784.pdb	0	37.124	100.450
complex.785.pdb	0	34.530	84.556
complex.786.pdb	0	42.943	106.948
complex.787.pdb	0	35.846	95.228
complex.788.pdb	0	54.618	128.349
complex.789.pdb	0	33.686	75.371
complex.790.pdb	0	38.804	110.448
complex.791.pdb	0	36.267	132.414
complex.792.pdb	0	58.734	118.935
complex.793.pdb	0	40.877	100.450
complex.794.pdb	0	35.380	93.498
complex.795.pdb	0	47.260	104.457
complex.796.pdb	0	39.466	100.797
complex.797.pdb	0	30.575	103.043
complex.798.pdb	0	36.495	104.497
complex.799.pdb	0	34.741	121.402
complex.800.pdb	0	36.734	120.850
complex.801.pdb	0	54.009	115.832
complex.802.pdb	0	46.853	108.188
complex.803.pdb	0	33.058	107.069
complex.804.pdb	0	45.378	112.589
complex.805.pdb	0	27.773	103.946
complex.806.pdb	0	34.874	98.030
complex.807.pdb	0	53.479	120.629
complex.808.pdb	0	29.170	103.976
complex.809.pdb	0	54.840	123.779
complex.810.pdb	0	53.191	111.372
complex.811.pdb	0	48.341	109.913
complex.812.pdb	0	33.629	105.371
complex.813.pdb	0	32.386	120.631
complex.814.pdb	0	29.789	116.447
complex.815.pdb	0	33.898	108.173
complex.816.pdb	0	54.908	121.757
complex.817.pdb	0	41.659	98.911
complex.818.pdb	0	55.486	116.406
complex.819.pdb	0	50.832	104.628
complex.820.pdb	0	63.355	140.252
complex.821.pdb	0	34.917	83.734
complex.822.pdb	0	27.683	93.258
complex.823.pdb	0	43.286	118.306
complex.824.pdb	0	46.276	122.567
complex.825.pdb	0	33.473	80.773
complex.826.pdb	0	48.417	112.772
complex.827.pdb	0	48.606	115.091
complex.828.pdb	0	53.524	127.005
complex.829.pdb	0	42.375	118.353
complex.830.pdb	0	37.058	98.083
complex.831.pdb	0	27.121	110.286
complex.832.pdb	0	33.281	93.824
complex.833.pdb	0	26.224	81.930
complex.834.pdb	0	32.969	113.291
complex.835.pdb	0	52.586	115.141
complex.836.pdb	0	54.017	108.787
complex.837.pdb	0	37.538	114.974
complex.838.pdb	0	40.565	109.219
complex.839.pdb	0	35.712	105.698
complex.840.pdb	0	28.341	90.122
complex.841.pdb	0	38.946	109.765
complex.842.pdb	0	33.380	117.393
complex.843.pdb	0	38.300	96.777
complex.844.pdb	0	40.850	100.966
complex.845.pdb	0	32.891	112.452
complex.846.pdb	0	33.611	116.697
complex.847.pdb	0	37.852	77.951
complex.848.pdb	0	44.739	105.610
complex.849.pdb	0	47.999	120.797
complex.850.pdb	0	45.177	99.542
complex.851.pdb	0	38.282	121.325
complex.852.pdb	0	45.461	105.951
complex.853.pdb	0	52.378	107.920
complex.854.pdb	0	34.573	97.829
complex.855.pdb	0	40.224	106.894
complex.856.pdb	0	48.413	110.803
complex.857.pdb	0	35.565	99.754
complex.858.pdb	0	40.417	104.534
complex.859.pdb	0	53.648	104.813
complex.860.pdb	0	37.575	109.082
complex.861.pdb	0	29.376	74.698
complex.862.pdb	0	49.899	123.221
complex.863.pdb	0	34.365	90.068
complex.864.pdb	0	31.242	108.738
complex.865.pdb	0	43.663	113.334
complex.866.pdb	0	33.830	121.627
complex.867.pdb	0	39.918	100.119
complex.868.pdb	0	34.962	109.445
complex.869.pdb	0	34.178	94.448
complex.870.pdb	0	32.237	120.830
complex.871.pdb	0	39.799	116.728
complex.872.pdb	0	39.174	113.536
complex.873.pdb	0	35.391	116.023
complex.874.pdb	0.00595238	19.128	82.539
complex.875.pdb	0	39.552	107.249
complex.876.pdb	0	42.218	105.121
complex.877.pdb	0	41.637	112.467
complex.878.pdb	0	46.194	131.714
complex.879.pdb	0	56.100	121.769
complex.880.pdb	0	39.812	97.157
complex.881.pdb	0	37.947	107.162
complex.882.pdb	0	52.028	115.744
complex.883.pdb	0	38.798	95.692
complex.884.pdb	0	49.828	88.922
complex.885.pdb	0	37.949	94.409
complex.886.pdb	0	34.432	101.003
complex.887.pdb	0	59.729	119.470
complex.888.pdb	0	42.322	111.697
complex.889.pdb	0	34.195	103.399
complex.890.pdb	0	35.130	78.293
complex.891.pdb	0	29.823	118.415
complex.892.pdb	0	58.987	112.074
complex.893.pdb	0	31.304	94.860
complex.894.pdb	0	49.837	114.010
complex.895.pdb	0	38.867	113.248
complex.896.pdb	0	51.409	128.310
complex.897.pdb	0	36.499	100.089
complex.898.pdb	0	32.161	99.128
complex.899.pdb	0	32.545	105.971
complex.900.pdb	0	30.443	104.468
complex.901.pdb	0	50.316	117.310
complex.902.pdb	0	52.561	118.011
complex.903.pdb	0	30.976	120.651
complex.904.pdb	0	36.695	95.967
complex.905.pdb	0	25.510	76.587
complex.906.pdb	0	48.422	121.680
complex.907.pdb	0	45.675	98.897
complex.908.pdb	0	49.906	113.640
complex.909.pdb	0	58.366	121.556
complex.910.pdb	0	40.676	84.046
complex.911.pdb	0	42.638	107.629
complex.912.pdb	0	43.106	112.047
complex.913.pdb	0	27.913	88.241
complex.914.pdb	0	38.909	84.269
complex.915.pdb	0	51.265	116.660
complex.916.pdb	0	36.519	111.252
complex.917.pdb	0	39.919	96.383
complex.918.pdb	0	38.516	116.719
complex.919.pdb	0	43.696	99.316
complex.920.pdb	0	49.812	113.450
complex.921.pdb	0	37.436	125.110
complex.922.pdb	0	36.763	95.407
complex.923.pdb	0	46.243	112.865
complex.924.pdb	0	49.570	110.616
complex.925.pdb	0	38.078	114.546
complex.926.pdb	0	32.107	98.767
complex.927.pdb	0	51.895	116.402
complex.928.pdb	0	34.220	100.012
complex.929.pdb	0	38.246	136.129
complex.930.pdb	0	60.267	120.157
complex.931.pdb	0	42.844	114.385
complex.932.pdb	0	43.081	87.079
complex.933.pdb	0	42.880	78.866
complex.934.pdb	0	32.995	88.180
complex.935.pdb	0	55.063	109.300
complex.936.pdb	0	54.276	114.858
complex.937.pdb	0	44.282	119.967
complex.938.pdb	0	31.627	126.884
complex.939.pdb	0	44.280	106.163
complex.940.pdb	0	29.452	109.872
complex.941.pdb	0	51.476	119.267
complex.942.pdb	0	32.870	106.522
complex.943.pdb	0	37.857	104.035
complex.944.pdb	0	32.360	88.378
complex.945.pdb	0	40.871	113.494
complex.946.pdb	0	52.148	120.014
complex.947.pdb	0	37.985	112.666
complex.948.pdb	0	45.173	104.587
complex.949.pdb	0	34.914	94.271
complex.950.pdb	0	40.694	91.388
complex.951.pdb	0	42.640	93.409
complex.952.pdb	0	32.296	102.946
complex.953.pdb	0	30.889	114.575
complex.954.pdb	0	49.969	94.100
complex.955.pdb	0	59.496	122.076
complex.956.pdb	0	48.627	105.326
complex.957.pdb	0	27.704	94.419
complex.958.pdb	0	53.024	114.243
complex.959.pdb	0	36.084	98.963
complex.960.pdb	0	50.578	113.564
complex.961.pdb	0	31.527	81.707
complex.962.pdb	0	40.750	104.784
complex.963.pdb	0	42.047	117.667
complex.964.pdb	0	55.876	120.317
complex.965.pdb	0	60.647	120.231
complex.966.pdb	0	48.734	99.068
complex.967.pdb	0	45.405	95.927
complex.968.pdb	0	54.765	128.292
complex.969.pdb	0	51.593	107.242
complex.970.pdb	0	51.485	104.620
complex.971.pdb	0	40.222	91.216
complex.972.pdb	0	31.621	123.517
complex.973.pdb	0	32.656	107.436
complex.974.pdb	0	42.423	107.615
complex.975.pdb	0	40.633	104.777
complex.976.pdb	0	38.217	95.127
complex.977.pdb	0	36.895	121.878
complex.978.pdb	0	39.580	111.124
complex.979.pdb	0	40.145	103.514
complex.980.pdb	0	53.855	109.736
complex.981.pdb	0	31.206	116.601
complex.982.pdb	0	50.214	119.809
complex.983.pdb	0	47.372	103.826
complex.984.pdb	0	51.140	117.105
complex.985.pdb	0	53.362	116.524
complex.986.pdb	0	32.156	104.106
complex.987.pdb	0	46.463	111.806
complex.988.pdb	0	29.815	115.254
complex.989.pdb	0	36.841	82.821
complex.990.pdb	0	48.604	114.932
complex.991.pdb	0	51.668	127.142
complex.992.pdb	0	40.823	107.283
complex.993.pdb	0	32.521	120.075
complex.994.pdb	0	49.579	122.082
complex.995.pdb	0	41.660	81.960
complex.996.pdb	0	55.928	118.669
complex.997.pdb	0	55.343	104.037
complex.998.pdb	0	34.005	117.175
complex.999.pdb	0	29.763	76.413
complex.1000.pdb	0	45.819	102.992
complex.1001.pdb	0	37.051	84.568
complex.1002.pdb	0	37.365	113.768
complex.1003.pdb	0	35.412	123.729
complex.1004.pdb	0	44.477	108.852
complex.1005.pdb	0	49.390	114.302
complex.1006.pdb	0	34.903	105.330
complex.1007.pdb	0	40.913	118.593
complex.1008.pdb	0	42.835	105.948
complex.1009.pdb	0	46.855	109.404
complex.1010.pdb	0	38.947	99.157
complex.1011.pdb	0	44.503	112.811
complex.1012.pdb	0	30.495	115.998
complex.1013.pdb	0	46.157	105.959
complex.1014.pdb	0	56.632	106.100
complex.1015.pdb	0	37.658	112.415
complex.1016.pdb	0	55.289	109.158
complex.1017.pdb	0	39.945	109.789
complex.1018.pdb	0	34.571	100.895
complex.1019.pdb	0	32.344	128.445
complex.1020.pdb	0	27.862	82.926
complex.1021.pdb	0	41.626	111.705
complex.1022.pdb	0	32.213	118.999
complex.1023.pdb	0	30.048	90.917
complex.1024.pdb	0	49.672	120.549
complex.1025.pdb	0	29.404	108.783
complex.1026.pdb	0	56.810	117.391
complex.1027.pdb	0	55.848	106.607
complex.1028.pdb	0	36.436	113.542
complex.1029.pdb	0	49.851	110.885
complex.1030.pdb	0	49.856	116.213
complex.1031.pdb	0	51.311	110.002
complex.1032.pdb	0	38.393	98.468
complex.1033.pdb	0	34.469	109.807
complex.1034.pdb	0	37.742	85.492
complex.1035.pdb	0	38.140	93.992
complex.1036.pdb	0	32.962	116.170
complex.1037.pdb	0	42.603	107.992
complex.1038.pdb	0	46.254	118.131
complex.1039.pdb	0	36.016	117.293
complex.1040.pdb	0	37.731	90.354
complex.1041.pdb	0	39.471	121.348
complex.1042.pdb	0	34.306	100.228
complex.1043.pdb	0	38.257	121.342
complex.1044.pdb	0	53.003	115.251
complex.1045.pdb	0	38.928	102.383
complex.1046.pdb	0	50.594	107.124
complex.1047.pdb	0	55.839	111.290
complex.1048.pdb	0	38.234	106.867
complex.1049.pdb	0	44.592	108.058
complex.1050.pdb	0	33.803	119.506
complex.1051.pdb	0	55.444	117.821
complex.1052.pdb	0	52.707	113.325
complex.1053.pdb	0	57.145	118.341
complex.1054.pdb	0	31.754	104.481
complex.1055.pdb	0	31.633	122.139
complex.1056.pdb	0	34.135	90.302
complex.1057.pdb	0	42.645	112.773
complex.1058.pdb	0	56.374	120.544
complex.1059.pdb	0	41.044	82.636
complex.1060.pdb	0	33.695	127.908
complex.1061.pdb	0	37.876	112.634
complex.1062.pdb	0	33.699	112.640
complex.1063.pdb	0	44.743	116.149
complex.1064.pdb	0	42.321	121.415
complex.1065.pdb	0	44.096	102.672
complex.1066.pdb	0	53.939	133.219
complex.1067.pdb	0	36.482	115.586
complex.1068.pdb	0	61.352	119.682
complex.1069.pdb	0	46.218	114.780
complex.1070.pdb	0	41.469	103.615
complex.1071.pdb	0	28.145	59.758
complex.1072.pdb	0	38.455	113.554
complex.1073.pdb	0	41.777	118.481
complex.1074.pdb	0	38.324	110.478
complex.1075.pdb	0	32.857	86.382
complex.1076.pdb	0	35.629	119.899
complex.1077.pdb	0	42.900	96.374
complex.1078.pdb	0	56.017	118.365
complex.1079.pdb	0	29.077	120.270
complex.1080.pdb	0	39.624	91.258
complex.1081.pdb	0	38.819	100.137
complex.1082.pdb	0	55.474	124.381
complex.1083.pdb	0	31.704	107.301
complex.1084.pdb	0	47.980	91.421
complex.1085.pdb	0	47.176	109.203
complex.1086.pdb	0	37.295	103.038
complex.1087.pdb	0	43.643	104.909
complex.1088.pdb	0	38.215	136.672
complex.1089.pdb	0	34.595	115.316
complex.1090.pdb	0	33.568	104.934
complex.1091.pdb	0	41.384	86.895
complex.1092.pdb	0	32.012	126.599
complex.1093.pdb	0	42.764	105.802
complex.1094.pdb	0	53.568	115.048
complex.1095.pdb	0	48.087	99.950
complex.1096.pdb	0	34.828	98.960
complex.1097.pdb	0	29.681	113.846
complex.1098.pdb	0	32.718	118.006
complex.1099.pdb	0	54.491	116.828
complex.1100.pdb	0	42.338	99.613
complex.1101.pdb	0	33.963	126.573
complex.1102.pdb	0	41.300	107.715
complex.1103.pdb	0	32.914	102.737
complex.1104.pdb	0	50.820	117.109
complex.1105.pdb	0	41.848	120.112
complex.1106.pdb	0	29.690	119.707
complex.1107.pdb	0	50.912	107.602
complex.1108.pdb	0	44.005	96.909
complex.1109.pdb	0	50.719	107.442
complex.1110.pdb	0	43.764	97.552
complex.1111.pdb	0	53.259	112.948
complex.1112.pdb	0	39.514	129.683
complex.1113.pdb	0	33.859	108.313
complex.1114.pdb	0	45.958	110.760
complex.1115.pdb	0	51.394	117.839
complex.1116.pdb	0	34.849	119.268
complex.1117.pdb	0	51.420	116.057
complex.1118.pdb	0	59.298	122.356
complex.1119.pdb	0	48.304	114.417
complex.1120.pdb	0	49.479	113.842
complex.1121.pdb	0	39.440	94.208
complex.1122.pdb	0	29.174	100.998
complex.1123.pdb	0	47.585	109.760
complex.1124.pdb	0	35.515	106.769
complex.1125.pdb	0	33.324	110.336
complex.1126.pdb	0	35.141	105.118
complex.1127.pdb	0	40.589	122.352
complex.1128.pdb	0	39.082	107.261
complex.1129.pdb	0	45.577	107.231
complex.1130.pdb	0	56.200	113.083
complex.1131.pdb	0	33.078	99.488
complex.1132.pdb	0	56.378	109.759
complex.1133.pdb	0	37.329	118.678
complex.1134.pdb	0	31.063	88.938
complex.1135.pdb	0	32.041	100.196
complex.1136.pdb	0	51.364	120.042
complex.1137.pdb	0	42.920	103.954
complex.1138.pdb	0	50.891	111.421
complex.1139.pdb	0	49.946	106.246
complex.1140.pdb	0	48.781	100.309
complex.1141.pdb	0	37.742	130.255
complex.1142.pdb	0	34.479	122.348
complex.1143.pdb	0	39.744	122.862
complex.1144.pdb	0	45.249	105.925
complex.1145.pdb	0	36.996	125.441
complex.1146.pdb	0	28.872	103.112
complex.1147.pdb	0	51.909	104.654
complex.1148.pdb	0	37.421	120.393
complex.1149.pdb	0	35.723	109.718
complex.1150.pdb	0	40.982	114.998
complex.1151.pdb	0	31.832	102.045
complex.1152.pdb	0	35.290	97.644
complex.1153.pdb	0	28.253	105.139
complex.1154.pdb	0	37.553	109.552
complex.1155.pdb	0	40.100	97.539
complex.1156.pdb	0	37.264	106.385
complex.1157.pdb	0	33.059	79.842
complex.1158.pdb	0	30.450	106.143
complex.1159.pdb	0	58.343	129.591
complex.1160.pdb	0	30.488	116.264
complex.1161.pdb	0	37.996	123.042
complex.1162.pdb	0	53.885	116.543
complex.1163.pdb	0	54.001	117.241
complex.1164.pdb	0	40.438	108.847
complex.1165.pdb	0	53.693	109.896
complex.1166.pdb	0	58.212	118.494
complex.1167.pdb	0	43.226	110.997
complex.1168.pdb	0	53.512	118.920
complex.1169.pdb	0	35.300	99.846
complex.1170.pdb	0	36.093	96.571
complex.1171.pdb	0	45.123	105.388
complex.1172.pdb	0	51.967	117.645
complex.1173.pdb	0	45.384	107.153
complex.1174.pdb	0	40.768	97.306
complex.1175.pdb	0	38.398	107.740
complex.1176.pdb	0	43.015	88.926
complex.1177.pdb	0	31.931	97.318
complex.1178.pdb	0	34.656	90.409
complex.1179.pdb	0	30.425	102.286
complex.1180.pdb	0	31.833	127.893
complex.1181.pdb	0	43.493	101.022
complex.1182.pdb	0	40.879	103.728
complex.1183.pdb	0	42.621	117.369
complex.1184.pdb	0	37.880	99.542
complex.1185.pdb	0	53.173	121.779
complex.1186.pdb	0	35.052	133.358
complex.1187.pdb	0	32.455	123.581
complex.1188.pdb	0	42.610	108.517
complex.1189.pdb	0	31.979	95.257
complex.1190.pdb	0	36.022	116.622
complex.1191.pdb	0	35.364	91.531
complex.1192.pdb	0	52.209	119.012
complex.1193.pdb	0	31.705	119.729
complex.1194.pdb	0	53.393	113.687
complex.1195.pdb	0	58.893	120.197
complex.1196.pdb	0	35.847	113.397
complex.1197.pdb	0	26.835	113.447
complex.1198.pdb	0	40.803	109.459
complex.1199.pdb	0	30.054	107.825
complex.1200.pdb	0	39.551	84.982
complex.1201.pdb	0	29.950	91.943
complex.1202.pdb	0	49.417	110.586
complex.1203.pdb	0	50.393	120.453
complex.1204.pdb	0	33.908	102.018
complex.1205.pdb	0	37.907	95.739
complex.1206.pdb	0	32.282	88.131
complex.1207.pdb	0	35.064	93.854
complex.1208.pdb	0	32.132	98.805
complex.1209.pdb	0	54.131	114.991
complex.1210.pdb	0	43.777	107.156
complex.1211.pdb	0	32.023	100.104
complex.1212.pdb	0	38.731	107.178
complex.1213.pdb	0	54.867	116.350
complex.1214.pdb	0	44.420	114.544
complex.1215.pdb	0	38.110	101.443
complex.1216.pdb	0	51.896	109.844
complex.1217.pdb	0	29.546	84.739
complex.1218.pdb	0	53.301	118.698
complex.1219.pdb	0	37.757	88.405
complex.1220.pdb	0	29.073	112.484
complex.1221.pdb	0	41.539	99.712
complex.1222.pdb	0	51.578	112.351
complex.1223.pdb	0	43.267	98.431
complex.1224.pdb	0	54.502	122.043
complex.1225.pdb	0	38.569	85.900
complex.1226.pdb	0	41.763	88.820
complex.1227.pdb	0	30.130	84.523
complex.1228.pdb	0	35.445	88.916
complex.1229.pdb	0	34.817	97.786
complex.1230.pdb	0	40.589	110.015
complex.1231.pdb	0	42.762	96.968
complex.1232.pdb	0	40.694	102.810
complex.1233.pdb	0	44.604	102.910
complex.1234.pdb	0	38.854	103.330
complex.1235.pdb	0	47.944	115.182
complex.1236.pdb	0	34.877	70.215
complex.1237.pdb	0	45.135	124.493
complex.1238.pdb	0	42.212	107.492
complex.1239.pdb	0	35.159	120.656
complex.1240.pdb	0	57.606	115.477
complex.1241.pdb	0	38.471	86.090
complex.1242.pdb	0	49.474	114.496
complex.1243.pdb	0	51.400	114.725
complex.1244.pdb	0	40.491	96.151
complex.1245.pdb	0	37.367	107.248
complex.1246.pdb	0	33.601	104.513
complex.1247.pdb	0	40.851	117.158
complex.1248.pdb	0	45.734	111.352
complex.1249.pdb	0	43.588	126.497
complex.1250.pdb	0	36.659	116.052
complex.1251.pdb	0	30.589	123.256
complex.1252.pdb	0	34.519	107.124
complex.1253.pdb	0	37.460	114.896
complex.1254.pdb	0	32.922	103.943
complex.1255.pdb	0	40.702	85.145
complex.1256.pdb	0	54.977	119.240
complex.1257.pdb	0	33.570	114.900
complex.1258.pdb	0	45.760	100.801
complex.1259.pdb	0	45.636	111.285
complex.1260.pdb	0	45.570	111.424
complex.1261.pdb	0	48.960	108.442
complex.1262.pdb	0	49.554	110.430
complex.1263.pdb	0	36.354	114.150
complex.1264.pdb	0	30.969	121.464
complex.1265.pdb	0	42.863	110.106
complex.1266.pdb	0	52.309	120.094
complex.1267.pdb	0	43.828	126.904
complex.1268.pdb	0	54.880	112.280
complex.1269.pdb	0	54.625	127.020
complex.1270.pdb	0	35.013	102.193
complex.1271.pdb	0	54.083	113.758
complex.1272.pdb	0	28.164	82.589
complex.1273.pdb	0	31.592	102.747
complex.1274.pdb	0	41.692	97.597
complex.1275.pdb	0	57.951	104.439
complex.1276.pdb	0	47.712	110.198
complex.1277.pdb	0	54.494	109.498
complex.1278.pdb	0	19.221	79.824
complex.1279.pdb	0	38.513	120.649
complex.1280.pdb	0	54.293	108.609
complex.1281.pdb	0	41.085	93.358
complex.1282.pdb	0	40.394	108.828
complex.1283.pdb	0	55.226	118.508
complex.1284.pdb	0	51.257	110.431
complex.1285.pdb	0	31.067	102.315
complex.1286.pdb	0	41.322	100.123
complex.1287.pdb	0	33.881	96.270
complex.1288.pdb	0	35.183	119.208
complex.1289.pdb	0	38.061	108.035
complex.1290.pdb	0	33.395	109.632
complex.1291.pdb	0	41.268	88.873
complex.1292.pdb	0	34.300	133.180
complex.1293.pdb	0	40.077	88.004
complex.1294.pdb	0	45.748	110.645
complex.1295.pdb	0	34.079	98.814
complex.1296.pdb	0	38.221	82.695
complex.1297.pdb	0	40.672	109.677
complex.1298.pdb	0	34.035	100.958
complex.1299.pdb	0	40.834	84.287
complex.1300.pdb	0	52.618	114.000
complex.1301.pdb	0	39.571	111.840
complex.1302.pdb	0	34.060	116.090
complex.1303.pdb	0	32.051	109.534
complex.1304.pdb	0	29.309	93.688
complex.1305.pdb	0	52.684	107.476
complex.1306.pdb	0	42.970	120.057
complex.1307.pdb	0	48.821	119.026
complex.1308.pdb	0	29.987	107.430
complex.1309.pdb	0	33.197	98.413
complex.1310.pdb	0	33.147	94.912
complex.1311.pdb	0	51.083	122.379
complex.1312.pdb	0	31.347	80.788
complex.1313.pdb	0	34.971	107.743
complex.1314.pdb	0	37.031	103.460
complex.1315.pdb	0	26.859	91.952
complex.1316.pdb	0	35.411	105.272
complex.1317.pdb	0	39.985	123.832
complex.1318.pdb	0	39.470	117.997
complex.1319.pdb	0	42.622	100.369
complex.1320.pdb	0	50.042	124.985
complex.1321.pdb	0	33.879	87.113
complex.1322.pdb	0	49.958	111.328
complex.1323.pdb	0	43.549	119.460
complex.1324.pdb	0	55.035	114.616
complex.1325.pdb	0	49.327	104.724
complex.1326.pdb	0	33.975	100.416
complex.1327.pdb	0	29.271	92.185
complex.1328.pdb	0	42.169	138.602
complex.1329.pdb	0	54.938	114.226
complex.1330.pdb	0	45.861	114.963
complex.1331.pdb	0	34.170	105.272
complex.1332.pdb	0	49.835	116.711
complex.1333.pdb	0	45.585	100.821
complex.1334.pdb	0	53.187	105.803
complex.1335.pdb	0	41.980	98.015
complex.1336.pdb	0	31.973	100.078
complex.1337.pdb	0	37.067	129.263
complex.1338.pdb	0	39.717	93.894
complex.1339.pdb	0	52.934	111.584
complex.1340.pdb	0	36.138	115.975
complex.1341.pdb	0	37.483	81.210
complex.1342.pdb	0	46.945	108.088
complex.1343.pdb	0	38.811	95.928
complex.1344.pdb	0	58.654	130.389
complex.1345.pdb	0	37.889	84.826
complex.1346.pdb	0	31.641	88.178
complex.1347.pdb	0	44.259	107.063
complex.1348.pdb	0	32.189	82.384
complex.1349.pdb	0	43.809	115.085
complex.1350.pdb	0	40.612	106.416
complex.1351.pdb	0	41.535	100.182
complex.1352.pdb	0	31.093	126.169
complex.1353.pdb	0	46.259	114.291
complex.1354.pdb	0	51.186	99.959
complex.1355.pdb	0	37.268	109.611
complex.1356.pdb	0	54.595	112.797
complex.1357.pdb	0	30.190	103.283
complex.1358.pdb	0	42.530	94.956
complex.1359.pdb	0	43.454	114.704
complex.1360.pdb	0	57.428	126.892
complex.1361.pdb	0	33.034	83.064
complex.1362.pdb	0	39.435	98.491
complex.1363.pdb	0	32.936	129.166
complex.1364.pdb	0	36.535	96.400
complex.1365.pdb	0	47.116	110.123
complex.1366.pdb	0	46.889	112.747
complex.1367.pdb	0	36.670	101.602
complex.1368.pdb	0	38.952	105.228
complex.1369.pdb	0	42.567	97.758
complex.1370.pdb	0	34.124	103.656
complex.1371.pdb	0	55.430	125.791
complex.1372.pdb	0	48.820	96.688
complex.1373.pdb	0	51.687	108.912
complex.1374.pdb	0	46.242	122.595
complex.1375.pdb	0	37.224	107.964
complex.1376.pdb	0	48.566	113.602
complex.1377.pdb	0	35.240	118.732
complex.1378.pdb	0	56.533	120.029
complex.1379.pdb	0	33.266	84.451
complex.1380.pdb	0	36.888	105.381
complex.1381.pdb	0	31.170	81.336
complex.1382.pdb	0	43.992	117.875
complex.1383.pdb	0	32.738	106.371
complex.1384.pdb	0	51.473	112.544
complex.1385.pdb	0	37.594	92.078
complex.1386.pdb	0	36.812	110.105
complex.1387.pdb	0	43.889	114.190
complex.1388.pdb	0	54.808	126.909
complex.1389.pdb	0	52.676	97.230
complex.1390.pdb	0	35.536	95.546
complex.1391.pdb	0	50.991	115.754
complex.1392.pdb	0	51.718	116.424
complex.1393.pdb	0	41.647	102.000
complex.1394.pdb	0	43.294	103.295
complex.1395.pdb	0	45.450	114.138
complex.1396.pdb	0	50.766	117.581
complex.1397.pdb	0	39.093	126.891
complex.1398.pdb	0	48.464	121.091
complex.1399.pdb	0	42.545	117.751
complex.1400.pdb	0	43.953	101.354
complex.1401.pdb	0	57.504	122.486
complex.1402.pdb	0	45.559	122.376
complex.1403.pdb	0	50.432	115.114
complex.1404.pdb	0	30.844	109.717
complex.1405.pdb	0	50.566	107.912
complex.1406.pdb	0	35.421	119.144
complex.1407.pdb	0	39.843	105.793
complex.1408.pdb	0	39.728	100.632
complex.1409.pdb	0	47.609	113.006
complex.1410.pdb	0	38.508	134.333
complex.1411.pdb	0	44.494	114.777
complex.1412.pdb	0	37.973	110.902
complex.1413.pdb	0	35.785	110.440
complex.1414.pdb	0	41.589	98.824
complex.1415.pdb	0	38.571	93.740
complex.1416.pdb	0	42.700	104.194
complex.1417.pdb	0	30.857	115.742
complex.1418.pdb	0	39.950	88.659
complex.1419.pdb	0	42.223	114.841
complex.1420.pdb	0	53.575	105.466
complex.1421.pdb	0	39.609	112.620
complex.1422.pdb	0	40.516	89.819
complex.1423.pdb	0	56.582	116.753
complex.1424.pdb	0	47.920	118.528
complex.1425.pdb	0	32.887	99.618
complex.1426.pdb	0	54.412	104.317
complex.1427.pdb	0	38.824	115.466
complex.1428.pdb	0	31.453	114.498
complex.1429.pdb	0	27.804	105.290
complex.1430.pdb	0	39.686	74.920
complex.1431.pdb	0	49.672	106.226
complex.1432.pdb	0	35.245	122.308
complex.1433.pdb	0	39.041	101.520
complex.1434.pdb	0	33.428	102.262
complex.1435.pdb	0	35.979	111.189
complex.1436.pdb	0	35.831	81.112
complex.1437.pdb	0	33.762	117.513
complex.1438.pdb	0	35.050	104.797
complex.1439.pdb	0	35.782	77.144
complex.1440.pdb	0	40.817	103.935
complex.1441.pdb	0	27.244	98.533
complex.1442.pdb	0	52.469	107.443
complex.1443.pdb	0	40.468	87.466
complex.1444.pdb	0	27.587	105.053
complex.1445.pdb	0	44.455	100.231
complex.1446.pdb	0	56.697	133.019
complex.1447.pdb	0	42.778	94.277
complex.1448.pdb	0	48.861	105.712
complex.1449.pdb	0	39.889	104.877
complex.1450.pdb	0	38.852	102.515
complex.1451.pdb	0	34.886	118.019
complex.1452.pdb	0	31.136	109.904
complex.1453.pdb	0	46.211	111.671
complex.1454.pdb	0	31.034	123.908
complex.1455.pdb	0	44.170	116.790
complex.1456.pdb	0	37.379	107.705
complex.1457.pdb	0	46.838	92.164
complex.1458.pdb	0	50.309	116.074
complex.1459.pdb	0	45.872	114.334
complex.1460.pdb	0	38.218	99.698
complex.1461.pdb	0	30.691	125.190
complex.1462.pdb	0	51.966	114.883
complex.1463.pdb	0	42.057	84.765
complex.1464.pdb	0	37.693	125.003
complex.1465.pdb	0	44.859	110.553
complex.1466.pdb	0	40.054	98.527
complex.1467.pdb	0	51.500	113.066
complex.1468.pdb	0	37.511	109.894
complex.1469.pdb	0	54.173	118.665
complex.1470.pdb	0	29.265	86.532
complex.1471.pdb	0	38.510	102.003
complex.1472.pdb	0	34.533	119.764
complex.1473.pdb	0	41.818	102.485
complex.1474.pdb	0	47.551	115.565
complex.1475.pdb	0	28.587	110.107
complex.1476.pdb	0	40.215	85.837
complex.1477.pdb	0	43.081	108.834
complex.1478.pdb	0	33.569	88.550
complex.1479.pdb	0	46.327	103.287
complex.1480.pdb	0	41.489	102.876
complex.1481.pdb	0	30.991	98.755
complex.1482.pdb	0	47.502	103.647
complex.1483.pdb	0	38.753	124.218
complex.1484.pdb	0	57.439	117.461
complex.1485.pdb	0	56.279	108.145
complex.1486.pdb	0	35.669	129.156
complex.1487.pdb	0	38.558	120.791
complex.1488.pdb	0	35.680	110.716
complex.1489.pdb	0	39.280	108.472
complex.1490.pdb	0	35.703	120.773
complex.1491.pdb	0	34.939	120.889
complex.1492.pdb	0	33.816	99.154
complex.1493.pdb	0	32.475	98.028
complex.1494.pdb	0	33.511	99.227
complex.1495.pdb	0	38.981	102.690
complex.1496.pdb	0	44.221	101.873
complex.1497.pdb	0	42.229	120.877
complex.1498.pdb	0	37.953	114.856
complex.1499.pdb	0	49.955	119.410
complex.1500.pdb	0	56.034	122.691
complex.1501.pdb	0	41.512	98.039
complex.1502.pdb	0	41.522	113.329
complex.1503.pdb	0	56.908	123.133
complex.1504.pdb	0	49.295	123.644
complex.1505.pdb	0	47.670	110.133
complex.1506.pdb	0	41.078	87.222
complex.1507.pdb	0	45.754	109.003
complex.1508.pdb	0	44.025	102.006
complex.1509.pdb	0	34.577	122.693
complex.1510.pdb	0	45.908	100.183
complex.1511.pdb	0	52.210	117.628
complex.1512.pdb	0	47.494	112.182
complex.1513.pdb	0	37.855	135.778
complex.1514.pdb	0	25.841	85.651
complex.1515.pdb	0	40.877	114.557
complex.1516.pdb	0	57.580	120.009
complex.1517.pdb	0	40.658	75.917
complex.1518.pdb	0	36.986	103.706
complex.1519.pdb	0	36.817	112.451
complex.1520.pdb	0	37.795	116.452
complex.1521.pdb	0	56.856	115.828
complex.1522.pdb	0	46.392	104.258
complex.1523.pdb	0	44.378	130.981
complex.1524.pdb	0	46.869	111.149
complex.1525.pdb	0	39.311	108.020
complex.1526.pdb	0	39.414	100.578
complex.1527.pdb	0	51.466	119.584
complex.1528.pdb	0	36.810	115.274
complex.1529.pdb	0	53.494	111.026
complex.1530.pdb	0	50.552	114.542
complex.1531.pdb	0	28.246	102.356
complex.1532.pdb	0	38.578	95.920
complex.1533.pdb	0	47.827	122.312
complex.1534.pdb	0	29.530	108.339
complex.1535.pdb	0	52.552	115.548
complex.1536.pdb	0	29.983	113.621
complex.1537.pdb	0	56.636	119.456
complex.1538.pdb	0	43.603	119.908
complex.1539.pdb	0	41.074	97.924
complex.1540.pdb	0	37.080	128.599
complex.1541.pdb	0	52.873	120.037
complex.1542.pdb	0	50.384	103.321
complex.1543.pdb	0	38.120	103.772
complex.1544.pdb	0	37.131	102.481
complex.1545.pdb	0	45.125	106.389
complex.1546.pdb	0	37.822	91.279
complex.1547.pdb	0	42.717	95.619
complex.1548.pdb	0	38.576	122.866
complex.1549.pdb	0	47.432	124.566
complex.1550.pdb	0	38.575	116.768
complex.1551.pdb	0	37.040	117.537
complex.1552.pdb	0	55.679	125.455
complex.1553.pdb	0	39.777	96.859
complex.1554.pdb	0	33.942	101.816
complex.1555.pdb	0	35.533	106.449
complex.1556.pdb	0	53.669	110.978
complex.1557.pdb	0	52.583	112.037
complex.1558.pdb	0	51.316	122.615
complex.1559.pdb	0	52.105	117.250
complex.1560.pdb	0	31.119	90.813
complex.1561.pdb	0	44.752	104.189
complex.1562.pdb	0	37.818	115.970
complex.1563.pdb	0	39.520	104.447
complex.1564.pdb	0	46.959	111.058
complex.1565.pdb	0	47.670	104.257
complex.1566.pdb	0	32.092	95.234
complex.1567.pdb	0	47.299	117.123
complex.1568.pdb	0	52.228	107.408
complex.1569.pdb	0	48.085	121.607
complex.1570.pdb	0	47.695	105.299
complex.1571.pdb	0	22.561	69.869
complex.1572.pdb	0	31.799	71.624
complex.1573.pdb	0	56.228	122.698
complex.1574.pdb	0	48.621	114.695
complex.1575.pdb	0	35.279	98.931
complex.1576.pdb	0	43.658	96.744
complex.1577.pdb	0	36.578	105.896
complex.1578.pdb	0	43.441	106.228
complex.1579.pdb	0	42.157	104.573
complex.1580.pdb	0	53.193	126.703
complex.1581.pdb	0	41.605	115.471
complex.1582.pdb	0	50.244	106.502
complex.1583.pdb	0	53.389	104.524
complex.1584.pdb	0	39.622	101.841
complex.1585.pdb	0	31.002	93.410
complex.1586.pdb	0	45.934	111.522
complex.1587.pdb	0	37.856	98.387
complex.1588.pdb	0	33.719	109.316
complex.1589.pdb	0	37.764	132.328
complex.1590.pdb	0	52.914	113.865
complex.1591.pdb	0	40.582	105.856
complex.1592.pdb	0	30.939	117.279
complex.1593.pdb	0	57.547	127.797
complex.1594.pdb	0	44.908	120.645
complex.1595.pdb	0	38.415	134.357
complex.1596.pdb	0	55.698	120.514
complex.1597.pdb	0	41.267	87.793
complex.1598.pdb	0	47.247	120.003
complex.1599.pdb	0	42.385	106.714
complex.1600.pdb	0	31.164	98.004
complex.1601.pdb	0	36.054	100.419
complex.1602.pdb	0	49.441	114.496
complex.1603.pdb	0	51.483	115.625
complex.1604.pdb	0	34.625	117.266
complex.1605.pdb	0	36.954	95.252
complex.1606.pdb	0	42.738	109.777
complex.1607.pdb	0	24.451	103.920
complex.1608.pdb	0	34.488	108.717
complex.1609.pdb	0	38.411	98.182
complex.1610.pdb	0	57.208	124.184
complex.1611.pdb	0	34.429	90.721
complex.1612.pdb	0	37.762	121.086
complex.1613.pdb	0	25.502	80.288
complex.1614.pdb	0	45.322	90.193
complex.1615.pdb	0	35.255	91.337
complex.1616.pdb	0	37.102	76.004
complex.1617.pdb	0	38.466	81.521
complex.1618.pdb	0	28.691	84.581
complex.1619.pdb	0	56.028	115.368
complex.1620.pdb	0	37.523	72.203
complex.1621.pdb	0	41.150	87.768
complex.1622.pdb	0	34.576	110.324
complex.1623.pdb	0	36.630	126.391
complex.1624.pdb	0	44.560	102.683
complex.1625.pdb	0	28.031	89.941
complex.1626.pdb	0	30.933	97.425
complex.1627.pdb	0	52.164	121.302
complex.1628.pdb	0	32.272	118.768
complex.1629.pdb	0	40.526	104.197
complex.1630.pdb	0	40.761	105.940
complex.1631.pdb	0	35.717	118.216
complex.1632.pdb	0	43.746	89.319
complex.1633.pdb	0	38.446	84.970
complex.1634.pdb	0	31.075	89.795
complex.1635.pdb	0	40.892	105.514
complex.1636.pdb	0	39.257	73.699
complex.1637.pdb	0	30.474	89.580
complex.1638.pdb	0	35.263	114.698
complex.1639.pdb	0	34.956	129.504
complex.1640.pdb	0	34.633	121.134
complex.1641.pdb	0	24.199	98.587
complex.1642.pdb	0	32.105	110.231
complex.1643.pdb	0	34.789	97.472
complex.1644.pdb	0	60.284	115.898
complex.1645.pdb	0	38.758	110.610
complex.1646.pdb	0	50.285	115.440
complex.1647.pdb	0	36.568	103.748
complex.1648.pdb	0	38.007	106.126
complex.1649.pdb	0	25.867	93.588
complex.1650.pdb	0	41.813	110.930
complex.1651.pdb	0	44.668	104.106
complex.1652.pdb	0	53.512	114.079
complex.1653.pdb	0	55.948	110.673
complex.1654.pdb	0	41.786	104.031
complex.1655.pdb	0	41.421	104.392
complex.1656.pdb	0	32.079	106.449
complex.1657.pdb	0	42.062	116.736
complex.1658.pdb	0	40.883	107.371
complex.1659.pdb	0	46.492	123.868
complex.1660.pdb	0	35.118	110.223
complex.1661.pdb	0	31.557	93.694
complex.1662.pdb	0	34.659	118.576
complex.1663.pdb	0	59.851	124.750
complex.1664.pdb	0	43.401	116.699
complex.1665.pdb	0	49.235	114.278
complex.1666.pdb	0	37.101	104.605
complex.1667.pdb	0	38.125	78.668
complex.1668.pdb	0	41.968	115.454
complex.1669.pdb	0	49.174	128.136
complex.1670.pdb	0	41.503	87.652
complex.1671.pdb	0	33.924	131.792
complex.1672.pdb	0	52.310	112.152
complex.1673.pdb	0	53.300	121.295
complex.1674.pdb	0	38.062	78.877
complex.1675.pdb	0	38.325	104.247
complex.1676.pdb	0	26.921	103.676
complex.1677.pdb	0	40.329	120.033
complex.1678.pdb	0	40.334	110.100
complex.1679.pdb	0	53.295	112.230
complex.1680.pdb	0	50.014	114.503
complex.1681.pdb	0	54.403	119.100
complex.1682.pdb	0	37.206	113.928
complex.1683.pdb	0	36.832	87.640
complex.1684.pdb	0	34.267	87.891
complex.1685.pdb	0	42.474	109.576
complex.1686.pdb	0	38.086	112.263
complex.1687.pdb	0	49.288	119.752
complex.1688.pdb	0	47.847	117.762
complex.1689.pdb	0	60.254	113.947
complex.1690.pdb	0	42.735	110.348
complex.1691.pdb	0	57.191	119.128
complex.1692.pdb	0	30.682	112.293
complex.1693.pdb	0	43.737	103.261
complex.1694.pdb	0	41.556	117.166
complex.1695.pdb	0	29.527	107.074
complex.1696.pdb	0	52.605	112.319
complex.1697.pdb	0	36.753	112.406
complex.1698.pdb	0	42.583	96.912
complex.1699.pdb	0	38.759	106.898
complex.1700.pdb	0	53.450	121.044
complex.1701.pdb	0	40.874	105.798
complex.1702.pdb	0	25.637	82.209
complex.1703.pdb	0	23.827	82.351
complex.1704.pdb	0	40.390	102.754
complex.1705.pdb	0	39.034	110.126
complex.1706.pdb	0	33.677	118.135
complex.1707.pdb	0	41.056	86.357
complex.1708.pdb	0	37.416	105.263
complex.1709.pdb	0	38.223	108.692
complex.1710.pdb	0	38.554	73.982
complex.1711.pdb	0	54.125	116.898
complex.1712.pdb	0	30.571	107.309
complex.1713.pdb	0	34.252	112.265
complex.1714.pdb	0	54.061	127.587
complex.1715.pdb	0	37.236	91.773
complex.1716.pdb	0	36.934	100.026
complex.1717.pdb	0	42.071	115.418
complex.1718.pdb	0	32.195	106.705
complex.1719.pdb	0	30.636	100.665
complex.1720.pdb	0	41.155	111.160
complex.1721.pdb	0	38.360	90.518
complex.1722.pdb	0	61.705	132.703
complex.1723.pdb	0	50.073	100.870
complex.1724.pdb	0	46.463	106.084
complex.1725.pdb	0	51.693	118.785
complex.1726.pdb	0	37.830	101.659
complex.1727.pdb	0	51.330	115.999
complex.1728.pdb	0	52.493	117.889
complex.1729.pdb	0	36.932	113.372
complex.1730.pdb	0	50.991	103.741
complex.1731.pdb	0	31.826	126.004
complex.1732.pdb	0	35.912	89.917
complex.1733.pdb	0	29.085	95.126
complex.1734.pdb	0	48.523	110.067
complex.1735.pdb	0	40.297	116.955
complex.1736.pdb	0	36.091	89.162
complex.1737.pdb	0	46.042	117.199
complex.1738.pdb	0	34.646	92.921
complex.1739.pdb	0	52.532	117.728
complex.1740.pdb	0	36.821	108.210
complex.1741.pdb	0	34.591	94.233
complex.1742.pdb	0	55.095	118.690
complex.1743.pdb	0	35.880	114.280
complex.1744.pdb	0	53.259	111.993
complex.1745.pdb	0	35.694	79.269
complex.1746.pdb	0	28.042	90.642
complex.1747.pdb	0	32.523	109.993
complex.1748.pdb	0	36.373	92.396
complex.1749.pdb	0	35.981	104.482
complex.1750.pdb	0	35.232	89.433
complex.1751.pdb	0	50.265	115.316
complex.1752.pdb	0	47.457	132.260
complex.1753.pdb	0	36.085	100.243
complex.1754.pdb	0	40.672	110.767
complex.1755.pdb	0	21.994	78.595
complex.1756.pdb	0	36.321	115.529
complex.1757.pdb	0	40.333	104.326
complex.1758.pdb	0	38.763	97.527
complex.1759.pdb	0	44.080	102.740
complex.1760.pdb	0	28.909	109.803
complex.1761.pdb	0	43.330	93.800
complex.1762.pdb	0	33.708	109.720
complex.1763.pdb	0	50.850	102.609
complex.1764.pdb	0	33.470	82.500
complex.1765.pdb	0	34.783	99.322
complex.1766.pdb	0	38.036	120.901
complex.1767.pdb	0	35.540	100.498
complex.1768.pdb	0	33.979	105.758
complex.1769.pdb	0	53.901	113.830
complex.1770.pdb	0	39.588	105.297
complex.1771.pdb	0	46.514	105.510
complex.1772.pdb	0	36.856	121.739
complex.1773.pdb	0	60.223	131.503
complex.1774.pdb	0	38.285	99.706
complex.1775.pdb	0	36.489	74.765
complex.1776.pdb	0	39.704	103.463
complex.1777.pdb	0	52.675	107.101
complex.1778.pdb	0	45.512	98.088
complex.1779.pdb	0	40.119	118.165
complex.1780.pdb	0	54.194	114.307
complex.1781.pdb	0	42.763	125.209
complex.1782.pdb	0	41.038	118.952
complex.1783.pdb	0	42.154	101.764
complex.1784.pdb	0	43.117	119.679
complex.1785.pdb	0	58.650	138.352
complex.1786.pdb	0	28.479	79.254
complex.1787.pdb	0	50.406	100.859
complex.1788.pdb	0	33.805	105.738
complex.1789.pdb	0	49.006	122.837
complex.1790.pdb	0	51.411	117.072
complex.1791.pdb	0	39.559	104.109
complex.1792.pdb	0	41.443	99.630
complex.1793.pdb	0	31.671	105.786
complex.1794.pdb	0	37.034	95.719
complex.1795.pdb	0	40.334	110.857
complex.1796.pdb	0	54.078	113.344
complex.1797.pdb	0	37.999	93.435
complex.1798.pdb	0	53.419	106.604
complex.1799.pdb	0	47.578	104.572
complex.1800.pdb	0	32.716	108.986
complex.1801.pdb	0	43.794	92.923
complex.1802.pdb	0	39.165	105.491
complex.1803.pdb	0	39.644	111.477
complex.1804.pdb	0	42.984	110.633
complex.1805.pdb	0	32.895	110.464
complex.1806.pdb	0	35.021	99.775
complex.1807.pdb	0	51.512	111.914
complex.1808.pdb	0	34.379	121.874
complex.1809.pdb	0	34.294	79.622
complex.1810.pdb	0	45.824	109.143
complex.1811.pdb	0	40.323	106.357
complex.1812.pdb	0	56.089	118.611
complex.1813.pdb	0	53.330	115.055
complex.1814.pdb	0	33.779	114.054
complex.1815.pdb	0	40.098	108.280
complex.1816.pdb	0	53.534	109.050
complex.1817.pdb	0	34.048	107.475
complex.1818.pdb	0	56.915	122.916
complex.1819.pdb	0	49.756	110.556
complex.1820.pdb	0	35.840	88.863
complex.1821.pdb	0	53.654	99.556
complex.1822.pdb	0	52.967	124.503
complex.1823.pdb	0	51.289	103.148
complex.1824.pdb	0	36.611	97.604
complex.1825.pdb	0	46.125	117.082
complex.1826.pdb	0	42.905	112.528
complex.1827.pdb	0	42.213	82.418
complex.1828.pdb	0	57.499	108.237
complex.1829.pdb	0	38.333	115.088
complex.1830.pdb	0	41.778	89.599
complex.1831.pdb	0	41.042	107.223
complex.1832.pdb	0	32.331	123.340
complex.1833.pdb	0	40.393	125.065
complex.1834.pdb	0	40.512	104.578
complex.1835.pdb	0	56.089	118.890
complex.1836.pdb	0	43.475	98.109
complex.1837.pdb	0	42.135	87.494
complex.1838.pdb	0	33.608	117.952
complex.1839.pdb	0	32.300	126.149
complex.1840.pdb	0	27.712	62.077
complex.1841.pdb	0	40.949	114.530
complex.1842.pdb	0	37.126	104.190
complex.1843.pdb	0	40.449	92.444
complex.1844.pdb	0	51.966	112.476
complex.1845.pdb	0	35.764	106.882
complex.1846.pdb	0	60.050	135.079
complex.1847.pdb	0	39.865	110.874
complex.1848.pdb	0	31.261	89.151
complex.1849.pdb	0	34.217	118.507
complex.1850.pdb	0	52.966	100.374
complex.1851.pdb	0	37.039	84.738
complex.1852.pdb	0	39.572	108.111
complex.1853.pdb	0	24.112	85.535
complex.1854.pdb	0	34.849	131.327
complex.1855.pdb	0	37.097	138.623
complex.1856.pdb	0	33.270	111.766
complex.1857.pdb	0	42.444	113.660
complex.1858.pdb	0	44.471	101.389
complex.1859.pdb	0	37.174	95.886
complex.1860.pdb	0	34.896	101.491
complex.1861.pdb	0	56.728	114.673
complex.1862.pdb	0	28.539	84.905
complex.1863.pdb	0	45.645	116.798
complex.1864.pdb	0	31.834	96.500
complex.1865.pdb	0	58.200	116.683
complex.1866.pdb	0	48.212	116.606
complex.1867.pdb	0	38.886	108.083
complex.1868.pdb	0	32.934	101.549
complex.1869.pdb	0	30.074	111.471
complex.1870.pdb	0	39.247	91.821
complex.1871.pdb	0	37.589	92.296
complex.1872.pdb	0	38.299	91.219
complex.1873.pdb	0	32.297	130.531
complex.1874.pdb	0	35.041	111.681
complex.1875.pdb	0	55.016	128.292
complex.1876.pdb	0	49.252	127.195
complex.1877.pdb	0	51.656	120.870
complex.1878.pdb	0	43.796	122.839
complex.1879.pdb	0	38.944	87.492
complex.1880.pdb	0	31.888	110.619
complex.1881.pdb	0	35.540	79.995
complex.1882.pdb	0	38.569	112.075
complex.1883.pdb	0	57.276	114.965
complex.1884.pdb	0	52.821	122.446
complex.1885.pdb	0	33.185	123.097
complex.1886.pdb	0	36.517	114.918
complex.1887.pdb	0	35.652	109.129
complex.1888.pdb	0	43.487	121.855
complex.1889.pdb	0	35.542	94.086
complex.1890.pdb	0	37.075	105.115
complex.1891.pdb	0	32.851	106.796
complex.1892.pdb	0	43.692	109.839
complex.1893.pdb	0	33.599	111.365
complex.1894.pdb	0	34.758	70.551
complex.1895.pdb	0	48.418	103.433
complex.1896.pdb	0	37.113	103.325
complex.1897.pdb	0	51.347	117.767
complex.1898.pdb	0	40.544	113.831
complex.1899.pdb	0	27.330	102.879
complex.1900.pdb	0	29.735	101.990
complex.1901.pdb	0	34.084	110.247
complex.1902.pdb	0	26.445	105.266
complex.1903.pdb	0	38.303	98.519
complex.1904.pdb	0	39.254	114.821
complex.1905.pdb	0	53.351	123.735
complex.1906.pdb	0	54.077	115.807
complex.1907.pdb	0	45.798	119.960
complex.1908.pdb	0	35.932	88.741
complex.1909.pdb	0	55.320	118.187
complex.1910.pdb	0	42.043	117.844
complex.1911.pdb	0	48.074	116.438
complex.1912.pdb	0	43.177	117.258
complex.1913.pdb	0	49.455	91.720
complex.1914.pdb	0	52.602	118.321
complex.1915.pdb	0	40.859	98.423
complex.1916.pdb	0	56.350	105.563
complex.1917.pdb	0	48.733	114.035
complex.1918.pdb	0	53.712	110.437
complex.1919.pdb	0	31.892	80.797
complex.1920.pdb	0	55.400	103.570
complex.1921.pdb	0	22.312	84.484
complex.1922.pdb	0	54.240	109.757
complex.1923.pdb	0	50.745	112.370
complex.1924.pdb	0	53.024	106.465
complex.1925.pdb	0	34.335	128.202
complex.1926.pdb	0	40.096	80.690
complex.1927.pdb	0	46.838	104.738
complex.1928.pdb	0	37.845	109.391
complex.1929.pdb	0	37.368	79.654
complex.1930.pdb	0	57.514	133.811
complex.1931.pdb	0	29.763	126.560
complex.1932.pdb	0	27.542	102.371
complex.1933.pdb	0	53.157	112.532
complex.1934.pdb	0	55.038	119.786
complex.1935.pdb	0	35.423	107.248
complex.1936.pdb	0	35.579	109.701
complex.1937.pdb	0	50.883	110.826
complex.1938.pdb	0	34.235	105.072
complex.1939.pdb	0	58.065	118.122
complex.1940.pdb	0	35.328	117.724
complex.1941.pdb	0	27.791	114.206
complex.1942.pdb	0	40.087	114.598
complex.1943.pdb	0	57.743	122.539
complex.1944.pdb	0	32.554	130.794
complex.1945.pdb	0	58.195	131.937
complex.1946.pdb	0	31.877	88.993
complex.1947.pdb	0	30.406	107.849
complex.1948.pdb	0	59.227	121.601
complex.1949.pdb	0	58.605	133.455
complex.1950.pdb	0	47.622	107.013
complex.1951.pdb	0	38.905	120.594
complex.1952.pdb	0	40.830	115.227
complex.1953.pdb	0	33.471	129.334
complex.1954.pdb	0	50.275	103.503
complex.1955.pdb	0	42.628	94.823
complex.1956.pdb	0	38.606	89.640
complex.1957.pdb	0	55.202	118.615
complex.1958.pdb	0	45.977	111.304
complex.1959.pdb	0	54.298	118.672
complex.1960.pdb	0	46.924	114.629
complex.1961.pdb	0	29.284	115.322
complex.1962.pdb	0	21.138	86.333
complex.1963.pdb	0	38.923	104.998
complex.1964.pdb	0	41.797	95.769
complex.1965.pdb	0	42.596	106.572
complex.1966.pdb	0	37.979	98.484
complex.1967.pdb	0	34.924	83.789
complex.1968.pdb	0	41.969	89.799
complex.1969.pdb	0	48.257	113.787
complex.1970.pdb	0	42.414	99.832
complex.1971.pdb	0	39.676	98.669
complex.1972.pdb	0	42.041	136.886
complex.1973.pdb	0	54.180	112.332
complex.1974.pdb	0	48.761	100.595
complex.1975.pdb	0	39.043	108.385
complex.1976.pdb	0	40.100	100.054
complex.1977.pdb	0	35.958	92.505
complex.1978.pdb	0	46.336	93.325
complex.1979.pdb	0	54.613	116.361
complex.1980.pdb	0	36.141	109.222
complex.1981.pdb	0	32.538	100.939
complex.1982.pdb	0	49.099	121.973
complex.1983.pdb	0	38.202	110.589
complex.1984.pdb	0	30.234	102.108
complex.1985.pdb	0	31.376	116.214
complex.1986.pdb	0	45.229	92.270
complex.1987.pdb	0	52.972	98.534
complex.1988.pdb	0	33.255	100.147
complex.1989.pdb	0	34.612	116.725
complex.1990.pdb	0	56.235	117.464
complex.1991.pdb	0	43.173	115.074
complex.1992.pdb	0	51.233	126.356
complex.1993.pdb	0	35.433	100.946
complex.1994.pdb	0	41.329	117.189
complex.1995.pdb	0	38.005	89.002
complex.1996.pdb	0	50.343	102.337
complex.1997.pdb	0	40.130	94.493
complex.1998.pdb	0	58.441	131.954
complex.1999.pdb	0	54.285	117.592
complex.2000.pdb	0	40.069	107.622
