complex.1.pdb	0.12	13.694	29.178
complex.2.pdb	0.0266667	11.079	18.400
complex.3.pdb	0.0533333	15.835	22.722
complex.4.pdb	0.08	12.671	36.239
complex.5.pdb	0	15.945	23.797
complex.6.pdb	0.0533333	10.826	35.307
complex.7.pdb	0.08	11.683	35.941
complex.8.pdb	0.04	13.303	40.119
complex.9.pdb	0.0666667	12.348	22.127
complex.10.pdb	0.0133333	15.800	44.035
complex.11.pdb	0.12	9.490	18.101
complex.12.pdb	0	15.116	37.084
complex.13.pdb	0	14.559	21.203
complex.14.pdb	0.0133333	16.409	45.054
complex.15.pdb	0	15.320	42.710
complex.16.pdb	0.08	14.099	38.073
complex.17.pdb	0.12	13.842	33.085
complex.18.pdb	0	15.163	44.136
complex.19.pdb	0	18.071	37.845
complex.20.pdb	0.0666667	13.558	38.487
complex.21.pdb	0	15.634	39.643
complex.22.pdb	0.0266667	10.991	17.087
complex.23.pdb	0.0133333	11.589	37.139
complex.24.pdb	0	17.559	39.004
complex.25.pdb	0	18.156	42.400
complex.26.pdb	0	16.646	29.073
complex.27.pdb	0	11.305	40.701
complex.28.pdb	0	14.631	42.789
complex.29.pdb	0	9.638	22.122
complex.30.pdb	0	13.090	22.418
complex.31.pdb	0.04	14.878	42.774
complex.32.pdb	0	15.409	43.886
complex.33.pdb	0.04	13.898	40.970
complex.34.pdb	0.0266667	17.754	25.914
complex.35.pdb	0	17.693	27.768
complex.36.pdb	0	16.982	27.464
complex.37.pdb	0	15.589	22.793
complex.38.pdb	0.0533333	13.041	40.394
complex.39.pdb	0	11.033	21.174
complex.40.pdb	0.0133333	15.385	24.007
complex.41.pdb	0.106667	10.790	22.062
complex.42.pdb	0	16.928	43.718
complex.43.pdb	0	16.147	25.023
complex.44.pdb	0.0533333	11.162	35.159
complex.45.pdb	0	14.141	38.592
complex.46.pdb	0.0533333	11.144	18.802
complex.47.pdb	0.0266667	12.183	24.359
complex.48.pdb	0	14.675	41.718
complex.49.pdb	0	13.720	39.912
complex.50.pdb	0	17.848	37.508
complex.51.pdb	0.04	14.803	42.190
complex.52.pdb	0.0266667	15.117	43.584
complex.53.pdb	0	18.291	44.388
complex.54.pdb	0	19.326	43.981
complex.55.pdb	0.0266667	9.686	16.629
complex.56.pdb	0.04	16.105	24.322
complex.57.pdb	0	9.959	20.533
complex.58.pdb	0	17.854	39.268
complex.59.pdb	0.0533333	10.379	33.757
complex.60.pdb	0.0266667	14.490	41.671
complex.61.pdb	0.0133333	12.241	20.088
complex.62.pdb	0.0666667	14.296	40.880
complex.63.pdb	0.0266667	13.084	38.680
complex.64.pdb	0.0133333	17.773	25.086
complex.65.pdb	0	12.804	22.305
complex.66.pdb	0	16.804	45.841
complex.67.pdb	0	15.829	46.160
complex.68.pdb	0	13.896	47.563
complex.69.pdb	0	16.882	37.130
complex.70.pdb	0.04	10.841	30.620
complex.71.pdb	0	9.283	15.352
complex.72.pdb	0.0133333	14.454	44.523
complex.73.pdb	0	12.958	21.776
complex.74.pdb	0.0533333	17.058	24.242
complex.75.pdb	0	16.524	22.805
complex.76.pdb	0	19.134	39.910
complex.77.pdb	0	13.249	35.503
complex.78.pdb	0.0666667	12.002	38.349
complex.79.pdb	0	16.785	25.357
complex.80.pdb	0	18.167	39.381
complex.81.pdb	0.0266667	12.810	21.504
complex.82.pdb	0.04	10.931	36.597
complex.83.pdb	0	13.259	20.101
complex.84.pdb	0	16.485	24.007
complex.85.pdb	0	15.250	33.249
complex.86.pdb	0	18.986	40.678
complex.87.pdb	0	15.321	36.362
complex.88.pdb	0.0666667	12.865	36.711
complex.89.pdb	0	11.904	32.406
complex.90.pdb	0	17.396	27.218
complex.91.pdb	0.0666667	12.071	36.599
complex.92.pdb	0	15.057	22.927
complex.93.pdb	0.0933333	14.863	32.703
complex.94.pdb	0	19.030	35.979
complex.95.pdb	0.0533333	10.201	16.417
complex.96.pdb	0	10.041	17.499
complex.97.pdb	0	9.880	18.691
complex.98.pdb	0.133333	14.430	31.795
complex.99.pdb	0.0266667	14.527	37.631
complex.100.pdb	0.0133333	14.855	44.253
complex.101.pdb	0.0133333	16.019	23.138
complex.102.pdb	0.0133333	12.677	24.521
complex.103.pdb	0.0133333	15.353	22.727
complex.104.pdb	0	8.730	14.736
complex.105.pdb	0	14.297	43.406
complex.106.pdb	0	17.780	41.819
complex.107.pdb	0	16.765	43.357
complex.108.pdb	0	9.249	17.037
complex.109.pdb	0.04	14.537	43.472
complex.110.pdb	0.04	12.215	38.562
complex.111.pdb	0	17.051	23.231
complex.112.pdb	0	18.492	41.066
complex.113.pdb	0	17.596	43.645
complex.114.pdb	0	15.081	23.437
complex.115.pdb	0	15.284	36.022
complex.116.pdb	0	18.829	40.104
complex.117.pdb	0.0533333	13.642	37.357
complex.118.pdb	0.0133333	11.580	21.756
complex.119.pdb	0.04	10.154	17.934
complex.120.pdb	0.0133333	14.103	43.935
complex.121.pdb	0.0266667	11.669	37.069
complex.122.pdb	0	16.174	23.642
complex.123.pdb	0.0133333	16.285	22.304
complex.124.pdb	0	12.002	19.902
complex.125.pdb	0	19.400	39.159
complex.126.pdb	0.0533333	6.480	10.938
complex.127.pdb	0.0533333	12.202	38.246
complex.128.pdb	0.08	8.987	17.389
complex.129.pdb	0.0266667	14.325	41.915
complex.130.pdb	0.0533333	13.375	39.832
complex.131.pdb	0.106667	15.358	37.791
complex.132.pdb	0.133333	15.636	32.083
complex.133.pdb	0.0533333	13.650	40.933
complex.134.pdb	0	15.218	24.900
complex.135.pdb	0.0133333	12.958	21.853
complex.136.pdb	0.0133333	15.629	40.290
complex.137.pdb	0	9.899	15.277
complex.138.pdb	0.04	14.205	20.947
complex.139.pdb	0.0133333	14.853	44.632
complex.140.pdb	0	17.938	29.979
complex.141.pdb	0.146667	13.829	26.238
complex.142.pdb	0	19.713	37.774
complex.143.pdb	0	13.937	35.289
complex.144.pdb	0	18.168	44.248
complex.145.pdb	0.0133333	16.166	45.672
complex.146.pdb	0.0533333	12.972	40.093
complex.147.pdb	0	13.584	38.959
complex.148.pdb	0.133333	3.972	11.779
complex.149.pdb	0.04	15.327	42.949
complex.150.pdb	0.0133333	15.370	42.197
complex.151.pdb	0	18.609	40.765
complex.152.pdb	0	12.403	20.585
complex.153.pdb	0.0666667	11.152	36.367
complex.154.pdb	0.0133333	17.078	46.469
complex.155.pdb	0	18.430	39.503
complex.156.pdb	0.0266667	13.228	38.386
complex.157.pdb	0	16.258	39.719
complex.158.pdb	0	16.812	38.576
complex.159.pdb	0	15.822	40.066
complex.160.pdb	0.0533333	13.832	42.037
complex.161.pdb	0	15.980	24.783
complex.162.pdb	0	13.761	46.495
complex.163.pdb	0.0266667	9.499	16.949
complex.164.pdb	0.04	13.181	38.493
complex.165.pdb	0.0266667	16.192	43.676
complex.166.pdb	0	9.116	18.646
complex.167.pdb	0.04	13.881	42.279
complex.168.pdb	0.0533333	16.048	43.541
complex.169.pdb	0.0533333	11.234	20.865
complex.170.pdb	0.0133333	12.897	42.805
complex.171.pdb	0.04	13.466	23.397
complex.172.pdb	0	16.758	34.911
complex.173.pdb	0	16.027	48.480
complex.174.pdb	0	17.143	36.356
complex.175.pdb	0	13.651	43.189
complex.176.pdb	0	16.813	39.290
complex.177.pdb	0	16.624	36.625
complex.178.pdb	0	13.545	21.443
complex.179.pdb	0.0133333	14.558	37.478
complex.180.pdb	0.04	15.507	31.431
complex.181.pdb	0	14.640	42.700
complex.182.pdb	0.08	14.951	25.859
complex.183.pdb	0.04	12.536	38.532
complex.184.pdb	0.24	5.530	15.110
complex.185.pdb	0	12.083	39.638
complex.186.pdb	0.0133333	14.710	43.912
complex.187.pdb	0	18.441	35.745
complex.188.pdb	0.0133333	15.257	45.738
complex.189.pdb	0	11.175	19.468
complex.190.pdb	0	14.010	23.259
complex.191.pdb	0	15.941	43.664
complex.192.pdb	0.0666667	13.661	42.183
complex.193.pdb	0.0533333	10.983	22.480
complex.194.pdb	0	15.819	24.981
complex.195.pdb	0.0266667	11.011	19.810
complex.196.pdb	0.08	8.361	16.670
complex.197.pdb	0.0133333	13.467	40.091
complex.198.pdb	0.0266667	15.259	21.928
complex.199.pdb	0.0933333	13.071	20.763
complex.200.pdb	0	17.026	24.505
complex.201.pdb	0	15.534	23.686
complex.202.pdb	0	15.910	46.406
complex.203.pdb	0.08	16.265	42.085
complex.204.pdb	0.0533333	11.978	38.625
complex.205.pdb	0.04	13.278	40.063
complex.206.pdb	0.0266667	15.558	21.960
complex.207.pdb	0.0133333	14.009	40.537
complex.208.pdb	0	17.327	39.384
complex.209.pdb	0	13.669	37.917
complex.210.pdb	0.0533333	13.423	37.130
complex.211.pdb	0.0266667	12.969	38.929
complex.212.pdb	0	13.996	36.546
complex.213.pdb	0.0266667	11.914	38.100
complex.214.pdb	0	18.545	39.182
complex.215.pdb	0	14.501	21.323
complex.216.pdb	0	14.754	22.727
complex.217.pdb	0	15.474	25.615
complex.218.pdb	0	19.477	37.783
complex.219.pdb	0.04	16.810	25.331
complex.220.pdb	0.0266667	13.533	27.867
complex.221.pdb	0.0266667	16.229	45.127
complex.222.pdb	0.04	13.459	24.630
complex.223.pdb	0.0533333	12.911	39.840
complex.224.pdb	0	17.397	39.344
complex.225.pdb	0	10.697	20.618
complex.226.pdb	0	13.947	23.405
complex.227.pdb	0.04	12.481	37.490
complex.228.pdb	0.0533333	11.305	34.518
complex.229.pdb	0	14.273	33.768
complex.230.pdb	0.586667	1.670	4.375
complex.231.pdb	0.12	14.732	29.378
complex.232.pdb	0	13.709	24.048
complex.233.pdb	0.0266667	15.471	23.732
complex.234.pdb	0	16.888	36.207
complex.235.pdb	0.0666667	10.946	33.737
complex.236.pdb	0.0533333	14.111	40.446
complex.237.pdb	0	17.851	37.177
complex.238.pdb	0.0133333	14.628	45.370
complex.239.pdb	0.0133333	11.478	24.135
complex.240.pdb	0.0533333	13.931	42.590
complex.241.pdb	0	14.339	39.068
complex.242.pdb	0	15.987	43.116
complex.243.pdb	0	12.631	39.219
complex.244.pdb	0.04	16.410	23.534
complex.245.pdb	0.0133333	13.757	41.293
complex.246.pdb	0	15.650	30.854
complex.247.pdb	0.08	12.845	36.808
complex.248.pdb	0	13.536	40.360
complex.249.pdb	0	14.608	22.270
complex.250.pdb	0	15.719	40.649
complex.251.pdb	0	17.198	38.411
complex.252.pdb	0	19.233	38.749
complex.253.pdb	0	16.397	23.683
complex.254.pdb	0	18.095	42.595
complex.255.pdb	0	16.698	39.652
complex.256.pdb	0.0533333	7.111	14.448
complex.257.pdb	0.0266667	14.583	42.813
complex.258.pdb	0.0133333	14.739	26.657
complex.259.pdb	0	8.454	13.260
complex.260.pdb	0	16.876	27.962
complex.261.pdb	0	11.973	17.061
complex.262.pdb	0.0133333	14.471	21.604
complex.263.pdb	0.04	14.330	42.930
complex.264.pdb	0.08	12.130	37.094
complex.265.pdb	0.0266667	14.073	24.920
complex.266.pdb	0.0666667	12.872	37.382
complex.267.pdb	0.0266667	11.729	21.621
complex.268.pdb	0.0533333	13.811	37.933
complex.269.pdb	0	12.916	20.614
complex.270.pdb	0.0666667	11.174	34.917
complex.271.pdb	0	15.096	23.761
complex.272.pdb	0.0533333	12.013	32.776
complex.273.pdb	0.0533333	10.208	19.165
complex.274.pdb	0	18.762	36.307
complex.275.pdb	0	16.971	29.293
complex.276.pdb	0	19.099	39.651
complex.277.pdb	0	11.229	24.121
complex.278.pdb	0.0533333	13.851	37.886
complex.279.pdb	0	15.464	39.208
complex.280.pdb	0.106667	12.132	18.974
complex.281.pdb	0	16.545	35.337
complex.282.pdb	0.0133333	6.374	16.785
complex.283.pdb	0.04	12.424	39.085
complex.284.pdb	0.0266667	13.609	37.314
complex.285.pdb	0.08	14.042	36.721
complex.286.pdb	0	16.879	36.700
complex.287.pdb	0	14.277	21.943
complex.288.pdb	0.04	7.502	13.547
complex.289.pdb	0.0266667	14.529	40.297
complex.290.pdb	0	16.067	23.378
complex.291.pdb	0	16.915	47.462
complex.292.pdb	0	20.072	45.415
complex.293.pdb	0	8.620	16.836
complex.294.pdb	0	17.031	25.320
complex.295.pdb	0	12.769	40.064
complex.296.pdb	0.0533333	12.271	35.874
complex.297.pdb	0	18.986	42.538
complex.298.pdb	0	16.751	35.062
complex.299.pdb	0	10.276	18.922
complex.300.pdb	0	16.141	40.553
complex.301.pdb	0.0133333	9.108	14.435
complex.302.pdb	0.0666667	16.488	26.305
complex.303.pdb	0	8.650	28.161
complex.304.pdb	0	14.727	23.840
complex.305.pdb	0.0266667	15.867	23.520
complex.306.pdb	0.0133333	15.047	44.727
complex.307.pdb	0.04	10.571	34.704
complex.308.pdb	0.08	14.670	42.333
complex.309.pdb	0.08	7.040	13.018
complex.310.pdb	0	10.951	19.906
complex.311.pdb	0	14.580	23.778
complex.312.pdb	0	19.319	39.837
complex.313.pdb	0	19.053	39.381
complex.314.pdb	0.04	11.485	37.521
complex.315.pdb	0	13.125	22.231
complex.316.pdb	0	18.442	37.321
complex.317.pdb	0.0933333	16.335	37.159
complex.318.pdb	0.0133333	12.962	43.162
complex.319.pdb	0	13.271	20.150
complex.320.pdb	0	19.441	48.035
complex.321.pdb	0	15.484	46.415
complex.322.pdb	0	14.082	21.158
complex.323.pdb	0	17.296	38.999
complex.324.pdb	0.04	14.040	42.654
complex.325.pdb	0.0266667	14.418	21.744
complex.326.pdb	0.0533333	12.431	23.041
complex.327.pdb	0.106667	10.758	22.179
complex.328.pdb	0	19.055	37.811
complex.329.pdb	0.0266667	15.176	42.434
complex.330.pdb	0.0533333	15.661	43.388
complex.331.pdb	0.0133333	14.159	44.713
complex.332.pdb	0	15.900	44.420
complex.333.pdb	0	16.666	33.660
complex.334.pdb	0	18.154	39.560
complex.335.pdb	0.08	11.193	34.791
complex.336.pdb	0.0933333	15.628	22.820
complex.337.pdb	0	13.604	29.534
complex.338.pdb	0.08	13.725	40.161
complex.339.pdb	0.0666667	10.492	31.852
complex.340.pdb	0	17.347	44.058
complex.341.pdb	0.0266667	15.835	23.411
complex.342.pdb	0	13.566	38.090
complex.343.pdb	0	15.496	22.798
complex.344.pdb	0	11.572	22.911
complex.345.pdb	0	14.756	22.924
complex.346.pdb	0	16.323	25.790
complex.347.pdb	0	18.283	42.230
complex.348.pdb	0	15.529	25.783
complex.349.pdb	0.0266667	13.505	37.931
complex.350.pdb	0	14.296	20.053
complex.351.pdb	0.04	13.322	22.734
complex.352.pdb	0.04	13.483	38.070
complex.353.pdb	0	17.329	39.163
complex.354.pdb	0	16.968	40.294
complex.355.pdb	0.0666667	8.167	16.717
complex.356.pdb	0	15.685	31.677
complex.357.pdb	0.0533333	14.253	41.766
complex.358.pdb	0.16	10.895	28.415
complex.359.pdb	0.0666667	13.798	39.046
complex.360.pdb	0	18.187	42.734
complex.361.pdb	0	16.824	37.973
complex.362.pdb	0.0133333	13.851	38.150
complex.363.pdb	0	16.557	25.008
complex.364.pdb	0.0533333	12.946	24.173
complex.365.pdb	0	18.527	37.034
complex.366.pdb	0.0533333	10.205	28.504
complex.367.pdb	0	11.142	24.926
complex.368.pdb	0.08	11.823	35.828
complex.369.pdb	0	18.074	38.819
complex.370.pdb	0.0666667	10.683	33.054
complex.371.pdb	0	10.584	17.499
complex.372.pdb	0	17.099	39.094
complex.373.pdb	0	17.185	24.273
complex.374.pdb	0.0133333	10.149	23.961
complex.375.pdb	0.04	16.075	29.044
complex.376.pdb	0	17.951	46.545
complex.377.pdb	0	17.088	38.504
complex.378.pdb	0.0133333	15.401	21.427
complex.379.pdb	0	13.193	21.820
complex.380.pdb	0	15.776	44.167
complex.381.pdb	0	16.486	25.021
complex.382.pdb	0	8.928	16.099
complex.383.pdb	0.0133333	17.326	25.519
complex.384.pdb	0	16.620	38.117
complex.385.pdb	0.0266667	16.576	44.806
complex.386.pdb	0.146667	10.565	17.119
complex.387.pdb	0.04	16.035	23.636
complex.388.pdb	0.0266667	11.909	35.835
complex.389.pdb	0	18.157	36.545
complex.390.pdb	0.0266667	15.607	45.507
complex.391.pdb	0	16.178	39.223
complex.392.pdb	0.0133333	12.005	42.003
complex.393.pdb	0.0533333	11.137	33.955
complex.394.pdb	0.04	14.497	36.491
complex.395.pdb	0.0666667	11.508	35.640
complex.396.pdb	0	14.236	35.321
complex.397.pdb	0	16.421	39.992
complex.398.pdb	0.04	12.578	37.819
complex.399.pdb	0.0133333	15.602	46.362
complex.400.pdb	0	14.502	37.630
complex.401.pdb	0	15.369	35.477
complex.402.pdb	0.04	13.974	40.543
complex.403.pdb	0.0133333	13.631	23.032
complex.404.pdb	0.0533333	16.239	22.876
complex.405.pdb	0.0533333	11.542	37.495
complex.406.pdb	0.0133333	9.256	32.168
complex.407.pdb	0	15.755	45.687
complex.408.pdb	0	18.256	38.345
complex.409.pdb	0.0666667	9.198	33.061
complex.410.pdb	0	16.503	31.717
complex.411.pdb	0.04	11.264	37.369
complex.412.pdb	0.0133333	15.010	44.587
complex.413.pdb	0.0933333	11.847	22.333
complex.414.pdb	0	16.333	23.372
complex.415.pdb	0	13.571	20.994
complex.416.pdb	0	19.252	44.072
complex.417.pdb	0	17.789	38.692
complex.418.pdb	0.0533333	12.174	24.542
complex.419.pdb	0	16.950	40.457
complex.420.pdb	0.0266667	13.201	40.669
complex.421.pdb	0.0133333	11.372	19.184
complex.422.pdb	0.0133333	14.219	43.851
complex.423.pdb	0.0133333	14.911	44.324
complex.424.pdb	0	15.883	40.304
complex.425.pdb	0	12.767	35.570
complex.426.pdb	0.0133333	15.164	26.034
complex.427.pdb	0	18.662	41.831
complex.428.pdb	0	13.844	21.922
complex.429.pdb	0	16.707	24.694
complex.430.pdb	0.0666667	8.069	15.929
complex.431.pdb	0.12	13.269	27.819
complex.432.pdb	0	17.470	25.600
complex.433.pdb	0	16.270	47.012
complex.434.pdb	0	15.617	26.340
complex.435.pdb	0	15.623	31.911
complex.436.pdb	0.0133333	14.904	40.491
complex.437.pdb	0	13.131	18.988
complex.438.pdb	0.04	13.812	41.946
complex.439.pdb	0.0533333	16.739	43.056
complex.440.pdb	0	14.233	45.527
complex.441.pdb	0	16.786	38.176
complex.442.pdb	0	18.104	39.779
complex.443.pdb	0	12.897	39.637
complex.444.pdb	0	9.013	17.047
complex.445.pdb	0	14.829	22.713
complex.446.pdb	0.0666667	8.538	15.069
complex.447.pdb	0	12.858	41.251
complex.448.pdb	0	19.129	42.563
complex.449.pdb	0	17.884	36.505
complex.450.pdb	0	17.819	27.434
complex.451.pdb	0	21.125	43.877
complex.452.pdb	0.12	15.767	35.135
complex.453.pdb	0.106667	13.942	34.616
complex.454.pdb	0.04	13.562	39.597
complex.455.pdb	0	9.645	17.355
complex.456.pdb	0	15.254	39.224
complex.457.pdb	0	11.006	18.529
complex.458.pdb	0	14.922	24.260
complex.459.pdb	0	14.637	24.204
complex.460.pdb	0	10.928	20.389
complex.461.pdb	0.08	14.244	40.694
complex.462.pdb	0.0266667	15.863	41.944
complex.463.pdb	0.0133333	16.470	23.253
complex.464.pdb	0	15.799	40.654
complex.465.pdb	0	10.944	20.402
complex.466.pdb	0.0266667	15.086	41.387
complex.467.pdb	0	10.341	18.870
complex.468.pdb	0	19.429	44.587
complex.469.pdb	0	17.035	37.192
complex.470.pdb	0.0266667	13.044	20.609
complex.471.pdb	0.0266667	13.982	39.284
complex.472.pdb	0.133333	14.969	26.655
complex.473.pdb	0	15.683	40.047
complex.474.pdb	0.04	13.359	23.459
complex.475.pdb	0	12.859	36.227
complex.476.pdb	0.0133333	12.125	40.714
complex.477.pdb	0	17.150	37.877
complex.478.pdb	0.0533333	12.315	21.934
complex.479.pdb	0	16.427	41.654
complex.480.pdb	0	18.236	39.935
complex.481.pdb	0	15.288	30.953
complex.482.pdb	0	17.564	37.155
complex.483.pdb	0	16.665	38.194
complex.484.pdb	0	13.716	38.992
complex.485.pdb	0	13.846	43.683
complex.486.pdb	0.0266667	14.171	41.172
complex.487.pdb	0	14.080	47.835
complex.488.pdb	0.0133333	14.590	44.833
complex.489.pdb	0.0266667	11.629	21.418
complex.490.pdb	0	12.611	38.612
complex.491.pdb	0.0266667	16.678	24.028
complex.492.pdb	0	10.291	19.338
complex.493.pdb	0	13.841	46.225
complex.494.pdb	0.04	11.238	18.277
complex.495.pdb	0	16.799	44.515
complex.496.pdb	0	15.176	35.005
complex.497.pdb	0.0533333	13.868	34.591
complex.498.pdb	0	18.763	40.628
complex.499.pdb	0.186667	10.034	23.005
complex.500.pdb	0	13.801	20.843
complex.501.pdb	0.0266667	13.157	40.302
complex.502.pdb	0	17.749	24.633
complex.503.pdb	0	13.334	43.049
complex.504.pdb	0.0133333	13.509	39.091
complex.505.pdb	0.0133333	13.632	38.372
complex.506.pdb	0	16.647	39.459
complex.507.pdb	0.08	13.959	40.101
complex.508.pdb	0	11.022	17.896
complex.509.pdb	0.0133333	16.292	43.343
complex.510.pdb	0.0666667	11.338	35.603
complex.511.pdb	0	13.339	36.367
complex.512.pdb	0	16.559	24.099
complex.513.pdb	0.0533333	11.985	38.161
complex.514.pdb	0.0133333	14.220	20.462
complex.515.pdb	0	17.791	38.598
complex.516.pdb	0.04	12.871	23.058
complex.517.pdb	0	12.311	40.614
complex.518.pdb	0.0133333	14.319	28.399
complex.519.pdb	0.0133333	11.177	37.117
complex.520.pdb	0.0533333	13.898	42.194
complex.521.pdb	0.04	13.884	42.896
complex.522.pdb	0	17.439	37.687
complex.523.pdb	0	15.647	45.916
complex.524.pdb	0	17.283	39.937
complex.525.pdb	0	16.383	41.991
complex.526.pdb	0	12.403	17.824
complex.527.pdb	0.0133333	15.403	28.144
complex.528.pdb	0.0266667	17.728	25.631
complex.529.pdb	0	17.776	41.085
complex.530.pdb	0.0133333	12.617	38.608
complex.531.pdb	0.12	17.361	31.589
complex.532.pdb	0	12.626	21.018
complex.533.pdb	0	13.012	20.561
complex.534.pdb	0	18.931	44.696
complex.535.pdb	0	10.036	20.795
complex.536.pdb	0	16.636	25.044
complex.537.pdb	0	15.640	35.437
complex.538.pdb	0	18.915	42.631
complex.539.pdb	0	11.405	16.695
complex.540.pdb	0	18.576	43.319
complex.541.pdb	0	17.271	45.555
complex.542.pdb	0	18.733	45.835
complex.543.pdb	0.0133333	17.215	42.185
complex.544.pdb	0	15.561	46.800
complex.545.pdb	0.0666667	13.500	22.713
complex.546.pdb	0.04	11.653	36.167
complex.547.pdb	0.0133333	12.790	31.741
complex.548.pdb	0.16	14.493	25.958
complex.549.pdb	0.0133333	11.579	18.039
complex.550.pdb	0	12.680	19.814
complex.551.pdb	0.0533333	14.077	42.632
complex.552.pdb	0	16.464	38.818
complex.553.pdb	0	15.557	34.565
complex.554.pdb	0.0266667	13.042	23.314
complex.555.pdb	0	15.268	37.718
complex.556.pdb	0	16.736	44.776
complex.557.pdb	0	9.656	19.145
complex.558.pdb	0.04	14.687	42.978
complex.559.pdb	0	18.694	42.054
complex.560.pdb	0	18.760	42.587
complex.561.pdb	0.0933333	11.819	34.659
complex.562.pdb	0	14.344	45.780
complex.563.pdb	0	18.768	38.791
complex.564.pdb	0.0666667	11.106	36.231
complex.565.pdb	0	15.952	42.632
complex.566.pdb	0	18.452	42.173
complex.567.pdb	0	9.888	21.786
complex.568.pdb	0	17.424	39.316
complex.569.pdb	0	16.114	46.591
complex.570.pdb	0	18.585	38.658
complex.571.pdb	0	16.547	35.058
complex.572.pdb	0	16.324	36.785
complex.573.pdb	0.0666667	13.496	38.123
complex.574.pdb	0	15.883	40.790
complex.575.pdb	0.04	10.957	16.675
complex.576.pdb	0	17.407	40.733
complex.577.pdb	0	12.936	23.331
complex.578.pdb	0	19.768	45.186
complex.579.pdb	0	12.685	18.671
complex.580.pdb	0.0666667	13.501	36.736
complex.581.pdb	0.0133333	12.841	39.426
complex.582.pdb	0	17.743	39.411
complex.583.pdb	0	12.105	20.594
complex.584.pdb	0	18.341	38.675
complex.585.pdb	0.106667	11.350	29.855
complex.586.pdb	0	8.961	22.323
complex.587.pdb	0.0533333	12.108	34.585
complex.588.pdb	0	19.416	38.278
complex.589.pdb	0	15.210	23.958
complex.590.pdb	0	13.693	24.924
complex.591.pdb	0	17.990	26.068
complex.592.pdb	0	16.144	44.377
complex.593.pdb	0	16.882	26.350
complex.594.pdb	0	16.732	33.601
complex.595.pdb	0	16.632	36.955
complex.596.pdb	0	13.629	37.249
complex.597.pdb	0	17.951	33.869
complex.598.pdb	0.0133333	16.147	25.660
complex.599.pdb	0	15.938	43.999
complex.600.pdb	0	9.336	18.321
complex.601.pdb	0.0133333	11.011	17.793
complex.602.pdb	0	13.951	42.053
complex.603.pdb	0.0133333	13.800	42.786
complex.604.pdb	0	17.612	28.895
complex.605.pdb	0	18.008	41.859
complex.606.pdb	0	16.969	39.764
complex.607.pdb	0.16	12.367	33.581
complex.608.pdb	0.04	11.121	37.109
complex.609.pdb	0	14.726	38.164
complex.610.pdb	0.12	11.838	32.512
complex.611.pdb	0	17.278	25.113
complex.612.pdb	0.04	10.959	35.277
complex.613.pdb	0	18.275	44.102
complex.614.pdb	0.04	14.523	40.738
complex.615.pdb	0	15.068	22.270
complex.616.pdb	0	12.410	18.237
complex.617.pdb	0.0933333	12.219	37.156
complex.618.pdb	0	14.403	31.885
complex.619.pdb	0	15.895	23.425
complex.620.pdb	0	10.220	25.135
complex.621.pdb	0.0266667	14.790	43.577
complex.622.pdb	0	16.931	37.900
complex.623.pdb	0	19.126	38.713
complex.624.pdb	0	16.480	25.848
complex.625.pdb	0	15.779	44.199
complex.626.pdb	0	18.737	45.340
complex.627.pdb	0	13.634	42.172
complex.628.pdb	0	15.729	24.930
complex.629.pdb	0.0133333	14.981	45.258
complex.630.pdb	0.0533333	13.355	38.707
complex.631.pdb	0.0133333	10.267	16.427
complex.632.pdb	0	8.620	26.410
complex.633.pdb	0.0133333	11.261	35.286
complex.634.pdb	0.04	13.187	38.264
complex.635.pdb	0	13.620	23.051
complex.636.pdb	0	13.870	22.408
complex.637.pdb	0	16.426	25.780
complex.638.pdb	0	14.203	37.210
complex.639.pdb	0.0933333	10.246	31.549
complex.640.pdb	0	15.262	32.359
complex.641.pdb	0.0266667	11.735	37.970
complex.642.pdb	0	12.690	20.390
complex.643.pdb	0.0133333	14.531	37.380
complex.644.pdb	0.0133333	14.488	39.375
complex.645.pdb	0	13.470	39.624
complex.646.pdb	0	20.018	45.924
complex.647.pdb	0	15.971	24.243
complex.648.pdb	0	10.269	16.640
complex.649.pdb	0.0533333	12.933	22.249
complex.650.pdb	0	15.692	39.133
complex.651.pdb	0	13.415	34.959
complex.652.pdb	0.0533333	15.461	40.349
complex.653.pdb	0	7.720	15.304
complex.654.pdb	0	13.851	40.684
complex.655.pdb	0	19.349	39.360
complex.656.pdb	0	17.299	25.564
complex.657.pdb	0	16.689	39.884
complex.658.pdb	0	14.826	23.073
complex.659.pdb	0.04	16.026	42.859
complex.660.pdb	0.04	13.485	22.943
complex.661.pdb	0	11.036	18.970
complex.662.pdb	0	13.885	20.557
complex.663.pdb	0.04	10.373	22.237
complex.664.pdb	0	18.882	47.709
complex.665.pdb	0.0133333	14.043	44.240
complex.666.pdb	0.0133333	10.027	20.032
complex.667.pdb	0.0266667	12.027	39.158
complex.668.pdb	0.0133333	14.344	43.990
complex.669.pdb	0	15.782	31.934
complex.670.pdb	0.08	12.753	29.767
complex.671.pdb	0.0933333	11.797	19.119
complex.672.pdb	0.0133333	13.372	20.139
complex.673.pdb	0	16.648	33.693
complex.674.pdb	0.0533333	12.448	38.982
complex.675.pdb	0.106667	12.832	34.362
complex.676.pdb	0	18.857	39.782
complex.677.pdb	0	18.335	37.473
complex.678.pdb	0.0133333	15.635	42.826
complex.679.pdb	0	14.529	22.731
complex.680.pdb	0.0533333	12.514	21.411
complex.681.pdb	0	16.991	39.564
complex.682.pdb	0	18.916	48.991
complex.683.pdb	0.08	9.849	32.402
complex.684.pdb	0.0266667	12.912	41.122
complex.685.pdb	0	16.341	45.968
complex.686.pdb	0	14.568	37.442
complex.687.pdb	0.0133333	14.029	36.910
complex.688.pdb	0	16.598	39.264
complex.689.pdb	0	13.758	39.200
complex.690.pdb	0	19.326	36.843
complex.691.pdb	0.0133333	11.257	23.524
complex.692.pdb	0	17.312	38.361
complex.693.pdb	0	11.199	19.478
complex.694.pdb	0.08	11.624	34.083
complex.695.pdb	0.04	13.243	41.897
complex.696.pdb	0.0266667	14.854	40.292
complex.697.pdb	0	14.589	24.839
complex.698.pdb	0	16.495	24.528
complex.699.pdb	0	15.603	37.283
complex.700.pdb	0.04	11.450	22.191
complex.701.pdb	0	15.222	46.353
complex.702.pdb	0.0133333	15.134	22.125
complex.703.pdb	0	18.765	43.355
complex.704.pdb	0	14.015	36.827
complex.705.pdb	0	18.055	39.667
complex.706.pdb	0	17.993	34.607
complex.707.pdb	0.0133333	15.752	45.955
complex.708.pdb	0.106667	13.203	30.979
complex.709.pdb	0	18.875	38.723
complex.710.pdb	0	12.891	20.221
complex.711.pdb	0	15.383	28.222
complex.712.pdb	0.0133333	14.173	26.849
complex.713.pdb	0.0666667	12.429	37.484
complex.714.pdb	0	16.054	36.056
complex.715.pdb	0.0133333	11.822	19.151
complex.716.pdb	0.0266667	11.682	35.112
complex.717.pdb	0	11.915	18.334
complex.718.pdb	0	15.510	32.858
complex.719.pdb	0.0666667	11.449	19.577
complex.720.pdb	0	17.611	37.176
complex.721.pdb	0	19.212	37.466
complex.722.pdb	0.0666667	9.549	18.046
complex.723.pdb	0.0666667	13.583	38.073
complex.724.pdb	0.106667	12.541	36.073
complex.725.pdb	0	15.020	21.700
complex.726.pdb	0.0133333	14.947	45.847
complex.727.pdb	0.0266667	13.998	24.022
complex.728.pdb	0.0666667	12.380	39.373
complex.729.pdb	0	12.350	41.576
complex.730.pdb	0.0666667	12.037	37.458
complex.731.pdb	0	17.925	43.560
complex.732.pdb	0	14.048	46.254
complex.733.pdb	0	16.689	23.995
complex.734.pdb	0	19.529	45.195
complex.735.pdb	0	13.121	39.073
complex.736.pdb	0.0533333	13.717	37.344
complex.737.pdb	0	13.696	38.777
complex.738.pdb	0.04	8.620	13.573
complex.739.pdb	0.106667	14.822	34.808
complex.740.pdb	0	14.551	25.292
complex.741.pdb	0.133333	17.157	33.811
complex.742.pdb	0.0133333	8.889	22.197
complex.743.pdb	0.0666667	14.506	42.672
complex.744.pdb	0	13.197	32.188
complex.745.pdb	0	14.335	35.158
complex.746.pdb	0	15.801	31.971
complex.747.pdb	0.0133333	13.227	40.478
complex.748.pdb	0	18.703	40.787
complex.749.pdb	0	14.553	38.721
complex.750.pdb	0	18.112	37.355
complex.751.pdb	0.04	14.453	40.911
complex.752.pdb	0	18.045	37.195
complex.753.pdb	0	14.061	21.627
complex.754.pdb	0.146667	13.697	34.212
complex.755.pdb	0	14.767	22.358
complex.756.pdb	0	15.218	43.069
complex.757.pdb	0.0666667	15.794	44.146
complex.758.pdb	0	11.042	37.289
complex.759.pdb	0	17.201	37.882
complex.760.pdb	0.0133333	15.153	46.048
complex.761.pdb	0.0266667	17.691	42.698
complex.762.pdb	0.08	9.952	15.065
complex.763.pdb	0	14.699	34.021
complex.764.pdb	0	18.163	44.822
complex.765.pdb	0.04	16.025	43.603
complex.766.pdb	0	8.646	22.715
complex.767.pdb	0	10.009	16.396
complex.768.pdb	0.0666667	13.467	35.756
complex.769.pdb	0.0666667	17.324	41.434
complex.770.pdb	0	13.477	25.436
complex.771.pdb	0	18.290	39.038
complex.772.pdb	0	18.003	39.777
complex.773.pdb	0.0133333	19.889	49.303
complex.774.pdb	0	18.738	40.086
complex.775.pdb	0.0266667	14.642	42.937
complex.776.pdb	0	17.930	47.376
complex.777.pdb	0	8.935	15.671
complex.778.pdb	0	17.809	38.068
complex.779.pdb	0.0533333	13.272	32.417
complex.780.pdb	0	15.050	26.515
complex.781.pdb	0.0133333	15.728	36.904
complex.782.pdb	0	17.609	41.186
complex.783.pdb	0	17.891	27.160
complex.784.pdb	0	11.201	16.903
complex.785.pdb	0	7.106	21.357
complex.786.pdb	0	14.237	23.938
complex.787.pdb	0	15.637	24.047
complex.788.pdb	0.04	13.873	22.139
complex.789.pdb	0	17.323	33.718
complex.790.pdb	0.0266667	12.527	21.897
complex.791.pdb	0	15.186	38.179
complex.792.pdb	0	17.325	38.633
complex.793.pdb	0	11.286	18.626
complex.794.pdb	0	13.916	36.544
complex.795.pdb	0	16.082	43.706
complex.796.pdb	0	15.267	23.584
complex.797.pdb	0.0133333	13.553	42.994
complex.798.pdb	0.0533333	13.217	41.229
complex.799.pdb	0	17.875	39.229
complex.800.pdb	0	17.697	39.338
complex.801.pdb	0	15.187	37.469
complex.802.pdb	0	14.486	23.674
complex.803.pdb	0.12	16.307	33.802
complex.804.pdb	0	14.905	38.423
complex.805.pdb	0	16.621	37.164
complex.806.pdb	0.0133333	8.634	15.909
complex.807.pdb	0	12.840	39.011
complex.808.pdb	0	16.907	39.753
complex.809.pdb	0.0266667	17.224	26.781
complex.810.pdb	0	19.329	45.710
complex.811.pdb	0	15.459	22.611
complex.812.pdb	0.0133333	16.858	46.790
complex.813.pdb	0	18.946	40.748
complex.814.pdb	0	15.786	35.177
complex.815.pdb	0.0266667	12.212	42.187
complex.816.pdb	0	9.542	28.332
complex.817.pdb	0.12	14.726	28.864
complex.818.pdb	0	19.807	39.895
complex.819.pdb	0	9.030	27.245
complex.820.pdb	0.0933333	9.492	28.096
complex.821.pdb	0	14.510	37.115
complex.822.pdb	0	16.641	43.249
complex.823.pdb	0	18.312	45.820
complex.824.pdb	0	12.121	19.884
complex.825.pdb	0.0533333	11.643	18.908
complex.826.pdb	0	11.285	18.072
complex.827.pdb	0	17.419	35.322
complex.828.pdb	0	15.667	44.380
complex.829.pdb	0	12.757	40.390
complex.830.pdb	0.04	15.116	24.202
complex.831.pdb	0	15.156	37.894
complex.832.pdb	0	15.758	31.868
complex.833.pdb	0	18.907	38.596
complex.834.pdb	0	15.303	45.522
complex.835.pdb	0.0133333	13.990	42.405
complex.836.pdb	0.08	17.199	37.850
complex.837.pdb	0	13.468	22.211
complex.838.pdb	0	14.340	22.340
complex.839.pdb	0.0266667	15.347	27.315
complex.840.pdb	0	13.694	33.671
complex.841.pdb	0	16.636	37.313
complex.842.pdb	0	19.025	46.846
complex.843.pdb	0	14.424	42.633
complex.844.pdb	0	18.578	39.130
complex.845.pdb	0	18.297	38.335
complex.846.pdb	0	16.193	24.002
complex.847.pdb	0	17.053	43.649
complex.848.pdb	0	15.543	41.170
complex.849.pdb	0	19.525	46.592
complex.850.pdb	0.0666667	9.646	33.215
complex.851.pdb	0	10.833	21.411
complex.852.pdb	0	9.902	19.068
complex.853.pdb	0.0133333	14.369	40.382
complex.854.pdb	0	15.932	25.813
complex.855.pdb	0	15.605	29.320
complex.856.pdb	0	20.428	46.799
complex.857.pdb	0.0266667	13.457	38.862
complex.858.pdb	0.04	15.077	23.774
complex.859.pdb	0	16.027	39.867
complex.860.pdb	0	9.352	17.645
complex.861.pdb	0.0666667	12.145	37.659
complex.862.pdb	0	17.536	37.738
complex.863.pdb	0.04	9.957	26.031
complex.864.pdb	0.08	16.060	40.967
complex.865.pdb	0.08	17.342	25.038
complex.866.pdb	0	17.417	41.517
complex.867.pdb	0.0133333	13.963	43.885
complex.868.pdb	0	13.967	44.282
complex.869.pdb	0	18.621	39.978
complex.870.pdb	0	16.436	34.685
complex.871.pdb	0	17.987	35.429
complex.872.pdb	0	13.696	41.620
complex.873.pdb	0	10.895	23.996
complex.874.pdb	0	16.291	42.950
complex.875.pdb	0.0133333	12.629	40.740
complex.876.pdb	0.04	14.266	43.378
complex.877.pdb	0.08	10.327	30.873
complex.878.pdb	0	15.436	38.797
complex.879.pdb	0	17.098	24.799
complex.880.pdb	0.0133333	13.677	32.005
complex.881.pdb	0	10.036	25.505
complex.882.pdb	0	15.404	41.010
complex.883.pdb	0.0266667	11.595	20.199
complex.884.pdb	0.0133333	15.819	26.598
complex.885.pdb	0	12.914	39.386
complex.886.pdb	0	18.008	38.463
complex.887.pdb	0	13.759	42.075
complex.888.pdb	0.04	14.276	34.412
complex.889.pdb	0	13.259	22.643
complex.890.pdb	0	14.224	43.682
complex.891.pdb	0	12.914	20.544
complex.892.pdb	0.0133333	13.724	40.849
complex.893.pdb	0.0133333	10.338	18.091
complex.894.pdb	0	16.560	42.696
complex.895.pdb	0.0133333	16.150	23.426
complex.896.pdb	0	7.214	23.267
complex.897.pdb	0	15.060	34.916
complex.898.pdb	0	11.906	20.301
complex.899.pdb	0	17.598	38.184
complex.900.pdb	0	19.030	42.958
complex.901.pdb	0	13.806	20.840
complex.902.pdb	0	15.855	33.371
complex.903.pdb	0	18.734	43.553
complex.904.pdb	0.0266667	14.069	43.340
complex.905.pdb	0	14.949	41.838
complex.906.pdb	0.0666667	14.575	21.960
complex.907.pdb	0	15.099	27.375
complex.908.pdb	0.0266667	15.062	44.916
complex.909.pdb	0	13.592	43.470
complex.910.pdb	0	8.355	16.020
complex.911.pdb	0	19.762	45.632
complex.912.pdb	0	14.410	22.315
complex.913.pdb	0.0266667	11.640	34.389
complex.914.pdb	0.0933333	12.954	32.852
complex.915.pdb	0.0666667	17.704	26.508
complex.916.pdb	0	13.847	36.615
complex.917.pdb	0.0133333	16.036	23.415
complex.918.pdb	0	10.734	32.168
complex.919.pdb	0	15.157	38.175
complex.920.pdb	0	15.417	36.433
complex.921.pdb	0	17.977	41.273
complex.922.pdb	0	15.967	23.669
complex.923.pdb	0.04	12.097	20.690
complex.924.pdb	0	11.520	37.636
complex.925.pdb	0	13.369	40.013
complex.926.pdb	0	14.457	45.782
complex.927.pdb	0.04	16.149	41.835
complex.928.pdb	0	14.609	21.819
complex.929.pdb	0	10.755	16.014
complex.930.pdb	0.0266667	13.295	39.229
complex.931.pdb	0	8.612	21.003
complex.932.pdb	0	16.350	25.331
complex.933.pdb	0	17.461	25.244
complex.934.pdb	0	15.428	23.826
complex.935.pdb	0	15.700	44.458
complex.936.pdb	0	17.706	39.651
complex.937.pdb	0.0266667	17.134	45.158
complex.938.pdb	0	16.068	36.181
complex.939.pdb	0	14.760	22.762
complex.940.pdb	0	16.415	39.227
complex.941.pdb	0	17.689	39.406
complex.942.pdb	0	16.474	36.331
complex.943.pdb	0	15.657	37.523
complex.944.pdb	0.0133333	14.874	32.916
complex.945.pdb	0	18.465	38.464
complex.946.pdb	0	18.754	41.792
complex.947.pdb	0	17.412	36.684
complex.948.pdb	0	10.080	17.416
complex.949.pdb	0	17.988	38.678
complex.950.pdb	0	23.177	48.925
complex.951.pdb	0	18.520	49.920
complex.952.pdb	0.04	13.039	38.370
complex.953.pdb	0.0133333	9.014	32.236
complex.954.pdb	0	15.261	24.251
complex.955.pdb	0	20.275	43.700
complex.956.pdb	0.08	11.672	37.056
complex.957.pdb	0	8.575	17.319
complex.958.pdb	0.186667	9.103	23.910
complex.959.pdb	0	20.707	43.678
complex.960.pdb	0	16.514	22.600
complex.961.pdb	0	15.896	35.891
complex.962.pdb	0	12.377	33.407
complex.963.pdb	0.04	11.402	38.200
complex.964.pdb	0	15.393	38.042
complex.965.pdb	0.0133333	10.391	36.494
complex.966.pdb	0	13.814	30.298
complex.967.pdb	0	13.374	43.349
complex.968.pdb	0	16.217	45.563
complex.969.pdb	0.0266667	13.233	23.570
complex.970.pdb	0	19.290	40.802
complex.971.pdb	0	12.863	41.202
complex.972.pdb	0.04	9.762	16.017
complex.973.pdb	0	15.640	22.928
complex.974.pdb	0	12.874	40.888
complex.975.pdb	0	15.128	22.936
complex.976.pdb	0	13.461	38.079
complex.977.pdb	0	16.438	41.328
complex.978.pdb	0	18.019	40.249
complex.979.pdb	0	16.859	37.550
complex.980.pdb	0.0666667	11.066	27.396
complex.981.pdb	0.133333	7.981	15.334
complex.982.pdb	0	10.534	15.385
complex.983.pdb	0	13.915	36.295
complex.984.pdb	0.0933333	14.939	37.517
complex.985.pdb	0	16.569	24.353
complex.986.pdb	0	14.072	23.718
complex.987.pdb	0.08	12.538	38.006
complex.988.pdb	0.146667	13.393	28.947
complex.989.pdb	0.0266667	13.078	41.361
complex.990.pdb	0.08	10.281	30.257
complex.991.pdb	0.0266667	13.890	30.983
complex.992.pdb	0	15.631	25.813
complex.993.pdb	0	15.412	31.688
complex.994.pdb	0	9.363	20.037
complex.995.pdb	0.0133333	13.562	40.681
complex.996.pdb	0	13.217	22.218
complex.997.pdb	0	17.923	43.317
complex.998.pdb	0	11.102	16.457
complex.999.pdb	0	16.859	36.557
complex.1000.pdb	0	9.919	18.051
complex.1001.pdb	0	18.542	43.522
complex.1002.pdb	0	17.725	44.454
complex.1003.pdb	0.0133333	13.534	37.313
complex.1004.pdb	0	14.441	34.281
complex.1005.pdb	0	19.161	45.409
complex.1006.pdb	0	14.813	23.038
complex.1007.pdb	0	18.426	45.446
complex.1008.pdb	0.106667	15.611	35.941
complex.1009.pdb	0	14.277	39.058
complex.1010.pdb	0	9.796	17.786
complex.1011.pdb	0	19.367	48.310
complex.1012.pdb	0.0133333	13.491	40.203
complex.1013.pdb	0	14.960	33.737
complex.1014.pdb	0	13.087	37.221
complex.1015.pdb	0	13.440	23.872
complex.1016.pdb	0	19.667	45.439
complex.1017.pdb	0	18.275	41.630
complex.1018.pdb	0.0266667	14.441	38.800
complex.1019.pdb	0.08	13.202	27.080
complex.1020.pdb	0	10.876	19.796
complex.1021.pdb	0	13.863	42.260
complex.1022.pdb	0	14.689	26.078
complex.1023.pdb	0	15.390	32.316
complex.1024.pdb	0	15.387	42.465
complex.1025.pdb	0	16.683	22.880
complex.1026.pdb	0	17.250	42.805
complex.1027.pdb	0	14.702	23.140
complex.1028.pdb	0	14.072	41.555
complex.1029.pdb	0.0133333	13.500	37.742
complex.1030.pdb	0	13.190	36.758
complex.1031.pdb	0	17.128	42.836
complex.1032.pdb	0	16.138	35.722
complex.1033.pdb	0	12.904	40.018
complex.1034.pdb	0.0533333	13.373	20.158
complex.1035.pdb	0	12.124	43.497
complex.1036.pdb	0	15.537	39.865
complex.1037.pdb	0.0133333	10.639	21.468
complex.1038.pdb	0	17.837	41.450
complex.1039.pdb	0	20.463	46.348
complex.1040.pdb	0	15.149	45.547
complex.1041.pdb	0.0133333	13.828	41.441
complex.1042.pdb	0	19.884	50.480
complex.1043.pdb	0	18.810	39.695
complex.1044.pdb	0	16.482	34.017
complex.1045.pdb	0	15.550	44.510
complex.1046.pdb	0	9.870	28.545
complex.1047.pdb	0.0133333	13.756	42.045
complex.1048.pdb	0	18.640	34.119
complex.1049.pdb	0	21.228	46.334
complex.1050.pdb	0	16.678	24.362
complex.1051.pdb	0	13.797	21.268
complex.1052.pdb	0	16.583	40.499
complex.1053.pdb	0	16.904	38.495
complex.1054.pdb	0.0133333	13.970	43.893
complex.1055.pdb	0	8.441	26.967
complex.1056.pdb	0	17.739	42.414
complex.1057.pdb	0	16.104	28.212
complex.1058.pdb	0.0133333	11.488	40.065
complex.1059.pdb	0.16	3.691	10.721
complex.1060.pdb	0	15.409	38.247
complex.1061.pdb	0	11.236	36.559
complex.1062.pdb	0	17.520	39.295
complex.1063.pdb	0	16.148	45.554
complex.1064.pdb	0.0533333	12.171	21.151
complex.1065.pdb	0	15.943	41.951
complex.1066.pdb	0	15.133	35.822
complex.1067.pdb	0.0666667	9.937	36.019
complex.1068.pdb	0	12.084	17.814
complex.1069.pdb	0	14.280	22.229
complex.1070.pdb	0	17.386	24.712
complex.1071.pdb	0	17.279	39.384
complex.1072.pdb	0	14.363	21.476
complex.1073.pdb	0.0133333	9.679	21.081
complex.1074.pdb	0.0533333	13.593	37.682
complex.1075.pdb	0.0533333	8.138	13.911
complex.1076.pdb	0	14.541	22.164
complex.1077.pdb	0	16.088	24.470
complex.1078.pdb	0	12.747	37.542
complex.1079.pdb	0.0933333	10.918	31.859
complex.1080.pdb	0	19.023	41.662
complex.1081.pdb	0	19.097	33.606
complex.1082.pdb	0	13.169	19.139
complex.1083.pdb	0.0133333	9.628	34.436
complex.1084.pdb	0	20.778	45.752
complex.1085.pdb	0	17.104	45.248
complex.1086.pdb	0.04	12.689	38.933
complex.1087.pdb	0.0133333	15.296	46.102
complex.1088.pdb	0.12	13.975	32.676
complex.1089.pdb	0	17.182	36.946
complex.1090.pdb	0.0666667	12.992	37.282
complex.1091.pdb	0	20.228	45.177
complex.1092.pdb	0	16.490	25.264
complex.1093.pdb	0	17.943	26.775
complex.1094.pdb	0	14.020	43.537
complex.1095.pdb	0	16.694	40.527
complex.1096.pdb	0.0133333	13.599	38.895
complex.1097.pdb	0.0266667	11.557	34.990
complex.1098.pdb	0.0133333	12.566	38.475
complex.1099.pdb	0.0533333	13.575	24.637
complex.1100.pdb	0	9.376	17.943
complex.1101.pdb	0	15.268	28.764
complex.1102.pdb	0	8.730	26.516
complex.1103.pdb	0.04	11.308	36.288
complex.1104.pdb	0	10.395	29.349
complex.1105.pdb	0	15.842	39.166
complex.1106.pdb	0	19.137	45.321
complex.1107.pdb	0.0133333	9.854	16.430
complex.1108.pdb	0	14.552	38.853
complex.1109.pdb	0	12.972	39.409
complex.1110.pdb	0	17.585	42.076
complex.1111.pdb	0	14.078	21.853
complex.1112.pdb	0	16.524	42.372
complex.1113.pdb	0	16.315	24.622
complex.1114.pdb	0	12.478	23.643
complex.1115.pdb	0	13.523	32.349
complex.1116.pdb	0.08	14.823	38.740
complex.1117.pdb	0	8.692	24.751
complex.1118.pdb	0.0533333	12.606	34.650
complex.1119.pdb	0	19.073	45.416
complex.1120.pdb	0.04	13.856	39.707
complex.1121.pdb	0	17.839	39.781
complex.1122.pdb	0.0533333	17.406	42.750
complex.1123.pdb	0	15.986	44.432
complex.1124.pdb	0	14.999	23.398
complex.1125.pdb	0	9.573	16.972
complex.1126.pdb	0.706667	1.103	2.427
complex.1127.pdb	0	16.948	38.401
complex.1128.pdb	0	16.218	22.752
complex.1129.pdb	0	14.753	21.414
complex.1130.pdb	0	17.379	34.987
complex.1131.pdb	0.0266667	14.832	43.300
complex.1132.pdb	0	15.902	23.015
complex.1133.pdb	0	17.067	37.484
complex.1134.pdb	0	8.542	23.278
complex.1135.pdb	0	18.300	41.154
complex.1136.pdb	0.04	12.875	39.570
complex.1137.pdb	0	15.926	32.876
complex.1138.pdb	0.146667	15.898	30.026
complex.1139.pdb	0.0533333	11.588	22.828
complex.1140.pdb	0	18.398	48.636
complex.1141.pdb	0.0133333	15.561	44.514
complex.1142.pdb	0.0266667	14.111	42.403
complex.1143.pdb	0	17.870	41.630
complex.1144.pdb	0	15.958	38.596
complex.1145.pdb	0	15.902	37.616
complex.1146.pdb	0.0666667	10.803	19.626
complex.1147.pdb	0.04	15.839	25.910
complex.1148.pdb	0	17.018	44.388
complex.1149.pdb	0.0933333	14.784	37.907
complex.1150.pdb	0	14.184	22.498
complex.1151.pdb	0.0133333	15.258	21.891
complex.1152.pdb	0.0266667	16.440	47.017
complex.1153.pdb	0	15.161	32.933
complex.1154.pdb	0.0666667	12.473	36.459
complex.1155.pdb	0	14.082	41.105
complex.1156.pdb	0	18.822	36.633
complex.1157.pdb	0	11.889	33.652
complex.1158.pdb	0	17.077	24.304
complex.1159.pdb	0.04	13.008	39.812
complex.1160.pdb	0.04	15.202	35.215
complex.1161.pdb	0	19.313	47.210
complex.1162.pdb	0.0133333	14.980	37.612
complex.1163.pdb	0	14.588	37.495
complex.1164.pdb	0	16.422	40.563
complex.1165.pdb	0.0133333	19.227	49.910
complex.1166.pdb	0	15.304	40.936
complex.1167.pdb	0.04	14.866	44.296
complex.1168.pdb	0	17.012	36.600
complex.1169.pdb	0	13.230	23.265
complex.1170.pdb	0	9.056	20.751
complex.1171.pdb	0	13.722	20.320
complex.1172.pdb	0.133333	9.970	28.084
complex.1173.pdb	0	17.017	25.601
complex.1174.pdb	0	13.686	22.220
complex.1175.pdb	0	19.569	46.373
complex.1176.pdb	0.0133333	14.454	43.952
complex.1177.pdb	0.0133333	14.638	44.012
complex.1178.pdb	0.04	9.002	26.011
complex.1179.pdb	0.0133333	14.083	20.056
complex.1180.pdb	0	18.907	46.600
complex.1181.pdb	0.04	17.007	23.592
complex.1182.pdb	0.0133333	15.383	44.508
complex.1183.pdb	0	18.335	39.777
complex.1184.pdb	0	13.935	38.276
complex.1185.pdb	0	14.816	23.722
complex.1186.pdb	0	16.170	36.347
complex.1187.pdb	0.0133333	9.824	17.970
complex.1188.pdb	0	16.541	37.210
complex.1189.pdb	0.0266667	14.446	25.939
complex.1190.pdb	0	13.466	39.381
complex.1191.pdb	0	18.846	34.764
complex.1192.pdb	0	15.351	47.612
complex.1193.pdb	0	15.109	20.576
complex.1194.pdb	0	20.440	49.592
complex.1195.pdb	0	14.807	39.025
complex.1196.pdb	0	18.094	41.286
complex.1197.pdb	0	15.458	41.442
complex.1198.pdb	0	11.355	20.126
complex.1199.pdb	0	16.995	26.452
complex.1200.pdb	0	14.585	24.112
complex.1201.pdb	0.04	14.506	24.599
complex.1202.pdb	0	15.697	46.386
complex.1203.pdb	0	16.029	45.372
complex.1204.pdb	0	14.092	22.141
complex.1205.pdb	0.08	12.165	32.975
complex.1206.pdb	0	14.836	33.477
complex.1207.pdb	0	13.919	36.603
complex.1208.pdb	0.0133333	14.133	42.340
complex.1209.pdb	0	16.315	46.039
complex.1210.pdb	0	16.853	25.796
complex.1211.pdb	0.0533333	12.560	31.670
complex.1212.pdb	0	18.904	38.591
complex.1213.pdb	0.0133333	13.334	38.738
complex.1214.pdb	0	18.744	42.461
complex.1215.pdb	0.0266667	11.570	34.286
complex.1216.pdb	0	16.322	35.981
complex.1217.pdb	0	14.975	22.843
complex.1218.pdb	0.04	15.780	31.718
complex.1219.pdb	0	17.041	35.406
complex.1220.pdb	0	16.470	38.492
complex.1221.pdb	0	11.327	19.679
complex.1222.pdb	0.0133333	11.015	19.768
complex.1223.pdb	0	19.146	44.657
complex.1224.pdb	0	17.235	34.974
complex.1225.pdb	0.0133333	10.624	26.405
complex.1226.pdb	0	18.186	42.716
complex.1227.pdb	0	17.893	39.480
complex.1228.pdb	0.0933333	9.152	31.892
complex.1229.pdb	0	13.765	41.884
complex.1230.pdb	0.0133333	17.666	44.517
complex.1231.pdb	0	8.044	20.761
complex.1232.pdb	0	13.201	20.549
complex.1233.pdb	0	15.704	41.105
complex.1234.pdb	0.0133333	12.848	40.739
complex.1235.pdb	0.0666667	11.752	36.939
complex.1236.pdb	0	15.496	37.204
complex.1237.pdb	0	14.309	22.155
complex.1238.pdb	0	17.228	35.495
complex.1239.pdb	0	16.087	39.135
complex.1240.pdb	0	17.878	47.945
complex.1241.pdb	0.0266667	9.995	15.986
complex.1242.pdb	0	18.220	38.421
complex.1243.pdb	0	19.261	35.727
complex.1244.pdb	0	18.050	42.330
complex.1245.pdb	0	17.618	40.837
complex.1246.pdb	0	16.129	33.053
complex.1247.pdb	0.133333	13.056	23.224
complex.1248.pdb	0.08	10.299	34.392
complex.1249.pdb	0	16.503	34.816
complex.1250.pdb	0	11.209	22.514
complex.1251.pdb	0	16.386	35.309
complex.1252.pdb	0	16.894	36.878
complex.1253.pdb	0	13.663	37.443
complex.1254.pdb	0	14.017	40.771
complex.1255.pdb	0	16.580	34.369
complex.1256.pdb	0	12.415	40.283
complex.1257.pdb	0	18.749	47.327
complex.1258.pdb	0	13.000	21.385
complex.1259.pdb	0	18.194	43.436
complex.1260.pdb	0.133333	9.922	34.058
complex.1261.pdb	0	16.724	41.435
complex.1262.pdb	0.0133333	16.930	24.671
complex.1263.pdb	0	17.385	36.687
complex.1264.pdb	0	16.931	33.782
complex.1265.pdb	0	20.572	52.330
complex.1266.pdb	0.04	10.421	23.830
complex.1267.pdb	0.0133333	12.466	21.196
complex.1268.pdb	0.0133333	10.868	20.031
complex.1269.pdb	0	18.340	37.868
complex.1270.pdb	0	18.549	36.552
complex.1271.pdb	0	15.627	41.281
complex.1272.pdb	0	13.878	22.743
complex.1273.pdb	0	16.558	36.026
complex.1274.pdb	0	15.198	34.355
complex.1275.pdb	0	16.604	41.476
complex.1276.pdb	0	19.004	44.326
complex.1277.pdb	0	14.459	39.864
complex.1278.pdb	0	14.294	21.784
complex.1279.pdb	0	18.533	38.128
complex.1280.pdb	0.04	14.065	23.692
complex.1281.pdb	0	11.581	20.524
complex.1282.pdb	0	16.181	45.042
complex.1283.pdb	0	17.998	42.391
complex.1284.pdb	0	15.039	41.200
complex.1285.pdb	0	14.540	37.330
complex.1286.pdb	0	17.600	40.772
complex.1287.pdb	0	13.621	20.972
complex.1288.pdb	0	17.606	35.091
complex.1289.pdb	0	18.232	26.238
complex.1290.pdb	0	14.484	32.352
complex.1291.pdb	0	19.826	48.036
complex.1292.pdb	0	12.703	31.577
complex.1293.pdb	0	16.949	42.271
complex.1294.pdb	0	16.077	26.351
complex.1295.pdb	0	17.144	36.092
complex.1296.pdb	0.0133333	12.789	36.273
complex.1297.pdb	0	15.767	29.011
complex.1298.pdb	0	19.284	33.038
complex.1299.pdb	0	17.447	41.036
complex.1300.pdb	0	17.545	37.536
complex.1301.pdb	0	19.748	48.321
complex.1302.pdb	0	18.203	43.112
complex.1303.pdb	0.106667	10.194	29.870
complex.1304.pdb	0.0133333	10.901	32.418
complex.1305.pdb	0	17.911	39.177
complex.1306.pdb	0	17.730	25.243
complex.1307.pdb	0	13.064	24.829
complex.1308.pdb	0.0133333	10.399	26.604
complex.1309.pdb	0	16.180	41.860
complex.1310.pdb	0.0266667	12.513	19.008
complex.1311.pdb	0	17.740	44.244
complex.1312.pdb	0	20.503	45.193
complex.1313.pdb	0	17.594	37.499
complex.1314.pdb	0.0133333	12.845	20.531
complex.1315.pdb	0	17.318	37.115
complex.1316.pdb	0	18.269	44.330
complex.1317.pdb	0	15.023	36.768
complex.1318.pdb	0	9.897	27.122
complex.1319.pdb	0	11.067	39.279
complex.1320.pdb	0	17.704	37.829
complex.1321.pdb	0.0666667	13.137	38.435
complex.1322.pdb	0	18.937	45.364
complex.1323.pdb	0	16.058	42.277
complex.1324.pdb	0.08	17.051	41.831
complex.1325.pdb	0.0533333	11.434	33.709
complex.1326.pdb	0	16.382	36.840
complex.1327.pdb	0.0133333	13.480	20.396
complex.1328.pdb	0	14.922	22.785
complex.1329.pdb	0	14.526	35.074
complex.1330.pdb	0.12	13.444	31.887
complex.1331.pdb	0.0133333	15.291	45.525
complex.1332.pdb	0	16.525	36.758
complex.1333.pdb	0	14.023	41.789
complex.1334.pdb	0	16.267	37.802
complex.1335.pdb	0	14.630	24.581
complex.1336.pdb	0	15.866	36.609
complex.1337.pdb	0.0266667	12.827	37.756
complex.1338.pdb	0	18.626	32.093
complex.1339.pdb	0	16.195	22.608
complex.1340.pdb	0	13.414	21.134
complex.1341.pdb	0.293333	7.531	20.422
complex.1342.pdb	0	22.797	48.009
complex.1343.pdb	0.0266667	14.171	43.907
complex.1344.pdb	0	19.232	33.489
complex.1345.pdb	0	17.358	44.747
complex.1346.pdb	0	12.752	21.106
complex.1347.pdb	0	20.489	47.102
complex.1348.pdb	0	18.111	38.350
complex.1349.pdb	0	13.092	18.356
complex.1350.pdb	0.0533333	11.493	38.255
complex.1351.pdb	0.0133333	14.251	21.954
complex.1352.pdb	0.04	13.889	24.717
complex.1353.pdb	0	18.452	41.089
complex.1354.pdb	0.0133333	20.193	48.901
complex.1355.pdb	0	11.768	35.973
complex.1356.pdb	0	9.095	15.955
complex.1357.pdb	0	21.402	43.381
complex.1358.pdb	0.0266667	14.546	25.841
complex.1359.pdb	0	12.111	32.689
complex.1360.pdb	0.0533333	11.528	29.920
complex.1361.pdb	0	17.288	37.982
complex.1362.pdb	0	17.972	42.603
complex.1363.pdb	0.0533333	13.634	37.211
complex.1364.pdb	0	17.970	41.133
complex.1365.pdb	0	13.282	39.007
complex.1366.pdb	0	12.899	35.407
complex.1367.pdb	0	13.760	20.789
complex.1368.pdb	0	16.950	33.208
complex.1369.pdb	0.0266667	16.395	22.311
complex.1370.pdb	0	19.364	44.868
complex.1371.pdb	0	9.997	18.255
complex.1372.pdb	0	14.282	25.585
complex.1373.pdb	0.0133333	13.343	21.177
complex.1374.pdb	0	14.176	21.194
complex.1375.pdb	0	15.556	40.347
complex.1376.pdb	0	19.334	45.858
complex.1377.pdb	0	15.359	34.232
complex.1378.pdb	0	13.232	21.083
complex.1379.pdb	0	18.409	41.107
complex.1380.pdb	0	12.705	40.169
complex.1381.pdb	0	13.935	21.934
complex.1382.pdb	0	17.451	41.781
complex.1383.pdb	0	19.055	43.408
complex.1384.pdb	0.0133333	13.483	23.430
complex.1385.pdb	0	14.660	23.237
complex.1386.pdb	0	16.067	24.383
complex.1387.pdb	0.0666667	15.250	35.108
complex.1388.pdb	0	18.361	48.340
complex.1389.pdb	0	18.748	39.286
complex.1390.pdb	0	18.220	42.541
complex.1391.pdb	0	16.482	24.078
complex.1392.pdb	0	8.905	15.731
complex.1393.pdb	0.0133333	12.516	20.863
complex.1394.pdb	0	18.829	39.366
complex.1395.pdb	0	15.475	26.541
complex.1396.pdb	0	9.016	28.756
complex.1397.pdb	0	10.199	17.527
complex.1398.pdb	0	17.070	41.766
complex.1399.pdb	0	18.425	41.120
complex.1400.pdb	0.0266667	9.614	16.546
complex.1401.pdb	0	21.196	43.019
complex.1402.pdb	0	16.529	22.358
complex.1403.pdb	0.0133333	14.326	40.195
complex.1404.pdb	0.0133333	9.985	34.968
complex.1405.pdb	0	16.148	24.276
complex.1406.pdb	0	15.471	23.880
complex.1407.pdb	0	19.259	46.348
complex.1408.pdb	0.0133333	13.830	42.328
complex.1409.pdb	0	14.838	37.723
complex.1410.pdb	0.04	16.268	45.104
complex.1411.pdb	0	10.893	40.432
complex.1412.pdb	0	13.833	39.261
complex.1413.pdb	0	14.123	21.040
complex.1414.pdb	0	15.612	32.132
complex.1415.pdb	0	18.742	39.421
complex.1416.pdb	0	18.335	36.224
complex.1417.pdb	0	18.558	48.562
complex.1418.pdb	0.0133333	11.738	41.171
complex.1419.pdb	0	19.321	45.019
complex.1420.pdb	0	13.898	34.946
complex.1421.pdb	0	12.617	39.478
complex.1422.pdb	0.0533333	16.472	25.889
complex.1423.pdb	0	18.266	41.364
complex.1424.pdb	0	14.709	25.454
complex.1425.pdb	0	16.053	40.193
complex.1426.pdb	0.0533333	17.123	41.559
complex.1427.pdb	0.0533333	16.727	42.235
complex.1428.pdb	0	16.191	44.264
complex.1429.pdb	0	17.499	37.299
complex.1430.pdb	0.04	15.480	24.781
complex.1431.pdb	0	18.673	46.621
complex.1432.pdb	0.253333	7.473	18.670
complex.1433.pdb	0.04	13.244	38.069
complex.1434.pdb	0	19.057	42.336
complex.1435.pdb	0	19.076	42.285
complex.1436.pdb	0	17.516	38.116
complex.1437.pdb	0	19.845	49.096
complex.1438.pdb	0.0266667	9.804	32.992
complex.1439.pdb	0	16.523	46.348
complex.1440.pdb	0	17.894	40.212
complex.1441.pdb	0.16	7.245	13.608
complex.1442.pdb	0	19.399	38.163
complex.1443.pdb	0	12.904	20.777
complex.1444.pdb	0	13.544	41.864
complex.1445.pdb	0	20.188	51.675
complex.1446.pdb	0	15.398	39.903
complex.1447.pdb	0.0666667	14.811	38.052
complex.1448.pdb	0	13.827	28.195
complex.1449.pdb	0	14.155	37.845
complex.1450.pdb	0	13.610	44.789
complex.1451.pdb	0	17.140	37.636
complex.1452.pdb	0	18.006	38.916
complex.1453.pdb	0	16.240	41.129
complex.1454.pdb	0	18.354	41.681
complex.1455.pdb	0.106667	12.756	19.667
complex.1456.pdb	0.0533333	13.417	23.295
complex.1457.pdb	0.16	16.357	33.967
complex.1458.pdb	0.0933333	18.121	37.054
complex.1459.pdb	0	10.949	21.173
complex.1460.pdb	0	17.640	42.406
complex.1461.pdb	0	17.806	36.344
complex.1462.pdb	0	8.446	19.450
complex.1463.pdb	0	15.012	30.778
complex.1464.pdb	0.08	9.043	27.603
complex.1465.pdb	0	17.974	35.703
complex.1466.pdb	0	15.788	37.950
complex.1467.pdb	0	16.956	47.852
complex.1468.pdb	0	14.458	31.682
complex.1469.pdb	0	16.446	40.032
complex.1470.pdb	0	10.245	26.876
complex.1471.pdb	0	18.781	42.788
complex.1472.pdb	0.0266667	15.169	44.788
complex.1473.pdb	0	17.236	44.558
complex.1474.pdb	0.186667	9.917	22.560
complex.1475.pdb	0.0133333	14.209	41.941
complex.1476.pdb	0.0666667	14.131	38.240
complex.1477.pdb	0	16.690	44.741
complex.1478.pdb	0	17.840	42.832
complex.1479.pdb	0	5.956	18.062
complex.1480.pdb	0.0133333	16.335	39.764
complex.1481.pdb	0	9.060	18.688
complex.1482.pdb	0	17.569	38.315
complex.1483.pdb	0.04	14.797	34.154
complex.1484.pdb	0	16.485	39.683
complex.1485.pdb	0	15.761	33.678
complex.1486.pdb	0	16.396	43.405
complex.1487.pdb	0	12.045	22.296
complex.1488.pdb	0	16.673	43.710
complex.1489.pdb	0	12.939	41.061
complex.1490.pdb	0	12.632	35.642
complex.1491.pdb	0.0133333	7.590	25.169
complex.1492.pdb	0	16.687	36.742
complex.1493.pdb	0	18.987	44.284
complex.1494.pdb	0	16.125	37.778
complex.1495.pdb	0	14.202	45.149
complex.1496.pdb	0	13.605	35.647
complex.1497.pdb	0	16.651	24.953
complex.1498.pdb	0	16.253	42.504
complex.1499.pdb	0	20.723	46.596
complex.1500.pdb	0	18.855	41.309
complex.1501.pdb	0.0133333	8.865	32.521
complex.1502.pdb	0	12.787	19.511
complex.1503.pdb	0	16.758	26.957
complex.1504.pdb	0	13.103	19.812
complex.1505.pdb	0	13.400	23.296
complex.1506.pdb	0	14.128	25.120
complex.1507.pdb	0	16.027	39.512
complex.1508.pdb	0	15.382	41.707
complex.1509.pdb	0.133333	12.505	21.439
complex.1510.pdb	0	13.132	42.295
complex.1511.pdb	0	18.255	44.969
complex.1512.pdb	0.0133333	14.385	44.080
complex.1513.pdb	0	16.606	35.462
complex.1514.pdb	0	18.053	40.562
complex.1515.pdb	0	17.202	42.945
complex.1516.pdb	0	15.528	34.442
complex.1517.pdb	0	19.129	37.341
complex.1518.pdb	0	16.200	23.103
complex.1519.pdb	0	19.573	37.659
complex.1520.pdb	0	19.716	38.885
complex.1521.pdb	0	16.807	50.966
complex.1522.pdb	0	12.089	20.170
complex.1523.pdb	0.04	15.038	45.264
complex.1524.pdb	0	20.729	48.060
complex.1525.pdb	0.0133333	13.586	43.616
complex.1526.pdb	0	13.700	46.933
complex.1527.pdb	0	12.966	34.454
complex.1528.pdb	0.0133333	14.623	23.667
complex.1529.pdb	0	15.683	21.693
complex.1530.pdb	0	19.485	46.087
complex.1531.pdb	0	16.661	39.202
complex.1532.pdb	0.0266667	13.110	41.001
complex.1533.pdb	0.0533333	14.305	23.959
complex.1534.pdb	0	17.875	26.629
complex.1535.pdb	0.12	15.168	36.167
complex.1536.pdb	0	13.449	23.819
complex.1537.pdb	0.0133333	13.028	41.405
complex.1538.pdb	0.04	14.390	37.139
complex.1539.pdb	0.08	10.431	27.615
complex.1540.pdb	0	17.299	42.137
complex.1541.pdb	0	13.919	23.989
complex.1542.pdb	0	17.779	43.101
complex.1543.pdb	0	15.382	38.729
complex.1544.pdb	0	15.973	27.931
complex.1545.pdb	0.04	14.695	31.737
complex.1546.pdb	0	13.863	42.441
complex.1547.pdb	0	12.901	23.489
complex.1548.pdb	0	10.097	31.436
complex.1549.pdb	0.0133333	12.966	24.688
complex.1550.pdb	0	17.705	27.078
complex.1551.pdb	0.0533333	15.881	22.770
complex.1552.pdb	0	18.540	36.919
complex.1553.pdb	0.04	16.431	30.871
complex.1554.pdb	0.0533333	17.004	25.681
complex.1555.pdb	0	15.760	31.029
complex.1556.pdb	0	17.770	35.651
complex.1557.pdb	0	13.208	29.990
complex.1558.pdb	0	13.729	37.787
complex.1559.pdb	0	17.836	42.737
complex.1560.pdb	0.04	17.365	24.262
complex.1561.pdb	0	17.253	42.497
complex.1562.pdb	0	10.923	35.066
complex.1563.pdb	0.0266667	10.821	17.594
complex.1564.pdb	0.0133333	13.310	41.410
complex.1565.pdb	0	15.740	38.047
complex.1566.pdb	0	16.266	36.085
complex.1567.pdb	0	16.551	41.319
complex.1568.pdb	0	19.472	43.810
complex.1569.pdb	0.0133333	8.187	27.258
complex.1570.pdb	0.0266667	13.697	35.771
complex.1571.pdb	0	16.480	39.117
complex.1572.pdb	0	11.763	38.588
complex.1573.pdb	0	14.485	44.205
complex.1574.pdb	0	17.234	25.900
complex.1575.pdb	0.04	17.211	44.129
complex.1576.pdb	0	20.050	47.288
complex.1577.pdb	0	14.809	44.792
complex.1578.pdb	0.08	17.322	39.727
complex.1579.pdb	0	18.868	32.671
complex.1580.pdb	0	16.928	27.932
complex.1581.pdb	0.0133333	14.870	34.118
complex.1582.pdb	0	20.500	48.086
complex.1583.pdb	0.04	13.089	42.183
complex.1584.pdb	0	16.316	25.433
complex.1585.pdb	0	15.818	29.908
complex.1586.pdb	0.0933333	12.223	32.843
complex.1587.pdb	0.0133333	11.597	19.726
complex.1588.pdb	0.0533333	6.723	15.210
complex.1589.pdb	0.0533333	14.356	34.028
complex.1590.pdb	0	18.199	40.357
complex.1591.pdb	0	20.136	45.952
complex.1592.pdb	0	17.855	40.289
complex.1593.pdb	0	10.474	30.943
complex.1594.pdb	0	19.142	47.237
complex.1595.pdb	0	19.386	45.927
complex.1596.pdb	0.0533333	16.793	43.371
complex.1597.pdb	0	15.539	43.416
complex.1598.pdb	0	18.756	36.415
complex.1599.pdb	0	17.822	39.776
complex.1600.pdb	0	15.079	39.105
complex.1601.pdb	0	17.629	43.510
complex.1602.pdb	0.0133333	16.827	45.248
complex.1603.pdb	0	17.605	42.802
complex.1604.pdb	0.0133333	12.888	33.021
complex.1605.pdb	0.0533333	11.966	36.492
complex.1606.pdb	0	17.536	40.992
complex.1607.pdb	0	19.335	49.210
complex.1608.pdb	0	11.395	33.779
complex.1609.pdb	0	19.514	47.344
complex.1610.pdb	0	11.133	20.042
complex.1611.pdb	0	17.048	34.384
complex.1612.pdb	0.04	13.197	40.999
complex.1613.pdb	0	18.119	35.210
complex.1614.pdb	0	13.156	19.556
complex.1615.pdb	0.0533333	15.136	38.198
complex.1616.pdb	0	17.345	37.123
complex.1617.pdb	0	14.329	32.770
complex.1618.pdb	0	20.413	45.552
complex.1619.pdb	0	18.645	31.204
complex.1620.pdb	0	20.026	46.973
complex.1621.pdb	0	16.710	39.409
complex.1622.pdb	0	15.164	37.572
complex.1623.pdb	0.12	11.907	19.517
complex.1624.pdb	0	18.159	40.529
complex.1625.pdb	0	15.479	40.722
complex.1626.pdb	0	11.603	18.187
complex.1627.pdb	0	13.593	37.659
complex.1628.pdb	0	19.001	49.845
complex.1629.pdb	0.0266667	13.217	39.342
complex.1630.pdb	0.0266667	13.554	41.940
complex.1631.pdb	0.12	14.739	33.544
complex.1632.pdb	0.186667	9.305	24.131
complex.1633.pdb	0	14.971	38.591
complex.1634.pdb	0.0266667	12.165	21.611
complex.1635.pdb	0	17.944	33.562
complex.1636.pdb	0.106667	8.605	14.534
complex.1637.pdb	0	12.702	34.326
complex.1638.pdb	0	16.221	43.792
complex.1639.pdb	0.0933333	11.940	34.610
complex.1640.pdb	0	17.136	35.519
complex.1641.pdb	0.0133333	17.416	47.796
complex.1642.pdb	0	17.416	33.168
complex.1643.pdb	0	15.356	37.022
complex.1644.pdb	0	16.364	38.277
complex.1645.pdb	0	15.907	22.608
complex.1646.pdb	0	16.465	32.482
complex.1647.pdb	0	16.413	35.049
complex.1648.pdb	0	18.287	40.809
complex.1649.pdb	0	15.302	26.245
complex.1650.pdb	0.0133333	10.362	38.039
complex.1651.pdb	0	13.320	36.483
complex.1652.pdb	0	19.092	44.288
complex.1653.pdb	0	13.542	42.814
complex.1654.pdb	0	11.613	28.318
complex.1655.pdb	0.0133333	15.460	23.554
complex.1656.pdb	0.0266667	13.571	42.568
complex.1657.pdb	0	13.978	43.592
complex.1658.pdb	0	16.313	45.046
complex.1659.pdb	0	19.910	41.390
complex.1660.pdb	0	14.793	31.484
complex.1661.pdb	0	15.976	23.442
complex.1662.pdb	0	17.006	44.630
complex.1663.pdb	0.0666667	17.533	25.472
complex.1664.pdb	0	18.859	41.763
complex.1665.pdb	0	10.063	20.995
complex.1666.pdb	0	16.155	41.401
complex.1667.pdb	0	14.211	31.926
complex.1668.pdb	0.0533333	14.492	23.366
complex.1669.pdb	0.04	14.697	42.915
complex.1670.pdb	0.0266667	15.328	43.878
complex.1671.pdb	0.0666667	10.151	16.651
complex.1672.pdb	0	19.693	47.534
complex.1673.pdb	0	18.757	41.859
complex.1674.pdb	0	15.277	40.731
complex.1675.pdb	0	15.195	38.632
complex.1676.pdb	0	16.948	38.407
complex.1677.pdb	0	20.417	48.160
complex.1678.pdb	0	16.396	36.583
complex.1679.pdb	0	17.507	40.282
complex.1680.pdb	0	16.276	35.777
complex.1681.pdb	0	19.138	49.166
complex.1682.pdb	0	18.991	42.446
complex.1683.pdb	0.0133333	15.055	46.231
complex.1684.pdb	0	14.551	24.782
complex.1685.pdb	0	15.925	43.052
complex.1686.pdb	0	16.760	27.048
complex.1687.pdb	0	16.885	30.060
complex.1688.pdb	0.0133333	17.506	40.718
complex.1689.pdb	0	13.876	41.268
complex.1690.pdb	0.04	16.242	39.283
complex.1691.pdb	0	12.934	36.273
complex.1692.pdb	0.0133333	16.829	45.674
complex.1693.pdb	0	10.795	17.372
complex.1694.pdb	0	13.566	21.104
complex.1695.pdb	0	18.989	37.740
complex.1696.pdb	0	12.358	37.618
complex.1697.pdb	0	9.186	24.368
complex.1698.pdb	0	15.928	41.511
complex.1699.pdb	0	15.564	43.309
complex.1700.pdb	0	17.420	44.224
complex.1701.pdb	0	14.696	22.145
complex.1702.pdb	0	15.314	21.021
complex.1703.pdb	0	14.098	44.109
complex.1704.pdb	0	17.131	34.969
complex.1705.pdb	0	18.050	41.482
complex.1706.pdb	0	13.248	37.555
complex.1707.pdb	0.106667	10.417	34.467
complex.1708.pdb	0	15.660	39.808
complex.1709.pdb	0	15.000	25.151
complex.1710.pdb	0	13.045	36.954
complex.1711.pdb	0	18.445	38.041
complex.1712.pdb	0	17.490	45.852
complex.1713.pdb	0.0933333	8.760	26.997
complex.1714.pdb	0	17.350	39.555
complex.1715.pdb	0.0533333	11.160	35.187
complex.1716.pdb	0	19.036	43.870
complex.1717.pdb	0	15.156	42.629
complex.1718.pdb	0.08	14.877	30.952
complex.1719.pdb	0	18.260	40.689
complex.1720.pdb	0.106667	15.153	36.655
complex.1721.pdb	0.04	13.517	38.791
complex.1722.pdb	0.0266667	15.462	36.040
complex.1723.pdb	0	14.520	33.455
complex.1724.pdb	0	13.419	39.197
complex.1725.pdb	0.0266667	15.998	40.640
complex.1726.pdb	0.0666667	11.311	36.684
complex.1727.pdb	0.04	14.398	33.400
complex.1728.pdb	0	18.229	40.198
complex.1729.pdb	0	18.281	36.782
complex.1730.pdb	0	17.383	46.293
complex.1731.pdb	0.0133333	13.165	41.657
complex.1732.pdb	0	15.781	43.400
complex.1733.pdb	0	10.340	20.076
complex.1734.pdb	0.0533333	14.890	42.586
complex.1735.pdb	0	14.322	21.594
complex.1736.pdb	0	18.686	41.630
complex.1737.pdb	0	16.736	22.955
complex.1738.pdb	0	17.334	35.706
complex.1739.pdb	0	19.253	44.932
complex.1740.pdb	0	13.579	20.370
complex.1741.pdb	0	10.804	32.519
complex.1742.pdb	0	13.782	20.849
complex.1743.pdb	0.0133333	14.263	27.033
complex.1744.pdb	0	17.452	36.358
complex.1745.pdb	0	14.948	43.525
complex.1746.pdb	0	19.516	47.928
complex.1747.pdb	0	12.895	22.984
complex.1748.pdb	0.08	17.297	42.470
complex.1749.pdb	0.0133333	11.303	37.698
complex.1750.pdb	0	18.098	42.531
complex.1751.pdb	0	17.100	25.121
complex.1752.pdb	0	17.019	35.279
complex.1753.pdb	0	13.167	38.359
complex.1754.pdb	0.0133333	12.105	38.515
complex.1755.pdb	0	11.339	19.674
complex.1756.pdb	0	15.579	37.501
complex.1757.pdb	0	18.027	41.377
complex.1758.pdb	0	19.352	47.576
complex.1759.pdb	0.04	15.205	26.621
complex.1760.pdb	0	18.252	43.478
complex.1761.pdb	0	16.177	23.979
complex.1762.pdb	0	13.398	25.042
complex.1763.pdb	0.0266667	12.227	35.031
complex.1764.pdb	0.0133333	16.703	24.142
complex.1765.pdb	0.0133333	18.653	43.027
complex.1766.pdb	0.0266667	17.830	44.123
complex.1767.pdb	0.0133333	12.085	20.851
complex.1768.pdb	0	9.928	33.070
complex.1769.pdb	0.04	12.509	38.658
complex.1770.pdb	0	16.314	40.679
complex.1771.pdb	0	19.260	46.245
complex.1772.pdb	0.0133333	14.712	45.341
complex.1773.pdb	0	15.018	36.284
complex.1774.pdb	0	18.173	42.176
complex.1775.pdb	0.0133333	20.040	43.755
complex.1776.pdb	0	14.429	21.665
complex.1777.pdb	0	14.782	27.921
complex.1778.pdb	0.04	13.775	39.645
complex.1779.pdb	0	15.564	31.786
complex.1780.pdb	0	15.704	35.627
complex.1781.pdb	0.08	13.450	33.762
complex.1782.pdb	0	15.383	39.827
complex.1783.pdb	0	10.423	17.660
complex.1784.pdb	0.0933333	9.753	18.278
complex.1785.pdb	0	14.375	40.806
complex.1786.pdb	0	17.182	35.258
complex.1787.pdb	0	12.557	20.766
complex.1788.pdb	0	14.182	37.265
complex.1789.pdb	0.04	13.915	41.851
complex.1790.pdb	0	17.354	39.471
complex.1791.pdb	0	13.444	41.590
complex.1792.pdb	0	8.738	14.694
complex.1793.pdb	0.04	11.533	37.157
complex.1794.pdb	0	12.626	40.057
complex.1795.pdb	0	12.149	27.765
complex.1796.pdb	0	13.936	42.325
complex.1797.pdb	0	14.134	38.156
complex.1798.pdb	0	11.611	40.443
complex.1799.pdb	0	14.487	22.227
complex.1800.pdb	0	17.335	41.586
complex.1801.pdb	0.0933333	8.079	24.645
complex.1802.pdb	0	17.659	41.330
complex.1803.pdb	0	11.748	39.680
complex.1804.pdb	0	17.355	33.417
complex.1805.pdb	0	14.336	21.328
complex.1806.pdb	0.0933333	17.200	25.369
complex.1807.pdb	0.0266667	16.317	22.116
complex.1808.pdb	0.0266667	12.919	39.388
complex.1809.pdb	0.0133333	16.719	23.864
complex.1810.pdb	0	14.276	41.396
complex.1811.pdb	0.08	10.429	17.937
complex.1812.pdb	0	18.283	40.723
complex.1813.pdb	0	17.535	46.851
complex.1814.pdb	0.08	9.135	31.434
complex.1815.pdb	0.04	8.747	22.916
complex.1816.pdb	0	18.782	48.744
complex.1817.pdb	0.0133333	11.827	37.192
complex.1818.pdb	0	17.980	41.128
complex.1819.pdb	0.0133333	18.241	44.547
complex.1820.pdb	0.0133333	14.108	39.401
complex.1821.pdb	0.0533333	14.044	38.610
complex.1822.pdb	0.0266667	12.737	33.908
complex.1823.pdb	0.04	15.764	41.793
complex.1824.pdb	0	16.409	43.682
complex.1825.pdb	0	16.867	41.344
complex.1826.pdb	0.0133333	13.431	41.367
complex.1827.pdb	0	11.492	39.633
complex.1828.pdb	0	15.473	38.660
complex.1829.pdb	0	16.363	33.836
complex.1830.pdb	0.08	17.145	36.743
complex.1831.pdb	0.146667	14.545	29.612
complex.1832.pdb	0	17.292	39.253
complex.1833.pdb	0	11.707	39.933
complex.1834.pdb	0	16.571	39.499
complex.1835.pdb	0	8.661	25.027
complex.1836.pdb	0	20.303	44.842
complex.1837.pdb	0	19.221	38.054
complex.1838.pdb	0.0133333	12.021	33.681
complex.1839.pdb	0	12.493	21.539
complex.1840.pdb	0	13.508	39.308
complex.1841.pdb	0	16.706	36.476
complex.1842.pdb	0	18.872	48.702
complex.1843.pdb	0.0933333	9.710	31.903
complex.1844.pdb	0	12.409	40.527
complex.1845.pdb	0.133333	7.386	14.532
complex.1846.pdb	0	14.428	40.759
complex.1847.pdb	0	9.123	17.419
complex.1848.pdb	0	16.512	36.443
complex.1849.pdb	0	17.239	33.172
complex.1850.pdb	0	12.177	22.706
complex.1851.pdb	0	15.941	34.778
complex.1852.pdb	0.106667	13.041	32.335
complex.1853.pdb	0	15.296	38.816
complex.1854.pdb	0	11.427	37.026
complex.1855.pdb	0	17.872	35.260
complex.1856.pdb	0	16.308	40.177
complex.1857.pdb	0	20.099	47.563
complex.1858.pdb	0.0933333	9.521	33.352
complex.1859.pdb	0	14.127	21.326
complex.1860.pdb	0	15.491	48.935
complex.1861.pdb	0	15.623	25.923
complex.1862.pdb	0	17.342	42.080
complex.1863.pdb	0.0133333	15.303	45.792
complex.1864.pdb	0.0533333	12.178	38.789
complex.1865.pdb	0	17.803	43.353
complex.1866.pdb	0	16.999	25.511
complex.1867.pdb	0	19.297	41.976
complex.1868.pdb	0	15.452	35.487
complex.1869.pdb	0	17.612	39.073
complex.1870.pdb	0	16.651	34.563
complex.1871.pdb	0	13.150	20.808
complex.1872.pdb	0	12.193	17.706
complex.1873.pdb	0	14.970	22.013
complex.1874.pdb	0	18.924	42.457
complex.1875.pdb	0	15.867	23.637
complex.1876.pdb	0.08	13.313	38.106
complex.1877.pdb	0	20.389	45.307
complex.1878.pdb	0	17.241	40.696
complex.1879.pdb	0	11.288	24.479
complex.1880.pdb	0	13.485	43.880
complex.1881.pdb	0.0266667	13.523	24.056
complex.1882.pdb	0	11.706	37.376
complex.1883.pdb	0	17.424	46.672
complex.1884.pdb	0	16.164	25.615
complex.1885.pdb	0	17.908	41.904
complex.1886.pdb	0	13.992	44.037
complex.1887.pdb	0	17.082	24.144
complex.1888.pdb	0.0533333	17.306	24.080
complex.1889.pdb	0	8.245	16.847
complex.1890.pdb	0.0133333	15.952	22.106
complex.1891.pdb	0	15.409	31.219
complex.1892.pdb	0.106667	12.431	30.504
complex.1893.pdb	0	16.104	26.455
complex.1894.pdb	0	13.971	21.820
complex.1895.pdb	0.0933333	13.256	37.912
complex.1896.pdb	0	20.242	48.742
complex.1897.pdb	0	14.315	34.882
complex.1898.pdb	0	13.257	35.203
complex.1899.pdb	0	15.762	41.785
complex.1900.pdb	0	17.908	39.675
complex.1901.pdb	0	19.189	48.798
complex.1902.pdb	0	18.890	50.795
complex.1903.pdb	0	14.487	22.301
complex.1904.pdb	0	9.260	28.095
complex.1905.pdb	0	8.169	13.924
complex.1906.pdb	0.0266667	13.594	23.261
complex.1907.pdb	0	13.818	25.913
complex.1908.pdb	0	11.708	40.709
complex.1909.pdb	0	17.220	39.857
complex.1910.pdb	0	14.088	41.455
complex.1911.pdb	0.0133333	15.657	44.097
complex.1912.pdb	0	14.350	39.511
complex.1913.pdb	0	17.360	42.901
complex.1914.pdb	0	15.018	23.109
complex.1915.pdb	0	11.378	21.454
complex.1916.pdb	0	14.271	39.524
complex.1917.pdb	0	14.410	33.692
complex.1918.pdb	0.0666667	17.145	25.425
complex.1919.pdb	0	16.329	41.453
complex.1920.pdb	0	14.752	40.543
complex.1921.pdb	0	12.156	20.520
complex.1922.pdb	0	8.919	19.528
complex.1923.pdb	0	11.940	25.246
complex.1924.pdb	0	13.055	39.098
complex.1925.pdb	0	16.000	26.796
complex.1926.pdb	0.16	8.787	17.629
complex.1927.pdb	0.0266667	13.702	38.258
complex.1928.pdb	0	11.969	18.676
complex.1929.pdb	0	20.754	47.297
complex.1930.pdb	0	13.760	44.061
complex.1931.pdb	0	15.246	37.981
complex.1932.pdb	0	14.694	23.277
complex.1933.pdb	0	14.393	33.011
complex.1934.pdb	0.0133333	13.594	38.894
complex.1935.pdb	0	19.433	47.018
complex.1936.pdb	0.0533333	16.675	22.686
complex.1937.pdb	0	17.295	39.432
complex.1938.pdb	0.0133333	11.180	33.501
complex.1939.pdb	0.0266667	15.640	29.974
complex.1940.pdb	0	18.251	38.867
complex.1941.pdb	0	16.282	24.860
complex.1942.pdb	0	13.836	21.427
complex.1943.pdb	0	16.433	41.349
complex.1944.pdb	0.0266667	14.671	44.252
complex.1945.pdb	0	8.969	19.953
complex.1946.pdb	0	19.054	43.209
complex.1947.pdb	0.0133333	10.916	35.500
complex.1948.pdb	0	10.860	18.117
complex.1949.pdb	0	16.987	37.030
complex.1950.pdb	0	15.549	22.265
complex.1951.pdb	0.12	5.761	12.662
complex.1952.pdb	0	18.215	49.937
complex.1953.pdb	0	15.397	25.903
complex.1954.pdb	0	18.745	48.925
complex.1955.pdb	0	17.295	41.229
complex.1956.pdb	0.04	11.685	34.318
complex.1957.pdb	0	16.348	42.379
complex.1958.pdb	0	19.193	44.022
complex.1959.pdb	0	19.986	46.736
complex.1960.pdb	0	14.943	38.572
complex.1961.pdb	0	15.423	44.532
complex.1962.pdb	0	16.106	43.461
complex.1963.pdb	0	19.403	48.616
complex.1964.pdb	0	13.513	23.659
complex.1965.pdb	0	15.667	30.586
complex.1966.pdb	0	15.406	26.073
complex.1967.pdb	0	14.688	35.598
complex.1968.pdb	0	14.239	35.515
complex.1969.pdb	0.0133333	12.011	34.721
complex.1970.pdb	0	12.506	38.824
complex.1971.pdb	0.0133333	14.933	37.887
complex.1972.pdb	0	17.836	39.595
complex.1973.pdb	0.0666667	16.441	41.693
complex.1974.pdb	0	18.863	42.270
complex.1975.pdb	0.0133333	10.670	37.327
complex.1976.pdb	0	15.957	24.336
complex.1977.pdb	0.04	13.225	37.603
complex.1978.pdb	0.0666667	13.710	39.442
complex.1979.pdb	0.04	12.367	34.715
complex.1980.pdb	0	14.035	44.204
complex.1981.pdb	0	17.043	46.204
complex.1982.pdb	0	16.811	38.429
complex.1983.pdb	0	13.621	38.179
complex.1984.pdb	0	18.902	48.910
complex.1985.pdb	0	17.400	38.273
complex.1986.pdb	0	16.117	32.708
complex.1987.pdb	0	19.429	41.202
complex.1988.pdb	0.0533333	11.451	35.754
complex.1989.pdb	0	15.903	30.783
complex.1990.pdb	0	16.738	32.601
complex.1991.pdb	0	16.442	44.179
complex.1992.pdb	0	14.426	27.543
complex.1993.pdb	0	14.418	42.401
complex.1994.pdb	0	15.857	29.205
complex.1995.pdb	0	14.859	23.207
complex.1996.pdb	0	17.881	36.276
complex.1997.pdb	0	17.805	44.216
complex.1998.pdb	0.04	11.655	37.540
complex.1999.pdb	0	19.201	41.233
complex.2000.pdb	0	18.394	40.202
