swarm_85_10.pdb	0.0134228	12.550	34.176	33.090
swarm_119_8.pdb	0	15.492	62.648	32.672
swarm_48_10.pdb	0.0536913	13.598	35.524	31.877
swarm_72_185.pdb	0	19.697	55.053	28.538
swarm_111_14.pdb	0	16.203	58.353	28.049
swarm_59_160.pdb	0	17.993	46.112	26.909
swarm_51_128.pdb	0	16.688	42.273	26.303
swarm_28_40.pdb	0	18.931	83.957	24.237
swarm_21_137.pdb	0	23.893	59.467	23.761
swarm_87_48.pdb	0.00671141	9.732	29.970	22.922
swarm_102_75.pdb	0.033557	13.053	29.062	22.758
swarm_76_93.pdb	0	13.697	40.018	21.519
swarm_113_184.pdb	0	14.867	36.695	15.504
swarm_18_19.pdb	0.033557	16.953	47.323	3.286
