complex.1.pdb	0.0	14.763	65.137
complex.2.pdb	0.0	12.737	51.213
complex.3.pdb	0.0	18.851	80.698
complex.4.pdb	0.0	13.048	52.196
complex.5.pdb	0.0	11.98	53.87
complex.6.pdb	0.0	13.472	56.31
complex.7.pdb	0.0	17.086	93.799
complex.8.pdb	0.0	15.039	80.607
complex.9.pdb	0.0	13.066	63.504
complex.10.pdb	0.0	14.481	71.479
complex.11.pdb	0.0	13.351	56.241
complex.12.pdb	0.0	14.791	49.502
complex.13.pdb	0.0	12.922	56.681
complex.14.pdb	0.0	14.458	68.0
complex.15.pdb	0.0	17.508	99.833
complex.16.pdb	0.0	14.755	42.992
complex.17.pdb	0.0	16.151	92.33
complex.18.pdb	0.0	17.725	95.686
complex.19.pdb	0.0	16.317	88.978
complex.20.pdb	0.0	18.915	106.062
complex.21.pdb	0.0454545	13.47	63.325
complex.22.pdb	0.0	14.481	70.816
complex.23.pdb	0.0	14.585	72.58
complex.24.pdb	0.0	16.208	88.062
complex.25.pdb	0.0	17.839	100.26
complex.26.pdb	0.0	15.129	77.849
complex.27.pdb	0.0	17.557	95.515
complex.28.pdb	0.0	21.735	96.438
complex.29.pdb	0.0	14.86	55.797
complex.30.pdb	0.0	11.514	64.828
complex.31.pdb	0.0	17.796	97.452
complex.32.pdb	0.0	13.273	62.609
complex.33.pdb	0.0	18.887	103.291
complex.34.pdb	0.0	17.741	98.521
complex.35.pdb	0.0	14.575	72.172
complex.36.pdb	0.0	15.043	72.551
complex.37.pdb	0.0	20.454	106.182
complex.38.pdb	0.469697	1.948	18.993
complex.39.pdb	0.0	13.539	63.819
complex.40.pdb	0.515152	2.872	10.731
complex.41.pdb	0.0	14.501	63.815
complex.42.pdb	0.0	18.699	98.494
complex.43.pdb	0.0	15.109	76.435
complex.44.pdb	0.363636	3.546	16.957
complex.45.pdb	0.0	16.628	103.429
complex.46.pdb	0.0	17.984	82.941
complex.47.pdb	0.0	19.713	105.004
complex.48.pdb	0.0	19.205	81.449
complex.49.pdb	0.0	19.959	106.069
complex.50.pdb	0.0	22.776	106.161
complex.51.pdb	0.0	17.994	76.592
complex.52.pdb	0.0	16.048	98.37
complex.53.pdb	0.0	18.154	99.484
complex.54.pdb	0.0	16.006	66.095
complex.55.pdb	0.0	21.101	102.461
complex.56.pdb	0.0	16.296	100.096
complex.57.pdb	0.0	20.207	107.812
complex.58.pdb	0.0	18.823	85.379
complex.59.pdb	0.0	15.824	59.751
complex.60.pdb	0.0	12.492	64.848
complex.61.pdb	0.333333	3.103	30.18
complex.62.pdb	0.0	13.341	65.749
complex.63.pdb	0.0	22.925	108.626
complex.64.pdb	0.0	23.054	97.003
complex.65.pdb	0.0	13.955	65.541
complex.66.pdb	0.0	18.602	98.729
complex.67.pdb	0.0	18.016	102.357
complex.68.pdb	0.0757576	6.295	43.19
complex.69.pdb	0.0	17.489	96.373
complex.70.pdb	0.136364	4.14	39.243
complex.71.pdb	0.0	15.835	81.762
complex.72.pdb	0.0	18.501	105.528
complex.73.pdb	0.0	18.672	105.545
complex.74.pdb	0.0	14.926	72.471
complex.75.pdb	0.0	17.446	94.769
complex.76.pdb	0.0	17.919	81.772
complex.77.pdb	0.0	22.171	104.167
complex.78.pdb	0.0	17.465	76.384
complex.79.pdb	0.0	16.947	82.069
complex.80.pdb	0.0	22.366	98.759
complex.81.pdb	0.0	11.683	50.221
complex.82.pdb	0.0	14.915	77.68
complex.83.pdb	0.0	20.015	104.45
complex.84.pdb	0.0	17.399	92.787
complex.85.pdb	0.0	15.365	68.226
complex.86.pdb	0.0	20.052	101.128
complex.87.pdb	0.0	22.243	108.726
complex.88.pdb	0.0	21.945	107.686
complex.89.pdb	0.0	19.644	106.827
complex.90.pdb	0.0	17.448	99.658
complex.91.pdb	0.0	12.379	52.874
complex.92.pdb	0.0	16.8	74.481
complex.93.pdb	0.0	15.513	58.18
complex.94.pdb	0.0	15.59	72.184
complex.95.pdb	0.469697	1.992	12.294
complex.96.pdb	0.0	16.649	57.97
complex.97.pdb	0.0	19.372	82.894
complex.98.pdb	0.0	19.11	106.277
complex.99.pdb	0.651515	1.4	9.653
complex.100.pdb	0.0	18.513	103.132
complex.101.pdb	0.0	21.678	108.431
complex.102.pdb	0.0	19.013	100.637
complex.103.pdb	0.0	18.929	73.862
complex.104.pdb	0.0	18.06	101.866
complex.105.pdb	0.0	20.912	106.578
complex.106.pdb	0.0	18.887	71.89
complex.107.pdb	0.0	14.948	58.439
complex.108.pdb	0.0	14.899	62.607
complex.109.pdb	0.0	22.182	103.251
complex.110.pdb	0.0	16.716	87.038
complex.111.pdb	0.0	15.892	85.045
complex.112.pdb	0.0	16.998	88.639
complex.113.pdb	0.0	20.845	106.009
complex.114.pdb	0.0	14.928	71.504
complex.115.pdb	0.0	17.866	90.797
complex.116.pdb	0.0	19.579	103.585
complex.117.pdb	0.0	16.171	81.272
complex.118.pdb	0.0	19.473	102.954
complex.119.pdb	0.0	13.414	46.766
complex.120.pdb	0.0	12.768	55.137
complex.121.pdb	0.0	20.776	109.68
complex.122.pdb	0.0	15.058	70.233
complex.123.pdb	0.0	17.771	81.437
complex.124.pdb	0.0	20.532	105.991
complex.125.pdb	0.0	18.087	74.664
complex.126.pdb	0.0	12.701	61.314
complex.127.pdb	0.0	17.408	91.566
complex.128.pdb	0.136364	5.576	41.955
complex.129.pdb	0.0606061	13.106	64.602
complex.130.pdb	0.0	11.675	54.261
complex.131.pdb	0.0	14.123	61.896
complex.132.pdb	0.0	15.88	65.633
complex.133.pdb	0.0	20.01	112.014
complex.134.pdb	0.0	22.432	103.72
complex.135.pdb	0.0	18.984	99.815
complex.136.pdb	0.0	19.87	107.346
complex.137.pdb	0.0	16.295	61.844
complex.138.pdb	0.0	22.323	108.239
complex.139.pdb	0.0	22.599	94.569
complex.140.pdb	0.0	18.454	103.758
complex.141.pdb	0.0	18.27	102.108
complex.142.pdb	0.0	15.443	80.696
complex.143.pdb	0.0	22.434	99.005
complex.144.pdb	0.0	15.081	75.314
complex.145.pdb	0.0	14.347	69.523
complex.146.pdb	0.0	19.149	109.403
complex.147.pdb	0.318182	4.049	35.618
complex.148.pdb	0.121212	4.626	45.451
complex.149.pdb	0.0	20.968	112.394
complex.150.pdb	0.0	12.513	50.019
complex.151.pdb	0.0	21.514	108.9
complex.152.pdb	0.0	21.139	106.445
complex.153.pdb	0.0	16.011	67.882
complex.154.pdb	0.0	21.775	104.807
complex.155.pdb	0.0	14.002	52.813
complex.156.pdb	0.0	22.751	103.706
complex.157.pdb	0.0	12.972	57.302
complex.158.pdb	0.0	15.879	75.632
complex.159.pdb	0.0	20.49	103.202
complex.160.pdb	0.0	14.511	70.245
complex.161.pdb	0.0	17.462	86.838
complex.162.pdb	0.0	23.027	111.471
complex.163.pdb	0.0	14.722	73.219
complex.164.pdb	0.106061	13.548	36.427
complex.165.pdb	0.0	22.634	109.357
complex.166.pdb	0.0	18.702	106.165
complex.167.pdb	0.0	17.309	58.938
complex.168.pdb	0.0	16.753	94.253
complex.169.pdb	0.0	20.18	100.684
complex.170.pdb	0.0	16.825	86.289
complex.171.pdb	0.0	19.1	105.651
complex.172.pdb	0.0	22.233	109.172
complex.173.pdb	0.0	19.298	102.473
complex.174.pdb	0.0	9.479	61.013
complex.175.pdb	0.0	19.774	110.36
complex.176.pdb	0.0	14.506	59.93
complex.177.pdb	0.0	18.372	107.032
complex.178.pdb	0.0	21.515	111.654
complex.179.pdb	0.378788	3.191	28.223
complex.180.pdb	0.0	17.407	86.16
complex.181.pdb	0.0	16.641	69.266
complex.182.pdb	0.0	16.917	81.514
complex.183.pdb	0.545455	2.047	19.159
complex.184.pdb	0.0	17.799	90.538
complex.185.pdb	0.757576	0.949	6.301
complex.186.pdb	0.0	19.123	64.551
complex.187.pdb	0.0	14.755	73.875
complex.188.pdb	0.0	19.264	103.056
complex.189.pdb	0.257576	3.817	28.348
complex.190.pdb	0.0	16.732	90.303
complex.191.pdb	0.0	20.522	111.627
complex.192.pdb	0.0	22.327	107.998
complex.193.pdb	0.0	14.644	76.598
complex.194.pdb	0.0	16.661	95.004
complex.195.pdb	0.19697	3.58	33.467
complex.196.pdb	0.0	18.713	96.865
complex.197.pdb	0.0	15.906	78.592
complex.198.pdb	0.0	15.639	61.51
complex.199.pdb	0.0	18.663	75.492
complex.200.pdb	0.0	20.406	109.965
complex.201.pdb	0.0	14.38	67.149
complex.202.pdb	0.0606061	11.787	59.137
complex.203.pdb	0.0	16.025	79.86
complex.204.pdb	0.030303	15.825	62.567
complex.205.pdb	0.0	17.534	88.478
complex.206.pdb	0.0	18.57	103.626
complex.207.pdb	0.0	14.825	40.189
complex.208.pdb	0.0	14.709	81.555
complex.209.pdb	0.0	16.724	54.893
complex.210.pdb	0.0	22.67	101.176
complex.211.pdb	0.0	18.44	102.882
complex.212.pdb	0.0	12.155	64.059
complex.213.pdb	0.0	19.591	74.66
complex.214.pdb	0.0	20.34	108.798
complex.215.pdb	0.0	22.752	100.694
complex.216.pdb	0.0	14.941	75.372
complex.217.pdb	0.0	16.676	92.764
complex.218.pdb	0.0	22.16	110.493
complex.219.pdb	0.0	21.33	96.91
complex.220.pdb	0.0	22.981	112.862
complex.221.pdb	0.0	22.484	112.318
complex.222.pdb	0.0	20.848	109.363
complex.223.pdb	0.0	20.221	102.328
complex.224.pdb	0.242424	3.639	32.879
complex.225.pdb	0.0	16.448	78.288
complex.226.pdb	0.0	22.988	105.592
complex.227.pdb	0.0	16.651	86.498
complex.228.pdb	0.0	14.05	69.145
complex.229.pdb	0.0	18.189	66.559
complex.230.pdb	0.030303	13.127	71.029
complex.231.pdb	0.0	14.14	75.678
complex.232.pdb	0.0	18.839	98.042
complex.233.pdb	0.0	15.665	62.887
complex.234.pdb	0.469697	1.587	4.968
complex.235.pdb	0.0	16.667	102.368
complex.236.pdb	0.0	19.507	74.121
complex.237.pdb	0.0	9.697	40.3
complex.238.pdb	0.0	14.736	67.887
complex.239.pdb	0.0	19.995	110.694
complex.240.pdb	0.0454545	13.126	70.459
complex.241.pdb	0.0	17.702	107.322
complex.242.pdb	0.484848	2.353	14.96
complex.243.pdb	0.0	21.387	102.375
complex.244.pdb	0.0	9.466	37.381
complex.245.pdb	0.0	13.237	71.525
complex.246.pdb	0.0	16.882	92.139
complex.247.pdb	0.0	16.967	104.453
complex.248.pdb	0.0	20.766	111.317
complex.249.pdb	0.106061	13.253	39.517
complex.250.pdb	0.0	14.632	48.039
complex.251.pdb	0.318182	3.433	26.546
complex.252.pdb	0.0	23.035	110.34
complex.253.pdb	0.0	16.041	72.838
complex.254.pdb	0.0	18.378	60.477
complex.255.pdb	0.0	12.033	50.989
complex.256.pdb	0.0151515	11.936	66.03
complex.257.pdb	0.0	14.139	61.125
complex.258.pdb	0.0	13.692	48.045
complex.259.pdb	0.0	15.387	72.784
complex.260.pdb	0.0	15.131	75.413
complex.261.pdb	0.0	14.04	51.532
complex.262.pdb	0.0	16.225	60.463
complex.263.pdb	0.0	19.523	102.208
complex.264.pdb	0.0	16.035	74.425
complex.265.pdb	0.0	22.381	97.765
complex.266.pdb	0.0	15.615	68.172
complex.267.pdb	0.0	15.723	60.756
complex.268.pdb	0.0	22.163	91.244
complex.269.pdb	0.0	14.857	74.009
complex.270.pdb	0.0	14.749	77.535
complex.271.pdb	0.0	17.873	94.041
complex.272.pdb	0.0	18.962	100.486
complex.273.pdb	0.0	19.935	91.386
complex.274.pdb	0.106061	14.304	48.424
complex.275.pdb	0.0	17.065	90.563
complex.276.pdb	0.0	18.958	81.031
complex.277.pdb	0.0	18.664	104.318
complex.278.pdb	0.0	12.935	60.24
complex.279.pdb	0.0	16.276	57.008
complex.280.pdb	0.0	16.713	80.087
complex.281.pdb	0.0	10.701	29.047
complex.282.pdb	0.0	16.816	85.202
complex.283.pdb	0.0	21.509	107.604
complex.284.pdb	0.0	17.633	84.954
complex.285.pdb	0.0	16.11	87.007
complex.286.pdb	0.0	17.287	90.311
complex.287.pdb	0.0	14.959	54.715
complex.288.pdb	0.0	13.911	62.161
complex.289.pdb	0.0	14.388	77.224
complex.290.pdb	0.0	19.607	109.342
complex.291.pdb	0.0	16.835	93.697
complex.292.pdb	0.0	21.941	111.2
complex.293.pdb	0.0	17.357	57.898
complex.294.pdb	0.0	17.994	98.641
complex.295.pdb	0.0	12.32	62.298
complex.296.pdb	0.0	15.857	97.665
complex.297.pdb	0.0	13.977	67.989
complex.298.pdb	0.0	14.387	64.897
complex.299.pdb	0.0	16.361	88.152
complex.300.pdb	0.0	22.408	100.808
complex.301.pdb	0.0	23.803	112.624
complex.302.pdb	0.0	15.48	66.953
complex.303.pdb	0.0	22.982	106.071
complex.304.pdb	0.0	15.588	66.604
complex.305.pdb	0.0	21.359	107.299
complex.306.pdb	0.0	17.724	98.393
complex.307.pdb	0.0	14.722	65.643
complex.308.pdb	0.0	19.337	105.538
complex.309.pdb	0.0	12.425	42.062
complex.310.pdb	0.0	14.571	60.54
complex.311.pdb	0.0909091	13.422	53.448
complex.312.pdb	0.0	15.266	88.371
complex.313.pdb	0.0	10.291	64.723
complex.314.pdb	0.0	16.289	58.926
complex.315.pdb	0.636364	1.692	14.488
complex.316.pdb	0.0	18.603	99.079
complex.317.pdb	0.0	16.983	94.216
complex.318.pdb	0.0	19.93	109.443
complex.319.pdb	0.666667	1.118	8.251
complex.320.pdb	0.0	23.043	93.755
complex.321.pdb	0.0	20.643	105.502
complex.322.pdb	0.0	18.405	94.82
complex.323.pdb	0.0	18.185	81.96
complex.324.pdb	0.0	17.83	94.379
complex.325.pdb	0.0	17.656	75.89
complex.326.pdb	0.0	22.248	90.653
complex.327.pdb	0.0606061	12.746	64.645
complex.328.pdb	0.0	14.703	73.256
complex.329.pdb	0.0	21.303	101.583
complex.330.pdb	0.0	13.407	35.137
complex.331.pdb	0.0	16.01	88.474
complex.332.pdb	0.0	23.783	112.83
complex.333.pdb	0.0	17.314	89.378
complex.334.pdb	0.0	18.604	70.573
complex.335.pdb	0.0	16.359	93.491
complex.336.pdb	0.348485	4.562	17.823
complex.337.pdb	0.106061	15.347	37.711
complex.338.pdb	0.0	15.336	83.313
complex.339.pdb	0.0	13.881	64.018
complex.340.pdb	0.0	17.242	83.696
complex.341.pdb	0.0	17.612	50.682
complex.342.pdb	0.0	15.089	58.452
complex.343.pdb	0.0	19.919	81.811
complex.344.pdb	0.0	21.074	109.121
complex.345.pdb	0.0	18.694	107.961
complex.346.pdb	0.0	16.79	88.292
complex.347.pdb	0.0	15.801	63.117
complex.348.pdb	0.484848	1.899	6.25
complex.349.pdb	0.0	20.718	103.951
complex.350.pdb	0.030303	12.989	58.694
complex.351.pdb	0.0	16.374	81.3
complex.352.pdb	0.0	14.188	53.163
complex.353.pdb	0.0	13.702	70.096
complex.354.pdb	0.0	21.042	112.776
complex.355.pdb	0.0	13.054	60.704
complex.356.pdb	0.0151515	11.927	61.713
complex.357.pdb	0.0	14.686	76.905
complex.358.pdb	0.0	14.819	78.456
complex.359.pdb	0.0	19.578	55.632
complex.360.pdb	0.0	23.361	101.418
complex.361.pdb	0.0	15.434	70.206
complex.362.pdb	0.0	11.542	38.699
complex.363.pdb	0.0	16.16	78.705
complex.364.pdb	0.0	16.288	81.162
complex.365.pdb	0.121212	5.404	43.6
complex.366.pdb	0.0	18.972	104.915
complex.367.pdb	0.0	14.977	78.766
complex.368.pdb	0.0	7.958	41.955
complex.369.pdb	0.0	15.285	64.731
complex.370.pdb	0.0	21.634	111.741
complex.371.pdb	0.106061	14.838	43.899
complex.372.pdb	0.0	23.523	112.452
complex.373.pdb	0.0757576	11.975	30.338
complex.374.pdb	0.0	15.088	60.932
complex.375.pdb	0.106061	14.381	45.598
complex.376.pdb	0.0	16.863	75.182
complex.377.pdb	0.0	19.4	105.053
complex.378.pdb	0.0	16.914	93.553
complex.379.pdb	0.0	16.22	73.971
complex.380.pdb	0.0	15.367	80.023
complex.381.pdb	0.0	16.658	79.453
complex.382.pdb	0.0	11.694	49.532
complex.383.pdb	0.0	16.554	89.105
complex.384.pdb	0.0	16.236	86.292
complex.385.pdb	0.0	16.776	83.366
complex.386.pdb	0.0	15.187	77.867
complex.387.pdb	0.151515	10.22	31.013
complex.388.pdb	0.0	13.154	54.551
complex.389.pdb	0.0	17.174	90.918
complex.390.pdb	0.0	14.23	71.163
complex.391.pdb	0.0	20.696	108.539
complex.392.pdb	0.0	15.537	80.661
complex.393.pdb	0.19697	5.082	32.109
complex.394.pdb	0.0	16.893	103.113
complex.395.pdb	0.0	23.257	114.928
complex.396.pdb	0.0757576	8.106	28.073
complex.397.pdb	0.0151515	12.211	66.718
complex.398.pdb	0.0	18.476	108.656
complex.399.pdb	0.0	12.331	55.715
complex.400.pdb	0.0	14.945	79.13
complex.401.pdb	0.0	18.378	108.082
complex.402.pdb	0.0454545	16.186	30.152
complex.403.pdb	0.0	18.133	60.786
complex.404.pdb	0.0	17.331	104.22
complex.405.pdb	0.0	13.686	60.292
complex.406.pdb	0.0	14.769	63.871
complex.407.pdb	0.030303	12.236	31.006
complex.408.pdb	0.0	14.733	55.856
complex.409.pdb	0.0	19.204	100.735
complex.410.pdb	0.0	19.817	110.028
complex.411.pdb	0.0	21.101	102.638
complex.412.pdb	0.0	16.789	83.908
complex.413.pdb	0.0	19.144	105.257
complex.414.pdb	0.0606061	12.438	60.091
complex.415.pdb	0.0	11.073	50.909
complex.416.pdb	0.106061	15.845	36.092
complex.417.pdb	0.0	14.398	68.247
complex.418.pdb	0.0	15.968	71.921
complex.419.pdb	0.0	17.88	89.689
complex.420.pdb	0.0	23.47	103.043
complex.421.pdb	0.0	19.409	107.485
complex.422.pdb	0.439394	3.313	18.341
complex.423.pdb	0.0	17.56	87.92
complex.424.pdb	0.0	20.834	110.386
complex.425.pdb	0.0	12.158	53.722
complex.426.pdb	0.0	16.679	86.04
complex.427.pdb	0.0	16.24	84.529
complex.428.pdb	0.0909091	15.175	29.869
complex.429.pdb	0.0	16.402	70.934
complex.430.pdb	0.0	14.783	68.302
complex.431.pdb	0.287879	4.417	29.594
complex.432.pdb	0.0	15.372	71.197
complex.433.pdb	0.0	16.978	83.927
complex.434.pdb	0.0	19.254	99.608
complex.435.pdb	0.0151515	6.084	46.195
complex.436.pdb	0.0	21.264	82.924
complex.437.pdb	0.0	17.818	88.332
complex.438.pdb	0.0	19.431	102.277
complex.439.pdb	0.0	9.845	33.011
complex.440.pdb	0.0	17.118	82.623
complex.441.pdb	0.0	16.613	87.182
complex.442.pdb	0.0	14.127	70.189
complex.443.pdb	0.0	16.071	71.643
complex.444.pdb	0.0	18.737	93.91
complex.445.pdb	0.0	22.993	99.908
complex.446.pdb	0.0	18.715	106.165
complex.447.pdb	0.0	18.628	94.546
complex.448.pdb	0.0	17.512	90.311
complex.449.pdb	0.0	14.502	76.602
complex.450.pdb	0.0	21.41	99.986
complex.451.pdb	0.0	17.291	56.635
complex.452.pdb	0.0	22.9	99.677
complex.453.pdb	0.0	17.05	87.241
complex.454.pdb	0.0	9.441	61.085
complex.455.pdb	0.0	11.802	48.291
complex.456.pdb	0.0	8.68	46.16
complex.457.pdb	0.0	15.464	65.161
complex.458.pdb	0.0	20.479	109.143
complex.459.pdb	0.0	21.814	112.577
complex.460.pdb	0.0	21.344	109.521
complex.461.pdb	0.0	19.356	88.501
complex.462.pdb	0.0	15.461	84.486
complex.463.pdb	0.0	17.722	98.227
complex.464.pdb	0.0	22.131	111.332
complex.465.pdb	0.0	14.56	73.0
complex.466.pdb	0.0	22.933	104.335
complex.467.pdb	0.0	10.472	53.171
complex.468.pdb	0.0	11.476	48.597
complex.469.pdb	0.0	22.747	106.885
complex.470.pdb	0.0	18.436	107.498
complex.471.pdb	0.181818	4.354	39.688
complex.472.pdb	0.0	14.87	66.662
complex.473.pdb	0.0	23.556	103.59
complex.474.pdb	0.0	17.726	98.007
complex.475.pdb	0.0	10.546	47.03
complex.476.pdb	0.0909091	14.969	46.507
complex.477.pdb	0.0	15.99	80.274
complex.478.pdb	0.0	18.238	98.507
complex.479.pdb	0.0	19.901	105.406
complex.480.pdb	0.0	19.694	106.802
complex.481.pdb	0.0	20.115	104.44
complex.482.pdb	0.0	19.213	94.273
complex.483.pdb	0.0	16.598	71.831
complex.484.pdb	0.0	16.396	89.554
complex.485.pdb	0.0	15.9	71.686
complex.486.pdb	0.151515	4.942	44.634
complex.487.pdb	0.0	18.554	102.547
complex.488.pdb	0.0	14.641	76.504
complex.489.pdb	0.0	15.348	62.129
complex.490.pdb	0.0	20.324	102.505
complex.491.pdb	0.0	13.055	63.743
complex.492.pdb	0.0	13.099	41.71
complex.493.pdb	0.0	21.64	102.004
complex.494.pdb	0.0	20.618	97.714
complex.495.pdb	0.0	16.331	69.673
complex.496.pdb	0.0	22.515	96.828
complex.497.pdb	0.0	17.832	98.577
complex.498.pdb	0.0	17.649	74.108
complex.499.pdb	0.0	15.386	80.531
complex.500.pdb	0.0	8.49	36.313
complex.501.pdb	0.0	19.423	74.891
complex.502.pdb	0.0	13.207	46.186
complex.503.pdb	0.0	18.486	102.032
complex.504.pdb	0.0	22.096	111.644
complex.505.pdb	0.0	15.951	81.843
complex.506.pdb	0.0	17.414	89.925
complex.507.pdb	0.0	17.29	88.912
complex.508.pdb	0.0	19.438	101.797
complex.509.pdb	0.0	17.274	104.447
complex.510.pdb	0.0	10.749	53.783
complex.511.pdb	0.0	14.703	35.484
complex.512.pdb	0.0	19.135	108.904
complex.513.pdb	0.0	19.589	89.537
complex.514.pdb	0.0	12.768	51.097
complex.515.pdb	0.19697	3.931	25.335
complex.516.pdb	0.0	9.359	56.663
complex.517.pdb	0.0	20.486	96.583
complex.518.pdb	0.0	17.784	100.478
complex.519.pdb	0.0	11.822	52.671
complex.520.pdb	0.0	16.291	91.411
complex.521.pdb	0.0	10.166	52.477
complex.522.pdb	0.0	9.884	43.188
complex.523.pdb	0.0	17.628	95.473
complex.524.pdb	0.030303	16.0	54.649
complex.525.pdb	0.0	19.092	88.003
complex.526.pdb	0.0	20.071	101.406
complex.527.pdb	0.0	16.768	81.631
complex.528.pdb	0.0	17.777	97.844
complex.529.pdb	0.0	13.279	44.071
complex.530.pdb	0.0	12.437	39.988
complex.531.pdb	0.0	16.821	88.634
complex.532.pdb	0.0	19.339	100.921
complex.533.pdb	0.0	17.933	96.91
complex.534.pdb	0.0	17.221	87.253
complex.535.pdb	0.0	19.247	88.721
complex.536.pdb	0.0909091	4.991	38.522
complex.537.pdb	0.0	14.84	75.433
complex.538.pdb	0.0	19.365	100.66
complex.539.pdb	0.0	19.585	109.111
complex.540.pdb	0.0	17.527	52.567
complex.541.pdb	0.0	21.826	97.299
complex.542.pdb	0.0	15.784	74.204
complex.543.pdb	0.0	13.056	71.01
complex.544.pdb	0.0	17.722	90.543
complex.545.pdb	0.0	14.07	70.58
complex.546.pdb	0.0	20.917	106.149
complex.547.pdb	0.030303	10.995	40.904
complex.548.pdb	0.0	16.832	88.217
complex.549.pdb	0.0	17.647	67.451
complex.550.pdb	0.0	18.882	101.382
complex.551.pdb	0.0606061	15.676	29.71
complex.552.pdb	0.0	18.414	53.686
complex.553.pdb	0.0454545	13.898	68.814
complex.554.pdb	0.0	13.925	61.064
complex.555.pdb	0.0909091	14.803	29.946
complex.556.pdb	0.0	11.515	53.817
complex.557.pdb	0.0151515	10.64	60.05
complex.558.pdb	0.0	15.448	66.02
complex.559.pdb	0.0	16.721	80.13
complex.560.pdb	0.0	15.175	64.173
complex.561.pdb	0.0	19.499	109.925
complex.562.pdb	0.0	19.224	103.061
complex.563.pdb	0.0	17.834	50.313
complex.564.pdb	0.0	21.165	106.465
complex.565.pdb	0.0	22.994	114.027
complex.566.pdb	0.0	21.674	105.578
complex.567.pdb	0.318182	4.55	17.302
complex.568.pdb	0.0	19.513	100.041
complex.569.pdb	0.0	18.453	99.128
complex.570.pdb	0.0	10.978	70.968
complex.571.pdb	0.0	14.551	68.097
complex.572.pdb	0.212121	4.779	22.718
complex.573.pdb	0.0	23.229	100.136
complex.574.pdb	0.0	12.491	49.961
complex.575.pdb	0.0	7.775	43.928
complex.576.pdb	0.0	16.579	91.5
complex.577.pdb	0.0	10.619	59.383
complex.578.pdb	0.121212	13.946	39.901
complex.579.pdb	0.0	21.384	101.43
complex.580.pdb	0.0606061	15.097	28.916
complex.581.pdb	0.0606061	15.758	30.352
complex.582.pdb	0.0	15.802	50.188
complex.583.pdb	0.0	17.814	51.449
complex.584.pdb	0.0	8.211	46.45
complex.585.pdb	0.0	20.013	50.084
complex.586.pdb	0.0	12.803	40.092
complex.587.pdb	0.0	18.011	105.449
complex.588.pdb	0.0	15.724	79.238
complex.589.pdb	0.0	10.359	49.193
complex.590.pdb	0.0909091	9.043	32.858
complex.591.pdb	0.0	13.525	73.191
complex.592.pdb	0.0	20.358	96.433
complex.593.pdb	0.0	15.834	62.837
complex.594.pdb	0.121212	11.062	31.996
complex.595.pdb	0.0	18.585	105.749
complex.596.pdb	0.0	15.38	66.89
complex.597.pdb	0.030303	12.881	69.737
complex.598.pdb	0.030303	6.644	25.749
complex.599.pdb	0.0	20.761	111.219
complex.600.pdb	0.0	15.172	77.489
complex.601.pdb	0.0	20.71	91.474
complex.602.pdb	0.0	17.647	101.943
complex.603.pdb	0.0757576	10.591	29.96
complex.604.pdb	0.0	13.882	76.36
complex.605.pdb	0.0	19.578	106.118
complex.606.pdb	0.0	11.095	43.092
complex.607.pdb	0.136364	6.176	44.408
complex.608.pdb	0.0	18.774	55.844
complex.609.pdb	0.0	11.746	52.09
complex.610.pdb	0.0	17.482	71.191
complex.611.pdb	0.106061	14.443	37.779
complex.612.pdb	0.0	21.118	112.117
complex.613.pdb	0.0	22.448	108.759
complex.614.pdb	0.0	22.087	110.917
complex.615.pdb	0.0	20.006	107.121
complex.616.pdb	0.0	18.688	106.566
complex.617.pdb	0.242424	5.657	21.799
complex.618.pdb	0.0	17.88	91.468
complex.619.pdb	0.0	22.885	105.571
complex.620.pdb	0.0	22.528	105.292
complex.621.pdb	0.0	10.934	62.075
complex.622.pdb	0.0	18.577	105.114
complex.623.pdb	0.0	22.052	110.241
complex.624.pdb	0.0	15.859	70.742
complex.625.pdb	0.0	22.531	103.324
complex.626.pdb	0.0	20.605	110.514
complex.627.pdb	0.0606061	9.38	30.801
complex.628.pdb	0.0	22.484	112.096
complex.629.pdb	0.0	12.542	56.604
complex.630.pdb	0.0	14.247	47.086
complex.631.pdb	0.0	12.189	70.836
complex.632.pdb	0.0	20.363	112.688
complex.633.pdb	0.0	16.057	72.422
complex.634.pdb	0.0909091	10.163	36.405
complex.635.pdb	0.0	21.115	98.571
complex.636.pdb	0.0	20.633	112.39
complex.637.pdb	0.0	18.232	106.905
complex.638.pdb	0.0	19.973	107.832
complex.639.pdb	0.0	20.808	108.949
complex.640.pdb	0.0	7.003	32.109
complex.641.pdb	0.0	19.834	109.598
complex.642.pdb	0.0	22.488	115.129
complex.643.pdb	0.0	21.36	112.421
complex.644.pdb	0.0	16.169	70.179
complex.645.pdb	0.0	14.683	53.408
complex.646.pdb	0.0	17.325	90.449
complex.647.pdb	0.0	17.778	86.158
complex.648.pdb	0.0	9.783	40.231
complex.649.pdb	0.0	22.164	114.422
complex.650.pdb	0.0	21.388	113.665
complex.651.pdb	0.0	20.256	108.224
complex.652.pdb	0.0	14.39	68.911
complex.653.pdb	0.030303	13.797	60.863
complex.654.pdb	0.0	20.146	103.343
complex.655.pdb	0.0	14.751	76.788
complex.656.pdb	0.0	19.611	93.201
complex.657.pdb	0.0	20.146	105.71
complex.658.pdb	0.0	21.056	100.997
complex.659.pdb	0.0	11.179	71.75
complex.660.pdb	0.0	16.601	84.381
complex.661.pdb	0.0	13.587	47.102
complex.662.pdb	0.0	17.882	63.691
complex.663.pdb	0.0	13.891	53.267
complex.664.pdb	0.0	10.905	68.779
complex.665.pdb	0.0	17.144	85.772
complex.666.pdb	0.0	14.149	63.811
complex.667.pdb	0.0	20.374	105.468
complex.668.pdb	0.0	16.447	69.099
complex.669.pdb	0.0	16.126	78.147
complex.670.pdb	0.0	18.108	100.643
complex.671.pdb	0.0	23.092	106.543
complex.672.pdb	0.0	20.96	109.555
complex.673.pdb	0.0	16.434	54.439
complex.674.pdb	0.0	22.539	105.3
complex.675.pdb	0.0	10.029	66.686
complex.676.pdb	0.0	12.089	55.833
complex.677.pdb	0.0151515	10.645	53.945
complex.678.pdb	0.0	23.212	94.344
complex.679.pdb	0.0	10.798	43.299
complex.680.pdb	0.0	8.349	32.565
complex.681.pdb	0.0	7.404	47.44
complex.682.pdb	0.0	23.82	111.78
complex.683.pdb	0.0	18.529	101.478
complex.684.pdb	0.0	17.718	78.262
complex.685.pdb	0.0	18.326	98.993
complex.686.pdb	0.0	20.17	111.636
complex.687.pdb	0.0151515	15.338	57.562
complex.688.pdb	0.0	17.204	67.759
complex.689.pdb	0.0	19.251	88.227
complex.690.pdb	0.0	21.858	113.073
complex.691.pdb	0.0	19.418	108.319
complex.692.pdb	0.0	17.923	96.466
complex.693.pdb	0.0	19.969	107.56
complex.694.pdb	0.0454545	13.693	48.312
complex.695.pdb	0.0	14.713	52.486
complex.696.pdb	0.0	16.834	102.534
complex.697.pdb	0.0	12.007	67.432
complex.698.pdb	0.0	20.4	109.135
complex.699.pdb	0.0	18.604	106.83
complex.700.pdb	0.0	16.093	85.408
complex.701.pdb	0.30303	3.778	32.846
complex.702.pdb	0.0	13.179	57.104
complex.703.pdb	0.0	20.629	81.326
complex.704.pdb	0.0	14.54	47.885
complex.705.pdb	0.0	16.221	76.248
complex.706.pdb	0.0	13.713	46.565
complex.707.pdb	0.0757576	10.182	25.229
complex.708.pdb	0.0	19.269	82.895
complex.709.pdb	0.0	20.837	110.401
complex.710.pdb	0.0	18.066	62.574
complex.711.pdb	0.0	19.684	101.23
complex.712.pdb	0.0606061	11.526	60.614
complex.713.pdb	0.0	22.385	109.368
complex.714.pdb	0.0	8.609	55.189
complex.715.pdb	0.0	15.498	79.863
complex.716.pdb	0.0	19.612	104.03
complex.717.pdb	0.0	8.28	43.332
complex.718.pdb	0.0	15.252	68.782
complex.719.pdb	0.0	17.856	67.904
complex.720.pdb	0.0	12.211	69.447
complex.721.pdb	0.0	17.371	89.241
complex.722.pdb	0.0	20.777	109.255
complex.723.pdb	0.0	18.914	109.911
complex.724.pdb	0.0909091	15.001	34.838
complex.725.pdb	0.0	13.772	52.194
complex.726.pdb	0.0	14.344	58.441
complex.727.pdb	0.0	14.317	60.428
complex.728.pdb	0.0757576	14.946	36.048
complex.729.pdb	0.0	15.704	87.988
complex.730.pdb	0.0	16.046	87.837
complex.731.pdb	0.0	21.974	89.409
complex.732.pdb	0.0	17.644	72.053
complex.733.pdb	0.0	19.001	93.612
complex.734.pdb	0.0	14.947	68.808
complex.735.pdb	0.0	16.254	92.472
complex.736.pdb	0.0909091	14.327	49.505
complex.737.pdb	0.0	11.884	48.692
complex.738.pdb	0.0	19.615	106.037
complex.739.pdb	0.0	19.029	105.571
complex.740.pdb	0.0	12.989	49.216
complex.741.pdb	0.0	18.135	102.783
complex.742.pdb	0.0	18.457	54.495
complex.743.pdb	0.0	16.239	87.752
complex.744.pdb	0.0	11.373	74.299
complex.745.pdb	0.0	23.409	102.826
complex.746.pdb	0.0	17.595	93.988
complex.747.pdb	0.0606061	11.505	44.052
complex.748.pdb	0.0	15.424	83.765
complex.749.pdb	0.0	21.729	113.804
complex.750.pdb	0.106061	15.524	37.67
complex.751.pdb	0.0	19.665	106.647
complex.752.pdb	0.0	16.565	87.382
complex.753.pdb	0.0	18.57	103.993
complex.754.pdb	0.0151515	13.473	51.122
complex.755.pdb	0.0	16.938	87.641
complex.756.pdb	0.0	12.259	53.303
complex.757.pdb	0.0	16.319	93.166
complex.758.pdb	0.0	19.804	90.659
complex.759.pdb	0.0	17.43	93.454
complex.760.pdb	0.0	16.542	66.363
complex.761.pdb	0.0	9.703	48.06
complex.762.pdb	0.0	16.591	86.168
complex.763.pdb	0.0	14.408	52.962
complex.764.pdb	0.0	14.227	72.726
complex.765.pdb	0.0	14.07	48.789
complex.766.pdb	0.0	23.214	114.743
complex.767.pdb	0.0	22.3	113.496
complex.768.pdb	0.0	20.497	85.542
complex.769.pdb	0.0	20.215	107.246
complex.770.pdb	0.0	11.542	55.556
complex.771.pdb	0.0	19.055	107.583
complex.772.pdb	0.0	15.01	58.657
complex.773.pdb	0.0	14.064	59.948
complex.774.pdb	0.0	12.592	60.892
complex.775.pdb	0.0	13.685	65.719
complex.776.pdb	0.0	15.093	51.162
complex.777.pdb	0.0	17.78	96.885
complex.778.pdb	0.0	17.034	82.693
complex.779.pdb	0.0	11.171	49.723
complex.780.pdb	0.0	14.562	53.81
complex.781.pdb	0.0	20.079	107.165
complex.782.pdb	0.151515	13.338	29.061
complex.783.pdb	0.0	10.851	59.062
complex.784.pdb	0.0	18.461	99.002
complex.785.pdb	0.0	16.432	84.279
complex.786.pdb	0.0	16.827	84.229
complex.787.pdb	0.0	17.804	101.122
complex.788.pdb	0.0	18.101	103.771
complex.789.pdb	0.0	13.464	59.27
complex.790.pdb	0.0	21.278	87.228
complex.791.pdb	0.0	18.01	74.342
complex.792.pdb	0.0	15.803	82.154
complex.793.pdb	0.0	14.801	54.576
complex.794.pdb	0.0	6.518	48.857
complex.795.pdb	0.0	13.715	58.179
complex.796.pdb	0.0	13.165	64.339
complex.797.pdb	0.0	23.805	112.171
complex.798.pdb	0.0	18.005	76.548
complex.799.pdb	0.0	16.799	85.594
complex.800.pdb	0.0	13.903	45.232
complex.801.pdb	0.0454545	15.245	33.188
complex.802.pdb	0.0	15.794	68.269
complex.803.pdb	0.0	15.025	73.144
complex.804.pdb	0.0	19.379	80.656
complex.805.pdb	0.0	19.075	81.657
complex.806.pdb	0.0	20.162	112.715
complex.807.pdb	0.0909091	13.954	45.273
complex.808.pdb	0.0	23.205	98.453
complex.809.pdb	0.0	20.71	108.763
complex.810.pdb	0.0	16.103	77.384
complex.811.pdb	0.0	11.268	28.379
complex.812.pdb	0.0	18.361	101.66
complex.813.pdb	0.0	13.231	45.918
complex.814.pdb	0.0	13.223	62.021
complex.815.pdb	0.0757576	15.181	32.552
complex.816.pdb	0.0	18.588	102.129
complex.817.pdb	0.0	11.794	58.375
complex.818.pdb	0.0	21.029	109.512
complex.819.pdb	0.0	19.919	103.311
complex.820.pdb	0.0	17.583	87.562
complex.821.pdb	0.0	19.879	103.444
complex.822.pdb	0.0	9.297	60.686
complex.823.pdb	0.0	13.453	50.216
complex.824.pdb	0.0	18.244	89.361
complex.825.pdb	0.0	11.902	33.277
complex.826.pdb	0.0151515	7.974	42.141
complex.827.pdb	0.0757576	5.698	51.601
complex.828.pdb	0.0	17.999	74.844
complex.829.pdb	0.0	13.636	62.878
complex.830.pdb	0.0	13.952	63.485
complex.831.pdb	0.0606061	10.011	47.616
complex.832.pdb	0.0	18.891	104.62
complex.833.pdb	0.0	19.324	102.632
complex.834.pdb	0.0	15.814	96.906
complex.835.pdb	0.0	12.734	62.696
complex.836.pdb	0.0	14.672	45.409
complex.837.pdb	0.439394	2.493	18.818
complex.838.pdb	0.0	18.569	52.749
complex.839.pdb	0.0	17.723	84.73
complex.840.pdb	0.0	18.865	106.724
complex.841.pdb	0.0	12.55	59.916
complex.842.pdb	0.0	15.904	79.131
complex.843.pdb	0.0	21.459	85.343
complex.844.pdb	0.0	13.348	70.707
complex.845.pdb	0.0	20.223	109.654
complex.846.pdb	0.0	10.971	45.48
complex.847.pdb	0.0	17.654	77.921
complex.848.pdb	0.121212	13.321	33.557
complex.849.pdb	0.0	18.014	48.681
complex.850.pdb	0.0	18.524	98.384
complex.851.pdb	0.136364	5.709	30.521
complex.852.pdb	0.0454545	9.05	43.409
complex.853.pdb	0.0	17.084	76.579
complex.854.pdb	0.030303	12.893	52.467
complex.855.pdb	0.0	14.569	77.437
complex.856.pdb	0.0	20.506	108.068
complex.857.pdb	0.0	17.718	100.832
complex.858.pdb	0.0151515	12.53	55.817
complex.859.pdb	0.0	21.173	85.686
complex.860.pdb	0.0	20.193	104.017
complex.861.pdb	0.0	23.153	107.316
complex.862.pdb	0.0	18.823	109.059
complex.863.pdb	0.106061	13.908	55.051
complex.864.pdb	0.0	17.437	93.227
complex.865.pdb	0.0	9.682	64.045
complex.866.pdb	0.0	22.071	106.455
complex.867.pdb	0.0	21.078	110.978
complex.868.pdb	0.0	20.856	105.194
complex.869.pdb	0.0	19.963	106.825
complex.870.pdb	0.0	19.005	102.956
complex.871.pdb	0.0	15.317	77.987
complex.872.pdb	0.0	7.646	32.739
complex.873.pdb	0.0	19.017	73.517
complex.874.pdb	0.0	17.306	80.791
complex.875.pdb	0.030303	11.49	65.321
complex.876.pdb	0.0	10.489	39.981
complex.877.pdb	0.0	16.197	77.45
complex.878.pdb	0.0	17.703	67.826
complex.879.pdb	0.0	21.647	97.096
complex.880.pdb	0.0	16.669	70.209
complex.881.pdb	0.0	21.536	102.891
complex.882.pdb	0.0	13.639	62.736
complex.883.pdb	0.0	20.925	112.591
complex.884.pdb	0.0	15.156	72.904
complex.885.pdb	0.0	14.992	55.083
complex.886.pdb	0.0	16.753	92.184
complex.887.pdb	0.0	18.152	105.281
complex.888.pdb	0.0	22.69	107.252
complex.889.pdb	0.469697	2.235	13.182
complex.890.pdb	0.0151515	8.746	56.929
complex.891.pdb	0.0	17.093	78.66
complex.892.pdb	0.0757576	12.077	50.444
complex.893.pdb	0.0	14.863	77.772
complex.894.pdb	0.0454545	16.006	30.246
complex.895.pdb	0.0	7.279	44.543
complex.896.pdb	0.0	13.067	63.515
complex.897.pdb	0.106061	14.81	35.026
complex.898.pdb	0.0	16.729	86.313
complex.899.pdb	0.0	12.208	47.74
complex.900.pdb	0.0	15.072	85.595
complex.901.pdb	0.0	18.392	107.766
complex.902.pdb	0.0	14.142	49.333
complex.903.pdb	0.0	14.289	49.53
complex.904.pdb	0.0	21.468	112.352
complex.905.pdb	0.0	11.822	55.72
complex.906.pdb	0.0	19.374	81.238
complex.907.pdb	0.0	19.031	102.265
complex.908.pdb	0.0	15.472	55.765
complex.909.pdb	0.0	19.453	110.635
complex.910.pdb	0.0	18.628	62.868
complex.911.pdb	0.0	13.681	72.206
complex.912.pdb	0.0	15.849	70.666
complex.913.pdb	0.0151515	10.522	59.613
complex.914.pdb	0.0	20.545	111.53
complex.915.pdb	0.0	19.551	83.384
complex.916.pdb	0.0	22.272	96.113
complex.917.pdb	0.0	11.763	54.827
complex.918.pdb	0.0	15.738	61.08
complex.919.pdb	0.0	15.548	84.958
complex.920.pdb	0.0	10.512	69.021
complex.921.pdb	0.0	15.112	80.672
complex.922.pdb	0.0	17.364	96.514
complex.923.pdb	0.0	14.73	59.17
complex.924.pdb	0.0909091	14.426	41.942
complex.925.pdb	0.454545	2.389	17.56
complex.926.pdb	0.0	24.214	111.815
complex.927.pdb	0.0	14.922	73.985
complex.928.pdb	0.0	7.547	37.849
complex.929.pdb	0.030303	7.4	34.278
complex.930.pdb	0.0	19.623	100.456
complex.931.pdb	0.0	18.449	53.294
complex.932.pdb	0.0	12.756	67.848
complex.933.pdb	0.0	10.899	47.446
complex.934.pdb	0.0	20.016	94.353
complex.935.pdb	0.0	17.542	86.328
complex.936.pdb	0.0	11.328	54.848
complex.937.pdb	0.0	18.818	105.931
complex.938.pdb	0.0	13.205	65.301
complex.939.pdb	0.106061	9.218	43.563
complex.940.pdb	0.0	19.806	44.594
complex.941.pdb	0.0	14.056	69.778
complex.942.pdb	0.0151515	14.038	37.952
complex.943.pdb	0.0	18.451	94.502
complex.944.pdb	0.0	10.993	42.314
complex.945.pdb	0.0	13.062	42.777
complex.946.pdb	0.0	11.129	53.623
complex.947.pdb	0.0	9.369	24.364
complex.948.pdb	0.0	14.096	70.42
complex.949.pdb	0.0	10.208	62.107
complex.950.pdb	0.0	15.707	58.035
complex.951.pdb	0.0	13.655	47.617
complex.952.pdb	0.0	19.611	85.486
complex.953.pdb	0.0151515	7.718	51.881
complex.954.pdb	0.0	17.348	93.678
complex.955.pdb	0.0	11.052	64.962
complex.956.pdb	0.0	19.039	106.96
complex.957.pdb	0.0	8.318	46.98
complex.958.pdb	0.0	11.449	44.23
complex.959.pdb	0.0	20.584	111.065
complex.960.pdb	0.0	18.215	86.315
complex.961.pdb	0.0	17.152	83.024
complex.962.pdb	0.0	15.769	62.228
complex.963.pdb	0.0	19.27	65.897
complex.964.pdb	0.0	15.012	56.003
complex.965.pdb	0.0151515	9.682	54.755
complex.966.pdb	0.0	17.468	79.764
complex.967.pdb	0.0	19.717	51.142
complex.968.pdb	0.0	18.603	59.93
complex.969.pdb	0.0	21.887	113.62
complex.970.pdb	0.0	21.965	97.938
complex.971.pdb	0.0	11.518	74.134
complex.972.pdb	0.0	17.861	103.299
complex.973.pdb	0.0	18.744	105.054
complex.974.pdb	0.0	22.409	110.666
complex.975.pdb	0.0	20.724	107.44
complex.976.pdb	0.0	16.884	85.687
complex.977.pdb	0.0	21.212	112.061
complex.978.pdb	0.0	11.786	51.53
complex.979.pdb	0.0	9.013	44.99
complex.980.pdb	0.0	14.775	65.008
complex.981.pdb	0.0	20.056	100.857
complex.982.pdb	0.0	16.184	75.214
complex.983.pdb	0.0	16.606	54.249
complex.984.pdb	0.0	15.036	85.924
complex.985.pdb	0.0	16.031	91.32
complex.986.pdb	0.227273	5.338	46.304
complex.987.pdb	0.0	20.479	99.553
complex.988.pdb	0.0	16.487	84.364
complex.989.pdb	0.0	20.336	108.901
complex.990.pdb	0.0	20.338	83.263
complex.991.pdb	0.0	14.375	67.055
complex.992.pdb	0.0	18.802	109.529
complex.993.pdb	0.0	23.142	104.435
complex.994.pdb	0.0	18.107	97.801
complex.995.pdb	0.0757576	7.393	40.96
complex.996.pdb	0.0	15.583	74.258
complex.997.pdb	0.0454545	13.469	49.392
complex.998.pdb	0.0	20.834	110.97
complex.999.pdb	0.0	14.268	66.637
complex.1000.pdb	0.0	15.57	82.441
complex.1001.pdb	0.0	11.819	55.97
complex.1002.pdb	0.0	15.055	62.587
complex.1003.pdb	0.0	14.09	72.645
complex.1004.pdb	0.0	20.735	108.914
complex.1005.pdb	0.030303	10.777	39.249
complex.1006.pdb	0.0909091	14.381	51.893
complex.1007.pdb	0.0151515	9.252	50.823
complex.1008.pdb	0.0	18.043	88.98
complex.1009.pdb	0.0	15.633	91.96
complex.1010.pdb	0.0	20.669	110.967
complex.1011.pdb	0.0454545	13.067	55.098
complex.1012.pdb	0.0	16.009	79.105
complex.1013.pdb	0.0	11.818	44.79
complex.1014.pdb	0.0	7.959	25.607
complex.1015.pdb	0.0	16.897	85.736
complex.1016.pdb	0.0	19.88	109.031
complex.1017.pdb	0.0	16.207	80.974
complex.1018.pdb	0.0	16.272	85.453
complex.1019.pdb	0.0	19.421	109.435
complex.1020.pdb	0.0	17.052	87.969
complex.1021.pdb	0.0	13.554	63.51
complex.1022.pdb	0.0	13.34	65.011
complex.1023.pdb	0.0	16.458	78.475
complex.1024.pdb	0.0	10.057	47.418
complex.1025.pdb	0.0	20.134	106.949
complex.1026.pdb	0.0	18.23	101.056
complex.1027.pdb	0.0	17.897	91.849
complex.1028.pdb	0.0454545	15.852	30.802
complex.1029.pdb	0.0	20.426	112.262
complex.1030.pdb	0.0	11.242	54.112
complex.1031.pdb	0.0	19.288	92.321
complex.1032.pdb	0.0	14.255	77.595
complex.1033.pdb	0.0	18.331	70.658
complex.1034.pdb	0.0	14.89	70.29
complex.1035.pdb	0.0757576	13.947	57.453
complex.1036.pdb	0.0	21.832	97.608
complex.1037.pdb	0.0	17.372	79.58
complex.1038.pdb	0.0	14.081	62.085
complex.1039.pdb	0.0	8.256	52.878
complex.1040.pdb	0.0	17.012	64.393
complex.1041.pdb	0.0	12.422	53.511
complex.1042.pdb	0.0	18.121	97.468
complex.1043.pdb	0.0	16.04	50.894
complex.1044.pdb	0.0	13.785	56.541
complex.1045.pdb	0.0	19.49	96.051
complex.1046.pdb	0.0	13.739	48.733
complex.1047.pdb	0.0	12.492	52.601
complex.1048.pdb	0.0	24.319	108.011
complex.1049.pdb	0.0909091	15.766	39.875
complex.1050.pdb	0.0	13.449	50.863
complex.1051.pdb	0.0	18.74	99.234
complex.1052.pdb	0.0	15.793	78.759
complex.1053.pdb	0.106061	7.681	26.144
complex.1054.pdb	0.0	11.782	59.014
complex.1055.pdb	0.0	10.904	42.966
complex.1056.pdb	0.0	18.761	47.879
complex.1057.pdb	0.0	22.482	111.706
complex.1058.pdb	0.0606061	12.234	38.725
complex.1059.pdb	0.0	22.163	91.826
complex.1060.pdb	0.0	19.191	107.616
complex.1061.pdb	0.0	14.965	78.811
complex.1062.pdb	0.0	12.496	62.194
complex.1063.pdb	0.363636	3.091	23.632
complex.1064.pdb	0.0	15.163	85.582
complex.1065.pdb	0.0	19.026	80.034
complex.1066.pdb	0.0	13.977	41.622
complex.1067.pdb	0.0454545	7.91	36.796
complex.1068.pdb	0.0	17.025	87.644
complex.1069.pdb	0.0	9.57	57.374
complex.1070.pdb	0.0	17.139	83.232
complex.1071.pdb	0.0	20.54	106.486
complex.1072.pdb	0.0757576	15.401	31.746
complex.1073.pdb	0.0	17.551	75.254
complex.1074.pdb	0.0	11.068	47.021
complex.1075.pdb	0.0606061	8.232	25.13
complex.1076.pdb	0.0	9.973	57.363
complex.1077.pdb	0.0	20.643	104.847
complex.1078.pdb	0.0	10.483	44.08
complex.1079.pdb	0.0	20.926	98.522
complex.1080.pdb	0.0606061	14.314	58.585
complex.1081.pdb	0.0	19.706	109.588
complex.1082.pdb	0.0	24.139	99.124
complex.1083.pdb	0.0	16.88	92.799
complex.1084.pdb	0.0	11.101	64.585
complex.1085.pdb	0.0	16.774	90.223
complex.1086.pdb	0.0	11.763	50.086
complex.1087.pdb	0.0	24.581	98.784
complex.1088.pdb	0.0	8.453	52.511
complex.1089.pdb	0.0757576	12.274	36.94
complex.1090.pdb	0.106061	6.23	24.742
complex.1091.pdb	0.0	11.213	66.735
complex.1092.pdb	0.0	13.939	69.013
complex.1093.pdb	0.0454545	15.529	29.258
complex.1094.pdb	0.0	18.987	56.35
complex.1095.pdb	0.0	18.745	104.857
complex.1096.pdb	0.0	16.135	63.962
complex.1097.pdb	0.0	16.108	76.556
complex.1098.pdb	0.0	18.659	101.233
complex.1099.pdb	0.0	19.526	111.162
complex.1100.pdb	0.0	19.608	88.769
complex.1101.pdb	0.0	16.263	75.096
complex.1102.pdb	0.0	18.237	91.133
complex.1103.pdb	0.121212	7.024	32.557
complex.1104.pdb	0.0	17.76	80.299
complex.1105.pdb	0.0	16.386	52.0
complex.1106.pdb	0.0	15.542	87.46
complex.1107.pdb	0.0	20.068	104.84
complex.1108.pdb	0.0	18.203	53.636
complex.1109.pdb	0.0	19.859	109.321
complex.1110.pdb	0.0	16.09	73.251
complex.1111.pdb	0.0	17.725	85.748
complex.1112.pdb	0.0	20.457	105.825
complex.1113.pdb	0.0	12.715	68.264
complex.1114.pdb	0.0	19.861	110.233
complex.1115.pdb	0.030303	12.173	34.455
complex.1116.pdb	0.0	20.787	110.089
complex.1117.pdb	0.0	17.76	87.569
complex.1118.pdb	0.0	23.534	102.885
complex.1119.pdb	0.0	21.876	115.883
complex.1120.pdb	0.0	16.372	95.027
complex.1121.pdb	0.106061	5.066	47.314
complex.1122.pdb	0.0	11.148	53.934
complex.1123.pdb	0.0	22.241	103.855
complex.1124.pdb	0.0	16.506	75.994
complex.1125.pdb	0.0	18.114	61.363
complex.1126.pdb	0.0909091	12.545	41.944
complex.1127.pdb	0.0	22.861	106.72
complex.1128.pdb	0.0151515	11.919	64.402
complex.1129.pdb	0.0	18.242	97.964
complex.1130.pdb	0.0	11.218	46.477
complex.1131.pdb	0.0	16.604	79.895
complex.1132.pdb	0.0151515	10.223	64.148
complex.1133.pdb	0.0	10.586	49.187
complex.1134.pdb	0.0	15.564	63.215
complex.1135.pdb	0.0	21.628	113.073
complex.1136.pdb	0.0	22.906	115.993
complex.1137.pdb	0.0	18.852	90.403
complex.1138.pdb	0.0	17.707	93.101
complex.1139.pdb	0.318182	2.598	8.013
complex.1140.pdb	0.0151515	9.047	38.744
complex.1141.pdb	0.0	17.018	90.411
complex.1142.pdb	0.0	19.714	86.019
complex.1143.pdb	0.0	14.396	58.332
complex.1144.pdb	0.0	16.277	66.278
complex.1145.pdb	0.0	20.489	111.314
complex.1146.pdb	0.0	22.144	101.814
complex.1147.pdb	0.0	17.965	100.945
complex.1148.pdb	0.0454545	13.174	56.302
complex.1149.pdb	0.0	22.373	94.138
complex.1150.pdb	0.0	16.052	73.203
complex.1151.pdb	0.0	12.821	58.138
complex.1152.pdb	0.0	20.924	111.032
complex.1153.pdb	0.0606061	15.215	31.24
complex.1154.pdb	0.0	13.508	67.046
complex.1155.pdb	0.0	14.415	82.955
complex.1156.pdb	0.0	16.96	90.843
complex.1157.pdb	0.0	14.955	75.141
complex.1158.pdb	0.0	20.775	109.902
complex.1159.pdb	0.0	7.007	26.046
complex.1160.pdb	0.0	16.004	53.016
complex.1161.pdb	0.0	17.752	104.732
complex.1162.pdb	0.0	21.344	102.649
complex.1163.pdb	0.0	17.54	90.663
complex.1164.pdb	0.0757576	13.855	55.519
complex.1165.pdb	0.0	18.159	87.942
complex.1166.pdb	0.212121	5.278	33.835
complex.1167.pdb	0.0	18.837	47.827
complex.1168.pdb	0.0	16.255	88.373
complex.1169.pdb	0.0	20.203	109.372
complex.1170.pdb	0.0	18.238	94.829
complex.1171.pdb	0.0	18.724	108.152
complex.1172.pdb	0.0	18.3	93.232
complex.1173.pdb	0.0	18.75	76.933
complex.1174.pdb	0.0	19.983	105.67
complex.1175.pdb	0.0	22.488	113.688
complex.1176.pdb	0.0	13.301	48.952
complex.1177.pdb	0.0	12.538	72.782
complex.1178.pdb	0.0	20.897	106.958
complex.1179.pdb	0.0	11.509	63.737
complex.1180.pdb	0.0	17.581	86.924
complex.1181.pdb	0.0	18.656	98.725
complex.1182.pdb	0.0	17.952	60.723
complex.1183.pdb	0.0	13.487	73.123
complex.1184.pdb	0.0	11.433	40.475
complex.1185.pdb	0.0	12.669	55.242
complex.1186.pdb	0.0	16.832	87.381
complex.1187.pdb	0.0	12.808	39.361
complex.1188.pdb	0.0	9.568	51.486
complex.1189.pdb	0.0	18.97	101.57
complex.1190.pdb	0.0	17.606	84.594
complex.1191.pdb	0.0	15.739	58.995
complex.1192.pdb	0.393939	3.315	12.936
complex.1193.pdb	0.0	11.121	48.031
complex.1194.pdb	0.0	18.363	89.34
complex.1195.pdb	0.0	15.538	63.518
complex.1196.pdb	0.0	11.078	66.258
complex.1197.pdb	0.0151515	13.21	57.787
complex.1198.pdb	0.0	18.291	90.012
complex.1199.pdb	0.0	17.352	103.384
complex.1200.pdb	0.0	7.701	42.927
complex.1201.pdb	0.0	11.532	47.877
complex.1202.pdb	0.0	18.572	89.307
complex.1203.pdb	0.0	16.513	90.48
complex.1204.pdb	0.0	17.321	89.742
complex.1205.pdb	0.0	18.469	46.221
complex.1206.pdb	0.0	19.099	103.318
complex.1207.pdb	0.0151515	15.482	56.305
complex.1208.pdb	0.0	16.59	67.201
complex.1209.pdb	0.0	14.873	72.545
complex.1210.pdb	0.0	18.598	96.303
complex.1211.pdb	0.0	21.606	105.929
complex.1212.pdb	0.0	13.477	69.268
complex.1213.pdb	0.0	16.356	66.795
complex.1214.pdb	0.0	20.943	103.607
complex.1215.pdb	0.0	17.104	82.786
complex.1216.pdb	0.0	18.824	99.039
complex.1217.pdb	0.0	15.85	61.195
complex.1218.pdb	0.0	17.944	107.788
complex.1219.pdb	0.0	20.457	112.339
complex.1220.pdb	0.0454545	14.65	30.742
complex.1221.pdb	0.0909091	10.111	23.044
complex.1222.pdb	0.0	18.577	76.299
complex.1223.pdb	0.0	13.655	81.151
complex.1224.pdb	0.0	13.27	72.841
complex.1225.pdb	0.0	15.825	82.365
complex.1226.pdb	0.0	11.476	35.131
complex.1227.pdb	0.0	21.467	100.52
complex.1228.pdb	0.0	16.966	80.731
complex.1229.pdb	0.0	14.804	78.434
complex.1230.pdb	0.0	15.824	86.567
complex.1231.pdb	0.0	12.023	59.408
complex.1232.pdb	0.0	18.878	79.094
complex.1233.pdb	0.0	11.254	69.161
complex.1234.pdb	0.0	17.177	78.73
complex.1235.pdb	0.0	8.436	25.768
complex.1236.pdb	0.0	10.617	37.61
complex.1237.pdb	0.0	13.715	46.31
complex.1238.pdb	0.0	19.726	94.09
complex.1239.pdb	0.0	21.539	109.709
complex.1240.pdb	0.0	19.247	98.617
complex.1241.pdb	0.0	13.359	75.67
complex.1242.pdb	0.0	18.027	76.637
complex.1243.pdb	0.0	15.506	75.495
complex.1244.pdb	0.030303	13.576	47.725
complex.1245.pdb	0.0	17.273	83.532
complex.1246.pdb	0.0151515	8.783	56.871
complex.1247.pdb	0.0	13.494	59.914
complex.1248.pdb	0.0	18.426	89.152
complex.1249.pdb	0.0	14.617	83.558
complex.1250.pdb	0.030303	13.21	39.641
complex.1251.pdb	0.0	13.226	50.082
complex.1252.pdb	0.0	16.698	82.937
complex.1253.pdb	0.0151515	11.177	47.885
complex.1254.pdb	0.0	17.549	78.124
complex.1255.pdb	0.0	11.968	70.748
complex.1256.pdb	0.0	13.224	39.564
complex.1257.pdb	0.0	12.887	51.207
complex.1258.pdb	0.0	10.487	56.733
complex.1259.pdb	0.0	15.064	48.313
complex.1260.pdb	0.0	19.23	76.983
complex.1261.pdb	0.0	16.304	60.961
complex.1262.pdb	0.0	20.182	111.399
complex.1263.pdb	0.0	12.732	50.987
complex.1264.pdb	0.0	16.834	80.628
complex.1265.pdb	0.0	13.321	64.259
complex.1266.pdb	0.0	16.829	66.577
complex.1267.pdb	0.0	15.582	65.272
complex.1268.pdb	0.0	21.446	112.648
complex.1269.pdb	0.0	10.725	68.418
complex.1270.pdb	0.0	21.054	111.834
complex.1271.pdb	0.0	18.335	98.576
complex.1272.pdb	0.0	18.983	101.325
complex.1273.pdb	0.0606061	10.441	28.481
complex.1274.pdb	0.0	16.06	87.799
complex.1275.pdb	0.0	13.684	46.203
complex.1276.pdb	0.0	14.334	61.294
complex.1277.pdb	0.0	14.417	80.439
complex.1278.pdb	0.0	16.672	83.66
complex.1279.pdb	0.0	11.603	35.16
complex.1280.pdb	0.0151515	12.047	26.206
complex.1281.pdb	0.0	16.69	71.774
complex.1282.pdb	0.0	11.734	55.586
complex.1283.pdb	0.0	14.769	54.539
complex.1284.pdb	0.0	18.309	58.112
complex.1285.pdb	0.0	11.072	57.215
complex.1286.pdb	0.0	15.843	84.941
complex.1287.pdb	0.0	20.152	110.939
complex.1288.pdb	0.0	18.251	96.085
complex.1289.pdb	0.0	12.929	44.664
complex.1290.pdb	0.0	20.669	100.158
complex.1291.pdb	0.0	18.433	87.667
complex.1292.pdb	0.0	17.613	66.796
complex.1293.pdb	0.0	20.75	107.242
complex.1294.pdb	0.0	12.052	38.04
complex.1295.pdb	0.0	16.706	56.699
complex.1296.pdb	0.0	19.074	98.182
complex.1297.pdb	0.0	18.143	90.083
complex.1298.pdb	0.0	21.77	105.891
complex.1299.pdb	0.0	17.702	85.46
complex.1300.pdb	0.0	19.378	109.785
complex.1301.pdb	0.0	19.407	105.207
complex.1302.pdb	0.0	21.447	94.911
complex.1303.pdb	0.0	13.361	71.621
complex.1304.pdb	0.0	15.046	37.736
complex.1305.pdb	0.0	13.39	54.985
complex.1306.pdb	0.0	16.662	104.084
complex.1307.pdb	0.0151515	9.519	51.102
complex.1308.pdb	0.0	21.98	112.684
complex.1309.pdb	0.0	22.054	110.925
complex.1310.pdb	0.0454545	13.656	36.434
complex.1311.pdb	0.0	11.818	59.239
complex.1312.pdb	0.0454545	7.034	41.187
complex.1313.pdb	0.0	16.809	90.033
complex.1314.pdb	0.0151515	12.548	42.81
complex.1315.pdb	0.0909091	10.862	37.41
complex.1316.pdb	0.0606061	13.381	61.217
complex.1317.pdb	0.0	20.565	111.257
complex.1318.pdb	0.0	15.688	66.231
complex.1319.pdb	0.0151515	8.563	47.763
complex.1320.pdb	0.0	15.971	93.897
complex.1321.pdb	0.30303	4.421	24.154
complex.1322.pdb	0.106061	14.586	43.249
complex.1323.pdb	0.242424	4.721	16.235
complex.1324.pdb	0.0	16.609	79.919
complex.1325.pdb	0.0	15.319	81.157
complex.1326.pdb	0.0	20.41	111.292
complex.1327.pdb	0.0454545	13.919	47.91
complex.1328.pdb	0.0	14.874	59.96
complex.1329.pdb	0.0	22.41	114.504
complex.1330.pdb	0.0	12.934	48.255
complex.1331.pdb	0.0	19.999	77.252
complex.1332.pdb	0.0	21.204	113.458
complex.1333.pdb	0.0	15.714	79.736
complex.1334.pdb	0.0151515	12.779	33.503
complex.1335.pdb	0.0	16.745	60.092
complex.1336.pdb	0.0	20.002	52.909
complex.1337.pdb	0.0	19.037	110.574
complex.1338.pdb	0.181818	4.669	41.586
complex.1339.pdb	0.0	19.311	87.395
complex.1340.pdb	0.0	18.857	100.268
complex.1341.pdb	0.0	13.94	72.188
complex.1342.pdb	0.0	17.58	72.437
complex.1343.pdb	0.0	21.911	113.223
complex.1344.pdb	0.0	20.835	92.704
complex.1345.pdb	0.0	20.052	108.355
complex.1346.pdb	0.0	16.295	67.188
complex.1347.pdb	0.0909091	5.452	48.421
complex.1348.pdb	0.0	18.056	60.25
complex.1349.pdb	0.0	16.362	90.452
complex.1350.pdb	0.0	19.182	108.373
complex.1351.pdb	0.106061	10.571	27.626
complex.1352.pdb	0.0	10.232	25.472
complex.1353.pdb	0.0	13.244	60.273
complex.1354.pdb	0.0	19.781	98.26
complex.1355.pdb	0.0	13.829	51.0
complex.1356.pdb	0.0	15.674	70.511
complex.1357.pdb	0.0	16.397	53.31
complex.1358.pdb	0.0	20.116	110.619
complex.1359.pdb	0.0151515	10.448	39.367
complex.1360.pdb	0.0151515	14.963	55.062
complex.1361.pdb	0.0	10.769	34.926
complex.1362.pdb	0.0	14.566	69.305
complex.1363.pdb	0.0	21.282	91.097
complex.1364.pdb	0.0	19.585	89.687
complex.1365.pdb	0.0	12.351	75.781
complex.1366.pdb	0.0757576	5.514	50.169
complex.1367.pdb	0.0	10.491	68.422
complex.1368.pdb	0.0	17.321	93.286
complex.1369.pdb	0.030303	8.277	37.209
complex.1370.pdb	0.0	12.768	45.227
complex.1371.pdb	0.0	8.374	54.822
complex.1372.pdb	0.0	16.051	81.888
complex.1373.pdb	0.0	11.475	68.273
complex.1374.pdb	0.030303	10.883	44.891
complex.1375.pdb	0.030303	14.707	67.03
complex.1376.pdb	0.0	15.403	65.969
complex.1377.pdb	0.0	14.784	75.387
complex.1378.pdb	0.0151515	13.702	51.781
complex.1379.pdb	0.0	20.494	96.7
complex.1380.pdb	0.0	20.759	102.464
complex.1381.pdb	0.0	19.431	94.476
complex.1382.pdb	0.257576	3.995	23.272
complex.1383.pdb	0.0	15.505	55.604
complex.1384.pdb	0.0	21.125	106.274
complex.1385.pdb	0.0	11.448	55.641
complex.1386.pdb	0.0	10.087	53.156
complex.1387.pdb	0.0	25.27	111.681
complex.1388.pdb	0.0	17.468	69.335
complex.1389.pdb	0.0	20.123	103.094
complex.1390.pdb	0.0	18.017	70.0
complex.1391.pdb	0.0	10.394	66.841
complex.1392.pdb	0.0	18.935	107.062
complex.1393.pdb	0.0	13.785	77.052
complex.1394.pdb	0.0	14.977	61.429
complex.1395.pdb	0.0	20.198	110.788
complex.1396.pdb	0.0	15.209	87.957
complex.1397.pdb	0.0	21.231	108.211
complex.1398.pdb	0.0	10.425	46.312
complex.1399.pdb	0.0151515	10.503	41.379
complex.1400.pdb	0.0	15.524	64.107
complex.1401.pdb	0.121212	7.595	20.893
complex.1402.pdb	0.0	16.57	58.762
complex.1403.pdb	0.0	20.42	112.128
complex.1404.pdb	0.0	14.334	58.215
complex.1405.pdb	0.0	12.457	56.486
complex.1406.pdb	0.0	19.696	109.376
complex.1407.pdb	0.0	14.153	50.912
complex.1408.pdb	0.0	8.865	60.053
complex.1409.pdb	0.151515	13.62	27.961
complex.1410.pdb	0.0	18.758	110.295
complex.1411.pdb	0.0	21.082	111.677
complex.1412.pdb	0.0	13.599	63.297
complex.1413.pdb	0.030303	13.909	64.935
complex.1414.pdb	0.0	17.903	79.699
complex.1415.pdb	0.0	22.798	104.539
complex.1416.pdb	0.0	13.392	58.571
complex.1417.pdb	0.0	20.948	111.079
complex.1418.pdb	0.0	9.887	55.734
complex.1419.pdb	0.0	17.41	62.699
complex.1420.pdb	0.0	22.825	103.209
complex.1421.pdb	0.0	16.136	58.393
complex.1422.pdb	0.0	10.704	58.278
complex.1423.pdb	0.0	21.154	113.44
complex.1424.pdb	0.0	14.169	58.697
complex.1425.pdb	0.0	17.759	99.365
complex.1426.pdb	0.0	13.995	71.676
complex.1427.pdb	0.0909091	10.359	50.246
complex.1428.pdb	0.0	22.482	90.767
complex.1429.pdb	0.0	22.026	107.111
complex.1430.pdb	0.0	12.344	73.713
complex.1431.pdb	0.0	15.887	93.627
complex.1432.pdb	0.0757576	15.187	57.768
complex.1433.pdb	0.0	16.903	89.127
complex.1434.pdb	0.0	16.235	79.035
complex.1435.pdb	0.0	16.692	98.813
complex.1436.pdb	0.0	20.729	111.022
complex.1437.pdb	0.0	20.465	103.953
complex.1438.pdb	0.166667	7.276	28.621
complex.1439.pdb	0.0	22.754	98.552
complex.1440.pdb	0.0	14.777	53.402
complex.1441.pdb	0.0	17.85	80.789
complex.1442.pdb	0.0	21.636	79.143
complex.1443.pdb	0.0	12.858	70.448
complex.1444.pdb	0.0151515	9.601	59.76
complex.1445.pdb	0.0	15.347	90.294
complex.1446.pdb	0.0	15.398	60.85
complex.1447.pdb	0.0	19.523	109.717
complex.1448.pdb	0.0	11.427	63.326
complex.1449.pdb	0.0	16.36	97.023
complex.1450.pdb	0.0	18.655	85.064
complex.1451.pdb	0.0	18.973	106.662
complex.1452.pdb	0.0	12.496	47.467
complex.1453.pdb	0.0	10.089	67.146
complex.1454.pdb	0.0	21.287	99.402
complex.1455.pdb	0.0	14.38	63.706
complex.1456.pdb	0.030303	9.841	36.349
complex.1457.pdb	0.0	17.41	88.465
complex.1458.pdb	0.0	23.55	93.987
complex.1459.pdb	0.0	19.666	109.753
complex.1460.pdb	0.0	15.359	50.144
complex.1461.pdb	0.0	17.667	82.16
complex.1462.pdb	0.0	14.623	59.727
complex.1463.pdb	0.0	15.006	67.831
complex.1464.pdb	0.257576	5.519	32.588
complex.1465.pdb	0.0757576	14.377	59.721
complex.1466.pdb	0.0	15.998	63.217
complex.1467.pdb	0.0	20.913	107.849
complex.1468.pdb	0.0	12.846	54.92
complex.1469.pdb	0.0151515	13.114	29.169
complex.1470.pdb	0.0	22.235	109.753
complex.1471.pdb	0.0	16.781	87.468
complex.1472.pdb	0.0	19.03	98.589
complex.1473.pdb	0.0	19.02	92.01
complex.1474.pdb	0.0	12.24	47.885
complex.1475.pdb	0.0	14.813	78.475
complex.1476.pdb	0.0	21.081	111.966
complex.1477.pdb	0.0	16.111	83.559
complex.1478.pdb	0.0909091	13.886	51.352
complex.1479.pdb	0.0	16.143	55.335
complex.1480.pdb	0.0151515	15.702	50.769
complex.1481.pdb	0.136364	6.375	26.645
complex.1482.pdb	0.0	17.268	81.862
complex.1483.pdb	0.030303	14.546	58.839
complex.1484.pdb	0.0	18.484	84.441
complex.1485.pdb	0.0	21.9	99.106
complex.1486.pdb	0.0	11.511	34.744
complex.1487.pdb	0.0	16.749	80.116
complex.1488.pdb	0.0	17.287	61.903
complex.1489.pdb	0.0	13.686	55.317
complex.1490.pdb	0.0	18.868	103.959
complex.1491.pdb	0.0909091	11.397	61.208
complex.1492.pdb	0.0	13.273	53.26
complex.1493.pdb	0.0	17.107	43.757
complex.1494.pdb	0.0	14.556	55.895
complex.1495.pdb	0.0	16.246	88.328
complex.1496.pdb	0.0	18.773	91.576
complex.1497.pdb	0.0909091	16.07	35.914
complex.1498.pdb	0.0	18.18	86.706
complex.1499.pdb	0.030303	13.437	66.646
complex.1500.pdb	0.0	20.032	79.343
complex.1501.pdb	0.0	21.162	103.196
complex.1502.pdb	0.0	21.625	109.011
complex.1503.pdb	0.0	15.646	75.4
complex.1504.pdb	0.0	14.969	72.751
complex.1505.pdb	0.0	19.789	72.006
complex.1506.pdb	0.0	15.652	64.198
complex.1507.pdb	0.0	15.837	75.511
complex.1508.pdb	0.0	20.4	109.764
complex.1509.pdb	0.0	13.142	63.791
complex.1510.pdb	0.0	18.368	81.737
complex.1511.pdb	0.0	18.696	80.185
complex.1512.pdb	0.0	9.191	45.269
complex.1513.pdb	0.0	20.535	106.338
complex.1514.pdb	0.0	21.815	113.412
complex.1515.pdb	0.0757576	11.343	28.631
complex.1516.pdb	0.0	17.355	71.991
complex.1517.pdb	0.0	20.148	88.801
complex.1518.pdb	0.0	14.533	80.473
complex.1519.pdb	0.0	11.841	61.237
complex.1520.pdb	0.030303	9.321	37.041
complex.1521.pdb	0.0	17.278	73.436
complex.1522.pdb	0.0151515	13.06	74.204
complex.1523.pdb	0.0	9.435	46.604
complex.1524.pdb	0.0	10.963	49.187
complex.1525.pdb	0.030303	14.241	46.18
complex.1526.pdb	0.0	23.071	93.1
complex.1527.pdb	0.0	16.595	68.604
complex.1528.pdb	0.0	17.495	100.257
complex.1529.pdb	0.0	19.709	110.454
complex.1530.pdb	0.0	19.049	105.836
complex.1531.pdb	0.0	20.286	97.725
complex.1532.pdb	0.0	11.859	43.574
complex.1533.pdb	0.0	18.042	96.704
complex.1534.pdb	0.0	19.33	95.241
complex.1535.pdb	0.0	11.216	75.313
complex.1536.pdb	0.0	16.306	68.144
complex.1537.pdb	0.0	18.324	95.805
complex.1538.pdb	0.136364	10.526	27.656
complex.1539.pdb	0.0151515	13.983	40.749
complex.1540.pdb	0.0	17.715	89.288
complex.1541.pdb	0.0	20.632	108.111
complex.1542.pdb	0.0	16.671	73.159
complex.1543.pdb	0.0	17.608	86.373
complex.1544.pdb	0.0	18.514	94.408
complex.1545.pdb	0.0	16.965	85.112
complex.1546.pdb	0.0	16.246	74.552
complex.1547.pdb	0.0	20.388	112.39
complex.1548.pdb	0.0	11.921	59.55
complex.1549.pdb	0.0	17.168	79.463
complex.1550.pdb	0.0	21.247	102.186
complex.1551.pdb	0.0	15.855	84.539
complex.1552.pdb	0.0	20.575	113.494
complex.1553.pdb	0.0	15.08	76.743
complex.1554.pdb	0.0	13.914	50.872
complex.1555.pdb	0.0	10.25	49.834
complex.1556.pdb	0.0	15.939	64.056
complex.1557.pdb	0.166667	8.81	26.587
complex.1558.pdb	0.0	18.102	106.504
complex.1559.pdb	0.0909091	10.725	23.242
complex.1560.pdb	0.0	21.566	102.938
complex.1561.pdb	0.0	13.877	73.962
complex.1562.pdb	0.0454545	9.044	26.676
complex.1563.pdb	0.0	21.408	110.452
complex.1564.pdb	0.0	14.781	61.771
complex.1565.pdb	0.0	15.549	67.85
complex.1566.pdb	0.0	18.579	93.618
complex.1567.pdb	0.0	9.855	64.387
complex.1568.pdb	0.0	12.016	70.736
complex.1569.pdb	0.0	17.209	89.391
complex.1570.pdb	0.0	18.12	98.746
complex.1571.pdb	0.0	12.622	59.831
complex.1572.pdb	0.0	18.74	100.452
complex.1573.pdb	0.0	15.39	66.215
complex.1574.pdb	0.30303	3.153	15.181
complex.1575.pdb	0.0909091	11.637	37.011
complex.1576.pdb	0.0151515	11.477	61.317
complex.1577.pdb	0.0	18.068	66.516
complex.1578.pdb	0.0	13.262	73.786
complex.1579.pdb	0.0	17.042	78.573
complex.1580.pdb	0.0	16.633	99.3
complex.1581.pdb	0.0	19.796	106.081
complex.1582.pdb	0.0	15.321	60.829
complex.1583.pdb	0.0	16.514	73.289
complex.1584.pdb	0.0	11.799	50.212
complex.1585.pdb	0.0	20.287	109.407
complex.1586.pdb	0.0	10.929	44.686
complex.1587.pdb	0.0	15.314	64.415
complex.1588.pdb	0.0	16.462	87.414
complex.1589.pdb	0.0	22.678	102.461
complex.1590.pdb	0.0	13.464	55.298
complex.1591.pdb	0.0	20.137	108.933
complex.1592.pdb	0.030303	16.061	44.585
complex.1593.pdb	0.0	15.62	72.456
complex.1594.pdb	0.0	10.847	46.62
complex.1595.pdb	0.0	17.092	95.384
complex.1596.pdb	0.0	17.951	84.279
complex.1597.pdb	0.0	15.382	72.732
complex.1598.pdb	0.0	19.295	95.813
complex.1599.pdb	0.0	19.131	104.886
complex.1600.pdb	0.0909091	12.534	45.843
complex.1601.pdb	0.0	14.702	48.917
complex.1602.pdb	0.136364	8.887	31.194
complex.1603.pdb	0.0	16.512	88.63
complex.1604.pdb	0.0	14.666	77.602
complex.1605.pdb	0.0	13.625	63.497
complex.1606.pdb	0.0	23.516	113.021
complex.1607.pdb	0.0	18.712	61.974
complex.1608.pdb	0.0	14.744	65.313
complex.1609.pdb	0.0	10.34	37.253
complex.1610.pdb	0.0	19.348	103.521
complex.1611.pdb	0.0	17.31	92.043
complex.1612.pdb	0.0	19.213	104.555
complex.1613.pdb	0.0757576	9.937	31.687
complex.1614.pdb	0.0606061	11.177	34.179
complex.1615.pdb	0.0	14.922	60.55
complex.1616.pdb	0.0	11.748	45.487
complex.1617.pdb	0.0	11.359	74.064
complex.1618.pdb	0.0	17.158	71.398
complex.1619.pdb	0.0	18.66	99.704
complex.1620.pdb	0.0	22.05	106.96
complex.1621.pdb	0.0	19.664	95.908
complex.1622.pdb	0.0	17.774	94.069
complex.1623.pdb	0.0	15.573	81.223
complex.1624.pdb	0.0	19.602	106.928
complex.1625.pdb	0.0	18.257	84.816
complex.1626.pdb	0.0757576	13.878	63.057
complex.1627.pdb	0.0	14.52	59.826
complex.1628.pdb	0.0	19.966	109.999
complex.1629.pdb	0.0	11.226	57.795
complex.1630.pdb	0.0	20.034	111.102
complex.1631.pdb	0.0	20.912	108.663
complex.1632.pdb	0.0	20.384	108.316
complex.1633.pdb	0.0	18.571	99.612
complex.1634.pdb	0.0	14.449	56.619
complex.1635.pdb	0.0	19.06	98.503
complex.1636.pdb	0.0	21.102	112.833
complex.1637.pdb	0.0	11.088	45.53
complex.1638.pdb	0.0151515	6.171	13.842
complex.1639.pdb	0.0151515	10.971	57.17
complex.1640.pdb	0.0	10.955	24.196
complex.1641.pdb	0.121212	13.892	53.093
complex.1642.pdb	0.0606061	9.04	27.703
complex.1643.pdb	0.0606061	14.091	68.086
complex.1644.pdb	0.0	18.88	102.47
complex.1645.pdb	0.0454545	6.778	43.975
complex.1646.pdb	0.0	15.203	53.55
complex.1647.pdb	0.0757576	15.781	36.234
complex.1648.pdb	0.0	20.924	111.003
complex.1649.pdb	0.136364	7.47	20.305
complex.1650.pdb	0.0	21.816	108.591
complex.1651.pdb	0.0	23.729	96.935
complex.1652.pdb	0.0	15.471	89.88
complex.1653.pdb	0.0	18.389	83.162
complex.1654.pdb	0.0	21.442	108.75
complex.1655.pdb	0.0	15.592	89.376
complex.1656.pdb	0.0	15.18	58.959
complex.1657.pdb	0.106061	14.401	48.907
complex.1658.pdb	0.0	12.103	51.535
complex.1659.pdb	0.0	14.262	58.652
complex.1660.pdb	0.0	14.622	69.268
complex.1661.pdb	0.0	10.953	34.236
complex.1662.pdb	0.0	20.624	102.651
complex.1663.pdb	0.0	20.371	112.506
complex.1664.pdb	0.0	20.568	106.149
complex.1665.pdb	0.0	21.34	112.465
complex.1666.pdb	0.0	15.577	82.507
complex.1667.pdb	0.0	17.421	78.682
complex.1668.pdb	0.0	22.057	104.143
complex.1669.pdb	0.0	8.71	44.168
complex.1670.pdb	0.0	17.057	89.137
complex.1671.pdb	0.0	22.614	108.119
complex.1672.pdb	0.0	15.275	75.856
complex.1673.pdb	0.0	14.881	64.012
complex.1674.pdb	0.0	17.194	55.905
complex.1675.pdb	0.0454545	14.379	33.368
complex.1676.pdb	0.0	20.75	102.799
complex.1677.pdb	0.0757576	9.275	38.433
complex.1678.pdb	0.0	11.156	73.082
complex.1679.pdb	0.0	8.549	51.39
complex.1680.pdb	0.0	21.778	102.083
complex.1681.pdb	0.0	19.799	104.754
complex.1682.pdb	0.0	19.677	87.982
complex.1683.pdb	0.0909091	11.305	27.474
complex.1684.pdb	0.0	24.825	101.296
complex.1685.pdb	0.0	14.055	73.131
complex.1686.pdb	0.0	18.868	107.534
complex.1687.pdb	0.0	21.704	109.262
complex.1688.pdb	0.0	18.134	78.828
complex.1689.pdb	0.0	21.3	88.872
complex.1690.pdb	0.0454545	16.372	31.991
complex.1691.pdb	0.0	15.11	74.339
complex.1692.pdb	0.0	20.573	107.632
complex.1693.pdb	0.0	10.886	57.09
complex.1694.pdb	0.0454545	15.431	35.174
complex.1695.pdb	0.0	16.52	58.655
complex.1696.pdb	0.0757576	13.406	51.001
complex.1697.pdb	0.0454545	14.698	48.503
complex.1698.pdb	0.0	15.614	74.987
complex.1699.pdb	0.0	15.104	52.526
complex.1700.pdb	0.0	14.352	71.129
complex.1701.pdb	0.0	20.501	109.576
complex.1702.pdb	0.0	18.166	94.629
complex.1703.pdb	0.0	20.193	105.479
complex.1704.pdb	0.0454545	14.5	28.648
complex.1705.pdb	0.0	23.107	103.984
complex.1706.pdb	0.0	18.048	90.777
complex.1707.pdb	0.0757576	10.178	39.126
complex.1708.pdb	0.0	13.752	31.951
complex.1709.pdb	0.0	14.659	54.538
complex.1710.pdb	0.106061	13.938	31.317
complex.1711.pdb	0.0	19.225	81.799
complex.1712.pdb	0.0	14.472	86.321
complex.1713.pdb	0.0	19.115	100.292
complex.1714.pdb	0.0	20.808	76.744
complex.1715.pdb	0.0	15.016	84.404
complex.1716.pdb	0.0	20.461	107.557
complex.1717.pdb	0.0	15.928	86.08
complex.1718.pdb	0.0	13.507	58.598
complex.1719.pdb	0.0	20.951	89.776
complex.1720.pdb	0.0	18.824	85.598
complex.1721.pdb	0.0	9.571	68.656
complex.1722.pdb	0.0	10.986	38.657
complex.1723.pdb	0.0	14.412	50.584
complex.1724.pdb	0.0	20.445	98.409
complex.1725.pdb	0.0454545	14.642	63.353
complex.1726.pdb	0.0	11.658	74.315
complex.1727.pdb	0.0	15.407	92.299
complex.1728.pdb	0.0	20.841	111.11
complex.1729.pdb	0.0	13.789	61.443
complex.1730.pdb	0.0	19.686	70.058
complex.1731.pdb	0.0	11.822	58.757
complex.1732.pdb	0.0	13.612	58.349
complex.1733.pdb	0.0	9.718	58.691
complex.1734.pdb	0.0	22.718	95.88
complex.1735.pdb	0.0	16.757	57.304
complex.1736.pdb	0.0	13.86	70.282
complex.1737.pdb	0.0	21.907	100.844
complex.1738.pdb	0.0	24.634	116.494
complex.1739.pdb	0.0	11.001	43.202
complex.1740.pdb	0.0	21.343	108.038
complex.1741.pdb	0.0	22.521	114.771
complex.1742.pdb	0.0	22.45	106.752
complex.1743.pdb	0.0	22.428	113.868
complex.1744.pdb	0.0	9.121	36.551
complex.1745.pdb	0.0	14.667	46.533
complex.1746.pdb	0.181818	6.826	29.004
complex.1747.pdb	0.0	9.983	47.052
complex.1748.pdb	0.0	19.939	86.199
complex.1749.pdb	0.0	14.34	72.781
complex.1750.pdb	0.0	15.914	66.393
complex.1751.pdb	0.0	13.335	79.836
complex.1752.pdb	0.0	20.72	103.312
complex.1753.pdb	0.0	9.594	56.235
complex.1754.pdb	0.0	22.539	92.7
complex.1755.pdb	0.0	7.784	34.507
complex.1756.pdb	0.0	21.287	111.935
complex.1757.pdb	0.0	11.512	39.131
complex.1758.pdb	0.0	21.463	101.528
complex.1759.pdb	0.0	9.939	66.415
complex.1760.pdb	0.0	10.514	40.288
complex.1761.pdb	0.333333	3.129	9.892
complex.1762.pdb	0.0	17.163	88.861
complex.1763.pdb	0.0151515	12.305	65.779
complex.1764.pdb	0.0909091	8.445	42.367
complex.1765.pdb	0.0	18.095	92.087
complex.1766.pdb	0.0	18.968	67.39
complex.1767.pdb	0.0	14.444	83.702
complex.1768.pdb	0.0909091	13.816	29.893
complex.1769.pdb	0.0	14.205	56.368
complex.1770.pdb	0.0	14.718	34.956
complex.1771.pdb	0.0	17.912	87.313
complex.1772.pdb	0.0	18.795	97.804
complex.1773.pdb	0.0	23.758	112.681
complex.1774.pdb	0.0	15.925	74.306
complex.1775.pdb	0.0	22.648	93.053
complex.1776.pdb	0.0	10.327	68.395
complex.1777.pdb	0.0	14.368	74.89
complex.1778.pdb	0.0	22.95	110.678
complex.1779.pdb	0.0	8.493	47.898
complex.1780.pdb	0.0	18.117	77.526
complex.1781.pdb	0.0	17.138	101.839
complex.1782.pdb	0.348485	3.807	11.272
complex.1783.pdb	0.0	20.877	111.823
complex.1784.pdb	0.0	21.254	113.673
complex.1785.pdb	0.0	18.506	89.669
complex.1786.pdb	0.0	15.507	92.224
complex.1787.pdb	0.0	20.984	103.033
complex.1788.pdb	0.0	15.334	84.207
complex.1789.pdb	0.0	13.711	38.908
complex.1790.pdb	0.0	20.09	81.447
complex.1791.pdb	0.0	13.681	55.523
complex.1792.pdb	0.0	19.819	110.471
complex.1793.pdb	0.257576	4.609	28.607
complex.1794.pdb	0.106061	6.33	25.287
complex.1795.pdb	0.0	18.81	82.91
complex.1796.pdb	0.0	11.863	65.713
complex.1797.pdb	0.0	15.213	54.918
complex.1798.pdb	0.0	10.652	40.622
complex.1799.pdb	0.0	21.034	104.871
complex.1800.pdb	0.0	12.759	53.722
complex.1801.pdb	0.0	14.235	56.201
complex.1802.pdb	0.0	20.968	110.305
complex.1803.pdb	0.0	21.47	108.938
complex.1804.pdb	0.0	18.169	67.831
complex.1805.pdb	0.0	11.896	66.121
complex.1806.pdb	0.0	19.017	80.313
complex.1807.pdb	0.0	17.2	86.283
complex.1808.pdb	0.030303	10.742	22.524
complex.1809.pdb	0.0	19.204	94.373
complex.1810.pdb	0.0	22.359	105.141
complex.1811.pdb	0.0	20.242	83.917
complex.1812.pdb	0.0	22.509	87.511
complex.1813.pdb	0.0	11.531	28.624
complex.1814.pdb	0.0	14.998	88.735
complex.1815.pdb	0.0	13.935	53.882
complex.1816.pdb	0.0	14.803	49.205
complex.1817.pdb	0.0	23.553	111.525
complex.1818.pdb	0.0	13.742	56.754
complex.1819.pdb	0.0	21.065	113.397
complex.1820.pdb	0.0	11.835	69.941
complex.1821.pdb	0.0151515	13.113	28.44
complex.1822.pdb	0.0	14.573	60.122
complex.1823.pdb	0.030303	14.685	53.868
complex.1824.pdb	0.0	12.096	71.509
complex.1825.pdb	0.0	15.534	71.167
complex.1826.pdb	0.0	18.832	83.834
complex.1827.pdb	0.151515	8.926	30.7
complex.1828.pdb	0.0909091	11.327	24.203
complex.1829.pdb	0.0	16.11	50.127
complex.1830.pdb	0.0	18.104	75.34
complex.1831.pdb	0.0757576	6.174	49.321
complex.1832.pdb	0.0	17.341	90.127
complex.1833.pdb	0.0	15.393	92.028
complex.1834.pdb	0.0	22.756	114.065
complex.1835.pdb	0.0	18.076	74.203
complex.1836.pdb	0.0	17.613	80.954
complex.1837.pdb	0.0	15.985	53.692
complex.1838.pdb	0.0	17.03	74.76
complex.1839.pdb	0.0	21.623	100.055
complex.1840.pdb	0.0	13.033	68.47
complex.1841.pdb	0.0	13.261	44.313
complex.1842.pdb	0.0	14.951	61.719
complex.1843.pdb	0.0	14.899	58.977
complex.1844.pdb	0.0	18.848	106.147
complex.1845.pdb	0.0	11.73	44.612
complex.1846.pdb	0.0	20.004	82.033
complex.1847.pdb	0.0	24.268	107.627
complex.1848.pdb	0.0	16.131	82.715
complex.1849.pdb	0.030303	14.856	53.59
complex.1850.pdb	0.0	16.084	74.198
complex.1851.pdb	0.0	16.367	78.234
complex.1852.pdb	0.0	17.288	84.619
complex.1853.pdb	0.0	18.07	108.132
complex.1854.pdb	0.0	20.22	105.15
complex.1855.pdb	0.0	15.077	70.07
complex.1856.pdb	0.0	12.908	46.056
complex.1857.pdb	0.0	18.456	71.677
complex.1858.pdb	0.106061	11.045	29.719
complex.1859.pdb	0.0	21.566	89.719
complex.1860.pdb	0.0757576	10.078	23.835
complex.1861.pdb	0.0	16.641	91.09
complex.1862.pdb	0.0	16.773	80.9
complex.1863.pdb	0.0	11.919	73.608
complex.1864.pdb	0.0	17.371	93.549
complex.1865.pdb	0.0	14.507	74.911
complex.1866.pdb	0.0	9.2	57.934
complex.1867.pdb	0.0	18.308	51.79
complex.1868.pdb	0.0	18.151	104.429
complex.1869.pdb	0.0	7.283	38.873
complex.1870.pdb	0.0	15.947	81.847
complex.1871.pdb	0.0	23.118	111.293
complex.1872.pdb	0.0	22.89	113.422
complex.1873.pdb	0.0	14.411	61.176
complex.1874.pdb	0.0151515	14.769	73.19
complex.1875.pdb	0.0	13.452	66.896
complex.1876.pdb	0.0	15.697	81.476
complex.1877.pdb	0.0	18.207	90.797
complex.1878.pdb	0.212121	4.76	19.703
complex.1879.pdb	0.0	11.835	28.821
complex.1880.pdb	0.0	14.67	56.685
complex.1881.pdb	0.0	10.04	67.968
complex.1882.pdb	0.0	16.038	83.592
complex.1883.pdb	0.0	9.421	64.157
complex.1884.pdb	0.0454545	14.063	61.771
complex.1885.pdb	0.0	15.256	75.466
complex.1886.pdb	0.0	20.301	106.921
complex.1887.pdb	0.393939	2.339	13.019
complex.1888.pdb	0.030303	14.86	64.727
complex.1889.pdb	0.0	15.777	61.662
complex.1890.pdb	0.0	25.516	111.253
complex.1891.pdb	0.0	20.389	88.082
complex.1892.pdb	0.030303	15.588	46.778
complex.1893.pdb	0.0	18.634	51.999
complex.1894.pdb	0.030303	11.738	40.612
complex.1895.pdb	0.0	12.691	40.322
complex.1896.pdb	0.0	18.097	95.372
complex.1897.pdb	0.0	22.36	112.407
complex.1898.pdb	0.0	12.763	56.475
complex.1899.pdb	0.0	15.161	64.032
complex.1900.pdb	0.0	20.636	105.545
complex.1901.pdb	0.166667	5.312	44.354
complex.1902.pdb	0.0	16.935	76.207
complex.1903.pdb	0.0	17.927	74.667
complex.1904.pdb	0.0	16.668	89.464
complex.1905.pdb	0.0909091	11.366	50.127
complex.1906.pdb	0.0	11.992	57.655
complex.1907.pdb	0.0	7.999	34.673
complex.1908.pdb	0.0	18.536	93.671
complex.1909.pdb	0.0	11.729	56.753
complex.1910.pdb	0.0	10.351	65.383
complex.1911.pdb	0.0	20.357	99.386
complex.1912.pdb	0.0	18.776	105.388
complex.1913.pdb	0.0	21.583	112.951
complex.1914.pdb	0.0	10.587	40.147
complex.1915.pdb	0.0	21.248	102.767
complex.1916.pdb	0.0	15.361	62.272
complex.1917.pdb	0.0	9.19	33.257
complex.1918.pdb	0.030303	14.723	62.004
complex.1919.pdb	0.0	17.208	59.244
complex.1920.pdb	0.0	15.901	44.543
complex.1921.pdb	0.0	12.887	46.62
complex.1922.pdb	0.0	20.641	73.638
complex.1923.pdb	0.0	15.133	72.034
complex.1924.pdb	0.0	13.609	64.805
complex.1925.pdb	0.0	15.588	62.268
complex.1926.pdb	0.0454545	13.014	50.754
complex.1927.pdb	0.0	13.749	61.694
complex.1928.pdb	0.0	22.285	113.689
complex.1929.pdb	0.0	20.504	103.509
complex.1930.pdb	0.0	17.475	87.667
complex.1931.pdb	0.0	13.888	55.252
complex.1932.pdb	0.0	12.207	70.833
complex.1933.pdb	0.0	9.887	53.291
complex.1934.pdb	0.0	19.801	89.168
complex.1935.pdb	0.0	13.061	49.343
complex.1936.pdb	0.0	15.18	59.788
complex.1937.pdb	0.0909091	15.234	43.033
complex.1938.pdb	0.0	18.115	86.766
complex.1939.pdb	0.0	17.816	84.017
complex.1940.pdb	0.0	21.312	104.847
complex.1941.pdb	0.0	16.41	65.644
complex.1942.pdb	0.0	16.298	82.253
complex.1943.pdb	0.0	16.383	75.038
complex.1944.pdb	0.0	18.381	92.725
complex.1945.pdb	0.0757576	15.594	34.181
complex.1946.pdb	0.0	13.037	62.602
complex.1947.pdb	0.0	16.599	68.296
complex.1948.pdb	0.0	17.617	82.4
complex.1949.pdb	0.0	17.867	104.718
complex.1950.pdb	0.0	15.351	53.133
complex.1951.pdb	0.0	19.191	103.228
complex.1952.pdb	0.0	10.753	42.544
complex.1953.pdb	0.0	14.177	58.979
complex.1954.pdb	0.0	23.016	115.596
complex.1955.pdb	0.0	11.456	50.156
complex.1956.pdb	0.181818	8.118	49.328
complex.1957.pdb	0.0	19.987	111.86
complex.1958.pdb	0.0151515	14.711	56.288
complex.1959.pdb	0.0	14.907	75.947
complex.1960.pdb	0.0	14.889	56.245
complex.1961.pdb	0.030303	9.448	21.709
complex.1962.pdb	0.136364	5.438	31.41
complex.1963.pdb	0.0	18.901	86.594
complex.1964.pdb	0.0	13.292	47.628
complex.1965.pdb	0.0	12.485	68.165
complex.1966.pdb	0.0	12.707	54.091
complex.1967.pdb	0.0	17.111	77.966
complex.1968.pdb	0.0	14.244	59.17
complex.1969.pdb	0.0	18.704	101.135
complex.1970.pdb	0.0	21.887	110.682
complex.1971.pdb	0.0	16.219	77.857
complex.1972.pdb	0.0	23.104	103.511
complex.1973.pdb	0.0	14.706	56.536
complex.1974.pdb	0.0606061	9.75	32.121
complex.1975.pdb	0.0	15.278	66.358
complex.1976.pdb	0.0757576	13.397	34.029
complex.1977.pdb	0.0	20.98	109.411
complex.1978.pdb	0.0	19.64	91.089
complex.1979.pdb	0.0151515	14.146	59.563
complex.1980.pdb	0.0	14.558	62.866
complex.1981.pdb	0.0	21.892	110.84
complex.1982.pdb	0.0454545	9.815	35.594
complex.1983.pdb	0.0909091	8.069	31.555
complex.1984.pdb	0.0	10.259	59.257
complex.1985.pdb	0.0151515	16.836	52.34
complex.1986.pdb	0.0	22.566	109.487
complex.1987.pdb	0.0	13.224	49.995
complex.1988.pdb	0.0	19.632	88.981
complex.1989.pdb	0.0	17.29	58.27
complex.1990.pdb	0.0909091	8.228	33.415
complex.1991.pdb	0.0	20.624	108.877
complex.1992.pdb	0.0	15.456	64.827
complex.1993.pdb	0.0	19.703	76.632
complex.1994.pdb	0.0606061	9.865	54.35
complex.1995.pdb	0.0	15.774	58.874
complex.1996.pdb	0.0	16.894	84.725
complex.1997.pdb	0.151515	5.584	39.917
complex.1998.pdb	0.0	17.62	82.933
complex.1999.pdb	0.0	20.122	104.247
complex.2000.pdb	0.0	14.139	68.471
