2gsk_100w.pdb	0	10.021	23.065	-179.6374
2gsk_93w.pdb	0.0925926	6.002	15.974	-172.9445
2gsk_38w.pdb	0.240741	2.864	5.242	-159.0402
2gsk_99w.pdb	0	9.516	18.314	-158.8426
2gsk_54w.pdb	0	11.911	28.085	-128.4047
2gsk_97w.pdb	0	8.616	17.914	-126.18313
2gsk_16w.pdb	0.148148	6.440	18.196	-124.3841
2gsk_61w.pdb	0.0925926	5.377	11.959	-123.0865
2gsk_88w.pdb	0	10.074	21.475	-120.2886
2gsk_37w.pdb	0.0185185	12.611	25.534	-117.5451
2gsk_39w.pdb	0.037037	7.249	15.902	-116.9121
2gsk_71w.pdb	0	16.167	27.760	-113.2077
2gsk_72w.pdb	0.0185185	11.315	21.245	-112.1694
2gsk_91w.pdb	0	9.902	18.419	-109.5324
2gsk_51w.pdb	0	12.052	23.544	-108.5188
2gsk_41w.pdb	0.0185185	11.534	23.605	-107.5622
2gsk_48w.pdb	0	12.526	23.532	-107.5264
2gsk_33w.pdb	0.037037	8.039	15.271	-106.3525
2gsk_94w.pdb	0.111111	12.731	24.961	-104.8029
2gsk_77w.pdb	0	9.374	17.328	-102.8368
2gsk_70w.pdb	0.111111	10.032	17.868	-102.3808
2gsk_25w.pdb	0	12.880	27.531	-100.714
2gsk_21w.pdb	0.0185185	5.393	10.597	-99.6521
2gsk_14w.pdb	0	14.687	25.175	-98.5888
2gsk_69w.pdb	0	13.838	29.161	-98.3284
2gsk_90w.pdb	0	7.917	14.196	-98.188
2gsk_27w.pdb	0	13.417	27.727	-97.0436
2gsk_30w.pdb	0	11.935	28.717	-96.1063
2gsk_62w.pdb	0	9.134	17.236	-95.4183
2gsk_65w.pdb	0	12.374	27.716	-94.2847
2gsk_78w.pdb	0	11.109	24.813	-93.9313
2gsk_47w.pdb	0	9.986	24.470	-93.3398
2gsk_9w.pdb	0	13.105	28.012	-93.1624
2gsk_64w.pdb	0.111111	4.354	7.644	-92.7473
2gsk_45w.pdb	0	15.201	25.689	-91.8658
2gsk_79w.pdb	0	17.357	31.512	-91.0985
2gsk_85w.pdb	0.148148	8.106	19.459	-90.6246
2gsk_44w.pdb	0	12.425	28.101	-89.8674
2gsk_49w.pdb	0	11.098	21.478	-88.346
2gsk_86w.pdb	0	12.373	24.401	-87.6059
2gsk_32w.pdb	0	13.989	25.269	-87.4304
2gsk_34w.pdb	0	15.604	28.073	-87.424
2gsk_31w.pdb	0.0185185	13.037	23.413	-86.7045
2gsk_92w.pdb	0	14.758	29.380	-85.52158
2gsk_17w.pdb	0	12.901	25.119	-84.7612
2gsk_12w.pdb	0	14.530	25.023	-84.10273
2gsk_18w.pdb	0.0185185	10.479	27.551	-82.562
2gsk_43w.pdb	0	11.138	18.649	-82.5325
2gsk_28w.pdb	0	17.046	28.844	-82.1926
2gsk_74w.pdb	0.0185185	10.912	19.189	-81.2644
2gsk_96w.pdb	0	15.929	26.785	-80.6142
2gsk_19w.pdb	0	14.079	29.198	-78.7838
2gsk_84w.pdb	0	13.451	24.280	-77.8595
2gsk_5w.pdb	0	15.272	33.466	-77.4665
2gsk_36w.pdb	0	12.801	25.098	-77.3335
2gsk_46w.pdb	0	12.971	23.525	-76.6461
2gsk_73w.pdb	0	12.357	22.121	-75.8381
2gsk_83w.pdb	0	11.274	20.415	-75.1766
2gsk_81w.pdb	0	12.193	28.899	-73.4973
2gsk_53w.pdb	0	12.698	23.867	-73.3954
2gsk_89w.pdb	0	9.509	16.977	-73.0922
2gsk_95w.pdb	0	14.821	29.770	-72.8478
2gsk_15w.pdb	0	14.856	30.748	-72.8388
2gsk_80w.pdb	0	8.809	22.901	-72.5959
2gsk_20w.pdb	0	16.540	30.755	-71.0646
2gsk_58w.pdb	0	11.481	21.624	-70.9337
2gsk_87w.pdb	0	14.244	24.391	-69.3864
2gsk_22w.pdb	0	10.476	19.008	-68.11862
2gsk_42w.pdb	0	14.248	25.808	-67.5154
2gsk_60w.pdb	0	14.405	28.669	-67.51072
2gsk_13w.pdb	0	10.065	21.908	-67.5046
2gsk_66w.pdb	0	15.830	26.928	-67.47303
2gsk_11w.pdb	0	15.486	25.965	-67.4701
2gsk_63w.pdb	0	14.135	27.261	-66.5893
2gsk_4w.pdb	0	13.312	24.927	-65.8379
2gsk_76w.pdb	0	14.107	29.379	-65.681436
2gsk_52w.pdb	0	14.085	26.561	-64.4378
2gsk_40w.pdb	0	17.167	29.319	-64.0106
2gsk_23w.pdb	0	12.355	22.889	-63.7516
2gsk_7w.pdb	0	14.017	25.729	-62.2715
2gsk_24w.pdb	0	16.551	30.161	-62.12732964
2gsk_1w.pdb	0	15.902	30.563	-61.95387
2gsk_29w.pdb	0.0185185	14.588	25.932	-61.7937
2gsk_35w.pdb	0	13.683	27.892	-61.21666
2gsk_57w.pdb	0	12.773	21.625	-59.5781
2gsk_8w.pdb	0	17.803	31.223	-59.2437
2gsk_59w.pdb	0	12.945	30.000	-58.4436
2gsk_55w.pdb	0	15.963	29.342	-57.70935
2gsk_26w.pdb	0	16.210	37.458	-57.0184
2gsk_6w.pdb	0	11.274	20.984	-55.19208
2gsk_75w.pdb	0	10.605	19.641	-52.6394
2gsk_2w.pdb	0	13.270	23.453	-51.98283
2gsk_67w.pdb	0	15.561	26.177	-48.1808
2gsk_3w.pdb	0	15.992	30.409	-45.7593
2gsk_10w.pdb	0	7.746	16.213	-43.1263
2gsk_82w.pdb	0	12.818	24.042	-38.057
2gsk_98w.pdb	0	13.700	27.734	-18.6759
2gsk_56w.pdb	0	125.228	143.200	181.33436
2gsk_50w.pdb	0	135.945	130.272	370.5892
2gsk_68w.pdb	0	13.306	26.187	3362460.01588
				
				
