2bs2_76w.pdb	0.0	22.058	40.833	-268.6618
2bs2_85w.pdb	0.0	24.869	49.678	-265.4735
2bs2_99w.pdb	0.0	20.948	35.824	-251.8504
2bs2_41w.pdb	0.0	16.201	41.57	-244.0645
2bs2_68w.pdb	0.0	18.633	46.709	-229.4472
2bs2_54w.pdb	0.0	30.991	42.636	-228.6711
2bs2_91w.pdb	0.0	15.556	45.631	-227.3819
2bs2_92w.pdb	0.0	18.443	37.699	-225.57138
2bs2_93w.pdb	0.0	27.117	43.334	-224.2039
2bs2_33w.pdb	0.0	13.793	45.702	-223.3502
2bs2_55w.pdb	0.0	20.988	34.168	-218.9223
2bs2_82w.pdb	0.0	21.173	37.301	-215.2887
2bs2_56w.pdb	0.0	14.956	32.366	-213.75823
2bs2_97w.pdb	0.0	33.332	46.57	-206.9297
2bs2_88w.pdb	0.0	30.168	44.014	-202.2992
2bs2_36w.pdb	0.0	24.614	43.513	-189.2791
2bs2_78w.pdb	0.0	16.478	44.493	-186.5419
2bs2_71w.pdb	0.0	24.148	47.7	-185.58774
2bs2_34w.pdb	0.0	16.427	45.506	-183.90971
2bs2_27w.pdb	0.0134228	19.365	30.09	-183.1053
2bs2_83w.pdb	0.0	32.118	45.801	-182.3505
2bs2_18w.pdb	0.0	22.833	40.075	-181.9867
2bs2_62w.pdb	0.0	12.661	34.255	-181.66939
2bs2_26w.pdb	0.0	14.988	40.93	-180.5
2bs2_28w.pdb	0.0	32.403	50.186	-179.4019
2bs2_86w.pdb	0.0	16.72	36.575	-178.5259
2bs2_75w.pdb	0.0	21.52	38.048	-177.2625
2bs2_51w.pdb	0.0	22.883	42.049	-173.49552
2bs2_38w.pdb	0.0	25.35	42.806	-172.8936
2bs2_61w.pdb	0.0	23.514	44.98	-171.78
2bs2_9w.pdb	0.0	24.857	35.675	-170.8704
2bs2_46w.pdb	0.0	18.921	47.766	-169.7664
2bs2_80w.pdb	0.0	26.234	48.738	-169.7608
2bs2_60w.pdb	0.0	19.953	36.341	-169.6592
2bs2_7w.pdb	0.0	15.635	37.272	-168.6361
2bs2_87w.pdb	0.0	15.309	41.586	-168.2001
2bs2_20w.pdb	0.0	20.792	31.399	-168.18359
2bs2_35w.pdb	0.0	21.231	47.184	-168.1278
2bs2_5w.pdb	0.0	24.232	44.404	-166.4887
2bs2_14w.pdb	0.0	24.727	51.989	-166.1189
2bs2_6w.pdb	0.0	27.332	43.388	-165.1551
2bs2_73w.pdb	0.0	24.128	42.073	-164.3141
2bs2_64w.pdb	0.0	18.432	46.164	-164.2619
2bs2_100w.pdb	0.0	17.054	45.291	-164.18936
2bs2_50w.pdb	0.0	21.814	41.073	-163.5007
2bs2_32w.pdb	0.0	21.984	36.679	-162.68221
2bs2_98w.pdb	0.0	22.038	49.338	-160.766
2bs2_31w.pdb	0.0	21.652	32.259	-160.30104
2bs2_77w.pdb	0.0	15.51	44.714	-159.996
2bs2_70w.pdb	0.0	11.435	36.651	-159.7408
2bs2_24w.pdb	0.0	28.542	42.712	-158.33883
2bs2_57w.pdb	0.0	16.846	27.937	-157.5604
2bs2_72w.pdb	0.0	25.931	38.889	-157.42505
2bs2_16w.pdb	0.0	23.476	45.268	-154.599
2bs2_39w.pdb	0.0	22.37	40.868	-152.5187
2bs2_69w.pdb	0.0	15.243	42.355	-151.12517
2bs2_2w.pdb	0.0	24.248	49.437	-149.0078
2bs2_63w.pdb	0.0	27.039	51.13	-148.9562
2bs2_22w.pdb	0.0	35.366	54.774	-148.1542
2bs2_96w.pdb	0.0	26.888	42.897	-147.15968
2bs2_42w.pdb	0.0	24.734	43.395	-145.0793
2bs2_47w.pdb	0.0	20.674	36.356	-144.33224
2bs2_90w.pdb	0.0	20.546	44.949	-144.21962418
2bs2_40w.pdb	0.0	30.174	43.133	-144.2044
2bs2_94w.pdb	0.0	17.031	39.147	-143.22748
2bs2_15w.pdb	0.0	22.636	42.13	-142.66932
2bs2_29w.pdb	0.0	8.176	28.229	-142.4517
2bs2_95w.pdb	0.0	19.754	50.482	-141.783492
2bs2_12w.pdb	0.0	26.62	39.891	-140.991
2bs2_53w.pdb	0.0	18.844	35.33	-140.04106
2bs2_48w.pdb	0.0	20.587	46.096	-137.1267
2bs2_37w.pdb	0.0	13.105	33.748	-136.8016
2bs2_49w.pdb	0.0	22.546	44.257	-135.73195
2bs2_21w.pdb	0.0	26.523	37.459	-134.3827
2bs2_30w.pdb	0.0	28.012	41.8	-132.7963
2bs2_13w.pdb	0.0	28.221	45.174	-131.25088
2bs2_8w.pdb	0.0	23.314	46.363	-129.23533
2bs2_52w.pdb	0.0	13.695	35.601	-126.73992
2bs2_66w.pdb	0.0	24.812	38.133	-124.84248
2bs2_65w.pdb	0.0	28.122	43.041	-122.6161
2bs2_74w.pdb	0.0	12.592	22.754	-119.38708
2bs2_43w.pdb	0.0	4.334	21.02	-110.23361
2bs2_17w.pdb	0.0	24.659	46.938	-110.2009
2bs2_10w.pdb	0.0	19.898	45.427	-108.52313
2bs2_19w.pdb	0.0217391	19.062	44.211	-105.522038
2bs2_1w.pdb	0.0	18.406	41.49	-105.454486
2bs2_11w.pdb	0.0	11.957	43.55	-104.83432
2bs2_23w.pdb	0.0	14.166	47.236	-99.41275
2bs2_25w.pdb	0.0	23.906	48.991	-97.6361
2bs2_3w.pdb	0.0	21.659	37.572	-96.36749
2bs2_58w.pdb	0.0	25.601	38.981	-92.1174
2bs2_67w.pdb	0.0	8.327	22.873	-87.02157
2bs2_45w.pdb	0.0	23.613	41.82	-86.2205
2bs2_4w.pdb	0.0	20.17	44.833	-74.019816
2bs2_44w.pdb	0.0	20.323	41.575	1456.111
2bs2_59w.pdb	0.0	9.775	23.07	1539.33495
2bs2_84w.pdb	0.0	18.411	29.085	1540.51208
2bs2_81w.pdb	0.0	14.424	20.686	1623.8573
2bs2_79w.pdb	0.00671141	22.425	34.218	8349004.5933
2bs2_89w.pdb	0.0	20.153	45.725	25704328.7122
				
				
