swarm_50_49.pdb	0	23.327	36.482	34.936
swarm_45_65.pdb	0	15.518	31.189	34.581
swarm_50_179.pdb	0	17.100	31.902	33.529
swarm_60_177.pdb	0	14.927	32.587	33.292
swarm_43_44.pdb	0	20.085	53.172	33.218
swarm_49_68.pdb	0	17.328	39.667	33.156
swarm_14_4.pdb	0	15.777	43.199	33.055
swarm_28_144.pdb	0	29.796	71.180	32.436
swarm_147_94.pdb	0	32.894	67.468	32.319
swarm_45_17.pdb	0.0113636	20.495	38.837	32.135
swarm_20_161.pdb	0	30.220	64.671	31.868
swarm_37_34.pdb	0	32.592	66.700	31.077
swarm_53_9.pdb	0	16.016	32.017	30.924
swarm_48_87.pdb	0	30.635	50.224	30.899
swarm_54_177.pdb	0	19.122	38.446	30.697
swarm_126_79.pdb	0	23.467	53.583	30.256
swarm_25_139.pdb	0	18.255	38.241	29.974
swarm_9_53.pdb	0	28.169	72.434	29.714
swarm_147_184.pdb	0	28.572	65.677	29.713
swarm_36_113.pdb	0	42.591	89.880	29.594
swarm_101_78.pdb	0.0113636	18.812	34.640	29.188
swarm_100_125.pdb	0	31.986	62.672	29.140
swarm_39_26.pdb	0	31.317	68.722	29.092
swarm_51_31.pdb	0	19.953	32.937	28.989
swarm_7_85.pdb	0	28.228	61.859	28.580
swarm_112_139.pdb	0	30.278	68.139	28.567
swarm_21_38.pdb	0	25.901	60.339	28.564
swarm_51_24.pdb	0	24.727	38.366	28.358
swarm_111_43.pdb	0	31.237	70.496	28.061
swarm_58_50.pdb	0	24.343	39.706	27.986
swarm_49_110.pdb	0	16.446	42.175	27.865
swarm_38_126.pdb	0	24.716	57.317	27.800
swarm_44_143.pdb	0.0227273	18.760	34.896	27.650
swarm_58_84.pdb	0	12.664	25.232	27.558
swarm_112_0.pdb	0	29.348	65.906	27.468
swarm_38_5.pdb	0	28.901	70.584	27.424
swarm_43_40.pdb	0	28.283	60.672	27.352
swarm_5_68.pdb	0	36.087	79.705	27.294
swarm_55_131.pdb	0.397727	2.275	3.987	27.253
swarm_34_183.pdb	0	39.342	91.601	27.223
swarm_148_114.pdb	0	26.251	63.110	27.139
swarm_33_195.pdb	0	30.092	48.666	27.091
swarm_56_168.pdb	0	20.054	46.863	27.086
swarm_50_79.pdb	0.0340909	18.518	34.187	27.070
swarm_23_76.pdb	0	18.967	33.791	27.038
swarm_52_141.pdb	0	14.683	29.240	27.017
swarm_148_110.pdb	0	31.985	63.938	26.973
swarm_32_151.pdb	0	24.578	47.706	26.969
swarm_11_67.pdb	0	28.898	73.657	26.946
swarm_42_18.pdb	0	33.588	78.010	26.877
swarm_14_157.pdb	0	25.312	54.659	26.866
swarm_43_114.pdb	0	20.721	49.162	26.784
swarm_39_113.pdb	0	30.024	69.288	26.772
swarm_3_174.pdb	0	41.938	89.096	26.762
swarm_21_198.pdb	0	18.994	52.344	26.702
swarm_59_190.pdb	0	23.472	45.480	26.647
swarm_28_123.pdb	0	30.592	69.947	26.531
swarm_23_151.pdb	0	27.783	44.573	26.525
swarm_72_100.pdb	0	16.954	32.387	26.494
swarm_60_99.pdb	0	11.254	23.179	26.382
swarm_18_85.pdb	0	29.570	68.692	26.377
swarm_28_41.pdb	0	25.710	58.014	26.337
swarm_52_101.pdb	0	20.168	38.243	26.330
swarm_39_108.pdb	0	26.741	62.491	26.309
swarm_48_158.pdb	0	21.121	43.585	26.121
swarm_92_107.pdb	0	32.207	57.784	26.014
swarm_128_42.pdb	0	24.382	50.971	25.999
swarm_111_60.pdb	0	31.291	72.356	25.959
swarm_28_100.pdb	0	31.922	69.859	25.867
swarm_38_41.pdb	0	27.045	65.018	25.831
swarm_55_180.pdb	0.0113636	23.811	40.563	25.737
swarm_150_178.pdb	0	25.773	53.785	25.736
swarm_107_113.pdb	0	29.923	64.715	25.706
swarm_47_78.pdb	0	23.986	43.209	25.642
swarm_59_193.pdb	0	20.601	35.028	25.547
swarm_95_176.pdb	0	38.915	89.458	25.508
swarm_113_97.pdb	0	31.412	69.632	25.492
swarm_52_45.pdb	0	23.173	38.665	25.488
swarm_58_36.pdb	0	24.755	43.695	25.468
swarm_7_107.pdb	0	27.256	69.196	25.448
swarm_53_29.pdb	0.0227273	17.202	35.967	25.447
swarm_37_173.pdb	0	30.415	63.264	25.444
swarm_152_43.pdb	0	12.572	22.207	25.394
swarm_52_154.pdb	0	8.853	15.200	25.389
swarm_107_184.pdb	0	29.414	66.924	25.358
swarm_14_140.pdb	0	29.928	61.706	25.317
swarm_41_113.pdb	0	39.341	90.927	25.234
swarm_58_145.pdb	0	18.842	33.303	24.996
swarm_39_179.pdb	0	23.858	52.424	24.975
swarm_27_136.pdb	0	33.344	81.224	24.963
swarm_105_161.pdb	0	35.307	67.654	24.957
swarm_50_22.pdb	0	15.703	32.683	24.917
swarm_34_196.pdb	0	28.550	78.333	24.898
swarm_145_151.pdb	0	24.835	55.091	24.882
swarm_22_136.pdb	0	13.016	22.720	24.870
swarm_59_77.pdb	0	19.916	40.746	24.857
swarm_58_13.pdb	0	16.000	28.539	24.814
swarm_15_58.pdb	0	24.987	54.649	24.761
swarm_107_107.pdb	0	28.034	68.394	24.666
swarm_39_88.pdb	0	30.365	63.357	24.651
swarm_34_140.pdb	0	41.051	88.028	24.641
swarm_70_140.pdb	0	24.179	55.931	24.627
swarm_9_80.pdb	0	38.149	85.226	24.577
swarm_21_8.pdb	0	24.873	61.020	24.546
swarm_17_92.pdb	0	34.233	84.425	24.530
swarm_66_45.pdb	0	24.567	43.606	24.500
swarm_45_105.pdb	0	23.883	40.977	24.367
swarm_44_164.pdb	0	30.439	48.797	24.320
swarm_73_4.pdb	0	25.986	52.883	24.315
swarm_59_73.pdb	0	13.850	28.874	24.300
swarm_45_111.pdb	0	16.279	31.760	24.289
swarm_8_74.pdb	0	30.826	78.292	24.287
swarm_42_143.pdb	0	39.750	88.042	24.245
swarm_47_149.pdb	0	10.310	19.261	24.222
swarm_20_56.pdb	0	31.617	68.643	24.207
swarm_47_109.pdb	0.0795455	17.509	32.425	24.051
swarm_59_196.pdb	0	20.307	41.336	24.049
swarm_7_129.pdb	0	32.636	76.289	24.023
swarm_126_110.pdb	0	32.234	65.764	24.003
swarm_54_118.pdb	0	27.325	48.014	23.979
swarm_3_41.pdb	0	35.195	81.033	23.965
swarm_44_28.pdb	0	14.072	24.694	23.943
swarm_20_42.pdb	0	29.953	73.564	23.918
swarm_134_116.pdb	0	28.564	62.552	23.893
swarm_135_100.pdb	0	37.912	82.504	23.862
swarm_25_67.pdb	0	11.919	23.623	23.839
swarm_48_168.pdb	0	18.015	40.550	23.789
swarm_63_7.pdb	0	23.872	48.851	23.705
swarm_110_36.pdb	0	35.295	89.172	23.697
swarm_105_70.pdb	0	34.091	69.325	23.686
swarm_23_64.pdb	0	25.158	39.255	23.644
swarm_105_193.pdb	0	30.574	68.765	23.603
swarm_53_101.pdb	0	22.710	38.648	23.597
swarm_48_73.pdb	0	23.877	46.786	23.577
swarm_39_71.pdb	0	28.474	65.866	23.524
swarm_41_129.pdb	0	36.907	77.061	23.509
swarm_74_77.pdb	0	44.434	102.847	23.500
swarm_148_128.pdb	0	31.821	64.675	23.478
swarm_112_105.pdb	0	28.314	59.078	23.453
swarm_55_126.pdb	0	10.515	19.803	23.441
swarm_140_199.pdb	0	22.201	44.198	23.433
swarm_136_114.pdb	0	39.469	94.842	23.431
swarm_54_6.pdb	0	27.099	43.968	23.390
swarm_133_179.pdb	0	31.820	72.649	23.372
swarm_41_120.pdb	0	25.645	75.925	23.345
swarm_44_18.pdb	0	13.517	33.143	23.320
swarm_22_99.pdb	0	27.964	44.911	23.249
swarm_151_109.pdb	0	29.443	46.319	23.229
swarm_5_124.pdb	0	37.277	83.589	23.088
swarm_88_46.pdb	0	24.855	49.441	23.079
swarm_126_161.pdb	0	29.472	64.868	23.056
swarm_8_64.pdb	0	35.364	86.001	23.003
swarm_118_64.pdb	0	28.417	69.126	23.000
swarm_32_158.pdb	0.0227273	35.286	69.792	22.981
swarm_143_82.pdb	0	27.280	67.861	22.963
swarm_58_55.pdb	0	17.613	33.838	22.959
swarm_8_129.pdb	0	31.421	74.529	22.939
swarm_43_11.pdb	0	28.464	63.770	22.928
swarm_18_65.pdb	0	31.108	68.402	22.916
swarm_148_135.pdb	0	24.073	54.076	22.911
swarm_29_137.pdb	0	35.119	76.209	22.910
swarm_136_68.pdb	0	39.597	88.438	22.905
swarm_126_102.pdb	0	24.339	57.528	22.901
swarm_148_191.pdb	0	30.545	62.758	22.885
swarm_138_5.pdb	0	30.051	80.508	22.884
swarm_17_148.pdb	0	33.974	83.786	22.861
swarm_32_22.pdb	0	22.911	54.420	22.826
swarm_21_182.pdb	0	28.817	67.672	22.818
swarm_27_156.pdb	0	37.306	82.085	22.811
swarm_21_75.pdb	0	29.923	67.269	22.781
swarm_94_145.pdb	0	35.584	95.239	22.746
swarm_43_195.pdb	0	27.922	58.504	22.732
swarm_125_58.pdb	0	32.236	73.934	22.711
swarm_27_133.pdb	0	37.084	82.638	22.705
swarm_53_118.pdb	0	19.230	37.196	22.693
swarm_29_76.pdb	0	36.621	79.672	22.674
swarm_124_43.pdb	0	28.478	66.813	22.653
swarm_145_14.pdb	0	31.877	62.903	22.625
swarm_148_91.pdb	0	27.999	58.802	22.612
swarm_134_17.pdb	0	26.869	63.175	22.593
swarm_60_48.pdb	0	21.682	36.599	22.571
swarm_108_27.pdb	0	25.423	44.929	22.527
swarm_152_165.pdb	0	21.191	40.874	22.509
swarm_143_120.pdb	0	35.782	83.611	22.454
swarm_10_132.pdb	0	33.425	68.802	22.444
swarm_55_128.pdb	0	14.799	23.354	22.405
swarm_75_81.pdb	0	35.444	70.844	22.396
swarm_148_119.pdb	0	27.619	60.678	22.388
swarm_148_35.pdb	0	28.309	61.085	22.359
swarm_54_136.pdb	0	31.435	51.989	22.343
swarm_26_55.pdb	0	35.077	83.933	22.339
swarm_137_77.pdb	0	31.855	82.610	22.335
swarm_3_157.pdb	0	40.620	88.676	22.333
swarm_19_164.pdb	0	29.036	75.338	22.329
swarm_25_172.pdb	0	17.604	34.238	22.323
swarm_31_48.pdb	0	21.871	45.689	22.314
swarm_114_13.pdb	0	31.630	70.301	22.311
swarm_105_45.pdb	0	30.645	69.208	22.287
swarm_121_124.pdb	0	34.800	77.271	22.259
swarm_60_140.pdb	0	17.691	38.779	22.244
swarm_47_98.pdb	0	18.877	37.723	22.239
swarm_151_27.pdb	0	29.452	48.324	22.236
swarm_45_88.pdb	0	18.085	31.917	22.217
swarm_147_171.pdb	0	32.761	73.774	22.211
swarm_36_34.pdb	0	40.715	83.639	22.198
swarm_26_168.pdb	0	28.740	81.937	22.168
swarm_132_56.pdb	0	40.828	103.125	22.131
swarm_7_166.pdb	0	30.615	71.014	22.123
swarm_40_1.pdb	0	31.250	66.698	22.067
swarm_38_61.pdb	0	25.472	62.873	22.050
swarm_143_45.pdb	0	35.878	84.435	22.046
swarm_26_155.pdb	0	32.552	78.192	22.037
swarm_150_74.pdb	0	30.709	55.645	22.022
swarm_52_75.pdb	0	15.956	25.737	22.013
swarm_106_53.pdb	0	24.380	58.465	22.002
swarm_93_149.pdb	0	28.245	56.149	21.999
swarm_106_149.pdb	0	34.095	70.449	21.986
swarm_146_101.pdb	0	31.990	67.690	21.974
swarm_26_171.pdb	0	33.243	76.586	21.940
swarm_36_56.pdb	0	33.723	83.714	21.927
swarm_16_159.pdb	0	30.184	67.813	21.905
swarm_3_135.pdb	0	32.796	90.301	21.891
swarm_56_142.pdb	0	21.561	48.341	21.829
swarm_95_26.pdb	0	36.286	93.435	21.813
swarm_28_13.pdb	0	32.709	67.900	21.797
swarm_152_104.pdb	0	18.969	35.675	21.774
swarm_67_18.pdb	0	29.039	62.039	21.759
swarm_55_116.pdb	0	16.996	29.792	21.751
swarm_106_125.pdb	0	34.376	72.019	21.745
swarm_90_3.pdb	0	34.147	77.436	21.731
swarm_109_191.pdb	0	34.842	69.554	21.719
swarm_36_37.pdb	0	41.013	89.580	21.715
swarm_40_83.pdb	0	28.451	72.560	21.691
swarm_5_15.pdb	0	39.458	86.165	21.685
swarm_116_132.pdb	0	29.656	61.757	21.656
swarm_128_77.pdb	0	28.630	62.403	21.645
swarm_132_75.pdb	0	39.585	86.971	21.604
swarm_48_197.pdb	0	22.068	44.050	21.588
swarm_124_46.pdb	0	32.373	71.859	21.582
swarm_127_29.pdb	0.0681818	22.295	54.561	21.552
swarm_135_199.pdb	0	30.681	60.953	21.519
swarm_44_169.pdb	0	18.515	31.223	21.498
swarm_132_121.pdb	0	34.005	89.645	21.497
swarm_123_135.pdb	0	31.501	72.874	21.496
swarm_27_106.pdb	0	30.568	80.474	21.480
swarm_97_18.pdb	0	33.697	68.532	21.471
swarm_3_15.pdb	0	41.383	93.893	21.464
swarm_112_141.pdb	0	27.709	70.982	21.445
swarm_17_134.pdb	0	43.800	100.084	21.431
swarm_102_34.pdb	0	36.406	85.253	21.431
swarm_15_0.pdb	0	31.258	65.884	21.427
swarm_19_8.pdb	0	32.305	78.340	21.413
swarm_128_124.pdb	0	20.230	51.411	21.399
swarm_9_186.pdb	0	26.340	64.838	21.380
swarm_14_105.pdb	0	26.180	58.923	21.359
swarm_45_95.pdb	0	11.545	18.933	21.346
swarm_38_63.pdb	0	22.186	58.020	21.340
swarm_33_33.pdb	0	26.649	45.525	21.339
swarm_45_162.pdb	0.0113636	16.417	29.163	21.318
swarm_17_3.pdb	0	43.161	99.162	21.313
swarm_56_196.pdb	0	29.897	50.420	21.283
swarm_115_19.pdb	0	31.613	59.405	21.204
swarm_29_130.pdb	0	35.671	83.686	21.190
swarm_140_102.pdb	0	23.731	47.010	21.188
swarm_122_87.pdb	0	34.058	75.625	21.166
swarm_14_125.pdb	0	27.178	55.783	21.126
swarm_104_177.pdb	0	32.797	71.858	21.124
swarm_151_48.pdb	0	27.795	53.669	21.104
swarm_117_152.pdb	0	39.334	89.723	21.097
swarm_6_89.pdb	0	28.266	73.769	21.085
swarm_123_187.pdb	0	29.978	77.379	21.084
swarm_36_123.pdb	0	33.038	77.675	21.064
swarm_119_17.pdb	0	33.777	82.607	21.048
swarm_11_154.pdb	0	31.859	74.988	20.987
swarm_134_121.pdb	0	25.653	59.236	20.986
swarm_12_197.pdb	0	33.464	76.020	20.970
swarm_35_138.pdb	0	32.299	68.937	20.965
swarm_141_64.pdb	0	35.571	89.492	20.942
swarm_45_159.pdb	0	8.890	14.617	20.928
swarm_56_109.pdb	0.0340909	18.246	34.819	20.906
swarm_41_2.pdb	0	34.184	84.679	20.887
swarm_111_45.pdb	0	39.470	76.658	20.874
swarm_148_57.pdb	0	33.350	65.250	20.870
swarm_22_191.pdb	0.0113636	23.816	46.648	20.804
swarm_13_18.pdb	0	29.504	59.092	20.802
swarm_20_181.pdb	0	27.247	64.250	20.740
swarm_44_65.pdb	0	21.681	44.070	20.730
swarm_27_130.pdb	0	30.257	77.423	20.725
swarm_53_168.pdb	0	29.696	45.984	20.702
swarm_68_133.pdb	0	21.099	37.818	20.695
swarm_62_92.pdb	0	35.935	78.103	20.691
swarm_136_7.pdb	0	42.709	96.726	20.683
swarm_42_194.pdb	0	31.565	78.309	20.680
swarm_8_7.pdb	0	33.237	86.413	20.669
swarm_48_41.pdb	0	20.773	46.258	20.629
swarm_40_175.pdb	0	28.252	76.137	20.628
swarm_49_40.pdb	0	20.948	44.090	20.623
swarm_152_47.pdb	0	24.615	42.676	20.584
swarm_136_82.pdb	0	42.495	92.333	20.579
swarm_114_138.pdb	0	25.724	58.463	20.576
swarm_68_112.pdb	0	29.617	55.394	20.533
swarm_88_63.pdb	0	21.391	44.119	20.530
swarm_23_79.pdb	0	24.864	41.369	20.521
swarm_64_154.pdb	0	35.535	69.962	20.511
swarm_81_15.pdb	0	28.071	60.769	20.508
swarm_113_93.pdb	0.0454545	26.973	64.582	20.501
swarm_101_124.pdb	0	23.698	49.004	20.498
swarm_139_102.pdb	0	36.286	75.029	20.475
swarm_127_40.pdb	0.0113636	26.991	64.163	20.458
swarm_123_176.pdb	0	28.013	71.957	20.457
swarm_142_20.pdb	0	27.199	65.166	20.456
swarm_65_153.pdb	0	30.347	64.649	20.439
swarm_123_155.pdb	0	29.661	68.634	20.434
swarm_6_192.pdb	0	30.539	74.402	20.403
swarm_125_15.pdb	0	31.029	73.177	20.390
swarm_34_113.pdb	0	38.865	92.799	20.380
swarm_4_88.pdb	0	39.297	88.305	20.371
swarm_110_87.pdb	0	32.303	80.120	20.359
swarm_144_80.pdb	0	33.369	69.874	20.338
swarm_12_135.pdb	0	26.275	66.574	20.332
swarm_128_47.pdb	0	22.314	60.627	20.326
swarm_113_1.pdb	0	30.032	66.950	20.316
swarm_23_103.pdb	0	23.974	41.284	20.314
swarm_115_193.pdb	0	27.254	50.537	20.308
swarm_59_74.pdb	0	16.350	28.689	20.298
swarm_129_161.pdb	0	32.364	75.193	20.294
swarm_66_15.pdb	0	24.330	45.508	20.293
swarm_133_104.pdb	0	27.653	65.298	20.290
swarm_7_71.pdb	0	31.864	78.497	20.286
swarm_132_70.pdb	0	43.905	98.017	20.284
swarm_11_73.pdb	0	32.116	74.686	20.284
swarm_68_92.pdb	0	26.813	49.175	20.272
swarm_136_128.pdb	0	38.760	99.636	20.266
swarm_21_130.pdb	0	23.820	59.903	20.262
swarm_38_165.pdb	0	24.847	51.359	20.259
swarm_72_146.pdb	0	31.707	54.395	20.249
swarm_88_83.pdb	0	26.814	51.883	20.237
swarm_72_23.pdb	0	26.599	50.811	20.221
swarm_42_123.pdb	0	35.185	85.345	20.215
swarm_73_45.pdb	0	28.177	59.046	20.197
swarm_17_190.pdb	0	35.371	83.835	20.189
swarm_25_168.pdb	0	21.602	44.402	20.153
swarm_124_126.pdb	0	37.882	82.377	20.147
swarm_26_146.pdb	0	32.288	85.162	20.142
swarm_145_199.pdb	0	28.232	66.077	20.134
swarm_151_125.pdb	0	31.927	51.638	20.133
swarm_34_108.pdb	0	39.086	94.767	20.132
swarm_14_85.pdb	0	27.165	54.681	20.126
swarm_68_199.pdb	0.0227273	24.833	46.154	20.113
swarm_61_63.pdb	0	27.215	60.702	20.113
swarm_54_91.pdb	0	22.104	44.094	20.112
swarm_136_162.pdb	0	38.742	89.571	20.110
swarm_6_45.pdb	0	36.407	81.029	20.094
swarm_120_1.pdb	0	32.930	67.322	20.092
swarm_24_148.pdb	0	38.850	79.071	20.085
swarm_41_147.pdb	0	40.129	85.755	20.063
swarm_97_1.pdb	0	39.014	76.645	20.020
swarm_54_180.pdb	0	27.780	45.494	19.995
swarm_10_7.pdb	0	24.109	59.632	19.991
swarm_142_74.pdb	0	34.252	72.628	19.989
swarm_95_146.pdb	0	41.141	94.366	19.982
swarm_139_54.pdb	0	33.765	75.219	19.981
swarm_36_99.pdb	0	38.605	90.066	19.975
swarm_132_8.pdb	0	39.299	101.548	19.974
swarm_131_179.pdb	0	34.420	73.290	19.955
swarm_127_110.pdb	0	33.322	63.758	19.954
swarm_13_14.pdb	0.0454545	31.431	63.417	19.944
swarm_93_167.pdb	0	27.119	52.381	19.930
swarm_49_41.pdb	0	17.504	51.150	19.928
swarm_26_164.pdb	0	36.202	78.357	19.926
swarm_13_165.pdb	0.0113636	35.511	63.864	19.926
swarm_52_134.pdb	0	16.513	25.394	19.915
swarm_71_13.pdb	0	28.782	66.556	19.913
swarm_141_133.pdb	0	33.288	84.089	19.907
swarm_56_127.pdb	0	30.875	49.644	19.903
swarm_70_4.pdb	0	26.741	55.821	19.887
swarm_20_45.pdb	0	31.726	67.260	19.863
swarm_54_58.pdb	0	23.680	41.305	19.861
swarm_115_109.pdb	0	25.257	59.237	19.842
swarm_127_160.pdb	0	23.290	49.985	19.836
swarm_56_170.pdb	0	17.847	35.974	19.834
swarm_144_83.pdb	0	39.209	80.200	19.831
swarm_36_33.pdb	0	34.915	82.158	19.804
swarm_124_179.pdb	0	33.033	72.672	19.803
swarm_94_70.pdb	0	37.823	89.910	19.768
swarm_119_195.pdb	0	30.558	77.312	19.758
swarm_95_22.pdb	0	40.548	97.347	19.739
swarm_149_115.pdb	0	27.900	56.630	19.731
swarm_52_71.pdb	0	24.214	42.776	19.681
swarm_152_160.pdb	0	21.001	42.951	19.664
swarm_112_4.pdb	0	27.043	64.423	19.660
swarm_45_176.pdb	0	17.346	33.262	19.654
swarm_32_6.pdb	0	20.712	50.458	19.651
swarm_33_186.pdb	0	23.519	44.837	19.646
swarm_99_144.pdb	0	30.582	70.547	19.638
swarm_31_117.pdb	0.0568182	27.750	52.210	19.631
swarm_36_183.pdb	0	29.285	74.636	19.624
swarm_123_115.pdb	0	33.969	79.914	19.623
swarm_129_175.pdb	0	30.425	59.766	19.607
swarm_109_106.pdb	0	33.530	68.398	19.607
swarm_108_100.pdb	0	28.409	50.711	19.597
swarm_135_76.pdb	0	33.918	73.206	19.582
swarm_100_139.pdb	0	30.062	62.720	19.582
swarm_74_34.pdb	0	43.488	95.692	19.572
swarm_86_6.pdb	0	32.236	72.483	19.567
swarm_35_36.pdb	0	29.914	64.603	19.567
swarm_151_169.pdb	0	19.323	38.816	19.560
swarm_140_87.pdb	0	28.005	46.314	19.547
swarm_142_28.pdb	0	34.977	73.928	19.545
swarm_125_145.pdb	0	29.490	68.298	19.537
swarm_143_71.pdb	0	36.191	82.474	19.535
swarm_31_94.pdb	0	27.918	54.542	19.514
swarm_56_106.pdb	0	16.664	39.535	19.510
swarm_114_32.pdb	0	26.124	58.704	19.496
swarm_52_124.pdb	0	24.374	45.016	19.495
swarm_152_111.pdb	0	22.014	40.895	19.493
swarm_62_98.pdb	0	33.302	68.985	19.491
swarm_55_22.pdb	0	19.095	32.602	19.471
swarm_141_19.pdb	0	34.801	76.336	19.466
swarm_126_171.pdb	0	25.532	56.520	19.462
swarm_113_77.pdb	0	35.783	75.498	19.444
swarm_106_17.pdb	0	24.033	65.256	19.423
swarm_71_167.pdb	0	26.471	60.195	19.420
swarm_104_139.pdb	0	30.879	72.567	19.404
swarm_123_126.pdb	0	34.136	79.496	19.382
swarm_19_41.pdb	0	27.999	74.288	19.372
swarm_143_113.pdb	0	30.763	79.944	19.368
swarm_48_16.pdb	0	21.561	42.030	19.360
swarm_6_168.pdb	0	36.664	86.870	19.342
swarm_72_153.pdb	0	22.917	41.745	19.337
swarm_31_158.pdb	0	23.584	55.736	19.328
swarm_22_78.pdb	0	13.131	25.010	19.327
swarm_134_27.pdb	0	19.256	46.350	19.325
swarm_94_176.pdb	0	39.128	94.530	19.319
swarm_85_156.pdb	0	21.493	43.784	19.319
swarm_53_32.pdb	0	20.198	34.854	19.318
swarm_37_95.pdb	0	36.651	72.798	19.306
swarm_98_19.pdb	0	34.004	66.099	19.303
swarm_126_108.pdb	0	22.765	56.985	19.297
swarm_144_11.pdb	0	42.651	87.245	19.267
swarm_40_53.pdb	0	33.754	73.423	19.262
swarm_29_191.pdb	0	28.810	80.160	19.262
swarm_4_112.pdb	0	42.537	92.290	19.250
swarm_28_79.pdb	0	30.025	71.160	19.250
swarm_9_77.pdb	0	39.469	81.385	19.242
swarm_12_155.pdb	0	32.663	74.591	19.231
swarm_110_120.pdb	0	33.516	82.358	19.221
swarm_12_34.pdb	0	27.682	70.891	19.191
swarm_82_51.pdb	0	31.405	80.550	19.155
swarm_134_128.pdb	0	30.676	65.317	19.142
swarm_152_99.pdb	0	20.757	41.554	19.140
swarm_91_4.pdb	0	40.050	82.279	19.133
swarm_55_76.pdb	0	16.658	33.851	19.109
swarm_23_36.pdb	0	21.813	43.349	19.102
swarm_10_168.pdb	0	30.657	63.665	19.102
swarm_149_117.pdb	0	29.701	59.795	19.098
swarm_148_13.pdb	0	34.394	67.107	19.091
swarm_124_2.pdb	0	33.324	75.363	19.076
swarm_141_184.pdb	0	34.814	79.139	19.067
swarm_99_130.pdb	0	31.637	65.333	19.060
swarm_148_129.pdb	0	33.875	67.965	19.041
swarm_70_139.pdb	0	25.930	52.865	19.036
swarm_147_156.pdb	0	27.170	57.564	19.032
swarm_86_161.pdb	0	28.420	67.135	19.030
swarm_17_65.pdb	0	43.017	97.145	19.030
swarm_139_18.pdb	0	35.883	80.007	19.022
swarm_6_156.pdb	0	33.854	83.908	19.019
swarm_61_163.pdb	0	29.077	65.137	19.008
swarm_50_26.pdb	0	25.403	41.105	19.004
swarm_139_53.pdb	0	29.427	77.082	18.999
swarm_89_97.pdb	0	46.294	103.375	18.994
swarm_131_41.pdb	0	33.906	71.232	18.981
swarm_82_128.pdb	0	38.273	89.036	18.980
swarm_35_60.pdb	0	34.945	74.012	18.980
swarm_71_22.pdb	0	33.003	67.500	18.976
swarm_149_114.pdb	0	31.597	66.224	18.969
swarm_114_140.pdb	0	33.083	66.653	18.962
swarm_73_110.pdb	0	28.642	54.579	18.935
swarm_112_86.pdb	0	36.923	81.064	18.926
swarm_39_28.pdb	0	32.182	65.539	18.912
swarm_67_154.pdb	0	31.588	62.343	18.911
swarm_147_121.pdb	0	36.305	71.466	18.910
swarm_86_130.pdb	0	31.181	64.383	18.895
swarm_3_21.pdb	0	38.880	91.934	18.895
swarm_32_175.pdb	0	25.248	57.945	18.884
swarm_55_173.pdb	0.0340909	7.705	15.072	18.883
swarm_73_62.pdb	0	19.846	40.776	18.879
swarm_3_84.pdb	0	36.808	92.662	18.871
swarm_2_26.pdb	0	29.586	62.847	18.860
swarm_151_39.pdb	0	30.097	52.159	18.860
swarm_116_73.pdb	0	30.888	63.595	18.854
swarm_37_145.pdb	0	26.437	61.098	18.852
swarm_143_92.pdb	0	29.783	74.021	18.852
swarm_21_144.pdb	0	34.781	69.635	18.849
swarm_54_4.pdb	0	25.371	45.318	18.842
swarm_130_84.pdb	0	30.745	70.810	18.842
swarm_130_10.pdb	0	23.228	61.348	18.819
swarm_27_134.pdb	0	40.985	91.212	18.812
swarm_9_117.pdb	0	30.806	75.037	18.809
swarm_35_62.pdb	0	30.328	66.247	18.804
swarm_89_192.pdb	0	36.232	95.979	18.777
swarm_107_29.pdb	0	25.636	60.799	18.771
swarm_135_185.pdb	0	31.672	74.679	18.759
swarm_54_123.pdb	0	19.077	41.154	18.751
swarm_3_169.pdb	0	39.364	93.685	18.748
swarm_140_118.pdb	0	30.565	50.162	18.701
swarm_131_143.pdb	0	31.866	68.642	18.698
swarm_135_127.pdb	0	29.472	75.261	18.684
swarm_86_182.pdb	0.0340909	26.014	69.184	18.661
swarm_141_119.pdb	0	36.490	82.414	18.661
swarm_31_71.pdb	0.0113636	31.797	60.130	18.660
swarm_14_100.pdb	0	24.231	53.704	18.654
swarm_43_22.pdb	0	27.840	60.036	18.636
swarm_143_41.pdb	0	34.450	82.358	18.636
swarm_104_46.pdb	0	38.571	82.596	18.634
swarm_67_116.pdb	0	34.629	71.839	18.627
swarm_49_145.pdb	0	17.128	38.009	18.617
swarm_150_156.pdb	0	28.558	51.666	18.600
swarm_14_58.pdb	0	22.330	50.613	18.588
swarm_61_134.pdb	0	29.520	67.992	18.574
swarm_137_180.pdb	0	39.997	95.836	18.572
swarm_121_3.pdb	0	32.536	76.612	18.553
swarm_4_22.pdb	0	34.078	92.369	18.538
swarm_48_165.pdb	0	31.963	54.583	18.529
swarm_24_178.pdb	0	33.260	70.443	18.529
swarm_59_112.pdb	0.0340909	24.387	45.834	18.513
swarm_8_35.pdb	0	28.658	74.199	18.509
swarm_31_60.pdb	0.0568182	27.463	58.170	18.506
swarm_107_185.pdb	0	30.079	59.079	18.486
swarm_16_116.pdb	0	31.330	69.118	18.462
swarm_146_40.pdb	0	35.033	75.074	18.449
swarm_100_70.pdb	0	33.191	64.688	18.447
swarm_61_98.pdb	0	29.105	63.014	18.445
swarm_69_25.pdb	0	28.642	56.672	18.435
swarm_107_89.pdb	0	29.350	66.316	18.435
swarm_76_24.pdb	0	32.199	62.767	18.426
swarm_4_196.pdb	0	43.415	97.594	18.421
swarm_117_178.pdb	0	37.751	88.610	18.419
swarm_107_168.pdb	0	29.884	67.387	18.414
swarm_150_16.pdb	0	25.858	55.565	18.413
swarm_38_198.pdb	0	27.016	57.079	18.401
swarm_33_187.pdb	0	27.117	49.837	18.395
swarm_32_100.pdb	0	29.092	56.551	18.395
swarm_103_39.pdb	0	31.829	73.118	18.392
swarm_125_59.pdb	0	33.821	73.196	18.389
swarm_82_195.pdb	0	32.293	85.008	18.382
swarm_84_139.pdb	0	34.496	85.978	18.377
swarm_103_109.pdb	0	37.033	78.616	18.375
swarm_140_25.pdb	0	17.999	33.421	18.371
swarm_125_43.pdb	0	31.044	70.516	18.368
swarm_1_11.pdb	0	33.518	68.882	18.352
swarm_2_58.pdb	0	38.664	73.242	18.345
swarm_61_117.pdb	0	24.924	53.733	18.342
swarm_133_101.pdb	0	30.617	73.734	18.341
swarm_69_188.pdb	0.0340909	31.791	63.797	18.335
swarm_49_140.pdb	0	24.054	50.399	18.335
swarm_48_162.pdb	0	22.912	43.547	18.332
swarm_30_16.pdb	0	32.020	73.424	18.330
swarm_15_43.pdb	0	24.833	61.424	18.326
swarm_148_115.pdb	0	27.704	65.103	18.303
swarm_6_181.pdb	0	30.997	75.304	18.295
swarm_70_159.pdb	0	20.519	46.809	18.285
swarm_149_178.pdb	0	28.807	57.047	18.285
swarm_152_195.pdb	0	8.293	18.521	18.261
swarm_11_118.pdb	0	26.568	66.107	18.236
swarm_45_99.pdb	0	25.904	41.222	18.235
swarm_85_68.pdb	0	30.330	60.282	18.232
swarm_64_5.pdb	0	29.047	59.520	18.230
swarm_57_191.pdb	0	30.497	71.037	18.222
swarm_80_62.pdb	0	20.830	43.723	18.215
swarm_9_141.pdb	0	34.835	86.567	18.212
swarm_45_157.pdb	0	13.669	20.917	18.203
swarm_110_168.pdb	0	38.291	92.321	18.189
swarm_80_125.pdb	0	31.637	55.824	18.186
swarm_20_6.pdb	0	29.931	68.210	18.179
swarm_33_139.pdb	0.0113636	28.795	53.279	18.176
swarm_124_135.pdb	0	28.481	63.290	18.173
swarm_31_123.pdb	0.0113636	25.049	46.611	18.170
swarm_47_94.pdb	0	20.178	37.277	18.166
swarm_125_49.pdb	0	30.859	66.126	18.160
swarm_5_82.pdb	0	40.627	87.612	18.158
swarm_116_16.pdb	0	30.308	59.995	18.156
swarm_106_140.pdb	0	31.238	64.432	18.153
swarm_31_35.pdb	0	26.191	53.396	18.136
swarm_31_135.pdb	0.0340909	24.382	54.755	18.121
swarm_86_177.pdb	0	27.639	67.208	18.105
swarm_17_2.pdb	0	38.822	96.757	18.089
swarm_42_75.pdb	0	35.877	86.305	18.088
swarm_149_16.pdb	0	31.026	62.590	18.088
swarm_118_161.pdb	0	35.902	81.406	18.085
swarm_83_54.pdb	0	37.282	84.498	18.084
swarm_73_153.pdb	0	32.871	66.061	18.068
swarm_43_50.pdb	0	24.434	56.368	18.063
swarm_137_33.pdb	0	36.971	89.431	18.062
swarm_104_17.pdb	0	31.696	73.015	18.056
swarm_99_53.pdb	0	36.454	77.040	18.052
swarm_148_7.pdb	0	30.211	68.318	18.043
swarm_67_106.pdb	0	30.487	63.876	18.018
swarm_55_64.pdb	0	28.696	45.865	18.015
swarm_94_107.pdb	0	40.807	98.284	18.014
swarm_32_156.pdb	0	27.649	51.079	18.012
swarm_141_48.pdb	0	36.268	84.098	18.010
swarm_132_32.pdb	0	43.876	94.173	18.008
swarm_140_166.pdb	0.0568182	19.680	42.387	17.995
swarm_30_10.pdb	0	25.299	69.375	17.989
swarm_140_79.pdb	0	14.544	28.544	17.988
swarm_2_16.pdb	0	29.210	59.579	17.987
swarm_95_17.pdb	0	37.349	87.702	17.986
swarm_66_48.pdb	0	26.583	50.008	17.985
swarm_26_101.pdb	0	34.777	78.164	17.984
swarm_8_107.pdb	0	32.571	71.072	17.966
swarm_6_157.pdb	0	37.835	85.604	17.959
swarm_140_120.pdb	0	20.098	41.473	17.947
swarm_80_27.pdb	0	21.578	43.593	17.930
swarm_91_42.pdb	0	29.609	80.487	17.928
swarm_60_102.pdb	0	18.748	37.106	17.927
swarm_19_10.pdb	0	37.344	79.827	17.927
swarm_113_92.pdb	0	34.399	67.510	17.919
swarm_122_134.pdb	0	33.917	80.113	17.901
swarm_101_29.pdb	0	18.687	33.888	17.901
swarm_57_72.pdb	0	30.630	67.649	17.891
swarm_121_69.pdb	0	28.224	68.985	17.890
swarm_55_89.pdb	0	17.503	32.380	17.887
swarm_68_25.pdb	0	29.558	54.209	17.884
swarm_134_135.pdb	0	28.542	63.711	17.879
swarm_118_32.pdb	0	30.697	74.501	17.875
swarm_115_32.pdb	0	33.870	60.872	17.855
swarm_12_121.pdb	0	32.920	68.722	17.832
swarm_116_149.pdb	0	31.031	60.895	17.829
swarm_66_173.pdb	0	26.025	50.093	17.825
swarm_140_67.pdb	0	19.298	38.062	17.823
swarm_97_106.pdb	0	30.817	71.992	17.819
swarm_133_167.pdb	0	32.092	74.267	17.816
swarm_115_153.pdb	0	33.100	57.199	17.809
swarm_93_27.pdb	0	24.305	47.988	17.806
swarm_104_107.pdb	0	37.673	82.084	17.800
swarm_20_60.pdb	0	28.859	67.864	17.792
swarm_90_56.pdb	0	41.073	88.637	17.790
swarm_33_19.pdb	0	21.474	40.598	17.788
swarm_146_160.pdb	0	34.803	76.813	17.788
swarm_53_182.pdb	0	20.500	32.397	17.771
swarm_19_1.pdb	0	39.388	89.058	17.758
swarm_145_2.pdb	0	29.701	66.140	17.757
swarm_89_54.pdb	0	42.062	103.525	17.746
swarm_32_4.pdb	0	29.507	55.646	17.738
swarm_24_104.pdb	0	35.422	70.236	17.733
swarm_151_80.pdb	0.0227273	14.660	38.497	17.721
swarm_133_18.pdb	0	32.178	75.610	17.689
swarm_45_84.pdb	0	10.920	20.325	17.688
swarm_139_2.pdb	0	33.065	83.318	17.661
swarm_30_167.pdb	0	26.319	64.458	17.650
swarm_11_175.pdb	0	32.379	81.691	17.648
swarm_4_23.pdb	0	41.482	97.532	17.640
swarm_103_99.pdb	0	32.688	80.041	17.604
swarm_102_13.pdb	0	36.521	87.164	17.583
swarm_132_165.pdb	0	44.596	98.755	17.582
swarm_103_30.pdb	0	29.858	73.000	17.573
swarm_53_14.pdb	0	12.657	22.339	17.571
swarm_71_141.pdb	0	29.803	62.030	17.569
swarm_61_182.pdb	0	31.228	61.160	17.567
swarm_107_12.pdb	0	37.012	76.930	17.564
swarm_85_169.pdb	0	18.857	47.910	17.561
swarm_85_16.pdb	0	30.456	58.038	17.560
swarm_126_81.pdb	0	34.582	75.254	17.556
swarm_43_167.pdb	0	20.530	53.109	17.555
swarm_5_141.pdb	0	34.369	82.767	17.552
swarm_14_11.pdb	0	20.852	54.171	17.551
swarm_7_147.pdb	0	31.189	79.825	17.532
swarm_62_89.pdb	0	29.266	69.443	17.524
swarm_114_102.pdb	0	29.080	57.878	17.522
swarm_151_170.pdb	0	17.365	33.643	17.516
swarm_60_98.pdb	0.0113636	16.741	32.167	17.513
swarm_134_58.pdb	0	25.493	60.033	17.511
swarm_61_110.pdb	0	25.962	59.471	17.506
swarm_108_65.pdb	0	29.366	49.490	17.500
swarm_70_86.pdb	0	31.558	63.697	17.496
swarm_23_111.pdb	0	26.377	45.587	17.490
swarm_99_25.pdb	0	30.691	61.099	17.484
swarm_1_64.pdb	0	35.742	72.766	17.482
swarm_110_127.pdb	0	42.800	96.762	17.481
swarm_75_166.pdb	0.0227273	24.860	62.299	17.467
swarm_21_163.pdb	0	21.347	56.207	17.462
swarm_4_103.pdb	0	36.043	88.330	17.432
swarm_64_26.pdb	0	26.197	53.692	17.412
swarm_145_66.pdb	0	21.750	58.092	17.410
swarm_101_43.pdb	0	29.139	54.152	17.395
swarm_84_150.pdb	0	38.910	88.556	17.387
swarm_99_171.pdb	0	29.954	68.767	17.384
swarm_7_154.pdb	0	30.954	65.429	17.378
swarm_126_193.pdb	0	27.851	61.949	17.372
swarm_67_124.pdb	0	29.009	69.934	17.365
swarm_32_116.pdb	0	31.331	62.704	17.362
swarm_19_65.pdb	0	38.169	84.690	17.362
swarm_92_146.pdb	0	30.330	60.751	17.355
swarm_16_119.pdb	0	25.708	71.482	17.343
swarm_147_23.pdb	0	24.127	68.593	17.323
swarm_42_69.pdb	0	36.384	81.406	17.311
swarm_73_161.pdb	0	29.794	57.400	17.308
swarm_91_144.pdb	0	32.983	68.795	17.302
swarm_4_39.pdb	0	34.436	82.672	17.300
swarm_100_0.pdb	0	35.305	64.781	17.300
swarm_30_152.pdb	0	22.168	60.379	17.299
swarm_79_26.pdb	0	37.515	82.443	17.288
swarm_152_32.pdb	0	16.171	34.044	17.286
swarm_60_148.pdb	0	19.183	33.826	17.284
swarm_114_96.pdb	0	30.411	62.410	17.276
swarm_97_87.pdb	0	32.254	68.020	17.263
swarm_91_26.pdb	0	35.105	78.303	17.257
swarm_57_166.pdb	0	29.844	66.862	17.256
swarm_28_152.pdb	0	32.533	77.438	17.254
swarm_101_144.pdb	0	27.067	55.851	17.251
swarm_96_47.pdb	0	37.996	81.350	17.249
swarm_93_181.pdb	0	23.279	43.417	17.239
swarm_60_70.pdb	0	15.609	26.795	17.228
swarm_15_49.pdb	0	28.098	59.717	17.215
swarm_43_56.pdb	0	34.454	65.862	17.209
swarm_5_95.pdb	0	34.672	93.636	17.202
swarm_29_14.pdb	0	27.192	77.886	17.190
swarm_40_183.pdb	0	33.312	74.900	17.179
swarm_110_24.pdb	0	41.292	98.005	17.166
swarm_6_84.pdb	0	38.095	86.525	17.164
swarm_103_131.pdb	0	38.177	82.215	17.164
swarm_5_130.pdb	0	30.782	77.348	17.155
swarm_42_46.pdb	0	37.893	89.730	17.154
swarm_29_11.pdb	0	27.943	74.134	17.154
swarm_41_197.pdb	0	35.916	81.435	17.153
swarm_59_129.pdb	0	16.386	32.286	17.148
swarm_32_196.pdb	0	30.881	61.775	17.137
swarm_74_170.pdb	0	40.559	99.101	17.129
swarm_47_131.pdb	0	13.118	20.880	17.123
swarm_55_12.pdb	0	26.843	47.605	17.120
swarm_39_192.pdb	0	28.140	71.468	17.111
swarm_30_127.pdb	0.0113636	26.440	65.532	17.110
swarm_92_113.pdb	0	35.242	64.667	17.104
swarm_87_116.pdb	0	30.159	59.810	17.103
swarm_149_99.pdb	0	30.630	60.560	17.097
swarm_99_96.pdb	0	27.629	59.560	17.085
swarm_18_84.pdb	0	30.140	73.758	17.083
swarm_37_93.pdb	0	29.068	57.010	17.077
swarm_108_93.pdb	0	23.357	46.562	17.076
swarm_69_148.pdb	0	28.418	52.779	17.060
swarm_100_61.pdb	0	27.941	55.912	17.060
swarm_132_21.pdb	0	40.183	95.301	17.052
swarm_100_197.pdb	0	25.780	54.361	17.049
swarm_149_31.pdb	0	30.037	59.578	17.038
swarm_127_56.pdb	0	29.431	63.806	17.025
swarm_106_145.pdb	0	25.426	57.836	17.025
swarm_34_85.pdb	0	34.688	81.841	17.009
swarm_134_92.pdb	0	23.681	60.963	17.008
swarm_150_105.pdb	0	20.181	48.347	17.003
swarm_101_114.pdb	0	24.883	50.214	17.003
swarm_85_49.pdb	0	24.145	50.806	16.994
swarm_142_180.pdb	0	37.217	75.259	16.988
swarm_78_172.pdb	0	35.106	90.591	16.979
swarm_116_27.pdb	0	28.750	60.371	16.978
swarm_129_137.pdb	0	32.631	71.516	16.975
swarm_36_146.pdb	0	37.723	90.564	16.974
swarm_80_67.pdb	0	30.417	58.541	16.968
swarm_6_117.pdb	0	34.590	79.124	16.964
swarm_47_68.pdb	0	18.326	31.628	16.964
swarm_84_80.pdb	0	39.634	87.011	16.963
swarm_112_151.pdb	0	37.629	73.681	16.963
swarm_54_151.pdb	0.0227273	14.346	32.232	16.961
swarm_103_113.pdb	0	30.389	70.153	16.944
swarm_133_60.pdb	0	32.152	74.809	16.938
swarm_57_153.pdb	0	25.953	63.722	16.936
swarm_70_194.pdb	0	27.184	61.681	16.932
swarm_77_70.pdb	0	43.275	100.348	16.914
swarm_43_151.pdb	0	20.061	52.774	16.913
swarm_18_143.pdb	0	30.609	63.943	16.903
swarm_124_26.pdb	0	31.498	78.040	16.902
swarm_89_37.pdb	0	40.742	92.864	16.899
swarm_129_75.pdb	0	31.936	69.969	16.896
swarm_56_97.pdb	0	13.521	39.759	16.893
swarm_34_141.pdb	0	37.927	83.969	16.893
swarm_54_66.pdb	0	15.277	27.525	16.891
swarm_2_173.pdb	0	35.595	71.002	16.888
swarm_122_23.pdb	0	31.820	74.522	16.873
swarm_134_169.pdb	0	26.796	62.437	16.856
swarm_67_12.pdb	0	30.935	61.521	16.853
swarm_93_37.pdb	0	27.243	46.487	16.850
swarm_42_103.pdb	0	34.617	81.007	16.840
swarm_37_138.pdb	0	27.379	57.889	16.831
swarm_129_62.pdb	0	29.189	74.057	16.829
swarm_8_27.pdb	0	35.358	85.055	16.818
swarm_138_76.pdb	0	38.094	90.718	16.816
swarm_60_118.pdb	0	29.382	50.447	16.812
swarm_20_154.pdb	0	27.921	73.599	16.811
swarm_27_98.pdb	0	32.755	87.149	16.799
swarm_68_70.pdb	0	32.968	54.926	16.797
swarm_100_104.pdb	0	27.611	62.992	16.791
swarm_15_38.pdb	0	27.217	59.892	16.773
swarm_51_47.pdb	0.0681818	15.760	32.705	16.769
swarm_4_110.pdb	0	31.372	84.039	16.765
swarm_108_76.pdb	0	18.537	44.379	16.765
swarm_56_49.pdb	0	14.258	35.988	16.759
swarm_67_43.pdb	0	36.011	67.163	16.756
swarm_111_126.pdb	0	32.861	73.774	16.750
swarm_29_123.pdb	0	41.052	91.057	16.745
swarm_88_67.pdb	0	23.769	56.947	16.742
swarm_123_93.pdb	0	28.830	72.379	16.733
swarm_107_82.pdb	0	28.996	67.626	16.731
swarm_139_131.pdb	0	41.420	88.467	16.730
swarm_30_109.pdb	0	36.458	67.274	16.721
swarm_127_27.pdb	0	33.406	68.665	16.716
swarm_56_56.pdb	0	22.748	38.903	16.715
swarm_121_152.pdb	0	30.735	73.681	16.695
swarm_115_188.pdb	0	32.482	58.719	16.693
swarm_78_113.pdb	0	42.125	99.466	16.681
swarm_84_23.pdb	0	41.659	86.352	16.678
swarm_100_138.pdb	0	28.366	58.420	16.678
swarm_31_67.pdb	0	22.203	41.864	16.673
swarm_95_164.pdb	0	38.875	95.838	16.669
swarm_46_58.pdb	0	27.864	59.518	16.669
swarm_108_155.pdb	0.0227273	18.081	44.943	16.667
swarm_59_134.pdb	0	18.699	35.979	16.660
swarm_60_59.pdb	0	12.505	28.224	16.659
swarm_122_83.pdb	0	36.836	75.521	16.648
swarm_76_20.pdb	0	33.667	65.585	16.645
swarm_5_60.pdb	0	38.878	90.631	16.643
swarm_10_17.pdb	0	26.004	61.884	16.640
swarm_62_171.pdb	0	33.229	75.722	16.638
swarm_148_181.pdb	0	26.361	57.316	16.638
swarm_81_128.pdb	0	26.992	60.097	16.635
swarm_75_183.pdb	0	31.401	68.681	16.633
swarm_130_87.pdb	0	32.672	62.019	16.628
swarm_52_99.pdb	0	17.493	32.565	16.621
swarm_49_7.pdb	0	32.292	59.602	16.610
swarm_152_180.pdb	0	22.057	40.619	16.609
swarm_20_49.pdb	0	36.335	78.453	16.608
swarm_29_94.pdb	0	34.052	75.514	16.606
swarm_44_42.pdb	0	28.031	48.643	16.599
swarm_36_19.pdb	0	35.066	91.634	16.596
swarm_22_131.pdb	0	28.211	47.377	16.594
swarm_144_177.pdb	0	29.629	72.108	16.590
swarm_147_85.pdb	0	34.957	79.474	16.585
swarm_23_99.pdb	0	11.835	21.754	16.580
swarm_12_57.pdb	0	33.061	73.121	16.574
swarm_79_28.pdb	0	37.899	95.656	16.565
swarm_54_53.pdb	0	31.325	56.612	16.563
swarm_47_39.pdb	0	21.555	38.479	16.552
swarm_9_32.pdb	0	30.347	69.237	16.544
swarm_63_121.pdb	0	17.345	36.189	16.539
swarm_129_95.pdb	0	32.565	77.755	16.539
swarm_21_49.pdb	0	23.259	56.392	16.538
swarm_11_139.pdb	0	30.556	71.155	16.529
swarm_29_86.pdb	0	28.141	67.235	16.526
swarm_9_92.pdb	0	33.381	73.267	16.506
swarm_58_160.pdb	0	25.504	42.041	16.506
swarm_79_189.pdb	0	39.532	93.270	16.505
swarm_109_187.pdb	0	34.899	74.586	16.500
swarm_101_102.pdb	0	33.251	57.423	16.500
swarm_30_103.pdb	0	26.868	69.425	16.498
swarm_101_63.pdb	0	20.537	39.617	16.487
swarm_1_33.pdb	0	34.786	69.738	16.480
swarm_135_78.pdb	0	32.842	79.469	16.480
swarm_106_14.pdb	0	29.873	75.700	16.480
swarm_51_157.pdb	0	25.279	42.768	16.462
swarm_139_5.pdb	0	34.863	83.344	16.462
swarm_78_156.pdb	0	39.139	94.401	16.452
swarm_46_97.pdb	0	30.597	72.756	16.451
swarm_53_69.pdb	0.0568182	21.340	39.880	16.446
swarm_103_197.pdb	0	38.381	80.334	16.429
swarm_80_198.pdb	0	29.548	56.211	16.416
swarm_138_125.pdb	0	35.076	82.952	16.401
swarm_33_140.pdb	0	21.125	42.612	16.397
swarm_66_118.pdb	0	30.681	54.840	16.393
swarm_72_109.pdb	0.0681818	26.570	52.634	16.385
swarm_138_122.pdb	0	42.236	90.680	16.385
swarm_30_86.pdb	0	21.623	62.144	16.383
swarm_10_31.pdb	0.0568182	33.792	69.514	16.383
swarm_33_166.pdb	0.0113636	20.810	39.114	16.373
swarm_97_88.pdb	0	38.548	77.251	16.372
swarm_81_63.pdb	0	27.636	59.028	16.371
swarm_22_130.pdb	0	26.552	52.446	16.368
swarm_111_146.pdb	0	34.160	77.717	16.364
swarm_114_50.pdb	0	34.185	71.529	16.344
swarm_104_147.pdb	0	30.491	71.706	16.344
swarm_75_36.pdb	0	28.295	59.028	16.334
swarm_24_76.pdb	0	29.122	65.103	16.333
swarm_61_195.pdb	0	28.763	60.340	16.319
swarm_71_189.pdb	0.0113636	29.510	68.075	16.316
swarm_94_135.pdb	0	44.361	95.305	16.310
swarm_35_46.pdb	0	27.251	66.620	16.304
swarm_65_121.pdb	0	35.952	71.786	16.297
swarm_143_118.pdb	0	39.059	88.681	16.232
swarm_27_162.pdb	0	29.515	82.639	16.230
swarm_25_105.pdb	0	21.012	42.581	16.205
swarm_51_166.pdb	0	16.093	29.250	16.187
swarm_141_69.pdb	0	39.986	93.802	16.186
swarm_119_2.pdb	0	40.426	81.463	16.177
swarm_18_188.pdb	0	32.028	71.502	16.154
swarm_138_189.pdb	0	39.905	85.787	16.139
swarm_121_129.pdb	0	35.487	79.841	16.138
swarm_73_169.pdb	0	30.133	60.244	16.129
swarm_3_24.pdb	0	45.359	97.933	16.118
swarm_140_35.pdb	0	17.719	40.531	16.115
swarm_92_18.pdb	0	28.365	59.371	16.111
swarm_111_106.pdb	0	33.364	75.445	16.101
swarm_72_123.pdb	0	18.943	34.638	16.078
swarm_7_197.pdb	0	34.870	82.227	16.072
swarm_107_183.pdb	0	32.599	69.822	16.072
swarm_85_109.pdb	0	24.445	56.434	16.069
swarm_50_101.pdb	0	24.505	39.229	16.058
swarm_28_69.pdb	0	22.459	66.921	16.058
swarm_127_61.pdb	0	30.201	64.111	16.050
swarm_144_141.pdb	0	32.279	72.036	16.045
swarm_74_17.pdb	0	44.884	104.020	16.034
swarm_102_180.pdb	0	41.362	91.528	16.029
swarm_141_169.pdb	0	36.336	91.553	16.021
swarm_40_9.pdb	0	31.170	74.078	15.996
swarm_66_54.pdb	0	27.787	48.840	15.989
swarm_139_167.pdb	0	38.599	90.345	15.981
swarm_105_186.pdb	0	34.600	69.164	15.980
swarm_48_69.pdb	0	22.472	42.280	15.975
swarm_12_8.pdb	0	29.136	76.905	15.967
swarm_118_147.pdb	0	35.347	80.898	15.966
swarm_90_133.pdb	0	30.569	70.190	15.964
swarm_26_121.pdb	0	38.829	87.893	15.957
swarm_11_60.pdb	0	26.460	75.896	15.952
swarm_73_24.pdb	0	27.092	54.654	15.934
swarm_136_191.pdb	0	37.778	89.601	15.931
swarm_73_187.pdb	0	28.315	55.877	15.914
swarm_14_29.pdb	0	21.647	51.683	15.907
swarm_119_53.pdb	0	38.133	79.232	15.898
swarm_88_193.pdb	0	29.501	53.841	15.881
swarm_94_108.pdb	0	41.010	103.106	15.876
swarm_41_122.pdb	0	36.867	87.792	15.876
swarm_38_122.pdb	0	30.775	69.594	15.875
swarm_29_106.pdb	0	35.690	79.767	15.874
swarm_116_171.pdb	0.0454545	23.336	58.186	15.874
swarm_55_138.pdb	0	19.247	34.523	15.873
swarm_84_130.pdb	0	36.440	78.419	15.871
swarm_117_23.pdb	0	41.132	92.709	15.871
swarm_125_157.pdb	0	24.157	67.565	15.864
swarm_51_33.pdb	0	23.185	42.839	15.859
swarm_151_171.pdb	0	21.441	51.795	15.855
swarm_26_19.pdb	0	30.909	80.937	15.853
swarm_63_107.pdb	0	24.121	45.184	15.848
swarm_107_144.pdb	0	36.482	72.525	15.845
swarm_67_126.pdb	0	25.657	57.681	15.834
swarm_4_111.pdb	0	39.013	91.443	15.828
swarm_79_23.pdb	0	37.338	88.300	15.821
swarm_39_29.pdb	0	31.230	70.847	15.819
swarm_130_14.pdb	0	34.408	74.604	15.815
swarm_69_10.pdb	0	23.785	46.233	15.814
swarm_51_192.pdb	0	31.115	54.250	15.811
swarm_47_66.pdb	0.136364	5.683	10.776	15.806
swarm_93_180.pdb	0	22.404	45.743	15.744
swarm_125_89.pdb	0	26.557	60.137	15.744
swarm_131_6.pdb	0	34.539	77.843	15.742
swarm_83_190.pdb	0	36.801	88.030	15.740
swarm_83_73.pdb	0	32.499	72.385	15.726
swarm_116_21.pdb	0	25.007	65.131	15.690
swarm_138_132.pdb	0	35.030	88.224	15.686
swarm_62_20.pdb	0	28.491	66.035	15.676
swarm_38_139.pdb	0	27.949	62.451	15.666
swarm_132_82.pdb	0	39.469	93.236	15.661
swarm_81_85.pdb	0	27.854	69.830	15.639
swarm_152_36.pdb	0	24.179	39.685	15.638
swarm_5_123.pdb	0	38.866	84.617	15.634
swarm_76_170.pdb	0	35.921	67.625	15.633
swarm_125_48.pdb	0	29.988	67.151	15.631
swarm_139_113.pdb	0	35.452	83.268	15.627
swarm_58_18.pdb	0	28.346	46.510	15.624
swarm_79_7.pdb	0	37.185	92.022	15.619
swarm_69_41.pdb	0	26.345	48.584	15.619
swarm_51_65.pdb	0.113636	12.957	28.918	15.616
swarm_133_172.pdb	0	30.918	70.850	15.603
swarm_34_101.pdb	0	42.930	87.935	15.602
swarm_16_130.pdb	0	34.869	77.090	15.583
swarm_94_6.pdb	0	43.741	96.377	15.570
swarm_50_1.pdb	0	15.141	29.432	15.569
swarm_129_48.pdb	0	35.720	76.775	15.548
swarm_16_70.pdb	0	29.269	72.900	15.543
swarm_24_67.pdb	0	29.743	69.941	15.529
swarm_102_136.pdb	0	33.789	89.328	15.527
swarm_149_30.pdb	0	26.971	53.308	15.508
swarm_110_46.pdb	0	39.553	93.653	15.508
swarm_147_123.pdb	0	31.840	73.960	15.506
swarm_140_140.pdb	0	23.629	46.812	15.501
swarm_128_9.pdb	0	26.928	56.162	15.494
swarm_19_166.pdb	0	33.062	71.286	15.477
swarm_116_130.pdb	0	32.771	58.905	15.475
swarm_140_7.pdb	0	16.052	37.094	15.472
swarm_72_132.pdb	0	24.468	40.038	15.469
swarm_56_156.pdb	0	24.596	47.558	15.465
swarm_79_13.pdb	0	42.831	102.248	15.461
swarm_74_47.pdb	0	45.193	100.999	15.452
swarm_131_2.pdb	0	31.011	64.323	15.449
swarm_122_147.pdb	0	42.601	90.689	15.440
swarm_119_59.pdb	0	42.427	85.648	15.436
swarm_119_136.pdb	0	39.606	86.245	15.436
swarm_58_190.pdb	0	23.977	43.175	15.410
swarm_139_185.pdb	0	41.383	86.071	15.410
swarm_37_54.pdb	0	34.478	65.085	15.408
swarm_1_4.pdb	0	38.140	73.329	15.399
swarm_41_151.pdb	0	39.694	92.647	15.393
swarm_142_26.pdb	0	31.252	65.243	15.391
swarm_23_44.pdb	0	23.766	40.307	15.387
swarm_89_193.pdb	0	41.193	98.557	15.384
swarm_61_132.pdb	0	28.961	59.937	15.376
swarm_149_82.pdb	0	35.082	64.186	15.373
swarm_15_125.pdb	0	32.778	63.378	15.371
swarm_49_107.pdb	0	30.748	55.193	15.368
swarm_152_15.pdb	0	27.972	50.491	15.367
swarm_121_84.pdb	0	35.460	80.605	15.359
swarm_106_185.pdb	0	29.895	68.553	15.353
swarm_80_113.pdb	0	27.553	52.029	15.347
swarm_3_20.pdb	0	38.844	96.064	15.338
swarm_88_60.pdb	0	26.017	54.798	15.323
swarm_138_148.pdb	0	30.808	82.785	15.319
swarm_113_158.pdb	0	28.207	66.133	15.317
swarm_57_26.pdb	0	26.899	60.691	15.313
swarm_112_122.pdb	0	24.467	62.355	15.313
swarm_88_104.pdb	0	18.189	49.581	15.312
swarm_59_108.pdb	0	17.684	35.914	15.308
swarm_93_189.pdb	0	25.767	55.453	15.272
swarm_91_64.pdb	0	33.820	79.379	15.266
swarm_96_191.pdb	0	38.411	87.559	15.264
swarm_76_197.pdb	0	23.820	50.135	15.259
swarm_34_73.pdb	0	32.713	88.290	15.256
swarm_120_187.pdb	0	34.660	65.334	15.245
swarm_146_72.pdb	0	29.059	69.042	15.234
swarm_11_89.pdb	0	39.028	80.848	15.233
swarm_144_138.pdb	0	40.561	89.755	15.227
swarm_130_18.pdb	0	35.356	68.682	15.223
swarm_138_52.pdb	0	27.657	76.626	15.209
swarm_75_78.pdb	0	26.660	64.909	15.204
swarm_27_141.pdb	0	35.515	87.349	15.201
swarm_9_178.pdb	0	37.910	82.450	15.199
swarm_80_101.pdb	0	29.832	61.901	15.190
swarm_77_37.pdb	0	37.143	95.249	15.187
swarm_136_144.pdb	0	37.890	85.142	15.187
swarm_146_3.pdb	0	35.856	70.972	15.182
swarm_114_37.pdb	0	28.426	65.102	15.182
swarm_6_149.pdb	0	31.304	79.078	15.181
swarm_47_199.pdb	0	17.189	32.384	15.181
swarm_69_116.pdb	0	32.360	61.594	15.178
swarm_69_18.pdb	0	22.003	47.882	15.173
swarm_150_53.pdb	0	20.876	43.380	15.173
swarm_136_55.pdb	0	37.467	84.164	15.172
swarm_78_60.pdb	0	37.231	93.096	15.166
swarm_108_135.pdb	0	20.479	42.243	15.164
swarm_58_184.pdb	0.0113636	14.576	23.736	15.143
swarm_86_74.pdb	0	32.577	73.773	15.133
swarm_130_113.pdb	0	27.409	64.754	15.132
swarm_15_55.pdb	0	28.922	59.910	15.122
swarm_129_102.pdb	0	28.220	61.439	15.121
swarm_143_100.pdb	0	32.976	82.421	15.111
swarm_79_133.pdb	0	37.660	91.280	15.107
swarm_7_163.pdb	0	26.524	77.916	15.100
swarm_109_124.pdb	0	35.608	71.967	15.094
swarm_121_86.pdb	0	30.436	75.804	15.086
swarm_146_35.pdb	0	30.372	67.207	15.084
swarm_126_89.pdb	0	25.624	66.897	15.072
swarm_31_139.pdb	0	26.080	49.509	15.064
swarm_120_42.pdb	0	29.094	62.835	15.063
swarm_77_31.pdb	0	45.850	102.453	15.062
swarm_103_4.pdb	0	29.643	72.298	15.061
swarm_7_124.pdb	0	34.481	83.561	15.059
swarm_89_158.pdb	0	39.958	93.834	15.056
swarm_120_97.pdb	0	25.378	59.928	15.053
swarm_8_8.pdb	0	35.760	83.859	15.047
swarm_136_170.pdb	0	32.985	86.687	15.040
swarm_46_25.pdb	0	23.054	58.551	15.037
swarm_141_102.pdb	0	33.749	78.662	15.034
swarm_81_166.pdb	0	31.332	65.622	15.030
swarm_66_121.pdb	0.0227273	29.516	54.446	15.020
swarm_70_0.pdb	0	23.432	48.452	15.015
swarm_139_25.pdb	0	32.650	81.383	15.002
swarm_88_96.pdb	0	30.028	53.177	14.994
swarm_137_29.pdb	0	34.408	85.758	14.989
swarm_57_45.pdb	0	33.785	73.206	14.985
swarm_59_186.pdb	0	22.378	41.601	14.983
swarm_144_187.pdb	0	35.798	73.718	14.983
swarm_15_187.pdb	0	38.795	71.689	14.981
swarm_50_81.pdb	0	20.320	36.817	14.980
swarm_52_193.pdb	0	17.998	30.377	14.974
swarm_146_1.pdb	0	32.813	70.960	14.943
swarm_83_43.pdb	0	42.807	92.787	14.942
swarm_70_199.pdb	0	24.797	52.123	14.941
swarm_41_23.pdb	0	29.948	84.720	14.937
swarm_146_20.pdb	0	37.531	73.968	14.925
swarm_64_54.pdb	0	27.470	59.555	14.919
swarm_87_130.pdb	0	33.826	67.320	14.916
swarm_78_19.pdb	0	39.067	92.793	14.910
swarm_67_79.pdb	0	27.854	58.611	14.908
swarm_120_130.pdb	0	30.403	59.084	14.908
swarm_96_13.pdb	0	34.891	82.437	14.907
swarm_42_5.pdb	0	34.931	84.864	14.900
swarm_122_130.pdb	0	41.815	92.182	14.895
swarm_64_52.pdb	0	27.467	58.836	14.892
swarm_135_70.pdb	0	29.620	70.219	14.885
swarm_16_137.pdb	0	29.572	67.083	14.883
swarm_26_3.pdb	0	37.603	87.312	14.882
swarm_48_21.pdb	0	31.944	61.478	14.880
swarm_116_74.pdb	0	24.242	54.974	14.869
swarm_83_122.pdb	0	32.778	84.196	14.859
swarm_144_196.pdb	0	33.391	75.141	14.853
swarm_133_21.pdb	0	31.652	74.762	14.851
swarm_62_67.pdb	0	30.520	66.131	14.838
swarm_86_157.pdb	0	32.406	73.127	14.822
swarm_127_175.pdb	0.0227273	31.269	67.481	14.820
swarm_38_178.pdb	0	23.199	59.512	14.816
swarm_81_54.pdb	0	28.038	61.051	14.814
swarm_121_174.pdb	0	37.885	80.967	14.806
swarm_151_31.pdb	0	14.674	35.900	14.801
swarm_33_38.pdb	0	25.349	50.266	14.783
swarm_15_41.pdb	0	33.888	73.107	14.783
swarm_70_133.pdb	0	26.259	62.991	14.782
swarm_105_120.pdb	0	35.206	69.564	14.781
swarm_41_13.pdb	0	29.024	80.884	14.767
swarm_95_39.pdb	0	39.080	95.264	14.762
swarm_81_104.pdb	0	26.895	59.879	14.761
swarm_8_127.pdb	0	28.899	68.883	14.755
swarm_74_13.pdb	0	37.522	88.208	14.745
swarm_99_98.pdb	0	38.423	77.680	14.744
swarm_130_86.pdb	0	28.651	65.458	14.743
swarm_7_33.pdb	0	39.610	84.789	14.724
swarm_137_188.pdb	0	38.329	88.691	14.714
swarm_64_53.pdb	0	34.276	65.214	14.708
swarm_63_111.pdb	0	22.376	44.923	14.701
swarm_75_77.pdb	0	33.436	69.993	14.697
swarm_110_122.pdb	0	35.869	95.319	14.695
swarm_76_104.pdb	0	27.602	56.941	14.694
swarm_91_34.pdb	0	32.224	81.575	14.686
swarm_15_46.pdb	0	32.271	62.019	14.670
swarm_77_7.pdb	0	41.995	94.538	14.664
swarm_91_124.pdb	0	37.282	78.905	14.649
swarm_39_69.pdb	0	29.689	74.863	14.646
swarm_145_32.pdb	0	35.648	72.109	14.640
swarm_44_99.pdb	0	22.304	40.902	14.636
swarm_118_51.pdb	0	40.292	90.428	14.632
swarm_17_73.pdb	0	39.606	92.888	14.631
swarm_38_75.pdb	0	25.938	69.800	14.621
swarm_8_45.pdb	0	32.157	80.999	14.619
swarm_75_163.pdb	0	33.607	67.417	14.589
swarm_90_21.pdb	0	41.368	89.959	14.586
swarm_90_151.pdb	0	39.501	84.341	14.581
swarm_16_177.pdb	0	33.647	75.662	14.553
swarm_46_21.pdb	0	27.572	61.475	14.542
swarm_66_132.pdb	0	20.621	45.507	14.540
swarm_79_183.pdb	0	38.858	95.660	14.535
swarm_94_56.pdb	0	40.181	100.392	14.524
swarm_142_128.pdb	0	39.670	80.695	14.519
swarm_24_136.pdb	0	33.899	71.508	14.514
swarm_1_72.pdb	0	34.651	70.972	14.504
swarm_123_107.pdb	0	40.204	89.670	14.501
swarm_50_59.pdb	0	27.882	42.294	14.498
swarm_149_177.pdb	0	31.862	65.154	14.495
swarm_82_140.pdb	0	39.355	92.379	14.486
swarm_115_61.pdb	0	29.599	60.581	14.474
swarm_61_21.pdb	0	29.096	63.277	14.460
swarm_78_21.pdb	0	39.345	95.190	14.458
swarm_82_158.pdb	0	37.829	86.078	14.452
swarm_45_64.pdb	0	9.383	21.992	14.444
swarm_130_125.pdb	0	27.865	64.165	14.443
swarm_12_112.pdb	0	37.236	77.054	14.443
swarm_138_33.pdb	0	38.099	92.628	14.436
swarm_32_60.pdb	0	29.209	58.725	14.429
swarm_134_77.pdb	0	20.285	58.799	14.421
swarm_68_182.pdb	0	24.139	43.416	14.415
swarm_123_174.pdb	0	29.159	78.082	14.411
swarm_49_42.pdb	0	17.592	41.926	14.395
swarm_40_149.pdb	0	33.198	75.973	14.395
swarm_109_75.pdb	0	36.163	68.242	14.388
swarm_114_77.pdb	0	27.652	57.227	14.386
swarm_128_62.pdb	0	32.465	61.934	14.380
swarm_104_70.pdb	0	31.437	69.605	14.363
swarm_117_31.pdb	0	39.072	93.133	14.360
swarm_40_173.pdb	0	25.478	70.086	14.353
swarm_128_83.pdb	0	20.853	45.667	14.352
swarm_33_103.pdb	0.0113636	29.579	52.002	14.351
swarm_40_119.pdb	0	35.772	76.755	14.349
swarm_43_42.pdb	0	28.840	70.231	14.341
swarm_96_197.pdb	0	41.975	86.780	14.335
swarm_102_88.pdb	0	41.754	95.817	14.325
swarm_108_19.pdb	0	31.285	54.951	14.308
swarm_93_9.pdb	0	27.979	53.224	14.307
swarm_105_199.pdb	0	33.399	67.850	14.300
swarm_96_160.pdb	0	38.543	96.828	14.290
swarm_121_102.pdb	0	34.474	81.999	14.275
swarm_102_129.pdb	0	34.390	86.036	14.275
swarm_16_167.pdb	0	34.717	70.294	14.274
swarm_57_144.pdb	0	33.759	76.876	14.272
swarm_35_154.pdb	0	31.660	66.546	14.269
swarm_85_140.pdb	0	21.244	47.280	14.247
swarm_71_184.pdb	0	32.032	65.543	14.241
swarm_112_6.pdb	0	34.315	72.697	14.240
swarm_64_16.pdb	0	25.520	59.284	14.232
swarm_88_72.pdb	0.0340909	16.488	41.878	14.229
swarm_126_68.pdb	0	34.180	72.732	14.229
swarm_71_129.pdb	0	31.166	70.923	14.214
swarm_7_194.pdb	0	37.062	85.373	14.212
swarm_104_191.pdb	0	39.338	83.422	14.211
swarm_13_122.pdb	0.0113636	27.390	60.767	14.207
swarm_146_178.pdb	0	34.850	73.333	14.204
swarm_17_150.pdb	0	34.638	87.446	14.193
swarm_57_138.pdb	0	33.196	71.225	14.182
swarm_145_8.pdb	0	29.781	70.918	14.179
swarm_135_49.pdb	0	33.193	76.848	14.178
swarm_151_141.pdb	0	27.244	53.165	14.177
swarm_87_197.pdb	0	29.972	66.111	14.170
swarm_15_80.pdb	0	30.328	65.199	14.150
swarm_150_54.pdb	0	24.143	45.607	14.150
swarm_20_177.pdb	0	34.212	74.200	14.149
swarm_99_11.pdb	0	38.487	82.228	14.141
swarm_105_91.pdb	0	20.686	57.111	14.137
swarm_87_22.pdb	0	27.264	59.141	14.135
swarm_38_22.pdb	0	26.966	65.294	14.120
swarm_65_96.pdb	0	31.731	71.688	14.119
swarm_4_198.pdb	0	37.471	87.703	14.114
swarm_40_194.pdb	0	28.069	62.162	14.111
swarm_63_38.pdb	0	30.646	58.462	14.106
swarm_136_28.pdb	0	32.264	87.738	14.094
swarm_66_144.pdb	0	21.903	44.064	14.086
swarm_18_120.pdb	0	35.516	75.879	14.082
swarm_113_6.pdb	0	34.180	69.235	14.069
swarm_115_196.pdb	0	19.779	48.493	14.068
swarm_57_141.pdb	0	31.328	67.188	14.061
swarm_137_78.pdb	0	38.336	97.102	14.061
swarm_10_154.pdb	0	24.478	59.372	14.061
swarm_35_3.pdb	0	34.325	72.848	14.060
swarm_92_11.pdb	0	29.005	58.197	14.052
swarm_75_0.pdb	0	29.797	67.320	14.051
swarm_107_147.pdb	0	30.674	69.804	14.045
swarm_90_134.pdb	0	42.075	85.974	14.036
swarm_135_104.pdb	0	37.726	85.904	14.021
swarm_151_135.pdb	0	21.751	44.421	14.018
swarm_104_73.pdb	0	42.429	86.446	14.018
swarm_105_189.pdb	0	29.167	68.921	14.016
swarm_123_88.pdb	0	30.392	72.712	14.013
swarm_79_43.pdb	0	42.731	94.903	13.982
swarm_129_135.pdb	0	27.883	65.115	13.969
swarm_80_68.pdb	0	28.298	55.074	13.964
swarm_71_138.pdb	0	28.477	64.389	13.960
swarm_12_172.pdb	0	29.390	74.043	13.945
swarm_103_64.pdb	0	40.107	89.522	13.940
swarm_72_50.pdb	0.0113636	19.103	42.408	13.933
swarm_111_68.pdb	0	33.891	69.371	13.930
swarm_47_75.pdb	0	16.808	27.167	13.926
swarm_25_23.pdb	0	19.368	34.085	13.925
swarm_146_138.pdb	0	28.979	62.992	13.924
swarm_98_138.pdb	0	28.908	67.782	13.920
swarm_123_197.pdb	0	31.527	74.298	13.914
swarm_81_79.pdb	0	27.793	66.488	13.913
swarm_16_102.pdb	0	26.989	69.548	13.913
swarm_124_110.pdb	0	36.744	82.910	13.913
swarm_85_15.pdb	0	27.282	52.418	13.908
swarm_24_117.pdb	0	33.237	73.143	13.908
swarm_29_20.pdb	0	37.774	87.820	13.886
swarm_31_49.pdb	0	33.107	63.125	13.880
swarm_20_166.pdb	0	25.415	62.557	13.880
swarm_104_168.pdb	0	35.566	80.633	13.879
swarm_28_46.pdb	0	32.713	72.193	13.878
swarm_93_19.pdb	0	21.220	48.714	13.875
swarm_135_20.pdb	0	31.477	66.562	13.869
swarm_31_189.pdb	0	29.596	53.428	13.859
swarm_22_2.pdb	0	24.603	41.520	13.848
swarm_91_85.pdb	0	34.733	82.213	13.847
swarm_92_24.pdb	0	30.636	59.950	13.845
swarm_80_107.pdb	0	26.462	56.783	13.845
swarm_37_59.pdb	0.0113636	35.102	74.133	13.837
swarm_10_22.pdb	0.0113636	26.774	64.469	13.836
swarm_35_66.pdb	0	37.018	73.574	13.835
swarm_114_80.pdb	0	29.203	65.471	13.834
swarm_131_199.pdb	0	36.608	83.205	13.829
swarm_94_83.pdb	0	42.698	95.444	13.826
swarm_17_199.pdb	0	39.787	99.480	13.826
swarm_127_0.pdb	0	33.390	72.120	13.801
swarm_65_61.pdb	0	36.428	78.478	13.796
swarm_5_172.pdb	0	34.729	83.953	13.795
swarm_132_117.pdb	0	40.957	95.463	13.795
swarm_70_14.pdb	0	24.413	53.919	13.794
swarm_1_77.pdb	0	35.629	69.677	13.794
swarm_124_104.pdb	0	30.037	70.931	13.791
swarm_29_192.pdb	0	34.540	81.208	13.785
swarm_56_64.pdb	0	20.618	38.251	13.780
swarm_2_38.pdb	0	25.649	54.640	13.763
swarm_16_6.pdb	0	29.388	68.512	13.757
swarm_55_86.pdb	0	26.771	47.365	13.755
swarm_135_163.pdb	0	35.202	71.754	13.744
swarm_72_145.pdb	0	30.322	56.329	13.736
swarm_44_37.pdb	0	23.544	46.919	13.735
swarm_99_116.pdb	0	31.629	71.271	13.720
swarm_19_7.pdb	0	32.313	79.882	13.712
swarm_116_62.pdb	0	21.857	57.135	13.707
swarm_45_2.pdb	0	11.929	22.996	13.702
swarm_108_184.pdb	0	34.042	57.649	13.702
swarm_90_20.pdb	0	39.332	80.273	13.681
swarm_141_149.pdb	0	41.224	92.911	13.667
swarm_56_47.pdb	0	20.638	41.716	13.666
swarm_64_47.pdb	0	30.021	56.329	13.660
swarm_93_32.pdb	0	26.689	50.726	13.650
swarm_16_181.pdb	0	37.691	78.999	13.648
swarm_119_56.pdb	0	45.608	95.394	13.639
swarm_63_164.pdb	0	24.450	45.567	13.638
swarm_18_178.pdb	0	29.791	67.428	13.635
swarm_78_72.pdb	0	40.912	97.080	13.610
swarm_89_31.pdb	0	37.444	91.102	13.606
swarm_29_185.pdb	0	32.228	81.353	13.596
swarm_140_110.pdb	0.0113636	30.139	54.646	13.594
swarm_43_199.pdb	0	28.865	65.222	13.575
swarm_116_99.pdb	0	21.705	49.811	13.553
swarm_134_82.pdb	0	20.251	57.919	13.552
swarm_95_197.pdb	0	45.082	102.421	13.551
swarm_22_198.pdb	0	25.324	40.964	13.548
swarm_78_138.pdb	0	41.460	93.786	13.544
swarm_102_198.pdb	0	42.304	91.690	13.535
swarm_6_142.pdb	0	35.309	92.942	13.534
swarm_62_142.pdb	0	30.348	68.971	13.534
swarm_6_115.pdb	0	32.195	84.254	13.518
swarm_124_63.pdb	0	31.208	74.016	13.518
swarm_13_27.pdb	0	26.923	54.990	13.517
swarm_21_111.pdb	0	31.060	68.967	13.514
swarm_47_194.pdb	0	29.641	46.008	13.507
swarm_63_148.pdb	0	28.396	53.903	13.503
swarm_55_43.pdb	0.0795455	8.687	19.063	13.499
swarm_122_20.pdb	0	32.850	77.455	13.498
swarm_92_82.pdb	0	30.141	57.266	13.484
swarm_2_65.pdb	0	29.645	63.937	13.484
swarm_84_118.pdb	0	35.488	84.686	13.463
swarm_50_51.pdb	0	14.061	22.130	13.434
swarm_93_138.pdb	0	24.632	49.206	13.426
swarm_24_127.pdb	0	37.075	76.558	13.424
swarm_63_32.pdb	0	21.360	44.855	13.405
swarm_123_170.pdb	0	32.867	81.157	13.401
swarm_17_155.pdb	0	35.828	93.172	13.384
swarm_127_186.pdb	0	30.252	65.582	13.378
swarm_86_83.pdb	0	28.560	66.594	13.362
swarm_84_84.pdb	0	32.263	75.565	13.355
swarm_37_196.pdb	0	22.774	53.820	13.355
swarm_99_5.pdb	0	36.177	78.671	13.354
swarm_107_110.pdb	0	34.983	71.601	13.354
swarm_48_152.pdb	0	25.107	51.267	13.353
swarm_107_177.pdb	0	30.288	69.861	13.348
swarm_145_132.pdb	0	28.549	67.573	13.345
swarm_102_11.pdb	0	34.375	84.326	13.340
swarm_145_135.pdb	0	30.354	65.004	13.334
swarm_10_97.pdb	0	27.214	58.271	13.333
swarm_113_46.pdb	0	41.093	81.468	13.330
swarm_128_163.pdb	0	19.899	54.547	13.326
swarm_13_56.pdb	0	25.293	51.815	13.316
swarm_147_196.pdb	0	26.705	65.857	13.314
swarm_65_43.pdb	0	29.182	63.248	13.310
swarm_23_165.pdb	0.0113636	14.480	33.960	13.301
swarm_53_171.pdb	0	14.406	26.723	13.300
swarm_138_44.pdb	0	38.689	85.867	13.296
swarm_44_166.pdb	0	25.064	42.485	13.294
swarm_17_38.pdb	0	40.869	98.835	13.293
swarm_118_104.pdb	0	31.128	82.693	13.278
swarm_138_38.pdb	0	31.515	73.422	13.257
swarm_23_72.pdb	0	16.548	30.441	13.254
swarm_119_31.pdb	0	45.282	97.377	13.252
swarm_130_137.pdb	0	30.637	67.048	13.251
swarm_103_51.pdb	0	33.542	86.915	13.243
swarm_81_136.pdb	0.0227273	30.371	73.304	13.235
swarm_137_199.pdb	0	37.514	86.987	13.232
swarm_71_155.pdb	0	27.445	61.840	13.216
swarm_142_14.pdb	0	36.058	77.110	13.216
swarm_137_134.pdb	0	37.503	87.452	13.207
swarm_80_121.pdb	0	31.324	60.103	13.205
swarm_101_196.pdb	0	23.901	43.742	13.201
swarm_72_41.pdb	0	27.749	50.446	13.195
swarm_31_38.pdb	0	24.306	51.812	13.188
swarm_129_4.pdb	0.0340909	31.305	71.618	13.188
swarm_135_176.pdb	0	32.811	75.901	13.181
swarm_89_61.pdb	0	42.608	103.110	13.180
swarm_80_147.pdb	0	23.433	49.816	13.180
swarm_13_147.pdb	0	35.921	67.314	13.177
swarm_126_138.pdb	0	22.067	53.599	13.177
swarm_80_81.pdb	0	35.375	65.729	13.169
swarm_111_77.pdb	0	30.506	73.342	13.169
swarm_91_157.pdb	0	29.599	74.601	13.154
swarm_10_40.pdb	0.0340909	20.107	55.319	13.145
swarm_123_74.pdb	0	32.712	82.287	13.142
swarm_117_161.pdb	0	38.545	85.586	13.142
swarm_25_38.pdb	0	12.253	23.469	13.133
swarm_28_196.pdb	0	34.854	80.238	13.130
swarm_68_138.pdb	0	25.266	50.895	13.129
swarm_93_132.pdb	0	24.287	53.062	13.119
swarm_11_130.pdb	0	30.840	77.241	13.113
swarm_78_39.pdb	0	46.073	99.360	13.111
swarm_97_72.pdb	0	29.865	73.831	13.105
swarm_0_84.pdb	0	30.961	69.830	13.105
swarm_126_147.pdb	0	26.883	63.264	13.100
swarm_142_76.pdb	0	36.842	77.758	13.092
swarm_46_105.pdb	0	28.989	63.687	13.088
swarm_73_142.pdb	0	27.150	64.992	13.083
swarm_59_154.pdb	0	29.083	50.272	13.075
swarm_130_68.pdb	0	25.718	56.317	13.073
swarm_28_160.pdb	0	30.352	70.151	13.071
swarm_108_140.pdb	0	23.823	49.001	13.028
swarm_89_4.pdb	0	45.105	96.936	13.024
swarm_6_113.pdb	0	38.611	80.113	13.018
swarm_0_145.pdb	0	40.247	79.239	13.016
swarm_131_196.pdb	0	33.084	76.631	13.010
swarm_108_15.pdb	0	23.841	46.230	13.005
swarm_138_23.pdb	0	34.398	86.580	12.993
swarm_22_74.pdb	0	21.525	38.601	12.990
swarm_67_143.pdb	0	31.671	68.015	12.986
swarm_131_174.pdb	0	34.383	75.896	12.984
swarm_78_20.pdb	0	40.543	90.607	12.981
swarm_0_36.pdb	0	32.498	67.339	12.970
swarm_71_97.pdb	0	31.771	63.411	12.964
swarm_49_102.pdb	0	15.840	38.960	12.961
swarm_98_167.pdb	0	34.914	70.608	12.949
swarm_84_154.pdb	0	37.691	84.997	12.931
swarm_102_171.pdb	0	38.022	94.994	12.931
swarm_117_93.pdb	0	40.291	94.190	12.917
swarm_98_63.pdb	0	36.865	80.329	12.912
swarm_76_176.pdb	0	34.848	71.231	12.907
swarm_76_57.pdb	0	31.853	62.082	12.906
swarm_135_110.pdb	0	30.206	70.112	12.905
swarm_138_21.pdb	0	38.840	89.087	12.903
swarm_53_106.pdb	0	24.035	41.263	12.898
swarm_100_18.pdb	0	28.086	64.977	12.897
swarm_144_140.pdb	0	36.457	78.778	12.892
swarm_63_137.pdb	0	23.863	54.641	12.888
swarm_150_167.pdb	0	35.784	66.324	12.866
swarm_51_181.pdb	0	30.507	49.772	12.861
swarm_40_45.pdb	0	38.029	77.545	12.854
swarm_62_36.pdb	0	24.290	57.762	12.852
swarm_74_124.pdb	0	38.448	86.794	12.835
swarm_23_0.pdb	0.0227273	9.913	24.528	12.826
swarm_110_124.pdb	0	38.198	92.318	12.822
swarm_62_72.pdb	0	26.656	62.222	12.816
swarm_24_133.pdb	0	34.205	75.722	12.812
swarm_110_139.pdb	0	34.961	94.153	12.812
swarm_96_194.pdb	0	37.312	92.618	12.810
swarm_114_3.pdb	0	25.554	57.064	12.792
swarm_145_34.pdb	0	28.159	70.447	12.791
swarm_97_113.pdb	0	39.687	88.498	12.790
swarm_145_36.pdb	0	27.427	65.839	12.787
swarm_65_30.pdb	0	34.425	74.331	12.782
swarm_84_126.pdb	0	36.895	91.084	12.778
swarm_121_130.pdb	0	35.868	79.699	12.763
swarm_46_160.pdb	0	34.521	73.530	12.759
swarm_4_180.pdb	0	37.541	94.343	12.757
swarm_14_103.pdb	0	34.717	67.982	12.751
swarm_112_5.pdb	0	23.742	67.597	12.736
swarm_142_51.pdb	0	31.322	70.311	12.735
swarm_80_97.pdb	0	31.464	58.757	12.726
swarm_69_110.pdb	0	21.243	41.068	12.724
swarm_149_154.pdb	0.0340909	27.161	62.213	12.724
swarm_35_18.pdb	0	31.592	73.010	12.684
swarm_27_25.pdb	0	37.510	81.848	12.682
swarm_30_187.pdb	0	30.037	66.102	12.676
swarm_35_87.pdb	0	35.312	73.198	12.672
swarm_134_189.pdb	0	31.433	67.060	12.660
swarm_25_68.pdb	0.0113636	19.054	38.751	12.643
swarm_10_116.pdb	0	33.892	72.870	12.641
swarm_86_168.pdb	0	30.379	67.683	12.635
swarm_85_171.pdb	0	21.865	49.391	12.635
swarm_91_174.pdb	0	39.885	82.879	12.634
swarm_92_185.pdb	0	22.974	63.667	12.629
swarm_144_195.pdb	0	41.016	81.483	12.621
swarm_62_21.pdb	0	31.533	72.083	12.616
swarm_93_51.pdb	0	28.179	50.871	12.605
swarm_22_37.pdb	0	29.712	47.696	12.594
swarm_25_13.pdb	0	28.979	49.673	12.580
swarm_148_25.pdb	0	24.854	55.195	12.575
swarm_16_16.pdb	0	29.238	67.334	12.572
swarm_76_141.pdb	0	34.693	70.074	12.569
swarm_65_144.pdb	0	34.199	77.361	12.560
swarm_1_194.pdb	0	30.791	65.087	12.559
swarm_97_145.pdb	0	31.876	76.235	12.551
swarm_96_70.pdb	0	38.863	90.847	12.534
swarm_72_54.pdb	0	28.853	49.084	12.534
swarm_9_101.pdb	0	31.619	79.062	12.528
swarm_129_8.pdb	0	26.194	69.955	12.528
swarm_101_104.pdb	0	25.782	50.641	12.527
swarm_125_135.pdb	0	32.032	79.135	12.524
swarm_136_106.pdb	0	37.483	91.591	12.521
swarm_122_184.pdb	0	34.293	78.457	12.506
swarm_77_151.pdb	0	42.895	91.866	12.499
swarm_8_199.pdb	0	33.326	80.112	12.497
swarm_127_195.pdb	0	31.966	63.435	12.482
swarm_90_153.pdb	0	36.659	86.148	12.481
swarm_105_72.pdb	0	37.983	70.314	12.481
swarm_87_77.pdb	0	38.312	75.328	12.479
swarm_0_27.pdb	0	39.132	78.677	12.465
swarm_40_28.pdb	0	29.832	73.069	12.449
swarm_97_22.pdb	0	37.530	85.324	12.434
swarm_150_44.pdb	0	21.446	46.657	12.433
swarm_70_144.pdb	0	34.857	68.322	12.426
swarm_14_171.pdb	0	28.211	69.071	12.426
swarm_83_64.pdb	0	40.256	85.102	12.421
swarm_71_21.pdb	0	34.271	69.121	12.420
swarm_71_117.pdb	0	28.949	68.360	12.400
swarm_83_156.pdb	0	41.892	88.110	12.366
swarm_146_180.pdb	0	29.349	65.678	12.360
swarm_63_163.pdb	0	20.837	48.087	12.358
swarm_21_63.pdb	0	32.138	66.787	12.351
swarm_17_156.pdb	0	33.941	87.688	12.337
swarm_139_60.pdb	0	36.987	83.836	12.336
swarm_69_106.pdb	0	25.088	48.320	12.334
swarm_103_83.pdb	0	37.794	80.405	12.331
swarm_30_129.pdb	0	31.265	73.017	12.327
swarm_11_6.pdb	0	26.324	66.929	12.322
swarm_81_162.pdb	0	31.740	67.063	12.320
swarm_102_64.pdb	0	38.065	91.268	12.319
swarm_71_52.pdb	0	30.015	63.780	12.300
swarm_1_121.pdb	0	37.948	73.084	12.294
swarm_116_66.pdb	0	29.770	60.953	12.292
swarm_76_96.pdb	0	32.848	64.032	12.288
swarm_94_88.pdb	0	41.452	99.390	12.270
swarm_96_150.pdb	0	32.897	81.306	12.266
swarm_34_38.pdb	0	44.767	102.482	12.263
swarm_118_187.pdb	0	28.509	74.832	12.262
swarm_107_34.pdb	0	30.388	69.922	12.258
swarm_150_139.pdb	0	22.481	49.184	12.255
swarm_115_184.pdb	0	34.411	68.858	12.247
swarm_118_124.pdb	0	39.417	85.279	12.246
swarm_122_185.pdb	0	38.895	90.173	12.244
swarm_102_118.pdb	0	37.447	87.533	12.234
swarm_146_139.pdb	0	39.745	84.027	12.219
swarm_142_41.pdb	0	27.417	64.760	12.214
swarm_90_144.pdb	0	35.204	78.654	12.205
swarm_124_55.pdb	0	37.046	86.409	12.178
swarm_120_67.pdb	0	33.234	68.365	12.172
swarm_2_55.pdb	0	39.105	71.084	12.166
swarm_17_116.pdb	0	37.066	88.256	12.106
swarm_67_170.pdb	0	33.587	70.183	12.092
swarm_44_67.pdb	0	26.563	47.357	12.087
swarm_131_130.pdb	0	34.443	77.322	12.080
swarm_83_91.pdb	0	37.081	91.549	12.067
swarm_3_153.pdb	0	43.715	99.003	12.066
swarm_121_123.pdb	0	27.807	69.807	12.033
swarm_126_73.pdb	0	27.687	60.709	12.027
swarm_62_190.pdb	0	38.296	81.585	12.023
swarm_84_136.pdb	0	33.084	75.470	12.017
swarm_1_6.pdb	0	32.867	73.870	12.015
swarm_75_79.pdb	0	32.438	74.600	12.007
swarm_124_90.pdb	0	31.394	80.458	12.001
swarm_35_83.pdb	0	32.291	70.518	11.992
swarm_86_175.pdb	0	28.894	62.442	11.982
swarm_102_19.pdb	0	36.870	88.732	11.982
swarm_46_14.pdb	0	26.302	68.073	11.975
swarm_19_70.pdb	0	37.986	92.219	11.971
swarm_0_177.pdb	0	38.307	74.259	11.971
swarm_2_48.pdb	0	29.018	54.207	11.969
swarm_51_156.pdb	0	23.734	41.245	11.963
swarm_64_65.pdb	0	26.919	51.201	11.950
swarm_138_151.pdb	0	43.285	93.938	11.936
swarm_124_48.pdb	0	31.045	75.983	11.934
swarm_147_26.pdb	0	24.986	69.028	11.928
swarm_112_107.pdb	0	28.541	72.253	11.928
swarm_82_170.pdb	0	36.952	89.439	11.924
swarm_59_162.pdb	0	23.201	44.070	11.913
swarm_12_118.pdb	0	33.170	71.043	11.906
swarm_129_22.pdb	0	30.811	67.233	11.904
swarm_19_196.pdb	0	39.713	86.193	11.892
swarm_148_87.pdb	0	29.678	60.554	11.892
swarm_123_64.pdb	0	35.591	76.619	11.888
swarm_3_78.pdb	0	42.015	101.080	11.878
swarm_105_172.pdb	0	34.193	76.807	11.868
swarm_46_102.pdb	0	30.029	71.113	11.867
swarm_77_83.pdb	0	37.758	88.193	11.863
swarm_137_80.pdb	0	43.048	91.385	11.850
swarm_61_86.pdb	0	27.361	55.884	11.848
swarm_75_5.pdb	0	30.617	70.458	11.831
swarm_83_189.pdb	0	33.993	83.434	11.824
swarm_111_70.pdb	0	32.666	70.756	11.824
swarm_24_18.pdb	0	35.820	79.560	11.823
swarm_122_144.pdb	0	38.664	89.209	11.819
swarm_16_179.pdb	0	32.275	74.254	11.788
swarm_24_50.pdb	0	30.924	63.592	11.783
swarm_121_172.pdb	0	33.563	73.915	11.781
swarm_1_86.pdb	0	31.976	69.234	11.766
swarm_121_149.pdb	0	27.764	70.484	11.766
swarm_35_131.pdb	0	31.214	74.555	11.760
swarm_145_168.pdb	0	29.203	66.433	11.742
swarm_126_145.pdb	0	29.640	69.748	11.741
swarm_101_110.pdb	0	22.083	45.956	11.740
swarm_130_138.pdb	0	30.831	68.337	11.722
swarm_15_102.pdb	0	36.413	67.611	11.687
swarm_137_145.pdb	0	37.482	95.401	11.652
swarm_56_160.pdb	0	19.796	38.746	11.642
swarm_83_86.pdb	0	41.616	90.099	11.633
swarm_94_2.pdb	0	32.702	82.437	11.628
swarm_35_178.pdb	0	34.690	80.991	11.627
swarm_87_106.pdb	0	28.706	60.682	11.597
swarm_40_126.pdb	0	32.177	72.204	11.596
swarm_85_37.pdb	0	29.422	58.785	11.593
swarm_145_155.pdb	0	33.643	74.673	11.590
swarm_111_174.pdb	0	21.367	61.069	11.586
swarm_150_126.pdb	0	18.794	39.424	11.579
swarm_5_62.pdb	0	33.739	79.332	11.567
swarm_76_59.pdb	0	31.644	66.414	11.565
swarm_46_190.pdb	0	29.903	64.460	11.555
swarm_106_45.pdb	0	29.175	70.879	11.515
swarm_111_170.pdb	0	40.528	83.295	11.497
swarm_23_6.pdb	0	20.933	36.476	11.494
swarm_113_116.pdb	0	34.291	74.857	11.484
swarm_130_39.pdb	0.0113636	36.095	78.783	11.474
swarm_14_13.pdb	0	23.967	50.230	11.455
swarm_5_51.pdb	0	38.735	95.274	11.425
swarm_117_99.pdb	0	40.957	93.796	11.403
swarm_96_2.pdb	0	37.886	89.853	11.398
swarm_72_101.pdb	0	20.074	34.232	11.395
swarm_62_104.pdb	0	32.233	76.826	11.395
swarm_48_109.pdb	0	20.684	41.852	11.380
swarm_98_155.pdb	0	34.540	74.245	11.378
swarm_89_84.pdb	0	46.488	107.747	11.375
swarm_49_130.pdb	0	30.605	56.545	11.374
swarm_87_93.pdb	0	35.806	65.681	11.373
swarm_95_188.pdb	0	42.823	104.871	11.372
swarm_110_77.pdb	0	32.603	86.228	11.363
swarm_46_8.pdb	0	25.739	55.860	11.359
swarm_63_160.pdb	0	22.120	50.640	11.334
swarm_53_75.pdb	0	22.203	39.216	11.317
swarm_151_107.pdb	0	33.031	58.546	11.302
swarm_139_76.pdb	0	36.008	79.938	11.298
swarm_120_105.pdb	0	29.198	61.081	11.297
swarm_28_192.pdb	0	32.918	74.224	11.295
swarm_130_159.pdb	0	36.287	70.465	11.295
swarm_69_117.pdb	0	34.995	58.628	11.279
swarm_28_173.pdb	0	34.065	75.913	11.257
swarm_85_107.pdb	0	32.191	63.006	11.247
swarm_65_95.pdb	0	32.134	74.116	11.245
swarm_33_107.pdb	0	28.463	54.722	11.242
swarm_87_61.pdb	0	36.956	71.823	11.236
swarm_87_40.pdb	0	37.272	75.797	11.214
swarm_82_65.pdb	0	43.637	97.414	11.200
swarm_89_80.pdb	0	48.530	107.407	11.194
swarm_119_8.pdb	0	34.928	80.071	11.183
swarm_66_62.pdb	0	31.296	56.846	11.180
swarm_80_20.pdb	0	33.071	63.423	11.171
swarm_86_75.pdb	0	28.965	71.091	11.160
swarm_98_189.pdb	0	35.081	73.540	11.156
swarm_75_122.pdb	0	30.168	62.279	11.136
swarm_1_101.pdb	0	31.745	70.027	11.136
swarm_65_138.pdb	0	37.637	78.505	11.130
swarm_23_20.pdb	0	26.464	46.259	11.111
swarm_47_163.pdb	0	24.529	44.808	11.100
swarm_98_40.pdb	0	24.552	59.196	11.091
swarm_88_151.pdb	0	30.592	58.374	11.081
swarm_74_183.pdb	0	40.656	94.965	11.074
swarm_4_139.pdb	0	37.177	95.455	11.059
swarm_150_101.pdb	0	27.064	53.886	11.059
swarm_88_116.pdb	0	27.895	53.188	11.055
swarm_122_193.pdb	0	35.873	86.782	11.049
swarm_0_153.pdb	0	33.247	71.658	11.038
swarm_38_148.pdb	0	22.928	64.216	11.030
swarm_34_45.pdb	0	37.921	84.162	11.027
swarm_61_17.pdb	0	27.863	63.291	11.023
swarm_91_167.pdb	0	38.461	87.124	11.020
swarm_96_97.pdb	0	41.062	94.570	10.997
swarm_92_57.pdb	0	30.115	64.585	10.993
swarm_57_35.pdb	0	29.908	64.049	10.985
swarm_90_150.pdb	0	35.171	80.232	10.980
swarm_46_141.pdb	0	32.490	69.333	10.976
swarm_117_183.pdb	0	40.702	89.576	10.938
swarm_81_83.pdb	0	25.064	61.760	10.937
swarm_122_96.pdb	0	38.240	87.448	10.937
swarm_109_9.pdb	0	30.644	67.515	10.934
swarm_63_61.pdb	0	28.944	59.757	10.932
swarm_24_145.pdb	0	29.890	67.069	10.918
swarm_138_92.pdb	0	32.342	75.961	10.904
swarm_95_25.pdb	0	40.393	96.273	10.902
swarm_122_108.pdb	0	38.246	82.511	10.878
swarm_120_118.pdb	0	31.577	68.548	10.854
swarm_33_181.pdb	0	15.732	31.067	10.840
swarm_114_120.pdb	0	27.657	62.357	10.840
swarm_62_90.pdb	0	30.939	73.238	10.834
swarm_105_167.pdb	0	28.555	74.498	10.786
swarm_46_5.pdb	0	36.164	75.807	10.779
swarm_85_66.pdb	0	29.712	60.392	10.767
swarm_22_10.pdb	0	25.731	47.573	10.750
swarm_118_52.pdb	0	39.430	91.075	10.741
swarm_92_0.pdb	0	29.867	61.807	10.723
swarm_98_4.pdb	0	37.824	77.632	10.706
swarm_12_55.pdb	0	29.699	78.792	10.706
swarm_74_121.pdb	0	44.672	96.447	10.700
swarm_23_152.pdb	0	15.554	34.217	10.694
swarm_96_139.pdb	0	46.016	99.870	10.684
swarm_36_30.pdb	0	37.591	92.425	10.684
swarm_83_94.pdb	0	44.389	97.565	10.680
swarm_77_129.pdb	0	37.517	91.017	10.654
swarm_64_114.pdb	0	34.123	63.311	10.627
swarm_85_94.pdb	0	30.607	63.608	10.605
swarm_90_18.pdb	0	37.342	86.849	10.602
swarm_46_136.pdb	0	33.949	69.246	10.600
swarm_0_124.pdb	0	37.482	76.410	10.536
swarm_73_27.pdb	0	29.483	57.165	10.512
swarm_146_110.pdb	0	37.027	71.151	10.500
swarm_133_20.pdb	0	27.483	62.719	10.499
swarm_85_116.pdb	0	25.561	66.116	10.490
swarm_64_140.pdb	0	29.946	68.203	10.438
swarm_15_86.pdb	0	31.290	65.385	10.413
swarm_12_100.pdb	0	33.636	81.550	10.407
swarm_30_57.pdb	0	29.995	74.036	10.406
swarm_93_158.pdb	0	27.100	51.525	10.393
swarm_60_146.pdb	0	22.405	42.525	10.387
swarm_59_100.pdb	0	30.323	47.934	10.384
swarm_57_114.pdb	0	32.773	71.571	10.362
swarm_125_8.pdb	0	25.708	67.528	10.343
swarm_120_24.pdb	0	32.108	65.475	10.333
swarm_101_93.pdb	0	23.545	48.260	10.332
swarm_58_16.pdb	0	16.400	32.825	10.317
swarm_0_18.pdb	0	40.700	79.038	10.317
swarm_4_81.pdb	0	34.776	94.827	10.310
swarm_131_63.pdb	0	39.342	82.222	10.307
swarm_47_46.pdb	0	18.809	34.833	10.299
swarm_108_87.pdb	0	31.498	60.083	10.275
swarm_62_162.pdb	0	33.305	72.680	10.267
swarm_80_98.pdb	0	15.299	36.886	10.263
swarm_49_109.pdb	0	24.776	46.950	10.237
swarm_114_54.pdb	0	35.639	67.900	10.214
swarm_20_67.pdb	0	36.634	75.846	10.210
swarm_18_117.pdb	0	29.514	65.164	10.210
swarm_63_109.pdb	0	20.236	47.328	10.207
swarm_128_93.pdb	0	32.821	65.877	10.193
swarm_98_164.pdb	0	34.105	73.856	10.182
swarm_65_150.pdb	0	41.120	85.626	10.179
swarm_77_124.pdb	0	45.448	99.474	10.176
swarm_125_36.pdb	0	29.839	60.072	10.169
swarm_103_146.pdb	0	37.618	80.485	10.094
swarm_74_119.pdb	0	46.293	105.980	10.093
swarm_92_116.pdb	0	32.737	62.388	10.072
swarm_65_13.pdb	0	29.893	70.050	10.050
swarm_82_97.pdb	0	41.239	87.053	10.048
swarm_5_47.pdb	0	29.495	79.156	10.037
swarm_144_194.pdb	0	38.226	80.193	10.033
swarm_18_94.pdb	0	28.594	67.523	10.026
swarm_117_95.pdb	0	40.734	86.367	10.017
swarm_37_174.pdb	0	33.891	63.086	10.008
swarm_50_38.pdb	0	20.206	35.972	10.000
swarm_1_136.pdb	0	38.023	77.202	9.980
swarm_19_184.pdb	0	30.794	82.692	9.941
swarm_96_118.pdb	0	44.372	97.868	9.937
swarm_40_160.pdb	0	30.725	73.638	9.936
swarm_57_37.pdb	0	28.688	71.085	9.932
swarm_13_164.pdb	0.0113636	28.295	58.038	9.916
swarm_127_93.pdb	0	31.731	60.634	9.913
swarm_87_37.pdb	0	38.609	74.575	9.902
swarm_0_52.pdb	0	35.289	75.138	9.893
swarm_113_91.pdb	0	27.362	68.576	9.811
swarm_127_112.pdb	0	36.968	75.078	9.799
swarm_146_31.pdb	0	35.775	68.878	9.785
swarm_6_22.pdb	0	34.658	82.807	9.781
swarm_87_176.pdb	0	28.652	56.078	9.761
swarm_17_10.pdb	0	39.118	101.237	9.758
swarm_98_184.pdb	0	32.962	69.542	9.720
swarm_139_4.pdb	0	30.873	76.361	9.720
swarm_100_95.pdb	0	29.551	61.216	9.705
swarm_150_66.pdb	0	20.795	50.728	9.700
swarm_120_91.pdb	0	37.851	76.476	9.667
swarm_91_11.pdb	0	27.113	72.603	9.665
swarm_13_21.pdb	0	28.791	57.509	9.664
swarm_89_143.pdb	0	48.632	106.614	9.619
swarm_78_65.pdb	0	39.004	88.986	9.586
swarm_18_106.pdb	0	31.415	70.094	9.567
swarm_82_176.pdb	0	43.353	90.400	9.548
swarm_115_82.pdb	0.0227273	28.457	61.449	9.543
swarm_111_198.pdb	0	30.348	81.703	9.523
swarm_123_108.pdb	0	37.793	88.103	9.507
swarm_120_138.pdb	0	27.787	53.571	9.505
swarm_0_185.pdb	0	29.381	65.409	9.504
swarm_98_192.pdb	0	36.735	75.781	9.500
swarm_77_3.pdb	0	38.535	90.688	9.490
swarm_0_88.pdb	0	34.862	70.932	9.481
swarm_61_93.pdb	0	34.972	75.958	9.395
swarm_91_109.pdb	0	34.373	86.026	9.378
swarm_6_140.pdb	0	27.369	79.905	9.369
swarm_141_160.pdb	0	40.298	84.500	9.318
swarm_10_80.pdb	0	24.335	61.440	9.298
swarm_13_64.pdb	0	31.825	65.123	9.250
swarm_51_126.pdb	0	24.453	41.840	9.245
swarm_82_164.pdb	0	42.355	94.390	9.230
swarm_3_143.pdb	0	46.215	105.314	9.187
swarm_73_18.pdb	0	32.527	62.534	9.152
swarm_98_170.pdb	0	39.546	80.649	9.139
swarm_137_98.pdb	0	33.646	89.995	9.117
swarm_100_110.pdb	0	32.267	67.065	9.114
swarm_145_147.pdb	0	30.714	64.954	9.096
swarm_70_172.pdb	0	22.439	57.959	9.089
swarm_46_103.pdb	0	24.648	56.024	9.079
swarm_137_49.pdb	0	37.994	87.040	9.058
swarm_66_185.pdb	0	32.287	53.197	9.045
swarm_2_14.pdb	0	30.339	62.498	9.042
swarm_77_142.pdb	0	44.431	101.780	9.041
swarm_78_112.pdb	0	44.514	99.244	9.028
swarm_74_171.pdb	0	40.217	91.996	9.018
swarm_22_86.pdb	0	15.850	30.394	9.000
swarm_76_33.pdb	0	35.311	70.370	8.991
swarm_34_139.pdb	0	35.286	93.464	8.941
swarm_14_86.pdb	0	25.587	54.460	8.910
swarm_69_131.pdb	0	28.228	60.524	8.844
swarm_151_98.pdb	0	30.440	48.252	8.833
swarm_98_191.pdb	0	37.611	75.373	8.827
swarm_35_141.pdb	0	33.864	81.316	8.807
swarm_17_164.pdb	0	44.706	97.499	8.805
swarm_32_118.pdb	0	39.275	69.945	8.798
swarm_111_143.pdb	0	26.295	60.508	8.789
swarm_46_73.pdb	0	29.722	65.905	8.775
swarm_0_102.pdb	0	35.876	76.250	8.758
swarm_101_1.pdb	0	28.796	48.449	8.749
swarm_52_137.pdb	0	18.243	29.671	8.747
swarm_148_10.pdb	0	27.005	65.262	8.698
swarm_139_101.pdb	0	35.977	83.183	8.687
swarm_56_169.pdb	0	31.337	51.074	8.685
swarm_11_188.pdb	0	33.107	75.131	8.667
swarm_65_154.pdb	0	31.773	74.711	8.653
swarm_90_155.pdb	0	42.702	93.814	8.622
swarm_3_137.pdb	0	46.022	102.675	8.589
swarm_79_131.pdb	0	43.995	92.836	8.576
swarm_74_65.pdb	0	40.005	96.403	8.562
swarm_85_177.pdb	0	28.463	61.551	8.541
swarm_9_119.pdb	0	30.995	75.537	8.511
swarm_82_111.pdb	0	40.265	95.224	8.469
swarm_52_4.pdb	0	14.848	25.069	8.467
swarm_44_23.pdb	0	17.941	35.604	8.439
swarm_35_79.pdb	0	30.535	72.662	8.420
swarm_68_140.pdb	0	26.020	50.938	8.397
swarm_92_73.pdb	0	30.964	70.604	8.386
swarm_89_147.pdb	0	47.482	102.286	8.378
swarm_77_136.pdb	0	33.465	85.350	8.360
swarm_3_39.pdb	0	42.911	98.772	8.322
swarm_74_87.pdb	0	47.166	101.816	8.251
swarm_117_105.pdb	0	41.230	93.127	8.249
swarm_36_88.pdb	0	35.375	83.289	8.219
swarm_85_2.pdb	0	24.316	48.647	8.210
swarm_26_188.pdb	0	35.684	94.337	8.165
swarm_80_104.pdb	0	18.254	47.422	8.135
swarm_0_165.pdb	0	37.248	76.223	8.133
swarm_96_43.pdb	0	41.105	89.880	8.125
swarm_56_63.pdb	0	26.806	48.528	8.110
swarm_135_86.pdb	0	30.166	76.335	8.097
swarm_21_18.pdb	0	31.445	66.405	8.084
swarm_100_32.pdb	0	24.292	66.122	7.977
swarm_143_103.pdb	0	29.312	84.498	7.967
swarm_143_142.pdb	0	29.391	81.565	7.964
swarm_66_194.pdb	0	21.422	35.541	7.814
swarm_44_84.pdb	0.0340909	12.950	26.103	7.809
swarm_137_9.pdb	0	38.462	88.238	7.807
swarm_0_121.pdb	0	39.902	78.726	7.786
swarm_109_43.pdb	0	29.004	67.974	7.743
swarm_18_128.pdb	0	26.749	65.496	7.662
swarm_117_179.pdb	0	38.861	91.243	7.660
swarm_84_195.pdb	0	32.141	76.267	7.630
swarm_40_150.pdb	0	29.614	78.208	7.629
swarm_63_64.pdb	0	29.638	58.413	7.618
swarm_124_111.pdb	0	32.624	82.654	7.552
swarm_16_83.pdb	0	32.582	69.317	7.414
swarm_88_117.pdb	0	25.756	52.566	7.399
swarm_79_76.pdb	0	38.036	83.311	7.352
swarm_95_168.pdb	0	42.466	96.714	7.327
swarm_10_72.pdb	0	28.138	69.864	7.294
swarm_30_13.pdb	0	31.957	69.998	7.232
swarm_65_175.pdb	0	40.414	82.808	7.227
swarm_144_175.pdb	0	35.890	78.855	7.174
swarm_6_83.pdb	0	35.726	79.407	7.155
swarm_84_140.pdb	0	37.693	87.441	7.133
swarm_74_84.pdb	0	44.706	95.411	7.117
swarm_85_118.pdb	0	27.700	55.157	7.111
swarm_56_193.pdb	0	17.486	39.072	7.083
swarm_42_185.pdb	0	33.705	81.783	6.965
swarm_98_16.pdb	0	33.418	74.897	6.950
swarm_81_178.pdb	0	33.635	63.544	6.886
swarm_5_128.pdb	0	33.122	92.486	6.865
swarm_47_9.pdb	0	28.694	46.355	6.839
swarm_63_154.pdb	0	28.135	56.516	6.538
swarm_126_184.pdb	0	29.229	64.591	6.505
swarm_139_124.pdb	0	41.923	85.106	6.499
swarm_57_112.pdb	0	33.440	66.774	6.433
swarm_88_88.pdb	0	24.631	52.863	6.319
swarm_51_173.pdb	0	25.250	45.902	6.302
swarm_8_125.pdb	0	40.442	89.542	6.295
swarm_63_65.pdb	0	24.972	53.209	6.293
swarm_139_173.pdb	0	37.525	80.859	6.273
swarm_0_63.pdb	0	37.063	74.497	6.221
swarm_77_118.pdb	0	41.584	95.505	6.100
swarm_135_138.pdb	0	29.073	77.296	6.013
swarm_57_18.pdb	0	32.309	72.395	5.988
swarm_133_151.pdb	0	29.732	71.959	5.976
swarm_57_182.pdb	0	26.950	64.684	5.882
swarm_19_86.pdb	0	35.093	82.655	5.871
swarm_14_126.pdb	0	23.019	48.193	5.850
swarm_77_15.pdb	0	34.620	84.938	5.782
swarm_61_184.pdb	0	28.160	61.721	5.755
swarm_47_15.pdb	0	12.284	24.963	5.650
swarm_117_165.pdb	0	46.220	102.354	5.622
swarm_115_163.pdb	0	35.443	66.896	5.481
swarm_111_197.pdb	0	35.678	79.207	5.451
swarm_99_133.pdb	0	37.805	76.064	5.352
swarm_113_135.pdb	0	39.956	81.253	5.344
swarm_29_7.pdb	0	35.121	86.730	5.302
swarm_120_131.pdb	0	24.231	58.395	5.296
swarm_60_69.pdb	0	12.614	30.453	5.196
swarm_129_42.pdb	0	32.289	79.576	5.097
swarm_133_163.pdb	0	29.257	64.449	5.059
swarm_140_70.pdb	0	24.470	43.053	5.009
swarm_95_114.pdb	0	43.101	97.955	4.975
swarm_19_191.pdb	0	30.413	78.090	4.969
swarm_55_18.pdb	0	30.663	47.382	4.935
swarm_78_52.pdb	0	47.330	99.790	4.865
swarm_98_13.pdb	0	39.448	79.394	4.821
swarm_62_56.pdb	0	33.019	78.725	4.774
swarm_115_178.pdb	0	33.678	67.519	4.771
swarm_4_24.pdb	0	35.888	95.724	4.736
swarm_86_169.pdb	0	28.366	74.049	4.734
swarm_51_125.pdb	0	32.803	52.049	4.734
swarm_139_86.pdb	0	37.164	78.484	4.733
swarm_46_79.pdb	0	37.080	72.711	4.729
swarm_0_150.pdb	0	35.134	74.493	4.725
swarm_5_106.pdb	0	40.630	85.512	4.719
swarm_19_167.pdb	0	34.869	91.326	4.715
swarm_8_38.pdb	0	29.480	83.772	4.700
swarm_79_102.pdb	0	39.672	101.871	4.700
swarm_77_40.pdb	0	50.303	106.359	4.700
swarm_35_186.pdb	0	31.211	80.332	4.700
swarm_129_7.pdb	0	30.202	80.358	4.700
swarm_60_95.pdb	0	16.384	27.962	4.336
swarm_75_138.pdb	0	30.119	71.331	3.754
swarm_74_142.pdb	0	43.661	97.607	3.491
swarm_69_153.pdb	0	32.429	58.258	1.221
swarm_139_62.pdb	0	36.435	82.951	1.134
swarm_79_99.pdb	0	42.018	93.786	0.874
swarm_35_54.pdb	0	30.158	65.493	-0.138
swarm_103_80.pdb	0	36.188	78.464	-0.466
swarm_149_1.pdb	0	22.600	48.017	-1.562
swarm_29_125.pdb	0	34.039	74.855	-2.024
swarm_83_52.pdb	0	40.729	87.909	-3.941
swarm_80_120.pdb	0	32.565	64.867	-4.649
swarm_97_61.pdb	0	32.617	77.792	-5.816
swarm_108_178.pdb	0	30.171	54.448	-6.518
swarm_43_169.pdb	0	26.744	59.636	-6.804
swarm_67_129.pdb	0	33.513	64.536	-8.157
swarm_18_69.pdb	0	32.128	74.375	-8.742
swarm_51_197.pdb	0	17.676	33.986	-9.255
swarm_140_48.pdb	0	21.545	43.370	-10.267
swarm_84_17.pdb	0	33.456	79.660	-10.387
swarm_133_155.pdb	0	35.167	81.832	-10.427
swarm_151_57.pdb	0	13.546	32.723	-11.760
swarm_43_31.pdb	0	32.808	66.953	-13.160
swarm_17_192.pdb	0	35.544	84.251	-14.573
swarm_133_92.pdb	0	33.223	74.199	-15.874
swarm_3_192.pdb	0	39.333	95.193	-20.784
swarm_35_157.pdb	0	32.740	69.833	-20.917
swarm_61_177.pdb	0	26.085	57.314	-22.813
swarm_62_187.pdb	0.0113636	30.893	70.583	-23.353
swarm_65_197.pdb	0	28.998	63.922	-41.465
swarm_61_162.pdb	0	30.064	65.316	-41.707
swarm_6_43.pdb	0	33.134	76.146	-43.514
swarm_123_113.pdb	0	36.588	85.184	-47.915
swarm_53_38.pdb	0.0227273	15.639	30.305	-51.480
swarm_124_128.pdb	0	31.315	77.026	-56.336
swarm_103_17.pdb	0	33.552	79.434	-58.636
swarm_27_187.pdb	0	34.558	78.423	-62.644
swarm_49_108.pdb	0	27.803	57.728	-69.401
swarm_14_48.pdb	0	28.432	60.325	-79.728
swarm_141_16.pdb	0	35.539	84.526	-98.311
swarm_17_60.pdb	0	40.781	96.256	-103.593
swarm_145_191.pdb	0	23.695	63.412	-126.573
swarm_10_126.pdb	0	28.466	61.887	-169.691
swarm_60_22.pdb	0	27.670	43.455	-170.312
swarm_27_128.pdb	0	35.710	84.440	-194.633
