swarm_9_58.pdb	0	21.158	47.181	37.501
swarm_90_71.pdb	0.0153846	15.917	24.916	36.986
swarm_8_8.pdb	0	22.757	50.792	35.728
swarm_99_103.pdb	0	10.874	20.089	35.314
swarm_105_82.pdb	0	15.300	24.808	34.941
swarm_84_80.pdb	0.0384615	13.149	26.747	34.682
swarm_99_10.pdb	0	15.721	24.997	34.099
swarm_7_86.pdb	0	23.245	52.341	33.686
swarm_99_165.pdb	0.0384615	15.940	23.266	33.552
swarm_8_31.pdb	0	26.330	56.250	33.119
swarm_92_64.pdb	0.0846154	9.438	20.594	32.233
swarm_106_93.pdb	0.0153846	13.436	22.968	32.172
swarm_10_196.pdb	0	26.376	55.404	31.889
swarm_6_79.pdb	0	19.818	43.576	31.593
swarm_17_17.pdb	0	25.494	53.355	31.577
swarm_110_112.pdb	0	9.888	22.705	31.343
swarm_103_133.pdb	0	19.074	44.907	31.132
swarm_111_162.pdb	0	13.442	24.305	31.051
swarm_8_132.pdb	0	21.181	51.509	31.005
swarm_105_92.pdb	0.0153846	10.805	20.033	30.736
swarm_114_86.pdb	0	24.892	55.296	30.551
swarm_123_172.pdb	0	17.740	44.580	30.492
swarm_105_136.pdb	0.1	10.021	16.950	30.439
swarm_61_43.pdb	0	18.963	46.769	30.296
swarm_90_148.pdb	0.0153846	15.345	22.452	30.244
swarm_116_190.pdb	0.00769231	9.168	15.409	30.050
swarm_20_87.pdb	0	23.918	56.719	29.986
swarm_86_52.pdb	0	18.510	44.810	29.851
swarm_111_73.pdb	0.0461538	10.831	26.827	29.781
swarm_88_184.pdb	0	13.144	25.385	29.474
swarm_103_76.pdb	0	21.749	49.641	29.413
swarm_11_150.pdb	0	24.621	51.804	29.357
swarm_6_82.pdb	0	14.386	35.853	29.321
swarm_10_181.pdb	0	23.136	50.506	29.308
swarm_10_137.pdb	0	20.811	51.788	29.230
swarm_4_68.pdb	0	16.241	43.474	29.062
swarm_55_49.pdb	0	18.792	39.038	28.937
swarm_17_132.pdb	0	22.141	52.407	28.889
swarm_116_138.pdb	0.0153846	16.550	25.039	28.762
swarm_17_144.pdb	0	20.249	55.487	28.737
swarm_122_186.pdb	0	21.489	49.627	28.621
swarm_85_82.pdb	0	13.667	31.611	28.478
swarm_90_2.pdb	0.0307692	10.394	19.208	28.431
swarm_70_3.pdb	0	20.162	37.241	28.377
swarm_87_121.pdb	0	20.586	49.696	28.350
swarm_22_182.pdb	0	19.758	44.571	28.311
swarm_22_73.pdb	0	26.065	54.798	28.255
swarm_28_166.pdb	0	15.016	41.480	28.198
swarm_10_2.pdb	0.00769231	20.221	54.710	28.188
swarm_8_18.pdb	0	22.480	52.071	28.131
swarm_8_74.pdb	0	23.526	51.460	28.071
swarm_74_69.pdb	0.00769231	11.690	33.477	28.065
swarm_89_115.pdb	0	18.814	45.236	27.840
swarm_7_48.pdb	0.00769231	20.712	49.992	27.780
swarm_92_27.pdb	0	14.026	24.206	27.770
swarm_112_153.pdb	0	24.326	52.043	27.757
swarm_98_74.pdb	0	11.762	27.544	27.708
swarm_114_120.pdb	0	27.575	58.304	27.618
swarm_16_123.pdb	0	20.484	42.591	27.496
swarm_100_8.pdb	0	21.107	50.834	27.381
swarm_63_18.pdb	0	25.389	48.919	27.263
swarm_109_22.pdb	0	12.957	31.218	27.228
swarm_9_130.pdb	0	23.468	49.787	27.202
swarm_88_27.pdb	0.130769	6.563	14.656	27.149
swarm_100_99.pdb	0	20.436	48.247	27.133
swarm_92_93.pdb	0.0615385	14.051	23.445	26.940
swarm_9_177.pdb	0	21.870	48.565	26.935
swarm_75_15.pdb	0	19.431	44.476	26.887
swarm_21_64.pdb	0	24.112	58.997	26.854
swarm_27_175.pdb	0	16.604	45.248	26.846
swarm_111_184.pdb	0.0307692	14.624	27.461	26.841
swarm_11_83.pdb	0	24.449	51.252	26.747
swarm_27_109.pdb	0	21.522	48.511	26.701
swarm_14_148.pdb	0	22.600	53.742	26.697
swarm_28_1.pdb	0	19.930	43.480	26.620
swarm_28_192.pdb	0	20.453	47.474	26.543
swarm_99_58.pdb	0	15.136	24.431	26.541
swarm_7_116.pdb	0	25.538	53.924	26.539
swarm_87_31.pdb	0	23.677	56.398	26.533
swarm_7_171.pdb	0	22.136	55.785	26.470
swarm_52_65.pdb	0	19.439	35.639	26.395
swarm_12_59.pdb	0	21.813	50.743	26.350
swarm_92_79.pdb	0	17.026	26.697	26.278
swarm_28_82.pdb	0	21.302	50.841	26.258
swarm_109_28.pdb	0.0307692	17.475	34.084	26.250
swarm_50_111.pdb	0	14.816	26.455	26.078
swarm_88_116.pdb	0.0153846	16.142	26.811	26.050
swarm_16_169.pdb	0	19.741	45.396	25.926
swarm_14_30.pdb	0	22.147	55.322	25.876
swarm_118_117.pdb	0	20.181	39.022	25.854
swarm_9_14.pdb	0	24.414	56.199	25.788
swarm_21_102.pdb	0	23.413	53.839	25.751
swarm_17_129.pdb	0	24.398	54.810	25.648
swarm_63_143.pdb	0	21.057	44.799	25.628
swarm_116_120.pdb	0	15.018	22.890	25.583
swarm_122_62.pdb	0	21.654	44.099	25.520
swarm_56_151.pdb	0	18.471	42.086	25.514
swarm_96_91.pdb	0	23.806	57.445	25.479
swarm_105_45.pdb	0	16.624	28.299	25.466
swarm_90_81.pdb	0	17.366	27.309	25.449
swarm_23_132.pdb	0	23.102	53.443	25.406
swarm_73_22.pdb	0.00769231	13.676	30.528	25.404
swarm_45_147.pdb	0	23.560	46.099	25.380
swarm_78_17.pdb	0	21.597	48.766	25.352
swarm_121_155.pdb	0	13.652	40.097	25.321
swarm_60_82.pdb	0	16.303	27.294	25.233
swarm_123_13.pdb	0	25.568	54.648	25.222
swarm_9_184.pdb	0	21.560	50.520	25.197
swarm_26_78.pdb	0	23.007	49.851	25.189
swarm_15_66.pdb	0	20.035	55.244	25.146
swarm_115_110.pdb	0	27.104	54.273	25.086
swarm_18_17.pdb	0	26.269	60.430	25.058
swarm_20_78.pdb	0	25.762	56.259	25.053
swarm_115_85.pdb	0	22.357	49.987	25.033
swarm_84_161.pdb	0.00769231	17.476	31.194	25.031
swarm_84_155.pdb	0	14.193	23.225	24.993
swarm_71_63.pdb	0	23.713	52.578	24.975
swarm_34_93.pdb	0	19.724	48.088	24.971
swarm_82_154.pdb	0	15.695	37.232	24.917
swarm_114_125.pdb	0	20.288	52.140	24.914
swarm_99_135.pdb	0.0230769	15.613	25.702	24.891
swarm_49_85.pdb	0	15.380	28.149	24.884
swarm_94_163.pdb	0	24.438	59.562	24.840
swarm_116_26.pdb	0	15.755	25.646	24.765
swarm_86_79.pdb	0	19.407	47.719	24.760
swarm_110_167.pdb	0	16.453	27.676	24.708
swarm_105_21.pdb	0	15.949	28.607	24.704
swarm_60_178.pdb	0	13.471	25.162	24.698
swarm_109_41.pdb	0	18.666	33.822	24.657
swarm_105_20.pdb	0	11.033	20.757	24.653
swarm_20_110.pdb	0	23.758	60.565	24.640
swarm_55_45.pdb	0	23.539	45.446	24.568
swarm_20_51.pdb	0	22.744	52.817	24.520
swarm_68_2.pdb	0.00769231	15.534	24.414	24.499
swarm_77_14.pdb	0	17.544	41.651	24.467
swarm_9_82.pdb	0	21.306	48.994	24.408
swarm_60_158.pdb	0	17.312	28.168	24.404
swarm_85_173.pdb	0	17.029	40.172	24.389
swarm_75_123.pdb	0	22.945	46.642	24.376
swarm_90_165.pdb	0.130769	5.774	19.340	24.328
swarm_25_135.pdb	0	19.364	44.378	24.304
swarm_75_140.pdb	0	23.191	49.221	24.249
swarm_118_99.pdb	0	12.310	31.382	24.236
swarm_120_122.pdb	0	24.732	58.771	24.202
swarm_20_179.pdb	0	25.972	59.373	24.164
swarm_27_90.pdb	0	19.891	46.534	24.104
swarm_111_118.pdb	0.00769231	11.037	31.602	24.049
swarm_79_58.pdb	0.00769231	16.884	33.216	24.022
swarm_108_33.pdb	0	22.161	52.064	23.996
swarm_54_144.pdb	0.0153846	13.587	37.167	23.964
swarm_42_72.pdb	0	15.774	27.669	23.961
swarm_11_128.pdb	0	22.538	50.059	23.922
swarm_117_95.pdb	0	18.579	39.973	23.921
swarm_122_167.pdb	0	26.649	57.212	23.920
swarm_8_96.pdb	0	23.520	50.403	23.918
swarm_6_119.pdb	0	20.488	39.012	23.911
swarm_95_79.pdb	0	27.948	54.976	23.889
swarm_112_23.pdb	0	26.153	56.001	23.873
swarm_110_39.pdb	0	15.258	27.915	23.869
swarm_95_165.pdb	0	25.811	53.039	23.832
swarm_110_96.pdb	0	14.694	24.155	23.818
swarm_79_130.pdb	0	17.206	31.443	23.813
swarm_118_169.pdb	0	11.587	23.633	23.785
swarm_43_35.pdb	0.00769231	15.873	30.011	23.775
swarm_89_83.pdb	0	15.482	41.733	23.760
swarm_122_182.pdb	0	27.113	53.338	23.745
swarm_95_31.pdb	0	26.144	53.083	23.735
swarm_4_37.pdb	0	21.238	45.570	23.691
swarm_56_162.pdb	0	21.473	46.773	23.672
swarm_93_128.pdb	0	22.555	52.698	23.643
swarm_79_197.pdb	0.00769231	17.272	31.221	23.643
swarm_106_62.pdb	0	19.130	34.561	23.640
swarm_21_176.pdb	0	24.430	56.377	23.623
swarm_85_87.pdb	0	17.351	36.149	23.607
swarm_63_58.pdb	0	21.406	50.375	23.599
swarm_118_128.pdb	0	16.700	33.576	23.592
swarm_23_89.pdb	0	22.290	54.103	23.576
swarm_92_23.pdb	0	14.068	24.077	23.573
swarm_123_193.pdb	0	22.157	45.231	23.534
swarm_114_45.pdb	0	27.748	58.716	23.534
swarm_108_96.pdb	0	25.852	56.456	23.527
swarm_110_52.pdb	0	16.822	27.269	23.522
swarm_53_79.pdb	0	12.226	29.826	23.507
swarm_115_23.pdb	0	21.926	52.098	23.477
swarm_103_187.pdb	0	21.626	50.612	23.453
swarm_86_60.pdb	0	20.899	46.560	23.436
swarm_118_75.pdb	0.0153846	16.504	29.183	23.415
swarm_119_144.pdb	0	21.556	50.560	23.408
swarm_17_118.pdb	0	21.426	53.007	23.395
swarm_3_169.pdb	0	21.187	50.565	23.390
swarm_122_84.pdb	0	24.994	54.520	23.387
swarm_107_189.pdb	0	15.787	35.364	23.380
swarm_8_35.pdb	0	24.042	51.567	23.378
swarm_104_158.pdb	0	22.654	53.571	23.375
swarm_108_67.pdb	0	21.450	51.767	23.349
swarm_77_122.pdb	0	18.274	36.131	23.348
swarm_96_84.pdb	0	27.060	55.781	23.336
swarm_108_173.pdb	0	23.648	51.721	23.332
swarm_118_7.pdb	0	17.210	32.671	23.317
swarm_27_183.pdb	0	20.790	49.388	23.300
swarm_119_109.pdb	0	22.723	50.858	23.293
swarm_5_99.pdb	0	21.471	50.401	23.271
swarm_26_161.pdb	0	20.774	46.226	23.269
swarm_19_155.pdb	0	16.468	37.618	23.243
swarm_86_187.pdb	0	23.727	50.418	23.219
swarm_122_131.pdb	0	22.163	50.046	23.206
swarm_111_79.pdb	0	14.573	29.645	23.171
swarm_18_76.pdb	0	21.281	55.834	23.165
swarm_54_100.pdb	0	21.217	42.887	23.147
swarm_115_24.pdb	0	23.908	52.631	23.136
swarm_100_22.pdb	0	21.247	47.595	23.128
swarm_16_32.pdb	0	13.275	37.592	23.091
swarm_78_16.pdb	0	19.166	44.621	23.072
swarm_95_63.pdb	0	26.239	52.461	23.057
swarm_37_38.pdb	0	22.230	42.808	23.050
swarm_85_197.pdb	0	15.363	28.862	23.019
swarm_19_98.pdb	0	20.679	42.749	23.010
swarm_85_84.pdb	0	20.840	36.502	22.987
swarm_68_130.pdb	0.0461538	16.023	24.496	22.982
swarm_75_195.pdb	0	22.497	46.836	22.955
swarm_21_11.pdb	0	23.566	53.485	22.946
swarm_110_138.pdb	0	11.576	26.321	22.885
swarm_73_145.pdb	0	16.681	29.331	22.882
swarm_26_99.pdb	0	17.093	38.416	22.872
swarm_3_58.pdb	0	19.992	47.503	22.859
swarm_21_92.pdb	0	21.357	51.605	22.839
swarm_19_199.pdb	0	19.677	37.036	22.837
swarm_95_164.pdb	0	23.007	50.731	22.832
swarm_70_114.pdb	0	17.878	37.247	22.773
swarm_6_89.pdb	0	11.915	31.764	22.663
swarm_101_109.pdb	0	17.409	40.237	22.614
swarm_28_106.pdb	0	20.556	41.771	22.605
swarm_5_90.pdb	0	19.215	52.253	22.494
swarm_63_137.pdb	0	23.095	48.421	22.490
swarm_52_195.pdb	0	17.587	33.522	22.465
swarm_21_53.pdb	0	25.279	55.819	22.464
swarm_94_199.pdb	0	21.887	49.198	22.428
swarm_21_197.pdb	0	20.272	53.156	22.425
swarm_105_7.pdb	0	14.480	24.603	22.423
swarm_99_38.pdb	0.00769231	14.873	24.288	22.418
swarm_70_132.pdb	0.00769231	17.758	32.583	22.408
swarm_14_97.pdb	0	24.170	59.913	22.402
swarm_7_13.pdb	0	23.828	52.575	22.364
swarm_4_88.pdb	0	19.838	43.378	22.364
swarm_8_43.pdb	0	25.840	55.810	22.349
swarm_14_89.pdb	0	27.233	61.043	22.335
swarm_106_198.pdb	0	15.301	28.393	22.327
swarm_10_3.pdb	0	27.194	56.700	22.278
swarm_4_6.pdb	0	19.232	43.955	22.258
swarm_74_121.pdb	0	19.057	43.710	22.237
swarm_115_79.pdb	0	23.285	49.833	22.191
swarm_68_170.pdb	0	14.868	25.886	22.173
swarm_115_147.pdb	0	23.364	52.167	22.164
swarm_22_93.pdb	0	21.501	52.137	22.162
swarm_107_163.pdb	0	21.160	41.022	22.151
swarm_5_42.pdb	0	19.742	44.684	22.146
swarm_88_128.pdb	0	16.398	29.185	22.117
swarm_70_91.pdb	0	18.880	37.019	22.112
swarm_52_95.pdb	0	17.456	28.672	22.092
swarm_102_75.pdb	0.00769231	10.850	19.702	22.085
swarm_98_114.pdb	0	14.006	25.457	22.062
swarm_7_67.pdb	0	25.050	52.140	22.019
swarm_81_175.pdb	0	25.664	50.610	21.993
swarm_107_47.pdb	0	11.292	27.226	21.984
swarm_53_59.pdb	0	15.988	35.243	21.976
swarm_90_185.pdb	0	12.199	20.609	21.966
swarm_90_149.pdb	0.0230769	9.862	16.246	21.951
swarm_39_12.pdb	0	15.572	35.913	21.949
swarm_21_158.pdb	0	22.382	54.929	21.938
swarm_78_41.pdb	0	21.609	48.214	21.925
swarm_28_108.pdb	0	23.269	48.958	21.919
swarm_119_110.pdb	0	18.462	49.174	21.919
swarm_8_3.pdb	0	20.582	53.855	21.915
swarm_44_126.pdb	0	18.238	32.118	21.912
swarm_64_191.pdb	0	18.699	39.239	21.901
swarm_118_168.pdb	0	19.034	34.213	21.893
swarm_18_191.pdb	0	22.648	53.325	21.865
swarm_26_136.pdb	0	16.452	46.032	21.855
swarm_8_28.pdb	0	21.894	51.722	21.853
swarm_85_17.pdb	0	11.010	24.106	21.853
swarm_16_70.pdb	0	18.513	44.480	21.836
swarm_103_18.pdb	0.00769231	17.445	53.347	21.824
swarm_82_8.pdb	0	16.327	40.555	21.774
swarm_78_127.pdb	0	21.602	41.696	21.765
swarm_81_88.pdb	0	26.672	54.126	21.747
swarm_84_108.pdb	0	15.975	28.559	21.743
swarm_99_151.pdb	0.0615385	12.449	19.002	21.711
swarm_97_8.pdb	0	21.437	44.303	21.711
swarm_3_117.pdb	0	19.657	54.035	21.700
swarm_63_37.pdb	0	22.188	45.293	21.696
swarm_88_109.pdb	0.0153846	11.746	22.211	21.692
swarm_6_140.pdb	0	18.109	39.267	21.682
swarm_26_147.pdb	0	16.725	42.938	21.680
swarm_60_15.pdb	0.00769231	14.068	23.981	21.644
swarm_96_193.pdb	0	24.114	52.147	21.635
swarm_16_173.pdb	0	19.243	41.155	21.615
swarm_106_160.pdb	0	16.266	30.230	21.607
swarm_118_160.pdb	0.0461538	11.466	22.221	21.603
swarm_61_194.pdb	0	18.244	42.322	21.592
swarm_23_60.pdb	0	23.894	54.542	21.486
swarm_44_123.pdb	0	14.945	32.380	21.467
swarm_103_38.pdb	0	24.153	52.441	21.437
swarm_81_142.pdb	0	22.790	55.596	21.414
swarm_11_194.pdb	0	24.877	49.517	21.394
swarm_34_111.pdb	0	23.815	50.393	21.393
swarm_107_159.pdb	0	18.596	35.681	21.388
swarm_66_156.pdb	0	20.403	47.066	21.345
swarm_87_149.pdb	0	28.209	55.606	21.339
swarm_44_85.pdb	0	13.434	29.431	21.323
swarm_32_150.pdb	0	25.422	52.049	21.322
swarm_118_125.pdb	0.1	8.558	23.878	21.315
swarm_53_74.pdb	0	21.030	38.810	21.301
swarm_3_133.pdb	0	21.935	52.979	21.288
swarm_9_162.pdb	0	18.645	45.593	21.241
swarm_98_181.pdb	0	21.209	41.237	21.231
swarm_25_27.pdb	0	18.217	40.929	21.197
swarm_12_26.pdb	0	26.340	59.652	21.154
swarm_72_161.pdb	0	23.938	52.483	21.142
swarm_29_51.pdb	0	19.790	47.092	21.131
swarm_79_81.pdb	0	20.089	39.328	21.127
swarm_95_129.pdb	0	29.309	56.049	21.125
swarm_25_2.pdb	0	22.582	47.294	21.108
swarm_15_80.pdb	0	21.200	50.332	21.086
swarm_78_68.pdb	0	16.440	42.601	21.080
swarm_37_112.pdb	0	17.717	38.918	21.050
swarm_89_21.pdb	0	19.632	40.690	21.046
swarm_49_195.pdb	0	18.000	36.803	21.041
swarm_106_54.pdb	0	13.071	27.897	21.005
swarm_77_86.pdb	0	18.242	43.300	20.990
swarm_9_179.pdb	0	24.297	53.567	20.982
swarm_94_65.pdb	0	22.212	53.508	20.940
swarm_109_134.pdb	0	20.079	47.096	20.919
swarm_111_67.pdb	0	12.583	25.775	20.900
swarm_66_130.pdb	0	23.627	51.359	20.893
swarm_28_111.pdb	0	19.789	46.734	20.870
swarm_103_117.pdb	0.00769231	21.503	51.047	20.868
swarm_98_156.pdb	0	17.045	29.506	20.855
swarm_110_105.pdb	0	15.728	30.148	20.853
swarm_68_41.pdb	0.00769231	11.649	24.340	20.847
swarm_74_159.pdb	0	20.610	38.344	20.844
swarm_108_121.pdb	0	20.592	48.227	20.829
swarm_73_131.pdb	0	15.137	27.176	20.817
swarm_106_138.pdb	0	18.451	31.657	20.811
swarm_34_54.pdb	0	20.069	51.816	20.799
swarm_117_64.pdb	0	20.092	39.034	20.790
swarm_64_195.pdb	0	24.362	47.837	20.781
swarm_23_131.pdb	0	23.292	54.545	20.778
swarm_71_101.pdb	0	26.908	54.513	20.776
swarm_22_187.pdb	0	17.507	45.772	20.724
swarm_26_29.pdb	0	15.656	42.780	20.721
swarm_19_108.pdb	0	15.451	37.353	20.688
swarm_113_176.pdb	0	10.373	19.045	20.687
swarm_12_20.pdb	0	21.040	53.796	20.685
swarm_117_196.pdb	0	20.691	43.490	20.680
swarm_97_166.pdb	0	19.063	44.197	20.658
swarm_103_149.pdb	0	22.029	49.171	20.656
swarm_61_55.pdb	0	20.153	46.451	20.642
swarm_74_142.pdb	0	18.969	38.733	20.629
swarm_112_189.pdb	0	21.509	56.369	20.622
swarm_121_176.pdb	0	17.257	40.583	20.612
swarm_119_166.pdb	0	20.797	53.235	20.606
swarm_65_93.pdb	0	23.245	47.880	20.604
swarm_84_48.pdb	0	19.233	32.982	20.575
swarm_104_13.pdb	0	20.256	48.941	20.575
swarm_103_145.pdb	0	17.840	45.307	20.540
swarm_87_34.pdb	0	26.571	53.228	20.507
swarm_49_30.pdb	0	19.685	37.402	20.507
swarm_92_199.pdb	0	16.262	26.024	20.497
swarm_98_85.pdb	0	17.661	34.587	20.495
swarm_92_152.pdb	0	15.861	28.059	20.470
swarm_102_168.pdb	0	14.163	23.657	20.461
swarm_79_151.pdb	0	16.219	31.890	20.442
swarm_100_61.pdb	0	24.360	52.302	20.442
swarm_19_9.pdb	0	16.010	36.657	20.436
swarm_21_108.pdb	0	24.118	61.665	20.417
swarm_83_122.pdb	0.00769231	17.089	38.280	20.404
swarm_25_108.pdb	0	17.774	47.407	20.396
swarm_67_72.pdb	0	15.722	29.255	20.389
swarm_67_25.pdb	0	18.639	32.877	20.386
swarm_14_171.pdb	0	25.865	56.962	20.364
swarm_121_55.pdb	0	19.375	46.075	20.353
swarm_21_40.pdb	0	18.714	51.727	20.352
swarm_8_11.pdb	0	25.542	56.201	20.345
swarm_85_164.pdb	0	14.597	27.612	20.296
swarm_86_157.pdb	0	21.241	51.068	20.286
swarm_13_80.pdb	0	16.246	39.854	20.284
swarm_30_189.pdb	0	13.230	33.851	20.276
swarm_4_188.pdb	0	20.200	46.255	20.269
swarm_48_43.pdb	0	16.174	35.665	20.256
swarm_112_113.pdb	0	22.907	53.620	20.249
swarm_95_135.pdb	0	23.927	53.305	20.244
swarm_17_14.pdb	0	24.261	55.474	20.243
swarm_79_169.pdb	0	19.176	34.302	20.239
swarm_116_106.pdb	0.0230769	10.720	18.948	20.229
swarm_71_29.pdb	0	28.369	56.299	20.225
swarm_25_114.pdb	0	22.221	50.688	20.225
swarm_95_171.pdb	0	20.331	44.994	20.187
swarm_79_117.pdb	0	13.093	28.994	20.174
swarm_123_138.pdb	0	23.300	47.655	20.161
swarm_74_75.pdb	0	16.185	31.219	20.142
swarm_62_146.pdb	0	26.285	56.337	20.093
swarm_23_104.pdb	0	21.026	54.448	20.092
swarm_34_149.pdb	0	20.350	48.537	20.051
swarm_53_66.pdb	0	15.170	40.459	20.034
swarm_83_5.pdb	0	20.797	38.288	20.027
swarm_19_87.pdb	0	18.416	39.012	20.003
swarm_16_142.pdb	0	17.156	40.112	19.993
swarm_25_85.pdb	0	18.258	45.137	19.989
swarm_81_65.pdb	0	20.824	49.620	19.970
swarm_81_164.pdb	0	23.450	48.320	19.970
swarm_36_193.pdb	0.00769231	22.902	43.780	19.944
swarm_79_105.pdb	0	14.741	29.815	19.939
swarm_53_129.pdb	0.0307692	12.429	31.028	19.916
swarm_12_199.pdb	0	24.589	57.755	19.911
swarm_70_184.pdb	0.0153846	9.701	31.163	19.877
swarm_100_112.pdb	0	20.724	55.632	19.856
swarm_45_165.pdb	0	19.735	42.546	19.835
swarm_22_27.pdb	0	26.613	57.532	19.826
swarm_101_114.pdb	0	18.733	43.817	19.824
swarm_121_27.pdb	0	19.094	45.548	19.771
swarm_90_78.pdb	0	13.764	23.938	19.769
swarm_82_5.pdb	0	20.824	44.960	19.739
swarm_20_3.pdb	0	24.276	54.233	19.731
swarm_17_82.pdb	0	28.222	59.486	19.725
swarm_120_88.pdb	0	22.370	57.686	19.719
swarm_10_115.pdb	0	26.753	61.248	19.701
swarm_50_7.pdb	0	16.709	30.195	19.699
swarm_93_93.pdb	0	22.510	55.399	19.686
swarm_85_50.pdb	0	19.574	32.943	19.684
swarm_84_192.pdb	0.0153846	13.312	33.058	19.678
swarm_64_140.pdb	0	22.702	56.776	19.663
swarm_10_154.pdb	0	24.368	53.863	19.646
swarm_18_25.pdb	0	24.547	56.694	19.592
swarm_34_174.pdb	0	24.541	53.431	19.560
swarm_22_155.pdb	0	18.689	46.125	19.528
swarm_27_41.pdb	0	21.230	53.510	19.514
swarm_17_107.pdb	0	21.966	54.520	19.480
swarm_107_139.pdb	0	18.744	37.462	19.476
swarm_99_68.pdb	0	17.397	26.617	19.473
swarm_87_84.pdb	0	26.909	60.328	19.471
swarm_12_72.pdb	0	24.275	53.774	19.471
swarm_68_13.pdb	0.00769231	12.455	23.076	19.402
swarm_15_192.pdb	0	24.281	55.890	19.372
swarm_40_56.pdb	0	21.167	43.617	19.340
swarm_27_58.pdb	0	21.639	48.370	19.337
swarm_94_8.pdb	0	19.791	52.633	19.332
swarm_88_135.pdb	0	13.682	22.423	19.319
swarm_101_13.pdb	0	18.966	45.087	19.313
swarm_94_175.pdb	0	24.099	52.384	19.294
swarm_74_197.pdb	0.00769231	16.371	38.408	19.290
swarm_115_118.pdb	0	24.521	49.195	19.273
swarm_45_168.pdb	0.0153846	25.387	49.764	19.257
swarm_93_106.pdb	0	20.645	46.186	19.248
swarm_106_196.pdb	0.00769231	16.756	27.929	19.237
swarm_101_153.pdb	0	21.798	45.769	19.237
swarm_6_19.pdb	0	21.043	47.586	19.223
swarm_53_195.pdb	0	20.645	39.977	19.191
swarm_38_143.pdb	0	17.432	35.227	19.170
swarm_54_1.pdb	0.00769231	15.832	37.930	19.156
swarm_83_53.pdb	0	20.264	44.910	19.147
swarm_70_197.pdb	0	18.666	36.609	19.136
swarm_67_10.pdb	0.0615385	9.467	24.429	19.136
swarm_87_99.pdb	0	28.347	56.596	19.114
swarm_15_31.pdb	0	20.656	50.624	19.097
swarm_120_43.pdb	0	20.327	60.553	19.095
swarm_24_60.pdb	0	22.841	43.953	19.086
swarm_93_32.pdb	0	24.618	55.394	19.082
swarm_12_116.pdb	0	21.781	49.935	19.074
swarm_12_153.pdb	0	26.125	57.257	19.064
swarm_120_172.pdb	0	20.336	56.791	19.029
swarm_78_159.pdb	0	19.296	51.140	19.027
swarm_89_91.pdb	0	23.545	51.339	19.025
swarm_105_10.pdb	0	15.175	24.086	19.016
swarm_15_44.pdb	0	21.855	49.540	19.015
swarm_63_55.pdb	0	23.616	45.835	19.001
swarm_18_173.pdb	0	25.716	59.189	19.001
swarm_14_67.pdb	0	24.294	59.600	18.997
swarm_59_139.pdb	0	17.154	37.103	18.987
swarm_72_157.pdb	0	22.338	51.267	18.979
swarm_31_37.pdb	0	23.484	48.014	18.973
swarm_81_127.pdb	0	25.866	52.213	18.962
swarm_69_69.pdb	0	17.562	34.439	18.955
swarm_104_74.pdb	0	20.005	47.368	18.955
swarm_2_89.pdb	0	16.735	39.385	18.843
swarm_14_187.pdb	0	27.072	60.052	18.840
swarm_31_101.pdb	0	21.722	45.932	18.833
swarm_118_148.pdb	0	11.124	27.805	18.823
swarm_101_27.pdb	0	17.159	48.740	18.814
swarm_6_107.pdb	0	20.102	42.360	18.779
swarm_42_71.pdb	0	15.046	26.104	18.737
swarm_28_20.pdb	0	21.950	47.070	18.735
swarm_82_90.pdb	0	18.906	39.387	18.717
swarm_18_57.pdb	0	26.171	59.933	18.698
swarm_12_0.pdb	0	22.026	50.661	18.696
swarm_54_194.pdb	0	19.095	40.710	18.695
swarm_56_169.pdb	0	21.322	45.103	18.691
swarm_57_23.pdb	0	19.273	43.425	18.669
swarm_62_119.pdb	0	27.427	56.869	18.653
swarm_93_55.pdb	0	19.534	51.022	18.644
swarm_39_30.pdb	0	17.295	45.420	18.629
swarm_14_80.pdb	0	20.886	56.761	18.551
swarm_83_116.pdb	0	21.614	43.472	18.538
swarm_50_195.pdb	0	18.555	30.708	18.519
swarm_18_185.pdb	0	22.006	58.640	18.508
swarm_14_173.pdb	0	21.989	54.122	18.503
swarm_5_27.pdb	0	21.244	52.462	18.501
swarm_11_62.pdb	0	22.334	49.160	18.490
swarm_48_36.pdb	0	22.364	40.403	18.469
swarm_31_102.pdb	0	16.552	41.368	18.452
swarm_74_123.pdb	0	20.673	40.693	18.448
swarm_43_163.pdb	0	13.114	27.785	18.446
swarm_119_84.pdb	0	23.009	54.115	18.416
swarm_35_85.pdb	0	17.827	35.933	18.409
swarm_81_139.pdb	0	23.613	50.719	18.408
swarm_68_48.pdb	0.0230769	12.616	21.464	18.408
swarm_37_186.pdb	0	22.363	46.237	18.381
swarm_52_133.pdb	0	16.276	34.524	18.379
swarm_79_91.pdb	0.00769231	16.223	34.584	18.368
swarm_100_70.pdb	0	25.065	53.532	18.368
swarm_83_121.pdb	0	24.434	45.388	18.358
swarm_20_29.pdb	0	29.135	62.446	18.344
swarm_68_102.pdb	0	19.389	30.385	18.337
swarm_112_103.pdb	0	22.518	52.513	18.309
swarm_13_147.pdb	0	22.559	42.254	18.298
swarm_50_96.pdb	0.00769231	13.901	29.090	18.283
swarm_42_161.pdb	0.00769231	12.552	22.812	18.257
swarm_53_45.pdb	0	14.377	36.209	18.254
swarm_34_83.pdb	0	22.581	50.515	18.246
swarm_71_167.pdb	0	26.760	59.313	18.223
swarm_68_105.pdb	0	15.152	24.583	18.222
swarm_45_188.pdb	0	23.062	45.051	18.217
swarm_114_165.pdb	0	24.248	54.269	18.211
swarm_57_128.pdb	0	24.073	52.443	18.209
swarm_17_50.pdb	0	18.066	53.527	18.204
swarm_51_1.pdb	0	16.987	37.841	18.201
swarm_55_61.pdb	0	20.200	42.780	18.170
swarm_53_40.pdb	0	18.798	42.108	18.136
swarm_18_198.pdb	0	18.721	53.616	18.130
swarm_91_52.pdb	0	22.972	46.497	18.121
swarm_103_131.pdb	0	19.652	49.276	18.118
swarm_32_121.pdb	0	20.247	48.150	18.108
swarm_114_80.pdb	0	26.999	56.916	18.092
swarm_90_133.pdb	0	17.698	26.947	18.081
swarm_50_43.pdb	0	18.622	33.827	18.067
swarm_112_89.pdb	0	21.672	57.503	18.064
swarm_70_93.pdb	0	16.773	44.238	18.048
swarm_15_188.pdb	0	21.830	54.849	18.041
swarm_45_57.pdb	0	19.553	43.249	18.039
swarm_103_118.pdb	0	22.202	54.494	18.028
swarm_123_35.pdb	0	22.153	48.271	18.019
swarm_36_127.pdb	0	24.456	50.603	18.016
swarm_32_98.pdb	0	20.187	51.349	17.989
swarm_89_154.pdb	0	20.837	48.459	17.985
swarm_0_43.pdb	0	20.679	41.842	17.959
swarm_12_35.pdb	0	20.417	51.163	17.956
swarm_54_195.pdb	0	17.027	35.105	17.951
swarm_33_140.pdb	0	18.884	42.889	17.949
swarm_110_110.pdb	0	17.449	29.651	17.934
swarm_86_106.pdb	0	26.556	56.102	17.928
swarm_66_154.pdb	0	18.709	42.872	17.925
swarm_120_75.pdb	0	24.814	56.852	17.924
swarm_117_156.pdb	0	22.129	48.645	17.913
swarm_58_88.pdb	0	17.943	33.294	17.874
swarm_107_29.pdb	0	19.386	38.006	17.867
swarm_104_24.pdb	0	20.959	48.962	17.836
swarm_100_103.pdb	0	24.560	55.445	17.815
swarm_14_134.pdb	0	21.367	52.166	17.810
swarm_97_46.pdb	0	21.986	51.764	17.806
swarm_16_102.pdb	0	16.377	35.446	17.805
swarm_94_122.pdb	0	24.226	59.387	17.798
swarm_71_108.pdb	0	27.446	54.331	17.794
swarm_6_74.pdb	0	20.907	42.384	17.767
swarm_104_117.pdb	0	23.483	50.855	17.761
swarm_80_120.pdb	0	15.285	26.195	17.758
swarm_122_94.pdb	0	26.577	57.145	17.753
swarm_37_132.pdb	0	18.832	33.963	17.736
swarm_15_78.pdb	0	22.626	54.439	17.733
swarm_39_20.pdb	0	22.046	41.026	17.720
swarm_18_68.pdb	0	24.375	57.568	17.672
swarm_93_73.pdb	0	19.735	53.205	17.671
swarm_114_129.pdb	0.0153846	22.999	51.960	17.671
swarm_84_149.pdb	0.0153846	9.903	18.529	17.657
swarm_2_57.pdb	0	18.721	41.971	17.648
swarm_75_173.pdb	0	20.346	42.945	17.618
swarm_88_84.pdb	0	13.991	26.383	17.610
swarm_21_114.pdb	0	24.938	60.061	17.608
swarm_108_176.pdb	0	23.752	51.819	17.607
swarm_51_168.pdb	0	20.066	39.204	17.594
swarm_1_147.pdb	0	18.832	39.533	17.584
swarm_82_11.pdb	0	19.182	45.700	17.583
swarm_16_166.pdb	0	20.767	42.409	17.556
swarm_18_123.pdb	0	23.085	61.228	17.548
swarm_63_158.pdb	0	20.555	49.043	17.547
swarm_82_171.pdb	0	18.772	39.941	17.540
swarm_68_36.pdb	0	17.702	30.810	17.535
swarm_39_82.pdb	0	22.050	48.445	17.515
swarm_53_55.pdb	0.0153846	18.166	42.340	17.499
swarm_92_184.pdb	0	15.378	25.541	17.495
swarm_42_32.pdb	0	18.906	32.599	17.466
swarm_42_6.pdb	0	19.007	31.444	17.459
swarm_5_39.pdb	0	18.630	51.885	17.446
swarm_89_69.pdb	0	19.576	46.926	17.412
swarm_44_20.pdb	0	17.111	33.209	17.405
swarm_3_62.pdb	0	21.544	50.630	17.401
swarm_38_81.pdb	0	21.017	43.277	17.397
swarm_123_182.pdb	0	20.604	44.905	17.386
swarm_94_104.pdb	0	22.687	57.704	17.350
swarm_16_80.pdb	0	21.168	45.640	17.350
swarm_121_134.pdb	0	20.022	40.350	17.346
swarm_5_28.pdb	0	21.206	47.779	17.324
swarm_2_88.pdb	0	22.813	43.284	17.324
swarm_104_47.pdb	0	25.445	55.695	17.322
swarm_41_24.pdb	0	17.193	36.555	17.320
swarm_98_16.pdb	0.00769231	17.079	31.710	17.315
swarm_52_69.pdb	0	18.974	34.603	17.313
swarm_89_134.pdb	0	20.499	47.546	17.297
swarm_70_140.pdb	0	14.442	39.219	17.291
swarm_4_106.pdb	0	18.583	45.568	17.277
swarm_51_181.pdb	0	17.691	37.341	17.265
swarm_39_104.pdb	0	18.366	45.252	17.254
swarm_40_1.pdb	0	17.950	36.226	17.247
swarm_58_128.pdb	0	18.257	32.941	17.237
swarm_53_174.pdb	0	15.851	37.588	17.236
swarm_23_36.pdb	0	20.971	50.619	17.231
swarm_60_46.pdb	0	17.600	28.942	17.215
swarm_27_2.pdb	0	22.455	51.164	17.199
swarm_0_142.pdb	0	20.165	44.580	17.186
swarm_96_144.pdb	0	21.586	49.736	17.185
swarm_35_169.pdb	0	17.043	33.681	17.183
swarm_32_7.pdb	0	25.525	50.310	17.168
swarm_11_95.pdb	0	17.806	45.793	17.168
swarm_83_36.pdb	0	20.379	43.396	17.166
swarm_28_41.pdb	0	22.269	54.459	17.162
swarm_95_173.pdb	0	27.435	56.648	17.157
swarm_25_103.pdb	0	22.149	45.968	17.147
swarm_101_85.pdb	0	22.601	51.075	17.136
swarm_71_182.pdb	0	28.528	56.901	17.135
swarm_46_132.pdb	0	21.652	42.684	17.131
swarm_32_51.pdb	0	27.882	56.054	17.121
swarm_111_37.pdb	0	14.184	23.320	17.120
swarm_104_84.pdb	0	17.181	42.234	17.069
swarm_117_175.pdb	0	15.599	36.762	17.061
swarm_67_143.pdb	0	20.606	39.294	17.056
swarm_113_173.pdb	0	15.272	29.003	17.054
swarm_28_90.pdb	0	18.213	43.603	17.053
swarm_65_110.pdb	0	24.864	46.745	17.044
swarm_116_8.pdb	0.0153846	14.016	24.395	17.039
swarm_16_165.pdb	0	21.552	48.519	17.013
swarm_11_42.pdb	0	25.044	51.681	16.996
swarm_86_92.pdb	0	22.871	54.084	16.991
swarm_101_166.pdb	0	22.661	48.996	16.988
swarm_59_46.pdb	0	22.256	41.432	16.972
swarm_71_28.pdb	0	25.101	53.414	16.959
swarm_74_97.pdb	0	18.765	37.579	16.955
swarm_56_93.pdb	0	23.034	50.409	16.945
swarm_51_20.pdb	0	18.434	38.959	16.944
swarm_74_158.pdb	0	19.386	35.873	16.943
swarm_121_114.pdb	0	14.829	49.143	16.907
swarm_70_54.pdb	0	19.643	39.800	16.885
swarm_59_58.pdb	0	19.426	36.630	16.884
swarm_6_64.pdb	0	14.790	34.298	16.882
swarm_19_70.pdb	0	18.118	42.281	16.856
swarm_113_4.pdb	0	20.431	35.296	16.819
swarm_84_186.pdb	0.169231	4.910	12.469	16.801
swarm_4_147.pdb	0	24.490	51.248	16.799
swarm_49_106.pdb	0	19.807	35.223	16.799
swarm_96_175.pdb	0	21.852	48.065	16.777
swarm_23_169.pdb	0	19.164	47.701	16.756
swarm_3_92.pdb	0	22.804	55.663	16.746
swarm_73_50.pdb	0.0153846	16.554	28.817	16.740
swarm_120_186.pdb	0	25.547	62.271	16.707
swarm_72_45.pdb	0	21.704	46.854	16.677
swarm_77_61.pdb	0	20.207	49.409	16.675
swarm_29_34.pdb	0	21.436	48.341	16.668
swarm_27_95.pdb	0	21.673	51.405	16.662
swarm_52_164.pdb	0	17.022	34.228	16.661
swarm_123_144.pdb	0	23.071	45.573	16.648
swarm_117_18.pdb	0	21.347	44.386	16.648
swarm_30_171.pdb	0	14.303	34.961	16.629
swarm_28_74.pdb	0	23.487	48.936	16.624
swarm_30_128.pdb	0	15.998	37.211	16.615
swarm_85_83.pdb	0	13.694	33.849	16.592
swarm_91_163.pdb	0	23.332	47.081	16.587
swarm_90_101.pdb	0.0153846	13.878	25.865	16.577
swarm_87_194.pdb	0	28.926	61.855	16.576
swarm_121_119.pdb	0	22.971	48.950	16.561
swarm_34_172.pdb	0	25.197	54.696	16.555
swarm_1_172.pdb	0	24.155	44.275	16.554
swarm_122_168.pdb	0	20.058	50.320	16.530
swarm_56_141.pdb	0	22.781	48.755	16.522
swarm_6_159.pdb	0	21.947	46.592	16.521
swarm_11_78.pdb	0	22.043	48.450	16.510
swarm_72_68.pdb	0	17.680	45.719	16.507
swarm_54_150.pdb	0	21.753	41.508	16.507
swarm_61_172.pdb	0	21.145	46.508	16.505
swarm_64_69.pdb	0	25.918	54.575	16.492
swarm_45_60.pdb	0	25.813	52.655	16.491
swarm_102_31.pdb	0	17.068	26.992	16.491
swarm_43_59.pdb	0	17.165	33.074	16.468
swarm_19_90.pdb	0	18.833	34.900	16.464
swarm_43_10.pdb	0	14.091	26.103	16.439
swarm_41_85.pdb	0	17.939	37.183	16.437
swarm_95_176.pdb	0	24.113	52.794	16.421
swarm_95_65.pdb	0	27.450	55.002	16.416
swarm_63_131.pdb	0	20.030	49.156	16.415
swarm_80_162.pdb	0	12.536	22.533	16.399
swarm_81_111.pdb	0	24.571	51.234	16.393
swarm_37_43.pdb	0	17.426	35.092	16.386
swarm_108_79.pdb	0	25.047	57.701	16.385
swarm_98_121.pdb	0	20.848	40.888	16.332
swarm_103_107.pdb	0	23.908	51.227	16.329
swarm_103_1.pdb	0	23.039	51.054	16.326
swarm_24_196.pdb	0	19.797	45.109	16.323
swarm_112_11.pdb	0	25.271	54.433	16.316
swarm_26_38.pdb	0	22.311	49.510	16.298
swarm_43_56.pdb	0	14.751	31.363	16.267
swarm_37_111.pdb	0	14.614	33.546	16.227
swarm_17_28.pdb	0	23.880	56.051	16.224
swarm_60_47.pdb	0	18.713	30.838	16.222
swarm_102_170.pdb	0	14.573	24.010	16.218
swarm_78_194.pdb	0	21.585	49.209	16.215
swarm_39_155.pdb	0	23.278	45.897	16.211
swarm_97_143.pdb	0	22.404	45.930	16.188
swarm_18_54.pdb	0	23.970	56.151	16.187
swarm_76_116.pdb	0	25.454	54.252	16.162
swarm_95_107.pdb	0	17.088	41.230	16.161
swarm_118_57.pdb	0	19.984	38.287	16.156
swarm_36_16.pdb	0	22.492	45.655	16.118
swarm_110_64.pdb	0	10.478	21.213	16.108
swarm_121_98.pdb	0	17.600	45.639	16.100
swarm_77_102.pdb	0	20.963	47.985	16.097
swarm_109_85.pdb	0.0307692	16.455	39.429	16.093
swarm_0_177.pdb	0	19.504	41.185	16.090
swarm_36_152.pdb	0	18.453	43.871	16.089
swarm_101_107.pdb	0	19.710	45.671	16.088
swarm_87_169.pdb	0	30.122	60.928	16.081
swarm_59_149.pdb	0	19.711	41.215	16.065
swarm_37_7.pdb	0	25.562	49.469	16.026
swarm_33_14.pdb	0	21.234	52.842	16.017
swarm_59_93.pdb	0	18.052	41.793	16.012
swarm_73_34.pdb	0	13.071	22.446	15.992
swarm_73_182.pdb	0	19.000	31.583	15.990
swarm_101_148.pdb	0	22.096	49.077	15.984
swarm_30_191.pdb	0	21.176	36.530	15.974
swarm_121_83.pdb	0	20.804	43.922	15.973
swarm_101_108.pdb	0	22.858	53.092	15.953
swarm_63_4.pdb	0	25.364	48.713	15.930
swarm_84_122.pdb	0	14.139	27.400	15.922
swarm_44_60.pdb	0	16.409	31.410	15.921
swarm_107_42.pdb	0	12.426	32.727	15.909
swarm_67_18.pdb	0	15.241	31.339	15.905
swarm_122_55.pdb	0	24.005	52.372	15.894
swarm_101_191.pdb	0	17.400	41.415	15.866
swarm_113_77.pdb	0	13.882	27.138	15.865
swarm_56_117.pdb	0	20.405	44.682	15.857
swarm_21_75.pdb	0	28.556	61.237	15.850
swarm_93_12.pdb	0	23.965	54.247	15.842
swarm_36_97.pdb	0	26.773	51.688	15.842
swarm_108_140.pdb	0	22.211	51.066	15.837
swarm_38_97.pdb	0	20.181	42.480	15.834
swarm_33_70.pdb	0	23.364	52.508	15.822
swarm_102_102.pdb	0.0153846	19.695	31.064	15.820
swarm_10_180.pdb	0	24.588	56.907	15.817
swarm_73_118.pdb	0.00769231	12.198	23.294	15.800
swarm_24_2.pdb	0	16.169	41.106	15.753
swarm_104_196.pdb	0	25.362	57.096	15.748
swarm_55_149.pdb	0	20.226	49.620	15.736
swarm_76_2.pdb	0	22.430	48.188	15.725
swarm_29_64.pdb	0	21.257	49.117	15.724
swarm_9_19.pdb	0	18.047	48.963	15.720
swarm_104_69.pdb	0	19.114	54.296	15.706
swarm_97_45.pdb	0	24.206	46.492	15.698
swarm_89_139.pdb	0	21.763	46.492	15.661
swarm_1_167.pdb	0	20.170	39.656	15.647
swarm_18_78.pdb	0	22.964	57.892	15.616
swarm_79_50.pdb	0	16.830	32.606	15.610
swarm_20_190.pdb	0	26.167	57.633	15.605
swarm_89_97.pdb	0	24.206	53.316	15.595
swarm_54_67.pdb	0	16.278	39.442	15.594
swarm_18_24.pdb	0	21.750	54.622	15.592
swarm_53_44.pdb	0	18.068	41.457	15.588
swarm_85_178.pdb	0	16.708	31.378	15.585
swarm_59_191.pdb	0	21.730	40.553	15.547
swarm_52_7.pdb	0.00769231	12.602	29.775	15.531
swarm_76_32.pdb	0	25.057	59.520	15.529
swarm_76_192.pdb	0	21.349	52.816	15.520
swarm_72_160.pdb	0	19.622	45.235	15.514
swarm_96_18.pdb	0	21.637	44.956	15.509
swarm_76_46.pdb	0	24.008	53.482	15.508
swarm_38_59.pdb	0	20.320	43.930	15.506
swarm_4_11.pdb	0	20.407	46.453	15.505
swarm_10_0.pdb	0	25.259	56.784	15.470
swarm_108_1.pdb	0	26.787	54.823	15.470
swarm_29_33.pdb	0	24.298	48.569	15.445
swarm_55_80.pdb	0	21.762	46.050	15.441
swarm_119_40.pdb	0.00769231	16.360	50.106	15.430
swarm_0_12.pdb	0	25.060	50.406	15.426
swarm_67_37.pdb	0	22.034	43.414	15.410
swarm_120_131.pdb	0	22.836	50.205	15.390
swarm_32_168.pdb	0	26.874	55.713	15.389
swarm_16_4.pdb	0	20.016	41.219	15.378
swarm_109_109.pdb	0	20.422	42.185	15.376
swarm_109_151.pdb	0	21.229	43.293	15.372
swarm_32_145.pdb	0	23.945	53.165	15.365
swarm_18_113.pdb	0	21.902	57.173	15.361
swarm_34_137.pdb	0	24.037	52.550	15.340
swarm_35_99.pdb	0	22.487	45.643	15.334
swarm_66_132.pdb	0	16.823	49.787	15.328
swarm_73_183.pdb	0.00769231	19.094	32.783	15.327
swarm_91_181.pdb	0	20.044	49.140	15.318
swarm_42_149.pdb	0	14.766	29.345	15.298
swarm_44_187.pdb	0	13.802	30.841	15.294
swarm_109_184.pdb	0	20.915	40.106	15.284
swarm_5_23.pdb	0	23.549	53.057	15.273
swarm_93_166.pdb	0	24.403	50.921	15.249
swarm_64_53.pdb	0	25.441	52.703	15.237
swarm_49_166.pdb	0	20.549	32.370	15.236
swarm_119_24.pdb	0	19.982	49.775	15.194
swarm_2_190.pdb	0	21.092	42.459	15.185
swarm_53_8.pdb	0	20.569	40.552	15.158
swarm_58_195.pdb	0.00769231	21.343	38.829	15.148
swarm_14_152.pdb	0	24.806	58.332	15.098
swarm_86_110.pdb	0	21.762	46.825	15.085
swarm_121_154.pdb	0	20.173	46.376	15.085
swarm_77_4.pdb	0	18.938	41.906	15.069
swarm_13_69.pdb	0	21.621	39.851	15.059
swarm_97_118.pdb	0	21.688	45.255	15.054
swarm_72_156.pdb	0	19.144	44.430	15.053
swarm_77_121.pdb	0	22.229	50.416	15.051
swarm_69_129.pdb	0	22.449	40.847	15.050
swarm_57_172.pdb	0	25.763	55.285	15.040
swarm_31_196.pdb	0	24.876	50.184	15.038
swarm_61_173.pdb	0	22.041	48.442	15.030
swarm_64_57.pdb	0	26.439	53.139	14.999
swarm_6_103.pdb	0	17.474	33.870	14.988
swarm_41_175.pdb	0	17.846	38.249	14.985
swarm_52_5.pdb	0	19.511	35.858	14.983
swarm_1_34.pdb	0	22.995	41.668	14.974
swarm_114_121.pdb	0	24.262	57.007	14.972
swarm_13_27.pdb	0	18.630	39.233	14.966
swarm_43_63.pdb	0	18.642	34.570	14.961
swarm_2_180.pdb	0	20.117	42.791	14.961
swarm_102_19.pdb	0	19.057	30.236	14.952
swarm_110_4.pdb	0	18.058	33.651	14.941
swarm_74_157.pdb	0	19.268	35.941	14.940
swarm_57_67.pdb	0	25.266	48.932	14.913
swarm_62_92.pdb	0	29.441	59.191	14.873
swarm_51_127.pdb	0	18.377	42.759	14.865
swarm_103_21.pdb	0	25.058	52.503	14.862
swarm_57_10.pdb	0	24.133	48.535	14.855
swarm_112_26.pdb	0	25.300	54.827	14.852
swarm_73_184.pdb	0	12.789	27.124	14.824
swarm_38_145.pdb	0	22.669	44.401	14.821
swarm_102_29.pdb	0	20.345	31.037	14.821
swarm_25_70.pdb	0	20.992	45.101	14.815
swarm_112_199.pdb	0	23.181	53.399	14.739
swarm_75_138.pdb	0	22.093	47.250	14.717
swarm_1_83.pdb	0.00769231	23.386	41.795	14.698
swarm_66_135.pdb	0	19.957	44.493	14.682
swarm_24_33.pdb	0	20.522	45.236	14.674
swarm_63_91.pdb	0	25.803	49.238	14.673
swarm_0_88.pdb	0	22.516	45.772	14.673
swarm_40_128.pdb	0	23.908	45.869	14.672
swarm_26_1.pdb	0	19.707	47.121	14.658
swarm_94_16.pdb	0	26.573	57.290	14.646
swarm_98_162.pdb	0	20.153	37.921	14.640
swarm_30_101.pdb	0	17.453	33.554	14.630
swarm_31_122.pdb	0	21.381	47.825	14.625
swarm_113_139.pdb	0	16.142	31.421	14.622
swarm_75_32.pdb	0	26.260	53.712	14.605
swarm_107_158.pdb	0	17.904	38.145	14.604
swarm_103_75.pdb	0	19.323	45.155	14.595
swarm_123_81.pdb	0	21.752	49.154	14.594
swarm_28_17.pdb	0	19.951	46.467	14.586
swarm_3_50.pdb	0	23.629	54.702	14.582
swarm_58_160.pdb	0	22.227	40.488	14.574
swarm_109_30.pdb	0	16.051	38.726	14.564
swarm_96_12.pdb	0	25.880	57.101	14.550
swarm_119_127.pdb	0	23.528	52.989	14.543
swarm_76_4.pdb	0	25.988	53.773	14.524
swarm_54_81.pdb	0.00769231	14.403	40.442	14.523
swarm_61_21.pdb	0	15.433	42.624	14.502
swarm_79_143.pdb	0	18.238	36.725	14.470
swarm_3_95.pdb	0	20.433	51.454	14.469
swarm_74_99.pdb	0	17.080	39.698	14.467
swarm_106_176.pdb	0	14.171	25.464	14.465
swarm_62_47.pdb	0	26.047	55.725	14.456
swarm_14_39.pdb	0	27.875	58.613	14.455
swarm_25_166.pdb	0.00769231	20.643	50.292	14.450
swarm_17_134.pdb	0	25.157	60.346	14.440
swarm_95_2.pdb	0	22.192	50.301	14.372
swarm_123_102.pdb	0	22.777	46.707	14.349
swarm_77_49.pdb	0	14.618	41.585	14.332
swarm_56_63.pdb	0	25.639	52.920	14.315
swarm_68_160.pdb	0	16.646	27.477	14.264
swarm_11_64.pdb	0.0153846	22.474	50.867	14.260
swarm_55_12.pdb	0	23.213	44.199	14.250
swarm_108_84.pdb	0	25.090	55.821	14.249
swarm_60_1.pdb	0	12.075	23.582	14.236
swarm_89_137.pdb	0	20.772	49.139	14.233
swarm_82_115.pdb	0	16.424	40.071	14.226
swarm_46_2.pdb	0	21.476	45.101	14.215
swarm_3_52.pdb	0	18.926	46.370	14.212
swarm_50_164.pdb	0	21.518	38.522	14.199
swarm_36_134.pdb	0	25.552	49.631	14.199
swarm_63_141.pdb	0	23.579	47.168	14.194
swarm_53_72.pdb	0	20.998	40.914	14.192
swarm_96_139.pdb	0	28.090	53.906	14.184
swarm_62_174.pdb	0	30.298	62.785	14.174
swarm_107_112.pdb	0	20.089	40.684	14.167
swarm_51_82.pdb	0	21.750	48.646	14.159
swarm_73_138.pdb	0	19.704	35.131	14.137
swarm_56_7.pdb	0	24.645	51.032	14.122
swarm_59_183.pdb	0	23.458	44.125	14.101
swarm_39_148.pdb	0	24.208	46.948	14.101
swarm_41_18.pdb	0	14.720	38.408	14.099
swarm_84_163.pdb	0	16.931	29.803	14.088
swarm_62_162.pdb	0	29.281	61.082	14.073
swarm_123_175.pdb	0	26.722	54.615	14.056
swarm_80_109.pdb	0	21.056	39.856	14.048
swarm_38_173.pdb	0	18.164	40.269	14.034
swarm_72_133.pdb	0	22.781	51.641	13.992
swarm_62_64.pdb	0	28.587	54.816	13.984
swarm_13_84.pdb	0	20.533	45.312	13.958
swarm_66_164.pdb	0	21.720	49.740	13.944
swarm_47_161.pdb	0	18.358	37.589	13.942
swarm_67_45.pdb	0	19.696	35.191	13.932
swarm_14_191.pdb	0	21.550	55.421	13.925
swarm_24_135.pdb	0	23.452	47.190	13.897
swarm_42_79.pdb	0	18.927	31.072	13.896
swarm_109_78.pdb	0	19.303	40.964	13.891
swarm_80_102.pdb	0	22.425	40.340	13.884
swarm_96_191.pdb	0	24.875	54.293	13.882
swarm_51_146.pdb	0	22.220	48.241	13.882
swarm_71_69.pdb	0	28.420	58.966	13.875
swarm_13_107.pdb	0	23.348	49.913	13.874
swarm_91_48.pdb	0	23.252	50.750	13.873
swarm_35_6.pdb	0	20.501	37.435	13.854
swarm_102_77.pdb	0	11.150	21.468	13.844
swarm_94_50.pdb	0	25.421	58.475	13.822
swarm_57_28.pdb	0	24.974	50.020	13.813
swarm_15_148.pdb	0	20.163	52.171	13.792
swarm_46_86.pdb	0	20.583	42.532	13.779
swarm_45_93.pdb	0	22.572	41.254	13.778
swarm_16_86.pdb	0	19.183	44.581	13.778
swarm_117_188.pdb	0	22.570	47.466	13.759
swarm_24_136.pdb	0	23.528	49.862	13.747
swarm_48_3.pdb	0	15.809	30.926	13.744
swarm_47_141.pdb	0.00769231	21.637	42.768	13.735
swarm_34_179.pdb	0	22.808	55.805	13.735
swarm_69_181.pdb	0	19.870	39.015	13.730
swarm_22_160.pdb	0	23.672	50.588	13.720
swarm_40_116.pdb	0	19.811	47.949	13.717
swarm_65_19.pdb	0	21.628	49.170	13.715
swarm_50_6.pdb	0	20.118	35.226	13.700
swarm_38_139.pdb	0	17.610	36.616	13.698
swarm_46_151.pdb	0	23.484	45.036	13.696
swarm_42_122.pdb	0	17.029	29.145	13.691
swarm_54_146.pdb	0	22.035	47.531	13.659
swarm_120_80.pdb	0	27.351	62.134	13.650
swarm_32_39.pdb	0	23.706	51.552	13.644
swarm_40_94.pdb	0	21.289	42.018	13.639
swarm_13_45.pdb	0	22.997	45.848	13.635
swarm_87_30.pdb	0	22.803	54.882	13.624
swarm_49_38.pdb	0	16.293	31.702	13.622
swarm_31_175.pdb	0	22.123	47.793	13.620
swarm_101_198.pdb	0	19.282	44.888	13.619
swarm_36_17.pdb	0	23.782	47.503	13.617
swarm_38_163.pdb	0	22.127	40.197	13.602
swarm_2_155.pdb	0	18.379	38.026	13.592
swarm_72_6.pdb	0	19.178	44.821	13.580
swarm_68_90.pdb	0	17.710	27.602	13.573
swarm_47_53.pdb	0	16.137	34.666	13.564
swarm_35_19.pdb	0	18.833	37.882	13.550
swarm_37_103.pdb	0	18.058	41.169	13.532
swarm_30_63.pdb	0	19.167	38.518	13.521
swarm_115_116.pdb	0	23.112	50.692	13.517
swarm_24_43.pdb	0	24.362	53.395	13.500
swarm_69_20.pdb	0	19.275	41.018	13.495
swarm_101_185.pdb	0	22.040	49.391	13.486
swarm_57_150.pdb	0	25.252	53.626	13.448
swarm_40_58.pdb	0	24.629	46.612	13.445
swarm_67_82.pdb	0	16.717	32.462	13.438
swarm_33_64.pdb	0	24.119	50.438	13.418
swarm_65_68.pdb	0	27.733	55.646	13.411
swarm_1_10.pdb	0	21.373	42.831	13.392
swarm_87_157.pdb	0.0153846	24.983	57.342	13.380
swarm_64_34.pdb	0	23.855	46.911	13.333
swarm_2_136.pdb	0	25.229	49.475	13.328
swarm_83_88.pdb	0	20.088	40.719	13.325
swarm_113_19.pdb	0	19.886	32.135	13.313
swarm_39_68.pdb	0	24.304	52.839	13.310
swarm_60_188.pdb	0	18.320	31.809	13.308
swarm_67_31.pdb	0	15.326	31.438	13.305
swarm_47_3.pdb	0	22.850	44.943	13.297
swarm_76_19.pdb	0	30.889	59.251	13.285
swarm_97_0.pdb	0	25.551	54.002	13.265
swarm_67_198.pdb	0	22.441	38.675	13.255
swarm_54_186.pdb	0	21.702	42.105	13.244
swarm_54_158.pdb	0	22.760	45.301	13.240
swarm_76_15.pdb	0	26.138	54.706	13.235
swarm_80_20.pdb	0	15.424	27.776	13.234
swarm_1_130.pdb	0	22.843	45.647	13.227
swarm_109_10.pdb	0	20.357	40.507	13.221
swarm_69_175.pdb	0.0153846	25.502	46.421	13.218
swarm_40_126.pdb	0.00769231	24.863	52.208	13.202
swarm_30_36.pdb	0	17.143	38.093	13.201
swarm_91_168.pdb	0	22.601	51.119	13.198
swarm_47_10.pdb	0	17.139	36.247	13.196
swarm_91_121.pdb	0	23.146	54.361	13.182
swarm_97_129.pdb	0	24.193	47.931	13.120
swarm_86_141.pdb	0	23.879	51.729	13.102
swarm_91_80.pdb	0	22.046	49.896	13.086
swarm_0_22.pdb	0	20.058	42.920	13.068
swarm_24_190.pdb	0	26.359	50.897	13.064
swarm_29_160.pdb	0	23.304	51.093	13.040
swarm_6_144.pdb	0	21.429	47.318	13.036
swarm_83_96.pdb	0	15.353	34.846	13.011
swarm_66_0.pdb	0	15.568	43.242	13.008
swarm_62_178.pdb	0	29.492	59.174	12.994
swarm_65_50.pdb	0	24.175	50.694	12.983
swarm_76_198.pdb	0	25.606	51.214	12.973
swarm_51_123.pdb	0	21.717	45.908	12.967
swarm_112_40.pdb	0	27.358	59.954	12.966
swarm_41_150.pdb	0	21.719	44.901	12.964
swarm_72_50.pdb	0	23.842	53.779	12.956
swarm_59_54.pdb	0.00769231	19.063	43.055	12.947
swarm_48_183.pdb	0	22.231	44.844	12.945
swarm_101_118.pdb	0	21.561	45.991	12.943
swarm_69_142.pdb	0	19.031	34.730	12.920
swarm_99_73.pdb	0.0615385	13.343	22.213	12.918
swarm_20_157.pdb	0	24.585	60.543	12.915
swarm_15_131.pdb	0	17.201	51.345	12.914
swarm_104_16.pdb	0	21.801	46.756	12.902
swarm_103_140.pdb	0	20.941	46.927	12.883
swarm_62_138.pdb	0	25.895	53.029	12.881
swarm_58_29.pdb	0	23.341	40.466	12.878
swarm_64_189.pdb	0	21.322	51.688	12.869
swarm_49_35.pdb	0	22.141	38.441	12.869
swarm_75_167.pdb	0	22.249	50.486	12.856
swarm_113_145.pdb	0	15.318	29.886	12.836
swarm_1_66.pdb	0	23.700	44.236	12.799
swarm_42_177.pdb	0	10.642	21.176	12.791
swarm_78_20.pdb	0	20.733	51.991	12.765
swarm_0_50.pdb	0	24.367	43.279	12.737
swarm_35_193.pdb	0	22.050	38.296	12.734
swarm_67_155.pdb	0.0153846	18.837	40.471	12.712
swarm_80_107.pdb	0	15.174	32.345	12.709
swarm_31_145.pdb	0	18.196	44.291	12.690
swarm_35_174.pdb	0	23.287	41.052	12.681
swarm_31_7.pdb	0	25.678	52.255	12.664
swarm_29_122.pdb	0	23.732	50.678	12.664
swarm_46_94.pdb	0	21.064	42.577	12.613
swarm_28_182.pdb	0	22.018	49.033	12.600
swarm_65_9.pdb	0	26.297	53.745	12.581
swarm_29_42.pdb	0	24.420	51.750	12.575
swarm_15_32.pdb	0	25.608	54.222	12.573
swarm_35_34.pdb	0	17.008	37.271	12.570
swarm_102_4.pdb	0	18.910	29.485	12.570
swarm_39_145.pdb	0	18.628	48.112	12.568
swarm_123_93.pdb	0	22.878	52.110	12.562
swarm_1_37.pdb	0	21.048	40.373	12.557
swarm_29_74.pdb	0	22.434	53.519	12.543
swarm_101_48.pdb	0	24.361	51.085	12.539
swarm_46_89.pdb	0	24.066	44.660	12.533
swarm_66_36.pdb	0	21.542	47.670	12.519
swarm_86_113.pdb	0	17.891	49.770	12.503
swarm_58_2.pdb	0	24.281	41.082	12.474
swarm_118_18.pdb	0	17.430	36.732	12.465
swarm_58_15.pdb	0	14.828	27.946	12.462
swarm_76_14.pdb	0	28.834	59.662	12.445
swarm_50_18.pdb	0	20.711	35.024	12.443
swarm_60_39.pdb	0	11.815	22.253	12.441
swarm_76_123.pdb	0	22.026	50.667	12.437
swarm_61_52.pdb	0	23.362	50.716	12.437
swarm_113_30.pdb	0	19.731	31.856	12.435
swarm_114_73.pdb	0	23.684	59.919	12.417
swarm_85_15.pdb	0	19.065	35.005	12.392
swarm_62_1.pdb	0	22.853	54.150	12.387
swarm_41_118.pdb	0	15.053	35.849	12.372
swarm_52_168.pdb	0	16.096	32.056	12.366
swarm_91_133.pdb	0	22.139	50.358	12.363
swarm_33_162.pdb	0	24.507	53.894	12.359
swarm_11_9.pdb	0	25.457	53.307	12.353
swarm_43_165.pdb	0	17.035	32.778	12.351
swarm_48_142.pdb	0.00769231	18.978	35.158	12.336
swarm_119_77.pdb	0	20.883	51.332	12.330
swarm_56_42.pdb	0	23.960	50.829	12.322
swarm_45_36.pdb	0	26.692	51.784	12.288
swarm_0_125.pdb	0	26.124	48.536	12.266
swarm_50_120.pdb	0	18.796	34.159	12.257
swarm_16_52.pdb	0	22.134	45.921	12.251
swarm_29_163.pdb	0	27.839	55.821	12.247
swarm_29_174.pdb	0	25.165	52.347	12.238
swarm_83_39.pdb	0.0307692	16.446	35.352	12.219
swarm_77_195.pdb	0	19.835	44.604	12.195
swarm_19_110.pdb	0.0230769	17.025	39.830	12.189
swarm_45_95.pdb	0	21.456	44.239	12.185
swarm_82_33.pdb	0	20.208	44.761	12.178
swarm_23_46.pdb	0	20.070	55.437	12.170
swarm_48_81.pdb	0	18.658	34.992	12.164
swarm_51_66.pdb	0	24.854	49.502	12.161
swarm_114_71.pdb	0	24.085	55.166	12.158
swarm_69_156.pdb	0	22.418	41.190	12.155
swarm_32_99.pdb	0	20.566	52.132	12.145
swarm_9_173.pdb	0	18.170	45.513	12.132
swarm_24_142.pdb	0	23.361	50.234	12.132
swarm_65_116.pdb	0	23.537	53.934	12.119
swarm_50_4.pdb	0	23.375	38.086	12.112
swarm_72_43.pdb	0	25.186	54.481	12.106
swarm_41_95.pdb	0	20.052	37.596	12.098
swarm_10_98.pdb	0.0307692	25.603	56.374	12.098
swarm_80_101.pdb	0	21.006	37.612	12.087
swarm_94_84.pdb	0	22.726	56.133	12.073
swarm_72_122.pdb	0	25.417	53.630	12.068
swarm_61_150.pdb	0	20.205	45.846	12.067
swarm_91_7.pdb	0	24.415	50.395	12.026
swarm_67_16.pdb	0	21.700	39.934	11.996
swarm_107_16.pdb	0	14.939	35.854	11.991
swarm_47_33.pdb	0	19.837	39.117	11.987
swarm_41_68.pdb	0	21.324	43.530	11.977
swarm_43_135.pdb	0	14.927	29.959	11.928
swarm_51_61.pdb	0	24.130	48.761	11.910
swarm_57_167.pdb	0	22.410	42.517	11.907
swarm_115_58.pdb	0	23.376	50.547	11.900
swarm_29_90.pdb	0	26.307	53.007	11.891
swarm_89_187.pdb	0	23.050	46.096	11.886
swarm_116_9.pdb	0	12.173	20.389	11.878
swarm_13_71.pdb	0	16.938	38.137	11.835
swarm_33_110.pdb	0	26.037	54.900	11.829
swarm_0_82.pdb	0	19.742	45.753	11.824
swarm_44_179.pdb	0	20.033	37.413	11.823
swarm_93_43.pdb	0	26.604	55.614	11.822
swarm_109_176.pdb	0	16.079	33.804	11.815
swarm_61_177.pdb	0	17.530	46.962	11.809
swarm_35_135.pdb	0	23.703	43.882	11.802
swarm_113_85.pdb	0	19.165	33.880	11.769
swarm_49_95.pdb	0	18.322	33.779	11.744
swarm_24_28.pdb	0	23.970	49.801	11.702
swarm_2_153.pdb	0	20.954	41.680	11.691
swarm_82_119.pdb	0	24.080	52.487	11.688
swarm_47_18.pdb	0.00769231	21.612	36.581	11.679
swarm_40_60.pdb	0	19.906	37.125	11.669
swarm_57_177.pdb	0	24.781	51.073	11.644
swarm_2_193.pdb	0.00769231	24.603	47.912	11.644
swarm_83_109.pdb	0	22.331	46.442	11.638
swarm_43_170.pdb	0	18.154	32.640	11.614
swarm_2_145.pdb	0	21.889	43.934	11.612
swarm_55_180.pdb	0	21.279	39.515	11.604
swarm_113_188.pdb	0	19.419	34.136	11.599
swarm_47_181.pdb	0	21.134	43.542	11.594
swarm_80_34.pdb	0	20.057	32.966	11.590
swarm_78_54.pdb	0	20.728	48.429	11.589
swarm_46_62.pdb	0	25.170	46.370	11.575
swarm_49_196.pdb	0	18.995	34.522	11.561
swarm_57_111.pdb	0	21.822	49.990	11.528
swarm_54_104.pdb	0	21.649	45.087	11.515
swarm_113_14.pdb	0	23.604	39.498	11.514
swarm_38_191.pdb	0	19.945	37.800	11.505
swarm_32_68.pdb	0	25.090	55.482	11.493
swarm_38_168.pdb	0	19.506	39.086	11.490
swarm_5_26.pdb	0	21.943	44.687	11.474
swarm_76_91.pdb	0	23.454	47.689	11.452
swarm_49_58.pdb	0	14.850	30.736	11.449
swarm_47_164.pdb	0	22.944	42.262	11.442
swarm_24_58.pdb	0	22.265	50.318	11.426
swarm_48_135.pdb	0	23.591	45.175	11.413
swarm_0_54.pdb	0	22.675	48.660	11.400
swarm_37_182.pdb	0.00769231	15.775	37.181	11.391
swarm_57_81.pdb	0	24.444	49.099	11.350
swarm_48_108.pdb	0	17.702	40.047	11.350
swarm_5_81.pdb	0	22.424	51.105	11.305
swarm_31_182.pdb	0	25.128	51.240	11.294
swarm_38_110.pdb	0	18.713	36.096	11.268
swarm_34_43.pdb	0	27.436	56.675	11.256
swarm_75_48.pdb	0	26.617	52.869	11.248
swarm_30_164.pdb	0	21.561	41.162	11.244
swarm_0_138.pdb	0	27.969	53.344	11.244
swarm_81_185.pdb	0	24.962	49.621	11.233
swarm_2_196.pdb	0	20.323	39.210	11.227
swarm_42_151.pdb	0	17.594	29.625	11.224
swarm_72_3.pdb	0	23.981	52.600	11.176
swarm_51_151.pdb	0	20.171	44.856	11.164
swarm_58_37.pdb	0	21.793	34.788	11.163
swarm_107_72.pdb	0	19.056	38.120	11.161
swarm_48_75.pdb	0	23.001	41.720	11.130
swarm_1_166.pdb	0	20.802	46.294	11.094
swarm_36_176.pdb	0	26.807	52.367	11.051
swarm_113_126.pdb	0	22.577	38.221	11.049
swarm_43_17.pdb	0	15.837	35.532	11.044
swarm_50_69.pdb	0	15.949	28.590	11.038
swarm_40_98.pdb	0	25.411	52.878	11.025
swarm_46_186.pdb	0	23.374	54.004	11.017
swarm_34_23.pdb	0	22.383	56.571	11.006
swarm_113_67.pdb	0	17.864	33.284	10.973
swarm_40_147.pdb	0	25.354	50.778	10.970
swarm_100_67.pdb	0	18.536	53.368	10.964
swarm_41_151.pdb	0.00769231	18.683	39.471	10.961
swarm_29_176.pdb	0	26.014	56.949	10.953
swarm_71_196.pdb	0	25.569	56.351	10.948
swarm_58_191.pdb	0	17.613	32.968	10.947
swarm_54_31.pdb	0	19.420	42.284	10.942
swarm_31_115.pdb	0	24.566	48.543	10.909
swarm_103_181.pdb	0	22.846	52.809	10.873
swarm_3_128.pdb	0	21.386	54.633	10.869
swarm_65_120.pdb	0	26.293	53.626	10.862
swarm_58_96.pdb	0	12.267	24.807	10.841
swarm_34_131.pdb	0	28.911	59.814	10.808
swarm_46_180.pdb	0	18.671	41.692	10.799
swarm_111_27.pdb	0.00769231	12.101	29.158	10.785
swarm_27_120.pdb	0	23.776	51.797	10.782
swarm_65_167.pdb	0	24.163	53.117	10.778
swarm_51_80.pdb	0	22.189	46.226	10.778
swarm_42_173.pdb	0	21.995	35.495	10.763
swarm_39_143.pdb	0	24.180	51.393	10.760
swarm_13_192.pdb	0	24.542	46.431	10.757
swarm_1_75.pdb	0.0153846	22.863	44.181	10.750
swarm_33_47.pdb	0	23.870	52.535	10.747
swarm_52_186.pdb	0	21.737	40.936	10.745
swarm_4_76.pdb	0	22.538	46.779	10.702
swarm_86_18.pdb	0	22.559	54.793	10.690
swarm_54_175.pdb	0	17.700	38.937	10.670
swarm_102_161.pdb	0.0153846	18.605	29.785	10.666
swarm_60_154.pdb	0	18.800	32.857	10.623
swarm_33_105.pdb	0	25.314	56.322	10.623
swarm_37_128.pdb	0	20.251	39.904	10.610
swarm_40_45.pdb	0	22.978	44.778	10.606
swarm_42_116.pdb	0	21.481	37.395	10.564
swarm_40_29.pdb	0	27.222	48.080	10.563
swarm_62_118.pdb	0	27.047	59.587	10.556
swarm_94_66.pdb	0	25.047	62.330	10.541
swarm_36_82.pdb	0	23.118	47.194	10.529
swarm_94_119.pdb	0	27.234	61.376	10.519
swarm_87_21.pdb	0	27.291	58.787	10.518
swarm_91_195.pdb	0	28.040	55.507	10.422
swarm_30_115.pdb	0	23.630	42.328	10.409
swarm_15_112.pdb	0	24.413	59.341	10.407
swarm_38_176.pdb	0	23.746	44.712	10.390
swarm_50_68.pdb	0	20.768	35.848	10.375
swarm_76_52.pdb	0	26.862	53.546	10.361
swarm_38_67.pdb	0	22.296	43.804	10.355
swarm_44_97.pdb	0	18.403	39.726	10.350
swarm_69_122.pdb	0	25.254	48.435	10.349
swarm_33_87.pdb	0	24.145	52.106	10.347
swarm_47_133.pdb	0	21.054	38.847	10.346
swarm_30_190.pdb	0	21.836	42.522	10.346
swarm_94_40.pdb	0	25.252	54.144	10.340
swarm_122_81.pdb	0	20.474	47.934	10.333
swarm_66_38.pdb	0	24.672	52.112	10.316
swarm_113_11.pdb	0.00769231	17.146	33.602	10.316
swarm_49_82.pdb	0	16.221	35.376	10.304
swarm_43_67.pdb	0.0153846	16.396	31.009	10.289
swarm_59_117.pdb	0	22.134	40.237	10.283
swarm_96_1.pdb	0	22.782	51.044	10.282
swarm_26_6.pdb	0	23.875	52.564	10.272
swarm_101_0.pdb	0	15.602	44.680	10.260
swarm_30_67.pdb	0.00769231	18.850	37.933	10.254
swarm_72_94.pdb	0	25.525	54.673	10.232
swarm_77_147.pdb	0	15.764	41.674	10.222
swarm_43_136.pdb	0	21.162	38.705	10.212
swarm_51_79.pdb	0	16.775	42.862	10.195
swarm_72_184.pdb	0	23.688	49.029	10.183
swarm_22_92.pdb	0	22.789	52.416	10.180
swarm_65_109.pdb	0	26.979	54.597	10.170
swarm_50_147.pdb	0	17.590	31.915	10.170
swarm_46_16.pdb	0	20.959	42.569	10.161
swarm_47_59.pdb	0	23.129	41.508	10.160
swarm_50_140.pdb	0	14.710	26.945	10.156
swarm_72_38.pdb	0	21.773	52.059	10.133
swarm_48_6.pdb	0	25.121	45.133	10.132
swarm_119_139.pdb	0	20.194	49.184	10.129
swarm_102_136.pdb	0	16.437	26.740	10.129
swarm_24_11.pdb	0	24.136	46.058	10.094
swarm_67_149.pdb	0.00769231	18.591	34.381	10.086
swarm_61_186.pdb	0	20.788	49.185	10.085
swarm_36_116.pdb	0	22.007	50.391	10.071
swarm_41_110.pdb	0	21.933	39.649	10.062
swarm_61_105.pdb	0	24.953	52.776	10.055
swarm_45_123.pdb	0	18.405	41.503	10.054
swarm_69_144.pdb	0	25.135	44.200	10.053
swarm_1_136.pdb	0	27.524	48.494	10.046
swarm_91_4.pdb	0	28.628	56.655	10.034
swarm_35_137.pdb	0	20.866	38.998	10.033
swarm_33_61.pdb	0	24.442	53.374	10.027
swarm_48_84.pdb	0	23.418	40.865	10.026
swarm_102_30.pdb	0	18.354	34.704	10.025
swarm_93_114.pdb	0	23.196	54.229	10.016
swarm_30_84.pdb	0	22.877	41.379	10.008
swarm_62_179.pdb	0	31.175	62.581	10.005
swarm_30_93.pdb	0	22.695	41.581	9.970
swarm_76_159.pdb	0	28.728	55.712	9.968
swarm_117_26.pdb	0	18.497	42.698	9.949
swarm_97_198.pdb	0	18.634	44.849	9.916
swarm_57_117.pdb	0	29.561	55.153	9.915
swarm_59_146.pdb	0	24.326	44.393	9.907
swarm_44_166.pdb	0	21.608	40.733	9.903
swarm_64_126.pdb	0	20.760	46.274	9.896
swarm_121_5.pdb	0	21.042	44.894	9.889
swarm_65_88.pdb	0	22.622	49.302	9.882
swarm_59_147.pdb	0	25.340	46.105	9.870
swarm_45_11.pdb	0.00769231	20.536	38.968	9.850
swarm_40_153.pdb	0	18.793	41.051	9.850
swarm_42_61.pdb	0	21.255	36.266	9.836
swarm_36_172.pdb	0	28.782	56.624	9.836
swarm_78_39.pdb	0	22.656	54.745	9.779
swarm_2_111.pdb	0	14.779	39.091	9.775
swarm_61_145.pdb	0	17.162	45.131	9.766
swarm_57_120.pdb	0	22.356	46.909	9.726
swarm_102_187.pdb	0	20.986	33.282	9.695
swarm_31_12.pdb	0	20.790	49.326	9.687
swarm_94_187.pdb	0	27.759	61.685	9.678
swarm_40_141.pdb	0	19.878	46.616	9.678
swarm_101_113.pdb	0	21.438	47.639	9.640
swarm_20_109.pdb	0	22.860	57.238	9.621
swarm_101_81.pdb	0	20.051	44.172	9.619
swarm_48_123.pdb	0	19.605	38.918	9.588
swarm_38_178.pdb	0	23.596	43.528	9.583
swarm_0_3.pdb	0	28.051	53.823	9.569
swarm_61_36.pdb	0	24.908	51.214	9.550
swarm_80_28.pdb	0	22.364	35.770	9.531
swarm_94_118.pdb	0	27.531	59.837	9.528
swarm_46_3.pdb	0	26.697	50.013	9.527
swarm_37_29.pdb	0	24.685	45.178	9.514
swarm_72_103.pdb	0	20.974	49.028	9.510
swarm_75_39.pdb	0	19.611	43.592	9.499
swarm_106_55.pdb	0	17.085	31.555	9.497
swarm_56_163.pdb	0	25.931	51.469	9.480
swarm_56_125.pdb	0	22.459	43.142	9.437
swarm_69_23.pdb	0	23.359	42.076	9.415
swarm_44_138.pdb	0	19.253	33.419	9.361
swarm_80_22.pdb	0	24.540	41.210	9.325
swarm_24_89.pdb	0	18.267	47.591	9.321
swarm_0_95.pdb	0	28.896	55.912	9.274
swarm_101_69.pdb	0	14.480	42.976	9.263
swarm_56_52.pdb	0	24.359	49.784	9.262
swarm_36_34.pdb	0	28.856	56.563	9.244
swarm_49_199.pdb	0	19.380	34.314	9.216
swarm_97_181.pdb	0	23.367	53.618	9.165
swarm_32_108.pdb	0	28.502	57.582	9.156
swarm_61_136.pdb	0	24.639	52.732	9.150
swarm_82_39.pdb	0	18.268	37.442	9.147
swarm_73_123.pdb	0	20.349	34.650	9.144
swarm_104_187.pdb	0	23.544	53.810	9.134
swarm_4_22.pdb	0	22.971	43.730	9.118
swarm_21_190.pdb	0	20.693	52.762	9.063
swarm_41_96.pdb	0	22.212	45.536	9.052
swarm_51_110.pdb	0	17.305	39.892	9.027
swarm_116_111.pdb	0	10.652	18.091	8.999
swarm_83_192.pdb	0	18.534	39.350	8.992
swarm_77_70.pdb	0	21.731	44.276	8.958
swarm_80_79.pdb	0	18.979	34.447	8.952
swarm_69_167.pdb	0	19.765	40.693	8.897
swarm_73_13.pdb	0	19.148	34.432	8.870
swarm_24_180.pdb	0	17.178	50.122	8.839
swarm_79_124.pdb	0	12.400	26.912	8.800
swarm_35_12.pdb	0	22.243	42.422	8.791
swarm_87_123.pdb	0	29.862	58.616	8.767
swarm_48_69.pdb	0	22.671	40.994	8.754
swarm_30_127.pdb	0	17.147	34.860	8.710
swarm_2_64.pdb	0	22.432	47.565	8.701
swarm_114_22.pdb	0	27.898	60.567	8.636
swarm_41_48.pdb	0	23.460	45.673	8.630
swarm_98_117.pdb	0	20.695	40.152	8.628
swarm_37_172.pdb	0	19.989	39.243	8.576
swarm_41_195.pdb	0	22.843	45.358	8.531
swarm_42_12.pdb	0	16.334	34.172	8.498
swarm_113_65.pdb	0.00769231	19.975	34.038	8.482
swarm_41_59.pdb	0	18.921	39.212	8.469
swarm_114_193.pdb	0	27.203	56.311	8.425
swarm_43_34.pdb	0	21.272	39.085	8.420
swarm_0_89.pdb	0	24.686	48.762	8.416
swarm_55_162.pdb	0	16.304	39.239	8.399
swarm_35_100.pdb	0	24.521	42.786	8.380
swarm_102_37.pdb	0	20.574	34.528	8.372
swarm_46_171.pdb	0	27.309	48.949	8.371
swarm_59_40.pdb	0	20.800	40.828	8.352
swarm_3_102.pdb	0	25.886	56.534	8.348
swarm_33_176.pdb	0	22.995	54.527	8.343
swarm_40_177.pdb	0	26.142	49.154	8.307
swarm_34_189.pdb	0	25.090	54.136	8.305
swarm_97_165.pdb	0	21.159	46.694	8.300
swarm_64_186.pdb	0	24.109	52.900	8.218
swarm_59_17.pdb	0	22.458	41.051	8.211
swarm_120_189.pdb	0	20.620	55.166	8.163
swarm_82_159.pdb	0	22.276	43.680	8.157
swarm_38_9.pdb	0	19.750	41.455	8.088
swarm_46_193.pdb	0	23.490	44.543	8.081
swarm_30_146.pdb	0	19.821	38.935	8.073
swarm_60_111.pdb	0.00769231	16.844	30.415	8.062
swarm_109_98.pdb	0	22.663	43.799	8.060
swarm_38_186.pdb	0	12.532	31.708	8.059
swarm_121_4.pdb	0	13.555	42.749	7.912
swarm_98_163.pdb	0	20.040	37.756	7.723
swarm_43_70.pdb	0.00769231	18.320	39.712	7.714
swarm_80_40.pdb	0	23.895	40.271	7.701
swarm_1_143.pdb	0	14.981	31.439	7.693
swarm_6_39.pdb	0	18.950	41.890	7.688
swarm_77_64.pdb	0	21.083	46.618	7.681
swarm_74_35.pdb	0	13.996	42.761	7.670
swarm_35_163.pdb	0	22.240	41.542	7.666
swarm_10_167.pdb	0	25.232	59.075	7.665
swarm_59_82.pdb	0	26.366	48.101	7.642
swarm_110_141.pdb	0.0153846	14.859	26.396	7.595
swarm_47_75.pdb	0	25.031	44.008	7.585
swarm_15_33.pdb	0	15.543	48.936	7.574
swarm_34_3.pdb	0	28.800	58.973	7.539
swarm_80_62.pdb	0	21.620	34.867	7.530
swarm_0_135.pdb	0	28.974	54.954	7.527
swarm_44_143.pdb	0	14.758	32.098	7.523
swarm_56_192.pdb	0	19.707	45.145	7.468
swarm_1_0.pdb	0	25.721	44.748	7.455
swarm_47_188.pdb	0	25.984	46.518	7.445
swarm_73_35.pdb	0	18.144	30.252	7.427
swarm_0_147.pdb	0	23.719	49.362	7.416
swarm_64_103.pdb	0	18.547	43.164	7.393
swarm_60_66.pdb	0	11.493	22.427	7.326
swarm_34_61.pdb	0	27.660	56.068	7.242
swarm_69_44.pdb	0	20.719	34.908	7.196
swarm_27_54.pdb	0	23.712	51.874	7.111
swarm_33_194.pdb	0	27.746	57.650	7.099
swarm_44_82.pdb	0	20.357	38.646	6.987
swarm_43_97.pdb	0	24.106	41.537	6.985
swarm_36_155.pdb	0	23.139	48.814	6.896
swarm_63_46.pdb	0	20.138	42.951	6.833
swarm_105_182.pdb	0.0153846	7.581	16.753	6.751
swarm_28_154.pdb	0	19.205	42.724	6.712
swarm_38_133.pdb	0	20.832	43.121	6.680
swarm_68_162.pdb	0.0153846	11.674	19.133	6.541
swarm_58_193.pdb	0	23.958	39.138	6.495
swarm_38_199.pdb	0	21.251	41.535	6.457
swarm_105_164.pdb	0	15.174	27.370	6.434
swarm_57_162.pdb	0	23.161	46.249	6.366
swarm_47_100.pdb	0	25.227	47.781	6.316
swarm_67_71.pdb	0	22.386	40.146	6.288
swarm_122_68.pdb	0	24.264	53.841	6.264
swarm_79_101.pdb	0	13.298	25.744	6.236
swarm_93_123.pdb	0	19.490	48.466	6.215
swarm_103_34.pdb	0	23.250	51.354	6.213
swarm_41_7.pdb	0	22.642	44.920	6.175
swarm_113_104.pdb	0	24.197	40.367	6.164
swarm_13_61.pdb	0.0153846	20.829	43.017	6.156
swarm_102_145.pdb	0	23.026	36.768	5.916
swarm_6_188.pdb	0	20.967	42.923	5.814
swarm_9_193.pdb	0	21.702	49.276	5.799
swarm_31_46.pdb	0	24.084	52.100	5.795
swarm_80_198.pdb	0	23.873	41.508	5.717
swarm_51_158.pdb	0	21.441	42.032	5.633
swarm_118_107.pdb	0	20.547	39.385	5.596
swarm_55_84.pdb	0	20.562	41.740	5.461
swarm_71_20.pdb	0	23.233	52.573	5.433
swarm_27_187.pdb	0	20.684	52.598	5.412
swarm_76_118.pdb	0	26.438	54.644	5.375
swarm_37_1.pdb	0	23.820	45.361	5.351
swarm_82_157.pdb	0.00769231	12.347	34.743	5.196
swarm_49_56.pdb	0.0461538	10.268	25.048	5.067
swarm_98_153.pdb	0.0307692	14.557	35.311	5.057
swarm_41_113.pdb	0	19.551	40.913	5.032
swarm_25_109.pdb	0	16.133	42.983	5.022
swarm_108_145.pdb	0	20.712	45.574	4.994
swarm_55_190.pdb	0.00769231	19.518	39.835	4.907
swarm_20_75.pdb	0	28.729	60.997	4.510
swarm_105_147.pdb	0	17.343	28.666	4.454
swarm_36_154.pdb	0	21.089	44.063	4.044
swarm_81_5.pdb	0	23.759	47.573	4.023
swarm_81_78.pdb	0	19.507	47.420	4.009
swarm_21_96.pdb	0	29.128	63.945	3.996
swarm_117_79.pdb	0	14.188	36.448	3.741
swarm_123_156.pdb	0	19.647	42.614	3.146
swarm_11_136.pdb	0	21.612	50.151	3.041
swarm_111_112.pdb	0	18.368	35.249	2.638
swarm_43_81.pdb	0.0461538	15.807	28.797	2.311
swarm_54_63.pdb	0.00769231	14.477	38.630	2.304
swarm_29_53.pdb	0	23.322	53.876	2.088
swarm_59_168.pdb	0	19.597	41.435	1.680
swarm_110_2.pdb	0.0538462	12.515	21.776	1.421
swarm_107_98.pdb	0.00769231	13.426	37.174	1.399
swarm_51_112.pdb	0	22.785	43.831	1.360
swarm_87_198.pdb	0	20.729	50.731	1.315
swarm_19_100.pdb	0.00769231	16.917	34.557	1.149
swarm_70_169.pdb	0	14.984	37.508	0.974
swarm_119_96.pdb	0	22.791	51.961	0.915
swarm_2_12.pdb	0	18.908	42.391	0.788
swarm_122_34.pdb	0	26.369	55.287	0.429
swarm_90_77.pdb	0.0384615	13.758	22.788	0.308
swarm_105_96.pdb	0.0307692	9.683	20.738	0.307
swarm_29_41.pdb	0	18.182	44.424	0.197
swarm_49_80.pdb	0	18.953	36.098	0.076
swarm_114_187.pdb	0	27.749	61.075	-0.323
swarm_45_122.pdb	0	26.363	48.074	-0.487
swarm_26_54.pdb	0	23.554	52.065	-0.553
swarm_71_176.pdb	0	27.914	56.185	-0.636
swarm_31_104.pdb	0	19.859	47.600	-0.845
swarm_12_74.pdb	0	20.763	52.935	-1.155
swarm_67_160.pdb	0	20.627	41.356	-1.455
swarm_106_173.pdb	0	14.799	27.817	-1.578
swarm_2_106.pdb	0.0384615	16.995	36.986	-1.800
swarm_49_135.pdb	0	13.258	31.414	-1.847
swarm_64_56.pdb	0	26.399	52.348	-2.009
swarm_84_131.pdb	0	11.907	19.930	-2.159
swarm_68_67.pdb	0	19.896	30.449	-2.308
swarm_4_114.pdb	0	16.206	41.211	-2.557
swarm_68_43.pdb	0	13.164	22.442	-3.129
swarm_100_194.pdb	0	23.565	52.680	-3.319
swarm_12_197.pdb	0	23.395	55.116	-4.176
swarm_66_10.pdb	0.0384615	12.015	38.527	-4.417
swarm_52_24.pdb	0.0538462	8.584	28.708	-4.614
swarm_96_23.pdb	0	20.012	46.333	-4.640
swarm_14_137.pdb	0	25.685	57.137	-4.809
swarm_52_26.pdb	0	14.298	27.554	-4.958
swarm_120_171.pdb	0	22.724	54.073	-5.000
swarm_59_138.pdb	0	22.439	42.426	-5.191
swarm_59_21.pdb	0	16.460	37.063	-5.196
swarm_74_46.pdb	0.00769231	16.474	36.687	-5.227
swarm_92_185.pdb	0.0230769	14.228	25.877	-5.420
swarm_63_14.pdb	0	21.065	42.569	-5.440
swarm_85_58.pdb	0.00769231	10.986	28.323	-5.445
swarm_88_51.pdb	0	17.936	31.285	-5.569
swarm_76_26.pdb	0.00769231	25.599	57.863	-5.650
swarm_56_160.pdb	0	17.985	42.195	-5.720
swarm_28_121.pdb	0.00769231	17.917	45.902	-6.249
swarm_120_56.pdb	0	25.922	56.830	-6.265
swarm_29_188.pdb	0.00769231	19.088	48.278	-6.324
swarm_28_134.pdb	0	15.717	45.946	-6.560
swarm_11_60.pdb	0	17.339	42.503	-6.575
swarm_119_176.pdb	0	17.986	50.121	-6.657
swarm_118_94.pdb	0	15.549	32.182	-6.847
swarm_47_110.pdb	0	21.195	38.311	-6.883
swarm_110_53.pdb	0.0461538	10.113	21.429	-7.011
swarm_19_127.pdb	0	16.191	34.746	-7.168
swarm_78_88.pdb	0	14.857	43.837	-7.238
swarm_85_171.pdb	0	18.849	36.082	-7.265
swarm_9_89.pdb	0.0230769	19.261	48.895	-7.460
swarm_83_152.pdb	0	18.381	40.668	-7.557
swarm_66_90.pdb	0	14.735	38.842	-7.930
swarm_26_16.pdb	0	23.246	51.289	-7.940
swarm_15_89.pdb	0	19.031	50.602	-8.413
swarm_84_47.pdb	0.123077	8.858	19.206	-8.501
swarm_83_143.pdb	0	22.405	44.718	-8.714
swarm_121_140.pdb	0	20.964	45.598	-8.907
swarm_22_141.pdb	0	20.381	44.689	-9.057
swarm_112_150.pdb	0	22.349	56.362	-9.076
swarm_49_188.pdb	0	15.120	29.973	-9.184
swarm_107_149.pdb	0.0769231	11.128	30.795	-9.265
swarm_25_172.pdb	0.0307692	13.130	37.903	-9.509
swarm_86_45.pdb	0	17.618	43.988	-9.609
swarm_114_104.pdb	0	21.729	52.798	-10.287
swarm_97_113.pdb	0	16.008	36.660	-10.341
swarm_82_69.pdb	0	16.725	42.986	-11.093
swarm_62_83.pdb	0	29.884	57.606	-11.266
swarm_19_7.pdb	0	17.690	37.925	-11.325
swarm_32_139.pdb	0.0384615	19.191	45.827	-11.372
swarm_52_139.pdb	0	10.636	26.444	-11.961
swarm_106_193.pdb	0.00769231	14.785	28.928	-11.972
swarm_16_184.pdb	0.0461538	16.646	37.269	-12.027
swarm_84_23.pdb	0.0846154	8.944	26.100	-12.962
swarm_93_178.pdb	0	21.645	54.601	-13.316
swarm_97_187.pdb	0	19.526	48.419	-13.962
swarm_9_56.pdb	0	20.378	48.455	-13.981
swarm_116_161.pdb	0	11.656	20.337	-14.276
swarm_106_174.pdb	0.0230769	16.962	28.904	-14.577
swarm_88_145.pdb	0.0538462	15.048	25.131	-14.599
swarm_13_5.pdb	0	14.769	37.767	-14.601
swarm_23_113.pdb	0	24.814	53.981	-14.728
swarm_5_62.pdb	0	19.054	50.036	-14.774
swarm_106_141.pdb	0.00769231	18.118	33.555	-14.964
swarm_114_82.pdb	0	20.340	52.266	-15.170
swarm_115_89.pdb	0	16.747	41.954	-15.259
swarm_52_17.pdb	0.0153846	13.927	31.970	-15.394
swarm_85_192.pdb	0.00769231	16.536	28.537	-15.465
swarm_76_130.pdb	0	19.260	45.722	-15.512
swarm_50_104.pdb	0	18.775	32.640	-16.233
swarm_64_154.pdb	0	21.147	43.604	-16.359
swarm_93_54.pdb	0	20.184	50.302	-17.002
swarm_101_125.pdb	0.0230769	12.742	37.598	-18.168
swarm_94_77.pdb	0	20.746	55.066	-18.221
swarm_22_134.pdb	0.0538462	17.878	44.553	-18.257
swarm_6_104.pdb	0	15.632	35.368	-19.218
swarm_46_167.pdb	0	21.468	42.825	-19.344
swarm_6_6.pdb	0	17.985	39.725	-19.428
swarm_85_38.pdb	0	14.021	30.110	-20.052
swarm_107_199.pdb	0	16.977	35.613	-20.791
swarm_5_192.pdb	0	23.368	51.126	-21.811
swarm_115_134.pdb	0	19.050	46.247	-22.202
swarm_108_48.pdb	0	18.614	46.536	-22.535
swarm_12_23.pdb	0.0153846	16.954	49.298	-22.748
swarm_105_175.pdb	0.115385	10.045	23.018	-26.428
swarm_40_95.pdb	0	14.919	37.209	-27.173
swarm_100_170.pdb	0	21.026	49.797	-27.383
swarm_37_161.pdb	0	16.054	32.896	-27.582
swarm_50_22.pdb	0	18.280	32.467	-27.661
swarm_123_24.pdb	0	17.927	43.007	-29.357
swarm_72_15.pdb	0	18.882	47.191	-29.748
swarm_118_58.pdb	0	15.525	33.886	-29.977
swarm_35_160.pdb	0.00769231	18.379	35.254	-31.683
swarm_11_16.pdb	0	20.001	44.531	-32.073
swarm_89_141.pdb	0	18.485	44.583	-32.896
swarm_78_60.pdb	0	20.718	44.343	-34.566
swarm_53_76.pdb	0.0230769	19.557	39.496	-35.366
swarm_37_30.pdb	0	13.458	28.573	-35.446
swarm_22_42.pdb	0.0769231	20.220	43.379	-35.853
swarm_61_89.pdb	0.00769231	18.702	45.469	-35.988
swarm_49_126.pdb	0	16.944	32.572	-37.425
swarm_114_177.pdb	0	24.678	49.794	-37.595
swarm_85_106.pdb	0.0692308	8.769	20.162	-37.708
swarm_100_5.pdb	0.0307692	21.161	50.677	-39.817
swarm_93_144.pdb	0	20.375	53.371	-39.868
swarm_107_171.pdb	0	12.847	32.486	-39.948
swarm_105_100.pdb	0.00769231	12.266	22.448	-41.020
swarm_8_125.pdb	0	22.693	49.592	-41.854
swarm_77_174.pdb	0	16.228	38.592	-42.323
swarm_123_21.pdb	0	21.122	46.296	-43.777
swarm_122_165.pdb	0	20.247	45.742	-44.436
swarm_61_68.pdb	0	16.180	40.588	-46.517
swarm_74_150.pdb	0.0923077	11.778	31.316	-46.690
swarm_51_29.pdb	0	11.863	31.797	-46.818
swarm_47_65.pdb	0.0153846	18.917	35.177	-47.402
swarm_5_70.pdb	0	19.268	38.166	-49.708
swarm_118_61.pdb	0.0230769	17.046	31.880	-50.711
swarm_100_57.pdb	0	19.233	46.244	-50.943
swarm_48_152.pdb	0.00769231	17.720	35.412	-51.796
swarm_123_194.pdb	0	20.863	42.832	-52.285
swarm_54_94.pdb	0.0461538	14.572	35.705	-53.057
swarm_55_196.pdb	0	16.681	35.386	-53.092
swarm_10_129.pdb	0	23.658	52.992	-54.680
swarm_99_27.pdb	0.0384615	14.427	23.815	-54.743
swarm_12_53.pdb	0	19.673	46.996	-55.057
swarm_26_28.pdb	0.1	14.065	41.491	-58.720
swarm_55_55.pdb	0	16.483	35.899	-59.845
swarm_64_96.pdb	0	16.546	41.635	-62.250
swarm_7_184.pdb	0	24.364	54.899	-63.230
swarm_12_48.pdb	0	18.438	45.819	-63.631
swarm_122_122.pdb	0	18.340	48.054	-63.876
swarm_108_154.pdb	0	19.271	46.125	-64.629
swarm_15_23.pdb	0	17.237	44.362	-65.356
swarm_1_134.pdb	0	14.262	30.455	-66.363
swarm_3_131.pdb	0	18.840	47.927	-67.022
swarm_22_60.pdb	0.00769231	20.329	47.134	-67.669
swarm_30_132.pdb	0.0153846	17.031	31.968	-67.843
swarm_13_91.pdb	0	17.424	37.772	-68.057
swarm_70_41.pdb	0.00769231	15.018	34.616	-68.421
swarm_23_188.pdb	0	21.505	50.787	-68.715
swarm_8_2.pdb	0	20.961	52.131	-69.526
swarm_32_69.pdb	0.0153846	18.670	46.410	-69.655
swarm_84_164.pdb	0.0153846	8.357	17.123	-70.405
swarm_9_81.pdb	0	15.620	46.851	-71.411
swarm_13_125.pdb	0.0769231	19.085	43.125	-73.596
swarm_90_119.pdb	0.138462	7.009	12.319	-73.987
swarm_83_148.pdb	0.00769231	15.754	36.982	-76.009
swarm_112_154.pdb	0	19.915	52.288	-78.162
swarm_105_48.pdb	0.00769231	16.343	28.029	-82.787
swarm_25_90.pdb	0.0538462	16.337	39.663	-85.119
swarm_36_96.pdb	0	16.725	40.510	-85.241
swarm_50_162.pdb	0.130769	7.773	21.414	-85.428
swarm_21_93.pdb	0	18.405	47.506	-86.578
swarm_90_105.pdb	0.107692	13.263	22.987	-86.946
swarm_112_109.pdb	0	20.654	57.247	-86.976
swarm_93_108.pdb	0	19.286	45.491	-90.501
swarm_35_86.pdb	0	13.054	31.996	-91.698
swarm_111_141.pdb	0.261538	6.737	20.396	-92.577
swarm_29_117.pdb	0.0230769	18.316	45.374	-93.466
swarm_29_175.pdb	0	16.751	40.584	-93.720
swarm_96_60.pdb	0	20.482	50.003	-96.319
swarm_57_191.pdb	0.0230769	21.362	44.166	-98.344
swarm_5_58.pdb	0.0307692	18.576	45.783	-99.219
swarm_11_195.pdb	0	19.499	48.480	-99.704
swarm_100_32.pdb	0	18.210	46.125	-100.508
swarm_25_149.pdb	0	16.828	40.045	-101.173
swarm_92_190.pdb	0.00769231	17.110	27.954	-102.089
swarm_79_104.pdb	0.0769231	16.353	29.014	-104.739
swarm_116_29.pdb	0.0307692	8.266	16.043	-105.144
swarm_17_148.pdb	0	21.613	50.496	-105.818
swarm_27_166.pdb	0.0461538	16.070	44.198	-106.328
swarm_104_166.pdb	0	17.526	46.435	-107.165
swarm_23_5.pdb	0	18.115	46.265	-112.754
swarm_82_178.pdb	0	13.777	36.387	-116.327
swarm_8_86.pdb	0	19.507	46.362	-132.715
swarm_17_150.pdb	0	20.293	54.190	-137.373
swarm_11_14.pdb	0	18.266	50.757	-140.216
swarm_20_166.pdb	0	21.185	48.790	-140.267
swarm_84_76.pdb	0.0230769	11.742	23.128	-142.583
swarm_10_4.pdb	0	17.022	46.141	-158.886
swarm_23_38.pdb	0.00769231	17.855	47.983	-167.090
