4huq_66w.pdb	0	23.083	85.627	-301.8129
4huq_89w.pdb	0	16.736	78.325	-298.55418
4huq_94w.pdb	0	24.077	88.027	-291.70006
4huq_72w.pdb	0	30.293	84.013	-280.21402
4huq_100w.pdb	0	23.931	87.791	-265.06616
4huq_91w.pdb	0	17.687	81.182	-264.31024
4huq_81w.pdb	0	17.420	79.912	-259.5594
4huq_8w.pdb	0.524823	1.768	2.474	-257.9019
4huq_42w.pdb	0	21.892	80.990	-256.4534
4huq_74w.pdb	0	18.526	74.144	-256.0169
4huq_44w.pdb	0	20.567	78.398	-255.2778
4huq_36w.pdb	0	17.224	77.617	-248.36018
4huq_90w.pdb	0	25.086	89.003	-243.1072
4huq_33w.pdb	0	20.471	75.412	-241.0649
4huq_95w.pdb	0	25.233	89.437	-240.6213
4huq_80w.pdb	0	20.742	63.277	-239.5731
4huq_98w.pdb	0	16.406	59.134	-237.9349
4huq_63w.pdb	0	26.868	92.481	-237.8972
4huq_84w.pdb	0	19.621	81.420	-237.38896
4huq_99w.pdb	0.0212766	16.228	66.791	-237.2554
4huq_79w.pdb	0	28.782	93.252	-235.7128
4huq_37w.pdb	0	21.380	80.442	-234.3084
4huq_92w.pdb	0	15.909	59.138	-233.6193
4huq_55w.pdb	0	22.448	83.551	-232.53586
4huq_78w.pdb	0	32.323	72.029	-231.9553
4huq_40w.pdb	0	21.249	82.022	-228.6632
4huq_83w.pdb	0	19.930	77.199	-225.42246
4huq_49w.pdb	0	21.610	81.651	-222.0909
4huq_93w.pdb	0	18.365	67.236	-221.8828
4huq_51w.pdb	0	22.774	86.332	-218.7575
4huq_17w.pdb	0	22.223	87.070	-217.67228
4huq_54w.pdb	0	18.574	78.034	-217.649
4huq_57w.pdb	0	18.173	80.378	-215.575
4huq_59w.pdb	0	27.312	89.286	-215.18218
4huq_68w.pdb	0.0070922	15.599	69.782	-214.6745
4huq_24w.pdb	0	28.131	92.631	-213.3732
4huq_48w.pdb	0	20.821	80.423	-211.6318
4huq_76w.pdb	0	19.685	80.226	-210.52648
4huq_52w.pdb	0	32.266	76.089	-209.8275
4huq_43w.pdb	0.0070922	15.624	70.383	-208.11816
4huq_67w.pdb	0	22.978	87.591	-207.26992
4huq_86w.pdb	0	17.583	79.060	-205.68894
4huq_34w.pdb	0	24.618	83.590	-205.5807
4huq_46w.pdb	0	16.853	78.079	-204.06502
4huq_73w.pdb	0	19.933	70.472	-202.3805
4huq_39w.pdb	0	32.089	84.244	-201.62834
4huq_20w.pdb	0	16.409	68.985	-198.97642
4huq_85w.pdb	0	26.998	89.030	-198.8377
4huq_64w.pdb	0	23.170	87.494	-197.82406
4huq_15w.pdb	0	26.823	91.142	-195.29634
4huq_18w.pdb	0	19.964	82.901	-194.47366
4huq_75w.pdb	0	20.112	75.696	-192.89488
4huq_30w.pdb	0.0212766	19.798	74.263	-191.8103
4huq_13w.pdb	0	17.264	75.255	-191.5925
4huq_97w.pdb	0	17.226	80.620	-190.89966
4huq_82w.pdb	0	26.134	92.222	-189.13116
4huq_65w.pdb	0	18.613	60.024	-188.525232
4huq_22w.pdb	0	16.728	61.530	-187.7028
4huq_69w.pdb	0	35.897	93.534	-186.8902
4huq_31w.pdb	0	34.423	76.370	-186.0322
4huq_35w.pdb	0	21.731	83.092	-185.99822
4huq_96w.pdb	0	20.538	81.820	-183.02558
4huq_62w.pdb	0	25.737	84.864	-180.1578
4huq_21w.pdb	0	31.536	85.539	-180.14528
4huq_5w.pdb	0	21.173	81.981	-179.71186
4huq_26w.pdb	0	30.244	72.926	-178.83164
4huq_70w.pdb	0	19.720	75.336	-177.0599
4huq_53w.pdb	0.0141844	13.828	51.660	-176.18138
4huq_16w.pdb	0	16.889	71.195	-173.72492
4huq_25w.pdb	0	28.101	95.057	-173.53522
4huq_9w.pdb	0	24.539	81.190	-172.98246
4huq_32w.pdb	0	33.829	73.803	-172.3643
4huq_23w.pdb	0	33.015	83.536	-171.621934
4huq_19w.pdb	0.0141844	20.224	66.615	-171.1541
4huq_14w.pdb	0	17.087	64.197	-169.8624
4huq_71w.pdb	0	32.002	84.688	-169.62892
4huq_2w.pdb	0	21.774	80.702	-169.33524
4huq_27w.pdb	0	17.158	70.104	-167.7208
4huq_61w.pdb	0	19.221	70.401	-167.2712
4huq_50w.pdb	0	21.185	80.515	-164.71228
4huq_45w.pdb	0	30.335	98.722	-163.2087
4huq_88w.pdb	0	30.080	74.119	-162.9368
4huq_4w.pdb	0	22.816	90.959	-161.86674
4huq_56w.pdb	0	24.960	80.157	-161.4632
4huq_10w.pdb	0	32.318	75.369	-160.67056
4huq_87w.pdb	0	29.186	72.643	-160.12158
4huq_11w.pdb	0	32.637	79.780	-157.50404
4huq_60w.pdb	0	33.871	85.013	-155.8884
4huq_7w.pdb	0	31.116	90.044	-153.5073
4huq_29w.pdb	0	33.976	85.199	-152.60116
4huq_47w.pdb	0	32.503	91.954	-152.24192
4huq_6w.pdb	0	20.464	78.133	-143.47982
4huq_1w.pdb	0	25.685	81.119	-137.77782
4huq_12w.pdb	0	34.075	91.198	-134.45644
4huq_58w.pdb	0	33.173	92.494	-131.9651
4huq_28w.pdb	0	19.002	80.888	-127.94998
4huq_41w.pdb	0	33.972	91.603	-126.7728
4huq_3w.pdb	0	34.575	81.137	-124.02036
4huq_38w.pdb	0	18.321	74.517	1811.5513
4huq_77w.pdb	0	15.824	74.333	1911.7126
				
				
