swarm_10_80.pdb	0	11.736	57.553	36.791
swarm_73_6.pdb	0	17.53	50.779	36.720
swarm_74_31.pdb	0	17.404	48.469	34.997
swarm_2_129.pdb	0	26.984	69.631	33.963
swarm_79_0.pdb	0	18.618	47.315	33.289
swarm_2_140.pdb	0	14.242	80.990	32.827
swarm_82_161.pdb	0	17.595	50.585	32.804
swarm_41_174.pdb	0	10.886	59.258	32.302
swarm_49_72.pdb	0	13.021	36.351	31.950
swarm_70_76.pdb	0	17.437	48.247	31.806
swarm_47_101.pdb	0	18.594	86.245	31.756
swarm_40_51.pdb	0	10.09	62.138	31.650
swarm_31_174.pdb	0	12.308	60.799	31.161
swarm_10_115.pdb	0	10.396	64.310	31.074
swarm_58_181.pdb	0	14.236	54.723	30.670
swarm_56_109.pdb	0	24.321	67.495	30.644
swarm_39_41.pdb	0	12.16	47.954	30.375
swarm_15_109.pdb	0	12.807	47.564	30.336
swarm_15_171.pdb	0	10.74	41.696	30.305
swarm_6_141.pdb	0	13.889	93.018	30.131
swarm_50_38.pdb	0	14.173	52.355	30.061
swarm_3_12.pdb	0	12.398	61.291	29.978
swarm_50_144.pdb	0	17.056	54.128	29.910
swarm_62_37.pdb	0	16.966	62.580	29.907
swarm_67_179.pdb	0	13.947	85.356	29.898
swarm_52_120.pdb	0	19.323	42.523	29.658
swarm_52_143.pdb	0	9.359	52.727	29.563
swarm_64_49.pdb	0	12.898	46.946	29.550
swarm_30_116.pdb	0	11.045	17.061	29.501
swarm_61_188.pdb	0	9.88	31.658	29.272
swarm_54_156.pdb	0	14.466	58.264	28.912
swarm_32_74.pdb	0	14.394	54.754	28.784
swarm_51_68.pdb	0	10.59	41.667	28.770
swarm_18_145.pdb	0	17.07	65.400	28.653
swarm_4_7.pdb	0	12.685	81.257	28.486
swarm_5_166.pdb	0	17.702	73.466	28.360
swarm_77_177.pdb	0	7.87	29.469	28.317
swarm_8_74.pdb	0	12.693	52.717	28.019
swarm_70_146.pdb	0	14.001	49.351	27.937
swarm_76_61.pdb	0	8.157	33.531	27.780
swarm_68_122.pdb	0	19.34	47.754	27.763
swarm_41_13.pdb	0	19.008	48.147	27.718
swarm_9_61.pdb	0	10.012	30.671	27.621
swarm_7_14.pdb	0.263158	5.521	28.224	27.596
swarm_24_24.pdb	0	8.236	56.890	27.269
swarm_32_167.pdb	0	13.564	59.038	27.097
swarm_48_31.pdb	0	14.355	56.175	27.031
swarm_41_109.pdb	0	9.499	63.151	26.780
swarm_34_178.pdb	0	16.599	79.480	26.773
swarm_37_181.pdb	0	17.401	51.199	26.746
swarm_25_4.pdb	0.0526316	7.374	52.340	26.560
swarm_58_25.pdb	0	14.933	47.604	26.082
swarm_71_136.pdb	0	8.338	28.890	25.960
swarm_34_43.pdb	0	27.871	67.322	25.923
swarm_79_114.pdb	0	9.498	58.867	25.645
swarm_38_146.pdb	0	13.532	51.702	25.614
swarm_35_164.pdb	0	15.837	39.068	25.594
swarm_81_143.pdb	0	8.573	27.567	25.505
swarm_5_75.pdb	0	18.277	58.507	25.270
swarm_4_125.pdb	0	14.926	83.665	25.260
swarm_10_191.pdb	0	10.421	65.951	25.056
swarm_36_18.pdb	0	12.458	26.603	24.938
swarm_42_177.pdb	0.0789474	7.563	53.592	24.896
swarm_4_171.pdb	0	15.374	77.518	24.811
swarm_46_147.pdb	0	12.894	27.878	24.809
swarm_53_162.pdb	0	17.977	73.623	24.689
swarm_57_161.pdb	0	17.668	63.966	24.674
swarm_2_168.pdb	0	14.011	77.613	24.592
swarm_0_173.pdb	0	27.991	73.395	24.539
swarm_29_53.pdb	0	14.387	58.828	24.534
swarm_64_106.pdb	0	9.423	38.773	24.485
swarm_56_0.pdb	0	16.284	46.695	24.461
swarm_42_63.pdb	0	14.277	40.884	24.460
swarm_3_74.pdb	0	13.014	77.667	24.422
swarm_82_14.pdb	0	13.806	45.484	24.364
swarm_24_49.pdb	0	17.244	40.596	24.290
swarm_42_22.pdb	0	13.942	30.893	24.245
swarm_25_84.pdb	0.0526316	8.176	55.984	24.145
swarm_58_127.pdb	0	17.496	63.616	24.140
swarm_33_108.pdb	0	15.386	55.231	24.043
swarm_49_112.pdb	0	10.284	62.371	24.038
swarm_2_109.pdb	0	15.302	85.963	23.978
swarm_13_27.pdb	0	16.748	69.667	23.955
swarm_3_46.pdb	0	12.346	70.792	23.928
swarm_61_67.pdb	0	8.936	43.978	23.888
swarm_52_97.pdb	0	10.526	62.766	23.854
swarm_47_62.pdb	0	17.536	71.494	23.851
swarm_74_195.pdb	0	14.53	55.479	23.806
swarm_25_190.pdb	0	16.546	43.801	23.797
swarm_46_184.pdb	0	8.366	50.500	23.662
swarm_65_149.pdb	0	7.939	25.017	23.661
swarm_59_64.pdb	0	7.961	25.590	23.635
swarm_7_175.pdb	0	7.042	22.629	23.511
swarm_72_113.pdb	0	8.32	41.792	23.503
swarm_22_179.pdb	0	14.655	72.157	23.470
swarm_32_179.pdb	0	15.772	65.892	23.444
swarm_48_99.pdb	0	13.995	49.084	23.377
swarm_79_66.pdb	0	17.527	44.042	23.364
swarm_39_76.pdb	0	10.233	54.609	23.071
swarm_8_48.pdb	0	13.474	59.802	23.059
swarm_21_154.pdb	0	14.745	73.009	23.042
swarm_9_111.pdb	0.0789474	5.66	28.215	22.953
swarm_75_79.pdb	0	13.159	38.833	22.951
swarm_55_149.pdb	0	13.924	49.368	22.934
swarm_37_93.pdb	0	16.943	69.501	22.932
swarm_73_180.pdb	0	11.777	67.451	22.915
swarm_34_179.pdb	0	17.527	83.380	22.912
swarm_79_83.pdb	0	16.708	52.752	22.663
swarm_8_88.pdb	0	16.472	60.650	22.656
swarm_39_104.pdb	0	11.557	42.395	22.643
swarm_75_140.pdb	0	15.181	39.628	22.611
swarm_45_134.pdb	0	16.383	82.466	22.554
swarm_29_88.pdb	0	15.176	62.409	22.465
swarm_31_162.pdb	0	16.805	70.362	22.435
swarm_76_89.pdb	0	12.103	42.877	22.397
swarm_62_158.pdb	0	17.759	53.447	22.247
swarm_40_144.pdb	0	18.906	36.507	22.177
swarm_55_3.pdb	0	11.722	44.322	22.152
swarm_72_10.pdb	0	13.582	44.987	22.009
swarm_1_91.pdb	0	17.36	64.810	21.930
swarm_18_168.pdb	0	12.857	73.278	21.923
swarm_78_52.pdb	0.0263158	11.609	39.639	21.905
swarm_73_65.pdb	0	17.594	65.505	21.883
swarm_45_52.pdb	0	17.748	76.725	21.830
swarm_17_26.pdb	0	16.951	42.212	21.808
swarm_31_161.pdb	0	12.896	46.398	21.806
swarm_5_116.pdb	0	16.347	60.833	21.774
swarm_17_73.pdb	0	18.017	48.685	21.752
swarm_30_54.pdb	0.210526	5.681	20.893	21.736
swarm_21_131.pdb	0	15.301	69.336	21.722
swarm_61_11.pdb	0	15.008	43.809	21.701
swarm_2_177.pdb	0	26.816	57.488	21.574
swarm_33_138.pdb	0	15.245	51.283	21.505
swarm_43_161.pdb	0.421053	3.267	11.197	21.491
swarm_45_116.pdb	0	16.475	67.195	21.469
swarm_63_58.pdb	0	14.697	26.269	21.421
swarm_29_101.pdb	0	14.636	70.851	21.412
swarm_50_119.pdb	0	16.733	45.613	21.368
swarm_28_118.pdb	0	18.059	78.403	21.330
swarm_24_45.pdb	0	11.094	48.999	21.293
swarm_80_163.pdb	0	13.421	38.334	21.277
swarm_53_129.pdb	0	14.136	75.715	21.178
swarm_0_70.pdb	0	19.043	89.868	21.178
swarm_7_28.pdb	0.210526	5.638	25.616	21.097
swarm_0_57.pdb	0	25.598	86.707	21.073
swarm_0_11.pdb	0	26.693	86.861	21.014
swarm_9_129.pdb	0	11.417	30.379	21.010
swarm_60_102.pdb	0	8.016	14.433	20.941
swarm_59_20.pdb	0	12.45	25.044	20.927
swarm_2_62.pdb	0	13.723	78.234	20.752
swarm_5_148.pdb	0	21.441	72.467	20.750
swarm_69_181.pdb	0	13.987	33.759	20.740
swarm_71_138.pdb	0	13.079	26.648	20.706
swarm_9_189.pdb	0	8.93	22.763	20.703
swarm_7_96.pdb	0.0263158	8.795	36.134	20.665
swarm_45_165.pdb	0	15.291	72.958	20.616
swarm_7_13.pdb	0	15.492	46.720	20.594
swarm_17_150.pdb	0	15.764	40.220	20.562
swarm_38_141.pdb	0	14.831	60.470	20.544
swarm_2_81.pdb	0	25.918	67.562	20.464
swarm_1_115.pdb	0	24.118	52.635	20.449
swarm_72_64.pdb	0	11.9	41.880	20.386
swarm_69_27.pdb	0	12.093	38.178	20.364
swarm_55_23.pdb	0	10.782	53.548	20.343
swarm_48_25.pdb	0	11.737	48.494	20.244
swarm_11_118.pdb	0	14.783	72.512	20.228
swarm_30_56.pdb	0	10.565	26.682	20.195
swarm_8_162.pdb	0	15.593	63.227	20.107
swarm_42_55.pdb	0	19.546	33.835	20.094
swarm_49_195.pdb	0	17.338	36.801	20.064
swarm_48_13.pdb	0	14.873	64.676	19.997
swarm_65_134.pdb	0	13.147	25.223	19.995
swarm_28_194.pdb	0	16.116	67.342	19.991
swarm_56_50.pdb	0	14.3	58.288	19.959
swarm_30_52.pdb	0.0263158	6.549	20.365	19.951
swarm_45_102.pdb	0	16.479	86.341	19.917
swarm_65_124.pdb	0	6.148	19.304	19.914
swarm_34_75.pdb	0	16.141	83.022	19.891
swarm_77_89.pdb	0	9.404	41.296	19.885
swarm_69_94.pdb	0	13.089	22.649	19.780
swarm_66_17.pdb	0.0526316	6.105	19.754	19.744
swarm_24_153.pdb	0	21.261	45.393	19.725
swarm_82_77.pdb	0	15.453	33.996	19.702
swarm_22_69.pdb	0	15.777	71.235	19.698
swarm_3_58.pdb	0	13.344	78.274	19.693
swarm_11_197.pdb	0	15.259	66.486	19.686
swarm_20_155.pdb	0	15.949	67.496	19.497
swarm_6_82.pdb	0	16.349	84.324	19.491
swarm_67_58.pdb	0	14.664	90.487	19.431
swarm_70_28.pdb	0	14.112	34.947	19.365
swarm_4_137.pdb	0	13.328	76.992	19.340
swarm_5_71.pdb	0	21.294	69.764	19.313
swarm_28_74.pdb	0	17.379	70.052	19.264
swarm_83_151.pdb	0	15.092	39.292	19.156
swarm_37_124.pdb	0	15.727	64.935	19.152
swarm_14_69.pdb	0	12.6	30.234	19.103
swarm_21_165.pdb	0	15.133	68.641	19.077
swarm_66_2.pdb	0	8.667	13.450	19.009
swarm_56_85.pdb	0	13.3	58.606	18.965
swarm_24_62.pdb	0	11.903	71.602	18.892
swarm_33_124.pdb	0	15.885	67.647	18.887
swarm_54_117.pdb	0	13.095	49.490	18.814
swarm_63_157.pdb	0	12.959	30.188	18.806
swarm_22_197.pdb	0	15.327	69.400	18.682
swarm_28_75.pdb	0	15.943	72.108	18.666
swarm_60_95.pdb	0.0263158	7.075	14.055	18.623
swarm_13_122.pdb	0	17.312	72.270	18.579
swarm_68_128.pdb	0	9.243	55.826	18.573
swarm_18_53.pdb	0	14.594	82.925	18.513
swarm_1_106.pdb	0	22.275	63.078	18.461
swarm_8_100.pdb	0	19.755	63.210	18.328
swarm_33_95.pdb	0	14.394	70.196	18.246
swarm_64_89.pdb	0	14.074	31.804	18.213
swarm_3_137.pdb	0	21.64	57.462	18.184
swarm_7_2.pdb	0.0263158	10.03	34.788	18.105
swarm_81_92.pdb	0	14.356	23.648	18.023
swarm_31_36.pdb	0	15.389	66.836	17.974
swarm_59_186.pdb	0	12.438	25.116	17.939
swarm_20_170.pdb	0	17.21	84.426	17.910
swarm_32_19.pdb	0	16.243	50.782	17.884
swarm_6_87.pdb	0	13.688	94.633	17.860
swarm_44_20.pdb	0	9.179	24.013	17.809
swarm_82_105.pdb	0	9.494	52.017	17.728
swarm_36_88.pdb	0	12.119	21.883	17.716
swarm_16_184.pdb	0	16.358	69.637	17.612
swarm_2_41.pdb	0	25.512	61.703	17.585
swarm_23_91.pdb	0	18.74	54.601	17.525
swarm_34_109.pdb	0	17.173	84.987	17.497
swarm_4_50.pdb	0	15.458	67.910	17.398
swarm_33_64.pdb	0	13.599	62.614	17.377
swarm_21_130.pdb	0	14.08	74.352	17.346
swarm_6_71.pdb	0	14.008	92.102	17.324
swarm_5_171.pdb	0	24.537	73.122	17.317
swarm_78_171.pdb	0	10.296	41.758	17.246
swarm_74_199.pdb	0	16.49	41.226	17.238
swarm_13_177.pdb	0	16.428	63.999	17.128
swarm_19_123.pdb	0	10.171	16.243	17.109
swarm_43_49.pdb	0	7.765	22.839	16.984
swarm_7_126.pdb	0	10.629	34.122	16.971
swarm_45_138.pdb	0	15.812	85.309	16.959
swarm_56_141.pdb	0	21.574	59.128	16.942
swarm_3_171.pdb	0	14.028	77.121	16.922
swarm_78_196.pdb	0.0263158	8.746	34.279	16.907
swarm_46_166.pdb	0	17.093	30.364	16.904
swarm_26_59.pdb	0	13.196	23.120	16.893
swarm_10_40.pdb	0	12.512	74.063	16.776
swarm_45_125.pdb	0	14.669	72.533	16.568
swarm_0_124.pdb	0	25.622	87.313	16.505
swarm_30_129.pdb	0	12.157	38.794	16.479
swarm_66_115.pdb	0	9.35	22.053	16.391
swarm_1_120.pdb	0	27.562	68.354	16.366
swarm_59_18.pdb	0	9.255	36.335	16.287
swarm_8_80.pdb	0	17.741	54.195	16.205
swarm_25_71.pdb	0	17.33	47.477	16.191
swarm_44_139.pdb	0	7.059	16.228	16.094
swarm_18_199.pdb	0	12.486	70.318	16.002
swarm_65_186.pdb	0	8.688	19.763	15.957
swarm_16_47.pdb	0	16.15	77.632	15.842
swarm_56_135.pdb	0	21.223	49.363	15.816
swarm_13_180.pdb	0	18.665	71.019	15.761
swarm_7_197.pdb	0.0789474	7.701	31.034	15.746
swarm_37_174.pdb	0	16.326	61.089	15.737
swarm_36_107.pdb	0.0526316	7.382	36.640	15.687
swarm_22_28.pdb	0	15.306	71.113	15.675
swarm_31_165.pdb	0	16.501	63.253	15.630
swarm_3_120.pdb	0	18.732	57.731	15.612
swarm_20_113.pdb	0	15.949	84.012	15.565
swarm_43_186.pdb	0	7.456	11.720	15.533
swarm_34_177.pdb	0	19.131	90.644	15.506
swarm_57_126.pdb	0	17.064	65.950	15.496
swarm_6_16.pdb	0	18.261	89.207	15.478
swarm_76_82.pdb	0	13.427	25.053	15.419
swarm_46_127.pdb	0	17.514	28.637	15.403
swarm_23_39.pdb	0	21.224	52.616	15.402
swarm_26_40.pdb	0	16.75	24.477	15.379
swarm_23_137.pdb	0	16.671	51.731	15.339
swarm_36_134.pdb	0.105263	6.122	21.472	15.144
swarm_12_13.pdb	0	29.495	80.357	15.068
swarm_1_183.pdb	0	29.902	62.462	14.934
swarm_14_193.pdb	0	14.886	27.356	14.773
swarm_45_23.pdb	0	15.562	70.994	14.754
swarm_19_175.pdb	0	9.366	34.821	14.582
swarm_74_130.pdb	0	10.283	59.124	14.546
swarm_62_78.pdb	0	12.94	70.648	14.542
swarm_18_83.pdb	0	13.276	81.565	14.498
swarm_27_139.pdb	0.0263158	7.286	24.342	14.254
swarm_83_198.pdb	0	12.434	41.638	14.223
swarm_64_110.pdb	0	14.476	45.703	14.223
swarm_11_0.pdb	0	16.357	75.215	14.170
swarm_35_196.pdb	0	14.673	31.327	14.156
swarm_23_44.pdb	0	17.101	57.086	14.124
swarm_47_5.pdb	0	16.76	67.120	14.075
swarm_65_139.pdb	0	13.282	24.869	14.061
swarm_12_118.pdb	0	26.145	81.984	13.980
swarm_71_12.pdb	0	9.293	25.288	13.825
swarm_71_121.pdb	0	15.768	27.253	13.757
swarm_58_13.pdb	0	13.876	67.646	13.690
swarm_35_12.pdb	0.210526	6.216	41.242	13.630
swarm_9_37.pdb	0	14.315	46.158	13.597
swarm_43_39.pdb	0	8.484	23.103	13.573
swarm_43_25.pdb	0	13.26	19.736	13.553
swarm_67_37.pdb	0	19.595	99.011	13.523
swarm_63_1.pdb	0.0789474	8.431	43.719	13.518
swarm_78_45.pdb	0	11.87	33.402	13.466
swarm_16_55.pdb	0	19.153	68.051	13.451
swarm_26_130.pdb	0	9.607	37.047	13.441
swarm_12_101.pdb	0	23.005	94.260	13.424
swarm_46_163.pdb	0.0263158	7.209	36.899	13.314
swarm_56_51.pdb	0	15.859	47.123	13.210
swarm_12_142.pdb	0	28.213	84.887	13.127
swarm_23_183.pdb	0	17.024	52.311	13.124
swarm_2_70.pdb	0	16.661	74.262	13.116
swarm_44_191.pdb	0	8.739	20.351	13.009
swarm_31_102.pdb	0	18.381	70.244	12.953
swarm_60_161.pdb	0	10.914	28.532	12.886
swarm_12_58.pdb	0	21.163	96.332	12.825
swarm_27_115.pdb	0	11.193	15.428	12.689
swarm_9_47.pdb	0	11.497	36.043	12.673
swarm_6_95.pdb	0	17.491	97.035	12.485
swarm_26_143.pdb	0	13.938	25.486	12.373
swarm_66_154.pdb	0	12.053	32.391	12.338
swarm_44_41.pdb	0	10.937	25.066	12.336
swarm_68_164.pdb	0	17.641	33.400	12.319
swarm_19_28.pdb	0	14.675	31.246	12.172
swarm_34_143.pdb	0	17.915	87.002	12.143
swarm_10_149.pdb	0	22.711	48.425	12.134
swarm_12_91.pdb	0	30.832	90.049	12.101
swarm_16_94.pdb	0	18.541	69.194	12.074
swarm_67_96.pdb	0	18.62	86.671	12.062
swarm_0_17.pdb	0	30.886	94.459	12.025
swarm_1_60.pdb	0	27.077	57.654	11.967
swarm_57_154.pdb	0	17.314	75.184	11.957
swarm_0_112.pdb	0	28.011	88.744	11.946
swarm_72_135.pdb	0	11.665	30.745	11.940
swarm_26_113.pdb	0.184211	6.941	36.608	11.934
swarm_12_49.pdb	0	31.299	77.815	11.923
swarm_28_71.pdb	0	14.631	81.323	11.904
swarm_83_145.pdb	0	14.401	48.094	11.902
swarm_37_35.pdb	0	16.33	60.907	11.835
swarm_26_174.pdb	0.105263	8.108	44.947	11.650
swarm_0_5.pdb	0	23.701	103.358	11.631
swarm_1_102.pdb	0	19.922	66.459	11.584
swarm_23_58.pdb	0	14.477	49.382	11.583
swarm_23_192.pdb	0	30.811	47.227	11.581
swarm_83_28.pdb	0	13.287	52.444	11.514
swarm_17_13.pdb	0	22.152	45.385	11.499
swarm_45_58.pdb	0	18.656	88.601	11.491
swarm_67_97.pdb	0	17.031	89.263	11.349
swarm_71_66.pdb	0	14.239	36.933	11.330
swarm_6_112.pdb	0	24.736	77.649	11.310
swarm_34_100.pdb	0	29.27	75.230	11.309
swarm_49_98.pdb	0	9.894	48.092	11.282
swarm_67_197.pdb	0	26.523	88.317	11.213
swarm_83_99.pdb	0	15.508	41.989	11.058
swarm_56_93.pdb	0	21.061	60.772	11.033
swarm_45_114.pdb	0	28.935	73.457	11.013
swarm_27_132.pdb	0	13.228	18.423	10.942
swarm_56_2.pdb	0	19.189	65.574	10.884
swarm_70_54.pdb	0	9.92	57.168	10.808
swarm_45_172.pdb	0	17.36	89.386	10.769
swarm_23_140.pdb	0	23.282	49.256	10.743
swarm_22_4.pdb	0	17.574	79.901	10.624
swarm_78_139.pdb	0	20.658	51.999	10.507
swarm_83_11.pdb	0	21.497	56.159	10.396
swarm_6_191.pdb	0	25.125	84.078	10.295
swarm_43_23.pdb	0	11.812	15.258	10.074
swarm_34_144.pdb	0	17.834	88.871	9.835
swarm_46_46.pdb	0.236842	5.021	31.523	9.575
swarm_67_150.pdb	0	27.406	78.177	9.467
swarm_1_72.pdb	0	26.765	73.154	9.457
swarm_23_130.pdb	0	29.369	48.013	9.265
swarm_56_186.pdb	0	13.031	53.641	9.226
swarm_35_40.pdb	0	16.136	28.407	9.167
swarm_67_151.pdb	0	22.977	99.339	9.101
swarm_67_110.pdb	0	27.53	96.747	9.086
swarm_40_76.pdb	0.0263158	8.69	47.772	9.031
swarm_56_157.pdb	0	21.854	66.681	9.006
swarm_23_146.pdb	0	21.787	62.454	8.760
swarm_12_149.pdb	0	28.012	98.725	8.474
swarm_59_66.pdb	0	14.929	28.994	7.804
swarm_54_13.pdb	0	12.808	60.021	7.448
swarm_70_19.pdb	0	10.349	57.354	7.412
swarm_78_77.pdb	0	12.278	37.610	7.244
swarm_19_79.pdb	0.0526316	8.555	38.577	7.137
swarm_43_187.pdb	0	10.404	22.769	6.476
swarm_80_150.pdb	0	13.266	36.950	6.386
swarm_68_46.pdb	0	12.493	49.854	5.885
swarm_74_6.pdb	0	10.945	64.677	5.747
swarm_83_4.pdb	0	20.031	48.871	5.012
swarm_44_66.pdb	0	12.103	26.577	4.370
swarm_12_156.pdb	0	15.77	93.465	4.335
swarm_1_150.pdb	0	24.636	56.636	4.270
swarm_6_194.pdb	0	23.665	73.464	4.166
swarm_4_56.pdb	0	23.463	68.662	4.158
swarm_12_177.pdb	0	22.491	100.262	4.027
swarm_16_93.pdb	0	15.804	68.296	3.469
swarm_59_150.pdb	0	12.84	17.456	3.443
swarm_37_101.pdb	0	12.597	66.216	3.228
swarm_62_113.pdb	0	13.467	79.682	3.187
swarm_23_59.pdb	0	22.099	56.431	3.150
swarm_17_189.pdb	0.131579	8.408	62.176	3.020
swarm_79_102.pdb	0	8.391	60.290	3.011
swarm_67_14.pdb	0	29.775	79.702	2.490
swarm_5_176.pdb	0	20.851	60.314	1.766
swarm_82_103.pdb	0	9.845	60.755	1.572
swarm_28_142.pdb	0	17.519	58.939	1.370
swarm_12_41.pdb	0	22.538	98.540	1.295
swarm_42_137.pdb	0.0526316	9.023	47.334	0.925
swarm_73_91.pdb	0	12.052	74.994	0.613
swarm_47_19.pdb	0	14.445	87.072	0.135
swarm_60_124.pdb	0	8.014	14.335	-0.271
swarm_30_44.pdb	0	9.198	37.012	-0.991
swarm_34_190.pdb	0	28.648	68.431	-1.834
swarm_34_163.pdb	0	19.94	92.661	-2.575
swarm_46_21.pdb	0.105263	7.486	38.628	-5.321
swarm_30_151.pdb	0	12.898	20.438	-5.890
swarm_18_175.pdb	0	20.238	70.274	-6.205
swarm_18_129.pdb	0	13.884	81.555	-6.958
swarm_46_151.pdb	0	11.15	38.548	-8.479
swarm_23_158.pdb	0	25.939	40.907	-8.584
swarm_33_52.pdb	0	15.738	48.771	-8.659
swarm_24_71.pdb	0	9.764	63.532	-8.948
swarm_60_70.pdb	0	11.521	24.900	-9.293
swarm_30_36.pdb	0	6.522	23.476	-10.260
swarm_37_187.pdb	0	16.382	54.678	-12.123
swarm_3_44.pdb	0	14.756	81.011	-12.342
swarm_35_74.pdb	0	10.05	45.999	-12.654
swarm_42_122.pdb	0	19.098	41.574	-13.858
swarm_52_108.pdb	0	15.828	43.390	-14.718
swarm_4_101.pdb	0	17.103	89.604	-15.581
swarm_67_48.pdb	0	19.541	99.511	-15.582
swarm_0_189.pdb	0	22.929	102.943	-19.332
swarm_48_151.pdb	0.0789474	7.246	59.618	-20.589
swarm_10_66.pdb	0	22.966	56.189	-22.686
swarm_35_139.pdb	0.0789474	8.129	43.716	-22.913
swarm_58_129.pdb	0	16.026	52.264	-24.148
swarm_78_16.pdb	0	18.995	34.505	-24.546
swarm_67_155.pdb	0	26.3	77.061	-25.205
swarm_42_155.pdb	0.184211	9.054	57.242	-25.271
swarm_79_109.pdb	0	13.41	46.823	-26.753
swarm_63_113.pdb	0	9.605	32.117	-27.587
swarm_67_168.pdb	0	18.728	76.393	-27.989
swarm_66_109.pdb	0	9.627	29.778	-30.322
swarm_59_59.pdb	0	12.232	20.868	-30.474
swarm_5_191.pdb	0	14.691	62.469	-30.617
swarm_0_130.pdb	0	32.373	77.650	-31.145
swarm_53_66.pdb	0	18.387	83.816	-32.498
swarm_14_94.pdb	0.394737	6.868	44.511	-34.182
swarm_70_85.pdb	0	16.121	42.220	-35.168
swarm_17_14.pdb	0	13.529	28.391	-35.265
swarm_27_152.pdb	0	8.532	34.722	-35.795
swarm_40_67.pdb	0	9.66	63.390	-37.180
swarm_62_42.pdb	0	12.518	78.070	-38.228
swarm_0_39.pdb	0	21.005	89.224	-45.297
swarm_63_158.pdb	0.0526316	7.829	35.960	-45.690
swarm_63_73.pdb	0.289474	6.714	42.908	-49.048
swarm_0_95.pdb	0	26.037	79.003	-49.539
swarm_53_150.pdb	0	19.368	70.563	-49.808
swarm_41_16.pdb	0	9.603	62.694	-50.444
swarm_80_40.pdb	0	13.631	37.912	-50.691
swarm_15_89.pdb	0	15.186	48.637	-51.284
swarm_54_110.pdb	0	9.933	39.830	-51.735
swarm_13_89.pdb	0	11.974	49.826	-55.316
swarm_2_14.pdb	0	14.4	71.578	-56.827
swarm_51_17.pdb	0	7.881	40.835	-57.039
swarm_35_46.pdb	0.342105	7.396	50.774	-60.215
swarm_55_22.pdb	0	7.139	58.406	-64.969
swarm_53_119.pdb	0	14.218	88.701	-65.153
swarm_72_82.pdb	0	6.72	53.292	-67.134
swarm_58_64.pdb	0	8.668	71.123	-69.316
swarm_45_182.pdb	0	23.012	69.148	-69.568
swarm_67_134.pdb	0	18.978	88.698	-70.517
swarm_21_153.pdb	0	14.903	74.156	-70.603
swarm_57_160.pdb	0	12.533	81.051	-79.582
swarm_15_160.pdb	0	9.677	39.384	-80.810
swarm_13_54.pdb	0	18.343	66.581	-81.965
swarm_65_127.pdb	0	9.555	33.114	-82.364
swarm_33_75.pdb	0	15.753	53.874	-82.487
swarm_36_15.pdb	0	9.73	38.623	-84.736
swarm_62_193.pdb	0	10.087	65.782	-85.531
swarm_5_194.pdb	0	19.326	50.293	-91.014
swarm_33_41.pdb	0	9.629	68.077	-94.479
swarm_63_152.pdb	0.105263	8.605	50.238	-98.537
swarm_4_131.pdb	0	21.845	64.516	-108.950
swarm_11_161.pdb	0	14.309	83.107	-109.053
swarm_14_115.pdb	0.263158	8.229	44.395	-109.436
swarm_25_86.pdb	0	15.719	34.100	-112.547
swarm_31_83.pdb	0	17.358	64.576	-114.514
swarm_51_150.pdb	0	13.621	39.821	-117.372
swarm_61_169.pdb	0	11.88	45.693	-130.985
swarm_46_27.pdb	0.0263158	8.206	20.111	-131.745
swarm_27_72.pdb	0.0263158	9.447	28.002	-132.096
swarm_32_94.pdb	0	16.698	49.651	-134.505
swarm_54_99.pdb	0	10.053	57.688	-137.755
swarm_52_180.pdb	0	9.076	64.906	-141.023
swarm_25_95.pdb	0	14.085	49.124	-144.413
swarm_76_191.pdb	0	14.895	37.900	-145.565
swarm_74_144.pdb	0	11.0	67.515	-146.338
swarm_32_38.pdb	0	14.89	58.585	-147.482
swarm_40_121.pdb	0.105263	10.009	64.005	-149.294
swarm_22_107.pdb	0	17.519	65.772	-156.323
swarm_20_41.pdb	0	11.335	76.879	-156.733
swarm_71_110.pdb	0	13.341	34.776	-156.968
swarm_25_194.pdb	0.315789	8.928	59.859	-162.570
swarm_40_71.pdb	0.0263158	10.783	54.555	-162.680
swarm_81_150.pdb	0	11.982	35.267	-165.187
swarm_25_23.pdb	0	17.268	46.479	-170.467
swarm_14_91.pdb	0	10.188	30.820	-171.582
swarm_53_169.pdb	0	14.349	78.484	-173.481
swarm_63_32.pdb	0	15.093	28.299	-173.493
swarm_52_46.pdb	0	10.254	53.993	-185.481
swarm_44_70.pdb	0.105263	8.308	23.992	-188.163
swarm_82_131.pdb	0.0263158	9.38	54.822	-191.786
swarm_60_168.pdb	0	10.731	26.030	-191.810
swarm_53_153.pdb	0	10.53	81.558	-194.573
swarm_43_184.pdb	0	10.257	20.240	-203.407
swarm_46_156.pdb	0.0789474	10.451	44.411	-203.740
swarm_59_191.pdb	0.0263158	10.513	38.615	-218.709
swarm_77_179.pdb	0	12.613	28.121	-219.925
swarm_42_86.pdb	0	17.046	36.113	-227.429
swarm_68_11.pdb	0	10.874	56.635	-246.220
swarm_31_43.pdb	0	12.422	55.407	-247.853
swarm_8_111.pdb	0	12.385	46.114	-253.980
swarm_16_73.pdb	0	17.592	64.564	-255.589
swarm_57_175.pdb	0	17.471	61.392	-263.009
swarm_79_137.pdb	0	10.687	55.162	-263.251
swarm_40_167.pdb	0.315789	9.191	59.064	-265.784
swarm_73_40.pdb	0	10.311	72.480	-281.306
swarm_72_103.pdb	0	12.816	35.072	-291.914
