4huq_40w.pdb	0.77305	1.305	4.735	-372.8418
4huq_77w.pdb	0.0070922	14.644	38.874	-235.0622
4huq_45w.pdb	0.0496454	6.661	15.905	-228.06298
4huq_57w.pdb	0.0141844	13.634	30.633	-227.2663
4huq_44w.pdb	0.120567	7.357	30.166	-202.08786
4huq_85w.pdb	0.0283688	11.451	41.882	-194.73779
4huq_39w.pdb	0.276596	4.728	13.408	-194.7231
4huq_92w.pdb	0.0567376	12.051	28.200	-193.293571
4huq_72w.pdb	0.0638298	9.049	37.067	-185.516
4huq_75w.pdb	0.035461	13.716	34.998	-183.0097
4huq_93w.pdb	0.0141844	6.385	21.625	-182.5191
4huq_31w.pdb	0.035461	12.484	34.107	-177.8557
4huq_46w.pdb	0	23.670	45.174	-174.285251
4huq_87w.pdb	0.0070922	22.358	50.388	-167.2226
4huq_32w.pdb	0	18.645	43.057	-160.63945
4huq_83w.pdb	0.0070922	19.887	41.727	-159.6153
4huq_47w.pdb	0	16.214	25.223	-155.8114
4huq_48w.pdb	0	10.974	35.409	-154.58465
4huq_56w.pdb	0	18.366	32.048	-154.442148
4huq_90w.pdb	0.0212766	19.930	51.900	-149.48228
4huq_42w.pdb	0	19.895	41.705	-149.32813
4huq_50w.pdb	0	26.098	48.557	-147.6376
4huq_78w.pdb	0	21.274	31.909	-146.0724
4huq_71w.pdb	0.035461	6.658	17.135	-143.4698
4huq_69w.pdb	0	22.198	39.749	-142.3681
4huq_27w.pdb	0.0141844	17.086	38.789	-141.4684
4huq_67w.pdb	0.0212766	18.255	49.068	-140.756716
4huq_8w.pdb	0	20.511	51.364	-139.2952
4huq_9w.pdb	0	11.635	28.905	-138.62674
4huq_13w.pdb	0.0070922	12.854	33.077	-137.98407
4huq_76w.pdb	0	19.243	47.801	-137.20755
4huq_80w.pdb	0.0141844	23.078	56.266	-136.4904
4huq_1w.pdb	0	16.754	41.760	-135.11732
4huq_63w.pdb	0.0425532	8.675	24.752	-134.70471
4huq_15w.pdb	0	8.956	24.639	-133.70735
4huq_16w.pdb	0.0212766	20.349	54.133	-132.18971
4huq_43w.pdb	0	26.037	46.315	-131.0531
4huq_65w.pdb	0.0212766	13.759	34.708	-130.0103
4huq_68w.pdb	0	22.478	35.321	-129.6886
4huq_34w.pdb	0	21.658	48.928	-129.05229
4huq_91w.pdb	0	26.313	51.718	-128.98446
4huq_53w.pdb	0	17.393	28.664	-128.8548
4huq_100w.pdb	0.0141844	20.345	52.735	-128.8014
4huq_84w.pdb	0.0851064	8.277	31.071	-127.74107
4huq_54w.pdb	0	13.501	39.152	-126.6276
4huq_61w.pdb	0	25.438	45.432	-125.4561
4huq_49w.pdb	0	24.017	37.878	-124.9197
4huq_25w.pdb	0	26.655	52.786	-124.24686
4huq_6w.pdb	0.0212766	15.953	43.558	-124.0657
4huq_99w.pdb	0	20.595	42.639	-123.7879
4huq_18w.pdb	0.0141844	18.332	40.564	-123.3359
4huq_23w.pdb	0	19.736	47.217	-122.89841
4huq_41w.pdb	0	22.458	50.260	-122.0881
4huq_79w.pdb	0	12.474	33.023	-121.48308
4huq_89w.pdb	0	14.516	44.938	-119.913
4huq_35w.pdb	0	12.415	26.771	-119.71577
4huq_94w.pdb	0	21.593	36.778	-119.3643
4huq_66w.pdb	0	27.854	46.116	-117.5514
4huq_33w.pdb	0	14.034	39.528	-117.262639
4huq_55w.pdb	0	22.684	35.844	-117.2536
4huq_58w.pdb	0	18.745	29.999	-115.05932
4huq_97w.pdb	0	28.088	47.097	-114.3772
4huq_74w.pdb	0.0070922	17.155	42.193	-113.02456
4huq_30w.pdb	0	22.749	42.796	-112.865
4huq_36w.pdb	0	26.133	40.398	-112.1763
4huq_86w.pdb	0.0070922	17.172	37.278	-110.12157
4huq_60w.pdb	0	20.388	39.241	-109.48903
4huq_26w.pdb	0	22.505	51.869	-108.8589
4huq_98w.pdb	0	28.829	47.911	-107.761
4huq_37w.pdb	0	29.165	45.970	-107.7147
4huq_22w.pdb	0	24.552	42.581	-107.5261
4huq_21w.pdb	0	11.804	30.772	-105.92564
4huq_82w.pdb	0	21.314	43.409	-105.24637
4huq_95w.pdb	0	15.316	42.323	-104.37813
4huq_10w.pdb	0	17.191	43.155	-102.91915
4huq_3w.pdb	0	28.221	46.612	-101.26714
4huq_38w.pdb	0.0141844	16.478	43.524	-100.64017
4huq_70w.pdb	0	18.236	54.773	-100.148271
4huq_7w.pdb	0	12.831	32.194	-98.29979
4huq_17w.pdb	0	25.183	44.047	-97.70124
4huq_51w.pdb	0.148936	7.902	18.616	-97.44882
4huq_24w.pdb	0	21.363	34.963	-97.169
4huq_14w.pdb	0	12.493	38.850	-93.70464
4huq_28w.pdb	0	26.558	50.696	-93.2811
4huq_19w.pdb	0	20.023	41.343	-92.91863
4huq_12w.pdb	0.0070922	17.924	41.713	-92.85071
4huq_73w.pdb	0	14.088	38.541	-90.804179
4huq_64w.pdb	0	25.971	38.697	-89.21353
4huq_52w.pdb	0	27.676	48.890	-87.34653
4huq_29w.pdb	0.0070922	14.542	33.003	-87.07759
4huq_62w.pdb	0	22.529	44.892	-86.0344
4huq_20w.pdb	0	27.135	56.154	-82.16244
4huq_88w.pdb	0	25.385	43.006	-81.4735
4huq_5w.pdb	0	29.169	51.163	-81.31031
4huq_96w.pdb	0	26.731	47.728	-79.4466
4huq_11w.pdb	0	20.890	44.177	-78.94633
4huq_2w.pdb	0	20.070	41.486	-76.02143
4huq_4w.pdb	0	31.471	45.490	-75.22281
4huq_59w.pdb	0	14.828	37.058	-72.72342
4huq_81w.pdb	0	17.373	43.195	1432.0568
				
				
