swarm_49_45.pdb	0.352941	3.568	14.865	29.861
swarm_54_155.pdb	0.333333	3.522	14.732	29.715
swarm_41_116.pdb	0.254902	4.930	20.883	29.683
swarm_58_90.pdb	0.490196	3.287	13.383	29.070
swarm_53_162.pdb	0.254902	4.733	19.816	28.797
swarm_39_123.pdb	0.254902	3.985	16.548	28.595
swarm_50_119.pdb	0.235294	4.419	18.617	27.914
swarm_26_83.pdb	0.490196	2.497	9.058	27.057
swarm_43_157.pdb	0.176471	4.128	17.362	26.811
swarm_54_170.pdb	0.431373	1.787	5.426	26.622
swarm_52_68.pdb	0.176471	5.572	23.355	26.531
swarm_62_2.pdb	0.352941	3.613	13.076	26.034
swarm_39_85.pdb	0.568627	1.560	3.870	25.849
swarm_56_18.pdb	0.54902	2.027	7.146	25.734
swarm_50_33.pdb	0.0392157	5.852	18.133	25.519
swarm_50_41.pdb	0	6.699	13.146	25.445
swarm_55_23.pdb	0.294118	4.922	22.614	25.379
swarm_59_90.pdb	0.333333	4.339	19.865	25.360
swarm_58_146.pdb	0.313725	4.374	20.039	25.321
swarm_12_174.pdb	0.490196	2.675	10.262	25.130
swarm_58_157.pdb	0.352941	3.634	11.248	24.888
swarm_59_57.pdb	0.0588235	5.892	18.409	24.878
swarm_14_3.pdb	0.568627	1.573	4.093	24.864
swarm_49_192.pdb	0.27451	4.479	20.222	24.804
swarm_57_97.pdb	0.333333	3.317	14.722	24.750
swarm_44_75.pdb	0.156863	4.501	19.125	24.698
swarm_32_9.pdb	0.0588235	5.428	17.006	24.647
swarm_55_168.pdb	0.254902	3.028	9.587	24.615
swarm_31_41.pdb	0.352941	3.100	12.135	24.572
swarm_50_89.pdb	0.156863	4.565	20.209	24.080
swarm_51_49.pdb	0.333333	4.075	17.958	24.060
swarm_27_47.pdb	0.137255	5.558	23.114	23.510
swarm_61_165.pdb	0.0588235	6.884	20.632	23.093
swarm_4_151.pdb	0.568627	2.286	8.049	23.014
swarm_57_177.pdb	0.196078	4.628	18.029	22.830
swarm_24_176.pdb	0.333333	3.259	12.680	22.650
swarm_0_170.pdb	0.333333	3.569	15.003	22.257
swarm_65_134.pdb	0.333333	3.515	13.536	22.238
swarm_26_10.pdb	0.117647	4.646	16.656	21.942
swarm_51_166.pdb	0	7.646	16.070	21.762
swarm_64_120.pdb	0.235294	4.412	17.570	20.636
swarm_8_120.pdb	0.313725	4.025	17.868	20.502
swarm_6_190.pdb	0.215686	4.438	16.192	19.529
swarm_39_69.pdb	0	8.219	12.852	19.340
swarm_59_184.pdb	0.0196078	6.310	17.300	18.994
swarm_14_48.pdb	0	8.279	18.236	18.229
swarm_53_126.pdb	0	8.711	14.448	17.477
swarm_12_128.pdb	0	12.056	24.593	16.873
swarm_32_73.pdb	0	6.335	13.697	16.794
swarm_35_113.pdb	0.0196078	6.304	20.338	16.778
swarm_27_189.pdb	0.0196078	7.941	11.535	16.576
swarm_8_119.pdb	0	9.196	32.099	16.459
swarm_60_181.pdb	0	7.536	17.977	16.391
swarm_61_178.pdb	0.254902	6.185	29.385	15.941
swarm_37_75.pdb	0	9.239	29.631	15.595
swarm_27_162.pdb	0.0588235	6.086	21.694	15.521
swarm_29_167.pdb	0	7.809	25.302	15.291
swarm_12_135.pdb	0.137255	4.845	17.096	15.236
swarm_63_140.pdb	0.235294	3.740	14.181	15.234
swarm_6_96.pdb	0.0784314	6.421	22.213	15.115
swarm_6_156.pdb	0	7.979	13.857	15.045
swarm_24_35.pdb	0.0980392	7.146	28.548	14.736
swarm_61_50.pdb	0.0196078	6.310	19.205	14.734
swarm_33_111.pdb	0	6.298	20.898	14.557
swarm_43_33.pdb	0	9.956	16.391	14.215
swarm_13_60.pdb	0.0392157	7.875	28.754	13.941
swarm_36_147.pdb	0.0196078	6.975	21.928	13.939
swarm_52_144.pdb	0.0392157	6.112	22.943	13.857
swarm_51_197.pdb	0	9.247	31.685	13.662
swarm_36_76.pdb	0	8.893	29.865	13.616
swarm_52_38.pdb	0	8.698	17.891	13.521
swarm_41_62.pdb	0	9.032	15.422	12.987
swarm_8_193.pdb	0.137255	6.903	26.079	12.914
swarm_2_18.pdb	0.0392157	8.715	31.052	12.848
swarm_12_38.pdb	0	9.916	23.356	12.828
swarm_8_32.pdb	0	11.393	22.445	12.628
swarm_4_171.pdb	0.0196078	7.746	25.628	12.568
swarm_63_100.pdb	0	9.153	27.428	12.403
swarm_56_94.pdb	0	8.432	13.429	12.270
swarm_49_30.pdb	0	8.526	18.634	12.244
swarm_29_77.pdb	0	8.539	30.658	12.191
swarm_17_80.pdb	0	8.406	27.669	12.163
swarm_61_24.pdb	0	8.372	31.804	12.098
swarm_35_20.pdb	0	10.464	26.498	12.080
swarm_33_32.pdb	0.117647	6.596	28.295	12.075
swarm_16_51.pdb	0.0588235	7.033	28.053	11.965
swarm_56_65.pdb	0.0196078	9.129	18.932	11.953
swarm_44_43.pdb	0	9.844	22.056	11.880
swarm_65_11.pdb	0	10.092	27.217	11.632
swarm_0_64.pdb	0	9.308	17.593	11.513
swarm_65_12.pdb	0.0588235	7.912	29.682	11.395
swarm_60_108.pdb	0	7.679	28.926	11.327
swarm_22_19.pdb	0	9.019	22.698	11.260
swarm_34_69.pdb	0.117647	7.985	32.148	11.244
swarm_65_1.pdb	0.0196078	6.730	18.024	11.227
swarm_65_80.pdb	0	11.384	24.945	11.216
swarm_44_5.pdb	0.0588235	6.804	27.944	11.133
swarm_6_97.pdb	0	9.330	29.572	11.123
swarm_64_36.pdb	0	9.775	29.689	11.079
swarm_18_117.pdb	0	11.702	32.466	11.014
swarm_47_71.pdb	0	9.497	34.827	10.998
swarm_17_62.pdb	0	9.800	24.349	10.968
swarm_21_92.pdb	0	8.950	28.085	10.912
swarm_7_77.pdb	0.0588235	7.318	26.159	10.727
swarm_29_54.pdb	0	10.626	24.709	10.600
swarm_18_23.pdb	0	10.126	25.100	10.573
swarm_63_109.pdb	0	11.298	21.140	10.395
swarm_19_32.pdb	0	12.672	39.730	10.389
swarm_2_91.pdb	0	12.843	23.909	10.385
swarm_41_21.pdb	0	11.283	23.200	10.254
swarm_13_55.pdb	0	9.692	16.755	10.060
swarm_19_163.pdb	0	8.097	28.906	10.035
swarm_29_106.pdb	0	13.261	36.848	10.027
swarm_48_97.pdb	0	10.182	22.292	9.964
swarm_64_85.pdb	0	9.729	28.369	9.920
swarm_50_162.pdb	0	8.831	25.517	9.703
swarm_22_11.pdb	0	8.683	26.206	9.696
swarm_18_131.pdb	0	13.867	28.137	9.618
swarm_18_25.pdb	0	9.364	29.196	9.530
swarm_0_19.pdb	0	11.167	25.097	9.455
swarm_42_60.pdb	0	11.444	34.151	9.340
swarm_4_44.pdb	0	12.387	18.022	9.336
swarm_7_80.pdb	0	9.183	19.900	9.309
swarm_34_23.pdb	0	10.791	36.187	9.307
swarm_34_16.pdb	0	11.150	25.719	9.301
swarm_63_105.pdb	0	10.485	31.212	9.096
swarm_7_175.pdb	0	8.985	25.256	9.082
swarm_38_150.pdb	0	10.026	27.618	9.028
swarm_5_117.pdb	0	9.028	17.812	9.012
swarm_16_107.pdb	0	11.622	27.573	9.008
swarm_18_180.pdb	0	8.430	31.249	8.899
swarm_17_170.pdb	0	11.436	32.720	8.865
swarm_23_103.pdb	0.0392157	10.061	38.126	8.857
swarm_11_69.pdb	0.0784314	8.287	32.163	8.742
swarm_45_97.pdb	0	9.810	37.049	8.651
swarm_43_25.pdb	0	10.988	28.128	8.629
swarm_30_87.pdb	0	9.899	29.644	8.577
swarm_11_180.pdb	0	9.310	20.378	8.511
swarm_46_119.pdb	0.0196078	8.748	37.339	8.459
swarm_11_44.pdb	0.0588235	7.952	30.280	8.313
swarm_0_103.pdb	0	7.525	24.819	8.090
swarm_10_128.pdb	0	11.190	31.056	8.039
swarm_2_34.pdb	0	10.870	27.599	7.869
swarm_35_59.pdb	0	10.730	29.238	7.716
swarm_15_127.pdb	0	10.070	28.629	7.681
swarm_34_167.pdb	0.0196078	10.356	39.549	7.579
swarm_7_104.pdb	0.156863	8.412	33.700	7.555
swarm_2_166.pdb	0.0392157	7.218	25.756	7.554
swarm_37_156.pdb	0	12.367	41.867	7.551
swarm_1_166.pdb	0	11.757	44.516	7.413
swarm_48_27.pdb	0	10.094	26.573	7.373
swarm_9_86.pdb	0	8.347	24.730	7.348
swarm_19_26.pdb	0	14.722	36.990	7.318
swarm_63_18.pdb	0	9.077	18.935	7.033
swarm_6_160.pdb	0.0196078	7.529	24.053	6.974
swarm_64_190.pdb	0	9.202	16.307	6.831
swarm_31_67.pdb	0.0980392	6.031	22.408	6.713
swarm_2_143.pdb	0	10.907	24.995	6.281
swarm_25_26.pdb	0	11.889	31.555	6.175
swarm_5_154.pdb	0	9.470	35.439	6.059
swarm_30_104.pdb	0	9.740	39.010	6.015
swarm_47_154.pdb	0	11.670	35.117	5.922
swarm_30_65.pdb	0	10.850	38.239	5.860
swarm_28_87.pdb	0	13.953	38.017	5.599
swarm_46_35.pdb	0	8.389	28.976	5.578
swarm_28_97.pdb	0	12.338	27.934	5.474
swarm_64_110.pdb	0	10.835	24.029	5.355
swarm_40_99.pdb	0	8.600	23.254	5.265
swarm_9_187.pdb	0	10.928	34.315	4.987
swarm_34_21.pdb	0	10.375	26.945	4.926
swarm_20_34.pdb	0	11.818	38.815	4.879
swarm_63_24.pdb	0	9.209	33.318	4.848
swarm_23_119.pdb	0	11.243	25.107	4.845
swarm_45_85.pdb	0	13.302	30.836	4.752
swarm_1_20.pdb	0	11.396	36.753	4.411
swarm_20_186.pdb	0	13.713	42.814	4.334
swarm_15_15.pdb	0	10.546	36.799	4.057
swarm_3_80.pdb	0	10.849	27.464	3.813
swarm_22_57.pdb	0	11.901	34.185	3.261
swarm_34_158.pdb	0	11.115	33.721	3.187
swarm_1_44.pdb	0	13.677	30.490	2.859
swarm_38_142.pdb	0	9.969	24.228	2.769
swarm_45_167.pdb	0	11.989	28.486	2.579
swarm_5_2.pdb	0	9.458	29.156	2.459
swarm_1_102.pdb	0	12.822	36.946	1.871
swarm_32_154.pdb	0.176471	7.528	33.440	1.778
swarm_5_96.pdb	0	10.007	36.472	1.684
swarm_45_175.pdb	0	11.616	37.046	1.520
swarm_46_25.pdb	0	11.004	40.156	1.017
swarm_10_72.pdb	0.0588235	10.703	38.103	0.834
swarm_9_23.pdb	0	10.166	37.473	0.750
swarm_24_196.pdb	0	7.173	14.484	0.687
swarm_23_109.pdb	0	11.691	38.418	0.667
swarm_1_184.pdb	0	12.793	31.052	-0.096
swarm_30_58.pdb	0	12.807	41.442	-0.292
swarm_10_40.pdb	0	12.120	30.905	-0.373
swarm_33_81.pdb	0.313725	7.937	36.576	-0.589
swarm_10_139.pdb	0	11.855	29.105	-0.904
swarm_40_97.pdb	0.0196078	10.343	40.722	-1.250
swarm_46_68.pdb	0	10.717	44.194	-1.725
swarm_57_190.pdb	0	10.077	23.913	-1.933
swarm_10_98.pdb	0.196078	7.210	30.839	-2.025
swarm_38_106.pdb	0	9.078	33.302	-2.543
swarm_3_132.pdb	0	10.870	38.939	-2.605
swarm_1_182.pdb	0	12.498	44.788	-3.210
swarm_64_74.pdb	0	8.974	29.965	-3.219
swarm_3_183.pdb	0.0392157	10.861	43.243	-3.304
swarm_19_118.pdb	0	11.165	40.001	-3.422
swarm_45_120.pdb	0	11.873	38.717	-3.836
swarm_61_53.pdb	0	10.431	26.939	-3.919
swarm_28_14.pdb	0	14.402	46.480	-3.922
swarm_25_78.pdb	0	10.689	42.322	-4.176
swarm_15_25.pdb	0	9.677	32.078	-4.805
swarm_48_156.pdb	0.0784314	7.978	32.939	-4.959
swarm_5_194.pdb	0	9.969	28.959	-5.051
swarm_32_149.pdb	0.0196078	8.436	31.942	-5.657
swarm_23_74.pdb	0.0784314	11.705	44.978	-5.900
swarm_40_111.pdb	0	13.649	27.454	-5.919
swarm_21_94.pdb	0	12.928	31.700	-6.004
swarm_36_28.pdb	0	10.407	31.306	-6.396
swarm_23_192.pdb	0	10.261	34.281	-6.852
swarm_15_50.pdb	0	10.071	36.177	-7.802
swarm_33_23.pdb	0.0588235	9.576	39.772	-8.466
swarm_42_172.pdb	0.0392157	8.556	33.399	-9.433
swarm_21_187.pdb	0	11.424	32.380	-9.499
swarm_28_141.pdb	0	11.610	41.893	-11.324
swarm_25_135.pdb	0	13.236	29.385	-11.690
swarm_40_181.pdb	0	13.063	36.732	-12.036
swarm_19_58.pdb	0	14.925	47.414	-12.297
swarm_20_193.pdb	0	13.022	47.317	-12.322
swarm_20_105.pdb	0	13.699	43.443	-12.556
swarm_33_177.pdb	0	9.577	30.260	-12.931
swarm_60_112.pdb	0.0980392	8.854	39.664	-14.894
swarm_31_167.pdb	0.0392157	7.665	20.198	-15.321
swarm_3_161.pdb	0	13.060	41.443	-15.386
swarm_3_194.pdb	0	11.083	36.846	-16.677
swarm_42_143.pdb	0	10.966	25.685	-16.894
swarm_11_26.pdb	0.0196078	9.753	37.560	-16.983
swarm_22_43.pdb	0.235294	6.179	26.632	-17.040
swarm_15_35.pdb	0.254902	5.678	23.137	-17.685
swarm_48_76.pdb	0	12.036	35.478	-18.477
swarm_21_146.pdb	0	8.199	22.093	-18.926
swarm_15_114.pdb	0	8.820	22.212	-20.163
swarm_20_80.pdb	0	11.385	34.009	-21.403
swarm_13_159.pdb	0.392157	4.660	18.899	-22.120
swarm_42_110.pdb	0	14.760	39.464	-24.870
swarm_38_153.pdb	0	13.784	26.335	-28.773
swarm_48_2.pdb	0	13.272	24.565	-29.814
swarm_38_6.pdb	0	8.853	34.767	-30.253
swarm_28_33.pdb	0	12.951	36.861	-43.674
