complex.1.pdb	0.0289855	18.294	42.845
complex.2.pdb	0.492754	2.090	4.851
complex.3.pdb	0.0289855	18.047	43.662
complex.4.pdb	0.0362319	15.741	40.908
complex.5.pdb	0.311594	3.466	13.183
complex.6.pdb	0	17.676	49.849
complex.7.pdb	0.0362319	18.035	45.930
complex.8.pdb	0	17.247	46.439
complex.9.pdb	0.217391	3.521	18.873
complex.10.pdb	0.0434783	18.168	42.890
complex.11.pdb	0.0144928	18.194	45.491
complex.12.pdb	0	15.091	40.209
complex.13.pdb	0.268116	4.109	15.494
complex.14.pdb	0	18.189	51.368
complex.15.pdb	0.304348	3.024	14.958
complex.16.pdb	0.304348	3.340	9.581
complex.17.pdb	0.413043	2.493	8.612
complex.18.pdb	0.00724638	18.427	44.629
complex.19.pdb	0.0434783	18.131	43.341
complex.20.pdb	0	18.208	52.088
complex.21.pdb	0.00724638	16.489	42.548
complex.22.pdb	0	17.961	50.559
complex.23.pdb	0	24.379	45.001
complex.24.pdb	0	16.871	45.431
complex.25.pdb	0	25.119	52.603
complex.26.pdb	0.0289855	18.394	44.392
complex.27.pdb	0	17.826	52.708
complex.28.pdb	0.0869565	4.701	13.529
complex.29.pdb	0.0362319	18.584	43.651
complex.30.pdb	0	10.781	38.782
complex.31.pdb	0.0144928	17.577	42.284
complex.32.pdb	0	18.364	55.582
complex.33.pdb	0.0289855	17.859	42.734
complex.34.pdb	0.15942	6.636	26.048
complex.35.pdb	0.057971	10.439	33.898
complex.36.pdb	0.0217391	16.701	47.242
complex.37.pdb	0.00724638	16.116	45.018
complex.38.pdb	0	18.652	59.562
complex.39.pdb	0.0144928	16.623	43.398
complex.40.pdb	0	13.833	53.076
complex.41.pdb	0.00724638	17.770	44.989
complex.42.pdb	0.0507246	17.894	42.307
complex.43.pdb	0.275362	4.575	14.974
complex.44.pdb	0	17.864	49.271
complex.45.pdb	0	16.450	46.493
complex.46.pdb	0	13.416	52.203
complex.47.pdb	0.0217391	18.282	43.118
complex.48.pdb	0.210145	3.121	10.461
complex.49.pdb	0	13.005	25.783
complex.50.pdb	0	18.261	49.519
complex.51.pdb	0.0217391	16.132	39.755
complex.52.pdb	0.362319	3.421	16.139
complex.53.pdb	0.00724638	11.247	29.527
complex.54.pdb	0	15.146	38.849
complex.55.pdb	0	16.215	48.029
complex.56.pdb	0	13.879	51.677
complex.57.pdb	0.0434783	11.488	29.377
complex.58.pdb	0.173913	3.789	11.490
complex.59.pdb	0	15.030	46.777
complex.60.pdb	0	14.762	53.472
complex.61.pdb	0	13.291	44.914
complex.62.pdb	0	17.846	47.971
complex.63.pdb	0	8.956	22.449
complex.64.pdb	0	17.435	49.372
complex.65.pdb	0	23.199	43.384
complex.66.pdb	0	17.931	48.286
complex.67.pdb	0.0942029	4.410	16.632
complex.68.pdb	0	18.587	56.878
complex.69.pdb	0.0434783	19.524	48.392
complex.70.pdb	0.00724638	12.771	30.772
complex.71.pdb	0	17.419	38.254
complex.72.pdb	0	14.055	48.463
complex.73.pdb	0.297101	4.742	17.995
complex.74.pdb	0.0507246	18.174	47.418
complex.75.pdb	0.0217391	16.616	41.831
complex.76.pdb	0	14.387	47.161
complex.77.pdb	0.00724638	18.996	52.183
complex.78.pdb	0	11.823	36.403
complex.79.pdb	0.00724638	18.242	46.613
complex.80.pdb	0	17.910	53.122
complex.81.pdb	0.00724638	18.537	46.855
complex.82.pdb	0.115942	10.094	27.563
complex.83.pdb	0	17.899	47.390
complex.84.pdb	0.0144928	17.364	45.067
complex.85.pdb	0.057971	12.248	35.928
complex.86.pdb	0	13.423	40.185
complex.87.pdb	0	12.638	31.396
complex.88.pdb	0	17.337	51.503
complex.89.pdb	0.0144928	17.863	46.202
complex.90.pdb	0	14.623	37.921
complex.91.pdb	0	13.590	48.687
complex.92.pdb	0	28.780	51.025
complex.93.pdb	0	17.530	49.932
complex.94.pdb	0.0289855	18.539	44.149
complex.95.pdb	0	17.974	46.788
complex.96.pdb	0.0289855	17.749	49.379
complex.97.pdb	0.0217391	9.057	21.403
complex.98.pdb	0	18.784	53.131
complex.99.pdb	0.115942	8.371	26.485
complex.100.pdb	0	24.634	44.831
complex.101.pdb	0	13.376	39.377
complex.102.pdb	0.0289855	20.528	54.113
complex.103.pdb	0	15.707	40.256
complex.104.pdb	0.00724638	25.422	52.775
complex.105.pdb	0.0217391	12.613	43.925
complex.106.pdb	0	33.562	71.495
complex.107.pdb	0	14.279	45.459
complex.108.pdb	0.181159	6.387	23.379
complex.109.pdb	0.137681	5.512	22.547
complex.110.pdb	0	16.007	36.956
complex.111.pdb	0	11.155	34.483
complex.112.pdb	0	17.107	53.345
complex.113.pdb	0.0144928	19.490	54.382
complex.114.pdb	0.0144928	15.931	42.866
complex.115.pdb	0.0434783	14.391	49.039
complex.116.pdb	0	20.714	38.872
complex.117.pdb	0.0144928	10.719	34.092
complex.118.pdb	0.231884	3.964	16.382
complex.119.pdb	0	13.914	44.874
complex.120.pdb	0	15.044	37.748
complex.121.pdb	0	17.326	53.214
complex.122.pdb	0.00724638	15.818	42.491
complex.123.pdb	0	25.329	43.512
complex.124.pdb	0.0217391	16.979	37.798
complex.125.pdb	0	16.171	49.655
complex.126.pdb	0.0652174	7.205	29.609
complex.127.pdb	0.0217391	14.336	49.131
complex.128.pdb	0	20.200	39.693
complex.129.pdb	0	22.831	58.453
complex.130.pdb	0	15.230	41.366
complex.131.pdb	0.00724638	9.968	26.941
complex.132.pdb	0	20.618	41.777
complex.133.pdb	0.289855	5.192	20.566
complex.134.pdb	0	18.170	45.809
complex.135.pdb	0.195652	4.189	13.818
complex.136.pdb	0	28.124	64.252
complex.137.pdb	0.0507246	7.375	27.427
complex.138.pdb	0.0507246	16.684	52.401
complex.139.pdb	0.0289855	15.875	44.768
complex.140.pdb	0	15.923	38.805
complex.141.pdb	0.181159	6.722	16.948
complex.142.pdb	0.231884	2.994	10.673
complex.143.pdb	0	24.269	56.265
complex.144.pdb	0	21.281	53.047
complex.145.pdb	0.23913	7.994	23.183
complex.146.pdb	0.057971	5.880	21.614
complex.147.pdb	0.0434783	20.135	59.307
complex.148.pdb	0.0724638	9.450	34.361
complex.149.pdb	0	12.378	33.006
complex.150.pdb	0.0362319	10.552	29.511
complex.151.pdb	0.00724638	16.342	41.477
complex.152.pdb	0	14.742	48.179
complex.153.pdb	0	26.294	58.996
complex.154.pdb	0	18.697	30.102
complex.155.pdb	0	23.899	46.095
complex.156.pdb	0	10.693	25.442
complex.157.pdb	0.0144928	9.621	22.335
complex.158.pdb	0	19.100	36.838
complex.159.pdb	0	17.351	42.835
complex.160.pdb	0	14.422	42.566
complex.161.pdb	0.0289855	12.916	30.919
complex.162.pdb	0	13.416	47.694
complex.163.pdb	0.0144928	25.271	57.695
complex.164.pdb	0	15.415	43.507
complex.165.pdb	0	27.052	57.008
complex.166.pdb	0.0144928	23.198	64.364
complex.167.pdb	0.00724638	14.733	36.431
complex.168.pdb	0	29.526	51.068
complex.169.pdb	0	17.189	35.436
complex.170.pdb	0	17.702	51.485
complex.171.pdb	0.0289855	23.963	62.253
complex.172.pdb	0.0652174	6.713	17.024
complex.173.pdb	0.15942	9.275	31.928
complex.174.pdb	0	18.393	52.922
complex.175.pdb	0	19.650	33.935
complex.176.pdb	0.0289855	18.332	52.068
complex.177.pdb	0.00724638	17.825	48.322
complex.178.pdb	0	18.119	48.667
complex.179.pdb	0.202899	6.194	25.528
complex.180.pdb	0.0144928	24.898	53.227
complex.181.pdb	0	31.883	57.474
complex.182.pdb	0	17.634	52.517
complex.183.pdb	0.00724638	18.084	43.184
complex.184.pdb	0	18.364	50.399
complex.185.pdb	0	15.591	44.615
complex.186.pdb	0	21.182	44.653
complex.187.pdb	0	21.094	38.046
complex.188.pdb	0	23.974	52.655
complex.189.pdb	0	17.362	57.900
complex.190.pdb	0.246377	2.720	10.026
complex.191.pdb	0.0217391	22.369	60.582
complex.192.pdb	0.00724638	13.231	35.342
complex.193.pdb	0.0144928	18.228	44.574
complex.194.pdb	0.0434783	16.980	46.168
complex.195.pdb	0	21.917	47.498
complex.196.pdb	0	17.339	40.730
complex.197.pdb	0	16.650	51.907
complex.198.pdb	0	11.808	34.190
complex.199.pdb	0	15.807	46.914
complex.200.pdb	0	12.817	30.215
complex.201.pdb	0	24.231	46.161
complex.202.pdb	0	28.497	62.955
complex.203.pdb	0	23.244	43.928
complex.204.pdb	0.00724638	11.721	35.833
complex.205.pdb	0	26.314	46.778
complex.206.pdb	0	21.471	44.348
complex.207.pdb	0	29.628	63.932
complex.208.pdb	0.0434783	9.954	24.566
complex.209.pdb	0.0217391	13.768	32.365
complex.210.pdb	0	14.588	45.938
complex.211.pdb	0.00724638	10.691	30.836
complex.212.pdb	0.0144928	20.264	54.122
complex.213.pdb	0.115942	6.358	25.731
complex.214.pdb	0	17.911	50.501
complex.215.pdb	0	16.683	51.258
complex.216.pdb	0	31.845	62.837
complex.217.pdb	0.0217391	19.032	43.204
complex.218.pdb	0	24.023	43.446
complex.219.pdb	0.0217391	16.983	51.729
complex.220.pdb	0	14.691	41.319
complex.221.pdb	0.0942029	8.842	29.893
complex.222.pdb	0	12.760	36.233
complex.223.pdb	0	22.167	52.518
complex.224.pdb	0	21.854	60.504
complex.225.pdb	0.384058	2.906	5.817
complex.226.pdb	0	13.463	56.448
complex.227.pdb	0.0217391	14.441	48.012
complex.228.pdb	0	17.304	52.223
complex.229.pdb	0	16.216	47.014
complex.230.pdb	0	15.925	46.595
complex.231.pdb	0	31.132	57.569
complex.232.pdb	0.0217391	17.499	49.733
complex.233.pdb	0	17.657	29.866
complex.234.pdb	0.0144928	19.157	54.630
complex.235.pdb	0	15.798	43.223
complex.236.pdb	0	21.904	46.428
complex.237.pdb	0.0217391	13.423	36.944
complex.238.pdb	0	27.499	45.988
complex.239.pdb	0.00724638	18.009	43.269
complex.240.pdb	0	32.105	53.197
complex.241.pdb	0.00724638	25.215	51.536
complex.242.pdb	0	15.147	42.978
complex.243.pdb	0	24.296	57.512
complex.244.pdb	0	21.195	59.558
complex.245.pdb	0	21.573	43.487
complex.246.pdb	0.00724638	14.382	37.499
complex.247.pdb	0.00724638	13.032	30.631
complex.248.pdb	0.0144928	23.952	66.288
complex.249.pdb	0	23.326	42.902
complex.250.pdb	0	20.243	55.704
complex.251.pdb	0.0362319	16.064	46.620
complex.252.pdb	0.00724638	23.612	65.318
complex.253.pdb	0	17.516	55.450
complex.254.pdb	0	19.738	38.957
complex.255.pdb	0	17.771	49.238
complex.256.pdb	0	17.411	59.191
complex.257.pdb	0.0289855	16.787	40.017
complex.258.pdb	0	28.186	52.601
complex.259.pdb	0.00724638	16.172	43.780
complex.260.pdb	0	11.361	38.355
complex.261.pdb	0	24.280	47.865
complex.262.pdb	0	15.608	48.521
complex.263.pdb	0	10.310	34.734
complex.264.pdb	0	19.566	42.820
complex.265.pdb	0.0797101	8.443	23.289
complex.266.pdb	0	19.459	43.845
complex.267.pdb	0.0434783	16.241	43.082
complex.268.pdb	0.0362319	17.497	44.716
complex.269.pdb	0	17.831	50.118
complex.270.pdb	0	16.913	48.394
complex.271.pdb	0	19.000	57.452
complex.272.pdb	0	15.348	37.492
complex.273.pdb	0	13.562	32.466
complex.274.pdb	0	17.063	48.733
complex.275.pdb	0	17.460	52.084
complex.276.pdb	0	13.940	37.780
complex.277.pdb	0	24.890	55.747
complex.278.pdb	0	33.080	50.274
complex.279.pdb	0	24.294	45.586
complex.280.pdb	0.0144928	18.368	51.440
complex.281.pdb	0.0217391	14.500	39.100
complex.282.pdb	0.0797101	19.042	50.420
complex.283.pdb	0	15.962	46.232
complex.284.pdb	0.188406	6.539	22.057
complex.285.pdb	0	28.193	58.549
complex.286.pdb	0	17.140	42.159
complex.287.pdb	0	21.787	50.771
complex.288.pdb	0.057971	12.955	37.414
complex.289.pdb	0.101449	10.413	34.374
complex.290.pdb	0.0144928	17.921	45.731
complex.291.pdb	0.00724638	17.456	48.045
complex.292.pdb	0	21.894	50.034
complex.293.pdb	0.0869565	8.820	31.118
complex.294.pdb	0	17.081	46.184
complex.295.pdb	0	22.401	53.241
complex.296.pdb	0	19.559	40.488
complex.297.pdb	0.166667	5.752	18.280
complex.298.pdb	0	22.185	46.468
complex.299.pdb	0	24.858	41.053
complex.300.pdb	0	16.772	48.113
complex.301.pdb	0.0217391	9.320	21.776
complex.302.pdb	0.0217391	9.910	25.389
complex.303.pdb	0	28.723	57.240
complex.304.pdb	0	21.285	50.072
complex.305.pdb	0.0507246	18.718	49.865
complex.306.pdb	0	10.416	31.636
complex.307.pdb	0.0434783	25.198	53.397
complex.308.pdb	0	20.949	52.596
complex.309.pdb	0.0942029	11.516	33.744
complex.310.pdb	0	20.193	45.415
complex.311.pdb	0.144928	5.828	19.121
complex.312.pdb	0	17.824	48.386
complex.313.pdb	0.00724638	17.165	42.233
complex.314.pdb	0.0217391	20.297	55.879
complex.315.pdb	0.0289855	12.740	39.042
complex.316.pdb	0	14.564	43.707
complex.317.pdb	0.0434783	11.074	41.219
complex.318.pdb	0	29.996	49.979
complex.319.pdb	0	30.531	57.897
complex.320.pdb	0	22.605	48.595
complex.321.pdb	0	16.737	47.785
complex.322.pdb	0	18.216	31.756
complex.323.pdb	0	25.662	46.248
complex.324.pdb	0.0289855	19.868	57.031
complex.325.pdb	0	25.781	44.482
complex.326.pdb	0.00724638	13.641	35.236
complex.327.pdb	0	16.915	37.935
complex.328.pdb	0.144928	3.541	23.059
complex.329.pdb	0	21.103	57.333
complex.330.pdb	0	25.259	54.545
complex.331.pdb	0.0362319	19.447	62.261
complex.332.pdb	0	31.550	56.781
complex.333.pdb	0.0144928	20.176	51.777
complex.334.pdb	0	15.846	39.116
complex.335.pdb	0	17.963	56.812
complex.336.pdb	0	16.911	43.209
complex.337.pdb	0.144928	5.126	17.386
complex.338.pdb	0	24.099	42.976
complex.339.pdb	0	10.172	38.503
complex.340.pdb	0	24.077	42.130
complex.341.pdb	0	11.502	35.525
complex.342.pdb	0	29.119	57.253
complex.343.pdb	0.0217391	7.824	22.402
complex.344.pdb	0.0289855	18.427	57.232
complex.345.pdb	0	28.488	57.992
complex.346.pdb	0	25.404	45.741
complex.347.pdb	0	24.861	47.850
complex.348.pdb	0.0507246	9.232	28.289
complex.349.pdb	0	19.535	41.533
complex.350.pdb	0	15.068	44.532
complex.351.pdb	0	17.591	45.559
complex.352.pdb	0	14.413	43.703
complex.353.pdb	0.115942	5.924	19.977
complex.354.pdb	0	16.920	40.196
complex.355.pdb	0.144928	3.924	27.060
complex.356.pdb	0	16.564	52.416
complex.357.pdb	0	13.852	33.140
complex.358.pdb	0	15.547	50.801
complex.359.pdb	0	28.789	60.973
complex.360.pdb	0	23.221	49.802
complex.361.pdb	0.0144928	19.989	56.634
complex.362.pdb	0	10.306	51.379
complex.363.pdb	0	17.481	54.566
complex.364.pdb	0	21.614	55.078
complex.365.pdb	0	28.472	54.606
complex.366.pdb	0	17.708	50.483
complex.367.pdb	0.0144928	17.476	40.224
complex.368.pdb	0	20.127	33.704
complex.369.pdb	0	21.449	47.441
complex.370.pdb	0	32.205	54.104
complex.371.pdb	0	17.463	59.019
complex.372.pdb	0	12.872	47.590
complex.373.pdb	0.0144928	11.200	34.256
complex.374.pdb	0	27.696	46.850
complex.375.pdb	0	16.219	33.471
complex.376.pdb	0	14.782	45.861
complex.377.pdb	0.108696	6.723	21.605
complex.378.pdb	0	19.067	29.033
complex.379.pdb	0	25.820	53.360
complex.380.pdb	0	24.886	45.583
complex.381.pdb	0.0217391	20.498	58.605
complex.382.pdb	0	30.038	53.149
complex.383.pdb	0	20.149	44.599
complex.384.pdb	0	17.594	47.740
complex.385.pdb	0.0217391	21.339	55.004
complex.386.pdb	0	12.617	39.470
complex.387.pdb	0	21.247	33.370
complex.388.pdb	0.0362319	13.080	40.543
complex.389.pdb	0	22.559	52.952
complex.390.pdb	0	18.999	49.962
complex.391.pdb	0	17.641	46.035
complex.392.pdb	0	30.903	54.300
complex.393.pdb	0	11.351	30.561
complex.394.pdb	0.0144928	17.732	52.445
complex.395.pdb	0	30.914	55.708
complex.396.pdb	0	29.865	56.300
complex.397.pdb	0	24.368	59.379
complex.398.pdb	0	17.565	55.696
complex.399.pdb	0.0289855	16.588	44.614
complex.400.pdb	0.00724638	18.272	49.962
complex.401.pdb	0	32.783	53.993
complex.402.pdb	0	16.819	47.460
complex.403.pdb	0.0362319	19.625	55.091
complex.404.pdb	0	16.180	40.414
complex.405.pdb	0	17.783	51.844
complex.406.pdb	0	21.810	47.200
complex.407.pdb	0.123188	5.369	20.035
complex.408.pdb	0	21.633	47.515
complex.409.pdb	0	15.255	40.584
complex.410.pdb	0.057971	10.286	31.350
complex.411.pdb	0	20.652	52.941
complex.412.pdb	0.0289855	16.033	39.633
complex.413.pdb	0.0144928	7.115	17.961
complex.414.pdb	0	17.414	50.352
complex.415.pdb	0.057971	15.591	47.839
complex.416.pdb	0	20.996	49.458
complex.417.pdb	0	29.637	49.973
complex.418.pdb	0.00724638	18.242	46.953
complex.419.pdb	0.15942	6.179	24.802
complex.420.pdb	0	22.471	43.910
complex.421.pdb	0	24.690	43.640
complex.422.pdb	0.0217391	16.470	55.018
complex.423.pdb	0	23.692	55.207
complex.424.pdb	0.0507246	8.680	23.171
complex.425.pdb	0.0144928	21.779	60.147
complex.426.pdb	0	19.832	55.890
complex.427.pdb	0	26.326	47.184
complex.428.pdb	0.0289855	8.855	22.014
complex.429.pdb	0.0797101	9.249	34.988
complex.430.pdb	0	9.995	34.503
complex.431.pdb	0	17.791	55.978
complex.432.pdb	0.00724638	13.912	46.201
complex.433.pdb	0.0144928	24.967	63.318
complex.434.pdb	0	17.693	54.071
complex.435.pdb	0	15.441	37.856
complex.436.pdb	0.0217391	17.960	57.158
complex.437.pdb	0.0869565	9.531	36.076
complex.438.pdb	0.0144928	15.262	36.838
complex.439.pdb	0	22.839	48.061
complex.440.pdb	0	9.542	37.166
complex.441.pdb	0	15.383	43.568
complex.442.pdb	0.0724638	14.504	40.566
complex.443.pdb	0	21.179	42.195
complex.444.pdb	0.0144928	14.816	39.146
complex.445.pdb	0	22.453	58.296
complex.446.pdb	0.0144928	11.050	30.264
complex.447.pdb	0	20.784	38.250
complex.448.pdb	0	21.288	42.112
complex.449.pdb	0.00724638	18.829	51.832
complex.450.pdb	0	29.381	53.124
complex.451.pdb	0	18.670	52.422
complex.452.pdb	0.00724638	11.199	34.876
complex.453.pdb	0.00724638	16.726	44.248
complex.454.pdb	0	20.238	57.159
complex.455.pdb	0	21.804	44.648
complex.456.pdb	0	23.318	51.884
complex.457.pdb	0	23.035	51.629
complex.458.pdb	0.152174	8.945	37.156
complex.459.pdb	0	31.283	55.562
complex.460.pdb	0	30.564	50.823
complex.461.pdb	0	20.729	42.808
complex.462.pdb	0.0144928	19.467	58.800
complex.463.pdb	0	27.889	62.312
complex.464.pdb	0.0289855	23.684	63.712
complex.465.pdb	0.0144928	24.593	56.889
complex.466.pdb	0	29.595	46.055
complex.467.pdb	0	17.157	36.954
complex.468.pdb	0	17.483	29.077
complex.469.pdb	0	29.220	58.424
complex.470.pdb	0	24.472	44.277
complex.471.pdb	0	28.515	53.716
complex.472.pdb	0	17.082	35.959
complex.473.pdb	0	17.665	42.533
complex.474.pdb	0	13.807	47.016
complex.475.pdb	0.0144928	24.687	56.719
complex.476.pdb	0.0144928	20.772	57.576
complex.477.pdb	0	30.765	57.825
complex.478.pdb	0	16.086	39.658
complex.479.pdb	0	22.500	34.381
complex.480.pdb	0	11.477	32.188
complex.481.pdb	0	24.562	57.272
complex.482.pdb	0	20.454	54.582
complex.483.pdb	0	27.732	47.693
complex.484.pdb	0	29.742	49.898
complex.485.pdb	0	18.237	52.441
complex.486.pdb	0.0144928	8.101	26.637
complex.487.pdb	0	20.595	46.575
complex.488.pdb	0	17.978	40.499
complex.489.pdb	0.057971	16.690	40.832
complex.490.pdb	0	23.639	38.428
complex.491.pdb	0	18.196	30.659
complex.492.pdb	0	20.839	50.829
complex.493.pdb	0	18.992	56.506
complex.494.pdb	0.00724638	20.306	47.841
complex.495.pdb	0	19.272	53.238
complex.496.pdb	0	17.444	47.469
complex.497.pdb	0	18.397	51.428
complex.498.pdb	0	13.423	35.873
complex.499.pdb	0	18.237	48.977
complex.500.pdb	0.00724638	8.449	22.179
complex.501.pdb	0.0434783	13.369	47.412
complex.502.pdb	0.0144928	19.008	52.173
complex.503.pdb	0.0362319	11.423	34.632
complex.504.pdb	0.0144928	17.243	61.670
complex.505.pdb	0	20.986	33.185
complex.506.pdb	0	16.261	47.009
complex.507.pdb	0.0217391	16.691	48.393
complex.508.pdb	0	33.325	66.560
complex.509.pdb	0	21.512	43.489
complex.510.pdb	0	20.137	38.013
complex.511.pdb	0	29.056	41.890
complex.512.pdb	0	28.951	50.082
complex.513.pdb	0	19.644	54.810
complex.514.pdb	0	20.420	38.046
complex.515.pdb	0	20.312	45.180
complex.516.pdb	0	13.940	36.318
complex.517.pdb	0	23.362	45.325
complex.518.pdb	0	24.510	37.573
complex.519.pdb	0	33.128	53.431
complex.520.pdb	0	15.706	46.819
complex.521.pdb	0.00724638	14.710	40.783
complex.522.pdb	0	28.964	51.590
complex.523.pdb	0	26.041	46.624
complex.524.pdb	0	18.655	28.617
complex.525.pdb	0	21.125	51.887
complex.526.pdb	0	24.368	41.012
complex.527.pdb	0	22.813	58.526
complex.528.pdb	0	20.124	48.518
complex.529.pdb	0.00724638	17.137	41.209
complex.530.pdb	0	26.752	43.072
complex.531.pdb	0.0217391	25.391	49.156
complex.532.pdb	0	13.303	39.071
complex.533.pdb	0	22.855	49.348
complex.534.pdb	0	23.962	44.884
complex.535.pdb	0	14.793	47.676
complex.536.pdb	0	18.584	55.250
complex.537.pdb	0.0144928	19.994	57.298
complex.538.pdb	0.0144928	18.171	45.287
complex.539.pdb	0.0217391	19.371	60.143
complex.540.pdb	0	10.930	36.974
complex.541.pdb	0.0289855	16.230	38.301
complex.542.pdb	0	28.176	46.092
complex.543.pdb	0	17.109	48.824
complex.544.pdb	0	8.691	33.765
complex.545.pdb	0	15.611	38.385
complex.546.pdb	0.057971	15.472	47.228
complex.547.pdb	0	20.264	34.701
complex.548.pdb	0	29.036	49.484
complex.549.pdb	0	16.424	46.803
complex.550.pdb	0	29.235	47.550
complex.551.pdb	0.00724638	12.341	38.524
complex.552.pdb	0.0144928	19.169	56.416
complex.553.pdb	0.0289855	16.193	55.666
complex.554.pdb	0	17.430	50.070
complex.555.pdb	0.0144928	18.608	43.220
complex.556.pdb	0.0652174	11.540	43.006
complex.557.pdb	0.0144928	17.498	42.868
complex.558.pdb	0	23.637	44.883
complex.559.pdb	0	18.850	39.491
complex.560.pdb	0	23.876	49.915
complex.561.pdb	0	23.044	49.735
complex.562.pdb	0	14.570	49.927
complex.563.pdb	0	22.360	40.825
complex.564.pdb	0	24.674	46.781
complex.565.pdb	0.057971	6.972	23.169
complex.566.pdb	0	23.259	41.497
complex.567.pdb	0	27.838	60.090
complex.568.pdb	0.0869565	9.132	31.334
complex.569.pdb	0	21.006	52.609
complex.570.pdb	0	20.659	44.074
complex.571.pdb	0	18.070	52.104
complex.572.pdb	0	18.754	32.938
complex.573.pdb	0	29.184	55.331
complex.574.pdb	0.0217391	16.949	49.255
complex.575.pdb	0	16.609	49.968
complex.576.pdb	0.137681	6.761	23.699
complex.577.pdb	0	15.965	42.393
complex.578.pdb	0.0144928	17.970	42.785
complex.579.pdb	0	23.713	46.584
complex.580.pdb	0	12.306	35.832
complex.581.pdb	0	28.028	60.404
complex.582.pdb	0.00724638	11.159	41.078
complex.583.pdb	0	9.120	29.287
complex.584.pdb	0.0217391	20.305	62.512
complex.585.pdb	0	30.963	48.502
complex.586.pdb	0.0217391	19.540	53.364
complex.587.pdb	0.0144928	18.178	46.569
complex.588.pdb	0	25.542	37.395
complex.589.pdb	0.00724638	20.344	57.029
complex.590.pdb	0	29.793	60.317
complex.591.pdb	0	16.105	49.307
complex.592.pdb	0	27.048	50.662
complex.593.pdb	0	27.450	48.256
complex.594.pdb	0	16.699	42.431
complex.595.pdb	0	25.236	58.055
complex.596.pdb	0	34.540	68.319
complex.597.pdb	0	22.276	43.371
complex.598.pdb	0	31.058	52.763
complex.599.pdb	0.00724638	21.834	56.173
complex.600.pdb	0.0144928	15.658	39.925
complex.601.pdb	0	31.504	58.017
complex.602.pdb	0	17.193	33.360
complex.603.pdb	0	13.980	41.067
complex.604.pdb	0	18.204	49.450
complex.605.pdb	0	25.667	53.849
complex.606.pdb	0	18.612	49.548
complex.607.pdb	0	23.165	41.880
complex.608.pdb	0	17.200	49.941
complex.609.pdb	0.00724638	18.361	44.160
complex.610.pdb	0	12.178	38.540
complex.611.pdb	0	25.111	35.742
complex.612.pdb	0	24.590	45.504
complex.613.pdb	0	22.541	46.278
complex.614.pdb	0.0507246	7.473	30.487
complex.615.pdb	0	23.504	42.878
complex.616.pdb	0	22.843	46.075
complex.617.pdb	0	27.659	42.934
complex.618.pdb	0.0652174	14.405	40.217
complex.619.pdb	0	15.314	43.658
complex.620.pdb	0.0144928	18.082	50.444
complex.621.pdb	0.0144928	24.892	51.299
complex.622.pdb	0	19.928	52.800
complex.623.pdb	0	18.698	48.321
complex.624.pdb	0.0217391	17.747	42.836
complex.625.pdb	0.057971	9.916	34.826
complex.626.pdb	0	28.171	42.482
complex.627.pdb	0.00724638	16.582	50.598
complex.628.pdb	0	26.787	41.217
complex.629.pdb	0.0652174	16.350	47.848
complex.630.pdb	0	33.179	63.855
complex.631.pdb	0.0144928	15.679	42.671
complex.632.pdb	0	25.695	57.007
complex.633.pdb	0	10.618	24.731
complex.634.pdb	0	25.336	39.117
complex.635.pdb	0	12.746	37.622
complex.636.pdb	0	18.474	59.394
complex.637.pdb	0.123188	10.557	38.506
complex.638.pdb	0	32.386	61.865
complex.639.pdb	0	24.497	44.380
complex.640.pdb	0	16.308	42.264
complex.641.pdb	0	21.480	54.836
complex.642.pdb	0	14.522	37.918
complex.643.pdb	0.0289855	10.046	40.576
complex.644.pdb	0	24.605	49.746
complex.645.pdb	0	16.747	45.636
complex.646.pdb	0	18.594	43.418
complex.647.pdb	0	22.691	37.130
complex.648.pdb	0	28.405	46.196
complex.649.pdb	0	15.445	37.283
complex.650.pdb	0	27.024	44.598
complex.651.pdb	0	22.291	53.414
complex.652.pdb	0	24.556	39.641
complex.653.pdb	0	27.790	56.706
complex.654.pdb	0	24.729	45.584
complex.655.pdb	0	29.364	51.003
complex.656.pdb	0	22.952	48.592
complex.657.pdb	0	25.614	40.410
complex.658.pdb	0	26.467	47.520
complex.659.pdb	0	15.061	37.304
complex.660.pdb	0	25.880	64.754
complex.661.pdb	0	16.983	41.936
complex.662.pdb	0	29.271	49.090
complex.663.pdb	0	17.240	49.191
complex.664.pdb	0	23.103	49.623
complex.665.pdb	0	26.474	44.308
complex.666.pdb	0	22.374	37.051
complex.667.pdb	0	21.531	50.897
complex.668.pdb	0	23.120	36.434
complex.669.pdb	0	24.379	44.328
complex.670.pdb	0	29.671	63.321
complex.671.pdb	0	24.793	67.225
complex.672.pdb	0.0217391	21.046	66.552
complex.673.pdb	0	28.017	45.412
complex.674.pdb	0	27.905	47.601
complex.675.pdb	0.0144928	9.870	44.744
complex.676.pdb	0	22.177	37.141
complex.677.pdb	0	16.656	54.045
complex.678.pdb	0	29.315	56.516
complex.679.pdb	0.0724638	14.296	45.760
complex.680.pdb	0.0362319	11.017	45.905
complex.681.pdb	0	19.597	40.228
complex.682.pdb	0	26.079	59.054
complex.683.pdb	0	20.909	41.966
complex.684.pdb	0.0797101	11.955	34.991
complex.685.pdb	0.144928	7.824	31.517
complex.686.pdb	0	25.869	51.324
complex.687.pdb	0	20.524	44.612
complex.688.pdb	0	20.496	38.172
complex.689.pdb	0	16.597	63.324
complex.690.pdb	0	28.112	48.935
complex.691.pdb	0	33.117	60.671
complex.692.pdb	0	13.106	44.927
complex.693.pdb	0	17.181	44.979
complex.694.pdb	0	33.639	68.323
complex.695.pdb	0.144928	6.801	18.849
complex.696.pdb	0	28.692	48.483
complex.697.pdb	0.0289855	15.030	44.271
complex.698.pdb	0	15.309	52.873
complex.699.pdb	0	26.016	48.390
complex.700.pdb	0.00724638	12.541	28.985
complex.701.pdb	0	28.749	55.437
complex.702.pdb	0	13.342	39.647
complex.703.pdb	0	23.655	39.449
complex.704.pdb	0	21.311	35.987
complex.705.pdb	0.0144928	21.729	63.135
complex.706.pdb	0	24.173	35.357
complex.707.pdb	0	17.732	38.460
complex.708.pdb	0.0217391	23.051	54.181
complex.709.pdb	0.0217391	23.185	55.310
complex.710.pdb	0	27.890	50.060
complex.711.pdb	0.0869565	4.921	12.304
complex.712.pdb	0	24.413	59.852
complex.713.pdb	0	24.685	45.486
complex.714.pdb	0	19.669	45.520
complex.715.pdb	0	21.650	58.851
complex.716.pdb	0	15.487	37.463
complex.717.pdb	0	8.529	37.442
complex.718.pdb	0	23.969	37.219
complex.719.pdb	0	25.042	47.946
complex.720.pdb	0	23.067	38.284
complex.721.pdb	0	31.402	59.615
complex.722.pdb	0	20.540	41.871
complex.723.pdb	0	30.125	64.311
complex.724.pdb	0.0289855	8.971	30.474
complex.725.pdb	0	19.657	42.733
complex.726.pdb	0.00724638	13.597	31.051
complex.727.pdb	0	17.326	63.189
complex.728.pdb	0	27.137	47.302
complex.729.pdb	0	30.342	51.279
complex.730.pdb	0	28.437	42.105
complex.731.pdb	0	23.309	41.403
complex.732.pdb	0	31.461	71.309
complex.733.pdb	0	23.814	56.577
complex.734.pdb	0.0434783	8.817	38.954
complex.735.pdb	0	27.794	53.481
complex.736.pdb	0	17.950	54.500
complex.737.pdb	0	21.638	51.512
complex.738.pdb	0	29.480	50.098
complex.739.pdb	0.00724638	20.076	50.884
complex.740.pdb	0	14.425	41.376
complex.741.pdb	0	30.717	51.604
complex.742.pdb	0	20.913	50.085
complex.743.pdb	0.00724638	19.554	59.196
complex.744.pdb	0	23.558	45.607
complex.745.pdb	0	20.371	34.383
complex.746.pdb	0	18.355	40.144
complex.747.pdb	0	23.940	48.205
complex.748.pdb	0	15.701	56.521
complex.749.pdb	0	22.097	46.344
complex.750.pdb	0	26.061	47.085
complex.751.pdb	0.0362319	19.433	59.056
complex.752.pdb	0	17.956	56.024
complex.753.pdb	0	25.147	35.639
complex.754.pdb	0	30.088	49.200
complex.755.pdb	0	22.214	44.838
complex.756.pdb	0.0652174	12.313	43.189
complex.757.pdb	0	14.729	41.199
complex.758.pdb	0	15.621	31.631
complex.759.pdb	0	30.409	48.752
complex.760.pdb	0	26.915	43.515
complex.761.pdb	0	22.774	55.831
complex.762.pdb	0.0144928	24.225	53.937
complex.763.pdb	0	14.992	48.464
complex.764.pdb	0	25.559	58.464
complex.765.pdb	0	20.476	50.738
complex.766.pdb	0	27.869	50.818
complex.767.pdb	0	20.020	55.722
complex.768.pdb	0	21.102	66.189
complex.769.pdb	0	24.000	57.950
complex.770.pdb	0	18.812	52.213
complex.771.pdb	0.00724638	21.208	59.545
complex.772.pdb	0	21.747	32.033
complex.773.pdb	0	9.859	43.108
complex.774.pdb	0	27.434	62.135
complex.775.pdb	0	14.030	41.240
complex.776.pdb	0.0144928	19.417	47.866
complex.777.pdb	0	14.760	41.931
complex.778.pdb	0	23.902	43.758
complex.779.pdb	0.0434783	15.131	48.917
complex.780.pdb	0.0869565	13.675	39.586
complex.781.pdb	0	22.599	37.505
complex.782.pdb	0	29.507	71.365
complex.783.pdb	0	25.629	46.115
complex.784.pdb	0	22.985	42.319
complex.785.pdb	0	28.984	46.250
complex.786.pdb	0	18.048	58.820
complex.787.pdb	0	25.661	40.495
complex.788.pdb	0	21.079	32.170
complex.789.pdb	0	25.665	47.500
complex.790.pdb	0.0652174	8.463	37.479
complex.791.pdb	0	31.177	49.373
complex.792.pdb	0	29.578	62.437
complex.793.pdb	0	21.831	54.305
complex.794.pdb	0.0652174	8.986	25.488
complex.795.pdb	0	29.786	49.210
complex.796.pdb	0	23.951	44.567
complex.797.pdb	0.0217391	18.414	58.513
complex.798.pdb	0.0217391	19.456	52.643
complex.799.pdb	0	14.219	47.582
complex.800.pdb	0	22.020	33.181
complex.801.pdb	0	25.441	59.388
complex.802.pdb	0	24.858	47.715
complex.803.pdb	0	34.450	49.212
complex.804.pdb	0	32.627	46.887
complex.805.pdb	0	26.519	43.513
complex.806.pdb	0.0434783	12.991	47.435
complex.807.pdb	0	22.202	51.468
complex.808.pdb	0	21.979	38.284
complex.809.pdb	0	14.755	38.326
complex.810.pdb	0	28.136	52.402
complex.811.pdb	0	33.570	52.754
complex.812.pdb	0	14.596	39.386
complex.813.pdb	0	32.655	58.883
complex.814.pdb	0	31.906	54.346
complex.815.pdb	0	32.489	60.565
complex.816.pdb	0	32.246	49.291
complex.817.pdb	0	18.474	31.915
complex.818.pdb	0	14.759	40.395
complex.819.pdb	0	28.898	62.157
complex.820.pdb	0	35.086	73.398
complex.821.pdb	0	20.494	48.239
complex.822.pdb	0	24.558	40.010
complex.823.pdb	0	22.919	55.469
complex.824.pdb	0	25.333	44.956
complex.825.pdb	0	15.251	38.745
complex.826.pdb	0	22.251	44.253
complex.827.pdb	0	24.486	50.642
complex.828.pdb	0	14.468	45.735
complex.829.pdb	0	16.505	47.325
complex.830.pdb	0.0144928	9.321	38.718
complex.831.pdb	0.0507246	25.369	61.739
complex.832.pdb	0	14.159	40.572
complex.833.pdb	0	33.480	69.161
complex.834.pdb	0	11.997	38.252
complex.835.pdb	0.0652174	9.684	30.312
complex.836.pdb	0.0289855	9.126	38.719
complex.837.pdb	0	10.911	36.917
complex.838.pdb	0	23.245	38.723
complex.839.pdb	0	20.695	33.962
complex.840.pdb	0	15.376	47.361
complex.841.pdb	0	22.292	48.656
complex.842.pdb	0	28.121	50.492
complex.843.pdb	0.00724638	20.871	56.129
complex.844.pdb	0	19.549	33.291
complex.845.pdb	0	24.617	44.166
complex.846.pdb	0	19.748	32.287
complex.847.pdb	0	29.237	47.922
complex.848.pdb	0	15.234	37.895
complex.849.pdb	0	29.057	53.734
complex.850.pdb	0	27.312	41.381
complex.851.pdb	0	24.935	46.637
complex.852.pdb	0	21.062	56.171
complex.853.pdb	0	22.268	49.488
complex.854.pdb	0	24.667	45.045
complex.855.pdb	0	13.499	46.851
complex.856.pdb	0	27.149	46.788
complex.857.pdb	0	30.190	51.240
complex.858.pdb	0	25.965	44.711
complex.859.pdb	0	20.305	31.905
complex.860.pdb	0	24.091	53.950
complex.861.pdb	0	20.921	46.545
complex.862.pdb	0.0144928	22.967	64.279
complex.863.pdb	0	19.820	40.271
complex.864.pdb	0	30.101	51.731
complex.865.pdb	0.0217391	9.997	41.503
complex.866.pdb	0	15.180	37.397
complex.867.pdb	0	30.589	51.483
complex.868.pdb	0	21.752	43.962
complex.869.pdb	0	18.514	51.673
complex.870.pdb	0	22.428	52.376
complex.871.pdb	0	21.911	58.278
complex.872.pdb	0.00724638	15.675	40.870
complex.873.pdb	0	31.104	61.831
complex.874.pdb	0	21.047	40.524
complex.875.pdb	0	29.197	47.787
complex.876.pdb	0	13.482	39.157
complex.877.pdb	0	12.053	47.382
complex.878.pdb	0	15.132	36.367
complex.879.pdb	0	23.454	36.303
complex.880.pdb	0	22.750	32.474
complex.881.pdb	0	29.645	55.617
complex.882.pdb	0	24.560	46.334
complex.883.pdb	0.0217391	12.554	41.667
complex.884.pdb	0	32.647	55.952
complex.885.pdb	0	25.572	56.267
complex.886.pdb	0	22.129	35.025
complex.887.pdb	0	24.144	43.085
complex.888.pdb	0	26.796	38.910
complex.889.pdb	0	9.816	31.296
complex.890.pdb	0	17.900	26.503
complex.891.pdb	0	23.532	62.922
complex.892.pdb	0.0797101	16.640	44.869
complex.893.pdb	0	14.234	43.530
complex.894.pdb	0	35.159	67.525
complex.895.pdb	0	26.438	47.947
complex.896.pdb	0	14.611	42.181
complex.897.pdb	0	27.742	51.816
complex.898.pdb	0	20.984	52.701
complex.899.pdb	0	23.183	46.988
complex.900.pdb	0	21.368	42.246
complex.901.pdb	0.0652174	11.369	37.040
complex.902.pdb	0	26.474	43.340
complex.903.pdb	0.0289855	16.128	47.323
complex.904.pdb	0	11.321	40.901
complex.905.pdb	0	21.068	50.993
complex.906.pdb	0	15.364	38.268
complex.907.pdb	0	20.025	53.272
complex.908.pdb	0	27.017	52.069
complex.909.pdb	0	16.356	55.807
complex.910.pdb	0	19.264	37.536
complex.911.pdb	0.0217391	17.687	44.957
complex.912.pdb	0	21.444	43.508
complex.913.pdb	0	13.408	44.849
complex.914.pdb	0.0217391	20.005	47.175
complex.915.pdb	0.00724638	18.718	44.865
complex.916.pdb	0	18.011	44.027
complex.917.pdb	0	28.869	52.004
complex.918.pdb	0	22.400	50.580
complex.919.pdb	0	30.380	54.372
complex.920.pdb	0	20.402	51.247
complex.921.pdb	0	20.409	52.173
complex.922.pdb	0	13.770	35.277
complex.923.pdb	0	16.259	41.150
complex.924.pdb	0.00724638	17.668	40.322
complex.925.pdb	0.0144928	19.551	57.865
complex.926.pdb	0	30.050	57.778
complex.927.pdb	0	22.109	40.750
complex.928.pdb	0	18.280	51.917
complex.929.pdb	0	28.716	55.925
complex.930.pdb	0	17.375	46.386
complex.931.pdb	0	28.847	46.882
complex.932.pdb	0	27.074	40.765
complex.933.pdb	0	17.792	55.105
complex.934.pdb	0	15.494	45.907
complex.935.pdb	0.0434783	25.012	65.652
complex.936.pdb	0	26.370	39.029
complex.937.pdb	0	26.672	58.764
complex.938.pdb	0	28.305	51.386
complex.939.pdb	0	22.131	47.949
complex.940.pdb	0	31.144	64.280
complex.941.pdb	0	29.253	51.016
complex.942.pdb	0	20.022	59.721
complex.943.pdb	0.0144928	9.524	48.383
complex.944.pdb	0.0652174	11.565	35.461
complex.945.pdb	0	27.192	59.414
complex.946.pdb	0.0217391	14.299	36.601
complex.947.pdb	0	18.840	39.777
complex.948.pdb	0	30.353	47.751
complex.949.pdb	0	27.678	48.289
complex.950.pdb	0.057971	11.315	44.634
complex.951.pdb	0	14.789	48.494
complex.952.pdb	0.0217391	18.677	50.116
complex.953.pdb	0	29.949	47.586
complex.954.pdb	0.0217391	19.764	50.656
complex.955.pdb	0.0289855	21.024	63.207
complex.956.pdb	0	21.815	58.627
complex.957.pdb	0	20.364	45.105
complex.958.pdb	0	29.567	48.121
complex.959.pdb	0	24.350	45.731
complex.960.pdb	0	19.154	47.044
complex.961.pdb	0	29.856	54.354
complex.962.pdb	0	24.381	38.926
complex.963.pdb	0.0217391	16.966	53.685
complex.964.pdb	0	13.159	43.042
complex.965.pdb	0	16.538	47.268
complex.966.pdb	0	34.409	75.186
complex.967.pdb	0	31.431	46.668
complex.968.pdb	0	20.753	52.478
complex.969.pdb	0	15.391	37.061
complex.970.pdb	0	18.178	29.389
complex.971.pdb	0	21.050	54.355
complex.972.pdb	0	21.811	55.657
complex.973.pdb	0	22.174	59.039
complex.974.pdb	0	24.060	56.161
complex.975.pdb	0	17.551	47.006
complex.976.pdb	0	21.026	44.465
complex.977.pdb	0	31.087	58.052
complex.978.pdb	0	16.319	54.628
complex.979.pdb	0	21.754	54.702
complex.980.pdb	0	19.391	38.801
complex.981.pdb	0	17.253	42.766
complex.982.pdb	0	20.274	55.707
complex.983.pdb	0	24.020	45.444
complex.984.pdb	0.0652174	11.244	33.411
complex.985.pdb	0	21.169	43.777
complex.986.pdb	0	21.490	54.061
complex.987.pdb	0	23.062	50.763
complex.988.pdb	0	18.930	36.748
complex.989.pdb	0	32.221	52.343
complex.990.pdb	0	20.683	33.672
complex.991.pdb	0	25.139	44.731
complex.992.pdb	0	18.676	37.823
complex.993.pdb	0	15.428	49.461
complex.994.pdb	0	27.201	52.633
complex.995.pdb	0	17.663	54.192
complex.996.pdb	0	13.560	37.856
complex.997.pdb	0	24.760	36.829
complex.998.pdb	0	17.518	59.648
complex.999.pdb	0	28.776	56.564
complex.1000.pdb	0	22.364	44.986
complex.1001.pdb	0	23.621	48.136
complex.1002.pdb	0	19.663	44.500
complex.1003.pdb	0	31.808	60.624
complex.1004.pdb	0	32.900	67.727
complex.1005.pdb	0	27.716	44.867
complex.1006.pdb	0	27.879	48.824
complex.1007.pdb	0	18.882	37.065
complex.1008.pdb	0	36.606	59.197
complex.1009.pdb	0	18.053	49.382
complex.1010.pdb	0	31.426	49.615
complex.1011.pdb	0	13.465	28.515
complex.1012.pdb	0.00724638	11.939	38.314
complex.1013.pdb	0	26.775	53.962
complex.1014.pdb	0	24.639	53.819
complex.1015.pdb	0	34.095	71.212
complex.1016.pdb	0	29.686	47.082
complex.1017.pdb	0.0434783	9.855	37.967
complex.1018.pdb	0	23.019	46.174
complex.1019.pdb	0	29.040	51.831
complex.1020.pdb	0	29.171	51.213
complex.1021.pdb	0	13.146	44.345
complex.1022.pdb	0	32.259	64.123
complex.1023.pdb	0	25.592	47.170
complex.1024.pdb	0	18.812	45.921
complex.1025.pdb	0	27.719	61.906
complex.1026.pdb	0	21.569	45.496
complex.1027.pdb	0	25.608	40.332
complex.1028.pdb	0	29.691	59.486
complex.1029.pdb	0	23.641	36.930
complex.1030.pdb	0	16.729	53.471
complex.1031.pdb	0	20.121	46.341
complex.1032.pdb	0	33.153	55.308
complex.1033.pdb	0	32.463	60.107
complex.1034.pdb	0	22.236	44.104
complex.1035.pdb	0	19.056	55.300
complex.1036.pdb	0	29.649	55.230
complex.1037.pdb	0	23.952	41.333
complex.1038.pdb	0	22.308	61.104
complex.1039.pdb	0	22.188	60.738
complex.1040.pdb	0	24.741	48.073
complex.1041.pdb	0.0144928	20.903	62.085
complex.1042.pdb	0	24.236	47.043
complex.1043.pdb	0	25.303	50.546
complex.1044.pdb	0	29.407	47.988
complex.1045.pdb	0.00724638	21.900	52.077
complex.1046.pdb	0	19.295	59.064
complex.1047.pdb	0	17.968	56.682
complex.1048.pdb	0.0144928	16.724	48.251
complex.1049.pdb	0	23.193	34.105
complex.1050.pdb	0	22.883	45.954
complex.1051.pdb	0	24.641	46.286
complex.1052.pdb	0	20.886	48.158
complex.1053.pdb	0.00724638	9.958	32.178
complex.1054.pdb	0	20.988	48.204
complex.1055.pdb	0	23.907	41.261
complex.1056.pdb	0	32.641	50.741
complex.1057.pdb	0.0434783	15.235	43.265
complex.1058.pdb	0	25.915	48.685
complex.1059.pdb	0	25.766	49.205
complex.1060.pdb	0	26.461	55.375
complex.1061.pdb	0	32.334	53.248
complex.1062.pdb	0	25.919	53.541
complex.1063.pdb	0.0797101	10.120	36.105
complex.1064.pdb	0	19.046	33.911
complex.1065.pdb	0	28.773	48.228
complex.1066.pdb	0	20.498	29.926
complex.1067.pdb	0	21.565	58.657
complex.1068.pdb	0	12.097	50.550
complex.1069.pdb	0	30.046	53.652
complex.1070.pdb	0.0144928	16.550	47.419
complex.1071.pdb	0	16.985	53.992
complex.1072.pdb	0.00724638	11.844	26.555
complex.1073.pdb	0	17.460	46.643
complex.1074.pdb	0	22.107	50.192
complex.1075.pdb	0	28.131	51.143
complex.1076.pdb	0	25.451	38.552
complex.1077.pdb	0	33.429	52.354
complex.1078.pdb	0.0144928	24.110	60.732
complex.1079.pdb	0	14.982	40.396
complex.1080.pdb	0	31.083	52.951
complex.1081.pdb	0	14.354	37.940
complex.1082.pdb	0	31.789	55.437
complex.1083.pdb	0	28.040	44.661
complex.1084.pdb	0	34.034	54.840
complex.1085.pdb	0.0144928	19.007	56.939
complex.1086.pdb	0	23.865	43.669
complex.1087.pdb	0	24.460	40.780
complex.1088.pdb	0	30.076	64.591
complex.1089.pdb	0	15.638	52.311
complex.1090.pdb	0	20.201	36.337
complex.1091.pdb	0.0507246	13.370	48.903
complex.1092.pdb	0.0217391	23.834	59.369
complex.1093.pdb	0	27.496	46.648
complex.1094.pdb	0.0144928	20.027	64.177
complex.1095.pdb	0	22.538	46.122
complex.1096.pdb	0	21.604	42.071
complex.1097.pdb	0	21.807	47.049
complex.1098.pdb	0	25.346	50.433
complex.1099.pdb	0	30.826	51.581
complex.1100.pdb	0	33.636	47.100
complex.1101.pdb	0	34.333	48.434
complex.1102.pdb	0.0434783	17.469	40.494
complex.1103.pdb	0	27.356	44.714
complex.1104.pdb	0	22.980	45.248
complex.1105.pdb	0	24.866	53.904
complex.1106.pdb	0	24.527	44.836
complex.1107.pdb	0	23.649	43.707
complex.1108.pdb	0	25.574	43.345
complex.1109.pdb	0	22.246	42.287
complex.1110.pdb	0	30.377	59.080
complex.1111.pdb	0	29.850	65.884
complex.1112.pdb	0	28.418	43.369
complex.1113.pdb	0	24.215	54.138
complex.1114.pdb	0	29.180	47.304
complex.1115.pdb	0	16.294	45.003
complex.1116.pdb	0	31.694	50.768
complex.1117.pdb	0	11.338	35.861
complex.1118.pdb	0	29.570	60.792
complex.1119.pdb	0	22.840	43.040
complex.1120.pdb	0	30.664	60.126
complex.1121.pdb	0	17.640	54.637
complex.1122.pdb	0.0217391	13.485	35.684
complex.1123.pdb	0	21.345	41.791
complex.1124.pdb	0	20.351	65.695
complex.1125.pdb	0.0144928	15.006	41.759
complex.1126.pdb	0	24.505	52.174
complex.1127.pdb	0	20.371	58.672
complex.1128.pdb	0	20.833	40.325
complex.1129.pdb	0	25.869	59.064
complex.1130.pdb	0	22.337	36.735
complex.1131.pdb	0	21.399	52.124
complex.1132.pdb	0.0289855	15.779	44.760
complex.1133.pdb	0	21.941	53.737
complex.1134.pdb	0	21.592	55.482
complex.1135.pdb	0	14.063	47.961
complex.1136.pdb	0	29.129	47.207
complex.1137.pdb	0	27.850	42.042
complex.1138.pdb	0.0362319	25.615	63.549
complex.1139.pdb	0.0362319	22.354	66.292
complex.1140.pdb	0	12.989	48.377
complex.1141.pdb	0	29.016	45.066
complex.1142.pdb	0	26.837	53.564
complex.1143.pdb	0.0144928	21.897	57.422
complex.1144.pdb	0	29.185	49.668
complex.1145.pdb	0	26.167	46.595
complex.1146.pdb	0.0724638	10.355	40.261
complex.1147.pdb	0	28.282	50.213
complex.1148.pdb	0	30.788	60.208
complex.1149.pdb	0	27.392	63.219
complex.1150.pdb	0	25.393	46.135
complex.1151.pdb	0.0144928	10.927	28.894
complex.1152.pdb	0	34.096	49.391
complex.1153.pdb	0	22.557	52.388
complex.1154.pdb	0	29.252	61.400
complex.1155.pdb	0	20.916	37.949
complex.1156.pdb	0	18.592	54.520
complex.1157.pdb	0	28.558	41.906
complex.1158.pdb	0	24.097	45.683
complex.1159.pdb	0	33.645	51.864
complex.1160.pdb	0	26.317	62.141
complex.1161.pdb	0	10.721	35.204
complex.1162.pdb	0	25.352	36.918
complex.1163.pdb	0	19.339	60.349
complex.1164.pdb	0	9.099	41.751
complex.1165.pdb	0	23.456	33.476
complex.1166.pdb	0	24.068	53.553
complex.1167.pdb	0	23.351	52.977
complex.1168.pdb	0	25.567	45.998
complex.1169.pdb	0	19.125	46.553
complex.1170.pdb	0	22.938	36.151
complex.1171.pdb	0	33.706	58.072
complex.1172.pdb	0	31.415	49.548
complex.1173.pdb	0	28.436	68.664
complex.1174.pdb	0	21.589	39.454
complex.1175.pdb	0	18.488	41.576
complex.1176.pdb	0	13.943	39.904
complex.1177.pdb	0	21.854	32.623
complex.1178.pdb	0	29.370	57.669
complex.1179.pdb	0	30.549	62.331
complex.1180.pdb	0	24.114	53.110
complex.1181.pdb	0	21.210	42.593
complex.1182.pdb	0	18.128	57.075
complex.1183.pdb	0	33.804	69.699
complex.1184.pdb	0	29.235	58.040
complex.1185.pdb	0	23.220	43.474
complex.1186.pdb	0	21.357	30.946
complex.1187.pdb	0	12.962	35.136
complex.1188.pdb	0	24.714	52.085
complex.1189.pdb	0	31.285	53.789
complex.1190.pdb	0	11.121	32.405
complex.1191.pdb	0	25.639	45.234
complex.1192.pdb	0	30.498	57.034
complex.1193.pdb	0	14.368	39.119
complex.1194.pdb	0	23.236	55.812
complex.1195.pdb	0	21.081	35.468
complex.1196.pdb	0	24.102	57.220
complex.1197.pdb	0	24.657	41.617
complex.1198.pdb	0	33.477	64.145
complex.1199.pdb	0	22.402	51.853
complex.1200.pdb	0	20.927	50.009
complex.1201.pdb	0	29.075	54.648
complex.1202.pdb	0	33.370	47.301
complex.1203.pdb	0	20.837	53.944
complex.1204.pdb	0	20.639	42.108
complex.1205.pdb	0	21.044	36.863
complex.1206.pdb	0	23.961	40.156
complex.1207.pdb	0	23.767	51.902
complex.1208.pdb	0	28.405	42.964
complex.1209.pdb	0	32.474	53.236
complex.1210.pdb	0	30.450	48.675
complex.1211.pdb	0	24.393	56.115
complex.1212.pdb	0	24.386	46.675
complex.1213.pdb	0	29.658	56.156
complex.1214.pdb	0	27.712	47.830
complex.1215.pdb	0	24.991	59.993
complex.1216.pdb	0	30.267	54.828
complex.1217.pdb	0	20.375	31.665
complex.1218.pdb	0	24.089	44.300
complex.1219.pdb	0	25.327	42.848
complex.1220.pdb	0	20.649	53.446
complex.1221.pdb	0	19.466	31.941
complex.1222.pdb	0.0217391	16.236	45.531
complex.1223.pdb	0	26.590	49.197
complex.1224.pdb	0	26.073	42.984
complex.1225.pdb	0	24.005	54.202
complex.1226.pdb	0	30.628	51.292
complex.1227.pdb	0	20.806	43.654
complex.1228.pdb	0	26.073	48.794
complex.1229.pdb	0	21.368	52.282
complex.1230.pdb	0	27.700	46.076
complex.1231.pdb	0	22.487	36.208
complex.1232.pdb	0	20.689	44.087
complex.1233.pdb	0	18.649	45.361
complex.1234.pdb	0	18.828	55.728
complex.1235.pdb	0	26.136	61.893
complex.1236.pdb	0	25.963	44.202
complex.1237.pdb	0	25.758	50.912
complex.1238.pdb	0	29.028	51.883
complex.1239.pdb	0	25.322	48.299
complex.1240.pdb	0	37.593	68.784
complex.1241.pdb	0	30.806	52.446
complex.1242.pdb	0	23.736	37.374
complex.1243.pdb	0.0217391	19.545	56.712
complex.1244.pdb	0	19.632	61.237
complex.1245.pdb	0	29.862	47.245
complex.1246.pdb	0	22.298	54.849
complex.1247.pdb	0	29.140	59.903
complex.1248.pdb	0	23.258	38.611
complex.1249.pdb	0	20.686	33.329
complex.1250.pdb	0	21.358	49.719
complex.1251.pdb	0	22.580	39.320
complex.1252.pdb	0	18.970	47.897
complex.1253.pdb	0	28.472	52.860
complex.1254.pdb	0	25.446	42.089
complex.1255.pdb	0	18.269	35.065
complex.1256.pdb	0	18.200	49.909
complex.1257.pdb	0	31.379	60.605
complex.1258.pdb	0	20.628	37.227
complex.1259.pdb	0.0217391	17.647	65.041
complex.1260.pdb	0	22.399	33.088
complex.1261.pdb	0	27.210	55.132
complex.1262.pdb	0	23.537	35.769
complex.1263.pdb	0	27.241	44.220
complex.1264.pdb	0	24.347	52.063
complex.1265.pdb	0	16.861	43.455
complex.1266.pdb	0	16.859	48.535
complex.1267.pdb	0	29.710	49.441
complex.1268.pdb	0	22.618	47.599
complex.1269.pdb	0	23.040	49.926
complex.1270.pdb	0	27.053	54.706
complex.1271.pdb	0	25.076	54.717
complex.1272.pdb	0	17.658	52.746
complex.1273.pdb	0	31.406	54.344
complex.1274.pdb	0	28.998	55.854
complex.1275.pdb	0	33.353	53.252
complex.1276.pdb	0	21.456	48.677
complex.1277.pdb	0.00724638	16.402	53.985
complex.1278.pdb	0	23.861	49.627
complex.1279.pdb	0.00724638	17.554	64.814
complex.1280.pdb	0	25.250	61.273
complex.1281.pdb	0	30.375	63.375
complex.1282.pdb	0	24.918	51.567
complex.1283.pdb	0	20.281	43.107
complex.1284.pdb	0	10.755	43.557
complex.1285.pdb	0.057971	9.148	41.909
complex.1286.pdb	0	33.364	47.788
complex.1287.pdb	0	24.139	50.159
complex.1288.pdb	0	29.649	46.137
complex.1289.pdb	0	32.278	48.149
complex.1290.pdb	0.0144928	19.916	61.504
complex.1291.pdb	0	27.847	65.969
complex.1292.pdb	0	29.323	48.780
complex.1293.pdb	0	28.193	41.219
complex.1294.pdb	0	21.434	52.093
complex.1295.pdb	0	28.175	51.587
complex.1296.pdb	0	26.360	53.082
complex.1297.pdb	0.0797101	13.009	43.596
complex.1298.pdb	0.00724638	13.006	38.151
complex.1299.pdb	0	28.626	46.230
complex.1300.pdb	0	26.671	51.724
complex.1301.pdb	0	30.440	55.094
complex.1302.pdb	0	23.446	51.989
complex.1303.pdb	0	23.846	43.546
complex.1304.pdb	0.00724638	13.971	42.489
complex.1305.pdb	0.0362319	20.778	59.378
complex.1306.pdb	0	28.497	46.167
complex.1307.pdb	0	19.232	48.389
complex.1308.pdb	0	24.291	38.871
complex.1309.pdb	0	21.593	44.209
complex.1310.pdb	0	32.747	48.366
complex.1311.pdb	0	30.432	49.909
complex.1312.pdb	0	18.506	34.611
complex.1313.pdb	0.0507246	25.932	58.178
complex.1314.pdb	0.00724638	19.756	55.984
complex.1315.pdb	0	32.073	48.844
complex.1316.pdb	0	33.500	48.816
complex.1317.pdb	0	24.179	50.992
complex.1318.pdb	0	13.954	45.482
complex.1319.pdb	0	17.529	50.105
complex.1320.pdb	0	31.453	54.889
complex.1321.pdb	0	32.539	60.727
complex.1322.pdb	0	29.191	67.052
complex.1323.pdb	0	26.454	51.299
complex.1324.pdb	0	18.693	48.779
complex.1325.pdb	0	27.868	50.021
complex.1326.pdb	0	13.842	57.635
complex.1327.pdb	0	26.453	56.395
complex.1328.pdb	0	29.784	65.440
complex.1329.pdb	0	24.271	66.314
complex.1330.pdb	0	18.880	38.110
complex.1331.pdb	0	30.306	57.937
complex.1332.pdb	0	32.341	67.224
complex.1333.pdb	0	31.271	54.539
complex.1334.pdb	0.0362319	20.277	66.118
complex.1335.pdb	0	19.582	65.693
complex.1336.pdb	0	29.159	53.019
complex.1337.pdb	0	14.914	50.568
complex.1338.pdb	0	9.259	44.726
complex.1339.pdb	0	24.919	40.538
complex.1340.pdb	0	25.137	56.209
complex.1341.pdb	0	30.561	53.554
complex.1342.pdb	0	27.774	43.711
complex.1343.pdb	0	26.885	43.941
complex.1344.pdb	0	17.964	45.991
complex.1345.pdb	0	29.064	58.676
complex.1346.pdb	0	26.196	51.267
complex.1347.pdb	0	22.375	38.511
complex.1348.pdb	0	35.272	76.478
complex.1349.pdb	0	9.781	34.707
complex.1350.pdb	0	12.679	38.305
complex.1351.pdb	0	24.880	46.051
complex.1352.pdb	0	23.855	43.019
complex.1353.pdb	0	24.751	55.141
complex.1354.pdb	0	34.003	51.128
complex.1355.pdb	0	22.477	39.869
complex.1356.pdb	0	27.661	49.564
complex.1357.pdb	0.00724638	12.634	40.832
complex.1358.pdb	0	25.931	44.325
complex.1359.pdb	0	36.141	74.721
complex.1360.pdb	0	29.610	54.891
complex.1361.pdb	0	18.232	49.014
complex.1362.pdb	0	27.502	45.384
complex.1363.pdb	0	23.900	42.155
complex.1364.pdb	0	18.978	54.328
complex.1365.pdb	0	28.314	43.955
complex.1366.pdb	0	25.146	43.510
complex.1367.pdb	0	21.412	63.664
complex.1368.pdb	0	33.027	49.412
complex.1369.pdb	0	24.357	54.558
complex.1370.pdb	0	20.528	57.444
complex.1371.pdb	0	28.410	42.823
complex.1372.pdb	0	30.686	52.761
complex.1373.pdb	0	20.115	45.236
complex.1374.pdb	0	13.781	34.612
complex.1375.pdb	0	25.318	45.968
complex.1376.pdb	0.0652174	9.765	49.746
complex.1377.pdb	0	27.599	57.318
complex.1378.pdb	0	25.765	45.308
complex.1379.pdb	0.00724638	15.471	34.377
complex.1380.pdb	0	22.604	48.199
complex.1381.pdb	0	12.180	34.494
complex.1382.pdb	0	13.246	39.925
complex.1383.pdb	0	26.537	55.857
complex.1384.pdb	0	24.188	53.308
complex.1385.pdb	0	31.262	50.800
complex.1386.pdb	0.0507246	26.066	57.836
complex.1387.pdb	0	27.700	47.513
complex.1388.pdb	0	28.166	41.381
complex.1389.pdb	0.0144928	17.218	43.122
complex.1390.pdb	0	25.671	40.038
complex.1391.pdb	0	23.906	43.671
complex.1392.pdb	0	28.527	64.466
complex.1393.pdb	0	21.920	44.512
complex.1394.pdb	0	11.001	49.041
complex.1395.pdb	0	29.589	69.924
complex.1396.pdb	0	19.702	42.135
complex.1397.pdb	0.0144928	25.353	58.639
complex.1398.pdb	0	30.629	59.786
complex.1399.pdb	0	12.408	36.972
complex.1400.pdb	0.00724638	17.177	42.435
complex.1401.pdb	0	27.109	61.764
complex.1402.pdb	0.130435	6.199	26.478
complex.1403.pdb	0	32.914	49.389
complex.1404.pdb	0	28.164	50.031
complex.1405.pdb	0	31.255	61.719
complex.1406.pdb	0	28.126	52.869
complex.1407.pdb	0	31.392	55.482
complex.1408.pdb	0	28.325	43.963
complex.1409.pdb	0	27.044	52.426
complex.1410.pdb	0	17.697	27.548
complex.1411.pdb	0	13.694	50.375
complex.1412.pdb	0	27.003	51.012
complex.1413.pdb	0	25.124	60.430
complex.1414.pdb	0	26.182	42.831
complex.1415.pdb	0.0217391	19.529	49.860
complex.1416.pdb	0	16.713	49.554
complex.1417.pdb	0.0144928	16.212	49.764
complex.1418.pdb	0	25.342	44.943
complex.1419.pdb	0	32.728	50.766
complex.1420.pdb	0	27.293	53.742
complex.1421.pdb	0.0362319	11.730	44.020
complex.1422.pdb	0	21.105	43.525
complex.1423.pdb	0	22.584	50.981
complex.1424.pdb	0	15.902	50.030
complex.1425.pdb	0	12.623	32.014
complex.1426.pdb	0	25.359	40.458
complex.1427.pdb	0	29.241	45.973
complex.1428.pdb	0	30.992	53.544
complex.1429.pdb	0.0144928	17.051	57.144
complex.1430.pdb	0	13.047	51.730
complex.1431.pdb	0	24.707	59.131
complex.1432.pdb	0	33.591	56.915
complex.1433.pdb	0	31.956	49.940
complex.1434.pdb	0	36.737	60.949
complex.1435.pdb	0.0144928	17.973	57.253
complex.1436.pdb	0	23.936	55.923
complex.1437.pdb	0	25.034	54.587
complex.1438.pdb	0	30.592	62.708
complex.1439.pdb	0	27.766	41.736
complex.1440.pdb	0	32.198	49.698
complex.1441.pdb	0	30.048	57.601
complex.1442.pdb	0	16.308	51.271
complex.1443.pdb	0	31.840	62.367
complex.1444.pdb	0	24.696	62.831
complex.1445.pdb	0	27.974	55.387
complex.1446.pdb	0	30.995	49.375
complex.1447.pdb	0	33.678	70.359
complex.1448.pdb	0	32.445	65.042
complex.1449.pdb	0	23.563	61.495
complex.1450.pdb	0	26.162	44.566
complex.1451.pdb	0	28.754	50.951
complex.1452.pdb	0	22.118	45.264
complex.1453.pdb	0	13.684	32.329
complex.1454.pdb	0	27.136	47.027
complex.1455.pdb	0	22.851	41.079
complex.1456.pdb	0	24.983	56.102
complex.1457.pdb	0	22.047	57.749
complex.1458.pdb	0	20.333	61.214
complex.1459.pdb	0	29.666	55.986
complex.1460.pdb	0	31.907	64.031
complex.1461.pdb	0.0289855	21.390	69.063
complex.1462.pdb	0	27.789	57.002
complex.1463.pdb	0	24.182	39.600
complex.1464.pdb	0	21.945	56.892
complex.1465.pdb	0	19.802	41.315
complex.1466.pdb	0	32.647	54.197
complex.1467.pdb	0	23.951	50.262
complex.1468.pdb	0	29.422	49.396
complex.1469.pdb	0	33.363	52.640
complex.1470.pdb	0.0144928	17.679	59.025
complex.1471.pdb	0	23.993	57.490
complex.1472.pdb	0.0217391	17.927	46.793
complex.1473.pdb	0	17.492	39.631
complex.1474.pdb	0	19.627	30.453
complex.1475.pdb	0	21.891	54.437
complex.1476.pdb	0	30.950	50.605
complex.1477.pdb	0	14.688	51.294
complex.1478.pdb	0	27.613	58.429
complex.1479.pdb	0	16.690	50.898
complex.1480.pdb	0	24.920	36.181
complex.1481.pdb	0	27.938	43.121
complex.1482.pdb	0	22.008	45.792
complex.1483.pdb	0	32.143	57.891
complex.1484.pdb	0	26.889	50.987
complex.1485.pdb	0	22.648	51.446
complex.1486.pdb	0	25.901	43.582
complex.1487.pdb	0	25.272	48.314
complex.1488.pdb	0	17.381	50.238
complex.1489.pdb	0	15.617	48.269
complex.1490.pdb	0	28.743	50.366
complex.1491.pdb	0	32.737	55.535
complex.1492.pdb	0	24.489	42.950
complex.1493.pdb	0	29.128	51.727
complex.1494.pdb	0	24.861	35.273
complex.1495.pdb	0	20.277	61.840
complex.1496.pdb	0.0217391	19.641	53.831
complex.1497.pdb	0	20.697	34.953
complex.1498.pdb	0	32.812	64.265
complex.1499.pdb	0	17.486	52.563
complex.1500.pdb	0	29.438	55.932
complex.1501.pdb	0	25.224	52.797
complex.1502.pdb	0	18.359	29.507
complex.1503.pdb	0	29.304	66.259
complex.1504.pdb	0	16.314	37.697
complex.1505.pdb	0	21.438	51.590
complex.1506.pdb	0	16.055	41.429
complex.1507.pdb	0	31.037	56.098
complex.1508.pdb	0	26.168	50.956
complex.1509.pdb	0	20.645	47.490
complex.1510.pdb	0.137681	7.329	28.391
complex.1511.pdb	0	21.852	41.741
complex.1512.pdb	0	19.431	54.026
complex.1513.pdb	0	22.202	46.888
complex.1514.pdb	0	24.612	55.719
complex.1515.pdb	0	29.602	55.891
complex.1516.pdb	0	24.128	47.260
complex.1517.pdb	0	19.373	42.802
complex.1518.pdb	0	25.932	61.657
complex.1519.pdb	0	23.616	40.788
complex.1520.pdb	0	17.203	52.145
complex.1521.pdb	0	13.392	44.928
complex.1522.pdb	0.0507246	9.475	34.407
complex.1523.pdb	0.00724638	21.583	57.587
complex.1524.pdb	0	28.534	68.546
complex.1525.pdb	0	32.370	45.951
complex.1526.pdb	0	29.033	51.672
complex.1527.pdb	0.00724638	15.041	44.141
complex.1528.pdb	0	27.004	49.460
complex.1529.pdb	0	30.882	54.982
complex.1530.pdb	0	30.735	57.252
complex.1531.pdb	0.00724638	14.340	49.887
complex.1532.pdb	0	26.002	53.961
complex.1533.pdb	0	29.337	55.723
complex.1534.pdb	0	21.282	66.327
complex.1535.pdb	0	20.708	41.938
complex.1536.pdb	0	26.367	59.960
complex.1537.pdb	0	25.151	50.798
complex.1538.pdb	0	31.315	64.598
complex.1539.pdb	0	30.112	49.409
complex.1540.pdb	0	19.176	53.921
complex.1541.pdb	0	18.129	33.310
complex.1542.pdb	0.0362319	13.962	47.703
complex.1543.pdb	0	22.428	55.877
complex.1544.pdb	0.00724638	18.824	45.929
complex.1545.pdb	0	25.546	57.647
complex.1546.pdb	0	20.375	53.389
complex.1547.pdb	0	33.730	62.830
complex.1548.pdb	0	21.758	68.778
complex.1549.pdb	0	29.743	49.738
complex.1550.pdb	0	29.624	54.223
complex.1551.pdb	0	18.026	31.517
complex.1552.pdb	0	25.371	49.318
complex.1553.pdb	0	28.281	47.327
complex.1554.pdb	0	25.251	38.956
complex.1555.pdb	0	12.312	47.771
complex.1556.pdb	0	27.236	51.412
complex.1557.pdb	0	23.347	47.890
complex.1558.pdb	0	26.410	41.638
complex.1559.pdb	0	22.000	56.641
complex.1560.pdb	0	27.042	53.399
complex.1561.pdb	0	26.059	49.835
complex.1562.pdb	0	20.965	37.566
complex.1563.pdb	0	22.414	59.975
complex.1564.pdb	0	25.614	49.818
complex.1565.pdb	0	30.484	51.189
complex.1566.pdb	0	23.650	38.239
complex.1567.pdb	0	32.578	53.682
complex.1568.pdb	0	20.415	52.347
complex.1569.pdb	0	32.910	51.517
complex.1570.pdb	0	28.698	46.091
complex.1571.pdb	0	27.918	52.168
complex.1572.pdb	0	19.840	53.759
complex.1573.pdb	0	29.077	52.185
complex.1574.pdb	0	24.862	41.520
complex.1575.pdb	0	15.903	55.836
complex.1576.pdb	0	32.372	60.990
complex.1577.pdb	0	20.737	40.594
complex.1578.pdb	0	20.805	55.016
complex.1579.pdb	0	15.345	39.908
complex.1580.pdb	0	22.470	42.554
complex.1581.pdb	0	30.979	68.803
complex.1582.pdb	0	26.291	40.761
complex.1583.pdb	0	28.775	56.621
complex.1584.pdb	0.0652174	7.908	29.211
complex.1585.pdb	0	29.795	48.627
complex.1586.pdb	0	28.511	50.717
complex.1587.pdb	0	24.309	43.797
complex.1588.pdb	0	27.846	47.307
complex.1589.pdb	0	29.634	56.789
complex.1590.pdb	0	33.446	48.620
complex.1591.pdb	0	26.970	41.588
complex.1592.pdb	0	32.965	47.192
complex.1593.pdb	0	31.096	48.708
complex.1594.pdb	0	28.549	46.525
complex.1595.pdb	0	23.082	38.101
complex.1596.pdb	0.0362319	19.460	63.808
complex.1597.pdb	0.0217391	16.810	47.106
complex.1598.pdb	0	19.601	51.201
complex.1599.pdb	0	30.390	51.553
complex.1600.pdb	0	31.179	64.178
complex.1601.pdb	0	23.072	40.760
complex.1602.pdb	0	27.120	54.136
complex.1603.pdb	0	23.771	40.736
complex.1604.pdb	0	24.950	61.130
complex.1605.pdb	0	20.668	37.962
complex.1606.pdb	0	26.932	51.949
complex.1607.pdb	0	24.205	42.381
complex.1608.pdb	0	30.289	60.168
complex.1609.pdb	0	29.301	63.158
complex.1610.pdb	0	31.046	49.951
complex.1611.pdb	0	22.357	42.457
complex.1612.pdb	0	23.009	38.511
complex.1613.pdb	0	30.518	61.951
complex.1614.pdb	0	33.937	49.168
complex.1615.pdb	0	21.978	54.488
complex.1616.pdb	0	29.958	54.369
complex.1617.pdb	0	30.237	57.077
complex.1618.pdb	0	27.024	48.246
complex.1619.pdb	0.123188	6.473	16.862
complex.1620.pdb	0	35.149	50.419
complex.1621.pdb	0	24.692	54.551
complex.1622.pdb	0	16.537	51.730
complex.1623.pdb	0	20.659	37.819
complex.1624.pdb	0	26.081	54.187
complex.1625.pdb	0	23.516	38.024
complex.1626.pdb	0	22.794	57.442
complex.1627.pdb	0.00724638	16.244	49.558
complex.1628.pdb	0	32.092	53.856
complex.1629.pdb	0	21.843	39.855
complex.1630.pdb	0	23.501	58.478
complex.1631.pdb	0	24.467	42.243
complex.1632.pdb	0	31.091	51.366
complex.1633.pdb	0	16.818	46.657
complex.1634.pdb	0	8.860	34.709
complex.1635.pdb	0	24.001	43.142
complex.1636.pdb	0	19.685	45.950
complex.1637.pdb	0	23.870	47.361
complex.1638.pdb	0	16.600	33.284
complex.1639.pdb	0	30.130	46.654
complex.1640.pdb	0	23.169	33.418
complex.1641.pdb	0	25.094	46.599
complex.1642.pdb	0	17.742	54.847
complex.1643.pdb	0	22.104	57.906
complex.1644.pdb	0.0144928	20.925	64.278
complex.1645.pdb	0	23.169	50.656
complex.1646.pdb	0	22.243	53.022
complex.1647.pdb	0.0362319	13.677	43.562
complex.1648.pdb	0	23.530	56.243
complex.1649.pdb	0	23.523	34.493
complex.1650.pdb	0	25.208	42.168
complex.1651.pdb	0	29.830	54.514
complex.1652.pdb	0.0289855	17.154	51.351
complex.1653.pdb	0	32.766	60.909
complex.1654.pdb	0	22.979	60.385
complex.1655.pdb	0	17.783	61.863
complex.1656.pdb	0	22.936	53.402
complex.1657.pdb	0	33.692	59.299
complex.1658.pdb	0	25.359	45.620
complex.1659.pdb	0	26.433	63.376
complex.1660.pdb	0	23.164	45.338
complex.1661.pdb	0	24.141	44.831
complex.1662.pdb	0	25.525	50.181
complex.1663.pdb	0	29.846	52.373
complex.1664.pdb	0	23.866	39.679
complex.1665.pdb	0	28.893	48.849
complex.1666.pdb	0	30.952	57.036
complex.1667.pdb	0	25.433	57.050
complex.1668.pdb	0	32.938	55.859
complex.1669.pdb	0	23.317	47.932
complex.1670.pdb	0	26.096	59.038
complex.1671.pdb	0	33.611	49.396
complex.1672.pdb	0.0289855	15.102	40.597
complex.1673.pdb	0	26.351	55.905
complex.1674.pdb	0	29.031	48.461
complex.1675.pdb	0.0434783	15.724	48.008
complex.1676.pdb	0.00724638	10.126	27.631
complex.1677.pdb	0	25.661	57.428
complex.1678.pdb	0	22.681	59.432
complex.1679.pdb	0	28.836	66.667
complex.1680.pdb	0	18.911	46.557
complex.1681.pdb	0.00724638	24.309	62.843
complex.1682.pdb	0	19.321	34.433
complex.1683.pdb	0	30.073	54.667
complex.1684.pdb	0	32.224	67.582
complex.1685.pdb	0	31.059	50.242
complex.1686.pdb	0.0434783	9.479	24.501
complex.1687.pdb	0	18.553	50.882
complex.1688.pdb	0	22.245	41.647
complex.1689.pdb	0	36.633	72.558
complex.1690.pdb	0	29.635	53.891
complex.1691.pdb	0	33.111	71.616
complex.1692.pdb	0	26.532	62.976
complex.1693.pdb	0	22.819	38.117
complex.1694.pdb	0	33.619	64.747
complex.1695.pdb	0.0144928	14.483	43.461
complex.1696.pdb	0.0144928	23.871	52.741
complex.1697.pdb	0	27.612	59.889
complex.1698.pdb	0	15.699	55.091
complex.1699.pdb	0	31.191	70.823
complex.1700.pdb	0	33.119	47.878
complex.1701.pdb	0	19.368	42.521
complex.1702.pdb	0	27.772	45.883
complex.1703.pdb	0	16.589	45.669
complex.1704.pdb	0	26.174	57.743
complex.1705.pdb	0	35.583	76.354
complex.1706.pdb	0	25.753	51.166
complex.1707.pdb	0	19.009	58.374
complex.1708.pdb	0	23.461	66.151
complex.1709.pdb	0	21.393	44.859
complex.1710.pdb	0	37.762	68.191
complex.1711.pdb	0	23.535	44.058
complex.1712.pdb	0	20.693	48.612
complex.1713.pdb	0.00724638	18.540	65.393
complex.1714.pdb	0.0289855	20.628	53.716
complex.1715.pdb	0	29.737	49.870
complex.1716.pdb	0	22.785	48.275
complex.1717.pdb	0	25.797	50.366
complex.1718.pdb	0	23.214	36.686
complex.1719.pdb	0	20.048	48.094
complex.1720.pdb	0	27.492	46.113
complex.1721.pdb	0	30.354	59.307
complex.1722.pdb	0	10.395	34.820
complex.1723.pdb	0	20.098	37.729
complex.1724.pdb	0	28.773	63.035
complex.1725.pdb	0	26.881	63.462
complex.1726.pdb	0	31.664	59.914
complex.1727.pdb	0	25.621	47.300
complex.1728.pdb	0	24.562	62.433
complex.1729.pdb	0	18.884	39.862
complex.1730.pdb	0	26.105	47.622
complex.1731.pdb	0	32.027	55.120
complex.1732.pdb	0.0217391	26.298	49.354
complex.1733.pdb	0	18.755	49.979
complex.1734.pdb	0	29.120	52.642
complex.1735.pdb	0	33.663	50.958
complex.1736.pdb	0	20.947	51.180
complex.1737.pdb	0.0362319	9.101	34.826
complex.1738.pdb	0	27.866	52.229
complex.1739.pdb	0	21.453	71.527
complex.1740.pdb	0	29.634	67.504
complex.1741.pdb	0	25.046	48.499
complex.1742.pdb	0	27.397	53.288
complex.1743.pdb	0	29.845	54.487
complex.1744.pdb	0	33.405	73.729
complex.1745.pdb	0	19.514	52.684
complex.1746.pdb	0	30.272	59.835
complex.1747.pdb	0	15.880	49.054
complex.1748.pdb	0	23.021	44.258
complex.1749.pdb	0	17.439	53.582
complex.1750.pdb	0	21.879	59.656
complex.1751.pdb	0	18.825	49.209
complex.1752.pdb	0	31.600	58.677
complex.1753.pdb	0	28.568	51.287
complex.1754.pdb	0	29.857	54.817
complex.1755.pdb	0	33.598	62.172
complex.1756.pdb	0	30.405	51.606
complex.1757.pdb	0	28.115	41.330
complex.1758.pdb	0	24.486	73.886
complex.1759.pdb	0	23.670	64.465
complex.1760.pdb	0	28.982	50.469
complex.1761.pdb	0	26.248	45.936
complex.1762.pdb	0	29.673	55.006
complex.1763.pdb	0	21.717	68.590
complex.1764.pdb	0	28.525	65.450
complex.1765.pdb	0	21.185	39.096
complex.1766.pdb	0	17.956	53.147
complex.1767.pdb	0	28.510	57.162
complex.1768.pdb	0	15.673	49.532
complex.1769.pdb	0	28.838	65.175
complex.1770.pdb	0	13.923	38.371
complex.1771.pdb	0	33.078	57.081
complex.1772.pdb	0	21.411	41.864
complex.1773.pdb	0	27.262	58.510
complex.1774.pdb	0	22.397	54.651
complex.1775.pdb	0	27.203	44.659
complex.1776.pdb	0	24.883	38.219
complex.1777.pdb	0.0217391	20.492	63.439
complex.1778.pdb	0	22.413	49.283
complex.1779.pdb	0	23.714	44.107
complex.1780.pdb	0	27.904	43.460
complex.1781.pdb	0	24.220	49.665
complex.1782.pdb	0.057971	13.347	40.600
complex.1783.pdb	0	21.465	45.536
complex.1784.pdb	0	20.403	49.171
complex.1785.pdb	0	25.922	48.834
complex.1786.pdb	0	32.964	53.042
complex.1787.pdb	0	16.697	51.805
complex.1788.pdb	0	30.119	52.403
complex.1789.pdb	0	32.282	48.959
complex.1790.pdb	0	29.361	56.315
complex.1791.pdb	0	28.483	71.504
complex.1792.pdb	0	21.221	56.315
complex.1793.pdb	0	31.971	54.041
complex.1794.pdb	0	33.493	52.493
complex.1795.pdb	0	18.834	55.960
complex.1796.pdb	0	22.309	43.811
complex.1797.pdb	0	30.756	59.111
complex.1798.pdb	0	23.133	43.526
complex.1799.pdb	0	20.964	44.888
complex.1800.pdb	0	26.730	47.176
complex.1801.pdb	0	21.339	43.716
complex.1802.pdb	0	32.106	59.399
complex.1803.pdb	0	17.295	56.594
complex.1804.pdb	0	20.212	60.550
complex.1805.pdb	0	25.202	43.551
complex.1806.pdb	0	22.022	58.142
complex.1807.pdb	0	22.656	42.185
complex.1808.pdb	0	29.598	63.242
complex.1809.pdb	0	32.249	60.227
complex.1810.pdb	0	30.406	51.940
complex.1811.pdb	0	24.811	38.618
complex.1812.pdb	0	18.081	33.531
complex.1813.pdb	0.057971	12.936	43.488
complex.1814.pdb	0	30.266	51.683
complex.1815.pdb	0	18.264	41.216
complex.1816.pdb	0	22.174	51.402
complex.1817.pdb	0.00724638	12.769	43.283
complex.1818.pdb	0.00724638	11.779	38.203
complex.1819.pdb	0	23.232	44.725
complex.1820.pdb	0	24.070	43.537
complex.1821.pdb	0	14.224	41.758
complex.1822.pdb	0	27.499	49.869
complex.1823.pdb	0	30.491	57.965
complex.1824.pdb	0	26.463	50.943
complex.1825.pdb	0	23.916	44.906
complex.1826.pdb	0	30.022	58.415
complex.1827.pdb	0	30.309	52.208
complex.1828.pdb	0	19.931	38.155
complex.1829.pdb	0	17.927	39.107
complex.1830.pdb	0	20.403	39.181
complex.1831.pdb	0	30.214	53.777
complex.1832.pdb	0	23.635	54.805
complex.1833.pdb	0	19.370	35.599
complex.1834.pdb	0	35.267	49.777
complex.1835.pdb	0	21.448	41.020
complex.1836.pdb	0	23.135	42.391
complex.1837.pdb	0	26.874	48.441
complex.1838.pdb	0	29.697	45.614
complex.1839.pdb	0	31.302	55.861
complex.1840.pdb	0	29.928	55.286
complex.1841.pdb	0	30.803	59.647
complex.1842.pdb	0	25.569	52.130
complex.1843.pdb	0	36.947	65.074
complex.1844.pdb	0	30.875	68.475
complex.1845.pdb	0	26.526	43.017
complex.1846.pdb	0	29.216	46.398
complex.1847.pdb	0	21.383	36.991
complex.1848.pdb	0	13.840	42.269
complex.1849.pdb	0	29.410	46.188
complex.1850.pdb	0	22.756	61.111
complex.1851.pdb	0	20.368	52.237
complex.1852.pdb	0	30.207	54.509
complex.1853.pdb	0	23.822	40.363
complex.1854.pdb	0	31.930	46.875
complex.1855.pdb	0	21.955	43.819
complex.1856.pdb	0	20.618	59.317
complex.1857.pdb	0	31.266	50.819
complex.1858.pdb	0	24.946	45.107
complex.1859.pdb	0	27.310	67.305
complex.1860.pdb	0.0289855	13.817	46.766
complex.1861.pdb	0.0144928	21.247	61.859
complex.1862.pdb	0	28.887	66.533
complex.1863.pdb	0	28.247	50.573
complex.1864.pdb	0	30.934	53.221
complex.1865.pdb	0	26.428	48.505
complex.1866.pdb	0	19.498	57.621
complex.1867.pdb	0	30.653	61.985
complex.1868.pdb	0	16.922	51.178
complex.1869.pdb	0	18.915	40.190
complex.1870.pdb	0	26.151	40.890
complex.1871.pdb	0	28.090	55.605
complex.1872.pdb	0	23.677	53.224
complex.1873.pdb	0	32.317	53.531
complex.1874.pdb	0	23.709	41.506
complex.1875.pdb	0	14.176	36.123
complex.1876.pdb	0	33.768	51.545
complex.1877.pdb	0	29.634	45.497
complex.1878.pdb	0	21.799	39.402
complex.1879.pdb	0	17.035	44.122
complex.1880.pdb	0	21.830	46.818
complex.1881.pdb	0	18.950	51.837
complex.1882.pdb	0	15.541	51.828
complex.1883.pdb	0	26.940	53.975
complex.1884.pdb	0	30.490	46.119
complex.1885.pdb	0	27.861	59.499
complex.1886.pdb	0	23.159	33.401
complex.1887.pdb	0	27.252	50.597
complex.1888.pdb	0	28.974	57.625
complex.1889.pdb	0	11.955	36.869
complex.1890.pdb	0	17.470	51.770
complex.1891.pdb	0	30.429	65.133
complex.1892.pdb	0	13.283	39.632
complex.1893.pdb	0	24.574	60.291
complex.1894.pdb	0	29.999	50.198
complex.1895.pdb	0	31.398	64.760
complex.1896.pdb	0	25.184	54.410
complex.1897.pdb	0	29.865	62.503
complex.1898.pdb	0	28.645	47.522
complex.1899.pdb	0	24.528	38.724
complex.1900.pdb	0.0289855	19.809	60.154
complex.1901.pdb	0	30.373	54.457
complex.1902.pdb	0	22.548	42.090
complex.1903.pdb	0.0362319	18.673	51.943
complex.1904.pdb	0	28.312	56.791
complex.1905.pdb	0	31.089	50.058
complex.1906.pdb	0	24.215	44.809
complex.1907.pdb	0	33.691	47.398
complex.1908.pdb	0	30.859	53.713
complex.1909.pdb	0	27.469	57.130
complex.1910.pdb	0.00724638	20.779	57.272
complex.1911.pdb	0	27.243	64.405
complex.1912.pdb	0	21.470	58.738
complex.1913.pdb	0	31.231	55.586
complex.1914.pdb	0	17.984	48.551
complex.1915.pdb	0	28.028	45.014
complex.1916.pdb	0	36.963	66.070
complex.1917.pdb	0	30.846	56.704
complex.1918.pdb	0	31.984	50.515
complex.1919.pdb	0	24.281	42.352
complex.1920.pdb	0	32.501	46.818
complex.1921.pdb	0.0144928	14.310	48.238
complex.1922.pdb	0	16.292	47.092
complex.1923.pdb	0	29.270	53.407
complex.1924.pdb	0	29.710	55.712
complex.1925.pdb	0	25.670	47.955
complex.1926.pdb	0	33.129	48.255
complex.1927.pdb	0	24.280	55.139
complex.1928.pdb	0	30.993	49.097
complex.1929.pdb	0	22.919	47.666
complex.1930.pdb	0	20.912	57.486
complex.1931.pdb	0	26.107	46.630
complex.1932.pdb	0	33.146	48.519
complex.1933.pdb	0	29.720	52.003
complex.1934.pdb	0	24.099	47.145
complex.1935.pdb	0	28.514	44.090
complex.1936.pdb	0	31.035	50.681
complex.1937.pdb	0	33.133	52.951
complex.1938.pdb	0	26.642	45.899
complex.1939.pdb	0	36.435	69.587
complex.1940.pdb	0	32.932	58.211
complex.1941.pdb	0	28.383	60.710
complex.1942.pdb	0	30.241	49.314
complex.1943.pdb	0	18.251	48.573
complex.1944.pdb	0	12.135	40.431
complex.1945.pdb	0	35.719	64.197
complex.1946.pdb	0	27.022	52.050
complex.1947.pdb	0	34.707	47.949
complex.1948.pdb	0	21.568	49.394
complex.1949.pdb	0	25.240	52.687
complex.1950.pdb	0.0144928	17.573	52.331
complex.1951.pdb	0	28.289	42.148
complex.1952.pdb	0	30.899	52.334
complex.1953.pdb	0	17.793	39.283
complex.1954.pdb	0	31.633	50.788
complex.1955.pdb	0	23.484	46.443
complex.1956.pdb	0	17.881	48.540
complex.1957.pdb	0	15.964	50.912
complex.1958.pdb	0	30.412	50.831
complex.1959.pdb	0	25.130	49.122
complex.1960.pdb	0.0289855	26.928	48.374
complex.1961.pdb	0	37.796	64.979
complex.1962.pdb	0	28.763	56.602
complex.1963.pdb	0	29.937	68.823
complex.1964.pdb	0	17.333	50.780
complex.1965.pdb	0	23.243	54.077
complex.1966.pdb	0	24.381	48.757
complex.1967.pdb	0	23.978	52.274
complex.1968.pdb	0	28.897	52.940
complex.1969.pdb	0	16.612	43.130
complex.1970.pdb	0	19.312	44.668
complex.1971.pdb	0	29.655	62.451
complex.1972.pdb	0	25.519	45.161
complex.1973.pdb	0	30.934	47.953
complex.1974.pdb	0	27.394	47.694
complex.1975.pdb	0	22.125	32.828
complex.1976.pdb	0	24.037	55.939
complex.1977.pdb	0	21.740	61.798
complex.1978.pdb	0	21.349	51.352
complex.1979.pdb	0	22.950	48.495
complex.1980.pdb	0	26.309	51.603
complex.1981.pdb	0.0289855	20.038	50.006
complex.1982.pdb	0	35.703	65.504
complex.1983.pdb	0	29.804	50.516
complex.1984.pdb	0	25.640	44.435
complex.1985.pdb	0	29.415	44.966
complex.1986.pdb	0	16.351	44.655
complex.1987.pdb	0	25.876	44.407
complex.1988.pdb	0	24.117	52.290
complex.1989.pdb	0	22.530	66.889
complex.1990.pdb	0	27.978	69.276
complex.1991.pdb	0.00724638	20.864	58.090
complex.1992.pdb	0	27.034	47.457
complex.1993.pdb	0	25.137	58.606
complex.1994.pdb	0	23.018	39.188
complex.1995.pdb	0	25.997	47.285
complex.1996.pdb	0	22.866	45.483
complex.1997.pdb	0	29.556	55.573
complex.1998.pdb	0	36.080	65.126
complex.1999.pdb	0	19.505	63.058
complex.2000.pdb	0	21.628	45.556
