swarm_31_133.pdb	0	31.683	67.160	44.411
swarm_86_199.pdb	0	22.589	67.652	37.542
swarm_105_5.pdb	0	28.206	63.576	36.960
swarm_99_86.pdb	0	35.129	58.101	36.861
swarm_167_24.pdb	0	20.093	33.925	36.312
swarm_26_48.pdb	0	24.088	41.476	33.981
swarm_161_27.pdb	0	27.982	58.077	33.886
swarm_16_109.pdb	0	31.637	61.097	32.901
swarm_130_171.pdb	0	24.217	43.433	32.656
swarm_142_113.pdb	0	33.119	49.885	32.528
swarm_154_104.pdb	0	35.537	63.838	31.783
swarm_130_73.pdb	0	28.094	49.354	31.771
swarm_23_100.pdb	0	23.373	51.749	31.669
swarm_136_169.pdb	0	35.034	88.631	31.662
swarm_86_4.pdb	0	30.363	52.025	31.519
swarm_169_172.pdb	0	17.633	43.740	31.262
swarm_142_152.pdb	0.00595238	27.490	49.888	31.145
swarm_15_15.pdb	0	21.929	39.625	31.133
swarm_134_94.pdb	0	22.001	35.396	31.058
swarm_3_7.pdb	0	28.085	43.724	31.055
swarm_4_171.pdb	0	22.287	38.950	30.912
swarm_27_112.pdb	0	30.817	54.363	30.491
swarm_11_187.pdb	0	23.578	37.927	30.453
swarm_26_93.pdb	0	21.865	38.978	30.316
swarm_167_48.pdb	0.0119048	20.212	37.879	30.310
swarm_87_28.pdb	0	30.869	85.299	29.721
swarm_5_25.pdb	0	29.619	47.874	29.585
swarm_169_170.pdb	0.00595238	16.155	42.555	29.544
swarm_110_113.pdb	0	22.905	70.120	29.328
swarm_167_120.pdb	0	14.763	25.171	29.287
swarm_27_44.pdb	0	19.227	47.279	29.119
swarm_29_154.pdb	0	28.174	49.870	28.939
swarm_121_52.pdb	0	31.723	50.100	28.860
swarm_117_159.pdb	0	30.386	58.717	28.227
swarm_168_189.pdb	0	31.086	48.548	28.201
swarm_13_57.pdb	0	40.627	76.743	28.123
swarm_121_84.pdb	0	31.919	55.957	28.118
swarm_142_0.pdb	0.0238095	20.101	38.270	28.058
swarm_107_61.pdb	0.0297619	7.897	30.837	28.015
swarm_16_11.pdb	0	31.070	53.347	27.956
swarm_47_90.pdb	0.00595238	13.657	69.311	27.752
swarm_140_119.pdb	0.0119048	22.320	57.182	27.740
swarm_86_173.pdb	0	35.078	69.418	27.727
swarm_116_50.pdb	0.0297619	21.935	52.440	27.615
swarm_92_196.pdb	0	23.096	35.975	27.581
swarm_127_102.pdb	0	19.400	45.638	27.442
swarm_127_193.pdb	0	27.177	52.053	27.435
swarm_3_141.pdb	0	30.071	51.427	27.403
swarm_101_53.pdb	0	27.631	56.023	27.186
swarm_68_4.pdb	0	33.973	59.358	27.156
swarm_142_186.pdb	0	27.801	50.187	27.107
swarm_101_158.pdb	0	32.321	57.223	27.033
swarm_29_104.pdb	0	28.422	51.249	26.959
swarm_23_55.pdb	0	26.842	53.398	26.942
swarm_15_27.pdb	0.00595238	17.033	46.941	26.894
swarm_158_165.pdb	0	24.981	57.943	26.863
swarm_26_119.pdb	0	11.644	32.612	26.846
swarm_154_57.pdb	0	26.755	47.744	26.814
swarm_34_161.pdb	0	32.709	61.040	26.709
swarm_24_101.pdb	0	40.798	81.399	26.698
swarm_11_102.pdb	0	12.048	20.249	26.438
swarm_11_181.pdb	0	30.570	48.177	26.420
swarm_5_96.pdb	0	22.119	59.988	26.344
swarm_131_83.pdb	0	30.934	63.479	26.211
swarm_154_38.pdb	0	23.764	53.086	26.189
swarm_154_56.pdb	0.0178571	14.906	59.515	26.174
swarm_158_65.pdb	0	20.480	36.326	26.135
swarm_47_144.pdb	0	27.656	59.039	26.041
swarm_23_36.pdb	0	24.866	57.544	26.025
swarm_23_71.pdb	0	27.712	59.029	26.008
swarm_127_171.pdb	0	25.890	48.124	25.979
swarm_168_28.pdb	0	28.841	49.714	25.959
swarm_86_165.pdb	0	35.760	56.064	25.896
swarm_144_171.pdb	0	34.096	76.758	25.846
swarm_94_117.pdb	0	25.866	83.456	25.827
swarm_28_64.pdb	0	22.627	49.104	25.801
swarm_89_31.pdb	0	29.810	82.896	25.725
swarm_79_91.pdb	0	34.766	62.601	25.652
swarm_67_43.pdb	0	27.956	76.008	25.546
swarm_23_126.pdb	0	32.937	73.440	25.406
swarm_16_76.pdb	0	29.159	46.763	25.383
swarm_3_85.pdb	0	15.419	21.938	25.341
swarm_138_177.pdb	0	27.707	59.403	25.248
swarm_143_37.pdb	0	17.680	74.341	25.239
swarm_27_168.pdb	0	19.659	30.374	25.237
swarm_133_144.pdb	0.0238095	8.387	22.473	25.226
swarm_109_49.pdb	0	35.472	83.345	25.212
swarm_127_67.pdb	0	27.462	49.390	25.194
swarm_49_23.pdb	0	27.481	83.959	25.156
swarm_31_77.pdb	0	25.442	56.746	25.112
swarm_5_117.pdb	0.0119048	14.843	54.047	25.053
swarm_159_80.pdb	0	47.463	95.122	25.007
swarm_92_123.pdb	0	22.261	47.891	24.923
swarm_165_181.pdb	0.00595238	21.895	60.071	24.912
swarm_94_129.pdb	0	30.908	83.212	24.886
swarm_3_178.pdb	0.0119048	27.780	49.454	24.875
swarm_142_165.pdb	0	17.676	27.727	24.809
swarm_140_142.pdb	0	29.748	49.845	24.767
swarm_28_32.pdb	0	21.361	54.504	24.749
swarm_159_65.pdb	0	47.093	88.486	24.734
swarm_101_115.pdb	0	29.917	57.153	24.724
swarm_29_37.pdb	0.0178571	9.788	42.748	24.659
swarm_92_18.pdb	0	26.010	54.239	24.654
swarm_46_102.pdb	0	43.105	89.367	24.526
swarm_158_114.pdb	0	30.973	49.178	24.505
swarm_105_160.pdb	0	34.468	85.227	24.465
swarm_13_65.pdb	0	36.297	66.421	24.433
swarm_15_18.pdb	0	19.614	43.299	24.427
swarm_116_104.pdb	0	24.533	40.120	24.414
swarm_89_44.pdb	0	30.384	77.099	24.392
swarm_87_199.pdb	0	40.626	96.320	24.369
swarm_167_34.pdb	0	23.275	39.305	24.317
swarm_16_91.pdb	0	14.643	27.562	24.308
swarm_130_85.pdb	0	26.690	55.954	24.283
swarm_108_147.pdb	0	22.712	74.082	24.224
swarm_4_119.pdb	0	25.485	48.686	24.203
swarm_5_114.pdb	0.0297619	15.596	50.044	24.151
swarm_149_145.pdb	0	26.297	50.980	24.143
swarm_27_100.pdb	0	29.594	59.396	24.142
swarm_140_26.pdb	0	33.286	53.286	24.069
swarm_108_195.pdb	0	27.451	53.707	24.064
swarm_167_37.pdb	0	18.703	38.741	24.020
swarm_164_192.pdb	0	30.310	56.642	24.020
swarm_113_109.pdb	0	33.826	54.484	24.005
swarm_108_24.pdb	0	32.450	59.314	23.935
swarm_117_156.pdb	0	29.477	55.983	23.904
swarm_165_15.pdb	0	19.470	40.448	23.879
swarm_3_39.pdb	0.00595238	19.596	37.623	23.875
swarm_103_23.pdb	0	33.344	91.572	23.827
swarm_101_28.pdb	0	16.380	43.073	23.824
swarm_136_99.pdb	0	22.752	95.811	23.816
swarm_5_71.pdb	0.0119048	11.695	43.222	23.802
swarm_152_140.pdb	0	32.252	59.110	23.794
swarm_102_66.pdb	0	30.141	75.857	23.794
swarm_142_99.pdb	0	23.494	36.575	23.736
swarm_130_179.pdb	0	33.793	53.252	23.701
swarm_5_123.pdb	0	30.686	52.929	23.698
swarm_46_46.pdb	0	43.164	89.963	23.696
swarm_4_55.pdb	0	25.357	49.837	23.670
swarm_15_33.pdb	0	15.569	22.764	23.622
swarm_87_80.pdb	0	42.333	88.329	23.609
swarm_27_18.pdb	0	11.688	34.351	23.602
swarm_109_8.pdb	0	35.415	88.574	23.526
swarm_158_24.pdb	0.0178571	13.016	44.382	23.524
swarm_154_186.pdb	0	29.297	67.488	23.506
swarm_125_118.pdb	0	30.016	49.063	23.484
swarm_168_170.pdb	0	16.119	32.753	23.443
swarm_92_74.pdb	0	25.988	51.749	23.429
swarm_27_92.pdb	0	17.956	37.270	23.424
swarm_138_85.pdb	0	22.996	81.488	23.397
swarm_80_152.pdb	0	32.807	66.564	23.368
swarm_165_18.pdb	0	19.175	37.173	23.361
swarm_168_74.pdb	0	29.933	55.181	23.331
swarm_30_150.pdb	0	30.989	64.499	23.330
swarm_152_156.pdb	0	34.151	60.026	23.304
swarm_117_61.pdb	0.00595238	26.689	60.932	23.257
swarm_154_137.pdb	0	27.259	56.419	23.232
swarm_102_74.pdb	0	29.886	69.920	23.219
swarm_88_38.pdb	0	38.549	86.326	23.186
swarm_138_105.pdb	0	33.549	70.982	23.171
swarm_60_42.pdb	0	28.098	56.085	23.165
swarm_110_146.pdb	0	25.415	71.078	23.124
swarm_165_92.pdb	0	21.002	36.916	23.119
swarm_134_79.pdb	0.0357143	23.358	53.824	23.086
swarm_132_82.pdb	0	28.237	61.613	23.077
swarm_144_101.pdb	0	33.898	87.807	23.076
swarm_58_36.pdb	0	35.636	59.341	23.038
swarm_3_13.pdb	0	13.033	31.892	23.004
swarm_134_101.pdb	0	23.509	51.516	22.979
swarm_130_44.pdb	0	25.993	53.719	22.886
swarm_149_131.pdb	0	26.399	62.503	22.869
swarm_80_99.pdb	0	21.401	79.572	22.866
swarm_34_55.pdb	0	22.013	65.671	22.857
swarm_102_90.pdb	0	34.238	70.401	22.848
swarm_11_97.pdb	0	27.206	41.131	22.827
swarm_23_30.pdb	0	21.813	45.742	22.822
swarm_130_169.pdb	0	25.098	45.092	22.810
swarm_85_135.pdb	0	35.248	75.844	22.809
swarm_83_29.pdb	0	21.404	65.198	22.776
swarm_15_100.pdb	0	24.286	42.322	22.767
swarm_140_2.pdb	0	24.000	40.101	22.741
swarm_121_147.pdb	0	37.263	56.963	22.709
swarm_98_176.pdb	0	26.499	49.722	22.686
swarm_116_117.pdb	0	27.902	49.356	22.656
swarm_114_197.pdb	0	24.860	47.458	22.646
swarm_28_169.pdb	0	19.450	46.710	22.645
swarm_140_12.pdb	0	31.551	50.948	22.622
swarm_4_191.pdb	0	21.894	35.082	22.589
swarm_114_88.pdb	0	22.180	55.083	22.578
swarm_149_55.pdb	0	22.250	54.974	22.574
swarm_94_32.pdb	0	33.375	82.001	22.557
swarm_114_164.pdb	0	32.366	55.806	22.543
swarm_140_62.pdb	0	25.995	45.750	22.494
swarm_158_85.pdb	0	20.381	50.112	22.473
swarm_114_110.pdb	0	19.575	33.040	22.469
swarm_140_191.pdb	0	29.073	54.433	22.432
swarm_167_50.pdb	0	24.753	42.198	22.411
swarm_117_108.pdb	0	25.211	46.224	22.402
swarm_169_89.pdb	0	31.996	54.959	22.400
swarm_165_179.pdb	0	27.341	52.413	22.396
swarm_47_6.pdb	0	21.878	64.178	22.383
swarm_169_31.pdb	0	25.418	52.151	22.364
swarm_109_51.pdb	0	25.642	81.300	22.337
swarm_4_167.pdb	0	25.877	45.784	22.325
swarm_1_61.pdb	0	45.621	70.760	22.291
swarm_4_48.pdb	0	18.601	39.379	22.290
swarm_129_107.pdb	0	39.598	94.473	22.289
swarm_4_176.pdb	0	23.833	47.331	22.213
swarm_99_51.pdb	0	40.797	57.553	22.207
swarm_31_137.pdb	0	24.843	57.127	22.187
swarm_152_11.pdb	0	18.049	53.114	22.150
swarm_117_179.pdb	0	26.548	65.242	22.126
swarm_86_80.pdb	0	32.800	62.807	22.108
swarm_138_18.pdb	0	26.541	76.762	22.106
swarm_110_48.pdb	0	31.105	68.365	22.067
swarm_132_170.pdb	0	37.141	67.587	22.064
swarm_117_160.pdb	0	28.144	56.991	22.062
swarm_165_130.pdb	0	21.806	54.431	22.060
swarm_115_54.pdb	0.00595238	21.733	56.216	22.000
swarm_127_68.pdb	0	16.149	39.821	21.983
swarm_102_192.pdb	0	30.203	69.286	21.965
swarm_89_195.pdb	0	30.560	59.170	21.935
swarm_28_183.pdb	0	25.315	46.185	21.918
swarm_134_14.pdb	0.0119048	26.021	48.504	21.905
swarm_143_35.pdb	0	28.436	81.259	21.857
swarm_31_106.pdb	0	27.740	49.923	21.839
swarm_94_40.pdb	0	39.425	85.892	21.836
swarm_154_65.pdb	0	26.880	52.028	21.764
swarm_130_94.pdb	0	26.588	40.980	21.695
swarm_103_108.pdb	0	29.473	91.395	21.673
swarm_121_59.pdb	0	32.437	50.932	21.633
swarm_11_6.pdb	0	20.032	40.995	21.627
swarm_60_91.pdb	0	23.591	73.433	21.620
swarm_106_90.pdb	0	40.594	96.130	21.618
swarm_99_183.pdb	0	40.176	62.842	21.600
swarm_132_49.pdb	0	33.786	59.749	21.600
swarm_79_175.pdb	0	35.043	53.508	21.594
swarm_51_139.pdb	0	27.774	56.616	21.594
swarm_24_51.pdb	0	30.772	81.686	21.588
swarm_114_161.pdb	0	27.356	59.138	21.585
swarm_130_165.pdb	0	24.502	46.440	21.544
swarm_143_107.pdb	0	33.958	73.246	21.532
swarm_121_18.pdb	0	22.076	49.711	21.507
swarm_114_184.pdb	0.00595238	25.774	59.794	21.478
swarm_127_121.pdb	0	25.947	51.161	21.435
swarm_127_195.pdb	0.0297619	13.849	35.950	21.433
swarm_84_66.pdb	0	32.664	87.415	21.400
swarm_151_135.pdb	0	32.554	73.252	21.393
swarm_26_105.pdb	0	15.069	34.060	21.357
swarm_5_57.pdb	0	28.868	50.343	21.354
swarm_116_103.pdb	0	23.873	34.147	21.329
swarm_23_111.pdb	0	25.779	75.403	21.281
swarm_143_160.pdb	0	24.347	80.245	21.271
swarm_128_63.pdb	0	32.145	86.347	21.270
swarm_90_29.pdb	0	38.613	57.392	21.264
swarm_108_157.pdb	0	31.543	69.801	21.262
swarm_23_131.pdb	0	24.235	55.478	21.248
swarm_129_48.pdb	0	43.580	98.959	21.242
swarm_105_187.pdb	0	25.061	73.347	21.238
swarm_79_197.pdb	0	34.841	51.856	21.231
swarm_102_89.pdb	0	31.492	81.498	21.203
swarm_4_39.pdb	0	26.713	53.168	21.179
swarm_60_57.pdb	0	32.491	64.264	21.161
swarm_151_111.pdb	0	36.500	69.669	21.140
swarm_126_3.pdb	0	40.229	84.068	21.140
swarm_116_151.pdb	0	28.040	52.409	21.126
swarm_161_37.pdb	0	29.498	60.952	21.125
swarm_29_32.pdb	0	25.657	58.697	21.106
swarm_30_127.pdb	0	22.989	44.279	21.104
swarm_4_172.pdb	0	24.303	46.155	21.079
swarm_122_55.pdb	0	35.009	76.081	21.047
swarm_3_82.pdb	0	31.586	50.209	21.006
swarm_34_165.pdb	0	23.905	60.815	20.997
swarm_110_84.pdb	0	32.461	63.874	20.931
swarm_107_177.pdb	0.00595238	17.315	38.079	20.912
swarm_92_63.pdb	0	28.896	42.654	20.876
swarm_108_141.pdb	0	26.679	72.045	20.864
swarm_68_181.pdb	0	26.433	70.633	20.858
swarm_169_136.pdb	0	36.093	53.555	20.841
swarm_51_141.pdb	0	32.027	65.766	20.796
swarm_110_103.pdb	0	23.043	78.590	20.739
swarm_140_20.pdb	0	31.962	53.813	20.722
swarm_2_141.pdb	0	39.802	69.806	20.717
swarm_64_106.pdb	0	28.524	98.010	20.666
swarm_101_39.pdb	0	15.885	40.760	20.629
swarm_29_143.pdb	0	25.498	58.679	20.609
swarm_86_167.pdb	0	31.345	65.245	20.595
swarm_133_63.pdb	0	20.419	35.920	20.584
swarm_158_51.pdb	0	25.428	55.553	20.572
swarm_35_110.pdb	0	30.829	94.670	20.557
swarm_16_101.pdb	0	23.570	47.730	20.552
swarm_169_155.pdb	0	32.575	54.678	20.547
swarm_149_176.pdb	0	31.272	64.599	20.537
swarm_16_141.pdb	0	22.643	37.200	20.519
swarm_141_135.pdb	0	36.968	53.050	20.508
swarm_101_98.pdb	0	27.129	54.464	20.507
swarm_27_144.pdb	0	24.016	43.474	20.503
swarm_84_38.pdb	0	27.354	70.723	20.493
swarm_143_140.pdb	0	23.237	69.555	20.478
swarm_154_112.pdb	0	22.190	44.402	20.463
swarm_20_176.pdb	0	33.968	75.162	20.462
swarm_114_19.pdb	0.0119048	14.098	45.909	20.459
swarm_26_16.pdb	0	24.985	44.531	20.446
swarm_31_148.pdb	0	29.625	64.767	20.440
swarm_34_69.pdb	0.0119048	17.862	61.520	20.438
swarm_105_91.pdb	0	26.714	79.142	20.428
swarm_168_45.pdb	0	33.765	55.093	20.421
swarm_3_125.pdb	0	30.078	51.017	20.410
swarm_60_78.pdb	0	29.947	59.917	20.366
swarm_13_106.pdb	0	31.020	73.484	20.343
swarm_17_119.pdb	0	27.542	90.515	20.340
swarm_152_198.pdb	0	23.880	48.485	20.337
swarm_114_53.pdb	0	16.104	51.425	20.328
swarm_165_172.pdb	0	21.591	54.404	20.315
swarm_15_177.pdb	0.0119048	24.541	44.576	20.314
swarm_108_32.pdb	0	21.481	76.979	20.264
swarm_35_175.pdb	0	37.592	86.531	20.227
swarm_52_179.pdb	0	25.300	48.242	20.196
swarm_109_148.pdb	0	30.614	90.894	20.190
swarm_44_118.pdb	0	33.440	75.370	20.167
swarm_164_26.pdb	0	34.259	71.785	20.159
swarm_34_178.pdb	0	15.234	40.627	20.155
swarm_4_87.pdb	0	22.765	44.939	20.150
swarm_116_32.pdb	0	15.681	50.739	20.138
swarm_11_138.pdb	0	16.295	26.893	20.129
swarm_135_12.pdb	0	28.568	80.700	20.126
swarm_100_116.pdb	0.00595238	15.372	36.631	20.124
swarm_114_93.pdb	0	27.284	55.407	20.122
swarm_114_124.pdb	0	27.185	56.716	20.118
swarm_153_74.pdb	0.00595238	22.763	47.166	20.117
swarm_109_167.pdb	0	30.825	84.590	20.109
swarm_105_101.pdb	0	30.996	76.796	20.078
swarm_164_168.pdb	0	33.885	68.592	20.059
swarm_31_177.pdb	0.00595238	25.778	62.950	20.053
swarm_16_41.pdb	0	24.738	48.610	20.033
swarm_79_124.pdb	0	34.953	52.636	20.032
swarm_149_134.pdb	0	28.653	54.077	20.005
swarm_149_154.pdb	0	29.111	51.844	19.983
swarm_47_193.pdb	0	35.707	70.395	19.979
swarm_44_190.pdb	0	30.659	73.807	19.955
swarm_113_33.pdb	0	35.066	53.429	19.878
swarm_134_13.pdb	0	26.161	57.914	19.875
swarm_52_54.pdb	0	26.686	73.298	19.873
swarm_68_26.pdb	0	32.080	52.670	19.841
swarm_87_181.pdb	0	30.795	88.970	19.814
swarm_114_73.pdb	0.0238095	25.369	59.049	19.814
swarm_165_182.pdb	0	16.817	44.193	19.788
swarm_98_150.pdb	0	34.446	50.097	19.772
swarm_102_67.pdb	0	22.756	73.938	19.766
swarm_138_10.pdb	0	31.612	61.588	19.737
swarm_135_170.pdb	0	25.212	75.586	19.732
swarm_80_175.pdb	0	30.210	79.281	19.713
swarm_104_72.pdb	0	35.756	78.322	19.708
swarm_114_156.pdb	0	26.924	55.633	19.689
swarm_165_151.pdb	0	24.657	65.123	19.684
swarm_146_42.pdb	0	33.086	80.619	19.635
swarm_150_165.pdb	0	30.949	84.963	19.634
swarm_2_37.pdb	0	37.389	62.076	19.597
swarm_134_63.pdb	0	29.637	59.610	19.576
swarm_151_101.pdb	0	24.110	60.048	19.565
swarm_5_64.pdb	0	27.002	47.987	19.544
swarm_127_47.pdb	0	25.751	37.039	19.537
swarm_149_77.pdb	0	37.370	67.548	19.524
swarm_153_106.pdb	0	34.987	53.041	19.514
swarm_30_185.pdb	0	27.979	50.747	19.508
swarm_88_12.pdb	0	36.512	89.083	19.461
swarm_134_126.pdb	0	25.809	45.904	19.453
swarm_107_178.pdb	0	24.216	53.426	19.447
swarm_154_155.pdb	0	23.335	56.170	19.433
swarm_149_65.pdb	0	33.370	69.634	19.426
swarm_109_46.pdb	0	30.692	86.203	19.425
swarm_140_9.pdb	0	28.702	54.547	19.407
swarm_30_66.pdb	0	30.651	65.633	19.370
swarm_154_118.pdb	0	24.440	57.644	19.339
swarm_103_50.pdb	0	32.313	88.525	19.335
swarm_158_160.pdb	0.00595238	28.795	50.676	19.294
swarm_159_16.pdb	0	33.945	83.334	19.291
swarm_135_0.pdb	0	28.047	84.814	19.279
swarm_130_154.pdb	0	25.237	47.091	19.271
swarm_86_9.pdb	0	26.030	63.435	19.269
swarm_36_169.pdb	0	35.047	79.707	19.260
swarm_161_61.pdb	0	28.276	79.566	19.256
swarm_167_124.pdb	0	24.633	38.082	19.253
swarm_46_164.pdb	0	33.862	100.480	19.252
swarm_15_42.pdb	0.0297619	20.572	41.122	19.248
swarm_63_93.pdb	0	25.746	50.067	19.221
swarm_23_47.pdb	0	27.872	80.778	19.212
swarm_109_23.pdb	0	33.947	85.455	19.188
swarm_131_75.pdb	0	33.136	85.739	19.152
swarm_156_192.pdb	0	35.480	88.802	19.061
swarm_100_103.pdb	0	23.104	43.264	19.056
swarm_3_8.pdb	0	24.065	40.334	19.016
swarm_29_65.pdb	0	28.157	48.820	19.005
swarm_31_172.pdb	0	17.971	62.090	18.976
swarm_30_188.pdb	0	23.756	68.333	18.974
swarm_165_101.pdb	0	26.842	54.558	18.973
swarm_149_158.pdb	0	16.482	60.005	18.968
swarm_133_187.pdb	0	31.668	45.907	18.948
swarm_30_169.pdb	0	33.190	60.213	18.934
swarm_57_11.pdb	0	34.622	91.858	18.913
swarm_108_22.pdb	0	20.427	63.702	18.897
swarm_134_106.pdb	0.00595238	17.269	34.331	18.891
swarm_1_68.pdb	0	39.908	66.987	18.889
swarm_93_106.pdb	0	43.890	72.279	18.879
swarm_142_92.pdb	0.0119048	24.481	47.746	18.856
swarm_79_121.pdb	0	29.303	60.501	18.847
swarm_100_158.pdb	0	35.347	54.678	18.846
swarm_87_116.pdb	0	40.192	86.351	18.779
swarm_130_118.pdb	0	23.834	44.797	18.774
swarm_121_119.pdb	0	34.096	56.269	18.741
swarm_79_7.pdb	0	35.826	53.718	18.740
swarm_108_138.pdb	0.00595238	21.765	74.882	18.739
swarm_131_165.pdb	0	26.415	83.762	18.734
swarm_122_65.pdb	0	26.516	88.077	18.729
swarm_133_68.pdb	0	37.795	52.962	18.720
swarm_3_171.pdb	0	27.083	46.918	18.718
swarm_121_24.pdb	0.0297619	14.471	37.807	18.718
swarm_2_54.pdb	0	29.282	78.677	18.707
swarm_79_37.pdb	0	38.375	56.655	18.705
swarm_97_62.pdb	0	40.028	65.741	18.685
swarm_154_90.pdb	0	32.220	62.185	18.676
swarm_125_194.pdb	0	20.805	43.159	18.669
swarm_164_56.pdb	0	34.087	74.588	18.649
swarm_49_120.pdb	0	30.193	72.000	18.644
swarm_130_86.pdb	0	26.763	53.262	18.635
swarm_160_183.pdb	0	32.076	57.304	18.615
swarm_133_9.pdb	0.0178571	12.595	30.438	18.596
swarm_79_95.pdb	0	37.695	55.627	18.585
swarm_132_29.pdb	0	22.135	45.361	18.573
swarm_84_155.pdb	0	38.143	81.631	18.562
swarm_101_66.pdb	0	22.897	51.901	18.553
swarm_44_199.pdb	0	28.345	75.702	18.533
swarm_78_108.pdb	0	32.610	81.780	18.522
swarm_101_130.pdb	0	32.669	52.022	18.515
swarm_83_130.pdb	0	34.000	67.421	18.512
swarm_81_158.pdb	0	32.753	80.776	18.496
swarm_152_14.pdb	0	30.488	65.281	18.480
swarm_130_144.pdb	0	27.330	38.012	18.470
swarm_102_139.pdb	0	31.922	80.611	18.463
swarm_94_24.pdb	0	35.954	84.679	18.440
swarm_34_184.pdb	0	20.179	60.939	18.437
swarm_152_52.pdb	0	26.516	50.296	18.437
swarm_148_59.pdb	0	37.876	84.861	18.432
swarm_26_158.pdb	0	30.712	49.698	18.421
swarm_102_91.pdb	0	32.932	76.010	18.399
swarm_142_153.pdb	0	31.945	50.155	18.391
swarm_127_128.pdb	0.0238095	28.225	48.343	18.326
swarm_89_186.pdb	0	35.769	78.430	18.318
swarm_108_172.pdb	0	24.731	65.867	18.299
swarm_28_0.pdb	0	19.884	41.843	18.254
swarm_126_150.pdb	0	33.689	84.051	18.254
swarm_68_28.pdb	0	27.183	65.097	18.241
swarm_31_103.pdb	0	22.111	52.982	18.221
swarm_112_48.pdb	0	38.127	58.721	18.213
swarm_44_10.pdb	0	25.522	73.008	18.207
swarm_117_15.pdb	0	25.589	53.562	18.200
swarm_92_14.pdb	0	20.727	46.932	18.165
swarm_88_156.pdb	0	34.100	90.023	18.151
swarm_117_170.pdb	0	29.525	55.066	18.122
swarm_164_53.pdb	0	36.434	73.882	18.116
swarm_149_70.pdb	0	29.400	47.222	18.088
swarm_110_6.pdb	0	29.535	75.701	18.081
swarm_36_33.pdb	0	17.645	76.491	18.078
swarm_83_113.pdb	0	33.305	63.819	18.074
swarm_34_63.pdb	0	18.088	64.748	18.064
swarm_98_116.pdb	0	39.598	57.483	18.061
swarm_24_86.pdb	0	34.630	69.907	18.038
swarm_113_101.pdb	0	35.674	55.775	18.020
swarm_137_86.pdb	0	33.690	89.779	18.006
swarm_84_9.pdb	0	32.320	84.164	17.975
swarm_68_98.pdb	0	29.042	61.479	17.961
swarm_134_109.pdb	0	25.887	54.361	17.944
swarm_94_97.pdb	0	26.249	83.572	17.893
swarm_153_183.pdb	0	31.525	49.988	17.887
swarm_128_174.pdb	0	28.739	86.423	17.874
swarm_80_60.pdb	0	29.330	75.931	17.853
swarm_165_133.pdb	0.0238095	25.063	52.102	17.843
swarm_31_89.pdb	0	34.885	63.966	17.830
swarm_35_199.pdb	0	35.418	93.460	17.828
swarm_79_152.pdb	0	37.978	59.903	17.825
swarm_91_5.pdb	0	39.693	58.407	17.820
swarm_4_160.pdb	0	16.201	45.317	17.806
swarm_125_106.pdb	0.0178571	17.994	37.740	17.788
swarm_117_20.pdb	0	28.815	62.033	17.773
swarm_3_77.pdb	0	25.697	46.676	17.765
swarm_112_21.pdb	0	17.796	42.915	17.752
swarm_68_139.pdb	0	25.672	66.086	17.751
swarm_151_187.pdb	0	38.092	74.012	17.729
swarm_94_60.pdb	0	27.932	80.857	17.716
swarm_57_127.pdb	0	32.787	81.379	17.708
swarm_107_52.pdb	0	28.261	53.650	17.693
swarm_84_161.pdb	0	37.551	78.664	17.692
swarm_133_127.pdb	0.0238095	9.591	20.785	17.685
swarm_34_99.pdb	0	27.186	58.512	17.651
swarm_93_155.pdb	0	44.861	79.273	17.630
swarm_27_76.pdb	0	21.867	47.613	17.617
swarm_135_146.pdb	0	25.130	63.388	17.609
swarm_24_38.pdb	0	34.201	78.152	17.598
swarm_106_188.pdb	0	30.128	86.703	17.586
swarm_94_194.pdb	0	33.503	80.073	17.573
swarm_31_178.pdb	0	30.002	62.272	17.573
swarm_57_177.pdb	0	30.736	89.261	17.567
swarm_107_25.pdb	0	22.113	46.713	17.550
swarm_168_98.pdb	0	20.682	44.261	17.545
swarm_82_167.pdb	0	35.846	94.460	17.542
swarm_112_152.pdb	0	20.096	40.205	17.534
swarm_100_67.pdb	0	36.523	55.123	17.524
swarm_28_4.pdb	0	24.017	44.422	17.513
swarm_137_87.pdb	0	34.933	78.768	17.479
swarm_114_68.pdb	0	25.808	60.535	17.479
swarm_36_20.pdb	0	29.994	62.251	17.454
swarm_126_91.pdb	0	38.827	83.500	17.451
swarm_83_73.pdb	0	25.735	73.869	17.442
swarm_84_76.pdb	0	32.006	75.078	17.417
swarm_143_166.pdb	0	19.228	68.675	17.416
swarm_83_85.pdb	0	29.612	77.031	17.409
swarm_15_86.pdb	0.0238095	18.514	33.974	17.409
swarm_28_161.pdb	0	33.596	54.213	17.399
swarm_16_19.pdb	0	29.053	48.769	17.373
swarm_161_105.pdb	0	31.933	64.406	17.371
swarm_115_130.pdb	0	36.657	59.875	17.361
swarm_79_101.pdb	0	26.630	64.008	17.347
swarm_168_19.pdb	0	28.108	47.631	17.341
swarm_83_47.pdb	0	27.683	76.236	17.334
swarm_164_68.pdb	0	17.623	44.062	17.329
swarm_143_9.pdb	0	25.798	64.829	17.327
swarm_91_139.pdb	0	41.959	63.115	17.313
swarm_128_4.pdb	0	34.516	78.262	17.302
swarm_49_59.pdb	0	27.588	69.409	17.298
swarm_103_24.pdb	0	32.746	84.343	17.290
swarm_1_17.pdb	0	43.920	78.711	17.283
swarm_148_37.pdb	0	44.639	80.256	17.279
swarm_129_56.pdb	0	37.385	92.748	17.276
swarm_125_30.pdb	0	33.991	46.176	17.271
swarm_137_25.pdb	0	29.690	85.116	17.258
swarm_168_166.pdb	0.0119048	31.920	50.609	17.256
swarm_107_66.pdb	0.00595238	11.134	35.051	17.241
swarm_34_22.pdb	0	34.694	61.419	17.229
swarm_57_80.pdb	0	27.632	84.647	17.206
swarm_137_40.pdb	0	44.497	85.139	17.191
swarm_80_158.pdb	0	26.376	56.676	17.181
swarm_115_146.pdb	0	41.722	70.519	17.176
swarm_110_174.pdb	0	30.935	68.062	17.174
swarm_106_158.pdb	0	31.518	84.172	17.157
swarm_2_109.pdb	0	38.621	73.045	17.153
swarm_83_58.pdb	0	26.916	74.465	17.152
swarm_81_71.pdb	0	30.030	87.388	17.148
swarm_86_126.pdb	0	26.905	60.487	17.137
swarm_140_82.pdb	0	29.990	62.692	17.134
swarm_135_13.pdb	0	26.771	84.917	17.114
swarm_44_132.pdb	0	21.070	77.540	17.108
swarm_125_44.pdb	0.00595238	12.932	25.347	17.095
swarm_89_130.pdb	0	39.091	77.684	17.092
swarm_159_38.pdb	0	31.983	82.045	17.073
swarm_5_16.pdb	0	31.345	58.914	17.047
swarm_159_46.pdb	0	33.926	79.564	17.039
swarm_91_148.pdb	0	41.756	55.170	17.007
swarm_165_176.pdb	0	32.318	64.235	16.993
swarm_27_63.pdb	0	27.966	48.278	16.970
swarm_29_14.pdb	0	24.605	40.830	16.960
swarm_60_97.pdb	0	23.748	77.669	16.952
swarm_104_163.pdb	0	32.352	74.712	16.950
swarm_138_182.pdb	0	31.200	60.376	16.934
swarm_79_21.pdb	0	24.301	59.211	16.929
swarm_133_48.pdb	0	22.058	40.975	16.927
swarm_164_156.pdb	0	22.947	58.061	16.923
swarm_29_187.pdb	0	26.725	45.575	16.922
swarm_107_69.pdb	0	34.798	54.696	16.919
swarm_158_183.pdb	0	23.866	49.107	16.908
swarm_109_137.pdb	0	29.416	90.089	16.908
swarm_94_5.pdb	0	28.585	90.105	16.897
swarm_36_73.pdb	0	15.955	65.424	16.896
swarm_133_47.pdb	0	34.342	50.724	16.894
swarm_134_119.pdb	0	25.110	53.068	16.889
swarm_121_39.pdb	0	23.903	40.623	16.877
swarm_93_143.pdb	0	35.977	75.355	16.848
swarm_125_32.pdb	0	15.591	31.409	16.848
swarm_109_157.pdb	0	27.584	94.833	16.836
swarm_51_181.pdb	0	32.075	68.453	16.833
swarm_164_81.pdb	0	26.841	58.441	16.801
swarm_146_148.pdb	0	31.385	90.773	16.790
swarm_27_169.pdb	0	25.889	45.746	16.778
swarm_115_33.pdb	0	41.552	65.631	16.767
swarm_103_2.pdb	0	33.933	95.754	16.747
swarm_82_195.pdb	0	41.657	84.010	16.745
swarm_158_182.pdb	0	36.182	54.481	16.686
swarm_15_111.pdb	0	22.196	37.499	16.667
swarm_168_34.pdb	0	27.640	43.956	16.665
swarm_125_138.pdb	0	26.546	40.010	16.660
swarm_15_65.pdb	0.00595238	28.323	51.184	16.657
swarm_131_37.pdb	0	31.399	90.553	16.646
swarm_132_117.pdb	0	37.848	67.696	16.641
swarm_158_179.pdb	0	27.054	53.259	16.603
swarm_57_28.pdb	0	39.149	87.543	16.593
swarm_88_179.pdb	0	32.994	89.301	16.590
swarm_9_112.pdb	0	39.522	79.178	16.549
swarm_139_41.pdb	0	26.093	48.580	16.534
swarm_103_193.pdb	0	35.128	83.586	16.500
swarm_167_0.pdb	0	34.197	52.627	16.496
swarm_169_61.pdb	0	28.343	49.937	16.486
swarm_131_180.pdb	0	35.870	78.263	16.484
swarm_60_33.pdb	0	25.810	57.025	16.477
swarm_153_197.pdb	0	22.992	46.922	16.476
swarm_94_178.pdb	0	27.676	88.041	16.460
swarm_127_100.pdb	0	17.334	41.791	16.451
swarm_138_74.pdb	0	37.130	75.783	16.434
swarm_92_1.pdb	0	18.126	46.538	16.426
swarm_120_103.pdb	0	30.805	64.188	16.404
swarm_79_125.pdb	0	27.265	63.428	16.377
swarm_129_149.pdb	0	35.905	91.041	16.362
swarm_111_137.pdb	0	43.515	69.509	16.335
swarm_138_100.pdb	0	31.611	79.096	16.320
swarm_107_182.pdb	0	31.230	43.349	16.291
swarm_35_113.pdb	0	42.895	96.739	16.287
swarm_60_90.pdb	0.00595238	25.584	76.848	16.280
swarm_137_63.pdb	0	41.639	79.907	16.280
swarm_11_167.pdb	0	29.243	51.734	16.271
swarm_24_157.pdb	0	36.883	76.595	16.256
swarm_86_171.pdb	0	35.333	65.293	16.251
swarm_137_20.pdb	0	32.391	80.029	16.227
swarm_137_80.pdb	0	31.199	87.138	16.212
swarm_15_87.pdb	0	27.186	48.601	16.210
swarm_16_46.pdb	0	31.661	50.508	16.208
swarm_80_57.pdb	0	24.090	75.930	16.176
swarm_12_84.pdb	0	32.516	88.354	16.165
swarm_35_88.pdb	0	34.817	90.731	16.133
swarm_101_23.pdb	0	24.988	60.388	16.129
swarm_81_138.pdb	0	27.827	93.428	16.116
swarm_138_169.pdb	0	32.555	84.032	16.116
swarm_29_59.pdb	0	23.978	60.293	16.114
swarm_82_121.pdb	0	42.533	85.070	16.105
swarm_143_151.pdb	0	30.169	73.920	16.103
swarm_34_155.pdb	0	29.607	59.650	16.098
swarm_101_190.pdb	0	27.810	68.067	16.074
swarm_64_149.pdb	0	28.251	97.968	16.058
swarm_2_94.pdb	0	38.464	80.316	16.052
swarm_83_149.pdb	0	26.467	63.533	16.048
swarm_132_113.pdb	0	19.627	44.051	16.045
swarm_81_175.pdb	0	46.284	94.458	16.044
swarm_93_4.pdb	0	35.636	66.947	16.042
swarm_131_138.pdb	0	38.670	77.264	16.035
swarm_113_114.pdb	0	38.430	52.949	16.025
swarm_125_48.pdb	0	22.229	40.826	15.977
swarm_43_143.pdb	0	33.242	76.938	15.895
swarm_85_17.pdb	0	35.068	86.449	15.883
swarm_126_181.pdb	0	38.438	91.691	15.870
swarm_66_11.pdb	0	25.827	57.713	15.863
swarm_103_154.pdb	0	37.711	89.936	15.848
swarm_57_137.pdb	0	29.310	82.200	15.841
swarm_127_182.pdb	0.0595238	10.016	30.791	15.835
swarm_107_110.pdb	0	31.906	50.875	15.809
swarm_106_99.pdb	0	29.655	95.379	15.809
swarm_13_47.pdb	0	34.013	60.507	15.794
swarm_113_143.pdb	0	37.570	53.103	15.781
swarm_104_11.pdb	0	33.321	85.379	15.780
swarm_46_69.pdb	0	44.685	101.529	15.773
swarm_93_84.pdb	0	33.978	72.577	15.772
swarm_23_180.pdb	0	30.433	64.294	15.756
swarm_99_105.pdb	0	34.095	64.854	15.755
swarm_101_78.pdb	0	32.519	58.550	15.753
swarm_87_24.pdb	0	39.918	89.039	15.744
swarm_139_182.pdb	0	36.075	73.430	15.743
swarm_121_22.pdb	0.00595238	16.775	49.156	15.715
swarm_107_136.pdb	0	16.763	27.342	15.712
swarm_90_172.pdb	0	44.967	67.757	15.703
swarm_155_176.pdb	0	39.009	83.617	15.701
swarm_83_91.pdb	0	22.137	69.192	15.696
swarm_113_153.pdb	0.0178571	13.940	31.496	15.654
swarm_12_132.pdb	0	29.860	72.752	15.645
swarm_109_115.pdb	0	31.923	85.901	15.624
swarm_142_3.pdb	0	18.696	28.452	15.614
swarm_130_181.pdb	0.0238095	18.317	34.498	15.593
swarm_80_171.pdb	0	21.958	71.486	15.581
swarm_151_98.pdb	0	34.846	64.358	15.578
swarm_46_51.pdb	0	38.531	95.095	15.569
swarm_64_6.pdb	0	34.279	99.060	15.561
swarm_98_26.pdb	0	23.766	49.061	15.560
swarm_148_43.pdb	0	45.227	87.754	15.552
swarm_125_47.pdb	0	24.993	38.175	15.530
swarm_148_127.pdb	0	26.209	72.842	15.520
swarm_51_3.pdb	0	32.017	67.431	15.503
swarm_159_147.pdb	0	32.450	88.716	15.492
swarm_122_40.pdb	0	32.397	87.455	15.491
swarm_115_15.pdb	0	21.857	59.218	15.490
swarm_130_93.pdb	0	20.023	38.985	15.485
swarm_83_4.pdb	0	29.125	53.603	15.467
swarm_117_74.pdb	0.00595238	26.653	68.485	15.460
swarm_57_130.pdb	0	27.998	84.003	15.450
swarm_23_120.pdb	0	26.136	55.443	15.447
swarm_152_7.pdb	0	35.012	62.458	15.442
swarm_134_192.pdb	0	26.121	54.967	15.408
swarm_152_55.pdb	0	25.666	44.576	15.392
swarm_144_164.pdb	0	30.367	88.428	15.378
swarm_16_134.pdb	0	18.232	46.209	15.365
swarm_68_161.pdb	0	19.323	48.908	15.345
swarm_138_14.pdb	0	33.692	80.879	15.343
swarm_46_92.pdb	0	40.540	101.484	15.325
swarm_81_16.pdb	0	43.908	94.338	15.323
swarm_89_140.pdb	0	30.063	88.070	15.321
swarm_133_107.pdb	0.0119048	31.824	51.982	15.289
swarm_24_128.pdb	0	40.601	86.720	15.246
swarm_87_32.pdb	0	35.512	90.086	15.239
swarm_134_30.pdb	0.0178571	22.562	44.972	15.239
swarm_83_123.pdb	0	24.544	63.884	15.231
swarm_46_167.pdb	0	42.731	96.688	15.230
swarm_93_197.pdb	0	30.415	73.639	15.229
swarm_102_36.pdb	0	25.832	75.905	15.229
swarm_98_63.pdb	0	29.884	46.922	15.228
swarm_120_130.pdb	0	17.981	42.873	15.228
swarm_138_181.pdb	0	32.820	81.836	15.210
swarm_105_76.pdb	0	29.736	86.087	15.206
swarm_135_9.pdb	0	28.576	72.877	15.201
swarm_98_192.pdb	0	33.828	51.227	15.200
swarm_43_109.pdb	0	25.291	70.957	15.199
swarm_88_190.pdb	0	37.913	81.250	15.183
swarm_164_134.pdb	0	29.530	69.695	15.179
swarm_58_167.pdb	0	28.298	56.907	15.151
swarm_110_97.pdb	0	30.201	59.484	15.126
swarm_38_127.pdb	0	30.840	56.790	15.124
swarm_132_33.pdb	0	37.164	66.405	15.116
swarm_156_41.pdb	0	32.051	88.685	15.091
swarm_86_112.pdb	0	27.796	57.846	15.088
swarm_97_150.pdb	0	38.956	57.138	15.058
swarm_129_184.pdb	0	27.076	94.658	15.032
swarm_125_101.pdb	0.00595238	10.414	26.265	15.030
swarm_151_195.pdb	0	18.200	53.337	15.025
swarm_4_58.pdb	0	26.030	47.599	15.006
swarm_164_179.pdb	0	22.268	63.083	14.955
swarm_152_135.pdb	0	21.347	54.672	14.952
swarm_153_126.pdb	0	39.733	55.352	14.938
swarm_116_106.pdb	0	27.878	55.011	14.921
swarm_105_129.pdb	0	22.463	81.368	14.862
swarm_90_196.pdb	0	35.804	60.322	14.853
swarm_168_15.pdb	0	29.006	44.821	14.833
swarm_115_102.pdb	0	40.107	68.970	14.822
swarm_79_5.pdb	0	26.543	56.752	14.817
swarm_86_83.pdb	0	34.222	73.742	14.764
swarm_105_87.pdb	0	30.538	85.801	14.754
swarm_9_46.pdb	0	25.680	52.569	14.748
swarm_150_15.pdb	0	29.118	93.241	14.735
swarm_79_112.pdb	0	37.753	70.036	14.729
swarm_115_76.pdb	0	33.332	60.960	14.702
swarm_81_142.pdb	0	38.754	95.420	14.691
swarm_30_113.pdb	0	23.386	38.930	14.689
swarm_116_74.pdb	0	21.015	38.865	14.689
swarm_98_69.pdb	0	42.012	54.819	14.686
swarm_143_73.pdb	0	28.570	80.597	14.680
swarm_46_67.pdb	0	33.059	95.128	14.630
swarm_24_188.pdb	0	41.022	77.606	14.620
swarm_102_177.pdb	0	29.995	88.194	14.620
swarm_87_13.pdb	0	36.581	95.314	14.610
swarm_30_98.pdb	0	29.383	65.398	14.604
swarm_159_24.pdb	0	39.671	102.458	14.598
swarm_57_83.pdb	0	37.518	89.752	14.581
swarm_35_148.pdb	0	40.786	99.779	14.580
swarm_67_83.pdb	0	32.249	79.677	14.557
swarm_83_72.pdb	0	40.679	68.037	14.539
swarm_151_160.pdb	0	36.257	67.193	14.537
swarm_113_115.pdb	0	34.392	52.933	14.519
swarm_38_112.pdb	0	24.943	45.346	14.504
swarm_90_127.pdb	0	33.995	63.054	14.494
swarm_27_48.pdb	0	17.428	49.391	14.485
swarm_85_174.pdb	0	35.602	81.569	14.474
swarm_167_70.pdb	0	15.787	30.058	14.457
swarm_129_186.pdb	0	31.206	87.901	14.441
swarm_46_149.pdb	0	38.368	91.286	14.425
swarm_169_29.pdb	0	18.373	36.844	14.408
swarm_128_19.pdb	0	23.050	95.944	14.393
swarm_36_95.pdb	0	24.063	75.859	14.383
swarm_101_70.pdb	0	27.320	54.865	14.383
swarm_0_72.pdb	0	43.192	79.142	14.371
swarm_126_199.pdb	0	31.585	91.533	14.361
swarm_85_104.pdb	0	35.168	92.738	14.360
swarm_36_122.pdb	0	21.079	65.844	14.351
swarm_149_81.pdb	0	20.832	68.632	14.351
swarm_121_8.pdb	0	39.031	61.266	14.348
swarm_169_160.pdb	0.0119048	11.873	37.634	14.340
swarm_156_86.pdb	0	36.465	88.306	14.329
swarm_138_52.pdb	0	30.283	80.223	14.329
swarm_90_165.pdb	0	41.985	63.977	14.310
swarm_143_90.pdb	0	29.851	84.620	14.307
swarm_108_165.pdb	0	20.629	73.006	14.306
swarm_23_197.pdb	0	26.794	79.435	14.298
swarm_80_192.pdb	0	33.779	78.841	14.286
swarm_153_193.pdb	0	21.411	42.717	14.276
swarm_133_114.pdb	0.0119048	21.089	38.030	14.252
swarm_85_118.pdb	0	40.008	77.538	14.242
swarm_92_114.pdb	0	27.040	46.572	14.236
swarm_138_151.pdb	0	27.296	64.366	14.236
swarm_158_53.pdb	0.0238095	22.066	48.833	14.233
swarm_152_54.pdb	0	32.406	65.682	14.216
swarm_88_110.pdb	0	39.858	93.439	14.209
swarm_30_117.pdb	0.00595238	31.990	55.785	14.209
swarm_36_22.pdb	0	31.636	80.023	14.150
swarm_131_186.pdb	0	33.036	80.536	14.143
swarm_160_131.pdb	0.0119048	17.927	48.151	14.123
swarm_137_97.pdb	0	34.818	85.933	14.114
swarm_1_26.pdb	0	36.150	68.254	14.108
swarm_30_57.pdb	0	28.504	53.067	14.099
swarm_9_137.pdb	0	24.783	60.762	14.075
swarm_89_16.pdb	0	33.423	86.540	14.073
swarm_0_134.pdb	0	34.480	79.588	14.067
swarm_17_186.pdb	0	34.907	79.091	14.058
swarm_148_2.pdb	0	41.006	75.677	14.045
swarm_51_72.pdb	0	28.414	74.421	14.042
swarm_95_196.pdb	0	44.869	71.667	14.031
swarm_132_136.pdb	0	28.572	66.495	14.016
swarm_46_76.pdb	0	39.471	104.601	13.998
swarm_88_185.pdb	0	27.282	97.388	13.986
swarm_47_53.pdb	0	32.642	65.773	13.980
swarm_13_18.pdb	0	28.813	60.723	13.975
swarm_100_43.pdb	0	36.146	54.930	13.954
swarm_81_160.pdb	0	40.425	102.344	13.953
swarm_88_45.pdb	0	36.129	90.735	13.948
swarm_12_124.pdb	0	27.061	83.741	13.948
swarm_128_72.pdb	0	37.241	83.825	13.943
swarm_89_24.pdb	0	29.355	64.611	13.938
swarm_104_43.pdb	0	36.412	77.066	13.932
swarm_44_189.pdb	0	33.119	79.676	13.928
swarm_128_17.pdb	0	29.948	84.162	13.928
swarm_98_81.pdb	0	22.935	31.877	13.919
swarm_128_140.pdb	0	34.464	87.887	13.918
swarm_3_95.pdb	0	22.537	39.048	13.895
swarm_143_19.pdb	0	26.594	80.151	13.882
swarm_81_154.pdb	0	39.551	95.323	13.881
swarm_139_47.pdb	0	37.420	74.246	13.872
swarm_105_47.pdb	0	30.511	74.335	13.856
swarm_35_1.pdb	0	40.167	95.077	13.824
swarm_94_165.pdb	0	34.488	88.232	13.817
swarm_113_75.pdb	0	22.057	47.920	13.809
swarm_67_78.pdb	0	29.276	64.687	13.774
swarm_140_153.pdb	0	21.886	51.039	13.764
swarm_85_49.pdb	0	40.666	92.976	13.761
swarm_152_129.pdb	0	28.609	50.959	13.760
swarm_153_57.pdb	0	27.226	44.773	13.758
swarm_131_42.pdb	0	33.935	87.759	13.756
swarm_115_111.pdb	0	35.631	60.494	13.748
swarm_0_166.pdb	0	33.407	86.540	13.737
swarm_28_191.pdb	0	19.173	52.839	13.724
swarm_161_112.pdb	0	26.789	74.661	13.707
swarm_144_198.pdb	0	26.267	73.287	13.702
swarm_140_89.pdb	0	20.949	57.279	13.701
swarm_131_127.pdb	0	34.014	86.233	13.696
swarm_161_119.pdb	0	34.174	71.326	13.686
swarm_98_25.pdb	0	24.198	45.710	13.661
swarm_135_152.pdb	0	20.465	84.205	13.653
swarm_98_196.pdb	0	23.203	40.172	13.637
swarm_86_193.pdb	0	32.683	59.223	13.599
swarm_68_65.pdb	0	29.523	60.780	13.597
swarm_89_194.pdb	0	30.683	87.436	13.587
swarm_15_185.pdb	0	24.411	35.982	13.523
swarm_15_187.pdb	0	24.945	37.691	13.517
swarm_114_33.pdb	0	26.631	57.742	13.506
swarm_116_138.pdb	0	29.813	54.283	13.465
swarm_88_145.pdb	0	33.785	91.659	13.450
swarm_28_7.pdb	0.0119048	23.949	47.970	13.427
swarm_35_127.pdb	0	37.533	91.552	13.426
swarm_122_51.pdb	0	40.260	93.689	13.423
swarm_106_168.pdb	0	37.711	101.888	13.419
swarm_5_33.pdb	0	29.234	52.466	13.407
swarm_52_167.pdb	0	30.513	69.755	13.400
swarm_57_192.pdb	0	38.845	85.565	13.396
swarm_13_2.pdb	0	36.584	70.311	13.386
swarm_126_89.pdb	0	31.216	93.394	13.386
swarm_114_25.pdb	0	29.793	64.138	13.371
swarm_167_77.pdb	0.0178571	14.596	31.937	13.365
swarm_92_55.pdb	0	29.456	43.027	13.357
swarm_161_196.pdb	0	32.027	78.055	13.342
swarm_0_175.pdb	0	48.802	83.336	13.336
swarm_89_91.pdb	0	24.690	67.537	13.331
swarm_168_91.pdb	0	32.109	47.330	13.321
swarm_142_183.pdb	0	14.299	21.207	13.317
swarm_35_135.pdb	0	31.259	92.746	13.294
swarm_143_148.pdb	0	30.484	64.448	13.271
swarm_24_145.pdb	0	34.066	93.087	13.259
swarm_28_196.pdb	0	29.205	55.894	13.251
swarm_104_34.pdb	0	36.352	86.866	13.251
swarm_93_176.pdb	0	44.339	73.815	13.238
swarm_85_94.pdb	0	35.088	79.933	13.213
swarm_38_86.pdb	0	33.211	53.871	13.202
swarm_142_156.pdb	0.00595238	19.464	46.263	13.201
swarm_105_178.pdb	0	36.051	86.990	13.198
swarm_35_9.pdb	0	31.326	88.575	13.166
swarm_5_188.pdb	0	25.344	50.233	13.165
swarm_87_16.pdb	0	39.486	100.848	13.152
swarm_104_28.pdb	0	31.283	81.293	13.151
swarm_93_70.pdb	0	39.691	72.519	13.119
swarm_123_102.pdb	0	21.343	62.824	13.116
swarm_82_178.pdb	0	50.437	91.785	13.111
swarm_144_91.pdb	0	30.164	94.051	13.100
swarm_121_12.pdb	0	31.673	57.844	13.093
swarm_127_50.pdb	0	12.892	39.102	13.077
swarm_151_19.pdb	0	30.534	59.385	13.076
swarm_126_121.pdb	0	31.392	96.082	13.071
swarm_2_81.pdb	0	43.767	80.039	13.054
swarm_3_168.pdb	0	15.704	34.838	13.051
swarm_104_60.pdb	0	41.044	89.637	13.049
swarm_116_13.pdb	0	20.138	56.851	13.044
swarm_148_76.pdb	0	35.860	69.386	13.041
swarm_98_182.pdb	0	35.915	55.391	13.009
swarm_92_28.pdb	0	28.067	46.006	12.998
swarm_24_135.pdb	0	35.820	88.636	12.989
swarm_161_165.pdb	0	33.476	65.448	12.989
swarm_97_72.pdb	0	37.862	68.237	12.980
swarm_139_26.pdb	0	30.722	65.466	12.980
swarm_13_64.pdb	0	30.489	75.675	12.979
swarm_0_37.pdb	0	43.474	86.376	12.964
swarm_1_80.pdb	0	37.839	73.843	12.957
swarm_116_67.pdb	0	24.534	38.668	12.947
swarm_51_62.pdb	0	37.883	77.737	12.944
swarm_84_178.pdb	0	26.038	80.799	12.943
swarm_81_27.pdb	0	28.786	102.856	12.936
swarm_29_70.pdb	0	25.976	52.252	12.932
swarm_159_27.pdb	0	31.199	87.178	12.925
swarm_137_27.pdb	0	42.771	91.185	12.923
swarm_80_33.pdb	0	36.419	78.317	12.912
swarm_88_72.pdb	0	38.769	90.821	12.904
swarm_112_34.pdb	0	38.245	53.267	12.897
swarm_57_196.pdb	0	31.992	86.948	12.887
swarm_57_125.pdb	0	39.084	88.134	12.886
swarm_35_107.pdb	0	33.550	95.004	12.881
swarm_35_36.pdb	0	32.866	98.042	12.879
swarm_47_183.pdb	0	34.238	67.647	12.871
swarm_120_193.pdb	0	27.422	59.829	12.871
swarm_81_100.pdb	0	37.675	93.256	12.861
swarm_57_134.pdb	0	38.501	84.374	12.837
swarm_126_154.pdb	0	43.380	92.304	12.829
swarm_123_66.pdb	0	31.834	59.299	12.810
swarm_65_146.pdb	0	36.201	89.187	12.808
swarm_82_55.pdb	0	32.215	79.412	12.798
swarm_104_155.pdb	0	35.382	87.228	12.788
swarm_88_137.pdb	0	34.093	84.356	12.786
swarm_120_99.pdb	0	29.507	59.599	12.784
swarm_80_9.pdb	0	35.151	78.848	12.781
swarm_135_75.pdb	0	31.333	69.673	12.759
swarm_97_167.pdb	0	47.580	76.313	12.747
swarm_35_117.pdb	0.0119048	31.294	95.366	12.746
swarm_119_37.pdb	0	49.084	74.039	12.745
swarm_160_154.pdb	0	32.531	56.636	12.742
swarm_102_189.pdb	0	27.344	69.629	12.721
swarm_153_20.pdb	0	19.205	46.970	12.715
swarm_88_117.pdb	0	28.613	82.102	12.714
swarm_126_113.pdb	0	38.089	90.572	12.697
swarm_156_52.pdb	0	28.674	80.821	12.676
swarm_87_134.pdb	0	35.011	101.241	12.634
swarm_46_101.pdb	0	40.619	93.724	12.633
swarm_59_22.pdb	0	32.430	85.203	12.615
swarm_44_197.pdb	0	28.481	69.837	12.608
swarm_13_52.pdb	0	37.552	80.334	12.577
swarm_68_155.pdb	0	32.178	50.891	12.556
swarm_105_185.pdb	0	36.645	82.182	12.544
swarm_81_53.pdb	0	38.431	101.529	12.528
swarm_85_60.pdb	0	36.790	97.404	12.517
swarm_88_118.pdb	0	35.893	85.254	12.514
swarm_123_179.pdb	0	38.537	72.118	12.494
swarm_157_148.pdb	0	30.103	52.300	12.489
swarm_91_11.pdb	0	24.896	56.360	12.484
swarm_26_87.pdb	0	24.492	39.414	12.484
swarm_106_185.pdb	0	34.149	91.980	12.465
swarm_44_107.pdb	0	28.903	57.601	12.455
swarm_57_156.pdb	0	36.112	88.968	12.441
swarm_126_40.pdb	0	43.030	95.678	12.439
swarm_59_106.pdb	0	32.555	82.516	12.437
swarm_2_98.pdb	0	45.896	88.099	12.431
swarm_91_112.pdb	0	30.599	48.415	12.428
swarm_82_61.pdb	0	38.534	86.916	12.423
swarm_46_106.pdb	0	34.191	91.752	12.422
swarm_148_109.pdb	0	40.306	76.079	12.414
swarm_129_83.pdb	0	33.527	91.032	12.407
swarm_35_70.pdb	0	32.087	90.148	12.398
swarm_122_25.pdb	0	27.649	96.351	12.382
swarm_99_162.pdb	0	26.338	39.405	12.380
swarm_34_115.pdb	0.0119048	23.418	67.969	12.369
swarm_82_45.pdb	0	30.061	78.744	12.361
swarm_51_152.pdb	0	28.604	55.944	12.355
swarm_115_168.pdb	0	28.345	63.319	12.347
swarm_67_146.pdb	0	33.000	83.463	12.339
swarm_155_95.pdb	0	31.581	100.994	12.309
swarm_82_96.pdb	0	40.629	79.351	12.296
swarm_148_77.pdb	0	45.126	82.687	12.283
swarm_0_66.pdb	0	42.337	82.877	12.268
swarm_11_22.pdb	0	31.520	48.516	12.257
swarm_93_174.pdb	0	38.848	71.219	12.256
swarm_160_118.pdb	0	32.256	62.427	12.210
swarm_82_168.pdb	0	43.687	90.917	12.187
swarm_87_139.pdb	0	40.146	95.260	12.186
swarm_91_6.pdb	0	21.554	49.406	12.179
swarm_134_187.pdb	0	24.376	40.816	12.164
swarm_108_14.pdb	0	21.140	73.352	12.163
swarm_97_30.pdb	0	37.375	65.434	12.144
swarm_42_51.pdb	0	37.357	62.521	12.139
swarm_52_120.pdb	0	31.584	55.964	12.132
swarm_28_16.pdb	0	35.981	61.547	12.132
swarm_82_101.pdb	0	35.944	97.846	12.129
swarm_84_125.pdb	0	32.867	84.966	12.123
swarm_12_108.pdb	0	31.923	67.910	12.117
swarm_141_199.pdb	0	28.642	43.792	12.105
swarm_90_20.pdb	0	25.243	39.556	12.101
swarm_81_91.pdb	0	50.734	103.267	12.099
swarm_58_146.pdb	0	31.105	59.043	12.092
swarm_38_92.pdb	0	23.435	40.373	12.066
swarm_141_57.pdb	0	39.205	57.831	12.055
swarm_148_111.pdb	0	43.704	85.589	12.052
swarm_108_77.pdb	0	19.173	71.630	12.008
swarm_92_6.pdb	0	29.072	57.672	11.989
swarm_83_145.pdb	0	24.498	64.312	11.989
swarm_96_23.pdb	0	34.734	62.650	11.985
swarm_58_194.pdb	0	22.709	49.120	11.942
swarm_159_78.pdb	0	43.527	96.814	11.907
swarm_158_170.pdb	0.0119048	13.618	36.559	11.897
swarm_2_22.pdb	0	44.814	78.236	11.896
swarm_49_160.pdb	0	33.217	82.696	11.881
swarm_148_69.pdb	0	37.817	88.315	11.881
swarm_49_108.pdb	0	37.832	77.139	11.875
swarm_154_79.pdb	0	26.113	72.280	11.862
swarm_121_48.pdb	0	39.920	65.280	11.861
swarm_47_95.pdb	0	27.345	73.039	11.840
swarm_95_28.pdb	0	39.564	58.412	11.829
swarm_104_14.pdb	0	38.918	87.024	11.822
swarm_103_155.pdb	0	34.374	92.521	11.781
swarm_126_60.pdb	0	42.234	98.899	11.776
swarm_159_157.pdb	0	40.814	92.427	11.767
swarm_0_140.pdb	0	39.825	74.362	11.766
swarm_134_64.pdb	0	19.092	33.597	11.739
swarm_81_99.pdb	0	39.494	89.867	11.734
swarm_120_161.pdb	0	19.851	48.915	11.734
swarm_104_16.pdb	0	31.504	74.091	11.713
swarm_111_193.pdb	0	25.640	57.091	11.661
swarm_140_198.pdb	0	28.030	45.883	11.656
swarm_97_29.pdb	0	33.067	57.724	11.654
swarm_159_26.pdb	0	39.055	100.286	11.609
swarm_94_154.pdb	0	31.349	88.003	11.597
swarm_122_180.pdb	0	32.898	88.013	11.591
swarm_125_169.pdb	0	30.118	49.931	11.590
swarm_24_172.pdb	0	22.575	74.780	11.584
swarm_0_188.pdb	0	43.696	79.770	11.576
swarm_100_190.pdb	0	20.691	30.639	11.574
swarm_57_15.pdb	0	35.807	84.826	11.549
swarm_123_40.pdb	0	28.415	65.005	11.537
swarm_11_106.pdb	0	23.586	33.006	11.520
swarm_0_52.pdb	0	40.204	82.329	11.505
swarm_93_97.pdb	0	40.154	79.727	11.488
swarm_93_26.pdb	0	43.582	75.731	11.471
swarm_106_80.pdb	0	32.628	88.704	11.446
swarm_106_173.pdb	0	36.896	96.507	11.438
swarm_149_118.pdb	0	23.290	53.772	11.435
swarm_108_148.pdb	0	25.559	65.668	11.416
swarm_90_110.pdb	0	44.569	62.573	11.397
swarm_148_196.pdb	0	33.956	96.600	11.374
swarm_161_57.pdb	0.00595238	24.423	79.912	11.353
swarm_80_84.pdb	0	36.730	74.233	11.349
swarm_96_191.pdb	0	40.619	57.209	11.348
swarm_120_105.pdb	0	29.648	61.520	11.346
swarm_37_121.pdb	0	23.825	42.914	11.314
swarm_134_161.pdb	0	30.063	60.905	11.294
swarm_25_153.pdb	0	29.533	89.507	11.290
swarm_139_152.pdb	0	28.462	50.068	11.285
swarm_112_65.pdb	0	40.122	58.267	11.284
swarm_24_150.pdb	0	32.608	75.613	11.280
swarm_68_80.pdb	0	30.891	71.157	11.261
swarm_2_28.pdb	0	35.473	79.904	11.255
swarm_95_93.pdb	0	39.796	74.916	11.244
swarm_68_59.pdb	0	25.963	61.587	11.241
swarm_137_194.pdb	0	38.455	91.780	11.236
swarm_29_2.pdb	0	25.297	53.452	11.225
swarm_61_48.pdb	0	25.285	75.474	11.215
swarm_46_74.pdb	0	45.619	101.280	11.210
swarm_129_12.pdb	0	33.179	88.791	11.209
swarm_98_51.pdb	0	35.231	58.061	11.203
swarm_117_72.pdb	0	21.737	52.576	11.201
swarm_122_154.pdb	0	37.059	81.430	11.199
swarm_98_191.pdb	0.00595238	32.468	57.041	11.193
swarm_111_38.pdb	0	38.939	54.009	11.167
swarm_83_154.pdb	0	21.316	69.830	11.165
swarm_95_174.pdb	0	48.173	70.777	11.139
swarm_118_117.pdb	0	39.002	74.503	11.138
swarm_105_143.pdb	0	28.000	79.099	11.126
swarm_107_18.pdb	0	20.290	48.875	11.116
swarm_113_43.pdb	0	19.705	40.930	11.106
swarm_148_52.pdb	0	38.498	94.049	11.104
swarm_121_73.pdb	0	28.447	62.243	11.086
swarm_160_21.pdb	0	33.897	55.956	11.067
swarm_158_28.pdb	0	24.559	39.063	11.053
swarm_0_17.pdb	0	28.487	82.933	11.012
swarm_137_84.pdb	0	42.116	92.599	11.006
swarm_112_193.pdb	0	21.443	45.864	10.996
swarm_47_165.pdb	0	25.783	75.020	10.976
swarm_148_146.pdb	0	36.850	86.256	10.969
swarm_103_8.pdb	0	37.283	86.231	10.947
swarm_35_66.pdb	0	37.795	93.158	10.939
swarm_153_112.pdb	0	24.596	51.011	10.939
swarm_99_115.pdb	0	33.511	59.932	10.901
swarm_130_9.pdb	0	24.869	41.025	10.894
swarm_52_156.pdb	0	29.474	60.927	10.879
swarm_104_120.pdb	0	43.422	74.459	10.869
swarm_96_8.pdb	0	33.957	58.778	10.851
swarm_49_54.pdb	0	28.935	68.655	10.825
swarm_52_57.pdb	0.0416667	23.975	62.163	10.816
swarm_128_138.pdb	0	27.164	90.419	10.803
swarm_47_139.pdb	0.00595238	20.352	74.899	10.796
swarm_95_127.pdb	0	35.820	65.323	10.791
swarm_13_128.pdb	0	36.430	72.098	10.786
swarm_98_68.pdb	0	31.412	54.505	10.781
swarm_35_0.pdb	0	41.773	88.015	10.763
swarm_91_127.pdb	0	30.779	42.612	10.758
swarm_137_151.pdb	0	35.504	88.254	10.721
swarm_115_119.pdb	0	44.432	72.637	10.715
swarm_114_11.pdb	0.00595238	23.352	54.794	10.712
swarm_128_187.pdb	0	36.030	81.249	10.703
swarm_99_5.pdb	0	40.793	58.982	10.685
swarm_85_137.pdb	0	33.922	87.115	10.666
swarm_126_170.pdb	0	46.627	91.530	10.656
swarm_72_123.pdb	0	31.552	83.694	10.650
swarm_84_89.pdb	0	36.786	78.557	10.646
swarm_16_113.pdb	0	28.663	47.906	10.642
swarm_98_7.pdb	0	37.029	57.412	10.638
swarm_0_45.pdb	0	35.690	86.499	10.626
swarm_132_145.pdb	0.00595238	28.227	58.532	10.595
swarm_98_166.pdb	0.00595238	35.037	52.432	10.591
swarm_46_185.pdb	0	42.217	94.781	10.568
swarm_144_145.pdb	0	28.274	88.478	10.526
swarm_110_46.pdb	0	26.557	56.769	10.517
swarm_52_143.pdb	0	32.067	67.448	10.509
swarm_110_160.pdb	0	30.422	71.040	10.508
swarm_72_182.pdb	0	28.624	63.808	10.501
swarm_159_141.pdb	0	42.324	98.149	10.494
swarm_57_145.pdb	0	38.908	87.809	10.490
swarm_129_82.pdb	0	30.032	93.728	10.478
swarm_120_58.pdb	0	37.437	68.313	10.449
swarm_57_186.pdb	0	36.420	87.684	10.446
swarm_9_47.pdb	0	27.957	63.532	10.436
swarm_115_199.pdb	0	21.618	56.797	10.408
swarm_104_195.pdb	0	33.331	73.757	10.403
swarm_113_84.pdb	0.00595238	24.404	51.451	10.396
swarm_141_198.pdb	0	27.975	56.666	10.385
swarm_37_3.pdb	0	34.007	58.743	10.384
swarm_115_0.pdb	0	42.650	64.767	10.368
swarm_90_119.pdb	0	36.948	53.095	10.360
swarm_97_197.pdb	0	41.348	66.178	10.356
swarm_1_192.pdb	0	34.399	79.444	10.356
swarm_63_175.pdb	0	28.797	67.715	10.343
swarm_132_92.pdb	0	32.188	53.156	10.338
swarm_126_169.pdb	0	41.968	91.059	10.338
swarm_133_25.pdb	0	24.024	44.072	10.326
swarm_111_109.pdb	0.0178571	27.331	54.410	10.323
swarm_82_186.pdb	0	42.358	88.056	10.320
swarm_67_149.pdb	0	28.722	58.025	10.311
swarm_0_39.pdb	0	38.445	91.090	10.296
swarm_146_37.pdb	0	31.097	90.586	10.288
swarm_99_46.pdb	0.0119048	33.416	54.782	10.283
swarm_126_8.pdb	0	32.574	90.016	10.282
swarm_61_58.pdb	0	38.154	65.746	10.279
swarm_24_193.pdb	0	25.043	74.232	10.279
swarm_1_6.pdb	0	35.406	71.363	10.246
swarm_136_174.pdb	0	34.623	83.680	10.229
swarm_166_36.pdb	0	38.205	65.165	10.184
swarm_49_97.pdb	0	25.849	77.357	10.157
swarm_150_117.pdb	0	35.370	91.899	10.104
swarm_5_95.pdb	0	22.723	52.368	10.070
swarm_91_199.pdb	0	42.785	63.912	10.059
swarm_82_120.pdb	0	35.250	98.001	10.047
swarm_99_40.pdb	0	37.736	60.075	10.038
swarm_120_192.pdb	0	30.275	71.143	9.989
swarm_141_99.pdb	0	25.875	47.180	9.978
swarm_81_179.pdb	0	41.299	95.978	9.967
swarm_106_189.pdb	0	39.196	102.081	9.951
swarm_139_83.pdb	0	28.029	64.747	9.940
swarm_120_181.pdb	0	36.860	63.114	9.896
swarm_88_148.pdb	0	32.388	97.489	9.893
swarm_153_165.pdb	0	31.637	52.669	9.891
swarm_97_174.pdb	0	41.478	69.170	9.864
swarm_18_58.pdb	0	34.010	93.939	9.822
swarm_140_34.pdb	0	35.648	64.215	9.818
swarm_129_15.pdb	0	34.166	93.721	9.816
swarm_2_133.pdb	0	36.851	71.993	9.785
swarm_50_122.pdb	0	25.065	62.992	9.776
swarm_35_31.pdb	0	36.380	82.955	9.772
swarm_79_190.pdb	0	28.783	65.925	9.735
swarm_35_149.pdb	0	33.093	89.401	9.727
swarm_44_157.pdb	0	18.684	67.684	9.726
swarm_81_116.pdb	0	48.117	92.892	9.709
swarm_0_100.pdb	0	40.994	86.151	9.704
swarm_98_58.pdb	0	21.495	47.473	9.698
swarm_78_76.pdb	0	32.794	83.997	9.683
swarm_52_171.pdb	0	20.759	66.637	9.679
swarm_107_140.pdb	0.00595238	29.348	46.816	9.677
swarm_21_183.pdb	0.00595238	18.196	74.730	9.676
swarm_111_180.pdb	0	26.724	54.779	9.663
swarm_68_41.pdb	0	36.315	63.327	9.646
swarm_131_135.pdb	0	34.717	90.208	9.631
swarm_79_129.pdb	0	27.775	68.979	9.611
swarm_85_167.pdb	0	43.298	86.081	9.501
swarm_141_6.pdb	0	23.867	53.560	9.466
swarm_127_131.pdb	0	27.222	46.649	9.452
swarm_90_100.pdb	0	29.480	57.623	9.447
swarm_126_10.pdb	0	37.225	97.018	9.421
swarm_121_122.pdb	0	35.940	63.473	9.403
swarm_123_162.pdb	0	37.866	73.748	9.402
swarm_141_141.pdb	0	26.577	43.963	9.388
swarm_85_169.pdb	0	42.060	84.567	9.371
swarm_113_154.pdb	0	32.125	52.226	9.364
swarm_0_147.pdb	0	37.201	80.711	9.339
swarm_47_87.pdb	0	33.308	71.840	9.336
swarm_123_10.pdb	0	32.216	56.946	9.320
swarm_95_58.pdb	0	34.188	52.796	9.288
swarm_43_141.pdb	0	34.792	79.828	9.271
swarm_93_112.pdb	0	38.800	72.171	9.269
swarm_24_123.pdb	0	36.125	75.122	9.247
swarm_115_188.pdb	0	39.043	62.265	9.240
swarm_95_91.pdb	0.00595238	40.313	70.408	9.196
swarm_6_86.pdb	0	35.229	90.070	9.169
swarm_110_199.pdb	0	35.007	69.530	9.161
swarm_138_178.pdb	0	29.008	70.071	9.125
swarm_37_63.pdb	0.0119048	21.884	53.027	9.112
swarm_100_83.pdb	0	31.532	50.081	9.109
swarm_43_1.pdb	0	24.702	64.556	9.108
swarm_95_180.pdb	0	47.589	70.533	9.082
swarm_100_28.pdb	0	22.594	34.115	9.071
swarm_136_158.pdb	0	42.357	94.978	9.056
swarm_153_189.pdb	0	30.492	53.172	9.054
swarm_100_18.pdb	0	38.289	57.314	9.027
swarm_110_41.pdb	0	27.573	65.869	8.999
swarm_96_193.pdb	0	31.439	64.967	8.994
swarm_169_27.pdb	0	31.503	52.140	8.985
swarm_149_165.pdb	0	25.228	48.531	8.964
swarm_85_2.pdb	0	35.450	82.599	8.946
swarm_98_94.pdb	0	40.305	60.860	8.935
swarm_52_79.pdb	0	28.983	64.640	8.924
swarm_37_108.pdb	0	25.569	44.964	8.915
swarm_36_188.pdb	0	24.131	81.200	8.887
swarm_96_95.pdb	0	32.622	68.310	8.873
swarm_69_23.pdb	0	29.778	97.806	8.868
swarm_162_171.pdb	0	28.001	79.549	8.865
swarm_66_143.pdb	0	26.594	67.770	8.853
swarm_38_169.pdb	0	32.530	59.014	8.818
swarm_114_72.pdb	0	15.936	36.385	8.814
swarm_120_164.pdb	0.00595238	28.455	59.682	8.808
swarm_2_101.pdb	0	39.311	81.506	8.789
swarm_166_182.pdb	0	24.700	53.126	8.773
swarm_48_175.pdb	0	36.242	61.368	8.747
swarm_112_11.pdb	0	43.893	61.180	8.743
swarm_38_7.pdb	0	32.356	55.420	8.736
swarm_139_122.pdb	0	35.704	68.690	8.734
swarm_160_161.pdb	0	30.646	58.715	8.726
swarm_32_152.pdb	0	34.596	92.789	8.716
swarm_43_104.pdb	0	23.757	67.913	8.669
swarm_122_87.pdb	0	28.242	85.173	8.667
swarm_53_109.pdb	0	26.943	99.765	8.620
swarm_21_22.pdb	0	31.304	84.196	8.582
swarm_90_157.pdb	0	33.453	55.868	8.568
swarm_90_66.pdb	0	21.204	38.306	8.561
swarm_102_61.pdb	0	28.872	79.502	8.551
swarm_1_53.pdb	0	32.329	81.230	8.546
swarm_143_198.pdb	0	26.230	78.370	8.545
swarm_32_38.pdb	0	31.047	101.018	8.538
swarm_100_75.pdb	0	20.175	32.078	8.524
swarm_149_17.pdb	0	24.744	67.580	8.523
swarm_123_9.pdb	0.00595238	25.507	65.507	8.504
swarm_106_113.pdb	0	35.435	90.961	8.502
swarm_53_110.pdb	0	28.927	98.723	8.484
swarm_112_184.pdb	0	41.072	60.059	8.478
swarm_111_37.pdb	0	27.493	56.269	8.478
swarm_130_158.pdb	0	26.085	53.688	8.473
swarm_31_197.pdb	0	34.221	60.929	8.467
swarm_148_82.pdb	0	45.515	92.316	8.389
swarm_82_142.pdb	0	36.202	90.187	8.382
swarm_158_95.pdb	0	24.368	36.467	8.372
swarm_1_140.pdb	0	41.713	69.514	8.363
swarm_24_194.pdb	0	36.988	82.082	8.362
swarm_136_115.pdb	0	28.235	91.544	8.351
swarm_60_51.pdb	0.00595238	21.975	70.938	8.335
swarm_1_159.pdb	0	29.320	71.753	8.324
swarm_98_179.pdb	0.00595238	31.421	57.257	8.323
swarm_155_14.pdb	0	33.910	94.468	8.307
swarm_66_176.pdb	0	30.096	64.074	8.291
swarm_141_59.pdb	0	32.625	50.692	8.274
swarm_105_188.pdb	0	33.367	82.004	8.263
swarm_155_26.pdb	0	24.296	96.278	8.238
swarm_156_113.pdb	0	30.435	85.187	8.234
swarm_107_24.pdb	0	35.155	55.587	8.231
swarm_155_16.pdb	0	34.611	94.596	8.183
swarm_125_76.pdb	0	30.625	45.620	8.136
swarm_133_34.pdb	0	24.663	40.175	8.132
swarm_123_59.pdb	0	37.955	66.360	8.123
swarm_126_75.pdb	0	37.979	103.339	8.103
swarm_85_42.pdb	0	36.126	98.623	8.101
swarm_100_142.pdb	0	21.501	39.155	8.100
swarm_71_21.pdb	0	29.486	79.423	8.094
swarm_37_60.pdb	0	30.089	52.588	8.064
swarm_122_26.pdb	0	33.332	88.448	8.036
swarm_96_139.pdb	0	26.910	61.870	8.028
swarm_166_193.pdb	0	39.384	61.538	8.026
swarm_120_7.pdb	0	22.263	53.450	7.994
swarm_11_83.pdb	0	23.104	37.745	7.981
swarm_150_109.pdb	0	31.381	93.857	7.977
swarm_91_18.pdb	0	23.105	52.449	7.968
swarm_122_33.pdb	0	26.433	83.926	7.943
swarm_50_177.pdb	0	28.158	48.459	7.933
swarm_61_175.pdb	0	24.172	76.423	7.929
swarm_55_59.pdb	0	25.750	72.338	7.919
swarm_145_37.pdb	0	36.126	100.160	7.911
swarm_168_106.pdb	0	19.833	46.832	7.843
swarm_20_12.pdb	0	35.029	74.463	7.837
swarm_36_152.pdb	0	21.641	76.448	7.830
swarm_74_13.pdb	0	37.652	73.354	7.794
swarm_97_21.pdb	0	38.918	69.261	7.764
swarm_100_72.pdb	0	22.799	44.997	7.712
swarm_35_41.pdb	0	39.568	86.581	7.710
swarm_86_127.pdb	0	29.649	68.892	7.707
swarm_80_176.pdb	0	33.953	68.234	7.698
swarm_148_130.pdb	0	43.588	77.440	7.697
swarm_46_170.pdb	0	37.772	99.532	7.685
swarm_96_171.pdb	0	31.805	61.536	7.682
swarm_59_142.pdb	0	33.436	84.288	7.663
swarm_14_191.pdb	0	35.628	81.259	7.614
swarm_114_45.pdb	0	28.536	54.513	7.608
swarm_38_3.pdb	0	20.036	55.400	7.595
swarm_111_89.pdb	0	46.124	64.257	7.582
swarm_111_31.pdb	0	38.663	56.471	7.581
swarm_74_49.pdb	0	24.881	73.226	7.547
swarm_106_156.pdb	0	30.815	96.532	7.525
swarm_21_187.pdb	0	19.110	79.854	7.522
swarm_160_51.pdb	0	29.472	58.121	7.521
swarm_123_78.pdb	0	41.432	75.367	7.494
swarm_136_4.pdb	0	34.308	95.215	7.486
swarm_126_37.pdb	0	40.217	99.843	7.465
swarm_111_112.pdb	0	27.711	50.095	7.464
swarm_96_45.pdb	0	48.312	71.123	7.459
swarm_1_136.pdb	0	33.979	77.194	7.457
swarm_145_40.pdb	0	23.564	97.057	7.452
swarm_156_100.pdb	0	29.262	91.434	7.319
swarm_43_82.pdb	0	21.207	74.298	7.316
swarm_30_56.pdb	0	35.434	63.804	7.301
swarm_99_179.pdb	0	23.947	57.181	7.287
swarm_1_161.pdb	0	38.750	83.222	7.284
swarm_105_35.pdb	0	34.768	83.348	7.277
swarm_115_175.pdb	0	38.046	75.163	7.259
swarm_133_155.pdb	0	25.093	42.070	7.221
swarm_6_197.pdb	0	30.407	90.815	7.217
swarm_112_74.pdb	0	27.244	55.597	7.176
swarm_95_67.pdb	0	28.205	59.987	7.172
swarm_164_176.pdb	0	35.636	64.549	7.164
swarm_99_127.pdb	0	32.773	56.665	7.157
swarm_96_33.pdb	0	37.158	63.725	7.152
swarm_64_117.pdb	0	35.943	99.921	7.127
swarm_92_82.pdb	0	21.774	50.780	7.077
swarm_0_171.pdb	0	41.976	79.293	7.067
swarm_112_56.pdb	0	21.062	48.315	7.056
swarm_50_51.pdb	0	29.716	61.479	7.048
swarm_100_163.pdb	0	34.944	56.187	7.020
swarm_136_163.pdb	0	31.449	90.536	7.014
swarm_90_50.pdb	0	34.833	61.429	7.008
swarm_151_68.pdb	0	34.936	58.834	6.998
swarm_112_191.pdb	0	28.040	60.418	6.987
swarm_85_95.pdb	0	34.271	99.866	6.979
swarm_98_153.pdb	0	29.834	59.985	6.963
swarm_164_40.pdb	0	32.336	63.433	6.912
swarm_132_31.pdb	0	21.139	55.918	6.909
swarm_6_145.pdb	0	35.081	85.876	6.889
swarm_5_194.pdb	0	31.412	53.736	6.885
swarm_152_174.pdb	0	24.483	55.277	6.774
swarm_97_19.pdb	0	21.432	46.632	6.722
swarm_72_29.pdb	0	35.353	76.383	6.721
swarm_118_121.pdb	0	45.217	74.590	6.712
swarm_164_98.pdb	0	22.648	58.610	6.643
swarm_12_175.pdb	0	39.805	83.775	6.631
swarm_80_149.pdb	0.0119048	33.675	77.500	6.603
swarm_56_51.pdb	0	24.993	60.094	6.600
swarm_141_108.pdb	0.00595238	37.565	60.569	6.588
swarm_44_167.pdb	0	35.641	70.082	6.564
swarm_22_74.pdb	0	24.887	85.519	6.549
swarm_138_36.pdb	0	30.725	78.576	6.544
swarm_105_36.pdb	0	32.131	70.542	6.469
swarm_132_47.pdb	0	20.218	55.672	6.444
swarm_145_2.pdb	0	33.058	106.481	6.401
swarm_18_32.pdb	0	32.841	92.312	6.380
swarm_136_129.pdb	0	28.238	89.524	6.363
swarm_152_141.pdb	0	22.952	64.136	6.335
swarm_145_61.pdb	0	28.821	102.696	6.289
swarm_133_56.pdb	0	31.904	50.583	6.264
swarm_14_20.pdb	0	32.362	78.517	6.263
swarm_54_191.pdb	0	31.631	67.612	6.253
swarm_120_52.pdb	0	30.862	68.102	6.221
swarm_113_2.pdb	0	24.267	49.489	6.191
swarm_41_153.pdb	0	33.023	82.388	6.184
swarm_146_178.pdb	0	41.388	96.743	6.164
swarm_20_134.pdb	0	35.546	78.065	6.159
swarm_112_183.pdb	0	39.023	60.284	6.144
swarm_100_193.pdb	0	20.197	40.849	6.141
swarm_91_155.pdb	0	30.553	59.104	6.133
swarm_66_6.pdb	0	27.766	66.291	6.113
swarm_34_12.pdb	0	22.174	68.569	6.103
swarm_47_27.pdb	0	31.941	70.212	6.098
swarm_120_64.pdb	0	34.393	60.166	6.074
swarm_20_80.pdb	0	32.092	84.832	6.071
swarm_135_72.pdb	0	22.746	80.079	6.039
swarm_123_174.pdb	0	34.990	74.950	6.037
swarm_26_85.pdb	0	22.140	40.122	6.035
swarm_90_25.pdb	0	21.126	47.215	5.981
swarm_123_189.pdb	0	25.751	67.401	5.958
swarm_147_40.pdb	0	27.553	86.119	5.944
swarm_0_151.pdb	0	36.361	89.869	5.882
swarm_49_169.pdb	0	27.854	81.210	5.878
swarm_12_104.pdb	0	25.928	80.137	5.868
swarm_62_57.pdb	0	21.899	60.020	5.860
swarm_44_127.pdb	0	23.721	69.038	5.847
swarm_112_171.pdb	0	36.856	60.578	5.818
swarm_58_191.pdb	0	34.002	62.200	5.786
swarm_26_108.pdb	0	28.196	50.690	5.777
swarm_112_54.pdb	0	30.000	50.492	5.770
swarm_105_147.pdb	0	35.208	73.787	5.770
swarm_139_61.pdb	0	35.019	56.313	5.759
swarm_58_10.pdb	0	31.102	60.033	5.745
swarm_112_40.pdb	0	41.208	61.236	5.691
swarm_156_12.pdb	0	36.735	86.212	5.663
swarm_25_122.pdb	0	37.360	88.907	5.638
swarm_102_96.pdb	0	26.154	69.690	5.597
swarm_125_154.pdb	0	34.790	54.047	5.591
swarm_157_25.pdb	0	34.092	65.975	5.568
swarm_110_62.pdb	0	30.004	61.247	5.520
swarm_14_178.pdb	0	36.189	79.942	5.518
swarm_165_167.pdb	0	21.598	65.838	5.510
swarm_105_64.pdb	0	34.137	74.522	5.465
swarm_36_74.pdb	0	29.589	82.770	5.443
swarm_77_33.pdb	0	27.507	80.226	5.442
swarm_49_183.pdb	0	26.762	76.789	5.385
swarm_49_34.pdb	0	31.786	72.975	5.351
swarm_91_50.pdb	0	39.150	62.714	5.282
swarm_9_175.pdb	0	27.561	65.024	5.266
swarm_68_154.pdb	0	28.360	61.061	5.219
swarm_132_25.pdb	0	28.156	63.868	5.161
swarm_63_179.pdb	0	31.707	64.426	5.151
swarm_12_138.pdb	0	19.801	76.713	5.123
swarm_155_74.pdb	0	25.528	100.676	5.121
swarm_124_49.pdb	0	28.756	64.130	5.062
swarm_123_160.pdb	0	29.173	49.760	5.046
swarm_53_22.pdb	0	41.692	96.700	5.034
swarm_111_41.pdb	0	29.066	64.483	5.016
swarm_131_105.pdb	0	24.687	89.165	4.989
swarm_63_149.pdb	0	15.256	60.216	4.949
swarm_140_113.pdb	0	32.751	58.503	4.937
swarm_41_52.pdb	0	34.954	73.617	4.911
swarm_126_191.pdb	0	34.512	86.517	4.872
swarm_166_80.pdb	0	34.888	61.250	4.861
swarm_93_189.pdb	0	40.768	76.431	4.854
swarm_60_62.pdb	0	31.536	64.829	4.840
swarm_1_16.pdb	0	38.910	69.336	4.828
swarm_90_159.pdb	0	15.113	39.544	4.820
swarm_73_48.pdb	0	32.548	71.241	4.800
swarm_119_42.pdb	0	29.100	62.265	4.799
swarm_123_193.pdb	0	37.606	72.997	4.768
swarm_147_150.pdb	0	37.461	96.048	4.706
swarm_43_80.pdb	0	35.467	75.008	4.685
swarm_144_104.pdb	0	31.463	81.280	4.657
swarm_19_179.pdb	0	26.982	60.274	4.629
swarm_17_50.pdb	0	28.986	85.199	4.612
swarm_147_63.pdb	0	34.625	92.026	4.610
swarm_129_131.pdb	0	27.829	94.314	4.490
swarm_17_187.pdb	0	28.247	85.689	4.484
swarm_44_31.pdb	0	32.734	70.549	4.480
swarm_124_25.pdb	0	39.586	69.384	4.442
swarm_65_162.pdb	0	35.410	91.967	4.437
swarm_21_66.pdb	0	30.788	90.736	4.283
swarm_75_76.pdb	0	41.307	86.109	4.258
swarm_69_143.pdb	0	34.749	89.369	4.256
swarm_5_197.pdb	0	27.668	51.010	4.190
swarm_55_31.pdb	0	29.951	76.482	4.185
swarm_48_167.pdb	0	30.226	66.219	4.182
swarm_47_65.pdb	0	25.424	60.302	4.177
swarm_22_150.pdb	0	27.923	87.964	4.112
swarm_58_161.pdb	0	21.689	58.535	4.036
swarm_105_75.pdb	0	22.717	91.624	4.031
swarm_23_27.pdb	0.00595238	19.831	65.976	4.021
swarm_52_128.pdb	0	26.207	59.480	4.020
swarm_8_46.pdb	0	27.044	66.524	3.991
swarm_155_94.pdb	0	32.178	98.109	3.984
swarm_70_107.pdb	0	26.709	97.663	3.949
swarm_38_136.pdb	0	22.347	60.924	3.949
swarm_33_0.pdb	0	39.493	81.998	3.944
swarm_141_21.pdb	0	34.643	53.615	3.938
swarm_131_140.pdb	0	29.564	84.254	3.880
swarm_6_167.pdb	0	44.770	99.430	3.863
swarm_43_145.pdb	0	21.661	79.353	3.829
swarm_18_53.pdb	0	33.515	90.815	3.808
swarm_32_193.pdb	0	34.650	94.258	3.678
swarm_52_18.pdb	0	27.897	71.764	3.675
swarm_44_95.pdb	0	26.191	68.893	3.670
swarm_145_188.pdb	0	43.838	98.022	3.533
swarm_50_100.pdb	0	29.385	51.336	3.528
swarm_71_8.pdb	0	31.506	69.528	3.526
swarm_160_92.pdb	0	26.999	59.084	3.526
swarm_141_86.pdb	0	19.707	47.812	3.493
swarm_24_85.pdb	0	32.508	75.883	3.409
swarm_58_5.pdb	0	29.001	65.132	3.366
swarm_17_154.pdb	0	33.795	86.810	3.346
swarm_74_113.pdb	0	23.427	65.445	3.319
swarm_95_111.pdb	0	44.771	73.260	3.315
swarm_63_54.pdb	0	23.763	60.574	3.264
swarm_76_83.pdb	0	18.407	80.492	3.204
swarm_126_44.pdb	0	34.313	91.326	3.141
swarm_52_102.pdb	0	30.704	74.283	3.113
swarm_75_10.pdb	0	42.151	91.251	3.065
swarm_21_179.pdb	0	23.816	84.008	3.028
swarm_118_85.pdb	0	24.639	65.715	3.008
swarm_39_121.pdb	0	31.005	61.352	2.978
swarm_155_39.pdb	0	28.484	99.425	2.912
swarm_28_122.pdb	0	25.430	53.499	2.879
swarm_54_19.pdb	0	25.657	55.432	2.836
swarm_22_0.pdb	0	23.857	93.254	2.793
swarm_30_54.pdb	0	32.015	67.779	2.789
swarm_98_54.pdb	0	38.828	62.272	2.778
swarm_23_87.pdb	0.00595238	18.193	56.609	2.761
swarm_55_83.pdb	0	39.101	68.903	2.738
swarm_39_4.pdb	0	22.239	71.395	2.733
swarm_76_180.pdb	0	17.724	83.050	2.712
swarm_62_171.pdb	0	28.875	58.519	2.603
swarm_136_198.pdb	0	30.658	86.697	2.578
swarm_38_63.pdb	0	32.414	62.389	2.544
swarm_118_198.pdb	0	43.186	63.868	2.543
swarm_144_151.pdb	0	32.000	84.963	2.534
swarm_32_9.pdb	0	31.414	96.756	2.485
swarm_62_37.pdb	0.0119048	14.918	61.978	2.484
swarm_12_194.pdb	0	20.851	71.243	2.473
swarm_65_61.pdb	0	24.116	92.260	2.384
swarm_124_60.pdb	0	49.958	74.971	2.293
swarm_32_154.pdb	0	34.414	90.588	2.281
swarm_91_58.pdb	0	26.953	60.494	2.242
swarm_14_185.pdb	0	28.459	84.095	2.241
swarm_36_65.pdb	0	34.845	81.651	2.224
swarm_10_102.pdb	0	38.902	83.839	2.221
swarm_67_53.pdb	0	33.876	72.343	2.165
swarm_18_100.pdb	0	31.300	92.865	2.151
swarm_155_173.pdb	0	31.880	94.722	2.028
swarm_155_154.pdb	0	33.237	96.711	2.019
swarm_164_164.pdb	0	17.939	67.955	1.980
swarm_95_121.pdb	0	49.173	75.918	1.970
swarm_169_60.pdb	0	24.422	46.938	1.966
swarm_74_139.pdb	0	19.506	74.217	1.936
swarm_70_86.pdb	0	36.384	90.934	1.891
swarm_0_46.pdb	0	40.233	74.843	1.879
swarm_66_73.pdb	0	32.443	71.726	1.863
swarm_14_127.pdb	0	22.917	87.372	1.837
swarm_162_90.pdb	0	34.255	75.983	1.806
swarm_163_64.pdb	0	34.937	60.265	1.796
swarm_51_142.pdb	0	36.296	77.398	1.787
swarm_147_113.pdb	0	36.296	97.773	1.722
swarm_96_19.pdb	0.00595238	34.009	56.374	1.651
swarm_52_89.pdb	0	28.032	70.135	1.636
swarm_17_188.pdb	0	33.587	76.602	1.620
swarm_156_189.pdb	0	33.619	98.640	1.615
swarm_147_96.pdb	0	27.465	102.497	1.555
swarm_131_72.pdb	0	32.781	76.882	1.463
swarm_53_58.pdb	0	34.988	97.720	1.462
swarm_119_188.pdb	0	33.897	78.576	1.447
swarm_18_133.pdb	0	36.121	93.443	1.385
swarm_22_53.pdb	0	37.881	93.803	1.365
swarm_59_36.pdb	0	29.913	95.739	1.326
swarm_30_63.pdb	0	26.661	61.911	1.272
swarm_118_76.pdb	0	37.541	69.408	1.272
swarm_91_87.pdb	0	33.479	60.426	1.246
swarm_54_52.pdb	0	24.425	72.837	1.176
swarm_119_117.pdb	0	33.663	69.936	1.173
swarm_10_184.pdb	0	40.305	90.491	1.135
swarm_161_170.pdb	0	26.182	73.800	1.112
swarm_22_71.pdb	0	33.558	92.623	1.105
swarm_146_101.pdb	0	32.242	96.333	1.088
swarm_50_74.pdb	0	37.992	68.154	0.954
swarm_58_118.pdb	0	30.546	67.745	0.864
swarm_119_163.pdb	0	47.106	77.090	0.806
swarm_95_195.pdb	0	34.786	63.481	0.766
swarm_18_143.pdb	0	29.393	95.342	0.726
swarm_20_189.pdb	0	26.887	78.142	0.700
swarm_37_82.pdb	0	37.844	62.321	0.689
swarm_41_84.pdb	0	37.240	77.119	0.577
swarm_163_198.pdb	0	36.066	58.691	0.567
swarm_62_68.pdb	0	32.614	66.261	0.560
swarm_42_123.pdb	0	32.045	74.325	0.545
swarm_25_96.pdb	0	32.786	93.950	0.509
swarm_47_110.pdb	0	28.657	80.313	0.507
swarm_147_185.pdb	0	30.372	97.205	0.491
swarm_147_71.pdb	0	26.719	93.277	0.246
swarm_150_164.pdb	0	26.566	87.257	0.241
swarm_7_44.pdb	0	31.720	78.099	0.216
swarm_156_112.pdb	0	36.377	92.278	0.178
swarm_62_194.pdb	0	38.167	72.950	0.157
swarm_131_65.pdb	0	28.064	83.778	0.134
swarm_81_31.pdb	0	47.219	103.787	0.050
swarm_147_148.pdb	0	41.152	94.202	0.042
swarm_14_193.pdb	0	32.489	86.239	-0.038
swarm_41_68.pdb	0	34.093	86.264	-0.106
swarm_59_135.pdb	0	33.612	92.200	-0.148
swarm_150_121.pdb	0	30.775	92.535	-0.185
swarm_19_143.pdb	0	26.290	73.832	-0.186
swarm_169_59.pdb	0	24.256	52.567	-0.208
swarm_14_117.pdb	0	34.773	83.911	-0.221
swarm_106_153.pdb	0	37.373	93.975	-0.237
swarm_166_75.pdb	0	24.128	47.793	-0.259
swarm_53_60.pdb	0	33.181	101.997	-0.266
swarm_160_111.pdb	0.00595238	20.186	54.331	-0.268
swarm_157_107.pdb	0	22.503	52.332	-0.272
swarm_156_23.pdb	0	31.215	91.522	-0.293
swarm_69_197.pdb	0	34.371	89.907	-0.300
swarm_146_169.pdb	0	36.089	86.636	-0.373
swarm_33_159.pdb	0	42.281	88.002	-0.386
swarm_6_165.pdb	0	39.227	99.016	-0.409
swarm_123_140.pdb	0	23.949	60.506	-0.459
swarm_163_73.pdb	0	26.442	59.235	-0.473
swarm_65_68.pdb	0	34.867	89.891	-0.571
swarm_66_140.pdb	0	32.915	73.305	-0.589
swarm_18_157.pdb	0	33.142	88.185	-0.635
swarm_155_18.pdb	0	26.149	100.257	-0.636
swarm_51_135.pdb	0	20.945	68.493	-0.654
swarm_51_190.pdb	0	30.827	65.906	-0.690
swarm_74_79.pdb	0	29.002	56.856	-0.794
swarm_33_139.pdb	0	24.869	90.127	-0.817
swarm_14_152.pdb	0	30.542	92.489	-0.844
swarm_155_111.pdb	0	31.164	84.604	-0.871
swarm_25_73.pdb	0	38.555	86.253	-0.876
swarm_9_154.pdb	0	27.409	69.961	-0.890
swarm_162_136.pdb	0	36.064	70.411	-0.890
swarm_0_38.pdb	0	43.868	83.328	-0.907
swarm_78_70.pdb	0	33.579	76.938	-0.934
swarm_32_161.pdb	0	27.808	90.271	-0.970
swarm_37_7.pdb	0	39.246	59.252	-0.999
swarm_76_50.pdb	0	40.225	84.252	-1.067
swarm_128_66.pdb	0	31.408	94.525	-1.112
swarm_48_157.pdb	0	35.340	68.330	-1.173
swarm_18_197.pdb	0	36.420	93.957	-1.175
swarm_142_170.pdb	0	19.436	31.053	-1.205
swarm_74_42.pdb	0	30.740	78.997	-1.255
swarm_38_105.pdb	0	32.999	54.835	-1.270
swarm_47_40.pdb	0	24.357	75.949	-1.275
swarm_162_19.pdb	0	33.829	65.540	-1.276
swarm_111_21.pdb	0	32.227	67.713	-1.375
swarm_74_101.pdb	0	25.610	79.614	-1.385
swarm_53_189.pdb	0	30.331	97.134	-1.386
swarm_18_101.pdb	0	32.887	91.687	-1.411
swarm_70_43.pdb	0	29.262	84.667	-1.418
swarm_73_172.pdb	0	30.935	79.421	-1.423
swarm_76_106.pdb	0	19.285	68.221	-1.432
swarm_56_178.pdb	0	27.851	71.886	-1.441
swarm_76_60.pdb	0	35.245	70.260	-1.470
swarm_45_36.pdb	0	40.361	65.284	-1.470
swarm_114_41.pdb	0	27.105	57.782	-1.470
swarm_129_122.pdb	0	32.161	90.548	-1.476
swarm_66_12.pdb	0	31.602	67.462	-1.525
swarm_40_23.pdb	0	23.677	71.938	-1.542
swarm_66_79.pdb	0	32.410	70.287	-1.555
swarm_40_16.pdb	0	35.662	75.638	-1.585
swarm_147_52.pdb	0	32.974	90.349	-1.606
swarm_71_92.pdb	0	35.133	68.328	-1.609
swarm_45_161.pdb	0	29.527	60.900	-1.724
swarm_65_11.pdb	0	27.213	95.922	-1.767
swarm_157_64.pdb	0	27.521	59.431	-1.771
swarm_141_117.pdb	0	21.787	50.794	-1.789
swarm_121_102.pdb	0	31.708	52.909	-1.828
swarm_67_34.pdb	0	34.407	84.920	-1.833
swarm_50_87.pdb	0	33.365	63.742	-1.855
swarm_147_47.pdb	0	36.980	91.099	-1.918
swarm_151_91.pdb	0	28.887	64.643	-1.927
swarm_37_186.pdb	0	28.225	48.871	-1.947
swarm_145_31.pdb	0	43.097	100.408	-2.078
swarm_119_93.pdb	0	46.871	75.558	-2.185
swarm_9_161.pdb	0	33.429	72.760	-2.254
swarm_51_158.pdb	0	27.677	74.166	-2.283
swarm_168_183.pdb	0	20.323	43.731	-2.335
swarm_38_160.pdb	0	17.384	51.847	-2.356
swarm_106_44.pdb	0	36.563	95.475	-2.405
swarm_67_192.pdb	0	29.204	84.861	-2.463
swarm_9_21.pdb	0	35.033	74.173	-2.475
swarm_118_196.pdb	0	38.301	71.171	-2.486
swarm_14_43.pdb	0	34.240	93.255	-2.528
swarm_150_190.pdb	0	33.315	96.917	-2.574
swarm_22_85.pdb	0	44.444	100.465	-2.575
swarm_166_77.pdb	0	35.830	69.153	-2.579
swarm_118_81.pdb	0.00595238	28.863	70.714	-2.612
swarm_42_32.pdb	0	30.717	74.986	-2.619
swarm_157_17.pdb	0	38.218	62.903	-2.645
swarm_70_172.pdb	0	31.766	98.637	-2.750
swarm_150_193.pdb	0	36.796	95.445	-2.770
swarm_19_6.pdb	0	34.266	62.703	-2.811
swarm_156_174.pdb	0	24.280	91.964	-2.829
swarm_36_47.pdb	0	29.642	82.092	-2.843
swarm_55_23.pdb	0	28.476	64.597	-2.876
swarm_59_192.pdb	0	33.025	94.320	-2.975
swarm_39_187.pdb	0	36.014	71.930	-3.000
swarm_61_162.pdb	0	43.048	72.797	-3.019
swarm_168_145.pdb	0	30.167	50.885	-3.027
swarm_111_24.pdb	0	36.228	64.879	-3.055
swarm_9_25.pdb	0	23.038	66.121	-3.071
swarm_33_86.pdb	0	35.902	85.122	-3.086
swarm_17_34.pdb	0	36.346	86.546	-3.097
swarm_118_75.pdb	0	37.298	62.026	-3.145
swarm_72_67.pdb	0	33.395	86.101	-3.155
swarm_21_122.pdb	0	30.388	92.088	-3.164
swarm_21_109.pdb	0	34.116	70.741	-3.167
swarm_118_68.pdb	0	39.194	61.783	-3.170
swarm_62_70.pdb	0	34.893	71.601	-3.176
swarm_150_191.pdb	0	31.480	87.390	-3.188
swarm_75_41.pdb	0	32.207	84.092	-3.206
swarm_141_10.pdb	0	22.246	49.273	-3.208
swarm_161_169.pdb	0	30.684	77.732	-3.264
swarm_69_182.pdb	0	32.823	89.819	-3.286
swarm_50_196.pdb	0	30.157	66.893	-3.310
swarm_142_48.pdb	0	29.153	46.923	-3.335
swarm_103_183.pdb	0	32.991	98.525	-3.335
swarm_20_82.pdb	0	39.396	73.044	-3.339
swarm_30_13.pdb	0	31.741	60.956	-3.345
swarm_54_186.pdb	0	40.341	65.550	-3.386
swarm_30_156.pdb	0	26.120	61.409	-3.418
swarm_56_35.pdb	0	40.738	71.468	-3.423
swarm_71_140.pdb	0	28.188	78.311	-3.438
swarm_33_25.pdb	0	39.595	88.927	-3.587
swarm_73_66.pdb	0	28.021	70.885	-3.603
swarm_44_104.pdb	0	25.540	68.171	-3.639
swarm_54_27.pdb	0	38.784	69.223	-3.651
swarm_73_198.pdb	0	29.536	67.728	-3.672
swarm_147_167.pdb	0	37.001	95.212	-3.691
swarm_66_17.pdb	0	30.572	77.178	-3.790
swarm_72_51.pdb	0	36.034	81.452	-3.805
swarm_129_150.pdb	0	38.479	86.844	-3.830
swarm_48_32.pdb	0	28.404	68.740	-3.839
swarm_50_32.pdb	0	30.183	52.118	-3.886
swarm_47_43.pdb	0	32.496	66.034	-3.895
swarm_40_64.pdb	0	37.975	82.574	-3.913
swarm_33_107.pdb	0	32.956	85.604	-3.915
swarm_58_198.pdb	0	31.355	57.698	-3.965
swarm_124_52.pdb	0	38.648	73.233	-4.017
swarm_155_98.pdb	0	36.536	82.809	-4.032
swarm_111_95.pdb	0	34.409	71.449	-4.038
swarm_71_97.pdb	0	35.782	74.089	-4.060
swarm_22_25.pdb	0	31.897	92.963	-4.135
swarm_123_183.pdb	0	26.028	58.136	-4.141
swarm_41_198.pdb	0	26.896	72.094	-4.194
swarm_59_65.pdb	0	33.652	85.564	-4.242
swarm_22_114.pdb	0	24.073	90.593	-4.242
swarm_157_95.pdb	0	33.094	51.615	-4.251
swarm_14_77.pdb	0	36.801	92.189	-4.277
swarm_65_45.pdb	0	33.057	97.752	-4.279
swarm_65_1.pdb	0	35.836	89.264	-4.283
swarm_124_79.pdb	0	40.500	72.895	-4.420
swarm_63_86.pdb	0	31.119	73.703	-4.482
swarm_163_106.pdb	0	33.951	63.081	-4.525
swarm_122_10.pdb	0	37.830	85.876	-4.529
swarm_119_118.pdb	0	31.922	61.152	-4.564
swarm_71_4.pdb	0	35.179	66.161	-4.628
swarm_147_59.pdb	0	39.806	98.088	-4.630
swarm_86_187.pdb	0	36.958	72.611	-4.646
swarm_163_98.pdb	0	38.089	64.003	-4.656
swarm_7_114.pdb	0	41.293	68.670	-4.674
swarm_61_49.pdb	0	36.734	75.934	-4.688
swarm_22_124.pdb	0	26.899	97.887	-4.740
swarm_43_92.pdb	0	32.230	71.897	-4.774
swarm_43_48.pdb	0	33.081	71.712	-4.792
swarm_78_161.pdb	0	34.218	87.711	-4.837
swarm_95_52.pdb	0	32.224	59.963	-4.855
swarm_64_143.pdb	0	25.994	89.296	-4.859
swarm_55_61.pdb	0	40.621	67.740	-4.876
swarm_64_184.pdb	0	36.609	91.703	-4.952
swarm_6_133.pdb	0	25.594	94.109	-4.954
swarm_7_17.pdb	0	34.856	80.503	-4.959
swarm_119_18.pdb	0	31.170	72.714	-5.093
swarm_56_157.pdb	0	34.978	59.981	-5.141
swarm_25_115.pdb	0	39.464	87.976	-5.170
swarm_10_170.pdb	0	39.271	87.372	-5.195
swarm_146_124.pdb	0	30.296	97.071	-5.223
swarm_77_159.pdb	0	34.887	81.884	-5.423
swarm_22_159.pdb	0	28.747	94.410	-5.440
swarm_47_179.pdb	0	27.047	60.285	-5.441
swarm_145_35.pdb	0	35.793	92.293	-5.472
swarm_129_173.pdb	0	36.586	89.627	-5.578
swarm_59_88.pdb	0	42.388	89.019	-5.599
swarm_163_184.pdb	0	36.785	60.337	-5.600
swarm_37_80.pdb	0.0119048	20.509	56.083	-5.620
swarm_56_94.pdb	0	37.681	67.664	-5.635
swarm_42_189.pdb	0	40.369	65.610	-5.654
swarm_124_173.pdb	0	31.265	73.317	-5.657
swarm_70_121.pdb	0	33.473	81.311	-5.707
swarm_77_9.pdb	0	34.329	84.013	-5.733
swarm_162_46.pdb	0.00595238	27.171	69.013	-5.743
swarm_39_101.pdb	0	35.448	76.500	-5.746
swarm_166_152.pdb	0	33.029	62.254	-5.771
swarm_65_55.pdb	0	34.131	89.909	-5.818
swarm_32_100.pdb	0	35.533	98.971	-5.844
swarm_161_162.pdb	0	34.721	64.764	-5.845
swarm_38_84.pdb	0	19.760	58.174	-5.853
swarm_50_31.pdb	0	25.722	64.429	-5.876
swarm_50_59.pdb	0	35.026	67.103	-5.877
swarm_41_61.pdb	0	26.548	83.522	-5.879
swarm_45_51.pdb	0	23.024	57.448	-5.903
swarm_118_42.pdb	0	38.184	73.475	-5.931
swarm_150_7.pdb	0	35.029	94.044	-5.970
swarm_63_118.pdb	0	24.762	66.247	-5.973
swarm_39_161.pdb	0	31.317	71.301	-5.981
swarm_12_76.pdb	0	35.977	78.243	-5.987
swarm_145_26.pdb	0	34.814	101.825	-5.993
swarm_76_42.pdb	0	34.221	70.344	-6.023
swarm_40_85.pdb	0	37.712	78.165	-6.042
swarm_163_132.pdb	0	37.793	54.977	-6.052
swarm_119_2.pdb	0	40.075	58.435	-6.054
swarm_94_78.pdb	0	30.380	81.340	-6.090
swarm_56_185.pdb	0	35.456	65.795	-6.135
swarm_43_160.pdb	0	36.313	76.747	-6.140
swarm_20_59.pdb	0	31.799	68.806	-6.161
swarm_56_150.pdb	0	35.997	67.341	-6.178
swarm_7_173.pdb	0	29.522	64.051	-6.181
swarm_62_53.pdb	0	34.909	70.524	-6.184
swarm_118_99.pdb	0	38.461	66.518	-6.204
swarm_67_165.pdb	0	25.670	62.612	-6.313
swarm_166_71.pdb	0	28.745	64.166	-6.325
swarm_25_109.pdb	0	28.970	98.443	-6.348
swarm_21_77.pdb	0	35.424	73.189	-6.360
swarm_67_181.pdb	0	32.331	77.698	-6.362
swarm_64_142.pdb	0	36.628	97.250	-6.389
swarm_64_69.pdb	0	36.455	100.567	-6.414
swarm_54_91.pdb	0	31.078	68.655	-6.437
swarm_6_4.pdb	0	32.835	89.078	-6.439
swarm_25_36.pdb	0	38.816	91.258	-6.442
swarm_155_45.pdb	0	38.190	83.837	-6.470
swarm_10_0.pdb	0	31.669	90.074	-6.486
swarm_119_193.pdb	0	36.668	68.380	-6.520
swarm_64_151.pdb	0	33.959	103.649	-6.532
swarm_48_136.pdb	0	33.857	59.538	-6.584
swarm_10_89.pdb	0	30.818	79.027	-6.600
swarm_166_106.pdb	0	39.760	63.961	-6.640
swarm_62_56.pdb	0	24.570	72.101	-6.645
swarm_67_47.pdb	0	36.473	78.995	-6.669
swarm_8_155.pdb	0	38.678	75.226	-6.682
swarm_90_32.pdb	0	26.491	59.426	-6.684
swarm_47_89.pdb	0	30.144	78.988	-6.690
swarm_19_8.pdb	0	28.861	67.431	-6.696
swarm_166_144.pdb	0	36.838	61.955	-6.718
swarm_10_77.pdb	0	37.037	91.494	-6.800
swarm_19_159.pdb	0	40.015	64.557	-6.868
swarm_75_179.pdb	0	28.702	79.406	-6.879
swarm_103_126.pdb	0	38.402	86.354	-6.880
swarm_71_86.pdb	0	41.682	75.882	-6.895
swarm_162_185.pdb	0	19.455	59.625	-6.993
swarm_58_27.pdb	0	29.590	70.107	-7.004
swarm_17_26.pdb	0	37.142	82.827	-7.008
swarm_165_68.pdb	0	23.604	63.748	-7.026
swarm_14_102.pdb	0	32.797	94.284	-7.064
swarm_48_88.pdb	0	29.969	62.837	-7.116
swarm_41_74.pdb	0	39.200	74.199	-7.138
swarm_7_189.pdb	0.00595238	29.727	70.171	-7.141
swarm_7_121.pdb	0	43.811	80.281	-7.168
swarm_36_124.pdb	0	21.742	76.925	-7.216
swarm_14_111.pdb	0	31.310	73.292	-7.247
swarm_78_5.pdb	0	27.583	85.964	-7.341
swarm_124_36.pdb	0	27.523	71.210	-7.343
swarm_8_37.pdb	0	37.219	73.428	-7.362
swarm_54_140.pdb	0	38.779	65.658	-7.394
swarm_48_166.pdb	0	34.544	66.644	-7.404
swarm_156_129.pdb	0	33.700	86.065	-7.414
swarm_69_46.pdb	0	30.882	88.403	-7.417
swarm_48_40.pdb	0	34.145	67.056	-7.426
swarm_8_132.pdb	0	30.525	63.869	-7.443
swarm_45_11.pdb	0	30.179	61.086	-7.453
swarm_147_181.pdb	0	32.091	98.942	-7.466
swarm_48_22.pdb	0	36.575	60.963	-7.493
swarm_10_121.pdb	0	33.452	89.621	-7.494
swarm_48_188.pdb	0	36.792	59.721	-7.536
swarm_90_108.pdb	0	30.376	55.714	-7.605
swarm_41_110.pdb	0	43.534	90.062	-7.632
swarm_6_40.pdb	0	31.823	91.424	-7.641
swarm_73_83.pdb	0	34.681	70.384	-7.666
swarm_163_119.pdb	0	39.903	63.524	-7.668
swarm_10_85.pdb	0	22.996	95.352	-7.678
swarm_78_163.pdb	0	29.164	83.783	-7.700
swarm_124_170.pdb	0	31.639	77.680	-7.923
swarm_72_49.pdb	0	35.869	76.571	-7.925
swarm_157_175.pdb	0	39.209	60.006	-7.971
swarm_59_69.pdb	0	34.188	93.525	-7.998
swarm_39_164.pdb	0	19.821	61.425	-8.028
swarm_19_83.pdb	0	41.285	69.817	-8.048
swarm_47_116.pdb	0	18.228	75.298	-8.092
swarm_121_188.pdb	0	31.252	54.887	-8.113
swarm_41_77.pdb	0	29.648	88.185	-8.120
swarm_69_82.pdb	0	31.749	95.826	-8.146
swarm_49_7.pdb	0	31.121	67.749	-8.152
swarm_67_123.pdb	0	29.887	80.451	-8.164
swarm_61_65.pdb	0	32.005	76.551	-8.192
swarm_119_67.pdb	0	40.937	70.793	-8.227
swarm_55_113.pdb	0	26.873	64.594	-8.242
swarm_17_115.pdb	0	34.488	86.135	-8.280
swarm_163_140.pdb	0	42.811	68.937	-8.336
swarm_8_89.pdb	0	32.257	73.145	-8.366
swarm_10_1.pdb	0	24.065	85.426	-8.453
swarm_78_157.pdb	0	28.481	82.117	-8.599
swarm_73_35.pdb	0	31.183	62.739	-8.634
swarm_7_172.pdb	0	24.990	66.677	-8.679
swarm_6_90.pdb	0	40.501	97.468	-8.805
swarm_19_156.pdb	0	29.617	73.047	-8.828
swarm_77_185.pdb	0	41.783	81.006	-8.851
swarm_75_93.pdb	0	33.551	80.953	-8.871
swarm_26_22.pdb	0	23.248	47.231	-8.927
swarm_37_125.pdb	0	36.319	62.057	-8.964
swarm_122_153.pdb	0	32.377	98.286	-8.966
swarm_75_192.pdb	0	31.199	99.142	-8.998
swarm_77_80.pdb	0	27.423	68.428	-9.051
swarm_73_134.pdb	0	27.038	74.656	-9.132
swarm_166_65.pdb	0	26.822	53.887	-9.133
swarm_111_187.pdb	0	40.887	66.838	-9.136
swarm_69_71.pdb	0	35.456	93.100	-9.179
swarm_109_12.pdb	0	33.634	98.584	-9.255
swarm_74_15.pdb	0	29.741	73.790	-9.259
swarm_71_25.pdb	0	24.803	59.080	-9.265
swarm_43_100.pdb	0	22.385	77.828	-9.335
swarm_151_107.pdb	0	21.913	63.674	-9.514
swarm_9_118.pdb	0	34.802	67.011	-9.523
swarm_61_172.pdb	0	32.434	59.823	-9.535
swarm_59_49.pdb	0	30.759	70.289	-9.703
swarm_169_21.pdb	0	34.559	53.499	-9.721
swarm_10_163.pdb	0	36.712	91.395	-9.744
swarm_32_70.pdb	0	28.189	83.251	-9.748
swarm_42_63.pdb	0	25.571	70.991	-9.805
swarm_33_130.pdb	0	38.393	82.044	-9.818
swarm_54_90.pdb	0	38.080	70.968	-9.820
swarm_21_31.pdb	0	26.896	88.912	-9.848
swarm_150_64.pdb	0	37.291	94.481	-9.858
swarm_22_154.pdb	0	36.022	99.940	-9.865
swarm_10_190.pdb	0	34.611	96.387	-9.889
swarm_157_1.pdb	0	36.766	52.821	-9.943
swarm_72_44.pdb	0	27.892	89.016	-9.965
swarm_59_181.pdb	0	31.431	85.610	-9.988
swarm_145_27.pdb	0	37.153	93.362	-10.011
swarm_145_71.pdb	0	45.833	104.918	-10.015
swarm_120_88.pdb	0	23.209	63.903	-10.030
swarm_62_35.pdb	0	27.157	73.923	-10.048
swarm_161_58.pdb	0	29.502	65.760	-10.052
swarm_70_84.pdb	0	35.499	85.605	-10.095
swarm_70_72.pdb	0	32.107	86.089	-10.148
swarm_123_121.pdb	0	37.582	72.250	-10.149
swarm_59_34.pdb	0	31.000	71.338	-10.167
swarm_77_125.pdb	0	25.861	69.425	-10.193
swarm_76_92.pdb	0	36.426	70.045	-10.232
swarm_137_187.pdb	0	29.515	77.880	-10.255
swarm_33_23.pdb	0	32.367	96.137	-10.306
swarm_74_24.pdb	0	30.848	69.454	-10.311
swarm_56_129.pdb	0.00595238	16.148	62.419	-10.347
swarm_129_193.pdb	0	30.643	100.263	-10.357
swarm_119_77.pdb	0	41.396	62.328	-10.385
swarm_75_26.pdb	0	36.041	90.083	-10.386
swarm_56_23.pdb	0	32.895	69.447	-10.497
swarm_32_143.pdb	0	36.751	96.351	-10.579
swarm_40_37.pdb	0	40.255	81.496	-10.619
swarm_7_152.pdb	0	31.019	73.354	-10.621
swarm_63_199.pdb	0	33.720	70.479	-10.625
swarm_33_60.pdb	0	40.676	83.414	-10.629
swarm_32_96.pdb	0	29.177	94.656	-10.632
swarm_8_187.pdb	0	24.996	66.255	-10.639
swarm_25_164.pdb	0	36.509	92.663	-10.703
swarm_70_167.pdb	0	35.150	92.241	-10.724
swarm_70_6.pdb	0	36.113	85.907	-10.737
swarm_40_187.pdb	0	42.678	80.480	-10.759
swarm_10_72.pdb	0	39.454	82.911	-10.762
swarm_66_18.pdb	0	18.254	81.867	-10.787
swarm_119_20.pdb	0	30.506	65.106	-10.797
swarm_22_58.pdb	0	44.457	99.140	-10.916
swarm_50_42.pdb	0	36.671	59.075	-10.920
swarm_25_194.pdb	0	32.682	78.794	-10.931
swarm_56_79.pdb	0	30.982	57.797	-10.965
swarm_123_43.pdb	0	25.019	64.981	-11.027
swarm_61_37.pdb	0	38.358	71.578	-11.031
swarm_54_43.pdb	0	28.600	71.224	-11.037
swarm_45_100.pdb	0	28.065	62.049	-11.056
swarm_124_3.pdb	0	33.106	76.626	-11.062
swarm_40_176.pdb	0	39.685	78.819	-11.075
swarm_117_119.pdb	0	28.170	61.123	-11.141
swarm_19_103.pdb	0	28.327	72.870	-11.161
swarm_147_153.pdb	0	39.735	101.099	-11.161
swarm_33_3.pdb	0	36.109	87.865	-11.202
swarm_45_118.pdb	0.00595238	32.972	69.122	-11.259
swarm_157_8.pdb	0	38.400	55.745	-11.274
swarm_33_194.pdb	0	28.628	95.387	-11.313
swarm_136_126.pdb	0	35.950	90.356	-11.330
swarm_12_123.pdb	0	39.056	81.708	-11.333
swarm_8_34.pdb	0	39.628	72.191	-11.345
swarm_49_17.pdb	0	31.805	68.426	-11.350
swarm_124_181.pdb	0	31.405	65.977	-11.358
swarm_19_175.pdb	0	29.132	71.241	-11.369
swarm_138_9.pdb	0	26.703	72.450	-11.376
swarm_163_15.pdb	0	40.774	64.127	-11.518
swarm_45_61.pdb	0	22.298	60.170	-11.551
swarm_64_146.pdb	0	38.605	99.108	-11.566
swarm_63_37.pdb	0	37.152	73.679	-11.596
swarm_122_46.pdb	0	33.750	96.303	-11.607
swarm_41_188.pdb	0	37.569	79.626	-11.684
swarm_25_15.pdb	0	39.837	93.847	-11.687
swarm_9_18.pdb	0	40.870	75.116	-11.776
swarm_59_128.pdb	0	33.244	90.126	-11.777
swarm_6_178.pdb	0	33.544	95.944	-11.822
swarm_41_187.pdb	0	34.522	72.393	-11.843
swarm_144_157.pdb	0	27.641	94.031	-11.882
swarm_70_49.pdb	0	28.880	94.061	-11.959
swarm_36_199.pdb	0	26.286	77.443	-11.990
swarm_146_79.pdb	0	27.068	86.238	-12.154
swarm_70_174.pdb	0.0416667	20.848	95.051	-12.177
swarm_42_171.pdb	0	32.204	68.631	-12.229
swarm_21_15.pdb	0	28.885	81.946	-12.245
swarm_48_11.pdb	0	28.261	50.628	-12.246
swarm_48_90.pdb	0	35.075	59.652	-12.279
swarm_73_9.pdb	0	37.925	68.094	-12.288
swarm_7_15.pdb	0	36.790	79.731	-12.333
swarm_8_166.pdb	0	30.685	63.985	-12.355
swarm_61_64.pdb	0	35.929	73.975	-12.393
swarm_25_149.pdb	0	25.604	98.989	-12.413
swarm_124_24.pdb	0	38.347	59.636	-12.417
swarm_37_50.pdb	0	25.980	62.739	-12.470
swarm_63_34.pdb	0	35.110	66.107	-12.497
swarm_128_73.pdb	0	29.732	91.955	-12.532
swarm_8_88.pdb	0	21.086	60.362	-12.593
swarm_41_194.pdb	0	42.165	86.102	-12.619
swarm_78_138.pdb	0	30.541	83.828	-12.691
swarm_75_127.pdb	0	35.212	91.980	-12.693
swarm_118_133.pdb	0	37.310	63.003	-12.709
swarm_8_64.pdb	0	19.973	54.423	-12.743
swarm_56_165.pdb	0	32.714	66.098	-12.763
swarm_62_83.pdb	0	33.870	62.281	-12.823
swarm_38_16.pdb	0	34.304	56.451	-12.847
swarm_41_120.pdb	0	32.443	82.214	-12.864
swarm_160_190.pdb	0.0714286	17.034	46.721	-12.937
swarm_73_80.pdb	0	31.622	56.692	-12.944
swarm_124_50.pdb	0	38.633	58.943	-12.987
swarm_73_149.pdb	0	30.065	60.316	-13.051
swarm_6_71.pdb	0	38.603	97.978	-13.082
swarm_19_40.pdb	0	26.035	70.289	-13.120
swarm_163_33.pdb	0	27.044	61.297	-13.131
swarm_21_7.pdb	0	26.659	90.034	-13.274
swarm_61_182.pdb	0	30.206	73.322	-13.306
swarm_76_70.pdb	0	30.914	76.296	-13.484
swarm_33_74.pdb	0	43.158	86.381	-13.533
swarm_119_150.pdb	0	38.736	80.725	-13.548
swarm_129_33.pdb	0	32.711	81.204	-13.723
swarm_67_25.pdb	0	27.915	74.892	-13.734
swarm_77_184.pdb	0	34.102	71.462	-13.865
swarm_42_195.pdb	0	39.024	63.448	-13.919
swarm_18_189.pdb	0	32.249	89.455	-13.973
swarm_25_92.pdb	0	37.870	90.407	-13.983
swarm_78_82.pdb	0	34.859	74.287	-13.988
swarm_71_172.pdb	0	37.005	78.728	-14.009
swarm_124_135.pdb	0	37.400	69.604	-14.037
swarm_106_181.pdb	0	34.248	95.702	-14.058
swarm_39_27.pdb	0	34.329	82.495	-14.076
swarm_12_38.pdb	0	33.403	81.662	-14.121
swarm_33_137.pdb	0	43.441	90.390	-14.135
swarm_64_109.pdb	0	31.927	97.978	-14.199
swarm_118_195.pdb	0	33.378	67.239	-14.365
swarm_8_87.pdb	0	37.036	77.714	-14.435
swarm_66_189.pdb	0	28.013	77.587	-14.479
swarm_67_11.pdb	0	40.885	84.062	-14.516
swarm_77_5.pdb	0	34.222	82.297	-14.549
swarm_48_151.pdb	0	26.307	56.131	-14.555
swarm_145_81.pdb	0	28.397	92.949	-14.623
swarm_63_52.pdb	0	28.045	62.560	-14.652
swarm_8_22.pdb	0	30.745	79.690	-14.784
swarm_105_90.pdb	0	33.187	76.014	-14.905
swarm_162_82.pdb	0	41.204	84.280	-14.918
swarm_55_4.pdb	0	33.685	72.669	-15.075
swarm_43_168.pdb	0	35.411	82.467	-15.108
swarm_64_127.pdb	0	39.664	99.789	-15.116
swarm_145_126.pdb	0	30.702	93.596	-15.121
swarm_77_121.pdb	0	33.636	84.774	-15.149
swarm_78_195.pdb	0	34.341	71.617	-15.244
swarm_70_119.pdb	0	33.929	98.543	-15.252
swarm_55_165.pdb	0	38.734	70.301	-15.280
swarm_150_185.pdb	0	38.080	91.597	-15.296
swarm_72_185.pdb	0	40.783	84.840	-15.446
swarm_91_23.pdb	0	41.763	63.614	-15.507
swarm_166_130.pdb	0	37.880	55.939	-15.520
swarm_78_21.pdb	0	32.679	87.924	-15.544
swarm_150_120.pdb	0	37.108	90.025	-15.577
swarm_39_125.pdb	0	39.232	80.522	-15.586
swarm_131_52.pdb	0	30.776	80.598	-15.613
swarm_71_190.pdb	0	26.081	78.271	-15.749
swarm_134_88.pdb	0	23.385	50.112	-15.761
swarm_50_125.pdb	0	27.114	58.931	-15.776
swarm_7_147.pdb	0	41.807	73.416	-15.778
swarm_154_133.pdb	0	27.378	60.003	-15.841
swarm_14_161.pdb	0.0119048	24.521	95.864	-15.890
swarm_160_178.pdb	0.00595238	35.862	61.495	-15.912
swarm_20_190.pdb	0	28.153	72.294	-15.956
swarm_6_113.pdb	0	26.758	94.131	-15.991
swarm_123_129.pdb	0	30.704	72.085	-16.022
swarm_48_2.pdb	0	24.317	63.654	-16.035
swarm_39_31.pdb	0	27.671	67.753	-16.050
swarm_27_187.pdb	0	17.918	40.114	-16.131
swarm_76_142.pdb	0	28.525	71.548	-16.213
swarm_68_171.pdb	0	25.913	63.983	-16.217
swarm_163_41.pdb	0	42.163	63.128	-16.219
swarm_48_26.pdb	0	30.156	67.101	-16.231
swarm_111_98.pdb	0	36.810	64.556	-16.232
swarm_119_159.pdb	0	31.474	75.369	-16.351
swarm_119_180.pdb	0	29.235	68.578	-16.378
swarm_40_40.pdb	0	33.652	84.745	-16.507
swarm_17_173.pdb	0	32.560	79.301	-16.536
swarm_32_69.pdb	0	40.491	93.631	-16.591
swarm_19_121.pdb	0	38.383	60.424	-16.741
swarm_39_192.pdb	0.0238095	30.166	80.866	-16.802
swarm_162_120.pdb	0	36.221	81.017	-16.827
swarm_167_129.pdb	0	32.449	52.616	-16.829
swarm_65_103.pdb	0	32.611	86.484	-16.844
swarm_54_60.pdb	0	39.213	73.534	-16.894
swarm_146_33.pdb	0	26.953	96.315	-16.958
swarm_7_78.pdb	0.00595238	35.302	75.590	-17.006
swarm_63_77.pdb	0	24.137	55.959	-17.052
swarm_32_168.pdb	0	32.008	96.781	-17.188
swarm_88_168.pdb	0	41.511	87.702	-17.213
swarm_14_148.pdb	0	35.908	85.095	-17.265
swarm_124_29.pdb	0	38.425	58.781	-17.392
swarm_25_170.pdb	0	30.827	100.576	-17.471
swarm_55_138.pdb	0	33.323	66.114	-17.592
swarm_144_140.pdb	0	32.052	74.990	-17.675
swarm_54_9.pdb	0	33.509	63.134	-17.677
swarm_55_54.pdb	0	25.468	64.496	-17.781
swarm_65_7.pdb	0	27.575	90.591	-17.893
swarm_166_2.pdb	0	36.189	62.348	-18.029
swarm_54_168.pdb	0	37.361	67.107	-18.095
swarm_123_176.pdb	0	33.391	74.342	-18.151
swarm_29_110.pdb	0	26.481	61.122	-18.176
swarm_74_172.pdb	0	30.658	81.307	-18.251
swarm_72_124.pdb	0	29.742	88.495	-18.362
swarm_163_86.pdb	0	27.858	61.933	-18.398
swarm_64_79.pdb	0	32.935	86.758	-18.637
swarm_69_158.pdb	0	35.066	90.080	-18.706
swarm_42_155.pdb	0	29.565	64.838	-18.727
swarm_45_163.pdb	0.0119048	21.627	66.918	-18.759
swarm_40_163.pdb	0	38.118	74.030	-18.765
swarm_162_21.pdb	0	33.084	73.627	-18.840
swarm_118_115.pdb	0	41.815	68.291	-18.887
swarm_18_112.pdb	0	33.596	89.936	-18.914
swarm_42_138.pdb	0	29.581	67.897	-19.102
swarm_6_72.pdb	0	27.839	102.052	-19.110
swarm_48_181.pdb	0	26.686	66.445	-19.111
swarm_10_51.pdb	0	30.031	91.012	-19.145
swarm_45_162.pdb	0	37.830	65.896	-19.186
swarm_22_29.pdb	0	39.936	96.941	-19.287
swarm_77_190.pdb	0	30.785	60.564	-19.452
swarm_27_97.pdb	0.0119048	29.369	48.464	-19.494
swarm_153_113.pdb	0	35.265	54.797	-19.600
swarm_39_199.pdb	0	26.562	77.609	-19.686
swarm_6_37.pdb	0	37.104	95.214	-19.765
swarm_62_107.pdb	0	27.251	54.578	-19.782
swarm_72_26.pdb	0	31.040	92.961	-19.895
swarm_62_116.pdb	0	29.934	62.773	-19.988
swarm_67_139.pdb	0	35.877	87.272	-20.066
swarm_7_26.pdb	0	26.505	70.673	-20.159
swarm_6_118.pdb	0	26.053	101.829	-20.184
swarm_45_160.pdb	0	31.575	60.537	-20.359
swarm_118_156.pdb	0	36.038	72.349	-20.400
swarm_139_19.pdb	0	25.512	63.015	-20.546
swarm_72_88.pdb	0	29.443	79.613	-20.615
swarm_39_152.pdb	0	23.993	67.335	-20.710
swarm_7_6.pdb	0	31.406	70.713	-20.728
swarm_139_93.pdb	0	39.615	65.536	-20.800
swarm_162_101.pdb	0	25.531	66.629	-20.893
swarm_163_199.pdb	0	35.639	67.081	-20.895
swarm_75_14.pdb	0	28.904	96.457	-20.944
swarm_163_169.pdb	0	35.501	59.950	-20.990
swarm_55_173.pdb	0	45.207	74.741	-21.177
swarm_71_13.pdb	0	27.486	69.357	-21.283
swarm_105_199.pdb	0.0119048	23.810	94.950	-21.293
swarm_54_33.pdb	0	38.586	59.059	-21.299
swarm_55_5.pdb	0	38.776	70.872	-21.385
swarm_78_159.pdb	0	28.038	88.069	-21.402
swarm_10_118.pdb	0	26.092	73.674	-21.494
swarm_49_170.pdb	0	31.100	71.835	-21.508
swarm_31_56.pdb	0	27.907	64.230	-21.539
swarm_162_47.pdb	0	36.008	69.668	-21.580
swarm_73_53.pdb	0.00595238	22.143	78.875	-21.602
swarm_42_170.pdb	0	42.125	70.598	-21.696
swarm_118_192.pdb	0	31.145	72.144	-21.711
swarm_41_29.pdb	0	26.805	80.743	-21.891
swarm_64_182.pdb	0	35.156	90.652	-22.034
swarm_78_114.pdb	0	29.455	89.995	-22.287
swarm_42_65.pdb	0	41.723	71.435	-22.408
swarm_40_26.pdb	0	37.747	76.440	-22.485
swarm_32_71.pdb	0	32.463	84.186	-22.488
swarm_61_128.pdb	0	35.285	61.034	-22.495
swarm_6_195.pdb	0	32.616	94.583	-22.497
swarm_166_62.pdb	0	29.859	64.170	-22.666
swarm_54_30.pdb	0	39.754	65.216	-22.886
swarm_62_46.pdb	0	30.618	55.215	-22.951
swarm_62_186.pdb	0	34.186	59.236	-22.991
swarm_18_172.pdb	0	36.342	86.742	-23.070
swarm_166_178.pdb	0	39.147	64.708	-23.223
swarm_19_85.pdb	0	43.399	67.175	-23.460
swarm_70_51.pdb	0	28.883	95.427	-23.530
swarm_75_88.pdb	0	33.314	95.618	-23.557
swarm_42_69.pdb	0	40.308	69.411	-23.645
swarm_73_186.pdb	0	25.071	63.610	-23.650
swarm_53_184.pdb	0	37.573	93.623	-23.883
swarm_162_169.pdb	0	21.387	62.710	-23.975
swarm_166_54.pdb	0	21.053	54.982	-24.321
swarm_76_78.pdb	0	35.140	81.637	-24.380
swarm_32_52.pdb	0	33.516	92.266	-24.809
swarm_56_143.pdb	0	40.628	69.598	-24.875
swarm_77_197.pdb	0	33.759	78.142	-25.109
swarm_77_7.pdb	0	27.207	67.106	-25.193
swarm_27_196.pdb	0	16.007	28.607	-25.256
swarm_9_141.pdb	0	37.464	62.613	-25.393
swarm_10_29.pdb	0	39.531	90.214	-25.519
swarm_147_23.pdb	0	37.211	104.307	-25.567
swarm_53_114.pdb	0	36.475	95.288	-25.641
swarm_40_8.pdb	0	39.306	73.129	-25.699
swarm_7_76.pdb	0	35.598	73.213	-26.109
swarm_71_107.pdb	0	34.826	62.803	-26.299
swarm_72_137.pdb	0	30.592	93.386	-26.341
swarm_79_100.pdb	0	36.755	54.654	-26.495
swarm_59_89.pdb	0	22.912	87.393	-26.660
swarm_77_21.pdb	0	31.580	72.170	-26.700
swarm_86_135.pdb	0	29.067	67.022	-27.644
swarm_55_28.pdb	0	38.299	77.246	-27.917
swarm_7_106.pdb	0	32.829	83.087	-28.173
swarm_10_126.pdb	0	36.219	92.670	-28.657
swarm_69_54.pdb	0	33.316	86.304	-28.974
swarm_135_114.pdb	0	22.855	83.479	-29.200
swarm_42_105.pdb	0	35.300	66.319	-29.569
swarm_155_69.pdb	0	29.958	83.340	-29.744
swarm_78_192.pdb	0	29.046	67.651	-30.246
swarm_48_73.pdb	0	24.364	70.285	-30.381
swarm_166_145.pdb	0	41.705	64.175	-30.627
swarm_69_142.pdb	0	30.263	90.766	-30.914
swarm_145_80.pdb	0	33.278	91.379	-30.983
swarm_117_57.pdb	0	28.892	68.405	-31.326
swarm_75_173.pdb	0	35.043	92.302	-31.401
swarm_92_135.pdb	0	27.823	45.753	-31.408
swarm_90_160.pdb	0	17.725	44.334	-31.932
swarm_45_66.pdb	0	26.061	64.758	-32.623
swarm_23_174.pdb	0	28.039	57.019	-32.857
swarm_54_61.pdb	0	41.344	65.999	-33.720
swarm_43_96.pdb	0	33.874	77.143	-33.831
swarm_43_189.pdb	0	38.004	74.978	-33.863
swarm_47_194.pdb	0	37.027	73.175	-34.964
swarm_45_18.pdb	0	37.036	68.058	-35.105
swarm_69_157.pdb	0	28.073	82.394	-35.114
swarm_30_128.pdb	0	32.594	64.429	-35.233
swarm_86_128.pdb	0	24.670	69.672	-35.548
swarm_72_191.pdb	0	31.944	77.474	-35.665
swarm_54_113.pdb	0	26.554	64.910	-35.870
swarm_53_181.pdb	0	38.824	98.472	-36.045
swarm_84_45.pdb	0	28.761	84.085	-36.761
swarm_84_114.pdb	0	31.403	86.989	-36.978
swarm_53_99.pdb	0	36.431	97.304	-37.022
swarm_39_100.pdb	0	39.429	83.486	-37.418
swarm_162_129.pdb	0	38.591	79.540	-38.009
swarm_12_161.pdb	0	23.387	73.196	-38.351
swarm_119_79.pdb	0	34.766	69.204	-39.525
swarm_33_92.pdb	0	29.598	71.222	-39.556
swarm_66_25.pdb	0	31.751	74.825	-39.718
swarm_121_107.pdb	0	29.149	59.531	-39.855
swarm_36_87.pdb	0	27.146	62.033	-40.057
swarm_136_124.pdb	0	29.866	96.809	-40.221
swarm_42_9.pdb	0.00595238	36.708	74.366	-41.046
swarm_14_125.pdb	0	34.949	78.288	-41.165
swarm_157_145.pdb	0	39.698	64.300	-41.836
swarm_70_39.pdb	0	30.407	86.063	-42.193
swarm_128_57.pdb	0	35.742	75.309	-42.279
swarm_75_139.pdb	0	29.201	93.055	-42.993
swarm_10_178.pdb	0	39.155	91.369	-43.942
swarm_169_198.pdb	0	26.572	47.959	-44.348
swarm_121_168.pdb	0	24.552	50.046	-44.839
swarm_119_148.pdb	0	28.553	63.779	-44.973
swarm_80_138.pdb	0	22.745	59.180	-45.270
swarm_84_37.pdb	0.00595238	29.972	86.159	-45.866
swarm_37_56.pdb	0	24.311	48.354	-45.937
swarm_84_134.pdb	0	28.752	84.946	-46.774
swarm_158_132.pdb	0	29.198	47.702	-46.858
swarm_158_76.pdb	0	17.824	33.377	-47.023
swarm_75_110.pdb	0	38.330	91.444	-47.072
swarm_165_48.pdb	0	26.208	48.003	-48.631
swarm_15_9.pdb	0.0178571	19.464	41.182	-50.106
swarm_95_62.pdb	0	39.167	59.827	-50.831
swarm_137_99.pdb	0	39.463	92.724	-50.858
swarm_168_79.pdb	0	29.306	47.333	-51.278
swarm_53_103.pdb	0	32.256	93.360	-51.401
swarm_74_19.pdb	0	37.237	68.143	-51.938
swarm_27_58.pdb	0.0119048	25.176	45.692	-52.166
swarm_60_16.pdb	0	28.443	61.490	-52.209
swarm_64_55.pdb	0	39.726	93.741	-52.652
swarm_125_8.pdb	0	18.731	32.046	-53.242
swarm_114_95.pdb	0	28.948	55.851	-53.509
swarm_46_81.pdb	0	39.285	96.381	-53.589
swarm_39_54.pdb	0	31.915	78.949	-53.944
swarm_45_158.pdb	0	27.603	61.944	-54.025
swarm_19_41.pdb	0	34.033	67.654	-54.122
swarm_132_156.pdb	0	27.777	47.237	-54.445
swarm_14_130.pdb	0	31.365	72.721	-55.035
swarm_74_114.pdb	0	28.617	73.955	-55.415
swarm_143_10.pdb	0	21.275	66.724	-56.121
swarm_56_93.pdb	0	23.986	62.568	-56.344
swarm_38_176.pdb	0	30.966	58.770	-56.522
swarm_29_30.pdb	0	15.710	35.846	-57.556
swarm_126_7.pdb	0	45.994	88.830	-58.374
swarm_56_73.pdb	0	34.995	69.229	-58.472
swarm_118_9.pdb	0	42.726	68.376	-58.695
swarm_26_126.pdb	0	22.806	42.292	-63.584
swarm_63_23.pdb	0	30.573	66.233	-63.633
swarm_69_92.pdb	0	31.161	92.177	-63.890
swarm_126_124.pdb	0	44.605	88.621	-64.286
swarm_76_12.pdb	0	34.002	84.983	-68.983
swarm_45_123.pdb	0	33.104	66.982	-69.262
swarm_42_174.pdb	0.0119048	37.641	67.408	-74.905
swarm_78_172.pdb	0	29.953	66.600	-75.855
swarm_18_151.pdb	0	35.408	88.164	-77.198
swarm_34_42.pdb	0.0357143	20.365	56.066	-78.802
swarm_162_180.pdb	0	31.381	67.913	-80.758
swarm_111_70.pdb	0	34.905	61.818	-85.882
swarm_111_161.pdb	0	43.085	60.252	-88.373
swarm_15_89.pdb	0	26.317	39.240	-91.744
swarm_114_7.pdb	0	25.496	43.004	-92.268
swarm_150_44.pdb	0	27.569	87.413	-93.215
swarm_63_126.pdb	0	30.738	64.664	-93.432
swarm_166_198.pdb	0	30.788	65.567	-95.070
swarm_131_97.pdb	0	28.256	81.076	-95.421
swarm_98_147.pdb	0	31.911	49.050	-96.005
swarm_4_135.pdb	0	25.614	49.349	-96.794
swarm_163_77.pdb	0	33.061	55.270	-97.683
swarm_119_96.pdb	0	27.536	62.173	-99.871
swarm_64_139.pdb	0	35.576	102.005	-100.884
swarm_157_63.pdb	0	36.770	63.796	-101.207
swarm_149_27.pdb	0	31.935	70.536	-102.247
swarm_5_66.pdb	0	22.192	39.781	-102.678
swarm_71_96.pdb	0	30.193	67.167	-104.074
swarm_41_197.pdb	0	39.762	85.421	-104.191
swarm_96_12.pdb	0	28.125	54.273	-104.256
swarm_35_40.pdb	0	34.934	84.878	-107.241
swarm_118_112.pdb	0	37.885	62.167	-107.244
swarm_16_108.pdb	0	27.547	43.859	-108.008
swarm_12_183.pdb	0	22.538	80.421	-110.344
swarm_51_36.pdb	0	33.324	66.946	-110.884
swarm_14_37.pdb	0	36.775	81.447	-111.092
swarm_40_21.pdb	0	37.685	78.856	-112.408
swarm_139_77.pdb	0	33.752	67.023	-115.834
swarm_119_91.pdb	0	28.146	72.276	-116.956
swarm_17_144.pdb	0	30.344	90.699	-118.557
swarm_164_41.pdb	0	34.805	64.443	-126.014
swarm_68_30.pdb	0	27.936	59.787	-127.562
swarm_106_157.pdb	0	41.645	94.555	-128.702
swarm_142_74.pdb	0	27.205	49.055	-139.319
swarm_23_69.pdb	0	27.173	57.373	-141.106
swarm_102_26.pdb	0	35.679	72.453	-141.757
swarm_148_53.pdb	0	41.298	86.866	-141.848
swarm_42_177.pdb	0	42.688	71.956	-143.661
swarm_69_98.pdb	0	26.397	90.596	-146.802
swarm_102_181.pdb	0	26.540	73.409	-147.436
swarm_8_183.pdb	0	22.500	75.915	-150.669
swarm_19_157.pdb	0	26.518	59.909	-152.302
swarm_57_193.pdb	0	26.577	83.363	-152.914
swarm_161_6.pdb	0	30.882	67.987	-157.099
swarm_79_137.pdb	0	35.893	56.578	-157.397
swarm_60_47.pdb	0	24.974	71.531	-158.530
swarm_78_145.pdb	0	33.238	71.798	-159.563
swarm_4_40.pdb	0	24.665	47.560	-162.261
swarm_41_121.pdb	0	22.342	75.242	-163.840
swarm_117_101.pdb	0	25.396	54.104	-165.562
swarm_12_100.pdb	0	24.544	71.603	-166.287
swarm_137_164.pdb	0	43.986	82.849	-169.473
swarm_52_124.pdb	0.0357143	15.496	63.028	-169.798
swarm_149_109.pdb	0	24.295	50.664	-176.326
swarm_85_68.pdb	0	43.780	84.904	-176.863
swarm_158_177.pdb	0	16.235	43.283	-180.602
swarm_55_69.pdb	0	34.019	70.248	-181.550
swarm_26_160.pdb	0	20.893	35.227	-183.104
swarm_38_138.pdb	0	26.985	50.563	-187.698
swarm_49_44.pdb	0	29.131	75.375	-190.524
swarm_158_59.pdb	0	15.758	32.945	-193.564
swarm_108_49.pdb	0	19.030	73.500	-195.894
swarm_161_56.pdb	0	30.210	66.529	-196.622
swarm_103_179.pdb	0	25.045	93.028	-198.501
swarm_3_100.pdb	0	27.636	49.095	-201.435
swarm_108_182.pdb	0.0119048	18.826	72.654	-203.333
swarm_164_51.pdb	0	27.326	60.342	-203.755
swarm_38_30.pdb	0	33.598	59.959	-205.390
swarm_137_90.pdb	0	41.405	77.464	-211.783
swarm_144_100.pdb	0	37.451	84.971	-211.873
swarm_7_122.pdb	0	47.007	82.455	-216.371
swarm_138_76.pdb	0	29.710	64.907	-219.224
swarm_130_147.pdb	0.0714286	24.924	45.423	-219.734
swarm_47_173.pdb	0	32.277	69.020	-222.260
swarm_3_163.pdb	0	29.265	49.911	-224.709
swarm_57_57.pdb	0	42.424	85.485	-225.672
swarm_53_38.pdb	0	38.584	97.246	-227.138
swarm_60_152.pdb	0	27.140	70.699	-234.708
swarm_60_123.pdb	0	24.621	76.572	-236.856
swarm_21_118.pdb	0	25.242	77.166	-244.055
swarm_87_188.pdb	0	36.567	83.998	-245.964
swarm_54_184.pdb	0	25.589	72.841	-248.980
swarm_150_86.pdb	0	37.947	84.568	-253.764
swarm_10_120.pdb	0	23.034	96.012	-261.572
swarm_59_148.pdb	0	25.500	87.251	-263.431
swarm_156_186.pdb	0.077381	25.710	93.010	-268.517
swarm_49_132.pdb	0	37.176	80.752	-276.083
swarm_59_40.pdb	0	32.213	72.153	-309.112
swarm_69_22.pdb	0	36.714	81.366	-362.270
swarm_63_61.pdb	0	29.044	74.180	-380.531
swarm_67_58.pdb	0	32.900	78.847	-393.337
swarm_8_107.pdb	0	40.790	75.080	-413.362
swarm_74_68.pdb	0	28.475	60.510	-421.927
swarm_75_17.pdb	0	35.771	76.867	-524.945
