complex.1.pdb	0	12.945	37.410
complex.2.pdb	0.0366972	15.381	49.532
complex.3.pdb	0	12.313	42.922
complex.4.pdb	0	15.194	41.170
complex.5.pdb	0	15.014	44.347
complex.6.pdb	0	15.399	54.666
complex.7.pdb	0	16.389	47.318
complex.8.pdb	0	14.420	44.787
complex.9.pdb	0	17.170	51.101
complex.10.pdb	0	13.801	49.290
complex.11.pdb	0	16.778	48.420
complex.12.pdb	0	17.676	50.445
complex.13.pdb	0	17.433	48.568
complex.14.pdb	0.0183486	15.683	51.475
complex.15.pdb	0	15.798	44.398
complex.16.pdb	0	16.745	49.286
complex.17.pdb	0	15.107	41.110
complex.18.pdb	0	15.509	43.023
complex.19.pdb	0	12.242	42.055
complex.20.pdb	0	17.505	46.239
complex.21.pdb	0	12.541	39.830
complex.22.pdb	0	17.665	45.999
complex.23.pdb	0	16.595	46.408
complex.24.pdb	0	15.597	46.128
complex.25.pdb	0	15.843	46.176
complex.26.pdb	0	15.874	44.949
complex.27.pdb	0	13.499	41.882
complex.28.pdb	0	15.972	55.232
complex.29.pdb	0	16.004	46.781
complex.30.pdb	0	13.084	45.716
complex.31.pdb	0	17.060	54.925
complex.32.pdb	0	16.310	44.557
complex.33.pdb	0	13.233	40.716
complex.34.pdb	0	14.841	47.122
complex.35.pdb	0	16.487	60.337
complex.36.pdb	0.0275229	15.032	49.333
complex.37.pdb	0	16.169	53.424
complex.38.pdb	0	15.113	49.485
complex.39.pdb	0	12.301	39.018
complex.40.pdb	0	12.607	42.968
complex.41.pdb	0	12.529	37.650
complex.42.pdb	0.00917431	13.261	40.359
complex.43.pdb	0	13.329	42.493
complex.44.pdb	0.0275229	16.221	56.134
complex.45.pdb	0.00917431	16.352	51.194
complex.46.pdb	0	16.129	48.520
complex.47.pdb	0	16.891	57.473
complex.48.pdb	0	15.943	54.577
complex.49.pdb	0	16.427	46.980
complex.50.pdb	0	19.265	49.400
complex.51.pdb	0	16.201	46.887
complex.52.pdb	0	18.424	56.543
complex.53.pdb	0	12.213	40.752
complex.54.pdb	0	17.678	59.517
complex.55.pdb	0	17.083	48.152
complex.56.pdb	0	14.455	44.690
complex.57.pdb	0	16.613	55.004
complex.58.pdb	0	15.463	52.242
complex.59.pdb	0	16.841	56.726
complex.60.pdb	0	15.232	49.090
complex.61.pdb	0	15.578	53.565
complex.62.pdb	0	16.972	50.988
complex.63.pdb	0	15.734	53.212
complex.64.pdb	0	15.078	42.470
complex.65.pdb	0	16.262	54.926
complex.66.pdb	0	12.347	42.289
complex.67.pdb	0	16.729	61.549
complex.68.pdb	0	17.015	45.330
complex.69.pdb	0	14.497	42.739
complex.70.pdb	0	14.270	47.565
complex.71.pdb	0	16.742	42.921
complex.72.pdb	0	12.682	40.208
complex.73.pdb	0	15.331	52.276
complex.74.pdb	0	17.045	43.714
complex.75.pdb	0	13.891	41.195
complex.76.pdb	0	15.757	50.411
complex.77.pdb	0	18.428	48.614
complex.78.pdb	0	15.862	55.254
complex.79.pdb	0	15.993	52.928
complex.80.pdb	0	15.179	46.514
complex.81.pdb	0	15.893	45.289
complex.82.pdb	0	13.785	45.367
complex.83.pdb	0	16.666	54.713
complex.84.pdb	0	15.237	42.994
complex.85.pdb	0	17.679	49.216
complex.86.pdb	0	12.884	40.769
complex.87.pdb	0	12.984	42.581
complex.88.pdb	0	15.504	42.381
complex.89.pdb	0	17.879	50.467
complex.90.pdb	0	16.112	49.146
complex.91.pdb	0	13.791	45.618
complex.92.pdb	0.0366972	14.228	42.456
complex.93.pdb	0	12.401	38.806
complex.94.pdb	0	16.170	52.916
complex.95.pdb	0	16.029	50.585
complex.96.pdb	0.0275229	15.254	57.363
complex.97.pdb	0	15.784	53.174
complex.98.pdb	0	15.669	52.383
complex.99.pdb	0	18.306	52.156
complex.100.pdb	0	15.588	53.938
complex.101.pdb	0.00917431	13.646	48.350
complex.102.pdb	0.0275229	16.223	58.257
complex.103.pdb	0	16.406	43.872
complex.104.pdb	0	17.660	53.317
complex.105.pdb	0.00917431	16.463	50.689
complex.106.pdb	0	13.823	40.217
complex.107.pdb	0.00917431	12.990	44.355
complex.108.pdb	0.0183486	17.565	51.406
complex.109.pdb	0	17.134	54.461
complex.110.pdb	0	16.520	45.573
complex.111.pdb	0	14.234	48.864
complex.112.pdb	0	16.339	43.414
complex.113.pdb	0	15.670	43.567
complex.114.pdb	0	14.908	52.587
complex.115.pdb	0	15.148	49.849
complex.116.pdb	0	17.060	55.305
complex.117.pdb	0	16.512	44.039
complex.118.pdb	0	16.841	57.539
complex.119.pdb	0	12.812	41.633
complex.120.pdb	0	12.637	41.970
complex.121.pdb	0.00917431	15.079	57.185
complex.122.pdb	0	18.775	45.334
complex.123.pdb	0	15.367	58.109
complex.124.pdb	0	15.166	51.313
complex.125.pdb	0	14.146	38.757
complex.126.pdb	0	17.039	42.899
complex.127.pdb	0	16.595	43.491
complex.128.pdb	0	15.670	45.975
complex.129.pdb	0.0183486	15.328	48.429
complex.130.pdb	0	15.096	45.895
complex.131.pdb	0.00917431	13.134	43.316
complex.132.pdb	0	15.605	44.690
complex.133.pdb	0	14.734	45.198
complex.134.pdb	0	16.274	48.436
complex.135.pdb	0	15.086	53.145
complex.136.pdb	0.00917431	17.310	48.355
complex.137.pdb	0	15.522	53.523
complex.138.pdb	0	20.215	51.944
complex.139.pdb	0	16.400	45.928
complex.140.pdb	0	16.499	47.635
complex.141.pdb	0	16.674	54.458
complex.142.pdb	0.0183486	15.257	49.633
complex.143.pdb	0	17.393	50.210
complex.144.pdb	0	17.504	56.559
complex.145.pdb	0	14.604	49.524
complex.146.pdb	0	13.628	44.143
complex.147.pdb	0	14.746	51.052
complex.148.pdb	0	15.664	53.619
complex.149.pdb	0	17.876	50.443
complex.150.pdb	0	16.454	52.508
complex.151.pdb	0.00917431	15.461	51.790
complex.152.pdb	0.0275229	15.220	50.532
complex.153.pdb	0	11.896	34.011
complex.154.pdb	0	17.125	48.055
complex.155.pdb	0	18.341	47.445
complex.156.pdb	0	19.026	55.394
complex.157.pdb	0	16.407	44.411
complex.158.pdb	0	13.345	46.017
complex.159.pdb	0	15.590	49.114
complex.160.pdb	0	15.219	40.624
complex.161.pdb	0	15.833	48.190
complex.162.pdb	0	15.823	56.460
complex.163.pdb	0	14.096	42.868
complex.164.pdb	0	16.095	52.589
complex.165.pdb	0	16.734	52.435
complex.166.pdb	0	17.034	49.584
complex.167.pdb	0	17.350	59.299
complex.168.pdb	0	15.950	55.135
complex.169.pdb	0	12.927	40.390
complex.170.pdb	0	13.575	47.703
complex.171.pdb	0	13.225	44.082
complex.172.pdb	0	18.991	50.290
complex.173.pdb	0	18.778	48.591
complex.174.pdb	0	12.850	36.072
complex.175.pdb	0	16.942	44.334
complex.176.pdb	0	15.724	41.945
complex.177.pdb	0	17.483	49.115
complex.178.pdb	0	15.749	42.474
complex.179.pdb	0.00917431	13.460	49.438
complex.180.pdb	0	16.086	52.633
complex.181.pdb	0	15.920	47.398
complex.182.pdb	0	18.108	49.354
complex.183.pdb	0	16.631	58.439
complex.184.pdb	0	21.194	53.814
complex.185.pdb	0	14.965	47.674
complex.186.pdb	0	14.348	45.036
complex.187.pdb	0	15.047	53.711
complex.188.pdb	0	13.867	40.084
complex.189.pdb	0	16.104	48.751
complex.190.pdb	0.0183486	13.333	33.830
complex.191.pdb	0	18.582	47.174
complex.192.pdb	0	15.305	46.951
complex.193.pdb	0	15.523	46.212
complex.194.pdb	0.00917431	16.575	43.489
complex.195.pdb	0	14.454	53.816
complex.196.pdb	0	15.998	51.744
complex.197.pdb	0	16.779	52.940
complex.198.pdb	0	15.556	47.228
complex.199.pdb	0	16.197	42.607
complex.200.pdb	0.0183486	13.304	44.812
complex.201.pdb	0	12.321	38.429
complex.202.pdb	0	15.998	53.743
complex.203.pdb	0	16.078	46.281
complex.204.pdb	0	15.086	42.307
complex.205.pdb	0	18.263	48.983
complex.206.pdb	0	14.950	55.723
complex.207.pdb	0	16.049	45.571
complex.208.pdb	0	14.892	44.467
complex.209.pdb	0	18.943	59.787
complex.210.pdb	0	16.618	46.271
complex.211.pdb	0	15.317	49.767
complex.212.pdb	0	14.347	50.227
complex.213.pdb	0	17.334	52.454
complex.214.pdb	0	18.275	47.450
complex.215.pdb	0	16.370	55.324
complex.216.pdb	0	12.995	44.936
complex.217.pdb	0	15.883	54.936
complex.218.pdb	0	16.336	58.075
complex.219.pdb	0	14.591	47.838
complex.220.pdb	0	12.710	40.636
complex.221.pdb	0	15.051	50.911
complex.222.pdb	0	15.786	47.967
complex.223.pdb	0	15.177	50.398
complex.224.pdb	0	15.324	48.817
complex.225.pdb	0	13.646	46.168
complex.226.pdb	0	13.290	45.914
complex.227.pdb	0	18.482	47.686
complex.228.pdb	0.00917431	15.564	44.816
complex.229.pdb	0	17.562	48.133
complex.230.pdb	0	14.180	45.660
complex.231.pdb	0	16.289	42.918
complex.232.pdb	0	15.581	52.972
complex.233.pdb	0	14.297	45.574
complex.234.pdb	0	16.557	45.357
complex.235.pdb	0	12.022	40.281
complex.236.pdb	0	17.395	60.903
complex.237.pdb	0	13.237	43.459
complex.238.pdb	0.0275229	15.043	51.106
complex.239.pdb	0	12.789	44.360
complex.240.pdb	0	14.972	52.363
complex.241.pdb	0	15.387	50.485
complex.242.pdb	0	15.078	43.249
complex.243.pdb	0.0275229	14.924	55.498
complex.244.pdb	0.00917431	14.051	40.929
complex.245.pdb	0	17.026	46.308
complex.246.pdb	0	13.756	44.166
complex.247.pdb	0	16.691	49.613
complex.248.pdb	0	16.734	42.499
complex.249.pdb	0.00917431	13.397	33.719
complex.250.pdb	0	15.825	52.143
complex.251.pdb	0.0275229	18.404	65.428
complex.252.pdb	0	15.601	50.736
complex.253.pdb	0.0366972	15.493	49.270
complex.254.pdb	0	12.334	40.931
complex.255.pdb	0	12.866	42.500
complex.256.pdb	0	15.048	51.046
complex.257.pdb	0	14.926	56.372
complex.258.pdb	0	13.445	33.018
complex.259.pdb	0	17.085	44.827
complex.260.pdb	0	15.000	50.189
complex.261.pdb	0	12.902	41.141
complex.262.pdb	0.0366972	14.136	45.036
complex.263.pdb	0	15.586	54.401
complex.264.pdb	0	16.650	48.891
complex.265.pdb	0	16.319	56.788
complex.266.pdb	0	14.464	39.681
complex.267.pdb	0	13.700	46.626
complex.268.pdb	0.00917431	15.059	53.887
complex.269.pdb	0	16.864	46.288
complex.270.pdb	0	22.017	55.978
complex.271.pdb	0	12.579	40.569
complex.272.pdb	0	15.530	51.719
complex.273.pdb	0	17.790	60.190
complex.274.pdb	0	14.236	51.044
complex.275.pdb	0	15.648	41.605
complex.276.pdb	0	13.197	40.749
complex.277.pdb	0.00917431	13.133	41.231
complex.278.pdb	0.00917431	15.540	47.401
complex.279.pdb	0.00917431	13.606	35.586
complex.280.pdb	0	19.110	58.542
complex.281.pdb	0.0366972	17.001	45.145
complex.282.pdb	0	13.309	39.988
complex.283.pdb	0	12.434	36.004
complex.284.pdb	0	15.982	45.556
complex.285.pdb	0	18.345	49.155
complex.286.pdb	0	16.249	54.591
complex.287.pdb	0	19.045	49.137
complex.288.pdb	0	15.731	52.043
complex.289.pdb	0	16.342	56.715
complex.290.pdb	0.0275229	11.636	29.768
complex.291.pdb	0	14.417	46.384
complex.292.pdb	0	16.302	45.463
complex.293.pdb	0	17.239	49.243
complex.294.pdb	0	18.102	48.690
complex.295.pdb	0	17.026	50.828
complex.296.pdb	0	16.003	45.546
complex.297.pdb	0	16.957	55.325
complex.298.pdb	0	13.836	37.906
complex.299.pdb	0	13.159	43.357
complex.300.pdb	0	10.950	41.813
complex.301.pdb	0	12.765	41.372
complex.302.pdb	0	11.789	36.952
complex.303.pdb	0	15.528	53.104
complex.304.pdb	0	15.388	52.865
complex.305.pdb	0	17.435	53.295
complex.306.pdb	0	12.670	41.263
complex.307.pdb	0	16.207	46.460
complex.308.pdb	0.0275229	16.167	55.594
complex.309.pdb	0.0183486	14.017	50.504
complex.310.pdb	0	15.581	51.471
complex.311.pdb	0	15.135	48.722
complex.312.pdb	0	13.393	42.325
complex.313.pdb	0	15.151	50.130
complex.314.pdb	0	16.576	42.435
complex.315.pdb	0	15.538	42.734
complex.316.pdb	0	12.492	43.613
complex.317.pdb	0	14.094	50.939
complex.318.pdb	0.0275229	13.782	49.948
complex.319.pdb	0	16.019	55.590
complex.320.pdb	0.00917431	16.360	54.561
complex.321.pdb	0	17.153	55.204
complex.322.pdb	0.00917431	14.110	49.092
complex.323.pdb	0.0183486	16.752	60.140
complex.324.pdb	0	13.356	45.776
complex.325.pdb	0	18.474	58.350
complex.326.pdb	0	17.163	55.100
complex.327.pdb	0	12.381	37.639
complex.328.pdb	0	14.928	51.234
complex.329.pdb	0.00917431	15.542	51.126
complex.330.pdb	0	17.657	60.243
complex.331.pdb	0	17.394	43.979
complex.332.pdb	0	15.269	48.247
complex.333.pdb	0	13.035	43.588
complex.334.pdb	0	13.052	36.780
complex.335.pdb	0	17.669	48.026
complex.336.pdb	0	15.049	48.991
complex.337.pdb	0.0183486	18.456	60.184
complex.338.pdb	0	13.917	49.322
complex.339.pdb	0	13.878	47.161
complex.340.pdb	0	16.980	48.055
complex.341.pdb	0	15.788	53.495
complex.342.pdb	0	16.699	43.739
complex.343.pdb	0	12.924	42.771
complex.344.pdb	0	14.739	55.042
complex.345.pdb	0.0550459	9.502	30.411
complex.346.pdb	0	16.464	48.900
complex.347.pdb	0	15.716	44.791
complex.348.pdb	0	16.631	47.805
complex.349.pdb	0	15.869	50.654
complex.350.pdb	0	15.868	41.978
complex.351.pdb	0	16.192	46.233
complex.352.pdb	0	14.918	54.848
complex.353.pdb	0	14.971	48.363
complex.354.pdb	0	17.254	45.036
complex.355.pdb	0.00917431	15.240	51.431
complex.356.pdb	0	13.327	48.809
complex.357.pdb	0	15.941	43.381
complex.358.pdb	0	18.395	51.218
complex.359.pdb	0.00917431	16.834	48.553
complex.360.pdb	0	14.855	41.705
complex.361.pdb	0	15.482	46.984
complex.362.pdb	0.00917431	15.760	48.327
complex.363.pdb	0	17.023	58.215
complex.364.pdb	0	15.174	52.764
complex.365.pdb	0	14.649	51.371
complex.366.pdb	0	16.369	47.731
complex.367.pdb	0	13.145	41.518
complex.368.pdb	0	13.755	36.176
complex.369.pdb	0	14.387	54.626
complex.370.pdb	0	16.835	50.196
complex.371.pdb	0	13.196	38.793
complex.372.pdb	0	18.000	52.223
complex.373.pdb	0	13.903	47.685
complex.374.pdb	0	15.700	52.518
complex.375.pdb	0	18.844	49.666
complex.376.pdb	0	12.506	42.711
complex.377.pdb	0	19.796	50.219
complex.378.pdb	0	14.456	47.516
complex.379.pdb	0	14.719	45.097
complex.380.pdb	0	18.387	45.373
complex.381.pdb	0	15.573	53.354
complex.382.pdb	0.0183486	14.757	54.492
complex.383.pdb	0	12.985	34.271
complex.384.pdb	0	17.945	54.957
complex.385.pdb	0	13.002	41.728
complex.386.pdb	0	16.528	41.933
complex.387.pdb	0	15.525	53.735
complex.388.pdb	0.00917431	20.032	69.821
complex.389.pdb	0	17.951	55.442
complex.390.pdb	0	17.445	56.035
complex.391.pdb	0	17.681	57.469
complex.392.pdb	0	17.246	58.419
complex.393.pdb	0	14.266	53.351
complex.394.pdb	0	15.435	49.539
complex.395.pdb	0	17.732	49.270
complex.396.pdb	0	16.026	46.102
complex.397.pdb	0	14.141	51.306
complex.398.pdb	0	17.128	48.135
complex.399.pdb	0	18.086	66.887
complex.400.pdb	0	14.413	46.607
complex.401.pdb	0	18.406	43.643
complex.402.pdb	0	13.841	45.923
complex.403.pdb	0.00917431	15.906	47.437
complex.404.pdb	0	17.552	52.497
complex.405.pdb	0	14.101	44.035
complex.406.pdb	0	16.271	56.579
complex.407.pdb	0	13.991	37.322
complex.408.pdb	0	15.680	48.057
complex.409.pdb	0	13.125	44.926
complex.410.pdb	0.00917431	20.413	70.722
complex.411.pdb	0	19.480	67.535
complex.412.pdb	0	16.719	57.776
complex.413.pdb	0.0183486	12.462	46.835
complex.414.pdb	0.0275229	12.986	47.709
complex.415.pdb	0	13.044	40.535
complex.416.pdb	0	14.178	43.137
complex.417.pdb	0	16.424	60.938
complex.418.pdb	0	15.583	51.607
complex.419.pdb	0	16.979	56.291
complex.420.pdb	0	16.911	42.560
complex.421.pdb	0	18.090	50.850
complex.422.pdb	0	14.139	47.606
complex.423.pdb	0	12.918	30.053
complex.424.pdb	0	12.324	41.312
complex.425.pdb	0	15.130	46.860
complex.426.pdb	0	18.172	56.678
complex.427.pdb	0	16.511	49.404
complex.428.pdb	0	13.233	41.392
complex.429.pdb	0	14.554	45.310
complex.430.pdb	0	14.977	45.640
complex.431.pdb	0	18.958	56.968
complex.432.pdb	0	17.347	48.201
complex.433.pdb	0	13.531	42.537
complex.434.pdb	0	15.229	59.077
complex.435.pdb	0	18.784	48.329
complex.436.pdb	0	15.440	51.915
complex.437.pdb	0.00917431	17.658	47.916
complex.438.pdb	0	14.262	46.615
complex.439.pdb	0	16.123	44.832
complex.440.pdb	0	13.698	45.116
complex.441.pdb	0	17.950	44.417
complex.442.pdb	0	17.765	47.775
complex.443.pdb	0.00917431	14.358	42.586
complex.444.pdb	0	14.000	48.352
complex.445.pdb	0	19.715	49.693
complex.446.pdb	0	16.326	48.890
complex.447.pdb	0	17.938	61.063
complex.448.pdb	0	17.946	48.652
complex.449.pdb	0	12.838	39.041
complex.450.pdb	0	15.885	54.563
complex.451.pdb	0	20.959	53.714
complex.452.pdb	0	14.410	49.348
complex.453.pdb	0	14.519	48.829
complex.454.pdb	0	14.106	41.115
complex.455.pdb	0	17.425	51.782
complex.456.pdb	0	15.760	49.049
complex.457.pdb	0	14.311	45.831
complex.458.pdb	0	13.224	43.380
complex.459.pdb	0	13.633	46.776
complex.460.pdb	0	22.351	58.660
complex.461.pdb	0	16.006	49.924
complex.462.pdb	0.00917431	14.476	38.238
complex.463.pdb	0	13.180	46.888
complex.464.pdb	0.00917431	19.115	47.726
complex.465.pdb	0	14.242	48.327
complex.466.pdb	0	15.082	50.868
complex.467.pdb	0.0183486	15.553	56.821
complex.468.pdb	0.00917431	13.975	48.173
complex.469.pdb	0	19.146	48.307
complex.470.pdb	0	14.607	43.130
complex.471.pdb	0	18.298	61.030
complex.472.pdb	0	13.135	40.314
complex.473.pdb	0	17.525	52.106
complex.474.pdb	0	14.956	48.758
complex.475.pdb	0	16.291	51.030
complex.476.pdb	0	17.400	50.828
complex.477.pdb	0	18.352	47.888
complex.478.pdb	0	18.344	51.412
complex.479.pdb	0	16.482	42.115
complex.480.pdb	0	16.529	43.900
complex.481.pdb	0.0275229	14.437	41.769
complex.482.pdb	0.0183486	16.834	58.563
complex.483.pdb	0	14.741	51.742
complex.484.pdb	0	14.371	52.406
complex.485.pdb	0	13.685	43.669
complex.486.pdb	0	16.916	53.436
complex.487.pdb	0.00917431	14.815	50.533
complex.488.pdb	0	15.087	51.208
complex.489.pdb	0	13.739	44.108
complex.490.pdb	0	16.709	43.888
complex.491.pdb	0	16.281	55.689
complex.492.pdb	0	13.817	42.722
complex.493.pdb	0	13.676	41.343
complex.494.pdb	0	16.014	55.291
complex.495.pdb	0	15.558	53.051
complex.496.pdb	0	12.655	45.170
complex.497.pdb	0	15.466	50.095
complex.498.pdb	0	18.537	51.102
complex.499.pdb	0	16.181	51.124
complex.500.pdb	0	12.986	42.833
complex.501.pdb	0	16.389	55.868
complex.502.pdb	0.00917431	14.396	49.406
complex.503.pdb	0	16.895	49.218
complex.504.pdb	0.00917431	19.575	68.550
complex.505.pdb	0.00917431	16.162	40.985
complex.506.pdb	0	15.138	50.187
complex.507.pdb	0	17.519	47.158
complex.508.pdb	0	14.302	51.562
complex.509.pdb	0	15.961	50.000
complex.510.pdb	0	15.605	53.682
complex.511.pdb	0	15.148	52.808
complex.512.pdb	0	15.077	53.398
complex.513.pdb	0	15.038	50.126
complex.514.pdb	0	16.299	47.750
complex.515.pdb	0.00917431	15.601	42.110
complex.516.pdb	0	15.915	47.924
complex.517.pdb	0	15.119	58.701
complex.518.pdb	0	17.028	44.844
complex.519.pdb	0	15.597	44.940
complex.520.pdb	0	18.218	58.779
complex.521.pdb	0	13.154	37.580
complex.522.pdb	0	13.702	47.274
complex.523.pdb	0	17.047	58.209
complex.524.pdb	0	15.680	54.356
complex.525.pdb	0	14.490	40.923
complex.526.pdb	0	17.729	49.191
complex.527.pdb	0	15.620	54.187
complex.528.pdb	0	14.117	43.265
complex.529.pdb	0	15.795	55.143
complex.530.pdb	0	16.961	54.461
complex.531.pdb	0	15.346	53.389
complex.532.pdb	0	13.712	46.569
complex.533.pdb	0	13.234	42.072
complex.534.pdb	0	17.177	45.312
complex.535.pdb	0	17.687	54.748
complex.536.pdb	0	15.675	47.723
complex.537.pdb	0	15.030	45.483
complex.538.pdb	0.0550459	9.875	32.279
complex.539.pdb	0	15.565	42.391
complex.540.pdb	0	15.638	53.458
complex.541.pdb	0	16.811	49.799
complex.542.pdb	0	15.970	42.275
complex.543.pdb	0	16.140	48.757
complex.544.pdb	0	16.117	49.040
complex.545.pdb	0	15.326	52.235
complex.546.pdb	0	16.001	45.638
complex.547.pdb	0.0366972	16.183	55.123
complex.548.pdb	0	15.816	53.010
complex.549.pdb	0.00917431	10.524	40.784
complex.550.pdb	0	18.024	47.178
complex.551.pdb	0	17.737	60.145
complex.552.pdb	0	13.735	40.127
complex.553.pdb	0.0275229	13.574	39.515
complex.554.pdb	0	19.178	50.267
complex.555.pdb	0	16.187	47.012
complex.556.pdb	0	16.314	43.804
complex.557.pdb	0	15.783	46.610
complex.558.pdb	0	17.976	62.002
complex.559.pdb	0	18.186	48.401
complex.560.pdb	0	19.446	50.412
complex.561.pdb	0	12.856	37.065
complex.562.pdb	0.0183486	15.503	55.078
complex.563.pdb	0	16.516	58.231
complex.564.pdb	0	17.929	52.136
complex.565.pdb	0	15.495	49.675
complex.566.pdb	0	16.215	42.353
complex.567.pdb	0.00917431	12.404	30.044
complex.568.pdb	0	14.253	43.526
complex.569.pdb	0	20.942	55.698
complex.570.pdb	0	13.548	43.560
complex.571.pdb	0	18.447	66.899
complex.572.pdb	0	10.150	35.238
complex.573.pdb	0.00917431	15.373	47.608
complex.574.pdb	0	14.995	42.767
complex.575.pdb	0	15.291	52.339
complex.576.pdb	0	16.535	40.903
complex.577.pdb	0.00917431	16.407	43.009
complex.578.pdb	0	12.745	38.578
complex.579.pdb	0	17.892	48.897
complex.580.pdb	0	17.781	60.929
complex.581.pdb	0	18.812	45.333
complex.582.pdb	0	17.675	45.186
complex.583.pdb	0	19.504	51.834
complex.584.pdb	0	16.034	55.744
complex.585.pdb	0	15.487	48.517
complex.586.pdb	0	15.998	51.036
complex.587.pdb	0.0183486	15.956	47.295
complex.588.pdb	0	17.124	58.707
complex.589.pdb	0	16.065	53.506
complex.590.pdb	0	13.387	39.320
complex.591.pdb	0	14.127	37.670
complex.592.pdb	0	15.992	51.590
complex.593.pdb	0.00917431	17.798	52.953
complex.594.pdb	0	15.039	46.174
complex.595.pdb	0	16.249	54.168
complex.596.pdb	0.0183486	15.744	56.695
complex.597.pdb	0.00917431	13.782	45.523
complex.598.pdb	0	17.303	53.179
complex.599.pdb	0	13.468	46.670
complex.600.pdb	0	16.014	54.108
complex.601.pdb	0.0275229	13.758	49.429
complex.602.pdb	0	15.787	49.404
complex.603.pdb	0	13.513	44.749
complex.604.pdb	0	16.487	46.117
complex.605.pdb	0	14.458	48.218
complex.606.pdb	0.00917431	17.838	47.632
complex.607.pdb	0.0183486	17.436	46.608
complex.608.pdb	0	14.346	49.669
complex.609.pdb	0	16.682	54.116
complex.610.pdb	0	18.185	45.642
complex.611.pdb	0	16.184	57.192
complex.612.pdb	0	14.582	48.152
complex.613.pdb	0	13.823	37.728
complex.614.pdb	0	13.296	41.761
complex.615.pdb	0	18.067	47.013
complex.616.pdb	0	17.681	50.426
complex.617.pdb	0	16.643	48.858
complex.618.pdb	0.0366972	15.159	48.008
complex.619.pdb	0	14.297	52.329
complex.620.pdb	0	17.078	45.291
complex.621.pdb	0.0183486	12.291	34.213
complex.622.pdb	0	14.866	49.116
complex.623.pdb	0	16.309	42.432
complex.624.pdb	0	13.195	44.671
complex.625.pdb	0.00917431	14.665	50.618
complex.626.pdb	0	15.866	51.536
complex.627.pdb	0	19.388	48.455
complex.628.pdb	0	14.171	50.392
complex.629.pdb	0.0275229	15.188	53.671
complex.630.pdb	0	14.399	46.904
complex.631.pdb	0	13.633	41.302
complex.632.pdb	0	14.175	45.984
complex.633.pdb	0.00917431	12.816	46.822
complex.634.pdb	0	17.661	50.463
complex.635.pdb	0	14.969	49.634
complex.636.pdb	0	13.345	40.472
complex.637.pdb	0.00917431	18.918	56.580
complex.638.pdb	0	15.400	53.591
complex.639.pdb	0	14.687	46.350
complex.640.pdb	0	17.279	48.079
complex.641.pdb	0.00917431	17.112	46.038
complex.642.pdb	0	16.980	55.828
complex.643.pdb	0	14.372	41.824
complex.644.pdb	0	14.197	46.250
complex.645.pdb	0	17.429	50.740
complex.646.pdb	0	12.828	43.431
complex.647.pdb	0.00917431	15.901	42.501
complex.648.pdb	0	14.871	42.855
complex.649.pdb	0	15.426	52.875
complex.650.pdb	0.00917431	19.284	53.407
complex.651.pdb	0	13.656	44.021
complex.652.pdb	0	16.787	54.477
complex.653.pdb	0	16.356	45.156
complex.654.pdb	0	18.495	51.254
complex.655.pdb	0	18.189	57.557
complex.656.pdb	0	15.604	52.716
complex.657.pdb	0	14.955	46.874
complex.658.pdb	0	17.946	57.934
complex.659.pdb	0	13.568	43.253
complex.660.pdb	0	12.382	41.474
complex.661.pdb	0	15.512	56.826
complex.662.pdb	0	19.311	49.482
complex.663.pdb	0.0183486	13.519	47.038
complex.664.pdb	0	13.394	48.376
complex.665.pdb	0	12.691	43.024
complex.666.pdb	0	13.893	45.011
complex.667.pdb	0	16.251	55.296
complex.668.pdb	0.00917431	15.670	56.984
complex.669.pdb	0	15.772	60.192
complex.670.pdb	0	16.294	43.433
complex.671.pdb	0	17.299	52.909
complex.672.pdb	0.0183486	13.945	40.916
complex.673.pdb	0	13.070	46.083
complex.674.pdb	0.00917431	16.511	62.549
complex.675.pdb	0.00917431	16.093	43.404
complex.676.pdb	0	18.344	42.628
complex.677.pdb	0.00917431	15.275	56.914
complex.678.pdb	0	14.660	46.038
complex.679.pdb	0	17.644	58.814
complex.680.pdb	0	13.928	48.861
complex.681.pdb	0	15.796	43.839
complex.682.pdb	0	13.667	45.220
complex.683.pdb	0	15.411	48.145
complex.684.pdb	0	16.525	43.826
complex.685.pdb	0	19.757	71.602
complex.686.pdb	0	16.358	48.800
complex.687.pdb	0.0275229	15.681	55.612
complex.688.pdb	0	18.803	63.669
complex.689.pdb	0	16.978	57.187
complex.690.pdb	0	15.467	48.495
complex.691.pdb	0	17.954	54.852
complex.692.pdb	0	15.598	53.429
complex.693.pdb	0	18.589	66.042
complex.694.pdb	0	17.460	56.536
complex.695.pdb	0	14.028	50.335
complex.696.pdb	0	14.104	45.094
complex.697.pdb	0.0183486	18.498	60.956
complex.698.pdb	0	17.777	47.280
complex.699.pdb	0	16.410	59.395
complex.700.pdb	0	15.912	44.656
complex.701.pdb	0	15.588	44.850
complex.702.pdb	0	15.404	38.886
complex.703.pdb	0	10.458	28.814
complex.704.pdb	0	13.852	42.143
complex.705.pdb	0.00917431	15.893	51.764
complex.706.pdb	0	14.239	53.892
complex.707.pdb	0.00917431	12.276	44.640
complex.708.pdb	0	18.185	52.612
complex.709.pdb	0	19.565	65.769
complex.710.pdb	0.00917431	13.886	38.866
complex.711.pdb	0	18.807	44.520
complex.712.pdb	0	15.922	45.239
complex.713.pdb	0	15.516	42.357
complex.714.pdb	0	18.808	46.136
complex.715.pdb	0	15.851	52.380
complex.716.pdb	0	15.245	52.111
complex.717.pdb	0	13.014	45.084
complex.718.pdb	0	14.850	44.451
complex.719.pdb	0	14.841	46.311
complex.720.pdb	0	16.179	45.925
complex.721.pdb	0	13.607	45.905
complex.722.pdb	0	15.951	51.565
complex.723.pdb	0	17.724	57.744
complex.724.pdb	0	17.100	54.838
complex.725.pdb	0.0275229	15.862	51.691
complex.726.pdb	0	14.110	39.842
complex.727.pdb	0.0183486	12.333	45.657
complex.728.pdb	0	16.306	55.952
complex.729.pdb	0	14.195	46.498
complex.730.pdb	0	16.317	49.348
complex.731.pdb	0	17.183	50.018
complex.732.pdb	0	18.921	51.566
complex.733.pdb	0	13.471	46.020
complex.734.pdb	0	16.071	49.801
complex.735.pdb	0	13.802	41.912
complex.736.pdb	0	17.103	46.777
complex.737.pdb	0	19.062	66.515
complex.738.pdb	0	15.097	50.599
complex.739.pdb	0	16.890	45.162
complex.740.pdb	0	22.749	58.633
complex.741.pdb	0.0183486	18.073	58.448
complex.742.pdb	0	17.202	44.185
complex.743.pdb	0	14.448	39.800
complex.744.pdb	0	15.610	44.317
complex.745.pdb	0	16.888	50.556
complex.746.pdb	0	13.223	44.996
complex.747.pdb	0	16.321	50.176
complex.748.pdb	0.0183486	13.986	38.190
complex.749.pdb	0	14.631	48.951
complex.750.pdb	0	18.251	44.082
complex.751.pdb	0.0550459	19.553	70.420
complex.752.pdb	0	12.955	33.406
complex.753.pdb	0	17.237	55.260
complex.754.pdb	0	14.599	37.825
complex.755.pdb	0	16.502	48.496
complex.756.pdb	0.0275229	18.203	63.209
complex.757.pdb	0	15.613	50.929
complex.758.pdb	0	15.395	44.006
complex.759.pdb	0	14.129	35.779
complex.760.pdb	0	15.524	45.218
complex.761.pdb	0	17.962	50.125
complex.762.pdb	0	16.303	50.830
complex.763.pdb	0	16.856	48.845
complex.764.pdb	0	13.534	43.626
complex.765.pdb	0.0458716	14.208	43.841
complex.766.pdb	0	17.780	48.434
complex.767.pdb	0	14.890	40.571
complex.768.pdb	0	11.393	42.427
complex.769.pdb	0	15.922	47.973
complex.770.pdb	0	16.475	49.191
complex.771.pdb	0.00917431	19.766	69.680
complex.772.pdb	0	15.216	50.135
complex.773.pdb	0	16.753	54.617
complex.774.pdb	0.00917431	18.668	58.538
complex.775.pdb	0	15.739	49.217
complex.776.pdb	0	13.994	46.549
complex.777.pdb	0	13.977	41.922
complex.778.pdb	0.0183486	16.405	52.024
complex.779.pdb	0	11.697	35.836
complex.780.pdb	0	17.021	55.518
complex.781.pdb	0	16.690	48.018
complex.782.pdb	0	14.285	45.816
complex.783.pdb	0.00917431	17.832	52.106
complex.784.pdb	0	14.130	43.960
complex.785.pdb	0	12.056	39.750
complex.786.pdb	0	14.711	48.856
complex.787.pdb	0.00917431	12.857	38.431
complex.788.pdb	0	18.044	48.347
complex.789.pdb	0	14.015	48.439
complex.790.pdb	0	17.307	57.677
complex.791.pdb	0	14.166	42.490
complex.792.pdb	0	13.921	42.468
complex.793.pdb	0	17.015	49.658
complex.794.pdb	0	15.305	44.063
complex.795.pdb	0.0183486	15.883	41.706
complex.796.pdb	0	14.726	41.350
complex.797.pdb	0	15.762	55.999
complex.798.pdb	0	14.251	43.241
complex.799.pdb	0	18.178	60.708
complex.800.pdb	0	18.799	50.176
complex.801.pdb	0	13.329	42.979
complex.802.pdb	0.0183486	15.387	49.909
complex.803.pdb	0	13.763	41.916
complex.804.pdb	0	19.104	54.555
complex.805.pdb	0	14.865	48.031
complex.806.pdb	0	17.069	49.373
complex.807.pdb	0	16.585	42.760
complex.808.pdb	0	16.276	54.422
complex.809.pdb	0	15.437	51.728
complex.810.pdb	0.0275229	18.528	65.247
complex.811.pdb	0	15.969	51.584
complex.812.pdb	0	15.251	52.640
complex.813.pdb	0	17.526	48.370
complex.814.pdb	0.0183486	19.039	61.499
complex.815.pdb	0	15.274	52.895
complex.816.pdb	0	16.668	57.616
complex.817.pdb	0	13.918	44.553
complex.818.pdb	0.00917431	15.802	50.644
complex.819.pdb	0.00917431	15.062	45.612
complex.820.pdb	0	15.629	50.915
complex.821.pdb	0	16.033	49.646
complex.822.pdb	0	16.336	55.235
complex.823.pdb	0	22.231	56.415
complex.824.pdb	0	17.902	53.654
complex.825.pdb	0	14.438	53.303
complex.826.pdb	0	15.493	43.316
complex.827.pdb	0	16.698	53.439
complex.828.pdb	0	15.894	52.674
complex.829.pdb	0	13.809	44.105
complex.830.pdb	0	14.529	50.084
complex.831.pdb	0	13.967	48.693
complex.832.pdb	0	16.187	50.980
complex.833.pdb	0	12.813	44.445
complex.834.pdb	0	17.726	53.838
complex.835.pdb	0	18.695	49.426
complex.836.pdb	0	13.874	45.816
complex.837.pdb	0	18.909	57.859
complex.838.pdb	0	14.175	48.624
complex.839.pdb	0	11.962	38.212
complex.840.pdb	0.0183486	15.930	58.994
complex.841.pdb	0	15.016	50.731
complex.842.pdb	0	20.132	47.386
complex.843.pdb	0	13.456	39.509
complex.844.pdb	0	15.035	47.498
complex.845.pdb	0	18.459	49.640
complex.846.pdb	0	17.405	45.083
complex.847.pdb	0.00917431	16.636	60.427
complex.848.pdb	0.0183486	17.524	64.449
complex.849.pdb	0	14.685	49.386
complex.850.pdb	0	15.517	51.169
complex.851.pdb	0	13.859	44.708
complex.852.pdb	0	15.004	44.797
complex.853.pdb	0	16.258	50.086
complex.854.pdb	0.00917431	15.348	54.801
complex.855.pdb	0	16.005	47.227
complex.856.pdb	0	17.625	49.739
complex.857.pdb	0	17.871	49.337
complex.858.pdb	0	14.988	50.004
complex.859.pdb	0	14.173	48.660
complex.860.pdb	0	14.339	45.729
complex.861.pdb	0	17.125	49.891
complex.862.pdb	0	17.026	56.266
complex.863.pdb	0.00917431	15.563	43.921
complex.864.pdb	0	13.036	41.724
complex.865.pdb	0	17.197	56.592
complex.866.pdb	0	16.844	52.991
complex.867.pdb	0	13.580	43.439
complex.868.pdb	0	17.387	61.817
complex.869.pdb	0	12.362	32.181
complex.870.pdb	0	21.036	50.347
complex.871.pdb	0.00917431	20.124	58.949
complex.872.pdb	0	17.059	53.531
complex.873.pdb	0	16.686	43.083
complex.874.pdb	0	18.967	66.348
complex.875.pdb	0	19.415	49.564
complex.876.pdb	0.0183486	14.479	51.153
complex.877.pdb	0	14.856	41.979
complex.878.pdb	0	13.775	46.567
complex.879.pdb	0	16.057	50.839
complex.880.pdb	0	13.773	42.781
complex.881.pdb	0	15.682	55.972
complex.882.pdb	0	15.402	50.255
complex.883.pdb	0	14.946	55.539
complex.884.pdb	0.00917431	15.299	47.678
complex.885.pdb	0	15.592	36.612
complex.886.pdb	0	13.432	44.569
complex.887.pdb	0	16.370	53.316
complex.888.pdb	0	17.479	49.118
complex.889.pdb	0	16.850	49.313
complex.890.pdb	0	16.166	51.852
complex.891.pdb	0	15.442	48.231
complex.892.pdb	0	17.512	49.609
complex.893.pdb	0	16.628	48.157
complex.894.pdb	0	15.829	56.312
complex.895.pdb	0	15.737	45.616
complex.896.pdb	0	15.456	42.935
complex.897.pdb	0	14.338	53.108
complex.898.pdb	0	16.795	56.675
complex.899.pdb	0	19.249	54.258
complex.900.pdb	0.0275229	11.540	27.092
complex.901.pdb	0	14.924	47.808
complex.902.pdb	0	18.123	49.130
complex.903.pdb	0	15.595	43.829
complex.904.pdb	0	17.358	59.521
complex.905.pdb	0	19.072	50.434
complex.906.pdb	0	15.309	50.547
complex.907.pdb	0	17.382	60.091
complex.908.pdb	0	18.502	61.538
complex.909.pdb	0	16.124	46.480
complex.910.pdb	0.0366972	14.383	45.616
complex.911.pdb	0	16.513	49.702
complex.912.pdb	0	17.089	44.057
complex.913.pdb	0	15.679	52.859
complex.914.pdb	0	19.101	48.129
complex.915.pdb	0	17.594	54.637
complex.916.pdb	0	18.128	46.806
complex.917.pdb	0	14.611	43.736
complex.918.pdb	0	13.809	47.482
complex.919.pdb	0.0183486	16.901	60.825
complex.920.pdb	0.0366972	17.323	45.986
complex.921.pdb	0	15.820	39.375
complex.922.pdb	0	16.949	51.751
complex.923.pdb	0	15.014	48.928
complex.924.pdb	0	15.961	50.097
complex.925.pdb	0	16.270	48.065
complex.926.pdb	0	14.134	47.113
complex.927.pdb	0	16.908	50.522
complex.928.pdb	0	16.045	43.672
complex.929.pdb	0	14.758	49.014
complex.930.pdb	0	13.067	45.231
complex.931.pdb	0	14.009	35.975
complex.932.pdb	0	13.779	45.759
complex.933.pdb	0	13.518	47.229
complex.934.pdb	0	21.866	55.892
complex.935.pdb	0	10.725	39.637
complex.936.pdb	0	17.663	42.822
complex.937.pdb	0	15.006	46.220
complex.938.pdb	0	17.089	44.161
complex.939.pdb	0	15.670	51.080
complex.940.pdb	0	15.522	53.509
complex.941.pdb	0	16.342	46.639
complex.942.pdb	0.00917431	15.955	58.116
complex.943.pdb	0	12.787	42.474
complex.944.pdb	0.0183486	20.704	70.640
complex.945.pdb	0	15.742	45.967
complex.946.pdb	0	18.276	48.018
complex.947.pdb	0.0275229	20.906	59.589
complex.948.pdb	0	12.706	37.959
complex.949.pdb	0.0275229	14.306	40.726
complex.950.pdb	0	14.672	44.630
complex.951.pdb	0	19.984	71.583
complex.952.pdb	0	16.941	44.879
complex.953.pdb	0	17.718	42.827
complex.954.pdb	0	12.207	38.753
complex.955.pdb	0	16.151	56.273
complex.956.pdb	0	11.790	40.102
complex.957.pdb	0	15.143	45.237
complex.958.pdb	0	14.643	48.506
complex.959.pdb	0.0275229	11.982	30.740
complex.960.pdb	0	15.112	49.755
complex.961.pdb	0	15.233	52.785
complex.962.pdb	0	14.662	41.682
complex.963.pdb	0	18.104	48.191
complex.964.pdb	0	15.290	47.525
complex.965.pdb	0	13.323	42.532
complex.966.pdb	0	21.278	53.689
complex.967.pdb	0	22.048	56.715
complex.968.pdb	0	14.168	49.186
complex.969.pdb	0.0183486	15.070	49.066
complex.970.pdb	0.0275229	14.739	53.014
complex.971.pdb	0	14.373	52.863
complex.972.pdb	0	14.546	48.546
complex.973.pdb	0	16.488	44.789
complex.974.pdb	0	18.862	49.645
complex.975.pdb	0	14.163	42.761
complex.976.pdb	0	17.692	62.108
complex.977.pdb	0	16.057	49.979
complex.978.pdb	0	16.962	49.584
complex.979.pdb	0	20.940	54.322
complex.980.pdb	0	14.239	47.318
complex.981.pdb	0	16.402	48.328
complex.982.pdb	0.00917431	17.102	43.843
complex.983.pdb	0	13.725	47.649
complex.984.pdb	0	12.899	45.516
complex.985.pdb	0	16.231	50.446
complex.986.pdb	0	13.552	40.879
complex.987.pdb	0	16.915	45.610
complex.988.pdb	0	17.147	46.562
complex.989.pdb	0.0366972	14.526	40.629
complex.990.pdb	0	16.811	45.179
complex.991.pdb	0	18.163	55.355
complex.992.pdb	0	12.039	42.517
complex.993.pdb	0	17.683	47.719
complex.994.pdb	0	15.977	51.893
complex.995.pdb	0	15.519	46.437
complex.996.pdb	0	18.501	50.341
complex.997.pdb	0	12.220	40.685
complex.998.pdb	0	16.008	55.269
complex.999.pdb	0	16.666	49.054
complex.1000.pdb	0	14.997	51.760
complex.1001.pdb	0	16.387	51.315
complex.1002.pdb	0.00917431	10.688	21.358
complex.1003.pdb	0	17.795	51.375
complex.1004.pdb	0	14.741	48.366
complex.1005.pdb	0	14.780	46.947
complex.1006.pdb	0.0275229	15.996	50.361
complex.1007.pdb	0	16.616	47.080
complex.1008.pdb	0	15.714	43.220
complex.1009.pdb	0	13.566	42.721
complex.1010.pdb	0	12.859	42.777
complex.1011.pdb	0	15.758	45.269
complex.1012.pdb	0	18.300	46.927
complex.1013.pdb	0	13.718	43.716
complex.1014.pdb	0	15.247	51.793
complex.1015.pdb	0	15.226	44.477
complex.1016.pdb	0	12.970	43.115
complex.1017.pdb	0	15.586	51.536
complex.1018.pdb	0	14.064	43.112
complex.1019.pdb	0	16.201	51.846
complex.1020.pdb	0	13.145	37.257
complex.1021.pdb	0	14.522	52.405
complex.1022.pdb	0	17.266	54.504
complex.1023.pdb	0	14.203	48.075
complex.1024.pdb	0	14.518	42.688
complex.1025.pdb	0	17.563	50.571
complex.1026.pdb	0	14.840	34.819
complex.1027.pdb	0	16.730	55.318
complex.1028.pdb	0	16.829	48.603
complex.1029.pdb	0.00917431	11.732	35.423
complex.1030.pdb	0	17.015	61.650
complex.1031.pdb	0.00917431	15.610	51.209
complex.1032.pdb	0	17.414	49.389
complex.1033.pdb	0	15.587	49.366
complex.1034.pdb	0	18.776	43.263
complex.1035.pdb	0	16.891	53.799
complex.1036.pdb	0	14.721	51.068
complex.1037.pdb	0.00917431	14.231	43.260
complex.1038.pdb	0	16.781	50.295
complex.1039.pdb	0.0275229	18.179	64.909
complex.1040.pdb	0	19.680	49.230
complex.1041.pdb	0	13.876	31.295
complex.1042.pdb	0	14.573	39.661
complex.1043.pdb	0	16.535	55.078
complex.1044.pdb	0	13.928	36.312
complex.1045.pdb	0	18.445	46.496
complex.1046.pdb	0	16.084	51.465
complex.1047.pdb	0.00917431	12.240	43.117
complex.1048.pdb	0	18.267	62.071
complex.1049.pdb	0	14.782	47.342
complex.1050.pdb	0	15.739	44.295
complex.1051.pdb	0	16.344	51.334
complex.1052.pdb	0	14.240	45.172
complex.1053.pdb	0	14.554	46.383
complex.1054.pdb	0	18.046	52.587
complex.1055.pdb	0	13.073	49.853
complex.1056.pdb	0	14.706	56.050
complex.1057.pdb	0	16.492	50.985
complex.1058.pdb	0	19.026	63.588
complex.1059.pdb	0	15.695	47.755
complex.1060.pdb	0.0183486	19.025	47.902
complex.1061.pdb	0	16.982	54.968
complex.1062.pdb	0	16.244	51.117
complex.1063.pdb	0.00917431	13.381	44.460
complex.1064.pdb	0	12.967	45.348
complex.1065.pdb	0	15.377	48.793
complex.1066.pdb	0	16.810	45.637
complex.1067.pdb	0	17.107	47.388
complex.1068.pdb	0.00917431	20.491	72.286
complex.1069.pdb	0	15.637	51.180
complex.1070.pdb	0	16.646	59.247
complex.1071.pdb	0	16.217	55.279
complex.1072.pdb	0	14.597	49.976
complex.1073.pdb	0	14.175	46.550
complex.1074.pdb	0	13.756	41.990
complex.1075.pdb	0	15.398	43.121
complex.1076.pdb	0	13.680	43.378
complex.1077.pdb	0	15.533	53.063
complex.1078.pdb	0	15.767	57.635
complex.1079.pdb	0	18.759	50.027
complex.1080.pdb	0.0183486	13.720	49.798
complex.1081.pdb	0	14.589	42.013
complex.1082.pdb	0	23.432	61.016
complex.1083.pdb	0	14.827	49.849
complex.1084.pdb	0	16.671	44.183
complex.1085.pdb	0	18.338	44.207
complex.1086.pdb	0	15.231	38.203
complex.1087.pdb	0	15.839	48.612
complex.1088.pdb	0	18.963	46.164
complex.1089.pdb	0	20.351	54.729
complex.1090.pdb	0	18.157	47.212
complex.1091.pdb	0.00917431	16.866	58.488
complex.1092.pdb	0	19.665	47.820
complex.1093.pdb	0	15.435	54.094
complex.1094.pdb	0	17.615	58.834
complex.1095.pdb	0	16.588	42.519
complex.1096.pdb	0.00917431	18.458	48.782
complex.1097.pdb	0	15.839	42.284
complex.1098.pdb	0	13.794	49.417
complex.1099.pdb	0	14.153	44.240
complex.1100.pdb	0	13.936	42.761
complex.1101.pdb	0	16.788	60.829
complex.1102.pdb	0	15.619	50.370
complex.1103.pdb	0	18.267	49.395
complex.1104.pdb	0	14.796	49.743
complex.1105.pdb	0	16.075	49.882
complex.1106.pdb	0	13.906	32.413
complex.1107.pdb	0.00917431	14.196	41.117
complex.1108.pdb	0	15.258	56.124
complex.1109.pdb	0	22.187	56.310
complex.1110.pdb	0	15.791	51.989
complex.1111.pdb	0	13.251	44.355
complex.1112.pdb	0	16.002	45.866
complex.1113.pdb	0	15.841	52.440
complex.1114.pdb	0	15.167	51.811
complex.1115.pdb	0	16.633	56.232
complex.1116.pdb	0.00917431	15.554	40.186
complex.1117.pdb	0.0183486	18.382	62.236
complex.1118.pdb	0.00917431	16.340	60.215
complex.1119.pdb	0	15.294	51.538
complex.1120.pdb	0	15.974	45.566
complex.1121.pdb	0	16.417	50.291
complex.1122.pdb	0	15.882	59.058
complex.1123.pdb	0.00917431	15.678	42.824
complex.1124.pdb	0	15.142	54.617
complex.1125.pdb	0.0183486	17.162	44.872
complex.1126.pdb	0	15.136	47.106
complex.1127.pdb	0	16.046	48.365
complex.1128.pdb	0.00917431	19.388	67.054
complex.1129.pdb	0	9.332	28.293
complex.1130.pdb	0.0275229	14.671	53.827
complex.1131.pdb	0	16.662	45.697
complex.1132.pdb	0.00917431	19.512	63.905
complex.1133.pdb	0	16.130	40.716
complex.1134.pdb	0	16.873	55.012
complex.1135.pdb	0	15.328	46.377
complex.1136.pdb	0.0183486	11.525	42.504
complex.1137.pdb	0	16.624	57.234
complex.1138.pdb	0	19.827	47.835
complex.1139.pdb	0	17.542	47.971
complex.1140.pdb	0	19.576	51.400
complex.1141.pdb	0	17.711	64.679
complex.1142.pdb	0	15.145	43.694
complex.1143.pdb	0	13.744	47.373
complex.1144.pdb	0	17.370	43.639
complex.1145.pdb	0	18.029	49.353
complex.1146.pdb	0	18.222	48.515
complex.1147.pdb	0	16.980	46.791
complex.1148.pdb	0	17.217	43.892
complex.1149.pdb	0	11.822	33.726
complex.1150.pdb	0	16.726	57.768
complex.1151.pdb	0	15.360	53.644
complex.1152.pdb	0.00917431	10.892	33.634
complex.1153.pdb	0	19.555	69.248
complex.1154.pdb	0	17.027	44.103
complex.1155.pdb	0.0183486	18.318	63.189
complex.1156.pdb	0	12.612	43.042
complex.1157.pdb	0	20.359	49.660
complex.1158.pdb	0	16.083	49.757
complex.1159.pdb	0	17.243	47.227
complex.1160.pdb	0	16.625	49.321
complex.1161.pdb	0	16.543	52.583
complex.1162.pdb	0	13.942	44.414
complex.1163.pdb	0	14.890	43.470
complex.1164.pdb	0	16.310	51.046
complex.1165.pdb	0	17.666	57.726
complex.1166.pdb	0	20.383	52.603
complex.1167.pdb	0	15.900	46.743
complex.1168.pdb	0	15.201	53.206
complex.1169.pdb	0	17.543	56.566
complex.1170.pdb	0	17.800	65.410
complex.1171.pdb	0.0366972	8.295	18.813
complex.1172.pdb	0	17.898	55.768
complex.1173.pdb	0	15.695	43.426
complex.1174.pdb	0	15.915	47.890
complex.1175.pdb	0	17.026	51.650
complex.1176.pdb	0.0366972	8.140	16.358
complex.1177.pdb	0.0275229	11.287	26.657
complex.1178.pdb	0	12.464	33.809
complex.1179.pdb	0	14.190	48.975
complex.1180.pdb	0	18.964	47.558
complex.1181.pdb	0	14.189	39.489
complex.1182.pdb	0	15.451	52.303
complex.1183.pdb	0	10.759	31.071
complex.1184.pdb	0	16.316	55.055
complex.1185.pdb	0	15.132	44.846
complex.1186.pdb	0	15.107	34.801
complex.1187.pdb	0	14.293	44.668
complex.1188.pdb	0	18.901	50.288
complex.1189.pdb	0	15.197	44.652
complex.1190.pdb	0	18.964	46.966
complex.1191.pdb	0	11.747	37.680
complex.1192.pdb	0.00917431	13.931	45.561
complex.1193.pdb	0	15.195	51.664
complex.1194.pdb	0	16.152	51.525
complex.1195.pdb	0	16.358	50.257
complex.1196.pdb	0	13.512	41.780
complex.1197.pdb	0.0183486	13.485	41.725
complex.1198.pdb	0	17.246	48.859
complex.1199.pdb	0	17.400	54.147
complex.1200.pdb	0	14.691	48.106
complex.1201.pdb	0	15.903	50.487
complex.1202.pdb	0	16.151	54.608
complex.1203.pdb	0.00917431	16.174	60.534
complex.1204.pdb	0	12.389	43.144
complex.1205.pdb	0.0183486	11.377	42.841
complex.1206.pdb	0	13.823	44.478
complex.1207.pdb	0.00917431	16.686	48.865
complex.1208.pdb	0	15.168	54.662
complex.1209.pdb	0.00917431	19.258	67.870
complex.1210.pdb	0.0183486	14.032	39.975
complex.1211.pdb	0	12.659	44.775
complex.1212.pdb	0	18.263	65.043
complex.1213.pdb	0	18.796	62.888
complex.1214.pdb	0	18.974	50.680
complex.1215.pdb	0	17.511	46.336
complex.1216.pdb	0	16.983	48.446
complex.1217.pdb	0	15.864	47.182
complex.1218.pdb	0	11.877	38.386
complex.1219.pdb	0	15.368	49.893
complex.1220.pdb	0	15.288	52.189
complex.1221.pdb	0	16.471	41.602
complex.1222.pdb	0	17.806	52.330
complex.1223.pdb	0	13.691	49.871
complex.1224.pdb	0	15.845	51.379
complex.1225.pdb	0	18.707	62.952
complex.1226.pdb	0	18.740	55.814
complex.1227.pdb	0	17.499	52.985
complex.1228.pdb	0.00917431	13.720	36.294
complex.1229.pdb	0	17.269	45.670
complex.1230.pdb	0	16.774	58.886
complex.1231.pdb	0	14.070	40.179
complex.1232.pdb	0	15.924	56.583
complex.1233.pdb	0	14.060	49.583
complex.1234.pdb	0	13.525	46.063
complex.1235.pdb	0	17.787	64.957
complex.1236.pdb	0	17.635	49.514
complex.1237.pdb	0	13.796	43.453
complex.1238.pdb	0.0183486	14.411	45.280
complex.1239.pdb	0	17.200	54.700
complex.1240.pdb	0	17.600	58.088
complex.1241.pdb	0	13.695	34.927
complex.1242.pdb	0	14.587	49.401
complex.1243.pdb	0	15.153	51.608
complex.1244.pdb	0	17.541	48.148
complex.1245.pdb	0.00917431	14.742	39.100
complex.1246.pdb	0	16.547	53.136
complex.1247.pdb	0	14.494	51.433
complex.1248.pdb	0.0183486	15.645	53.826
complex.1249.pdb	0	16.047	39.724
complex.1250.pdb	0	12.489	37.184
complex.1251.pdb	0	12.334	41.262
complex.1252.pdb	0	15.994	59.372
complex.1253.pdb	0	14.987	46.653
complex.1254.pdb	0	12.514	40.195
complex.1255.pdb	0	17.323	46.169
complex.1256.pdb	0	17.482	45.453
complex.1257.pdb	0	13.825	49.434
complex.1258.pdb	0	14.360	47.922
complex.1259.pdb	0.0275229	13.952	43.573
complex.1260.pdb	0	16.727	54.886
complex.1261.pdb	0	14.750	48.712
complex.1262.pdb	0	16.393	41.200
complex.1263.pdb	0	15.499	53.180
complex.1264.pdb	0	12.760	35.788
complex.1265.pdb	0	12.856	40.447
complex.1266.pdb	0	16.502	42.823
complex.1267.pdb	0	18.384	50.568
complex.1268.pdb	0	18.335	66.947
complex.1269.pdb	0.0275229	15.464	45.800
complex.1270.pdb	0	16.182	44.912
complex.1271.pdb	0	15.642	49.987
complex.1272.pdb	0	17.017	56.172
complex.1273.pdb	0	12.973	40.637
complex.1274.pdb	0	14.649	49.191
complex.1275.pdb	0	15.419	47.798
complex.1276.pdb	0	17.224	58.053
complex.1277.pdb	0	16.476	44.775
complex.1278.pdb	0	14.700	47.552
complex.1279.pdb	0	17.106	58.111
complex.1280.pdb	0	16.591	46.284
complex.1281.pdb	0	15.803	53.571
complex.1282.pdb	0	16.507	49.135
complex.1283.pdb	0	15.347	55.339
complex.1284.pdb	0	17.210	48.028
complex.1285.pdb	0.0917431	19.885	67.639
complex.1286.pdb	0	15.525	44.936
complex.1287.pdb	0.00917431	17.091	58.208
complex.1288.pdb	0	14.998	57.560
complex.1289.pdb	0	18.621	51.609
complex.1290.pdb	0	13.467	37.362
complex.1291.pdb	0	17.079	46.657
complex.1292.pdb	0	17.905	55.276
complex.1293.pdb	0	15.697	46.200
complex.1294.pdb	0.0183486	11.646	42.754
complex.1295.pdb	0	13.729	44.970
complex.1296.pdb	0	12.997	45.624
complex.1297.pdb	0	13.599	46.445
complex.1298.pdb	0	14.745	45.096
complex.1299.pdb	0.00917431	18.721	48.957
complex.1300.pdb	0	15.200	52.252
complex.1301.pdb	0	14.948	50.939
complex.1302.pdb	0	16.738	58.093
complex.1303.pdb	0	18.328	47.412
complex.1304.pdb	0.0183486	17.417	64.265
complex.1305.pdb	0.00917431	16.748	60.771
complex.1306.pdb	0	14.060	48.860
complex.1307.pdb	0	13.670	44.994
complex.1308.pdb	0	17.160	58.379
complex.1309.pdb	0	16.201	55.717
complex.1310.pdb	0	18.680	50.325
complex.1311.pdb	0	16.830	49.675
complex.1312.pdb	0	17.135	46.721
complex.1313.pdb	0	18.747	55.665
complex.1314.pdb	0	14.656	47.752
complex.1315.pdb	0	13.670	44.285
complex.1316.pdb	0	17.632	52.192
complex.1317.pdb	0.00917431	17.233	61.272
complex.1318.pdb	0	16.851	44.393
complex.1319.pdb	0	13.448	50.815
complex.1320.pdb	0	15.668	42.730
complex.1321.pdb	0.00917431	13.692	47.740
complex.1322.pdb	0	14.971	51.421
complex.1323.pdb	0	14.840	51.243
complex.1324.pdb	0	18.094	49.778
complex.1325.pdb	0	17.343	54.577
complex.1326.pdb	0	16.146	51.448
complex.1327.pdb	0	17.344	64.155
complex.1328.pdb	0	18.118	48.853
complex.1329.pdb	0	14.312	45.936
complex.1330.pdb	0.00917431	10.357	35.881
complex.1331.pdb	0	18.562	49.182
complex.1332.pdb	0	16.277	54.232
complex.1333.pdb	0.0275229	15.836	49.102
complex.1334.pdb	0	18.589	60.945
complex.1335.pdb	0	11.781	38.092
complex.1336.pdb	0	17.682	50.711
complex.1337.pdb	0	16.592	45.376
complex.1338.pdb	0	16.097	45.775
complex.1339.pdb	0	15.676	50.006
complex.1340.pdb	0	17.820	50.521
complex.1341.pdb	0.0183486	14.200	45.103
complex.1342.pdb	0	17.723	48.606
complex.1343.pdb	0	18.584	60.488
complex.1344.pdb	0	14.120	43.615
complex.1345.pdb	0	15.490	42.786
complex.1346.pdb	0	15.602	52.411
complex.1347.pdb	0	17.580	55.857
complex.1348.pdb	0	17.142	47.714
complex.1349.pdb	0	13.560	47.454
complex.1350.pdb	0	14.693	50.065
complex.1351.pdb	0	14.660	47.944
complex.1352.pdb	0	14.000	47.073
complex.1353.pdb	0	17.137	43.598
complex.1354.pdb	0	16.832	55.110
complex.1355.pdb	0	16.906	53.493
complex.1356.pdb	0.0183486	17.143	45.009
complex.1357.pdb	0	15.508	58.887
complex.1358.pdb	0	15.957	49.877
complex.1359.pdb	0	16.469	55.801
complex.1360.pdb	0	13.691	48.745
complex.1361.pdb	0.00917431	15.546	44.215
complex.1362.pdb	0	14.770	49.456
complex.1363.pdb	0	16.746	48.467
complex.1364.pdb	0	15.770	60.486
complex.1365.pdb	0	17.215	57.921
complex.1366.pdb	0	12.861	44.594
complex.1367.pdb	0	14.143	47.562
complex.1368.pdb	0	14.796	49.111
complex.1369.pdb	0.0275229	14.516	42.901
complex.1370.pdb	0	13.695	43.092
complex.1371.pdb	0	15.568	44.039
complex.1372.pdb	0	13.892	43.029
complex.1373.pdb	0	19.757	50.786
complex.1374.pdb	0	17.336	49.318
complex.1375.pdb	0	19.590	55.284
complex.1376.pdb	0	16.345	54.268
complex.1377.pdb	0	15.935	55.742
complex.1378.pdb	0	14.832	46.383
complex.1379.pdb	0.00917431	13.292	46.708
complex.1380.pdb	0	18.570	54.874
complex.1381.pdb	0	15.821	53.849
complex.1382.pdb	0	18.858	59.841
complex.1383.pdb	0	17.060	58.199
complex.1384.pdb	0.0642202	19.742	70.148
complex.1385.pdb	0	16.988	44.346
complex.1386.pdb	0	12.983	31.134
complex.1387.pdb	0.00917431	18.575	57.848
complex.1388.pdb	0	13.387	42.151
complex.1389.pdb	0	14.106	48.023
complex.1390.pdb	0	16.539	49.307
complex.1391.pdb	0	16.035	53.126
complex.1392.pdb	0	20.635	55.522
complex.1393.pdb	0.00917431	13.581	44.173
complex.1394.pdb	0	17.560	62.364
complex.1395.pdb	0.00917431	15.533	55.820
complex.1396.pdb	0	16.717	53.707
complex.1397.pdb	0	15.206	49.429
complex.1398.pdb	0	20.707	56.047
complex.1399.pdb	0	17.908	54.146
complex.1400.pdb	0.00917431	20.423	73.855
complex.1401.pdb	0	14.805	51.387
complex.1402.pdb	0.00917431	15.188	48.058
complex.1403.pdb	0	15.817	55.645
complex.1404.pdb	0.0183486	14.106	50.662
complex.1405.pdb	0	16.367	54.675
complex.1406.pdb	0	17.015	56.992
complex.1407.pdb	0	13.288	42.013
complex.1408.pdb	0	16.878	44.308
complex.1409.pdb	0	16.967	46.642
complex.1410.pdb	0	13.917	39.761
complex.1411.pdb	0	20.698	53.673
complex.1412.pdb	0	15.912	50.873
complex.1413.pdb	0	16.591	49.819
complex.1414.pdb	0	13.243	37.292
complex.1415.pdb	0	15.817	41.507
complex.1416.pdb	0	9.002	28.247
complex.1417.pdb	0	15.316	46.841
complex.1418.pdb	0	19.117	65.838
complex.1419.pdb	0	16.260	57.663
complex.1420.pdb	0	19.164	49.311
complex.1421.pdb	0	17.636	51.863
complex.1422.pdb	0	18.760	49.649
complex.1423.pdb	0	16.633	56.769
complex.1424.pdb	0	17.188	55.788
complex.1425.pdb	0	15.624	57.031
complex.1426.pdb	0	12.295	38.838
complex.1427.pdb	0	12.512	40.485
complex.1428.pdb	0.00917431	18.044	47.750
complex.1429.pdb	0.00917431	13.965	44.732
complex.1430.pdb	0	16.364	56.794
complex.1431.pdb	0	17.210	55.679
complex.1432.pdb	0	13.707	44.094
complex.1433.pdb	0	16.571	39.515
complex.1434.pdb	0	14.707	47.652
complex.1435.pdb	0.00917431	18.408	62.827
complex.1436.pdb	0	18.410	59.309
complex.1437.pdb	0	16.943	48.298
complex.1438.pdb	0	16.533	39.306
complex.1439.pdb	0	16.951	55.041
complex.1440.pdb	0.0275229	17.452	63.455
complex.1441.pdb	0	16.343	52.756
complex.1442.pdb	0	17.760	57.498
complex.1443.pdb	0	13.019	37.160
complex.1444.pdb	0	13.927	46.786
complex.1445.pdb	0	17.090	47.585
complex.1446.pdb	0	16.924	49.288
complex.1447.pdb	0	14.406	37.956
complex.1448.pdb	0	15.747	57.460
complex.1449.pdb	0.0183486	10.498	21.170
complex.1450.pdb	0	13.693	40.097
complex.1451.pdb	0	15.507	46.061
complex.1452.pdb	0	19.834	52.410
complex.1453.pdb	0	15.573	53.224
complex.1454.pdb	0	13.849	44.910
complex.1455.pdb	0	10.582	37.020
complex.1456.pdb	0	15.376	51.316
complex.1457.pdb	0.00917431	17.692	59.217
complex.1458.pdb	0	14.262	49.510
complex.1459.pdb	0	14.954	46.236
complex.1460.pdb	0	17.707	47.617
complex.1461.pdb	0	16.323	52.116
complex.1462.pdb	0	14.010	46.213
complex.1463.pdb	0	17.703	57.543
complex.1464.pdb	0	17.672	43.525
complex.1465.pdb	0	15.103	53.562
complex.1466.pdb	0.00917431	16.247	51.859
complex.1467.pdb	0	19.214	52.660
complex.1468.pdb	0	15.079	46.427
complex.1469.pdb	0	14.650	41.943
complex.1470.pdb	0	19.129	66.982
complex.1471.pdb	0	13.543	33.045
complex.1472.pdb	0	15.740	47.856
complex.1473.pdb	0	17.214	55.931
complex.1474.pdb	0	13.909	41.705
complex.1475.pdb	0	14.891	56.521
complex.1476.pdb	0	14.555	52.644
complex.1477.pdb	0	19.274	49.746
complex.1478.pdb	0	19.487	61.617
complex.1479.pdb	0	16.184	59.218
complex.1480.pdb	0	15.345	51.094
complex.1481.pdb	0	15.251	46.923
complex.1482.pdb	0	14.189	47.974
complex.1483.pdb	0	16.270	50.966
complex.1484.pdb	0	15.212	45.667
complex.1485.pdb	0	17.382	63.253
complex.1486.pdb	0	13.306	46.034
complex.1487.pdb	0	13.731	46.481
complex.1488.pdb	0	19.650	53.587
complex.1489.pdb	0	13.493	41.078
complex.1490.pdb	0	17.968	51.659
complex.1491.pdb	0.00917431	10.671	40.337
complex.1492.pdb	0	14.305	45.200
complex.1493.pdb	0	22.201	57.751
complex.1494.pdb	0	16.796	49.251
complex.1495.pdb	0	13.609	39.522
complex.1496.pdb	0	15.418	40.933
complex.1497.pdb	0	13.600	40.945
complex.1498.pdb	0	15.563	56.944
complex.1499.pdb	0	11.626	36.753
complex.1500.pdb	0	17.067	49.529
complex.1501.pdb	0	17.993	51.494
complex.1502.pdb	0	22.539	57.669
complex.1503.pdb	0.0183486	15.048	53.309
complex.1504.pdb	0	19.831	47.595
complex.1505.pdb	0	16.734	45.106
complex.1506.pdb	0	14.548	41.132
complex.1507.pdb	0	12.813	42.450
complex.1508.pdb	0	13.595	31.670
complex.1509.pdb	0.00917431	13.796	47.158
complex.1510.pdb	0	19.441	49.227
complex.1511.pdb	0	14.884	48.079
complex.1512.pdb	0	20.152	52.298
complex.1513.pdb	0	17.671	60.022
complex.1514.pdb	0	17.178	44.296
complex.1515.pdb	0	14.966	53.257
complex.1516.pdb	0	16.645	41.111
complex.1517.pdb	0	16.591	40.643
complex.1518.pdb	0	13.600	42.215
complex.1519.pdb	0	12.829	41.956
complex.1520.pdb	0	20.012	64.850
complex.1521.pdb	0	13.931	36.848
complex.1522.pdb	0.00917431	16.422	38.705
complex.1523.pdb	0.00917431	15.374	50.440
complex.1524.pdb	0	17.887	52.044
complex.1525.pdb	0	14.384	46.426
complex.1526.pdb	0	16.481	47.960
complex.1527.pdb	0.00917431	15.637	44.840
complex.1528.pdb	0	15.877	45.018
complex.1529.pdb	0	15.274	47.957
complex.1530.pdb	0	16.978	64.305
complex.1531.pdb	0.0183486	13.412	49.004
complex.1532.pdb	0.00917431	18.144	52.728
complex.1533.pdb	0	17.202	44.950
complex.1534.pdb	0	14.692	46.410
complex.1535.pdb	0.0458716	14.517	43.314
complex.1536.pdb	0	16.930	49.823
complex.1537.pdb	0	16.235	41.957
complex.1538.pdb	0	17.244	55.487
complex.1539.pdb	0	17.913	46.447
complex.1540.pdb	0	17.544	49.204
complex.1541.pdb	0	14.820	47.713
complex.1542.pdb	0	13.390	44.687
complex.1543.pdb	0	15.912	52.145
complex.1544.pdb	0.0733945	19.713	69.440
complex.1545.pdb	0	13.579	37.499
complex.1546.pdb	0	14.696	55.491
complex.1547.pdb	0	16.219	54.059
complex.1548.pdb	0	16.706	52.811
complex.1549.pdb	0	18.614	62.954
complex.1550.pdb	0	15.668	56.681
complex.1551.pdb	0	14.592	42.537
complex.1552.pdb	0	15.096	50.824
complex.1553.pdb	0	15.249	47.402
complex.1554.pdb	0	11.809	35.335
complex.1555.pdb	0	12.608	38.364
complex.1556.pdb	0	18.400	57.014
complex.1557.pdb	0.00917431	13.867	52.594
complex.1558.pdb	0	18.863	64.123
complex.1559.pdb	0	19.054	52.931
complex.1560.pdb	0	15.196	48.410
complex.1561.pdb	0	19.124	57.665
complex.1562.pdb	0	15.340	46.215
complex.1563.pdb	0	19.026	49.807
complex.1564.pdb	0.00917431	12.746	44.668
complex.1565.pdb	0	14.536	50.296
complex.1566.pdb	0	15.843	59.076
complex.1567.pdb	0	18.236	44.722
complex.1568.pdb	0	18.027	54.446
complex.1569.pdb	0	16.226	46.509
complex.1570.pdb	0	15.622	49.554
complex.1571.pdb	0	15.330	50.329
complex.1572.pdb	0	13.227	45.805
complex.1573.pdb	0	17.156	58.467
complex.1574.pdb	0	14.782	48.098
complex.1575.pdb	0	15.037	53.532
complex.1576.pdb	0.00917431	14.192	42.133
complex.1577.pdb	0	13.316	43.128
complex.1578.pdb	0	16.093	44.580
complex.1579.pdb	0	15.970	52.827
complex.1580.pdb	0	18.261	45.508
complex.1581.pdb	0	22.267	55.430
complex.1582.pdb	0	16.992	41.956
complex.1583.pdb	0.00917431	13.816	44.414
complex.1584.pdb	0	15.449	51.779
complex.1585.pdb	0	16.841	56.079
complex.1586.pdb	0	14.226	47.160
complex.1587.pdb	0	18.194	58.284
complex.1588.pdb	0	17.297	63.032
complex.1589.pdb	0	21.029	54.599
complex.1590.pdb	0	13.819	42.925
complex.1591.pdb	0	13.630	42.253
complex.1592.pdb	0	15.689	56.237
complex.1593.pdb	0.0183486	17.526	63.639
complex.1594.pdb	0	15.199	51.144
complex.1595.pdb	0	13.864	51.619
complex.1596.pdb	0	18.035	67.073
complex.1597.pdb	0	15.456	57.320
complex.1598.pdb	0	14.936	52.759
complex.1599.pdb	0	14.590	50.578
complex.1600.pdb	0	17.295	54.314
complex.1601.pdb	0	16.408	41.676
complex.1602.pdb	0	16.597	48.982
complex.1603.pdb	0	13.771	44.488
complex.1604.pdb	0.0642202	18.688	56.915
complex.1605.pdb	0	14.667	45.142
complex.1606.pdb	0	15.887	57.697
complex.1607.pdb	0	16.680	48.866
complex.1608.pdb	0	16.092	52.898
complex.1609.pdb	0	16.434	45.982
complex.1610.pdb	0	13.709	40.727
complex.1611.pdb	0	17.739	57.615
complex.1612.pdb	0	14.888	52.084
complex.1613.pdb	0	14.517	47.825
complex.1614.pdb	0	16.214	46.970
complex.1615.pdb	0.0275229	13.628	47.904
complex.1616.pdb	0	16.180	42.050
complex.1617.pdb	0	14.780	56.464
complex.1618.pdb	0	16.712	39.445
complex.1619.pdb	0	14.849	47.252
complex.1620.pdb	0	13.368	45.788
complex.1621.pdb	0.0275229	17.358	62.563
complex.1622.pdb	0	12.778	40.319
complex.1623.pdb	0	16.064	40.357
complex.1624.pdb	0	16.397	46.786
complex.1625.pdb	0	15.012	48.306
complex.1626.pdb	0	16.435	49.929
complex.1627.pdb	0	16.612	54.234
complex.1628.pdb	0.00917431	17.242	49.992
complex.1629.pdb	0	15.404	51.905
complex.1630.pdb	0	17.145	46.553
complex.1631.pdb	0	17.761	47.968
complex.1632.pdb	0	16.182	42.002
complex.1633.pdb	0	20.064	72.871
complex.1634.pdb	0	14.942	53.408
complex.1635.pdb	0	15.466	52.746
complex.1636.pdb	0	16.457	46.796
complex.1637.pdb	0	17.124	56.575
complex.1638.pdb	0	14.974	50.088
complex.1639.pdb	0.00917431	16.758	61.186
complex.1640.pdb	0	12.291	42.659
complex.1641.pdb	0	21.055	55.859
complex.1642.pdb	0	14.891	52.143
complex.1643.pdb	0	19.590	52.689
complex.1644.pdb	0	13.359	41.254
complex.1645.pdb	0	12.323	37.367
complex.1646.pdb	0	12.232	38.984
complex.1647.pdb	0.00917431	15.015	44.164
complex.1648.pdb	0	17.162	44.194
complex.1649.pdb	0	15.277	47.107
complex.1650.pdb	0	16.601	43.679
complex.1651.pdb	0	14.013	46.588
complex.1652.pdb	0	15.698	50.318
complex.1653.pdb	0	18.095	50.955
complex.1654.pdb	0	16.922	49.540
complex.1655.pdb	0	14.492	42.147
complex.1656.pdb	0	13.922	48.092
complex.1657.pdb	0	13.511	36.183
complex.1658.pdb	0	16.078	48.978
complex.1659.pdb	0	15.222	51.459
complex.1660.pdb	0	15.663	39.358
complex.1661.pdb	0	18.302	48.311
complex.1662.pdb	0.0183486	17.984	64.850
complex.1663.pdb	0	15.040	42.411
complex.1664.pdb	0	17.100	60.181
complex.1665.pdb	0	17.410	60.803
complex.1666.pdb	0	15.623	38.631
complex.1667.pdb	0	17.424	46.607
complex.1668.pdb	0	14.012	51.799
complex.1669.pdb	0	11.891	42.513
complex.1670.pdb	0	13.368	45.577
complex.1671.pdb	0	14.764	48.260
complex.1672.pdb	0	17.348	58.238
complex.1673.pdb	0	13.761	50.062
complex.1674.pdb	0	15.789	40.881
complex.1675.pdb	0	11.487	42.927
complex.1676.pdb	0	17.373	47.176
complex.1677.pdb	0	14.676	48.635
complex.1678.pdb	0	16.050	39.980
complex.1679.pdb	0	17.154	41.320
complex.1680.pdb	0.00917431	9.539	34.791
complex.1681.pdb	0	14.800	50.942
complex.1682.pdb	0	16.479	43.591
complex.1683.pdb	0	12.354	38.632
complex.1684.pdb	0	17.347	42.555
complex.1685.pdb	0	15.684	50.299
complex.1686.pdb	0.00917431	15.087	47.936
complex.1687.pdb	0	16.021	48.295
complex.1688.pdb	0	15.100	51.650
complex.1689.pdb	0	14.659	39.683
complex.1690.pdb	0	15.965	49.950
complex.1691.pdb	0.00917431	20.199	61.079
complex.1692.pdb	0	16.254	54.054
complex.1693.pdb	0	15.808	49.737
complex.1694.pdb	0	15.780	56.884
complex.1695.pdb	0	13.540	42.248
complex.1696.pdb	0	16.840	55.389
complex.1697.pdb	0	17.781	54.330
complex.1698.pdb	0	18.497	46.096
complex.1699.pdb	0	15.605	54.337
complex.1700.pdb	0	17.874	61.423
complex.1701.pdb	0.00917431	18.490	54.784
complex.1702.pdb	0	15.025	34.800
complex.1703.pdb	0	17.668	61.680
complex.1704.pdb	0.00917431	16.665	58.700
complex.1705.pdb	0	13.778	46.117
complex.1706.pdb	0	15.426	57.945
complex.1707.pdb	0	15.686	41.132
complex.1708.pdb	0	15.345	47.923
complex.1709.pdb	0	16.941	48.040
complex.1710.pdb	0	16.927	51.643
complex.1711.pdb	0	13.569	39.170
complex.1712.pdb	0	14.469	40.185
complex.1713.pdb	0	14.992	44.869
complex.1714.pdb	0	16.005	54.463
complex.1715.pdb	0.00917431	18.436	53.835
complex.1716.pdb	0.0183486	13.204	43.161
complex.1717.pdb	0	13.202	44.521
complex.1718.pdb	0.00917431	11.091	34.832
complex.1719.pdb	0	16.001	46.915
complex.1720.pdb	0	16.266	56.157
complex.1721.pdb	0	15.362	43.637
complex.1722.pdb	0	15.368	52.077
complex.1723.pdb	0	20.018	47.920
complex.1724.pdb	0	16.494	51.202
complex.1725.pdb	0	13.378	51.926
complex.1726.pdb	0	15.680	52.121
complex.1727.pdb	0	16.697	57.368
complex.1728.pdb	0.0275229	14.413	43.561
complex.1729.pdb	0	15.655	48.575
complex.1730.pdb	0	17.761	39.060
complex.1731.pdb	0	14.366	40.389
complex.1732.pdb	0	17.637	46.062
complex.1733.pdb	0	16.238	57.870
complex.1734.pdb	0	13.706	45.036
complex.1735.pdb	0	17.860	51.942
complex.1736.pdb	0	15.500	42.322
complex.1737.pdb	0	14.233	45.067
complex.1738.pdb	0	16.474	51.778
complex.1739.pdb	0	17.604	45.304
complex.1740.pdb	0	16.040	55.584
complex.1741.pdb	0	13.119	42.355
complex.1742.pdb	0	17.798	55.582
complex.1743.pdb	0	12.978	39.194
complex.1744.pdb	0	17.521	58.534
complex.1745.pdb	0	17.468	45.681
complex.1746.pdb	0	14.647	48.270
complex.1747.pdb	0.0275229	12.020	24.302
complex.1748.pdb	0	19.406	53.799
complex.1749.pdb	0	15.405	52.503
complex.1750.pdb	0	10.062	34.549
complex.1751.pdb	0	14.841	49.668
complex.1752.pdb	0	16.406	55.240
complex.1753.pdb	0.0733945	9.379	28.110
complex.1754.pdb	0	14.492	40.279
complex.1755.pdb	0	15.999	48.869
complex.1756.pdb	0	16.101	43.186
complex.1757.pdb	0	20.257	57.624
complex.1758.pdb	0	22.099	56.499
complex.1759.pdb	0	16.083	54.030
complex.1760.pdb	0	15.576	49.165
complex.1761.pdb	0	18.651	67.577
complex.1762.pdb	0	17.804	44.327
complex.1763.pdb	0	14.296	45.877
complex.1764.pdb	0	16.791	53.848
complex.1765.pdb	0	15.322	46.560
complex.1766.pdb	0	18.080	51.299
complex.1767.pdb	0	15.493	41.541
complex.1768.pdb	0	14.393	38.571
complex.1769.pdb	0.0366972	14.313	41.750
complex.1770.pdb	0	16.615	52.852
complex.1771.pdb	0.0275229	12.436	28.289
complex.1772.pdb	0	14.945	46.523
complex.1773.pdb	0	14.775	52.760
complex.1774.pdb	0	16.759	46.059
complex.1775.pdb	0.00917431	15.986	49.030
complex.1776.pdb	0	16.650	52.458
complex.1777.pdb	0	17.850	45.530
complex.1778.pdb	0	13.731	40.331
complex.1779.pdb	0	17.984	46.987
complex.1780.pdb	0	14.557	53.923
complex.1781.pdb	0	12.006	33.804
complex.1782.pdb	0	15.279	42.126
complex.1783.pdb	0.00917431	17.252	43.614
complex.1784.pdb	0	19.659	57.707
complex.1785.pdb	0	17.432	47.497
complex.1786.pdb	0.0183486	14.188	48.725
complex.1787.pdb	0	17.316	50.341
complex.1788.pdb	0	16.897	43.143
complex.1789.pdb	0	16.593	56.957
complex.1790.pdb	0	16.051	42.318
complex.1791.pdb	0	17.087	51.143
complex.1792.pdb	0	15.863	53.775
complex.1793.pdb	0.00917431	17.404	49.398
complex.1794.pdb	0	15.120	44.944
complex.1795.pdb	0	14.283	48.452
complex.1796.pdb	0	15.725	55.357
complex.1797.pdb	0.0183486	14.048	44.489
complex.1798.pdb	0	15.386	41.756
complex.1799.pdb	0	17.309	50.959
complex.1800.pdb	0.0183486	15.744	52.060
complex.1801.pdb	0	17.057	59.047
complex.1802.pdb	0.0366972	14.854	54.151
complex.1803.pdb	0.0275229	13.747	49.106
complex.1804.pdb	0	12.637	40.248
complex.1805.pdb	0	14.377	40.145
complex.1806.pdb	0	10.502	37.904
complex.1807.pdb	0.0275229	11.784	27.839
complex.1808.pdb	0	15.905	48.976
complex.1809.pdb	0	15.288	43.411
complex.1810.pdb	0.00917431	14.956	47.037
complex.1811.pdb	0	15.624	52.303
complex.1812.pdb	0.0183486	14.371	42.981
complex.1813.pdb	0	13.478	42.064
complex.1814.pdb	0	22.576	56.198
complex.1815.pdb	0	18.569	57.931
complex.1816.pdb	0	20.342	51.933
complex.1817.pdb	0	13.893	53.093
complex.1818.pdb	0	13.758	43.656
complex.1819.pdb	0	15.873	53.485
complex.1820.pdb	0	16.343	47.306
complex.1821.pdb	0	19.233	65.564
complex.1822.pdb	0	7.259	20.367
complex.1823.pdb	0	13.670	47.182
complex.1824.pdb	0	14.824	55.641
complex.1825.pdb	0	16.246	42.368
complex.1826.pdb	0	12.542	39.713
complex.1827.pdb	0	15.735	52.285
complex.1828.pdb	0	22.115	56.646
complex.1829.pdb	0	16.695	56.312
complex.1830.pdb	0	16.696	48.112
complex.1831.pdb	0	16.711	56.269
complex.1832.pdb	0	15.937	54.257
complex.1833.pdb	0	17.389	56.881
complex.1834.pdb	0	18.408	55.610
complex.1835.pdb	0	14.394	45.522
complex.1836.pdb	0	18.835	48.759
complex.1837.pdb	0	16.739	53.591
complex.1838.pdb	0	17.759	49.680
complex.1839.pdb	0	15.689	41.801
complex.1840.pdb	0	14.896	53.176
complex.1841.pdb	0	16.796	50.055
complex.1842.pdb	0	17.536	42.573
complex.1843.pdb	0.0458716	8.986	18.356
complex.1844.pdb	0	16.397	59.293
complex.1845.pdb	0.0183486	18.728	55.595
complex.1846.pdb	0	16.402	47.328
complex.1847.pdb	0	19.222	53.147
complex.1848.pdb	0	15.194	43.276
complex.1849.pdb	0	15.104	48.965
complex.1850.pdb	0	18.237	48.880
complex.1851.pdb	0.00917431	17.616	51.482
complex.1852.pdb	0	15.795	50.225
complex.1853.pdb	0	15.836	47.869
complex.1854.pdb	0	15.521	45.326
complex.1855.pdb	0	15.350	44.973
complex.1856.pdb	0	18.308	57.402
complex.1857.pdb	0	17.717	45.817
complex.1858.pdb	0	15.551	53.145
complex.1859.pdb	0	16.294	49.898
complex.1860.pdb	0	16.261	55.860
complex.1861.pdb	0	15.148	47.143
complex.1862.pdb	0	16.423	48.123
complex.1863.pdb	0.0183486	9.941	27.799
complex.1864.pdb	0	14.841	53.344
complex.1865.pdb	0	19.506	48.222
complex.1866.pdb	0.0183486	9.031	19.881
complex.1867.pdb	0	16.990	47.330
complex.1868.pdb	0	15.564	48.708
complex.1869.pdb	0	17.499	47.485
complex.1870.pdb	0	16.438	48.651
complex.1871.pdb	0	13.515	45.441
complex.1872.pdb	0	12.741	39.963
complex.1873.pdb	0	14.797	46.638
complex.1874.pdb	0.0275229	18.309	65.716
complex.1875.pdb	0	13.145	44.897
complex.1876.pdb	0	15.241	45.637
complex.1877.pdb	0	16.064	44.576
complex.1878.pdb	0	12.807	38.199
complex.1879.pdb	0	14.643	42.594
complex.1880.pdb	0	15.773	54.423
complex.1881.pdb	0	14.980	46.614
complex.1882.pdb	0	13.036	40.531
complex.1883.pdb	0	16.442	43.901
complex.1884.pdb	0	18.120	44.028
complex.1885.pdb	0.0183486	12.737	37.174
complex.1886.pdb	0	13.962	49.182
complex.1887.pdb	0	14.939	49.583
complex.1888.pdb	0.00917431	15.253	42.820
complex.1889.pdb	0	15.746	53.560
complex.1890.pdb	0	19.393	68.046
complex.1891.pdb	0	20.287	65.270
complex.1892.pdb	0.00917431	14.550	49.655
complex.1893.pdb	0.0458716	18.489	57.225
complex.1894.pdb	0	16.167	48.616
complex.1895.pdb	0	16.799	62.318
complex.1896.pdb	0	16.634	47.648
complex.1897.pdb	0	22.417	56.616
complex.1898.pdb	0	15.580	51.301
complex.1899.pdb	0	17.754	54.749
complex.1900.pdb	0	18.765	60.103
complex.1901.pdb	0	14.772	45.409
complex.1902.pdb	0	14.337	45.180
complex.1903.pdb	0.00917431	14.277	47.958
complex.1904.pdb	0	20.788	56.275
complex.1905.pdb	0	16.734	42.290
complex.1906.pdb	0	16.061	51.118
complex.1907.pdb	0	19.165	47.177
complex.1908.pdb	0	14.812	37.874
complex.1909.pdb	0	15.551	48.099
complex.1910.pdb	0	13.175	42.313
complex.1911.pdb	0	15.884	40.431
complex.1912.pdb	0	17.673	55.893
complex.1913.pdb	0	13.030	41.749
complex.1914.pdb	0	14.425	45.154
complex.1915.pdb	0	14.458	49.100
complex.1916.pdb	0	15.582	47.643
complex.1917.pdb	0	14.886	49.700
complex.1918.pdb	0	17.401	48.956
complex.1919.pdb	0	17.654	52.870
complex.1920.pdb	0	12.422	39.482
complex.1921.pdb	0	15.505	56.844
complex.1922.pdb	0	15.700	44.999
complex.1923.pdb	0	14.177	52.708
complex.1924.pdb	0	18.780	54.114
complex.1925.pdb	0	16.242	44.521
complex.1926.pdb	0	18.987	49.259
complex.1927.pdb	0	16.115	54.808
complex.1928.pdb	0	15.462	49.647
complex.1929.pdb	0.0275229	20.636	68.440
complex.1930.pdb	0	11.424	41.137
complex.1931.pdb	0	13.010	47.575
complex.1932.pdb	0.0183486	17.889	43.649
complex.1933.pdb	0	17.207	50.544
complex.1934.pdb	0	12.236	43.311
complex.1935.pdb	0	16.015	41.295
complex.1936.pdb	0	16.823	49.041
complex.1937.pdb	0	15.101	47.572
complex.1938.pdb	0.0275229	18.207	49.874
complex.1939.pdb	0	16.372	48.430
complex.1940.pdb	0.0275229	14.315	42.438
complex.1941.pdb	0	15.054	49.061
complex.1942.pdb	0	20.140	50.266
complex.1943.pdb	0	17.563	50.120
complex.1944.pdb	0	16.551	57.219
complex.1945.pdb	0	17.828	58.043
complex.1946.pdb	0	10.815	33.467
complex.1947.pdb	0	18.428	65.367
complex.1948.pdb	0.00917431	16.618	46.050
complex.1949.pdb	0	18.481	49.952
complex.1950.pdb	0	16.505	50.243
complex.1951.pdb	0	10.198	31.528
complex.1952.pdb	0	17.948	65.268
complex.1953.pdb	0	16.821	46.173
complex.1954.pdb	0	15.374	52.314
complex.1955.pdb	0	16.745	53.166
complex.1956.pdb	0	15.946	47.744
complex.1957.pdb	0.0183486	8.927	28.792
complex.1958.pdb	0	19.604	51.524
complex.1959.pdb	0.0275229	18.483	46.755
complex.1960.pdb	0	15.627	54.200
complex.1961.pdb	0	14.363	39.240
complex.1962.pdb	0	16.656	56.010
complex.1963.pdb	0	16.464	49.757
complex.1964.pdb	0	17.429	61.157
complex.1965.pdb	0	16.158	49.286
complex.1966.pdb	0	16.578	48.114
complex.1967.pdb	0	18.057	56.911
complex.1968.pdb	0	17.502	60.585
complex.1969.pdb	0	13.801	43.669
complex.1970.pdb	0	17.382	56.157
complex.1971.pdb	0	14.352	51.884
complex.1972.pdb	0	14.225	49.162
complex.1973.pdb	0	16.210	61.707
complex.1974.pdb	0.00917431	18.873	49.555
complex.1975.pdb	0	16.811	57.006
complex.1976.pdb	0.0366972	14.306	44.323
complex.1977.pdb	0	18.992	48.314
complex.1978.pdb	0	16.671	55.471
complex.1979.pdb	0	20.056	55.179
complex.1980.pdb	0	13.412	39.415
complex.1981.pdb	0	18.224	53.390
complex.1982.pdb	0	18.290	64.885
complex.1983.pdb	0	15.884	49.029
complex.1984.pdb	0	13.169	39.436
complex.1985.pdb	0	15.581	40.498
complex.1986.pdb	0	16.410	40.120
complex.1987.pdb	0	15.852	44.351
complex.1988.pdb	0	12.567	39.739
complex.1989.pdb	0.00917431	14.624	56.667
complex.1990.pdb	0.00917431	11.084	32.088
complex.1991.pdb	0	14.942	46.798
complex.1992.pdb	0	17.260	49.382
complex.1993.pdb	0	17.041	42.812
complex.1994.pdb	0	12.282	40.580
complex.1995.pdb	0	16.958	47.648
complex.1996.pdb	0.0458716	14.657	42.595
complex.1997.pdb	0	15.127	44.664
complex.1998.pdb	0	20.264	66.727
complex.1999.pdb	0.0183486	9.931	37.767
complex.2000.pdb	0	16.430	57.457
