swarm_7_43.pdb	0	21.717	69.078	32.318
swarm_93_24.pdb	0	16.366	56.835	24.368
swarm_23_156.pdb	0	12.015	45.775	23.442
swarm_25_91.pdb	0	6.986	31.275	23.183
swarm_8_15.pdb	0	16.871	64.115	21.869
swarm_30_132.pdb	0	12.400	56.209	21.559
swarm_47_136.pdb	0	6.942	34.633	20.781
swarm_40_17.pdb	0	6.311	16.275	20.173
swarm_39_186.pdb	0	6.784	28.415	19.609
swarm_33_15.pdb	0	7.143	39.090	19.479
swarm_32_17.pdb	0.0238095	6.460	44.905	19.463
swarm_20_90.pdb	0	6.930	33.535	19.401
swarm_13_45.pdb	0.0238095	5.043	18.483	18.995
swarm_20_161.pdb	0	7.322	29.407	18.514
swarm_45_134.pdb	0	11.502	54.948	18.497
swarm_23_159.pdb	0	8.060	43.850	18.358
swarm_13_65.pdb	0	5.300	14.298	18.317
swarm_61_144.pdb	0	11.521	59.190	18.274
swarm_53_147.pdb	0	9.184	32.226	18.274
swarm_30_29.pdb	0	13.203	63.427	17.742
swarm_60_85.pdb	0.190476	6.885	58.616	17.739
swarm_30_36.pdb	0	13.381	62.820	17.672
swarm_61_7.pdb	0	12.711	58.047	17.290
swarm_30_51.pdb	0.0238095	9.754	73.116	17.259
swarm_39_193.pdb	0	6.471	29.394	17.241
swarm_24_145.pdb	0	7.688	30.945	17.151
swarm_60_102.pdb	0.0714286	7.051	55.581	17.018
swarm_24_135.pdb	0	7.262	33.565	16.998
swarm_32_112.pdb	0	6.823	36.898	16.913
swarm_45_78.pdb	0	10.887	60.488	16.905
swarm_66_185.pdb	0.142857	4.504	27.812	16.797
swarm_19_45.pdb	0	13.874	58.469	16.763
swarm_93_32.pdb	0	13.501	62.833	16.746
swarm_61_52.pdb	0	12.237	49.008	16.723
swarm_73_34.pdb	0	10.825	61.322	16.681
swarm_65_127.pdb	0.142857	5.475	47.937	16.344
swarm_46_20.pdb	0	11.174	51.966	16.335
swarm_43_168.pdb	0	17.974	75.208	16.286
swarm_61_33.pdb	0	10.431	70.009	16.251
swarm_62_186.pdb	0	12.610	72.458	16.203
swarm_51_83.pdb	0	6.706	28.659	16.154
swarm_50_4.pdb	0	8.987	48.340	15.980
swarm_57_93.pdb	0	10.830	70.552	15.629
swarm_65_174.pdb	0	6.165	25.442	15.581
swarm_36_146.pdb	0	10.648	50.410	15.567
swarm_19_95.pdb	0	16.545	54.360	15.441
swarm_12_51.pdb	0.166667	6.288	53.418	15.425
swarm_11_143.pdb	0	12.656	39.726	15.409
swarm_28_154.pdb	0.0238095	5.427	18.258	15.327
swarm_26_30.pdb	0.047619	4.783	19.975	15.264
swarm_14_134.pdb	0	8.223	28.004	15.260
swarm_75_143.pdb	0	10.351	52.440	15.160
swarm_9_166.pdb	0	20.840	69.358	15.094
swarm_60_83.pdb	0	14.779	48.918	14.997
swarm_29_101.pdb	0.047619	6.016	25.542	14.875
swarm_56_112.pdb	0	11.711	65.030	14.819
swarm_15_120.pdb	0.0238095	4.234	16.612	14.804
swarm_60_50.pdb	0	14.972	59.537	14.762
swarm_72_61.pdb	0	12.469	62.717	14.650
swarm_49_71.pdb	0	14.940	63.644	14.562
swarm_81_57.pdb	0	10.905	55.935	14.526
swarm_60_56.pdb	0	15.052	37.916	14.286
swarm_84_38.pdb	0	7.355	50.169	14.247
swarm_0_85.pdb	0	16.605	62.903	14.233
swarm_33_151.pdb	0.0714286	5.015	29.308	14.206
swarm_46_10.pdb	0	9.540	57.987	14.194
swarm_33_105.pdb	0	14.207	31.174	14.148
swarm_50_137.pdb	0	9.655	38.432	14.004
swarm_11_65.pdb	0.047619	7.573	55.702	13.924
swarm_49_62.pdb	0	11.697	57.218	13.769
swarm_32_18.pdb	0	8.008	34.564	13.750
swarm_72_108.pdb	0	10.685	71.218	13.710
swarm_14_117.pdb	0.166667	6.731	56.474	13.507
swarm_13_8.pdb	0.309524	3.525	18.237	13.393
swarm_87_44.pdb	0	13.064	73.007	13.239
swarm_15_88.pdb	0.52381	2.327	14.629	13.189
swarm_11_99.pdb	0	11.630	40.487	13.187
swarm_40_3.pdb	0.0238095	6.153	34.115	12.878
swarm_61_1.pdb	0	11.422	62.647	12.814
swarm_1_180.pdb	0	13.362	70.298	12.807
swarm_73_6.pdb	0	11.449	52.220	12.798
swarm_85_110.pdb	0.0238095	6.359	43.197	12.732
swarm_29_4.pdb	0.595238	2.370	11.575	12.718
swarm_93_43.pdb	0	15.806	54.118	12.710
swarm_93_93.pdb	0.0238095	10.614	75.947	12.665
swarm_49_144.pdb	0	13.377	62.469	12.630
swarm_14_51.pdb	0	13.911	37.440	12.517
swarm_8_104.pdb	0	17.245	74.262	12.488
swarm_25_168.pdb	0	10.963	25.992	12.461
swarm_32_47.pdb	0.309524	4.687	40.070	12.440
swarm_65_160.pdb	0	7.571	37.306	12.353
swarm_26_70.pdb	0	10.506	31.700	12.330
swarm_33_179.pdb	0.0238095	7.534	39.186	12.289
swarm_14_69.pdb	0	15.121	34.890	12.259
swarm_26_144.pdb	0	5.490	10.446	12.183
swarm_32_128.pdb	0	14.123	33.847	12.114
swarm_93_124.pdb	0	17.136	66.257	12.096
swarm_25_179.pdb	0	11.351	28.686	12.083
swarm_11_149.pdb	0.0238095	8.286	51.736	12.079
swarm_28_137.pdb	0	11.892	23.168	12.051
swarm_37_194.pdb	0	7.757	43.783	12.036
swarm_25_191.pdb	0	11.782	20.885	12.001
swarm_28_148.pdb	0.0952381	4.935	30.504	11.929
swarm_49_101.pdb	0.0238095	9.386	67.719	11.875
swarm_24_7.pdb	0.0952381	6.110	46.957	11.860
swarm_19_1.pdb	0	10.969	57.499	11.800
swarm_49_25.pdb	0	14.185	50.333	11.763
swarm_90_0.pdb	0	12.572	71.676	11.751
swarm_13_82.pdb	0.0952381	4.191	27.083	11.725
swarm_13_57.pdb	0	9.874	25.733	11.322
swarm_11_175.pdb	0.047619	7.026	54.272	11.314
swarm_21_73.pdb	0.452381	2.646	13.235	11.285
swarm_51_142.pdb	0	11.495	32.731	11.225
swarm_11_117.pdb	0	15.330	46.557	11.112
swarm_24_127.pdb	0	13.429	37.510	11.097
swarm_19_99.pdb	0	13.937	46.111	11.089
swarm_99_109.pdb	0	10.618	59.322	11.054
swarm_81_45.pdb	0	10.254	64.920	11.040
swarm_21_190.pdb	0	11.250	26.154	11.006
swarm_39_172.pdb	0.119048	5.301	39.671	10.864
swarm_91_170.pdb	0	13.146	74.735	10.830
swarm_65_163.pdb	0	12.414	40.763	10.823
swarm_90_138.pdb	0	11.476	64.550	10.815
swarm_56_54.pdb	0	17.886	72.144	10.680
swarm_68_146.pdb	0.047619	5.017	20.068	10.575
swarm_39_112.pdb	0	8.407	23.144	10.490
swarm_47_173.pdb	0	10.753	47.671	10.308
swarm_68_3.pdb	0.119048	4.424	26.925	10.288
swarm_13_84.pdb	0	11.258	22.437	10.237
swarm_29_89.pdb	0.0952381	4.362	15.120	10.203
swarm_25_35.pdb	0	7.680	17.755	10.113
swarm_25_20.pdb	0	10.948	21.011	10.101
swarm_0_169.pdb	0	10.632	70.636	10.074
swarm_2_98.pdb	0	12.075	68.961	10.054
swarm_24_156.pdb	0.166667	5.345	37.819	10.017
swarm_8_38.pdb	0	11.256	80.236	9.954
swarm_90_49.pdb	0	12.855	73.140	9.847
swarm_92_51.pdb	0	9.993	56.329	9.757
swarm_21_52.pdb	0.047619	5.593	16.069	9.740
swarm_15_40.pdb	0	4.843	10.961	9.730
swarm_93_56.pdb	0	16.214	67.282	9.719
swarm_39_94.pdb	0	10.039	38.169	9.618
swarm_50_177.pdb	0	10.298	61.735	9.510
swarm_56_114.pdb	0	14.478	71.369	9.471
swarm_53_105.pdb	0	7.288	39.507	9.322
swarm_20_36.pdb	0	15.284	44.506	9.313
swarm_26_189.pdb	0	5.904	28.544	9.268
swarm_53_133.pdb	0	9.759	49.641	9.260
swarm_26_85.pdb	0	10.274	24.800	9.187
swarm_53_33.pdb	0	6.814	52.124	9.141
swarm_47_96.pdb	0	7.236	36.318	9.106
swarm_10_111.pdb	0	7.925	48.048	9.096
swarm_84_19.pdb	0	8.665	36.512	9.007
swarm_39_141.pdb	0	9.006	46.673	8.967
swarm_47_185.pdb	0.190476	5.450	45.815	8.959
swarm_15_87.pdb	0	10.989	16.864	8.918
swarm_19_76.pdb	0	10.819	70.980	8.881
swarm_75_177.pdb	0	11.860	65.075	8.726
swarm_0_166.pdb	0	14.256	66.876	8.715
swarm_53_181.pdb	0	8.569	47.303	8.617
swarm_45_117.pdb	0	16.062	72.340	8.588
swarm_1_151.pdb	0	16.488	66.123	8.576
swarm_24_40.pdb	0	7.945	18.362	8.547
swarm_21_9.pdb	0	7.368	14.027	8.448
swarm_49_138.pdb	0	14.585	60.848	8.443
swarm_46_59.pdb	0	8.411	62.055	8.402
swarm_20_37.pdb	0	11.383	41.469	8.317
swarm_0_189.pdb	0	12.001	79.868	8.303
swarm_92_18.pdb	0	8.015	56.175	8.031
swarm_51_14.pdb	0	10.591	51.593	7.964
swarm_1_173.pdb	0	16.985	63.348	7.879
swarm_82_133.pdb	0	17.669	69.984	7.857
swarm_14_191.pdb	0.333333	5.346	48.076	7.843
swarm_29_5.pdb	0	6.250	24.066	7.781
swarm_0_116.pdb	0	22.160	61.935	7.672
swarm_52_172.pdb	0	6.412	34.592	7.495
swarm_22_45.pdb	0	15.495	98.170	7.493
swarm_40_154.pdb	0.0952381	4.599	29.557	7.371
swarm_20_86.pdb	0.0952381	6.776	53.199	7.340
swarm_46_176.pdb	0	8.310	48.187	7.282
swarm_12_127.pdb	0	15.074	40.062	7.110
swarm_69_2.pdb	0	19.555	90.437	7.090
swarm_16_180.pdb	0	13.995	57.323	7.050
swarm_62_165.pdb	0	11.350	67.911	6.998
swarm_28_155.pdb	0	7.872	41.338	6.966
swarm_85_111.pdb	0	10.902	28.046	6.863
swarm_54_61.pdb	0.047619	4.361	27.499	6.446
swarm_34_81.pdb	0	8.023	15.823	6.422
swarm_91_110.pdb	0	10.774	70.060	6.387
swarm_48_37.pdb	0	7.589	49.599	6.210
swarm_16_150.pdb	0	14.151	60.864	6.201
swarm_87_167.pdb	0	8.967	64.833	6.195
swarm_65_48.pdb	0.047619	5.847	30.240	6.052
swarm_30_186.pdb	0	15.120	70.637	5.995
swarm_46_43.pdb	0	12.889	60.529	5.966
swarm_85_69.pdb	0	6.188	37.752	5.828
swarm_23_100.pdb	0	8.983	40.566	5.780
swarm_82_125.pdb	0	15.718	71.794	5.730
swarm_15_136.pdb	0	9.416	29.974	5.676
swarm_4_132.pdb	0	7.609	41.626	5.086
swarm_56_154.pdb	0	14.127	72.462	5.066
swarm_38_171.pdb	0	12.805	69.453	4.965
swarm_10_54.pdb	0	12.113	56.957	4.674
swarm_94_115.pdb	0	10.587	61.194	4.628
swarm_31_2.pdb	0	19.445	60.789	4.528
swarm_33_152.pdb	0.0238095	6.954	38.949	4.505
swarm_24_118.pdb	0	7.043	22.130	4.293
swarm_61_183.pdb	0	10.259	46.279	4.166
swarm_84_194.pdb	0	11.667	34.555	4.086
swarm_8_93.pdb	0	14.683	74.419	3.752
swarm_89_44.pdb	0	10.597	32.753	3.741
swarm_69_36.pdb	0	16.648	83.625	3.724
swarm_80_24.pdb	0	16.442	83.661	3.541
swarm_50_122.pdb	0	14.605	50.341	3.529
swarm_69_119.pdb	0	14.965	93.891	3.488
swarm_91_99.pdb	0	12.115	64.426	3.277
swarm_87_157.pdb	0	11.274	59.545	3.264
swarm_0_9.pdb	0	15.071	67.018	3.048
swarm_63_176.pdb	0	17.918	49.087	3.026
swarm_48_72.pdb	0	18.057	55.614	2.980
swarm_57_151.pdb	0	15.108	64.086	2.594
swarm_66_139.pdb	0.047619	6.871	40.162	2.568
swarm_38_199.pdb	0	20.755	63.712	2.215
swarm_16_14.pdb	0	19.260	54.083	2.022
swarm_76_136.pdb	0.0238095	5.326	26.995	1.917
swarm_53_6.pdb	0	11.619	38.345	1.865
swarm_60_129.pdb	0	18.296	48.642	1.848
swarm_53_92.pdb	0	14.046	44.205	1.776
swarm_19_137.pdb	0	14.631	64.943	1.719
swarm_90_50.pdb	0	9.570	49.294	1.628
swarm_46_56.pdb	0	11.353	62.795	1.556
swarm_34_24.pdb	0.047619	5.141	16.674	1.161
swarm_17_52.pdb	0	23.973	79.616	1.145
swarm_12_27.pdb	0	17.550	42.047	1.122
swarm_17_127.pdb	0	22.257	83.315	0.759
swarm_23_169.pdb	0	14.208	57.647	0.261
swarm_8_152.pdb	0	15.928	76.401	0.012
swarm_103_154.pdb	0	10.377	68.687	0.001
swarm_99_54.pdb	0	11.097	70.068	-0.019
swarm_95_20.pdb	0	8.707	47.018	-0.116
swarm_77_66.pdb	0	21.067	94.185	-0.202
swarm_12_179.pdb	0	15.744	47.478	-0.269
swarm_14_70.pdb	0	8.392	36.920	-0.295
swarm_1_64.pdb	0	13.894	68.322	-0.327
swarm_81_96.pdb	0	12.299	68.335	-0.497
swarm_54_87.pdb	0.0238095	5.422	29.525	-0.497
swarm_18_183.pdb	0	16.348	90.839	-0.581
swarm_58_168.pdb	0	11.674	70.006	-0.653
swarm_76_130.pdb	0	7.895	16.295	-0.745
swarm_23_23.pdb	0	9.918	52.513	-0.858
swarm_102_42.pdb	0	13.277	44.420	-0.872
swarm_91_55.pdb	0	11.727	74.441	-1.075
swarm_66_58.pdb	0	6.823	30.233	-1.150
swarm_93_144.pdb	0	13.109	77.804	-1.162
swarm_21_46.pdb	0	11.186	23.940	-1.243
swarm_77_17.pdb	0	16.284	88.575	-1.300
swarm_81_24.pdb	0	11.479	62.665	-1.329
swarm_55_177.pdb	0	18.312	90.646	-1.422
swarm_95_29.pdb	0	11.399	56.494	-1.443
swarm_20_20.pdb	0	9.104	32.444	-1.505
swarm_27_6.pdb	0	13.448	79.801	-1.583
swarm_18_196.pdb	0	16.781	82.489	-1.686
swarm_41_194.pdb	0	11.264	18.988	-1.802
swarm_1_24.pdb	0	14.229	80.071	-2.089
swarm_101_139.pdb	0.190476	5.275	39.301	-2.280
swarm_92_87.pdb	0	9.471	47.257	-2.364
swarm_34_147.pdb	0.166667	4.207	12.205	-2.582
swarm_5_69.pdb	0	10.187	56.650	-2.631
swarm_16_147.pdb	0	12.692	69.575	-2.824
swarm_7_94.pdb	0	21.361	79.902	-2.825
swarm_27_34.pdb	0	20.669	69.174	-3.321
swarm_34_27.pdb	0.0238095	5.698	17.531	-3.326
swarm_73_44.pdb	0	15.496	72.199	-3.330
swarm_2_47.pdb	0	20.168	58.503	-3.589
swarm_101_17.pdb	0	13.701	31.440	-3.617
swarm_86_193.pdb	0	5.483	32.564	-3.776
swarm_94_182.pdb	0	12.403	60.816	-3.794
swarm_14_34.pdb	0.047619	7.421	47.030	-3.807
swarm_38_148.pdb	0	17.839	76.028	-3.916
swarm_72_156.pdb	0	14.638	63.216	-3.920
swarm_8_128.pdb	0	14.236	70.435	-4.076
swarm_60_145.pdb	0	9.620	58.111	-4.081
swarm_12_149.pdb	0	18.342	46.979	-4.107
swarm_88_119.pdb	0.285714	4.242	31.710	-4.144
swarm_67_56.pdb	0	8.511	33.514	-4.361
swarm_9_93.pdb	0	18.548	79.439	-4.725
swarm_82_102.pdb	0	14.533	81.241	-5.007
swarm_68_99.pdb	0	10.433	21.190	-5.007
swarm_69_62.pdb	0	19.677	80.535	-5.096
swarm_96_5.pdb	0	10.154	42.945	-5.190
swarm_62_51.pdb	0	11.766	74.519	-5.222
swarm_22_35.pdb	0	23.067	89.285	-5.482
swarm_42_128.pdb	0	19.798	79.508	-5.485
swarm_86_166.pdb	0	5.538	19.311	-5.502
swarm_84_55.pdb	0	11.960	45.674	-5.502
swarm_28_171.pdb	0.214286	4.567	32.595	-5.531
swarm_22_199.pdb	0	15.838	90.705	-5.624
swarm_74_94.pdb	0	15.680	40.774	-5.692
swarm_82_188.pdb	0	15.794	77.057	-5.725
swarm_100_26.pdb	0	11.264	50.727	-5.864
swarm_63_163.pdb	0	10.732	56.321	-5.871
swarm_2_15.pdb	0	20.358	58.193	-5.895
swarm_9_89.pdb	0	12.199	91.000	-6.010
swarm_42_99.pdb	0	20.118	92.854	-6.087
swarm_17_182.pdb	0	23.321	74.028	-6.247
swarm_64_173.pdb	0	10.959	41.410	-6.325
swarm_50_84.pdb	0.0238095	7.476	47.340	-6.352
swarm_65_5.pdb	0	6.568	35.331	-6.508
swarm_87_36.pdb	0	12.864	69.339	-6.558
swarm_74_89.pdb	0	10.575	45.118	-6.856
swarm_78_143.pdb	0	13.075	81.062	-6.900
swarm_48_115.pdb	0	10.897	46.101	-6.915
swarm_58_187.pdb	0	17.167	79.579	-6.939
swarm_29_160.pdb	0.261905	3.704	24.259	-7.063
swarm_41_171.pdb	0.047619	4.802	25.212	-7.080
swarm_31_133.pdb	0	11.875	71.609	-7.154
swarm_103_62.pdb	0	14.987	65.717	-7.163
swarm_99_153.pdb	0	11.655	61.882	-7.254
swarm_27_112.pdb	0	13.504	83.984	-7.495
swarm_0_163.pdb	0	19.892	61.783	-7.579
swarm_35_126.pdb	0	16.767	89.381	-7.773
swarm_71_105.pdb	0	18.374	89.750	-7.810
swarm_4_138.pdb	0	10.424	35.126	-7.865
swarm_88_47.pdb	0	13.859	33.270	-7.904
swarm_76_56.pdb	0	11.745	29.499	-7.905
swarm_102_60.pdb	0.0714286	5.408	31.487	-7.920
swarm_2_18.pdb	0	17.905	71.818	-8.029
swarm_100_89.pdb	0	9.357	62.858	-8.119
swarm_44_113.pdb	0	17.874	82.432	-8.241
swarm_38_143.pdb	0	19.500	76.057	-8.423
swarm_97_142.pdb	0	12.900	28.610	-8.476
swarm_61_199.pdb	0	11.195	50.137	-8.625
swarm_49_82.pdb	0	10.281	66.748	-8.706
swarm_96_119.pdb	0	6.957	45.658	-8.724
swarm_10_141.pdb	0	17.852	63.947	-9.119
swarm_10_159.pdb	0	17.799	52.388	-9.124
swarm_86_51.pdb	0	8.831	21.626	-9.133
swarm_98_167.pdb	0	12.561	79.552	-9.178
swarm_18_141.pdb	0	17.132	78.011	-9.223
swarm_97_171.pdb	0	13.740	39.967	-9.726
swarm_42_69.pdb	0	15.337	89.539	-9.742
swarm_88_146.pdb	0.0714286	6.268	42.109	-9.825
swarm_16_37.pdb	0	12.747	65.054	-9.957
swarm_16_17.pdb	0	18.112	64.085	-9.993
swarm_96_110.pdb	0	15.293	42.627	-10.005
swarm_0_13.pdb	0	19.392	61.875	-10.040
swarm_71_103.pdb	0	14.809	83.089	-10.051
swarm_35_100.pdb	0	16.099	82.224	-10.266
swarm_76_114.pdb	0.47619	3.459	27.933	-10.372
swarm_7_24.pdb	0	21.112	90.275	-10.544
swarm_97_49.pdb	0.333333	3.986	26.541	-10.589
swarm_77_27.pdb	0	20.468	83.569	-10.789
swarm_31_66.pdb	0	19.029	61.168	-10.816
swarm_45_164.pdb	0	12.680	48.474	-10.948
swarm_0_117.pdb	0	11.885	66.909	-10.959
swarm_18_139.pdb	0	14.674	84.389	-11.329
swarm_67_183.pdb	0.047619	5.186	28.763	-11.356
swarm_17_109.pdb	0	22.070	91.186	-11.461
swarm_4_145.pdb	0	13.401	38.182	-11.600
swarm_71_26.pdb	0	15.884	92.219	-11.634
swarm_41_139.pdb	0.0238095	7.092	17.414	-11.658
swarm_44_71.pdb	0	17.245	91.532	-11.689
swarm_31_141.pdb	0	12.618	68.310	-11.859
swarm_52_192.pdb	0	16.201	39.460	-11.876
swarm_2_151.pdb	0	18.455	65.312	-11.883
swarm_22_20.pdb	0	19.511	95.555	-11.897
swarm_53_41.pdb	0.047619	6.602	54.895	-12.255
swarm_6_35.pdb	0	10.695	45.615	-12.278
swarm_7_57.pdb	0	22.659	82.723	-12.336
swarm_18_105.pdb	0	17.014	90.641	-12.340
swarm_9_30.pdb	0	21.000	78.625	-12.526
swarm_43_173.pdb	0	12.609	83.208	-12.793
swarm_9_132.pdb	0	17.529	85.899	-12.953
swarm_15_83.pdb	0.047619	5.040	18.792	-13.051
swarm_96_111.pdb	0	10.960	48.182	-13.120
swarm_71_35.pdb	0	16.332	79.470	-13.221
swarm_63_151.pdb	0	16.632	58.700	-13.247
swarm_100_69.pdb	0	12.308	67.910	-13.312
swarm_22_112.pdb	0	15.914	97.461	-13.465
swarm_42_32.pdb	0	15.970	81.296	-13.485
swarm_15_80.pdb	0	10.078	20.472	-13.555
swarm_96_74.pdb	0	8.214	50.707	-13.556
swarm_86_176.pdb	0.0238095	6.134	43.321	-14.095
swarm_76_167.pdb	0	12.488	24.470	-14.299
swarm_44_112.pdb	0	17.081	85.642	-14.302
swarm_43_72.pdb	0	15.953	77.134	-14.397
swarm_86_83.pdb	0	9.886	27.476	-14.493
swarm_0_165.pdb	0	9.836	72.712	-14.766
swarm_83_165.pdb	0	15.006	73.419	-14.902
swarm_59_161.pdb	0	14.245	80.744	-14.986
swarm_59_42.pdb	0	11.814	78.105	-15.153
swarm_59_40.pdb	0	15.364	70.565	-15.245
swarm_78_174.pdb	0	13.004	63.883	-15.841
swarm_67_111.pdb	0	9.577	25.269	-15.878
swarm_5_130.pdb	0.047619	7.568	56.345	-15.911
swarm_84_41.pdb	0	7.965	50.859	-15.950
swarm_35_165.pdb	0	17.315	73.892	-16.108
swarm_20_117.pdb	0	8.986	48.161	-16.222
swarm_93_39.pdb	0	12.159	69.815	-16.240
swarm_0_175.pdb	0	19.380	56.434	-16.242
swarm_6_153.pdb	0	12.190	42.936	-16.400
swarm_21_191.pdb	0.0238095	8.116	19.678	-16.549
swarm_83_41.pdb	0	12.418	82.706	-16.550
swarm_85_149.pdb	0	8.155	47.479	-16.740
swarm_42_62.pdb	0	19.942	89.390	-17.034
swarm_78_19.pdb	0	15.653	86.390	-17.043
swarm_44_100.pdb	0	13.613	83.965	-17.248
swarm_95_179.pdb	0	8.408	57.268	-17.269
swarm_58_117.pdb	0	15.529	69.783	-17.493
swarm_102_187.pdb	0	10.747	24.670	-17.694
swarm_58_2.pdb	0	11.353	72.304	-17.915
swarm_25_175.pdb	0.309524	5.011	41.025	-17.984
swarm_78_104.pdb	0	15.433	88.457	-18.307
swarm_70_59.pdb	0	17.562	80.647	-18.439
swarm_80_119.pdb	0	15.605	74.744	-18.824
swarm_59_101.pdb	0	12.492	85.324	-19.086
swarm_101_171.pdb	0	8.388	53.245	-19.401
swarm_22_11.pdb	0	14.671	84.536	-19.541
swarm_18_75.pdb	0	16.841	78.630	-19.925
swarm_35_137.pdb	0	18.389	85.592	-19.992
swarm_92_125.pdb	0	9.559	65.848	-20.120
swarm_6_123.pdb	0	7.520	47.673	-20.191
swarm_101_188.pdb	0.0952381	6.769	53.372	-20.630
swarm_63_14.pdb	0	16.806	60.483	-20.631
swarm_70_28.pdb	0	17.721	90.550	-20.826
swarm_5_62.pdb	0	8.869	51.339	-21.075
swarm_41_128.pdb	0	7.153	29.020	-21.132
swarm_10_165.pdb	0	18.209	51.275	-21.245
swarm_42_55.pdb	0	17.305	91.016	-21.382
swarm_22_3.pdb	0	17.131	96.545	-21.501
swarm_78_168.pdb	0	18.514	75.830	-21.597
swarm_91_12.pdb	0	14.382	69.656	-21.702
swarm_47_46.pdb	0	9.219	40.249	-21.798
swarm_36_181.pdb	0	11.987	38.647	-21.982
swarm_64_142.pdb	0	10.611	37.738	-22.382
swarm_46_110.pdb	0	10.064	60.209	-22.495
swarm_28_11.pdb	0	12.582	26.186	-22.608
swarm_55_199.pdb	0	16.330	84.114	-22.957
swarm_55_12.pdb	0	19.364	89.172	-22.970
swarm_52_19.pdb	0	11.962	41.758	-23.042
swarm_80_173.pdb	0	15.885	74.898	-23.263
swarm_78_29.pdb	0	15.979	77.683	-23.479
swarm_71_41.pdb	0	17.162	91.805	-23.895
swarm_31_103.pdb	0	13.265	72.859	-23.919
swarm_71_1.pdb	0	21.678	67.913	-23.933
swarm_27_106.pdb	0	23.049	66.176	-23.938
swarm_52_57.pdb	0	13.477	31.175	-23.982
swarm_77_167.pdb	0	19.390	78.474	-23.994
swarm_59_158.pdb	0	16.175	82.195	-23.994
swarm_7_66.pdb	0	22.517	69.255	-24.216
swarm_101_113.pdb	0.0238095	6.781	42.243	-24.242
swarm_27_141.pdb	0	21.281	76.187	-24.257
swarm_3_174.pdb	0	13.888	50.640	-24.547
swarm_79_50.pdb	0	17.949	91.460	-24.557
swarm_9_120.pdb	0	21.166	72.646	-24.618
swarm_89_149.pdb	0	9.491	32.565	-24.889
swarm_17_74.pdb	0	20.091	91.301	-25.217
swarm_84_29.pdb	0.0238095	6.829	51.041	-25.230
swarm_3_112.pdb	0	9.841	56.239	-25.231
swarm_97_80.pdb	0	9.652	39.029	-25.259
swarm_48_198.pdb	0	15.876	38.101	-25.382
swarm_86_56.pdb	0	10.197	37.551	-25.457
swarm_74_30.pdb	0	14.116	47.012	-25.503
swarm_37_149.pdb	0	15.619	38.177	-25.724
swarm_17_197.pdb	0	19.778	92.701	-26.132
swarm_102_5.pdb	0	8.631	34.361	-26.422
swarm_52_138.pdb	0	11.134	43.714	-26.493
swarm_79_198.pdb	0	17.343	84.848	-26.608
swarm_17_120.pdb	0	21.962	78.806	-27.106
swarm_83_102.pdb	0	17.741	67.967	-27.327
swarm_39_129.pdb	0	11.445	37.067	-27.432
swarm_13_113.pdb	0.0238095	8.388	22.014	-27.619
swarm_65_171.pdb	0	15.408	38.999	-27.918
swarm_54_10.pdb	0	10.982	23.111	-27.964
swarm_100_81.pdb	0	13.455	71.024	-28.286
swarm_80_84.pdb	0	13.048	84.034	-28.460
swarm_81_5.pdb	0	13.020	67.015	-28.648
swarm_102_134.pdb	0	7.239	43.655	-29.271
swarm_85_93.pdb	0	14.798	36.767	-29.318
swarm_92_27.pdb	0	10.509	68.899	-29.725
swarm_32_131.pdb	0	13.028	30.734	-29.947
swarm_1_122.pdb	0	20.341	67.303	-30.519
swarm_57_29.pdb	0	14.424	68.210	-30.687
swarm_34_20.pdb	0.0238095	9.155	26.724	-31.181
swarm_32_114.pdb	0	14.753	32.088	-31.260
swarm_58_49.pdb	0	14.907	78.169	-31.401
swarm_25_66.pdb	0.380952	4.991	37.730	-31.587
swarm_96_163.pdb	0.0238095	7.888	60.323	-31.717
swarm_79_85.pdb	0	14.515	85.150	-31.800
swarm_35_47.pdb	0	13.011	73.283	-31.919
swarm_93_188.pdb	0	16.934	63.098	-32.335
swarm_38_147.pdb	0	13.144	82.275	-32.538
swarm_43_151.pdb	0	14.751	84.267	-32.583
swarm_64_193.pdb	0	12.084	36.878	-32.813
swarm_73_107.pdb	0	11.265	79.777	-33.266
swarm_83_25.pdb	0	17.067	80.127	-33.515
swarm_23_191.pdb	0	8.171	59.210	-33.579
swarm_79_28.pdb	0	15.531	90.720	-34.218
swarm_27_89.pdb	0	19.720	77.578	-34.282
swarm_56_146.pdb	0	13.939	72.918	-34.836
swarm_52_114.pdb	0	12.500	32.958	-35.295
swarm_54_13.pdb	0	11.982	38.137	-35.339
swarm_62_46.pdb	0	13.006	88.083	-35.656
swarm_4_10.pdb	0	8.576	33.633	-35.715
swarm_16_53.pdb	0.0238095	9.320	74.497	-35.850
swarm_44_119.pdb	0	13.387	79.075	-35.901
swarm_89_10.pdb	0	10.311	24.952	-35.950
swarm_87_109.pdb	0	13.893	81.135	-36.186
swarm_55_164.pdb	0	18.764	96.355	-36.244
swarm_67_2.pdb	0	11.663	29.044	-36.286
swarm_51_165.pdb	0	8.044	37.803	-36.322
swarm_58_84.pdb	0	16.838	66.178	-36.397
swarm_76_94.pdb	0.119048	6.610	34.363	-36.473
swarm_55_42.pdb	0	20.737	95.856	-36.486
swarm_68_114.pdb	0.0952381	6.940	35.599	-36.565
swarm_43_128.pdb	0	17.472	83.780	-36.820
swarm_57_63.pdb	0	15.250	78.914	-37.619
swarm_67_154.pdb	0	9.742	41.828	-38.390
swarm_75_129.pdb	0	11.627	46.928	-38.408
swarm_37_160.pdb	0	15.303	45.250	-38.476
swarm_1_75.pdb	0	18.296	71.333	-39.406
swarm_97_145.pdb	0.047619	7.251	30.467	-39.679
swarm_68_106.pdb	0	14.645	33.865	-39.689
swarm_67_53.pdb	0	12.910	40.209	-40.214
swarm_27_88.pdb	0	15.368	82.295	-40.706
swarm_3_122.pdb	0	12.362	46.880	-41.315
swarm_71_128.pdb	0	22.030	74.671	-41.338
swarm_48_124.pdb	0	17.766	50.552	-41.464
swarm_96_178.pdb	0	8.847	53.142	-41.506
swarm_93_175.pdb	0	19.762	64.815	-41.513
swarm_2_86.pdb	0	18.831	68.448	-41.549
swarm_17_152.pdb	0	14.275	88.482	-42.803
swarm_41_167.pdb	0.0714286	6.123	21.127	-43.298
swarm_22_51.pdb	0	22.942	80.879	-43.369
swarm_1_70.pdb	0	11.808	76.262	-43.383
swarm_57_67.pdb	0	11.482	81.585	-43.507
swarm_5_133.pdb	0	15.614	49.765	-44.577
swarm_14_164.pdb	0	8.730	43.701	-45.650
swarm_80_160.pdb	0	15.239	72.978	-46.295
swarm_76_10.pdb	0.0714286	7.380	38.615	-46.361
swarm_0_164.pdb	0	20.310	51.870	-46.426
swarm_48_76.pdb	0	8.586	58.395	-46.662
swarm_8_73.pdb	0	12.987	80.141	-47.223
swarm_68_101.pdb	0.309524	4.445	31.347	-47.608
swarm_42_20.pdb	0	17.959	82.205	-47.926
swarm_98_16.pdb	0	12.282	83.340	-48.026
swarm_71_89.pdb	0	23.044	70.601	-48.494
swarm_37_9.pdb	0	15.614	55.223	-48.560
swarm_59_20.pdb	0	14.589	85.900	-49.229
swarm_32_191.pdb	0.238095	6.361	50.743	-49.537
swarm_74_35.pdb	0	8.936	56.029	-50.692
swarm_17_11.pdb	0	20.598	89.256	-51.125
swarm_11_130.pdb	0.0238095	7.701	52.282	-51.855
swarm_63_79.pdb	0	15.185	51.769	-52.534
swarm_13_16.pdb	0.0238095	8.410	27.806	-52.980
swarm_64_85.pdb	0	6.972	45.143	-53.307
swarm_4_122.pdb	0	8.239	47.820	-53.477
swarm_48_62.pdb	0	15.017	48.893	-53.838
swarm_5_39.pdb	0	8.619	63.719	-54.783
swarm_27_179.pdb	0	21.940	64.477	-55.066
swarm_60_29.pdb	0	12.052	51.580	-55.329
swarm_71_34.pdb	0	17.337	85.939	-55.379
swarm_56_170.pdb	0	14.745	73.225	-55.405
swarm_63_172.pdb	0	15.342	44.877	-55.714
swarm_92_167.pdb	0.047619	7.150	54.209	-55.895
swarm_37_13.pdb	0	14.787	50.894	-56.222
swarm_48_90.pdb	0.047619	7.628	42.928	-56.361
swarm_72_183.pdb	0	11.111	78.646	-56.920
swarm_100_80.pdb	0	14.299	54.293	-57.130
swarm_55_32.pdb	0	17.098	76.860	-57.812
swarm_70_120.pdb	0	15.271	86.334	-58.122
swarm_1_78.pdb	0	20.725	60.752	-58.379
swarm_101_197.pdb	0.452381	4.845	42.070	-59.088
swarm_41_129.pdb	0	6.751	26.509	-59.683
swarm_54_80.pdb	0	9.727	22.639	-59.975
swarm_54_39.pdb	0.5	4.750	32.219	-60.088
swarm_103_142.pdb	0	12.944	75.553	-60.440
swarm_25_47.pdb	0	12.781	29.786	-60.617
swarm_73_184.pdb	0	10.301	60.415	-60.748
swarm_14_184.pdb	0	13.524	42.614	-60.894
swarm_58_98.pdb	0	13.066	66.477	-60.931
swarm_34_138.pdb	0.595238	4.174	24.236	-61.036
swarm_4_27.pdb	0	14.940	35.246	-61.262
swarm_64_61.pdb	0	12.041	45.674	-63.123
swarm_79_49.pdb	0	15.461	87.756	-63.183
swarm_27_95.pdb	0	18.001	70.077	-63.209
swarm_58_95.pdb	0	11.522	82.604	-63.366
swarm_92_133.pdb	0	14.561	46.443	-63.447
swarm_3_56.pdb	0	15.317	54.471	-63.927
swarm_54_128.pdb	0	10.904	26.554	-64.612
swarm_86_151.pdb	0.0238095	7.609	32.120	-64.764
swarm_37_74.pdb	0.0238095	7.778	57.043	-65.274
swarm_22_6.pdb	0	22.015	81.482	-65.998
swarm_103_192.pdb	0	9.256	72.665	-66.473
swarm_80_147.pdb	0	12.167	75.852	-67.585
swarm_49_52.pdb	0	14.555	46.024	-67.624
swarm_6_80.pdb	0.0714286	7.608	56.173	-68.219
swarm_74_153.pdb	0	15.074	47.721	-68.350
swarm_59_59.pdb	0	14.939	85.841	-69.269
swarm_88_193.pdb	0.142857	7.215	45.606	-69.283
swarm_95_27.pdb	0.0238095	7.946	63.426	-69.305
swarm_70_11.pdb	0	17.479	82.014	-69.773
swarm_3_129.pdb	0.0238095	8.761	68.194	-70.037
swarm_4_33.pdb	0.0238095	7.804	52.137	-70.190
swarm_51_67.pdb	0	8.659	24.449	-70.793
swarm_103_197.pdb	0	10.139	74.841	-70.956
swarm_33_51.pdb	0	12.339	25.686	-71.765
swarm_98_196.pdb	0	13.279	84.576	-72.153
swarm_53_37.pdb	0	7.340	43.993	-72.438
swarm_87_49.pdb	0	11.389	75.858	-74.347
swarm_67_120.pdb	0	12.047	36.599	-74.426
swarm_38_95.pdb	0	20.488	63.439	-74.769
swarm_95_102.pdb	0	15.087	46.423	-74.903
swarm_37_177.pdb	0	16.504	45.918	-75.209
swarm_100_123.pdb	0.0238095	9.510	74.356	-75.245
swarm_42_43.pdb	0	17.996	93.238	-75.951
swarm_43_174.pdb	0	11.067	89.289	-76.368
swarm_62_103.pdb	0	14.785	77.567	-77.336
swarm_5_43.pdb	0	16.707	50.936	-77.614
swarm_101_114.pdb	0	11.316	42.702	-77.864
swarm_89_89.pdb	0	11.205	35.016	-78.236
swarm_77_130.pdb	0	19.111	88.848	-78.547
swarm_79_13.pdb	0	15.863	76.109	-78.951
swarm_90_103.pdb	0	8.798	60.365	-79.997
swarm_20_179.pdb	0	9.644	37.647	-80.171
swarm_102_119.pdb	0	11.737	27.582	-80.733
swarm_48_109.pdb	0	14.138	42.723	-80.849
swarm_40_161.pdb	0	8.026	39.606	-80.851
swarm_80_181.pdb	0	15.507	86.016	-82.630
swarm_26_58.pdb	0.0238095	8.360	34.015	-82.673
swarm_37_68.pdb	0	14.911	44.416	-83.023
swarm_70_167.pdb	0	14.410	94.758	-83.755
swarm_68_131.pdb	0.547619	5.182	33.506	-84.150
swarm_2_158.pdb	0	11.144	75.516	-84.668
swarm_102_192.pdb	0.0714286	8.516	49.903	-85.967
swarm_6_55.pdb	0.0238095	8.487	53.294	-86.383
swarm_45_101.pdb	0	9.812	66.161	-87.136
swarm_59_120.pdb	0	15.555	74.389	-87.269
swarm_13_73.pdb	0.119048	6.043	20.928	-87.595
swarm_29_7.pdb	0	9.285	25.120	-87.787
swarm_94_136.pdb	0	12.087	68.187	-87.791
swarm_32_35.pdb	0	11.687	32.088	-88.919
swarm_75_100.pdb	0	9.887	64.935	-89.132
swarm_77_156.pdb	0	15.355	85.310	-89.894
swarm_35_195.pdb	0	14.618	75.379	-90.219
swarm_3_54.pdb	0	14.130	47.278	-91.205
swarm_19_25.pdb	0	14.855	56.633	-91.698
swarm_65_156.pdb	0.119048	6.828	48.943	-91.951
swarm_41_187.pdb	0.0238095	9.130	28.428	-92.157
swarm_101_37.pdb	0.142857	6.972	56.746	-92.246
swarm_55_157.pdb	0	13.812	90.045	-92.661
swarm_66_164.pdb	0	10.133	24.222	-92.834
swarm_73_135.pdb	0	13.400	73.834	-93.743
swarm_100_168.pdb	0	18.608	60.744	-94.173
swarm_34_80.pdb	0	10.979	28.948	-94.911
swarm_28_164.pdb	0	10.987	23.508	-95.107
swarm_96_196.pdb	0	17.226	45.394	-95.724
swarm_49_104.pdb	0	16.690	53.355	-96.091
swarm_86_45.pdb	0	10.237	36.393	-96.206
swarm_79_106.pdb	0	16.318	76.771	-96.377
swarm_29_187.pdb	0	7.826	28.392	-96.513
swarm_98_98.pdb	0	16.428	69.537	-98.074
swarm_48_89.pdb	0	14.514	41.320	-98.419
swarm_56_68.pdb	0	11.303	82.958	-99.058
swarm_41_158.pdb	0	10.160	29.546	-99.902
swarm_103_34.pdb	0	11.057	79.054	-100.989
swarm_29_129.pdb	0.0714286	7.845	33.404	-102.568
swarm_70_174.pdb	0	14.668	81.019	-103.180
swarm_95_184.pdb	0	11.184	62.975	-103.366
swarm_46_193.pdb	0	12.378	44.179	-104.650
swarm_72_43.pdb	0	14.004	71.198	-105.195
swarm_59_70.pdb	0	11.718	81.224	-106.540
swarm_57_70.pdb	0	11.468	72.889	-107.585
swarm_82_2.pdb	0	19.465	68.732	-108.297
swarm_84_87.pdb	0	12.186	40.138	-108.686
swarm_19_78.pdb	0	14.142	48.780	-109.440
swarm_50_69.pdb	0	8.383	51.385	-109.881
swarm_94_159.pdb	0	17.613	62.832	-110.163
swarm_62_129.pdb	0	12.182	70.621	-113.156
swarm_71_171.pdb	0	12.549	83.833	-113.341
swarm_87_134.pdb	0	13.822	59.362	-113.394
swarm_61_60.pdb	0	12.310	56.596	-114.920
swarm_99_8.pdb	0	13.373	51.861	-115.494
swarm_4_109.pdb	0	8.326	43.613	-116.712
swarm_4_114.pdb	0	11.224	32.580	-117.017
swarm_68_187.pdb	0.0238095	7.012	25.998	-118.587
swarm_94_127.pdb	0.0238095	8.442	67.681	-119.652
swarm_94_131.pdb	0	9.348	63.514	-121.095
swarm_65_177.pdb	0	10.821	33.760	-122.180
swarm_80_38.pdb	0	14.152	67.945	-122.578
swarm_56_116.pdb	0	11.882	75.450	-122.703
swarm_35_156.pdb	0	17.411	81.997	-123.456
swarm_94_166.pdb	0	9.623	73.392	-125.784
swarm_70_130.pdb	0	16.928	88.934	-126.927
swarm_99_183.pdb	0	10.198	73.006	-127.958
swarm_62_61.pdb	0	14.328	67.285	-128.635
swarm_91_181.pdb	0	12.135	79.031	-129.557
swarm_44_130.pdb	0	15.186	82.341	-129.694
swarm_35_167.pdb	0	12.101	83.829	-130.674
swarm_78_67.pdb	0	12.266	82.099	-131.455
swarm_103_127.pdb	0	13.786	54.055	-131.884
swarm_22_104.pdb	0	13.259	87.619	-132.222
swarm_57_24.pdb	0	15.947	78.090	-132.960
swarm_88_5.pdb	0.619048	6.045	48.560	-134.356
swarm_85_16.pdb	0.380952	6.983	51.437	-135.743
swarm_51_178.pdb	0	12.177	41.527	-136.634
swarm_63_15.pdb	0	16.433	63.380	-139.040
swarm_37_140.pdb	0	13.928	35.610	-142.993
swarm_91_161.pdb	0	11.403	74.857	-143.473
swarm_81_135.pdb	0	14.986	60.782	-144.541
swarm_79_144.pdb	0	14.872	89.487	-145.506
swarm_11_26.pdb	0	10.938	53.871	-148.156
swarm_36_108.pdb	0	12.573	39.274	-148.431
swarm_55_152.pdb	0	16.176	86.842	-148.583
swarm_59_152.pdb	0	13.861	83.534	-149.248
swarm_79_134.pdb	0	15.420	70.056	-149.369
swarm_92_17.pdb	0.142857	7.064	60.861	-149.561
swarm_77_40.pdb	0	13.047	89.824	-151.444
swarm_65_186.pdb	0	7.909	25.375	-151.680
swarm_12_28.pdb	0	13.877	45.402	-152.484
swarm_100_134.pdb	0	13.898	57.511	-153.074
swarm_44_72.pdb	0	13.107	87.844	-154.313
swarm_103_135.pdb	0	15.296	61.754	-154.843
swarm_41_62.pdb	0.166667	6.945	38.270	-155.387
swarm_30_159.pdb	0	15.302	56.897	-159.007
swarm_47_174.pdb	0	10.711	51.395	-160.117
swarm_56_132.pdb	0	15.124	66.283	-163.064
swarm_80_130.pdb	0	12.272	77.036	-164.579
swarm_64_107.pdb	0	13.752	39.770	-165.449
swarm_60_158.pdb	0	12.648	53.968	-166.575
swarm_90_71.pdb	0	15.219	52.299	-170.795
swarm_87_89.pdb	0	14.188	55.074	-171.747
swarm_102_174.pdb	0	11.133	33.628	-174.648
swarm_92_56.pdb	0.0714286	7.580	61.498	-176.628
swarm_88_134.pdb	0	11.858	29.355	-180.080
swarm_69_35.pdb	0	18.628	79.030	-186.145
swarm_61_49.pdb	0	10.669	57.365	-190.174
swarm_88_82.pdb	0	13.900	40.004	-192.048
swarm_91_78.pdb	0	13.910	62.990	-192.290
swarm_91_142.pdb	0	9.538	74.383	-193.201
swarm_83_141.pdb	0	11.661	83.629	-194.211
swarm_94_29.pdb	0	13.866	55.633	-197.649
swarm_73_134.pdb	0	14.859	57.026	-200.057
swarm_10_88.pdb	0	11.671	59.670	-204.775
swarm_76_83.pdb	0.047619	8.449	28.266	-206.895
swarm_98_161.pdb	0	15.300	63.990	-206.961
swarm_94_64.pdb	0	12.587	48.847	-209.138
swarm_6_195.pdb	0	13.102	42.668	-216.078
swarm_95_34.pdb	0	12.887	46.427	-219.420
swarm_62_76.pdb	0	12.744	64.799	-222.581
swarm_33_40.pdb	0.357143	8.303	50.432	-225.965
swarm_100_49.pdb	0	14.242	49.653	-226.856
swarm_40_190.pdb	0	11.700	34.078	-229.853
swarm_18_91.pdb	0	14.034	82.357	-231.466
swarm_101_179.pdb	0	13.859	37.648	-237.226
swarm_66_166.pdb	0	11.459	35.562	-237.633
swarm_12_7.pdb	0.333333	8.534	60.325	-240.762
swarm_78_6.pdb	0	10.876	83.540	-241.103
swarm_99_177.pdb	0	9.462	66.251	-244.303
swarm_88_78.pdb	0	14.032	34.305	-245.375
swarm_41_56.pdb	0.0714286	9.252	35.766	-263.891
swarm_88_49.pdb	0	10.853	35.565	-267.566
swarm_4_57.pdb	0	14.720	38.368	-271.220
swarm_84_167.pdb	0	9.817	46.282	-273.231
swarm_14_175.pdb	0	13.492	41.644	-283.737
swarm_103_61.pdb	0	8.423	73.977	-284.119
swarm_54_157.pdb	0	11.634	35.006	-284.834
swarm_61_175.pdb	0.0238095	9.562	63.864	-293.149
swarm_95_18.pdb	0.0238095	8.187	61.451	-298.613
swarm_40_6.pdb	0	10.097	38.099	-307.076
swarm_73_72.pdb	0	14.017	58.152	-308.135
swarm_100_56.pdb	0	9.060	66.702	-312.239
swarm_103_119.pdb	0	12.466	70.720	-317.207
swarm_47_21.pdb	0	11.569	49.145	-319.716
swarm_98_112.pdb	0	10.276	78.750	-331.633
swarm_6_71.pdb	0	12.631	38.026	-331.966
swarm_36_120.pdb	0	12.170	44.460	-338.483
swarm_63_165.pdb	0.0714286	10.783	62.854	-359.522
swarm_75_110.pdb	0	10.824	49.672	-367.993
swarm_36_31.pdb	0	11.630	50.050	-400.996
swarm_47_184.pdb	0	11.210	44.383	-435.443
