complex.1.pdb	0.0588235	10.309	19.847
complex.2.pdb	0.0196078	8.823	18.337
complex.3.pdb	0.0392157	8.454	19.346
complex.4.pdb	0.0392157	11.945	27.292
complex.5.pdb	0.0588235	9.886	21.203
complex.6.pdb	0.0588235	10.982	19.630
complex.7.pdb	0.0392157	10.739	18.803
complex.8.pdb	0	7.937	16.310
complex.9.pdb	0.0980392	7.160	20.501
complex.10.pdb	0.0392157	8.947	16.295
complex.11.pdb	0	7.930	19.114
complex.12.pdb	0	9.516	37.027
complex.13.pdb	0.0196078	9.883	17.696
complex.14.pdb	0.0196078	11.120	20.382
complex.15.pdb	0.0392157	12.482	24.566
complex.16.pdb	0.0588235	10.562	23.926
complex.17.pdb	0.0392157	9.276	17.577
complex.18.pdb	0.0588235	9.087	21.053
complex.19.pdb	0	14.719	43.784
complex.20.pdb	0	9.840	39.268
complex.21.pdb	0.0392157	8.269	15.975
complex.22.pdb	0	10.209	39.155
complex.23.pdb	0	7.960	16.328
complex.24.pdb	0	14.346	49.600
complex.25.pdb	0	10.010	41.612
complex.26.pdb	0.0196078	9.801	19.913
complex.27.pdb	0.0196078	9.780	18.434
complex.28.pdb	0.0392157	10.466	18.927
complex.29.pdb	0.0784314	9.104	18.850
complex.30.pdb	0	8.113	14.978
complex.31.pdb	0	15.030	52.636
complex.32.pdb	0	14.009	45.798
complex.33.pdb	0.0196078	9.705	17.116
complex.34.pdb	0.0980392	9.089	20.878
complex.35.pdb	0.0196078	8.869	16.609
complex.36.pdb	0.0588235	7.883	18.065
complex.37.pdb	0.0588235	10.811	20.983
complex.38.pdb	0.0588235	8.474	22.284
complex.39.pdb	0.0588235	5.644	12.699
complex.40.pdb	0	9.809	40.651
complex.41.pdb	0	9.456	37.546
complex.42.pdb	0.0392157	11.947	20.415
complex.43.pdb	0.0588235	10.460	23.731
complex.44.pdb	0	9.528	34.053
complex.45.pdb	0.0392157	5.582	12.958
complex.46.pdb	0.0196078	6.123	17.515
complex.47.pdb	0	10.315	44.292
complex.48.pdb	0	8.029	14.559
complex.49.pdb	0.0196078	12.264	36.088
complex.50.pdb	0.0196078	11.395	24.106
complex.51.pdb	0.0196078	9.475	20.641
complex.52.pdb	0	10.272	40.181
complex.53.pdb	0.0196078	8.189	14.731
complex.54.pdb	0	10.743	47.042
complex.55.pdb	0.0784314	6.808	18.151
complex.56.pdb	0	11.452	19.405
complex.57.pdb	0.0196078	9.046	20.767
complex.58.pdb	0	11.629	31.346
complex.59.pdb	0.0196078	7.468	14.997
complex.60.pdb	0.0196078	9.707	17.713
complex.61.pdb	0	10.278	36.046
complex.62.pdb	0	9.993	39.505
complex.63.pdb	0.0392157	9.097	22.244
complex.64.pdb	0.0196078	13.137	31.076
complex.65.pdb	0.0196078	8.457	18.839
complex.66.pdb	0.0588235	11.202	23.019
complex.67.pdb	0.0196078	7.649	16.546
complex.68.pdb	0	9.423	35.100
complex.69.pdb	0.0392157	11.497	21.770
complex.70.pdb	0.0196078	5.278	11.034
complex.71.pdb	0	13.505	41.848
complex.72.pdb	0	14.272	44.478
complex.73.pdb	0.0196078	10.283	22.257
complex.74.pdb	0	11.766	34.967
complex.75.pdb	0	8.073	16.368
complex.76.pdb	0	8.308	20.760
complex.77.pdb	0.0784314	9.863	18.342
complex.78.pdb	0.0196078	10.485	27.182
complex.79.pdb	0	12.017	22.729
complex.80.pdb	0	11.042	47.124
complex.81.pdb	0.0392157	8.219	16.643
complex.82.pdb	0.0196078	9.569	21.724
complex.83.pdb	0	12.954	26.368
complex.84.pdb	0	12.567	29.465
complex.85.pdb	0	9.937	36.496
complex.86.pdb	0.0196078	11.264	23.568
complex.87.pdb	0	7.910	17.516
complex.88.pdb	0	12.084	25.720
complex.89.pdb	0	14.382	36.880
complex.90.pdb	0	10.799	48.383
complex.91.pdb	0	8.456	20.376
complex.92.pdb	0	7.362	12.161
complex.93.pdb	0.0392157	11.743	29.546
complex.94.pdb	0	11.395	37.764
complex.95.pdb	0	10.315	39.892
complex.96.pdb	0.0588235	11.729	20.531
complex.97.pdb	0.0588235	8.788	18.148
complex.98.pdb	0	14.131	50.830
complex.99.pdb	0	12.754	35.488
complex.100.pdb	0	13.608	47.446
complex.101.pdb	0	12.076	35.403
complex.102.pdb	0.0196078	7.261	17.394
complex.103.pdb	0.0784314	7.644	20.363
complex.104.pdb	0	9.514	37.354
complex.105.pdb	0	11.062	31.893
complex.106.pdb	0.0784314	9.538	20.767
complex.107.pdb	0	14.652	38.711
complex.108.pdb	0	12.013	35.770
complex.109.pdb	0.0196078	12.019	21.341
complex.110.pdb	0	11.002	42.391
complex.111.pdb	0.0196078	9.482	19.924
complex.112.pdb	0	9.733	35.606
complex.113.pdb	0	9.455	31.823
complex.114.pdb	0	13.189	24.465
complex.115.pdb	0	9.757	19.179
complex.116.pdb	0	10.380	43.213
complex.117.pdb	0	10.874	34.077
complex.118.pdb	0.0196078	5.439	12.156
complex.119.pdb	0	10.076	42.415
complex.120.pdb	0	10.446	42.574
complex.121.pdb	0	14.771	45.558
complex.122.pdb	0	14.898	41.606
complex.123.pdb	0.0196078	9.104	22.201
complex.124.pdb	0	10.150	41.775
complex.125.pdb	0.0196078	13.609	35.460
complex.126.pdb	0	14.504	40.807
complex.127.pdb	0	8.842	19.823
complex.128.pdb	0	9.509	36.858
complex.129.pdb	0	13.692	31.551
complex.130.pdb	0	10.135	27.718
complex.131.pdb	0.0196078	11.341	22.737
complex.132.pdb	0	10.918	38.681
complex.133.pdb	0.0588235	6.612	16.511
complex.134.pdb	0	9.934	36.735
complex.135.pdb	0	8.568	23.743
complex.136.pdb	0.0784314	10.089	22.194
complex.137.pdb	0	8.447	16.241
complex.138.pdb	0	9.829	21.503
complex.139.pdb	0	7.951	22.344
complex.140.pdb	0.0588235	9.024	22.728
complex.141.pdb	0	7.624	15.197
complex.142.pdb	0	11.888	24.837
complex.143.pdb	0	11.985	32.280
complex.144.pdb	0.0392157	11.773	21.670
complex.145.pdb	0.0392157	11.713	22.887
complex.146.pdb	0	10.448	38.895
complex.147.pdb	0.0588235	9.953	21.963
complex.148.pdb	0	9.066	23.127
complex.149.pdb	0	8.100	15.146
complex.150.pdb	0	12.208	32.281
complex.151.pdb	0.117647	9.700	26.268
complex.152.pdb	0.117647	10.153	20.851
complex.153.pdb	0	12.580	39.302
complex.154.pdb	0	14.071	46.556
complex.155.pdb	0	14.389	42.156
complex.156.pdb	0.0392157	8.280	18.626
complex.157.pdb	0	8.529	18.487
complex.158.pdb	0.0196078	11.662	34.220
complex.159.pdb	0	14.803	51.672
complex.160.pdb	0	8.410	19.525
complex.161.pdb	0	11.157	42.965
complex.162.pdb	0.0196078	10.985	24.677
complex.163.pdb	0	12.443	37.258
complex.164.pdb	0.0196078	9.247	17.337
complex.165.pdb	0.0196078	9.577	21.794
complex.166.pdb	0	13.421	25.757
complex.167.pdb	0	9.699	38.117
complex.168.pdb	0.0196078	9.032	19.506
complex.169.pdb	0.0392157	11.988	32.328
complex.170.pdb	0.0196078	8.862	23.921
complex.171.pdb	0.0196078	9.764	19.826
complex.172.pdb	0	12.700	22.610
complex.173.pdb	0	13.322	33.460
complex.174.pdb	0	10.237	27.211
complex.175.pdb	0.176471	6.075	16.535
complex.176.pdb	0	14.229	46.103
complex.177.pdb	0	8.608	19.965
complex.178.pdb	0.0392157	7.661	15.685
complex.179.pdb	0.0196078	10.517	19.421
complex.180.pdb	0.0196078	9.726	23.507
complex.181.pdb	0.0196078	9.720	18.638
complex.182.pdb	0	10.650	46.340
complex.183.pdb	0	11.258	30.133
complex.184.pdb	0	9.140	21.684
complex.185.pdb	0	8.677	23.255
complex.186.pdb	0	8.019	14.301
complex.187.pdb	0	8.628	15.578
complex.188.pdb	0	9.752	22.773
complex.189.pdb	0.0196078	7.413	20.249
complex.190.pdb	0.0784314	5.473	13.941
complex.191.pdb	0.0392157	12.329	23.243
complex.192.pdb	0	10.998	42.983
complex.193.pdb	0	13.815	36.103
complex.194.pdb	0.0196078	9.317	21.323
complex.195.pdb	0	10.113	43.265
complex.196.pdb	0	9.958	22.977
complex.197.pdb	0.0784314	7.224	19.011
complex.198.pdb	0	9.381	34.908
complex.199.pdb	0	13.061	30.622
complex.200.pdb	0	9.237	26.029
complex.201.pdb	0	11.745	50.867
complex.202.pdb	0	9.713	23.371
complex.203.pdb	0	8.319	25.576
complex.204.pdb	0	12.632	46.672
complex.205.pdb	0	14.679	45.327
complex.206.pdb	0	12.728	37.109
complex.207.pdb	0.0392157	11.951	28.544
complex.208.pdb	0.0392157	8.251	16.573
complex.209.pdb	0	9.480	27.335
complex.210.pdb	0	9.893	29.902
complex.211.pdb	0	9.863	20.764
complex.212.pdb	0	13.640	38.793
complex.213.pdb	0	13.532	46.783
complex.214.pdb	0.0784314	11.077	20.708
complex.215.pdb	0	11.652	51.037
complex.216.pdb	0	13.336	43.231
complex.217.pdb	0.0196078	10.230	19.626
complex.218.pdb	0	12.765	41.848
complex.219.pdb	0.0588235	9.891	23.881
complex.220.pdb	0.0784314	6.888	16.661
complex.221.pdb	0	9.850	32.849
complex.222.pdb	0	11.895	20.238
complex.223.pdb	0	11.074	45.716
complex.224.pdb	0.0980392	7.056	22.123
complex.225.pdb	0.0196078	10.704	20.991
complex.226.pdb	0	9.220	19.373
complex.227.pdb	0	10.116	39.752
complex.228.pdb	0	7.875	22.085
complex.229.pdb	0	12.004	22.873
complex.230.pdb	0	14.660	47.564
complex.231.pdb	0.0392157	10.547	19.249
complex.232.pdb	0.0196078	12.008	37.694
complex.233.pdb	0	10.394	37.161
complex.234.pdb	0	14.842	51.759
complex.235.pdb	0	14.492	48.947
complex.236.pdb	0	15.100	50.479
complex.237.pdb	0	11.934	41.392
complex.238.pdb	0	8.077	24.319
complex.239.pdb	0	9.481	37.202
complex.240.pdb	0.0588235	5.071	11.291
complex.241.pdb	0.0784314	10.776	21.677
complex.242.pdb	0	10.369	38.935
complex.243.pdb	0	12.349	22.818
complex.244.pdb	0	9.153	25.542
complex.245.pdb	0	13.205	40.524
complex.246.pdb	0	10.083	41.509
complex.247.pdb	0	10.726	21.024
complex.248.pdb	0	14.249	38.061
complex.249.pdb	0	13.986	31.373
complex.250.pdb	0.0196078	11.361	27.280
complex.251.pdb	0	9.292	24.118
complex.252.pdb	0	13.594	28.826
complex.253.pdb	0.0588235	5.039	11.079
complex.254.pdb	0	7.790	19.491
complex.255.pdb	0	12.842	24.341
complex.256.pdb	0	11.013	40.663
complex.257.pdb	0	13.536	37.317
complex.258.pdb	0.0196078	12.441	21.018
complex.259.pdb	0	11.350	30.787
complex.260.pdb	0.0392157	12.536	39.016
complex.261.pdb	0	9.139	17.897
complex.262.pdb	0	14.169	37.561
complex.263.pdb	0	9.344	18.828
complex.264.pdb	0.0196078	8.598	19.182
complex.265.pdb	0	10.070	37.273
complex.266.pdb	0	9.712	26.018
complex.267.pdb	0.0196078	11.403	39.633
complex.268.pdb	0	11.630	21.798
complex.269.pdb	0.0980392	9.296	20.504
complex.270.pdb	0	13.182	27.072
complex.271.pdb	0	9.857	40.573
complex.272.pdb	0	12.856	46.662
complex.273.pdb	0	11.681	19.783
complex.274.pdb	0	9.656	37.292
complex.275.pdb	0	13.887	48.643
complex.276.pdb	0.0196078	12.717	26.663
complex.277.pdb	0	14.184	50.530
complex.278.pdb	0	8.993	17.721
complex.279.pdb	0	8.927	34.169
complex.280.pdb	0	12.373	39.104
complex.281.pdb	0.0392157	6.964	21.023
complex.282.pdb	0	10.818	46.347
complex.283.pdb	0	15.401	50.350
complex.284.pdb	0	13.741	45.434
complex.285.pdb	0	13.953	37.782
complex.286.pdb	0.0196078	5.641	14.932
complex.287.pdb	0	14.904	48.837
complex.288.pdb	0	11.956	44.653
complex.289.pdb	0.0196078	8.624	17.445
complex.290.pdb	0.0196078	9.183	24.678
complex.291.pdb	0	13.230	27.399
complex.292.pdb	0	11.164	49.097
complex.293.pdb	0	14.265	43.889
complex.294.pdb	0	11.214	20.755
complex.295.pdb	0.0392157	11.947	39.097
complex.296.pdb	0	9.859	29.251
complex.297.pdb	0.0392157	11.260	20.708
complex.298.pdb	0.0196078	13.007	36.972
complex.299.pdb	0	11.698	31.067
complex.300.pdb	0	10.160	30.556
complex.301.pdb	0.0196078	11.297	25.721
complex.302.pdb	0	10.669	19.398
complex.303.pdb	0	10.809	36.455
complex.304.pdb	0	5.804	10.652
complex.305.pdb	0	11.632	36.417
complex.306.pdb	0	13.730	25.989
complex.307.pdb	0.0392157	9.976	20.109
complex.308.pdb	0	7.900	24.725
complex.309.pdb	0	10.645	27.141
complex.310.pdb	0	10.278	38.590
complex.311.pdb	0.0588235	9.938	25.377
complex.312.pdb	0.196078	4.813	13.694
complex.313.pdb	0.0196078	5.608	15.048
complex.314.pdb	0	11.409	40.686
complex.315.pdb	0	9.917	38.654
complex.316.pdb	0.0196078	12.975	34.695
complex.317.pdb	0.0196078	9.651	17.703
complex.318.pdb	0	12.434	26.242
complex.319.pdb	0	10.114	36.072
complex.320.pdb	0	11.928	23.438
complex.321.pdb	0	8.993	17.899
complex.322.pdb	0.0392157	9.712	26.032
complex.323.pdb	0.0588235	9.843	19.238
complex.324.pdb	0	12.504	24.309
complex.325.pdb	0	13.782	25.678
complex.326.pdb	0	11.224	33.364
complex.327.pdb	0	14.158	33.371
complex.328.pdb	0	9.339	21.469
complex.329.pdb	0.0588235	7.380	22.620
complex.330.pdb	0	10.183	24.409
complex.331.pdb	0	13.181	45.799
complex.332.pdb	0.0196078	9.915	21.057
complex.333.pdb	0	8.058	18.495
complex.334.pdb	0.0784314	8.472	21.343
complex.335.pdb	0	10.125	27.590
complex.336.pdb	0	13.603	41.992
complex.337.pdb	0.0392157	10.852	22.837
complex.338.pdb	0	9.418	36.048
complex.339.pdb	0.0784314	11.042	19.653
complex.340.pdb	0	13.045	26.583
complex.341.pdb	0	9.687	33.438
complex.342.pdb	0.0392157	12.627	36.800
complex.343.pdb	0.0196078	11.488	39.069
complex.344.pdb	0	14.718	36.398
complex.345.pdb	0	11.650	21.160
complex.346.pdb	0	12.245	29.648
complex.347.pdb	0.0392157	9.236	19.729
complex.348.pdb	0	10.398	34.862
complex.349.pdb	0	13.657	39.993
complex.350.pdb	0.117647	6.822	21.953
complex.351.pdb	0	13.794	30.429
complex.352.pdb	0	9.717	21.192
complex.353.pdb	0.0392157	11.460	26.544
complex.354.pdb	0	10.875	42.784
complex.355.pdb	0	9.503	22.708
complex.356.pdb	0.0196078	12.030	35.488
complex.357.pdb	0	14.234	40.462
complex.358.pdb	0	10.104	27.729
complex.359.pdb	0	12.699	41.085
complex.360.pdb	0	12.375	25.799
complex.361.pdb	0.0392157	12.582	31.957
complex.362.pdb	0	8.357	25.084
complex.363.pdb	0	12.372	35.515
complex.364.pdb	0	14.966	47.531
complex.365.pdb	0.0196078	7.464	21.667
complex.366.pdb	0	14.217	35.216
complex.367.pdb	0	11.704	52.692
complex.368.pdb	0	11.004	33.066
complex.369.pdb	0	9.792	37.901
complex.370.pdb	0.0392157	12.245	23.247
complex.371.pdb	0	11.909	27.329
complex.372.pdb	0	9.690	19.574
complex.373.pdb	0	9.847	37.934
complex.374.pdb	0.0196078	11.555	20.554
complex.375.pdb	0	14.880	42.846
complex.376.pdb	0	8.938	18.217
complex.377.pdb	0	11.562	29.696
complex.378.pdb	0	10.830	18.089
complex.379.pdb	0	12.014	21.848
complex.380.pdb	0	13.127	36.789
complex.381.pdb	0	10.781	42.616
complex.382.pdb	0.0196078	10.310	20.316
complex.383.pdb	0.0392157	12.534	31.050
complex.384.pdb	0	12.973	37.557
complex.385.pdb	0	14.292	42.939
complex.386.pdb	0.0392157	12.435	21.809
complex.387.pdb	0.0784314	7.693	23.507
complex.388.pdb	0	7.784	17.697
complex.389.pdb	0	13.252	33.901
complex.390.pdb	0	8.814	16.091
complex.391.pdb	0	8.050	17.766
complex.392.pdb	0	12.309	22.907
complex.393.pdb	0	12.971	39.135
complex.394.pdb	0.0784314	12.138	24.082
complex.395.pdb	0.0196078	10.653	23.717
complex.396.pdb	0	12.845	34.207
complex.397.pdb	0.0392157	6.990	17.915
complex.398.pdb	0	9.225	33.278
complex.399.pdb	0	7.335	19.788
complex.400.pdb	0.0784314	9.626	19.428
complex.401.pdb	0	11.030	41.197
complex.402.pdb	0.0196078	10.278	25.600
complex.403.pdb	0	9.771	20.836
complex.404.pdb	0	7.577	15.476
complex.405.pdb	0	11.713	22.876
complex.406.pdb	0.0196078	12.201	31.776
complex.407.pdb	0	11.606	36.410
complex.408.pdb	0	14.198	48.805
complex.409.pdb	0.0196078	8.918	17.655
complex.410.pdb	0.0196078	7.034	18.006
complex.411.pdb	0	6.583	22.109
complex.412.pdb	0	13.199	28.531
complex.413.pdb	0.0392157	11.121	26.847
complex.414.pdb	0.0196078	13.720	35.548
complex.415.pdb	0	10.995	23.437
complex.416.pdb	0.0588235	7.491	19.688
complex.417.pdb	0	12.456	30.698
complex.418.pdb	0	12.761	22.226
complex.419.pdb	0.0784314	11.751	18.815
complex.420.pdb	0.0784314	6.894	16.288
complex.421.pdb	0.0196078	11.695	38.642
complex.422.pdb	0	13.434	25.401
complex.423.pdb	0	9.760	39.840
complex.424.pdb	0	9.711	20.936
complex.425.pdb	0	13.062	29.269
complex.426.pdb	0	13.647	27.900
complex.427.pdb	0	7.589	14.159
complex.428.pdb	0	10.483	20.974
complex.429.pdb	0	10.455	22.536
complex.430.pdb	0	14.329	28.851
complex.431.pdb	0	8.779	14.446
complex.432.pdb	0	13.685	32.017
complex.433.pdb	0.0392157	12.314	28.707
complex.434.pdb	0	13.589	37.834
complex.435.pdb	0	14.682	48.862
complex.436.pdb	0.0392157	5.181	13.871
complex.437.pdb	0	12.735	54.168
complex.438.pdb	0	9.560	23.031
complex.439.pdb	0	11.750	51.032
complex.440.pdb	0	12.890	24.811
complex.441.pdb	0	13.354	33.772
complex.442.pdb	0	10.459	20.052
complex.443.pdb	0	12.911	45.005
complex.444.pdb	0	11.943	48.080
complex.445.pdb	0.0196078	11.551	42.544
complex.446.pdb	0.0588235	7.915	23.202
complex.447.pdb	0.0392157	12.193	23.110
complex.448.pdb	0	8.420	13.308
complex.449.pdb	0	10.080	40.070
complex.450.pdb	0.0784314	5.161	9.881
complex.451.pdb	0	10.894	22.377
complex.452.pdb	0.0196078	13.124	33.374
complex.453.pdb	0.0784314	9.016	20.261
complex.454.pdb	0	13.996	42.090
complex.455.pdb	0	9.759	25.747
complex.456.pdb	0	11.588	50.913
complex.457.pdb	0.0392157	12.512	34.755
complex.458.pdb	0	14.346	34.256
complex.459.pdb	0	10.428	20.081
complex.460.pdb	0	11.180	43.917
complex.461.pdb	0	12.679	31.227
complex.462.pdb	0	13.883	28.516
complex.463.pdb	0	12.726	33.831
complex.464.pdb	0	7.886	17.829
complex.465.pdb	0	10.971	20.282
complex.466.pdb	0	12.375	23.380
complex.467.pdb	0.0196078	11.897	23.624
complex.468.pdb	0	11.324	46.664
complex.469.pdb	0	15.022	44.193
complex.470.pdb	0.0588235	12.011	20.969
complex.471.pdb	0.0588235	5.423	13.926
complex.472.pdb	0	9.350	21.518
complex.473.pdb	0	12.605	34.354
complex.474.pdb	0.0588235	8.141	19.143
complex.475.pdb	0.0392157	12.369	23.471
complex.476.pdb	0	9.831	23.302
complex.477.pdb	0	9.236	34.277
complex.478.pdb	0	9.293	19.420
complex.479.pdb	0.0196078	13.584	35.660
complex.480.pdb	0.0588235	9.419	23.671
complex.481.pdb	0.0196078	11.552	20.183
complex.482.pdb	0.0588235	12.459	29.789
complex.483.pdb	0.0196078	8.716	18.377
complex.484.pdb	0	9.852	28.286
complex.485.pdb	0.0392157	10.571	18.147
complex.486.pdb	0.0196078	9.531	29.380
complex.487.pdb	0	12.930	36.582
complex.488.pdb	0	15.660	53.366
complex.489.pdb	0	12.031	28.805
complex.490.pdb	0	9.809	35.710
complex.491.pdb	0	14.581	52.561
complex.492.pdb	0	7.728	23.120
complex.493.pdb	0	8.614	17.463
complex.494.pdb	0	13.563	43.365
complex.495.pdb	0	13.007	27.917
complex.496.pdb	0	7.823	13.885
complex.497.pdb	0	11.492	26.337
complex.498.pdb	0.0784314	9.091	21.620
complex.499.pdb	0	13.806	39.796
complex.500.pdb	0	12.961	23.751
complex.501.pdb	0.0196078	12.240	23.820
complex.502.pdb	0.0392157	11.350	19.553
complex.503.pdb	0	15.135	50.295
complex.504.pdb	0	9.401	17.590
complex.505.pdb	0	9.210	25.794
complex.506.pdb	0	12.762	26.525
complex.507.pdb	0	14.359	30.220
complex.508.pdb	0.0196078	7.914	20.488
complex.509.pdb	0	13.094	39.855
complex.510.pdb	0.0196078	8.645	15.911
complex.511.pdb	0	8.692	19.556
complex.512.pdb	0	11.890	47.472
complex.513.pdb	0.0196078	9.854	18.666
complex.514.pdb	0	9.792	29.951
complex.515.pdb	0	10.947	41.643
complex.516.pdb	0	9.686	20.784
complex.517.pdb	0	12.362	34.829
complex.518.pdb	0	9.573	29.618
complex.519.pdb	0.0392157	7.796	21.132
complex.520.pdb	0	11.445	47.033
complex.521.pdb	0	12.617	24.194
complex.522.pdb	0	10.336	40.867
complex.523.pdb	0	11.898	40.881
complex.524.pdb	0.0196078	6.229	19.447
complex.525.pdb	0	10.931	45.195
complex.526.pdb	0	11.619	45.254
complex.527.pdb	0	11.178	43.707
complex.528.pdb	0	13.573	46.040
complex.529.pdb	0	11.064	41.288
complex.530.pdb	0	14.299	47.673
complex.531.pdb	0	12.198	26.702
complex.532.pdb	0	13.043	33.811
complex.533.pdb	0	9.025	16.030
complex.534.pdb	0.0196078	11.435	35.729
complex.535.pdb	0	11.672	25.056
complex.536.pdb	0.0196078	8.052	18.916
complex.537.pdb	0.0196078	6.686	19.310
complex.538.pdb	0	13.371	23.945
complex.539.pdb	0.0196078	11.369	37.258
complex.540.pdb	0	12.613	48.540
complex.541.pdb	0.0392157	11.852	20.366
complex.542.pdb	0.0196078	11.448	21.830
complex.543.pdb	0	14.700	46.753
complex.544.pdb	0	11.547	44.767
complex.545.pdb	0	13.515	44.341
complex.546.pdb	0	8.964	15.690
complex.547.pdb	0	8.813	22.325
complex.548.pdb	0.0392157	11.860	23.640
complex.549.pdb	0	12.212	37.356
complex.550.pdb	0.0588235	12.362	26.379
complex.551.pdb	0.0392157	12.071	35.446
complex.552.pdb	0.0196078	10.049	25.406
complex.553.pdb	0	13.143	45.077
complex.554.pdb	0.0392157	11.291	26.098
complex.555.pdb	0	10.905	34.135
complex.556.pdb	0	12.562	43.108
complex.557.pdb	0	7.346	19.361
complex.558.pdb	0	12.562	37.221
complex.559.pdb	0	9.463	17.814
complex.560.pdb	0	13.713	30.326
complex.561.pdb	0	10.237	39.566
complex.562.pdb	0.0784314	8.598	23.238
complex.563.pdb	0	13.719	39.116
complex.564.pdb	0	11.167	49.486
complex.565.pdb	0	10.846	46.820
complex.566.pdb	0	9.190	16.478
complex.567.pdb	0.117647	10.320	27.063
complex.568.pdb	0.0196078	8.364	20.636
complex.569.pdb	0.0196078	8.978	16.251
complex.570.pdb	0.0392157	10.982	20.861
complex.571.pdb	0.0196078	7.582	15.361
complex.572.pdb	0.0588235	11.936	23.202
complex.573.pdb	0	13.347	37.748
complex.574.pdb	0	11.858	50.142
complex.575.pdb	0	14.023	33.993
complex.576.pdb	0	11.796	52.966
complex.577.pdb	0	5.818	10.304
complex.578.pdb	0	11.903	44.285
complex.579.pdb	0	12.716	32.152
complex.580.pdb	0	13.330	27.971
complex.581.pdb	0	14.368	49.682
complex.582.pdb	0	12.234	48.343
complex.583.pdb	0	5.887	12.363
complex.584.pdb	0.0392157	10.132	28.774
complex.585.pdb	0	12.216	35.664
complex.586.pdb	0	8.422	23.252
complex.587.pdb	0	14.292	41.892
complex.588.pdb	0	11.149	21.216
complex.589.pdb	0	12.976	42.972
complex.590.pdb	0.0196078	9.473	17.178
complex.591.pdb	0	7.524	17.644
complex.592.pdb	0	13.205	43.700
complex.593.pdb	0	8.987	20.186
complex.594.pdb	0	10.974	47.810
complex.595.pdb	0	9.183	19.615
complex.596.pdb	0.0588235	12.533	40.055
complex.597.pdb	0.0196078	10.637	27.559
complex.598.pdb	0.0588235	12.515	23.411
complex.599.pdb	0	8.131	23.423
complex.600.pdb	0	11.158	45.475
complex.601.pdb	0	14.145	30.827
complex.602.pdb	0.0196078	11.694	42.015
complex.603.pdb	0	11.838	27.176
complex.604.pdb	0.0196078	11.131	21.034
complex.605.pdb	0	9.562	33.108
complex.606.pdb	0.0588235	9.199	25.940
complex.607.pdb	0	13.871	43.714
complex.608.pdb	0	9.226	22.037
complex.609.pdb	0	13.772	46.190
complex.610.pdb	0	13.965	33.594
complex.611.pdb	0	12.494	31.736
complex.612.pdb	0	11.688	23.380
complex.613.pdb	0	9.285	16.389
complex.614.pdb	0.0196078	9.835	24.999
complex.615.pdb	0	9.661	39.588
complex.616.pdb	0	11.949	52.782
complex.617.pdb	0	11.650	39.061
complex.618.pdb	0	13.935	39.057
complex.619.pdb	0	9.544	24.071
complex.620.pdb	0	11.586	22.398
complex.621.pdb	0.0784314	6.239	14.763
complex.622.pdb	0	9.278	34.284
complex.623.pdb	0	13.199	32.004
complex.624.pdb	0	9.567	35.315
complex.625.pdb	0	13.228	30.356
complex.626.pdb	0	13.716	40.018
complex.627.pdb	0.0392157	8.268	22.761
complex.628.pdb	0	13.524	34.413
complex.629.pdb	0	8.784	21.173
complex.630.pdb	0	11.982	38.888
complex.631.pdb	0	11.895	25.974
complex.632.pdb	0	14.728	40.541
complex.633.pdb	0	10.713	44.747
complex.634.pdb	0	14.873	38.342
complex.635.pdb	0	12.654	38.521
complex.636.pdb	0	9.698	24.718
complex.637.pdb	0	11.118	23.409
complex.638.pdb	0	15.631	52.145
complex.639.pdb	0	12.761	21.847
complex.640.pdb	0.0392157	11.057	25.985
complex.641.pdb	0.0196078	11.751	24.196
complex.642.pdb	0	14.969	40.802
complex.643.pdb	0.0196078	11.792	42.633
complex.644.pdb	0	11.778	22.874
complex.645.pdb	0	10.867	38.295
complex.646.pdb	0	11.984	45.919
complex.647.pdb	0	13.004	43.967
complex.648.pdb	0	8.966	20.655
complex.649.pdb	0	9.033	32.111
complex.650.pdb	0.0588235	7.145	19.640
complex.651.pdb	0	11.107	45.092
complex.652.pdb	0	11.877	46.251
complex.653.pdb	0	9.494	19.465
complex.654.pdb	0	11.228	49.521
complex.655.pdb	0	10.836	38.455
complex.656.pdb	0	13.287	22.785
complex.657.pdb	0	13.878	43.202
complex.658.pdb	0.0196078	9.569	26.799
complex.659.pdb	0	12.207	48.947
complex.660.pdb	0	11.762	45.622
complex.661.pdb	0.0392157	8.227	24.313
complex.662.pdb	0.0196078	11.786	25.209
complex.663.pdb	0	10.025	21.404
complex.664.pdb	0.0392157	6.785	18.520
complex.665.pdb	0.0392157	12.708	22.562
complex.666.pdb	0	12.764	38.435
complex.667.pdb	0.0588235	13.377	38.492
complex.668.pdb	0	9.139	15.988
complex.669.pdb	0	13.850	31.491
complex.670.pdb	0	11.068	44.899
complex.671.pdb	0.0392157	8.901	21.775
complex.672.pdb	0	14.125	44.183
complex.673.pdb	0	12.959	29.545
complex.674.pdb	0	11.494	48.430
complex.675.pdb	0	10.099	31.643
complex.676.pdb	0	12.576	26.705
complex.677.pdb	0.0392157	10.027	19.377
complex.678.pdb	0	11.297	44.509
complex.679.pdb	0.0196078	10.708	20.414
complex.680.pdb	0.0196078	14.848	29.805
complex.681.pdb	0	14.051	29.451
complex.682.pdb	0	11.323	23.452
complex.683.pdb	0.0392157	11.806	31.566
complex.684.pdb	0	13.753	39.300
complex.685.pdb	0	9.658	35.933
complex.686.pdb	0	12.089	20.952
complex.687.pdb	0	10.677	42.783
complex.688.pdb	0	11.719	28.981
complex.689.pdb	0	8.765	18.353
complex.690.pdb	0.0392157	12.045	30.477
complex.691.pdb	0.0588235	7.760	17.533
complex.692.pdb	0	12.908	24.471
complex.693.pdb	0	13.825	51.708
complex.694.pdb	0	10.400	25.818
complex.695.pdb	0	12.084	42.724
complex.696.pdb	0	7.745	22.286
complex.697.pdb	0	13.157	42.971
complex.698.pdb	0	8.045	21.715
complex.699.pdb	0	13.649	54.998
complex.700.pdb	0	10.520	30.788
complex.701.pdb	0	10.494	30.504
complex.702.pdb	0.0196078	10.732	25.848
complex.703.pdb	0.0392157	12.210	25.242
complex.704.pdb	0	14.072	45.355
complex.705.pdb	0	12.104	38.079
complex.706.pdb	0	11.699	34.767
complex.707.pdb	0	12.970	35.605
complex.708.pdb	0.0196078	11.157	23.228
complex.709.pdb	0	15.806	50.543
complex.710.pdb	0.0392157	10.931	21.882
complex.711.pdb	0.0196078	10.336	18.420
complex.712.pdb	0	10.860	44.370
complex.713.pdb	0.0784314	7.634	20.285
complex.714.pdb	0	8.644	17.494
complex.715.pdb	0	14.796	46.654
complex.716.pdb	0	14.319	34.047
complex.717.pdb	0	11.658	32.042
complex.718.pdb	0.0392157	11.539	26.220
complex.719.pdb	0	14.655	49.853
complex.720.pdb	0.0784314	10.956	25.601
complex.721.pdb	0	12.893	40.136
complex.722.pdb	0	12.862	40.234
complex.723.pdb	0.0196078	10.851	23.769
complex.724.pdb	0	10.851	43.734
complex.725.pdb	0	10.435	19.767
complex.726.pdb	0.0588235	11.455	23.091
complex.727.pdb	0	14.356	40.415
complex.728.pdb	0	11.797	37.937
complex.729.pdb	0.0588235	8.573	35.041
complex.730.pdb	0	14.818	48.567
complex.731.pdb	0.0196078	11.484	21.564
complex.732.pdb	0	13.724	40.150
complex.733.pdb	0	13.465	32.314
complex.734.pdb	0	13.741	45.424
complex.735.pdb	0	9.425	23.968
complex.736.pdb	0	11.438	44.174
complex.737.pdb	0	13.316	54.612
complex.738.pdb	0	11.845	44.906
complex.739.pdb	0	8.456	15.887
complex.740.pdb	0	9.483	24.881
complex.741.pdb	0	13.335	26.839
complex.742.pdb	0	11.301	30.283
complex.743.pdb	0	10.502	31.330
complex.744.pdb	0.0196078	12.009	37.039
complex.745.pdb	0	8.661	27.287
complex.746.pdb	0	12.063	47.390
complex.747.pdb	0.0196078	8.812	20.860
complex.748.pdb	0.0196078	12.495	30.664
complex.749.pdb	0.0392157	8.264	21.299
complex.750.pdb	0	9.148	23.575
complex.751.pdb	0	13.119	38.088
complex.752.pdb	0	8.863	22.070
complex.753.pdb	0	12.536	32.826
complex.754.pdb	0	11.529	34.094
complex.755.pdb	0	13.141	54.101
complex.756.pdb	0	9.506	34.001
complex.757.pdb	0	12.016	31.636
complex.758.pdb	0	12.490	46.430
complex.759.pdb	0	8.335	18.903
complex.760.pdb	0.0196078	9.934	28.530
complex.761.pdb	0	9.042	24.801
complex.762.pdb	0.0392157	9.781	25.016
complex.763.pdb	0	9.490	26.351
complex.764.pdb	0	8.963	31.422
complex.765.pdb	0	10.045	21.968
complex.766.pdb	0	12.216	23.433
complex.767.pdb	0	11.506	32.000
complex.768.pdb	0	11.935	46.229
complex.769.pdb	0.0392157	9.202	18.647
complex.770.pdb	0	12.060	35.397
complex.771.pdb	0	12.047	34.114
complex.772.pdb	0	10.112	42.078
complex.773.pdb	0	14.125	45.106
complex.774.pdb	0	12.021	38.548
complex.775.pdb	0	10.722	42.388
complex.776.pdb	0	11.405	20.795
complex.777.pdb	0.0196078	7.470	21.366
complex.778.pdb	0	7.860	13.699
complex.779.pdb	0	8.200	21.228
complex.780.pdb	0	13.940	48.610
complex.781.pdb	0.0588235	9.641	24.637
complex.782.pdb	0	12.959	22.942
complex.783.pdb	0.0196078	11.222	37.294
complex.784.pdb	0	10.869	42.537
complex.785.pdb	0	11.875	40.752
complex.786.pdb	0	12.516	41.986
complex.787.pdb	0	9.456	16.179
complex.788.pdb	0	9.548	20.464
complex.789.pdb	0.0392157	12.153	28.127
complex.790.pdb	0	12.846	27.065
complex.791.pdb	0	8.140	22.211
complex.792.pdb	0	13.957	30.915
complex.793.pdb	0	10.952	30.385
complex.794.pdb	0	15.089	49.136
complex.795.pdb	0	13.519	31.065
complex.796.pdb	0.0784314	6.781	19.697
complex.797.pdb	0	12.384	37.864
complex.798.pdb	0	10.465	22.743
complex.799.pdb	0	10.442	23.211
complex.800.pdb	0	14.378	44.942
complex.801.pdb	0	9.698	25.261
complex.802.pdb	0	13.181	39.342
complex.803.pdb	0	9.366	15.508
complex.804.pdb	0	8.812	16.181
complex.805.pdb	0	14.911	52.075
complex.806.pdb	0.0196078	10.367	17.037
complex.807.pdb	0	13.587	33.734
complex.808.pdb	0	12.693	38.353
complex.809.pdb	0.0392157	10.104	24.735
complex.810.pdb	0	9.390	21.244
complex.811.pdb	0	10.741	37.673
complex.812.pdb	0.0588235	6.274	16.628
complex.813.pdb	0	11.197	44.965
complex.814.pdb	0	8.462	23.298
complex.815.pdb	0.0392157	7.913	19.465
complex.816.pdb	0.0196078	10.745	18.194
complex.817.pdb	0.0392157	7.118	17.207
complex.818.pdb	0	13.030	33.513
complex.819.pdb	0	14.093	43.491
complex.820.pdb	0	14.217	43.469
complex.821.pdb	0	13.868	28.110
complex.822.pdb	0	11.032	28.071
complex.823.pdb	0.0392157	10.619	22.134
complex.824.pdb	0	8.947	17.712
complex.825.pdb	0	10.363	41.233
complex.826.pdb	0	14.309	50.387
complex.827.pdb	0	10.683	19.618
complex.828.pdb	0	8.353	13.718
complex.829.pdb	0	13.385	44.947
complex.830.pdb	0	11.435	34.347
complex.831.pdb	0	13.719	35.449
complex.832.pdb	0	12.680	23.360
complex.833.pdb	0	13.691	35.690
complex.834.pdb	0	13.469	32.113
complex.835.pdb	0	14.072	37.858
complex.836.pdb	0	7.665	21.930
complex.837.pdb	0	13.780	34.531
complex.838.pdb	0.0196078	11.166	28.546
complex.839.pdb	0.117647	10.609	24.534
complex.840.pdb	0	7.864	15.305
complex.841.pdb	0	9.902	36.987
complex.842.pdb	0	12.224	30.755
complex.843.pdb	0	10.077	34.419
complex.844.pdb	0	11.137	34.330
complex.845.pdb	0	14.015	37.901
complex.846.pdb	0	12.591	51.199
complex.847.pdb	0	13.456	27.403
complex.848.pdb	0.0196078	7.368	22.537
complex.849.pdb	0.0196078	10.919	32.730
complex.850.pdb	0	14.099	29.465
complex.851.pdb	0	13.915	43.507
complex.852.pdb	0.0196078	10.820	19.057
complex.853.pdb	0	8.925	17.098
complex.854.pdb	0	12.825	21.997
complex.855.pdb	0	11.284	34.764
complex.856.pdb	0	15.101	47.404
complex.857.pdb	0	9.072	14.613
complex.858.pdb	0	13.335	36.018
complex.859.pdb	0	13.623	37.668
complex.860.pdb	0	11.718	34.245
complex.861.pdb	0	9.626	19.246
complex.862.pdb	0	11.536	44.167
complex.863.pdb	0	13.739	32.892
complex.864.pdb	0	12.317	22.503
complex.865.pdb	0.0196078	12.318	21.995
complex.866.pdb	0	12.675	32.413
complex.867.pdb	0.137255	7.141	22.384
complex.868.pdb	0	11.829	29.490
complex.869.pdb	0	14.917	49.529
complex.870.pdb	0.117647	10.198	20.916
complex.871.pdb	0.0196078	11.233	29.614
complex.872.pdb	0	11.329	29.416
complex.873.pdb	0	13.831	42.510
complex.874.pdb	0	8.909	16.539
complex.875.pdb	0.0196078	12.229	32.065
complex.876.pdb	0	11.322	27.464
complex.877.pdb	0	12.340	39.460
complex.878.pdb	0	12.017	31.988
complex.879.pdb	0	14.118	39.953
complex.880.pdb	0	10.055	19.456
complex.881.pdb	0.0196078	10.336	30.638
complex.882.pdb	0	12.704	24.249
complex.883.pdb	0	11.235	35.914
complex.884.pdb	0.0392157	11.196	18.904
complex.885.pdb	0	10.647	29.153
complex.886.pdb	0	12.764	24.673
complex.887.pdb	0	13.307	30.534
complex.888.pdb	0	10.190	28.336
complex.889.pdb	0	12.065	29.874
complex.890.pdb	0	12.219	27.415
complex.891.pdb	0.0980392	13.162	35.834
complex.892.pdb	0.0392157	12.236	24.572
complex.893.pdb	0	8.048	15.749
complex.894.pdb	0	10.674	44.160
complex.895.pdb	0	12.689	45.477
complex.896.pdb	0	9.861	28.512
complex.897.pdb	0.0392157	13.907	36.423
complex.898.pdb	0.0588235	12.664	33.762
complex.899.pdb	0	11.782	31.847
complex.900.pdb	0	8.262	14.424
complex.901.pdb	0	11.195	46.617
complex.902.pdb	0	8.081	15.010
complex.903.pdb	0.0392157	12.034	26.947
complex.904.pdb	0	11.186	47.708
complex.905.pdb	0	11.653	52.107
complex.906.pdb	0	8.963	21.419
complex.907.pdb	0	12.976	33.090
complex.908.pdb	0	13.418	40.778
complex.909.pdb	0	11.841	31.065
complex.910.pdb	0.0392157	10.407	25.137
complex.911.pdb	0	12.019	21.582
complex.912.pdb	0	12.316	35.386
complex.913.pdb	0	7.528	20.718
complex.914.pdb	0	13.272	42.616
complex.915.pdb	0.0392157	6.477	11.993
complex.916.pdb	0.0980392	9.218	25.325
complex.917.pdb	0.0392157	6.875	16.437
complex.918.pdb	0	13.569	36.543
complex.919.pdb	0	14.166	36.627
complex.920.pdb	0	13.186	39.072
complex.921.pdb	0	12.391	45.772
complex.922.pdb	0	9.075	28.466
complex.923.pdb	0	11.683	47.855
complex.924.pdb	0.0196078	7.378	19.643
complex.925.pdb	0	10.961	43.232
complex.926.pdb	0.0196078	10.673	35.620
complex.927.pdb	0.0196078	10.981	28.580
complex.928.pdb	0.0392157	13.723	46.821
complex.929.pdb	0	11.039	45.467
complex.930.pdb	0.0196078	12.234	23.734
complex.931.pdb	0	12.229	27.388
complex.932.pdb	0	11.559	31.963
complex.933.pdb	0.0196078	10.133	25.228
complex.934.pdb	0	7.679	15.544
complex.935.pdb	0	12.390	42.272
complex.936.pdb	0	9.475	22.003
complex.937.pdb	0	12.408	27.301
complex.938.pdb	0	8.201	19.243
complex.939.pdb	0	10.167	42.780
complex.940.pdb	0	11.691	42.479
complex.941.pdb	0.0196078	10.927	37.299
complex.942.pdb	0	12.773	25.225
complex.943.pdb	0.0196078	10.232	29.265
complex.944.pdb	0	9.561	33.866
complex.945.pdb	0	13.406	41.827
complex.946.pdb	0	11.405	46.196
complex.947.pdb	0	11.234	34.834
complex.948.pdb	0.0588235	7.962	18.953
complex.949.pdb	0	12.978	27.004
complex.950.pdb	0	12.838	53.523
complex.951.pdb	0	9.417	34.233
complex.952.pdb	0.0392157	10.023	23.399
complex.953.pdb	0	13.087	41.896
complex.954.pdb	0	8.483	26.731
complex.955.pdb	0	12.700	29.741
complex.956.pdb	0.0588235	8.812	23.656
complex.957.pdb	0	9.583	22.025
complex.958.pdb	0	7.922	17.083
complex.959.pdb	0	14.338	44.588
complex.960.pdb	0	10.769	22.065
complex.961.pdb	0.0196078	11.741	36.784
complex.962.pdb	0	7.438	21.580
complex.963.pdb	0	11.929	51.346
complex.964.pdb	0	9.405	18.285
complex.965.pdb	0.0196078	12.484	39.645
complex.966.pdb	0	12.313	29.339
complex.967.pdb	0	12.649	21.901
complex.968.pdb	0	15.643	53.729
complex.969.pdb	0	9.909	19.209
complex.970.pdb	0.0196078	11.901	35.549
complex.971.pdb	0	10.581	27.954
complex.972.pdb	0	13.855	36.831
complex.973.pdb	0	13.599	30.006
complex.974.pdb	0	8.936	18.739
complex.975.pdb	0	12.120	29.848
complex.976.pdb	0	8.784	16.446
complex.977.pdb	0	13.295	31.846
complex.978.pdb	0	8.116	19.695
complex.979.pdb	0	11.018	40.963
complex.980.pdb	0.0196078	7.293	19.226
complex.981.pdb	0	8.802	19.076
complex.982.pdb	0	8.798	26.450
complex.983.pdb	0.0392157	7.990	16.020
complex.984.pdb	0	8.943	14.639
complex.985.pdb	0.0196078	12.127	31.200
complex.986.pdb	0	7.100	20.829
complex.987.pdb	0.0196078	7.786	20.855
complex.988.pdb	0	13.409	41.504
complex.989.pdb	0	10.554	23.943
complex.990.pdb	0	8.971	15.318
complex.991.pdb	0	11.633	44.630
complex.992.pdb	0	12.250	31.327
complex.993.pdb	0.0196078	6.795	19.175
complex.994.pdb	0	12.863	24.680
complex.995.pdb	0	10.977	27.264
complex.996.pdb	0	12.283	30.095
complex.997.pdb	0	12.616	34.079
complex.998.pdb	0	11.407	48.869
complex.999.pdb	0	7.356	20.662
complex.1000.pdb	0	11.191	43.366
complex.1001.pdb	0.0196078	11.697	27.774
complex.1002.pdb	0	10.852	42.294
complex.1003.pdb	0	12.155	35.168
complex.1004.pdb	0.0196078	7.329	19.008
complex.1005.pdb	0.0392157	13.550	38.337
complex.1006.pdb	0	15.475	50.938
complex.1007.pdb	0	9.376	18.111
complex.1008.pdb	0	12.618	46.258
complex.1009.pdb	0	14.885	50.950
complex.1010.pdb	0	12.149	24.412
complex.1011.pdb	0	10.468	33.645
complex.1012.pdb	0.0196078	12.796	28.104
complex.1013.pdb	0	13.184	54.097
complex.1014.pdb	0	7.902	18.575
complex.1015.pdb	0	14.101	41.587
complex.1016.pdb	0.0196078	9.776	28.034
complex.1017.pdb	0	10.788	26.763
complex.1018.pdb	0	12.174	47.453
complex.1019.pdb	0.0196078	11.762	25.059
complex.1020.pdb	0	14.729	46.303
complex.1021.pdb	0	13.078	25.811
complex.1022.pdb	0	14.056	42.876
complex.1023.pdb	0	9.371	16.022
complex.1024.pdb	0	15.150	45.018
complex.1025.pdb	0	12.293	53.788
complex.1026.pdb	0.0196078	5.492	9.066
complex.1027.pdb	0.0392157	12.536	22.507
complex.1028.pdb	0	8.925	24.546
complex.1029.pdb	0	13.776	34.073
complex.1030.pdb	0	8.218	22.633
complex.1031.pdb	0	15.183	48.635
complex.1032.pdb	0	13.035	53.652
complex.1033.pdb	0	14.773	40.997
complex.1034.pdb	0	9.155	21.726
complex.1035.pdb	0.0784314	12.252	21.532
complex.1036.pdb	0	13.326	41.025
complex.1037.pdb	0.0392157	9.045	23.177
complex.1038.pdb	0.0196078	10.667	17.741
complex.1039.pdb	0	12.158	30.342
complex.1040.pdb	0.0196078	10.119	35.236
complex.1041.pdb	0.0196078	7.532	21.708
complex.1042.pdb	0.0196078	11.184	26.666
complex.1043.pdb	0	12.523	43.860
complex.1044.pdb	0	8.419	19.392
complex.1045.pdb	0.0196078	11.407	19.739
complex.1046.pdb	0.0196078	12.385	24.726
complex.1047.pdb	0	11.710	19.727
complex.1048.pdb	0	9.943	37.564
complex.1049.pdb	0	15.444	51.911
complex.1050.pdb	0	14.942	50.740
complex.1051.pdb	0	11.446	38.551
complex.1052.pdb	0	12.755	33.725
complex.1053.pdb	0	12.346	22.552
complex.1054.pdb	0.0392157	12.587	25.278
complex.1055.pdb	0	11.127	46.899
complex.1056.pdb	0	12.099	38.879
complex.1057.pdb	0	12.199	41.277
complex.1058.pdb	0	7.882	21.918
complex.1059.pdb	0	8.740	28.531
complex.1060.pdb	0	12.841	35.552
complex.1061.pdb	0.0588235	11.055	33.424
complex.1062.pdb	0	11.247	34.294
complex.1063.pdb	0	11.279	48.963
complex.1064.pdb	0	12.243	35.157
complex.1065.pdb	0	8.810	30.725
complex.1066.pdb	0.0196078	8.100	16.823
complex.1067.pdb	0	11.741	48.986
complex.1068.pdb	0.0196078	10.344	25.964
complex.1069.pdb	0.0588235	9.646	24.985
complex.1070.pdb	0.0392157	11.924	20.108
complex.1071.pdb	0.0392157	10.973	19.722
complex.1072.pdb	0	12.458	43.721
complex.1073.pdb	0	7.748	12.721
complex.1074.pdb	0	7.863	22.393
complex.1075.pdb	0	11.193	45.748
complex.1076.pdb	0	12.122	32.510
complex.1077.pdb	0.0196078	11.105	40.823
complex.1078.pdb	0.0196078	8.182	26.007
complex.1079.pdb	0	11.881	37.022
complex.1080.pdb	0	11.951	50.333
complex.1081.pdb	0	14.283	39.259
complex.1082.pdb	0.0196078	11.180	26.390
complex.1083.pdb	0.0196078	14.174	31.922
complex.1084.pdb	0.0196078	11.199	21.612
complex.1085.pdb	0	12.021	35.515
complex.1086.pdb	0	12.133	35.476
complex.1087.pdb	0	9.223	22.092
complex.1088.pdb	0	9.889	35.768
complex.1089.pdb	0	9.280	20.834
complex.1090.pdb	0	13.664	30.595
complex.1091.pdb	0.0392157	11.858	22.551
complex.1092.pdb	0	11.913	52.652
complex.1093.pdb	0.0588235	6.951	24.138
complex.1094.pdb	0	14.440	55.356
complex.1095.pdb	0	12.655	38.045
complex.1096.pdb	0	10.855	43.392
complex.1097.pdb	0	11.857	44.184
complex.1098.pdb	0.0196078	7.856	22.783
complex.1099.pdb	0	9.379	19.375
complex.1100.pdb	0.0196078	11.236	35.889
complex.1101.pdb	0	12.844	52.313
complex.1102.pdb	0.117647	10.701	26.266
complex.1103.pdb	0	9.568	21.175
complex.1104.pdb	0	12.380	33.881
complex.1105.pdb	0	7.770	14.214
complex.1106.pdb	0	12.457	27.882
complex.1107.pdb	0.0588235	15.281	45.500
complex.1108.pdb	0	12.920	49.391
complex.1109.pdb	0	13.667	37.541
complex.1110.pdb	0	12.247	35.846
complex.1111.pdb	0.0392157	11.196	26.548
complex.1112.pdb	0	10.501	27.414
complex.1113.pdb	0.0784314	9.403	34.294
complex.1114.pdb	0.0196078	11.933	29.503
complex.1115.pdb	0	10.963	30.807
complex.1116.pdb	0.0196078	11.117	29.548
complex.1117.pdb	0	12.648	48.487
complex.1118.pdb	0	13.900	44.756
complex.1119.pdb	0	14.348	31.022
complex.1120.pdb	0.0392157	12.547	27.225
complex.1121.pdb	0	13.960	42.453
complex.1122.pdb	0	8.790	20.555
complex.1123.pdb	0.0196078	8.845	23.531
complex.1124.pdb	0.0196078	10.888	23.116
complex.1125.pdb	0	11.546	20.778
complex.1126.pdb	0.0196078	12.599	24.465
complex.1127.pdb	0	13.645	35.574
complex.1128.pdb	0	13.435	38.652
complex.1129.pdb	0	12.789	37.235
complex.1130.pdb	0	11.727	23.191
complex.1131.pdb	0	10.967	41.062
complex.1132.pdb	0.137255	6.512	19.699
complex.1133.pdb	0	10.582	28.897
complex.1134.pdb	0	14.306	51.091
complex.1135.pdb	0	13.029	50.250
complex.1136.pdb	0.0196078	11.007	29.729
complex.1137.pdb	0	10.231	32.477
complex.1138.pdb	0	12.707	33.813
complex.1139.pdb	0	11.199	31.982
complex.1140.pdb	0	9.822	23.459
complex.1141.pdb	0.0196078	10.974	24.422
complex.1142.pdb	0	11.798	27.311
complex.1143.pdb	0	10.142	37.906
complex.1144.pdb	0	13.307	31.807
complex.1145.pdb	0.0196078	7.352	25.280
complex.1146.pdb	0.0196078	6.424	19.538
complex.1147.pdb	0	11.071	39.177
complex.1148.pdb	0	11.533	28.538
complex.1149.pdb	0	12.235	49.320
complex.1150.pdb	0.0196078	12.947	36.863
complex.1151.pdb	0	12.474	42.707
complex.1152.pdb	0	15.276	52.849
complex.1153.pdb	0	9.586	22.406
complex.1154.pdb	0	12.928	22.899
complex.1155.pdb	0	13.372	43.375
complex.1156.pdb	0	6.539	15.210
complex.1157.pdb	0.0392157	13.347	35.378
complex.1158.pdb	0.0196078	12.480	25.401
complex.1159.pdb	0	14.808	51.731
complex.1160.pdb	0	13.084	46.896
complex.1161.pdb	0.0196078	9.183	17.328
complex.1162.pdb	0	11.926	38.587
complex.1163.pdb	0.0196078	8.432	20.148
complex.1164.pdb	0	12.362	54.116
complex.1165.pdb	0	11.991	48.095
complex.1166.pdb	0	12.187	34.089
complex.1167.pdb	0	11.767	33.539
complex.1168.pdb	0	10.404	26.596
complex.1169.pdb	0	10.233	43.913
complex.1170.pdb	0.0196078	7.937	21.311
complex.1171.pdb	0.0196078	13.328	26.330
complex.1172.pdb	0	11.942	33.810
complex.1173.pdb	0.0196078	11.380	27.982
complex.1174.pdb	0.0196078	12.018	24.443
complex.1175.pdb	0	8.751	30.173
complex.1176.pdb	0	9.487	30.140
complex.1177.pdb	0.0196078	7.291	18.917
complex.1178.pdb	0.0196078	11.269	20.196
complex.1179.pdb	0.0392157	11.400	31.770
complex.1180.pdb	0	14.480	36.114
complex.1181.pdb	0	12.882	22.371
complex.1182.pdb	0	12.264	49.023
complex.1183.pdb	0	12.978	26.325
complex.1184.pdb	0	10.098	27.098
complex.1185.pdb	0	8.912	24.026
complex.1186.pdb	0	13.450	29.984
complex.1187.pdb	0	12.684	24.867
complex.1188.pdb	0	9.924	22.398
complex.1189.pdb	0	12.847	23.298
complex.1190.pdb	0	10.704	22.433
complex.1191.pdb	0	9.641	20.707
complex.1192.pdb	0.0588235	7.262	17.275
complex.1193.pdb	0	7.667	23.382
complex.1194.pdb	0	14.208	54.409
complex.1195.pdb	0	13.315	22.334
complex.1196.pdb	0	14.043	45.478
complex.1197.pdb	0	13.922	45.600
complex.1198.pdb	0.0588235	7.278	18.568
complex.1199.pdb	0.0196078	11.324	41.459
complex.1200.pdb	0.0196078	11.355	29.475
complex.1201.pdb	0	10.576	45.143
complex.1202.pdb	0	12.507	45.666
complex.1203.pdb	0	11.265	34.077
complex.1204.pdb	0	9.445	23.065
complex.1205.pdb	0.0196078	10.264	22.128
complex.1206.pdb	0	10.777	46.683
complex.1207.pdb	0	14.599	37.492
complex.1208.pdb	0	12.620	33.927
complex.1209.pdb	0	11.398	46.279
complex.1210.pdb	0.117647	11.381	24.296
complex.1211.pdb	0.0196078	11.451	33.015
complex.1212.pdb	0	11.836	37.775
complex.1213.pdb	0	9.967	21.590
complex.1214.pdb	0.0196078	7.312	16.283
complex.1215.pdb	0	9.590	19.476
complex.1216.pdb	0.0196078	11.958	23.238
complex.1217.pdb	0	13.837	40.602
complex.1218.pdb	0	11.486	19.278
complex.1219.pdb	0	13.953	30.007
complex.1220.pdb	0	9.267	18.714
complex.1221.pdb	0	12.364	37.833
complex.1222.pdb	0.0588235	8.454	19.151
complex.1223.pdb	0	9.482	21.033
complex.1224.pdb	0	13.601	53.114
complex.1225.pdb	0.176471	4.703	17.659
complex.1226.pdb	0.0196078	10.905	29.370
complex.1227.pdb	0	12.000	30.274
complex.1228.pdb	0	12.596	34.690
complex.1229.pdb	0.0196078	11.742	27.858
complex.1230.pdb	0	10.818	35.564
complex.1231.pdb	0	12.879	30.307
complex.1232.pdb	0	9.994	21.599
complex.1233.pdb	0	9.180	31.494
complex.1234.pdb	0.0196078	13.149	33.371
complex.1235.pdb	0	11.133	40.243
complex.1236.pdb	0.0392157	11.788	34.332
complex.1237.pdb	0	10.002	18.025
complex.1238.pdb	0.0196078	11.298	31.430
complex.1239.pdb	0	11.674	51.736
complex.1240.pdb	0	12.128	49.293
complex.1241.pdb	0	9.716	21.620
complex.1242.pdb	0	10.644	22.522
complex.1243.pdb	0	11.554	45.247
complex.1244.pdb	0	13.865	37.114
complex.1245.pdb	0	10.629	30.107
complex.1246.pdb	0	11.479	35.932
complex.1247.pdb	0.0196078	7.658	22.566
complex.1248.pdb	0	14.608	46.291
complex.1249.pdb	0	12.435	24.910
complex.1250.pdb	0	12.562	28.299
complex.1251.pdb	0	11.624	25.599
complex.1252.pdb	0.0196078	9.675	17.006
complex.1253.pdb	0	13.127	43.627
complex.1254.pdb	0	15.738	51.180
complex.1255.pdb	0	13.754	43.745
complex.1256.pdb	0.0784314	9.536	21.873
complex.1257.pdb	0	9.203	25.140
complex.1258.pdb	0.137255	5.271	19.929
complex.1259.pdb	0	12.905	27.718
complex.1260.pdb	0	12.962	29.920
complex.1261.pdb	0.0196078	12.024	21.502
complex.1262.pdb	0	12.363	36.845
complex.1263.pdb	0	13.216	31.434
complex.1264.pdb	0	13.099	45.808
complex.1265.pdb	0	12.533	35.218
complex.1266.pdb	0	12.924	49.867
complex.1267.pdb	0	11.530	30.942
complex.1268.pdb	0	10.611	39.417
complex.1269.pdb	0	12.679	49.774
complex.1270.pdb	0	15.161	48.156
complex.1271.pdb	0	10.458	38.387
complex.1272.pdb	0	11.752	48.982
complex.1273.pdb	0	12.831	39.641
complex.1274.pdb	0	7.834	16.823
complex.1275.pdb	0	13.419	48.667
complex.1276.pdb	0	13.026	49.331
complex.1277.pdb	0	14.254	53.365
complex.1278.pdb	0.0392157	5.741	10.453
complex.1279.pdb	0	12.508	50.313
complex.1280.pdb	0	14.501	56.521
complex.1281.pdb	0	14.144	51.720
complex.1282.pdb	0	10.698	42.223
complex.1283.pdb	0.0196078	11.208	48.737
complex.1284.pdb	0	13.071	41.031
complex.1285.pdb	0	12.817	49.550
complex.1286.pdb	0	15.965	54.260
complex.1287.pdb	0.0392157	9.272	41.489
complex.1288.pdb	0	10.078	31.655
complex.1289.pdb	0	12.657	48.976
complex.1290.pdb	0	13.409	33.864
complex.1291.pdb	0	14.278	55.754
complex.1292.pdb	0	11.469	47.315
complex.1293.pdb	0.117647	8.427	32.831
complex.1294.pdb	0	11.515	29.811
complex.1295.pdb	0.0784314	8.948	31.528
complex.1296.pdb	0	12.689	47.403
complex.1297.pdb	0	11.855	20.902
complex.1298.pdb	0	12.699	50.552
complex.1299.pdb	0	10.852	26.556
complex.1300.pdb	0	14.171	34.834
complex.1301.pdb	0.0196078	11.166	28.530
complex.1302.pdb	0	8.171	15.997
complex.1303.pdb	0	13.131	48.421
complex.1304.pdb	0	12.935	37.053
complex.1305.pdb	0	13.872	28.881
complex.1306.pdb	0	10.966	28.909
complex.1307.pdb	0.0196078	6.785	14.608
complex.1308.pdb	0	10.005	34.032
complex.1309.pdb	0	8.680	20.888
complex.1310.pdb	0.0196078	11.137	31.414
complex.1311.pdb	0	10.878	28.510
complex.1312.pdb	0	12.376	45.838
complex.1313.pdb	0	11.500	51.097
complex.1314.pdb	0	12.061	52.608
complex.1315.pdb	0	11.489	32.084
complex.1316.pdb	0.0196078	11.012	26.277
complex.1317.pdb	0.0588235	8.491	25.671
complex.1318.pdb	0.0196078	12.957	26.401
complex.1319.pdb	0	12.876	31.728
complex.1320.pdb	0	10.922	30.441
complex.1321.pdb	0	12.334	52.807
complex.1322.pdb	0	9.959	25.183
complex.1323.pdb	0	11.949	48.726
complex.1324.pdb	0.0196078	12.959	33.241
complex.1325.pdb	0	12.817	41.698
complex.1326.pdb	0	9.407	20.314
complex.1327.pdb	0	13.958	36.581
complex.1328.pdb	0	15.261	52.003
complex.1329.pdb	0	13.143	47.897
complex.1330.pdb	0	9.580	37.345
complex.1331.pdb	0.0392157	6.428	18.066
complex.1332.pdb	0.0196078	11.832	41.575
complex.1333.pdb	0	11.143	24.940
complex.1334.pdb	0	10.282	23.695
complex.1335.pdb	0.0196078	11.266	33.915
complex.1336.pdb	0.0784314	12.314	28.018
complex.1337.pdb	0.0588235	11.068	33.031
complex.1338.pdb	0	13.891	37.793
complex.1339.pdb	0	11.598	45.565
complex.1340.pdb	0.0392157	11.873	28.887
complex.1341.pdb	0	12.791	44.608
complex.1342.pdb	0	15.083	46.778
complex.1343.pdb	0	10.342	33.263
complex.1344.pdb	0.117647	4.708	16.892
complex.1345.pdb	0.0196078	10.261	31.321
complex.1346.pdb	0	11.424	30.003
complex.1347.pdb	0.0784314	5.403	16.915
complex.1348.pdb	0	11.070	45.037
complex.1349.pdb	0	12.194	28.996
complex.1350.pdb	0	10.897	34.438
complex.1351.pdb	0.0392157	14.970	44.900
complex.1352.pdb	0	12.719	45.486
complex.1353.pdb	0	12.689	42.763
complex.1354.pdb	0	14.167	43.258
complex.1355.pdb	0	13.312	53.359
complex.1356.pdb	0	11.896	53.016
complex.1357.pdb	0	13.955	52.625
complex.1358.pdb	0	10.288	44.219
complex.1359.pdb	0.0392157	8.410	30.290
complex.1360.pdb	0.0196078	7.949	25.468
complex.1361.pdb	0.0196078	14.588	27.869
complex.1362.pdb	0	11.454	47.124
complex.1363.pdb	0	8.514	29.015
complex.1364.pdb	0	11.345	27.752
complex.1365.pdb	0.0196078	7.588	21.645
complex.1366.pdb	0	10.189	25.146
complex.1367.pdb	0	8.265	18.970
complex.1368.pdb	0	13.170	55.919
complex.1369.pdb	0.0196078	11.269	23.084
complex.1370.pdb	0	13.292	27.450
complex.1371.pdb	0	9.588	23.974
complex.1372.pdb	0	13.707	42.445
complex.1373.pdb	0.0392157	11.618	49.735
complex.1374.pdb	0	12.991	26.078
complex.1375.pdb	0	13.386	51.230
complex.1376.pdb	0.0196078	11.169	33.705
complex.1377.pdb	0	11.897	46.723
complex.1378.pdb	0.0196078	11.817	42.505
complex.1379.pdb	0	12.678	53.545
complex.1380.pdb	0.0196078	10.455	32.530
complex.1381.pdb	0	11.602	42.633
complex.1382.pdb	0	11.377	49.485
complex.1383.pdb	0	12.175	36.422
complex.1384.pdb	0	13.449	47.559
complex.1385.pdb	0	12.342	38.864
complex.1386.pdb	0	12.032	46.566
complex.1387.pdb	0.0196078	12.596	48.384
complex.1388.pdb	0	14.449	43.438
complex.1389.pdb	0	14.251	50.976
complex.1390.pdb	0	15.309	47.075
complex.1391.pdb	0	10.322	30.372
complex.1392.pdb	0.0588235	6.342	20.128
complex.1393.pdb	0	13.434	48.463
complex.1394.pdb	0	11.644	30.400
complex.1395.pdb	0.0196078	6.889	14.571
complex.1396.pdb	0	13.115	42.328
complex.1397.pdb	0	11.167	29.324
complex.1398.pdb	0	13.522	39.985
complex.1399.pdb	0	9.635	33.270
complex.1400.pdb	0	10.986	42.310
complex.1401.pdb	0.0196078	10.322	27.643
complex.1402.pdb	0.0196078	12.765	38.115
complex.1403.pdb	0.0392157	12.320	38.557
complex.1404.pdb	0	9.686	18.259
complex.1405.pdb	0	9.634	28.920
complex.1406.pdb	0	13.690	36.864
complex.1407.pdb	0.0392157	6.541	16.783
complex.1408.pdb	0	12.618	37.257
complex.1409.pdb	0	15.379	54.392
complex.1410.pdb	0	13.159	27.969
complex.1411.pdb	0.0196078	10.312	25.928
complex.1412.pdb	0	14.060	52.935
complex.1413.pdb	0	9.116	29.401
complex.1414.pdb	0.0196078	7.118	12.780
complex.1415.pdb	0.0196078	12.506	23.616
complex.1416.pdb	0	12.234	31.470
complex.1417.pdb	0.0392157	8.436	19.139
complex.1418.pdb	0	13.291	42.818
complex.1419.pdb	0	13.062	28.778
complex.1420.pdb	0	12.427	40.605
complex.1421.pdb	0	10.638	26.655
complex.1422.pdb	0.0392157	15.271	53.596
complex.1423.pdb	0	11.544	28.943
complex.1424.pdb	0	9.850	26.217
complex.1425.pdb	0.0196078	7.204	17.141
complex.1426.pdb	0.0196078	12.701	32.761
complex.1427.pdb	0	8.137	18.744
complex.1428.pdb	0.0588235	14.725	43.203
complex.1429.pdb	0	13.335	39.499
complex.1430.pdb	0	8.108	20.614
complex.1431.pdb	0	11.625	27.891
complex.1432.pdb	0	14.033	43.760
complex.1433.pdb	0	13.021	31.546
complex.1434.pdb	0.0392157	12.826	26.724
complex.1435.pdb	0	13.283	53.828
complex.1436.pdb	0.0784314	11.795	22.762
complex.1437.pdb	0	11.025	32.182
complex.1438.pdb	0	12.942	36.695
complex.1439.pdb	0	8.701	17.306
complex.1440.pdb	0	14.051	54.518
complex.1441.pdb	0	9.184	18.279
complex.1442.pdb	0	11.649	38.925
complex.1443.pdb	0	12.612	42.644
complex.1444.pdb	0.0588235	8.182	20.537
complex.1445.pdb	0	11.391	44.154
complex.1446.pdb	0	10.827	25.805
complex.1447.pdb	0	10.528	31.379
complex.1448.pdb	0	13.451	34.529
complex.1449.pdb	0.0196078	12.361	28.734
complex.1450.pdb	0.0196078	6.894	17.699
complex.1451.pdb	0.0196078	9.797	28.323
complex.1452.pdb	0	7.464	15.960
complex.1453.pdb	0	12.259	31.630
complex.1454.pdb	0	9.687	31.078
complex.1455.pdb	0	13.891	45.822
complex.1456.pdb	0	11.335	42.991
complex.1457.pdb	0.0588235	16.012	49.026
complex.1458.pdb	0	10.562	27.981
complex.1459.pdb	0	9.995	33.462
complex.1460.pdb	0	12.530	40.920
complex.1461.pdb	0	13.750	38.134
complex.1462.pdb	0	9.542	28.129
complex.1463.pdb	0	14.761	45.151
complex.1464.pdb	0.0196078	11.863	26.364
complex.1465.pdb	0.0588235	6.411	19.123
complex.1466.pdb	0	12.136	31.198
complex.1467.pdb	0	11.037	33.279
complex.1468.pdb	0	14.496	50.943
complex.1469.pdb	0	10.930	35.469
complex.1470.pdb	0	11.363	49.660
complex.1471.pdb	0	14.865	41.846
complex.1472.pdb	0	11.969	52.408
complex.1473.pdb	0	10.354	45.829
complex.1474.pdb	0	14.217	34.401
complex.1475.pdb	0	11.543	47.335
complex.1476.pdb	0	12.247	53.093
complex.1477.pdb	0	8.284	25.240
complex.1478.pdb	0	12.758	24.640
complex.1479.pdb	0.0196078	10.970	39.811
complex.1480.pdb	0	13.885	41.430
complex.1481.pdb	0	12.554	41.221
complex.1482.pdb	0	9.919	40.540
complex.1483.pdb	0	9.766	28.607
complex.1484.pdb	0	11.857	22.392
complex.1485.pdb	0	8.228	18.132
complex.1486.pdb	0	9.258	32.962
complex.1487.pdb	0.0392157	11.677	30.367
complex.1488.pdb	0.0392157	11.987	41.430
complex.1489.pdb	0	9.633	25.409
complex.1490.pdb	0	8.279	26.350
complex.1491.pdb	0.0196078	11.798	33.014
complex.1492.pdb	0	12.890	29.417
complex.1493.pdb	0.0392157	11.280	24.965
complex.1494.pdb	0.0196078	13.571	48.696
complex.1495.pdb	0.0196078	11.495	30.903
complex.1496.pdb	0	9.662	23.766
complex.1497.pdb	0.0196078	11.068	25.869
complex.1498.pdb	0.0196078	11.879	33.168
complex.1499.pdb	0	12.289	48.687
complex.1500.pdb	0	9.958	28.424
complex.1501.pdb	0	13.853	41.719
complex.1502.pdb	0	11.778	52.703
complex.1503.pdb	0	15.838	55.084
complex.1504.pdb	0	8.879	14.709
complex.1505.pdb	0	14.469	54.623
complex.1506.pdb	0	7.772	20.000
complex.1507.pdb	0.0196078	11.461	43.273
complex.1508.pdb	0	12.492	49.274
complex.1509.pdb	0.0196078	7.707	23.486
complex.1510.pdb	0	8.497	21.505
complex.1511.pdb	0	10.201	25.189
complex.1512.pdb	0.0196078	7.123	15.227
complex.1513.pdb	0	11.175	34.023
complex.1514.pdb	0	7.659	27.260
complex.1515.pdb	0	12.438	23.704
complex.1516.pdb	0	11.612	37.987
complex.1517.pdb	0.0196078	7.806	21.743
complex.1518.pdb	0	10.379	27.275
complex.1519.pdb	0	10.749	45.796
complex.1520.pdb	0	10.389	38.282
complex.1521.pdb	0	13.205	23.235
complex.1522.pdb	0.0392157	12.268	22.528
complex.1523.pdb	0	13.954	50.742
complex.1524.pdb	0	14.114	43.226
complex.1525.pdb	0	10.651	32.526
complex.1526.pdb	0	12.357	52.912
complex.1527.pdb	0	9.706	24.647
complex.1528.pdb	0	9.190	19.925
complex.1529.pdb	0.0196078	7.218	18.745
complex.1530.pdb	0	8.080	23.414
complex.1531.pdb	0	12.935	52.895
complex.1532.pdb	0	13.591	51.931
complex.1533.pdb	0	14.153	41.984
complex.1534.pdb	0.0980392	11.345	25.664
complex.1535.pdb	0.0196078	11.830	43.924
complex.1536.pdb	0	12.628	46.647
complex.1537.pdb	0.0392157	11.082	29.529
complex.1538.pdb	0	8.264	24.955
complex.1539.pdb	0	11.351	31.007
complex.1540.pdb	0.0392157	10.794	23.586
complex.1541.pdb	0	13.017	47.382
complex.1542.pdb	0.0784314	8.844	33.021
complex.1543.pdb	0.0392157	12.178	25.914
complex.1544.pdb	0	14.267	56.783
complex.1545.pdb	0	10.162	25.470
complex.1546.pdb	0.0196078	11.756	34.529
complex.1547.pdb	0	12.511	26.766
complex.1548.pdb	0.0196078	12.111	39.953
complex.1549.pdb	0.0784314	5.900	16.101
complex.1550.pdb	0.0196078	10.832	27.788
complex.1551.pdb	0	12.754	53.137
complex.1552.pdb	0	14.708	41.463
complex.1553.pdb	0	15.010	40.011
complex.1554.pdb	0	11.658	46.362
complex.1555.pdb	0	11.936	20.279
complex.1556.pdb	0	10.010	24.420
complex.1557.pdb	0	9.664	23.562
complex.1558.pdb	0	8.309	21.894
complex.1559.pdb	0	8.205	21.919
complex.1560.pdb	0	12.774	23.415
complex.1561.pdb	0	9.045	24.869
complex.1562.pdb	0.0392157	14.438	49.963
complex.1563.pdb	0	10.542	35.917
complex.1564.pdb	0	8.556	28.702
complex.1565.pdb	0.0392157	8.482	32.831
complex.1566.pdb	0.0196078	14.851	52.684
complex.1567.pdb	0	12.800	54.032
complex.1568.pdb	0	10.302	25.984
complex.1569.pdb	0	12.833	41.415
complex.1570.pdb	0	11.634	49.032
complex.1571.pdb	0	15.611	53.586
complex.1572.pdb	0	15.170	53.927
complex.1573.pdb	0	14.450	41.325
complex.1574.pdb	0	13.486	34.830
complex.1575.pdb	0	13.785	49.828
complex.1576.pdb	0	12.786	27.814
complex.1577.pdb	0.0980392	8.361	27.674
complex.1578.pdb	0	12.541	46.459
complex.1579.pdb	0	9.916	25.118
complex.1580.pdb	0	10.105	33.507
complex.1581.pdb	0	11.286	24.524
complex.1582.pdb	0	13.942	39.024
complex.1583.pdb	0.0196078	10.900	24.265
complex.1584.pdb	0	10.165	22.208
complex.1585.pdb	0	11.797	34.221
complex.1586.pdb	0	11.885	34.359
complex.1587.pdb	0.0196078	10.435	36.672
complex.1588.pdb	0	8.543	18.201
complex.1589.pdb	0	11.822	35.181
complex.1590.pdb	0	13.277	43.980
complex.1591.pdb	0	10.731	31.615
complex.1592.pdb	0	10.043	26.581
complex.1593.pdb	0	13.873	36.994
complex.1594.pdb	0	14.027	30.143
complex.1595.pdb	0	9.601	24.795
complex.1596.pdb	0.156863	5.059	17.946
complex.1597.pdb	0	9.497	22.197
complex.1598.pdb	0	12.051	22.451
complex.1599.pdb	0	12.300	52.892
complex.1600.pdb	0	10.251	24.718
complex.1601.pdb	0	9.586	21.268
complex.1602.pdb	0	14.741	53.162
complex.1603.pdb	0	7.920	18.861
complex.1604.pdb	0.0196078	8.005	23.517
complex.1605.pdb	0	9.912	24.335
complex.1606.pdb	0.137255	11.836	50.974
complex.1607.pdb	0	12.126	50.875
complex.1608.pdb	0	14.312	36.714
complex.1609.pdb	0	14.529	41.953
complex.1610.pdb	0	12.352	28.801
complex.1611.pdb	0	12.205	48.661
complex.1612.pdb	0	12.959	30.836
complex.1613.pdb	0	12.925	44.116
complex.1614.pdb	0	12.932	47.887
complex.1615.pdb	0	9.028	17.715
complex.1616.pdb	0	9.996	30.909
complex.1617.pdb	0.0392157	10.313	35.653
complex.1618.pdb	0	13.394	53.401
complex.1619.pdb	0	11.739	48.999
complex.1620.pdb	0	13.726	44.216
complex.1621.pdb	0	11.803	41.117
complex.1622.pdb	0	14.058	46.761
complex.1623.pdb	0	12.766	40.567
complex.1624.pdb	0.0196078	11.918	44.677
complex.1625.pdb	0	12.500	54.186
complex.1626.pdb	0.0196078	11.389	35.130
complex.1627.pdb	0	7.358	19.924
complex.1628.pdb	0	14.017	42.365
complex.1629.pdb	0	11.801	45.669
complex.1630.pdb	0	9.564	21.874
complex.1631.pdb	0	8.858	26.613
complex.1632.pdb	0	11.242	32.641
complex.1633.pdb	0	9.010	18.071
complex.1634.pdb	0	13.996	56.734
complex.1635.pdb	0	12.707	53.481
complex.1636.pdb	0	10.566	30.569
complex.1637.pdb	0	13.192	38.028
complex.1638.pdb	0.0392157	5.439	14.559
complex.1639.pdb	0	12.976	35.030
complex.1640.pdb	0	11.993	43.900
complex.1641.pdb	0	13.798	37.865
complex.1642.pdb	0	14.877	52.535
complex.1643.pdb	0	13.951	34.974
complex.1644.pdb	0	13.781	46.725
complex.1645.pdb	0	13.361	45.162
complex.1646.pdb	0.0392157	11.357	35.043
complex.1647.pdb	0	11.868	38.346
complex.1648.pdb	0.0196078	10.729	29.035
complex.1649.pdb	0	12.550	40.638
complex.1650.pdb	0	12.440	53.912
complex.1651.pdb	0.0588235	15.080	43.152
complex.1652.pdb	0	11.783	33.534
complex.1653.pdb	0	9.024	19.954
complex.1654.pdb	0	8.453	23.769
complex.1655.pdb	0	12.508	29.271
complex.1656.pdb	0	8.532	14.062
complex.1657.pdb	0.0196078	9.608	23.091
complex.1658.pdb	0	13.297	37.545
complex.1659.pdb	0	11.149	45.729
complex.1660.pdb	0	13.187	51.584
complex.1661.pdb	0.0392157	12.589	49.493
complex.1662.pdb	0	9.706	19.248
complex.1663.pdb	0.0196078	14.479	51.545
complex.1664.pdb	0	11.311	44.008
complex.1665.pdb	0.0392157	11.589	35.595
complex.1666.pdb	0.0196078	12.271	44.195
complex.1667.pdb	0	9.765	21.738
complex.1668.pdb	0.0392157	11.981	25.714
complex.1669.pdb	0.0392157	11.891	25.521
complex.1670.pdb	0	10.769	27.114
complex.1671.pdb	0	14.058	52.585
complex.1672.pdb	0	12.620	47.955
complex.1673.pdb	0	14.554	43.415
complex.1674.pdb	0	14.134	45.295
complex.1675.pdb	0	14.226	42.961
complex.1676.pdb	0.0392157	11.322	27.775
complex.1677.pdb	0.0196078	11.125	30.013
complex.1678.pdb	0	13.329	44.598
complex.1679.pdb	0	13.394	53.636
complex.1680.pdb	0.0392157	9.878	22.806
complex.1681.pdb	0	13.919	37.497
complex.1682.pdb	0.235294	5.689	26.214
complex.1683.pdb	0	14.772	55.695
complex.1684.pdb	0.0196078	11.339	37.477
complex.1685.pdb	0	8.349	26.867
complex.1686.pdb	0.0392157	6.263	15.843
complex.1687.pdb	0.0196078	11.337	39.142
complex.1688.pdb	0	8.904	30.258
complex.1689.pdb	0.0588235	12.745	29.289
complex.1690.pdb	0	10.887	30.674
complex.1691.pdb	0	13.467	36.075
complex.1692.pdb	0	14.537	58.673
complex.1693.pdb	0	12.507	24.973
complex.1694.pdb	0	9.976	38.672
complex.1695.pdb	0.0588235	11.227	48.432
complex.1696.pdb	0.0196078	11.429	34.207
complex.1697.pdb	0	13.727	51.639
complex.1698.pdb	0	13.855	31.156
complex.1699.pdb	0	14.555	38.365
complex.1700.pdb	0.0196078	11.211	26.050
complex.1701.pdb	0	11.783	49.945
complex.1702.pdb	0	9.483	18.580
complex.1703.pdb	0	10.754	41.478
complex.1704.pdb	0	9.692	19.361
complex.1705.pdb	0	11.231	49.633
complex.1706.pdb	0.0392157	12.458	26.480
complex.1707.pdb	0	15.266	55.934
complex.1708.pdb	0.0196078	11.102	35.574
complex.1709.pdb	0	14.347	39.504
complex.1710.pdb	0	12.202	38.144
complex.1711.pdb	0.0196078	10.729	28.247
complex.1712.pdb	0	7.711	19.094
complex.1713.pdb	0.0196078	11.719	25.181
complex.1714.pdb	0.0196078	8.428	27.243
complex.1715.pdb	0	11.652	43.956
complex.1716.pdb	0	12.218	51.465
complex.1717.pdb	0.0196078	11.977	28.496
complex.1718.pdb	0	10.644	28.259
complex.1719.pdb	0	9.906	29.063
complex.1720.pdb	0	13.907	40.147
complex.1721.pdb	0.0196078	9.616	38.569
complex.1722.pdb	0	12.342	26.553
complex.1723.pdb	0	10.992	30.704
complex.1724.pdb	0	11.839	43.578
complex.1725.pdb	0	12.377	36.447
complex.1726.pdb	0	7.830	25.446
complex.1727.pdb	0	12.679	34.079
complex.1728.pdb	0.0196078	10.792	22.314
complex.1729.pdb	0	13.972	39.155
complex.1730.pdb	0.0196078	10.212	28.814
complex.1731.pdb	0	14.748	50.711
complex.1732.pdb	0	13.528	54.045
complex.1733.pdb	0	11.323	35.651
complex.1734.pdb	0	12.107	40.444
complex.1735.pdb	0	10.628	29.407
complex.1736.pdb	0	11.935	38.460
complex.1737.pdb	0.0196078	13.156	31.278
complex.1738.pdb	0	12.305	32.748
complex.1739.pdb	0	10.172	30.633
complex.1740.pdb	0	9.355	36.351
complex.1741.pdb	0.0196078	14.610	45.885
complex.1742.pdb	0	13.789	51.737
complex.1743.pdb	0	8.451	25.338
complex.1744.pdb	0	10.111	24.386
complex.1745.pdb	0	8.630	27.071
complex.1746.pdb	0	13.649	32.905
complex.1747.pdb	0.0392157	9.056	25.921
complex.1748.pdb	0	10.587	26.190
complex.1749.pdb	0	11.805	38.043
complex.1750.pdb	0	14.570	43.590
complex.1751.pdb	0	12.620	45.847
complex.1752.pdb	0	9.769	25.254
complex.1753.pdb	0	12.989	51.954
complex.1754.pdb	0	11.486	28.614
complex.1755.pdb	0	16.273	58.176
complex.1756.pdb	0	12.535	30.628
complex.1757.pdb	0	13.135	55.086
complex.1758.pdb	0	8.154	25.970
complex.1759.pdb	0	12.609	31.772
complex.1760.pdb	0	10.307	38.252
complex.1761.pdb	0	13.186	51.695
complex.1762.pdb	0	13.462	52.113
complex.1763.pdb	0.0588235	9.918	28.237
complex.1764.pdb	0	13.195	44.384
complex.1765.pdb	0.0196078	11.945	30.402
complex.1766.pdb	0	11.564	39.352
complex.1767.pdb	0.0784314	7.400	19.450
complex.1768.pdb	0.0196078	10.803	38.078
complex.1769.pdb	0	12.242	35.810
complex.1770.pdb	0.0196078	13.712	55.659
complex.1771.pdb	0	12.639	51.744
complex.1772.pdb	0.0392157	7.402	23.212
complex.1773.pdb	0	13.875	38.011
complex.1774.pdb	0	9.738	23.691
complex.1775.pdb	0.0196078	8.577	24.433
complex.1776.pdb	0	12.401	44.612
complex.1777.pdb	0	12.487	29.668
complex.1778.pdb	0.0392157	10.129	32.085
complex.1779.pdb	0	11.851	27.061
complex.1780.pdb	0	12.793	32.532
complex.1781.pdb	0	12.354	52.401
complex.1782.pdb	0	12.829	43.767
complex.1783.pdb	0.0196078	11.733	27.438
complex.1784.pdb	0	7.997	22.495
complex.1785.pdb	0.0784314	6.727	18.949
complex.1786.pdb	0.0588235	12.353	33.417
complex.1787.pdb	0.0588235	6.044	20.295
complex.1788.pdb	0	12.010	50.606
complex.1789.pdb	0	11.472	36.281
complex.1790.pdb	0	11.941	40.129
complex.1791.pdb	0	11.012	28.566
complex.1792.pdb	0	12.878	54.269
complex.1793.pdb	0.0196078	12.623	23.086
complex.1794.pdb	0	12.763	37.929
complex.1795.pdb	0	10.461	38.970
complex.1796.pdb	0	14.079	43.983
complex.1797.pdb	0	14.218	44.891
complex.1798.pdb	0	13.013	52.986
complex.1799.pdb	0.0196078	11.099	24.708
complex.1800.pdb	0	10.570	39.319
complex.1801.pdb	0	12.843	30.073
complex.1802.pdb	0.0196078	12.459	26.587
complex.1803.pdb	0	13.014	40.164
complex.1804.pdb	0	10.327	31.903
complex.1805.pdb	0.0392157	10.768	31.406
complex.1806.pdb	0.0196078	11.002	36.717
complex.1807.pdb	0.0784314	12.442	33.189
complex.1808.pdb	0.0980392	5.855	20.747
complex.1809.pdb	0.0196078	7.587	25.268
complex.1810.pdb	0.0196078	13.637	57.250
complex.1811.pdb	0	12.369	46.356
complex.1812.pdb	0	13.006	33.410
complex.1813.pdb	0	12.681	50.309
complex.1814.pdb	0.0196078	9.990	37.935
complex.1815.pdb	0.0588235	9.178	35.320
complex.1816.pdb	0	11.302	47.697
complex.1817.pdb	0.0196078	11.411	49.392
complex.1818.pdb	0	10.636	32.650
complex.1819.pdb	0	10.770	24.887
complex.1820.pdb	0	10.649	22.802
complex.1821.pdb	0	8.906	29.426
complex.1822.pdb	0	14.013	42.675
complex.1823.pdb	0.0392157	10.909	32.880
complex.1824.pdb	0	15.552	55.525
complex.1825.pdb	0	13.639	52.411
complex.1826.pdb	0	12.332	38.906
complex.1827.pdb	0.0196078	12.070	35.054
complex.1828.pdb	0.0588235	7.168	26.323
complex.1829.pdb	0	13.846	47.344
complex.1830.pdb	0.0392157	12.210	26.043
complex.1831.pdb	0.0196078	11.180	26.339
complex.1832.pdb	0.0196078	10.759	36.960
complex.1833.pdb	0	14.724	47.845
complex.1834.pdb	0.0784314	6.852	23.826
complex.1835.pdb	0	9.760	27.044
complex.1836.pdb	0.0392157	11.002	32.020
complex.1837.pdb	0	14.008	38.618
complex.1838.pdb	0	10.590	25.323
complex.1839.pdb	0.0196078	11.093	36.044
complex.1840.pdb	0	7.704	22.383
complex.1841.pdb	0	12.996	28.042
complex.1842.pdb	0	9.560	32.066
complex.1843.pdb	0	14.990	55.757
complex.1844.pdb	0	14.034	41.767
complex.1845.pdb	0	11.848	50.681
complex.1846.pdb	0	15.400	53.701
complex.1847.pdb	0	10.910	33.622
complex.1848.pdb	0.0588235	8.254	27.442
complex.1849.pdb	0.117647	10.546	47.420
complex.1850.pdb	0	8.931	30.226
complex.1851.pdb	0	9.178	26.001
complex.1852.pdb	0	10.291	42.191
complex.1853.pdb	0	14.353	54.386
complex.1854.pdb	0	12.808	26.802
complex.1855.pdb	0	15.381	49.885
complex.1856.pdb	0	12.805	32.175
complex.1857.pdb	0	11.964	44.752
complex.1858.pdb	0	8.819	21.953
complex.1859.pdb	0	13.506	38.032
complex.1860.pdb	0.0196078	9.848	24.108
complex.1861.pdb	0	13.258	37.346
complex.1862.pdb	0	6.998	16.985
complex.1863.pdb	0	16.164	50.158
complex.1864.pdb	0	12.479	48.908
complex.1865.pdb	0	15.391	49.224
complex.1866.pdb	0.0196078	12.023	43.771
complex.1867.pdb	0	11.283	28.611
complex.1868.pdb	0	12.394	25.377
complex.1869.pdb	0.0784314	8.339	28.489
complex.1870.pdb	0	14.636	55.086
complex.1871.pdb	0	12.209	53.807
complex.1872.pdb	0	10.104	28.120
complex.1873.pdb	0	15.513	54.308
complex.1874.pdb	0	11.184	29.765
complex.1875.pdb	0	15.385	50.381
complex.1876.pdb	0.0588235	8.687	30.890
complex.1877.pdb	0.0196078	11.467	24.975
complex.1878.pdb	0	9.867	37.995
complex.1879.pdb	0	11.029	45.646
complex.1880.pdb	0	9.369	21.488
complex.1881.pdb	0	11.073	24.859
complex.1882.pdb	0.0196078	9.954	35.437
complex.1883.pdb	0	12.923	45.200
complex.1884.pdb	0	12.536	49.663
complex.1885.pdb	0	13.348	57.671
complex.1886.pdb	0.0392157	12.648	28.136
complex.1887.pdb	0	12.474	42.620
complex.1888.pdb	0	13.585	52.715
complex.1889.pdb	0	12.385	51.004
complex.1890.pdb	0.0196078	11.943	45.533
complex.1891.pdb	0	15.544	51.848
complex.1892.pdb	0	11.763	38.642
complex.1893.pdb	0	12.472	51.203
complex.1894.pdb	0	11.516	37.551
complex.1895.pdb	0.0588235	12.345	26.839
complex.1896.pdb	0.0392157	14.659	54.006
complex.1897.pdb	0	13.962	52.113
complex.1898.pdb	0	13.477	37.625
complex.1899.pdb	0	10.708	29.979
complex.1900.pdb	0	13.965	36.209
complex.1901.pdb	0	14.415	38.236
complex.1902.pdb	0	12.881	35.396
complex.1903.pdb	0	12.084	40.672
complex.1904.pdb	0	11.655	30.565
complex.1905.pdb	0.0392157	8.305	22.726
complex.1906.pdb	0	9.809	21.133
complex.1907.pdb	0	10.509	30.624
complex.1908.pdb	0	9.238	33.931
complex.1909.pdb	0	12.103	50.250
complex.1910.pdb	0	12.310	51.198
complex.1911.pdb	0.0392157	9.134	22.208
complex.1912.pdb	0	11.950	44.929
complex.1913.pdb	0	11.769	21.735
complex.1914.pdb	0	14.394	57.902
complex.1915.pdb	0	11.281	37.701
complex.1916.pdb	0	7.821	26.251
complex.1917.pdb	0	14.318	40.382
complex.1918.pdb	0	15.675	54.420
complex.1919.pdb	0	12.488	41.454
complex.1920.pdb	0	10.888	34.053
complex.1921.pdb	0.0196078	10.103	44.075
complex.1922.pdb	0	13.227	39.711
complex.1923.pdb	0.0588235	7.735	31.081
complex.1924.pdb	0	13.248	49.504
complex.1925.pdb	0	8.176	22.842
complex.1926.pdb	0	15.432	51.288
complex.1927.pdb	0	12.260	54.145
complex.1928.pdb	0	13.832	43.048
complex.1929.pdb	0	9.326	29.124
complex.1930.pdb	0	14.065	48.292
complex.1931.pdb	0.0980392	6.219	22.943
complex.1932.pdb	0	9.938	23.652
complex.1933.pdb	0.117647	9.913	44.645
complex.1934.pdb	0	13.426	42.953
complex.1935.pdb	0.0196078	10.598	25.946
complex.1936.pdb	0	11.845	49.084
complex.1937.pdb	0	10.203	21.948
complex.1938.pdb	0	12.555	31.697
complex.1939.pdb	0	15.691	48.891
complex.1940.pdb	0.0392157	8.531	24.326
complex.1941.pdb	0.0588235	14.171	49.230
complex.1942.pdb	0	10.752	27.969
complex.1943.pdb	0	10.171	21.041
complex.1944.pdb	0	13.613	43.650
complex.1945.pdb	0	12.181	45.896
complex.1946.pdb	0	7.876	23.942
complex.1947.pdb	0	13.113	34.462
complex.1948.pdb	0	11.976	26.609
complex.1949.pdb	0	12.572	34.112
complex.1950.pdb	0	10.272	30.758
complex.1951.pdb	0.0392157	16.073	57.628
complex.1952.pdb	0	12.722	43.460
complex.1953.pdb	0.0196078	7.833	23.109
complex.1954.pdb	0	10.582	38.477
complex.1955.pdb	0	13.835	51.045
complex.1956.pdb	0.0196078	8.672	32.980
complex.1957.pdb	0.0196078	7.359	20.016
complex.1958.pdb	0	13.671	48.748
complex.1959.pdb	0	11.468	42.748
complex.1960.pdb	0	13.085	36.390
complex.1961.pdb	0	13.674	56.811
complex.1962.pdb	0	11.325	31.887
complex.1963.pdb	0	10.646	26.685
complex.1964.pdb	0	14.284	52.741
complex.1965.pdb	0	13.635	54.760
complex.1966.pdb	0	9.616	28.041
complex.1967.pdb	0	13.193	55.153
complex.1968.pdb	0	13.370	52.366
complex.1969.pdb	0	12.167	52.873
complex.1970.pdb	0	10.305	26.644
complex.1971.pdb	0	11.638	49.207
complex.1972.pdb	0	9.243	31.135
complex.1973.pdb	0	11.759	24.082
complex.1974.pdb	0	13.396	49.210
complex.1975.pdb	0	12.506	46.159
complex.1976.pdb	0.0196078	10.335	33.866
complex.1977.pdb	0	12.861	44.964
complex.1978.pdb	0	14.064	58.387
complex.1979.pdb	0	12.358	45.192
complex.1980.pdb	0	13.346	42.983
complex.1981.pdb	0	14.207	55.703
complex.1982.pdb	0	10.822	32.970
complex.1983.pdb	0.0392157	8.290	28.162
complex.1984.pdb	0	14.097	54.922
complex.1985.pdb	0.0196078	12.241	26.904
complex.1986.pdb	0	16.222	58.945
complex.1987.pdb	0	11.114	35.100
complex.1988.pdb	0.0196078	7.555	24.776
complex.1989.pdb	0	8.823	26.089
complex.1990.pdb	0	14.714	52.743
complex.1991.pdb	0	10.671	39.320
complex.1992.pdb	0	11.267	42.663
complex.1993.pdb	0	11.123	39.201
complex.1994.pdb	0	11.820	46.633
complex.1995.pdb	0	13.168	44.596
complex.1996.pdb	0	11.716	35.018
complex.1997.pdb	0	15.186	51.087
complex.1998.pdb	0	13.010	52.164
complex.1999.pdb	0.0196078	11.034	40.544
complex.2000.pdb	0.0392157	14.217	56.889
