swarm_94_49.pdb	0.0	30.88	42.566	40.383
swarm_76_28.pdb	0.0	13.713	45.645	39.763
swarm_21_160.pdb	0.0	18.557	46.626	39.647
swarm_22_191.pdb	0.0	18.349	37.646	38.615
swarm_120_172.pdb	0.0134228	19.295	30.074	37.712
swarm_18_193.pdb	0.0	19.887	36.296	36.023
swarm_15_186.pdb	0.0	20.895	35.795	35.938
swarm_120_141.pdb	0.0	20.931	34.119	35.853
swarm_76_101.pdb	0.0	25.286	42.78	35.149
swarm_66_29.pdb	0.0	21.929	36.617	35.099
swarm_111_103.pdb	0.0	20.703	31.374	34.488
swarm_25_37.pdb	0.0	33.223	46.49	34.121
swarm_18_39.pdb	0.0	23.392	45.23	33.644
swarm_50_165.pdb	0.0	22.788	40.068	33.124
swarm_85_10.pdb	0.0	12.573	34.176	33.090
swarm_122_31.pdb	0.0	21.577	32.226	33.030
swarm_119_8.pdb	0.0	15.483	45.56	32.672
swarm_94_81.pdb	0.0	24.198	49.362	32.406
swarm_18_26.pdb	0.0	13.04	33.728	32.338
swarm_48_10.pdb	0.0	13.603	35.524	31.877
swarm_50_147.pdb	0.0	24.586	51.946	31.344
swarm_23_136.pdb	0.0	21.124	37.268	31.324
swarm_22_185.pdb	0.0	22.309	40.874	30.911
swarm_19_69.pdb	0.0	32.0	45.714	30.517
swarm_59_96.pdb	0.0	24.538	43.445	30.480
swarm_15_170.pdb	0.0	26.97	43.224	30.366
swarm_18_143.pdb	0.0	24.706	49.628	30.211
swarm_50_5.pdb	0.0	11.343	36.581	30.029
swarm_59_41.pdb	0.0	14.871	40.863	30.018
swarm_102_128.pdb	0.0	24.715	38.101	29.946
swarm_76_191.pdb	0.0	20.173	45.741	29.671
swarm_94_59.pdb	0.0	15.54	37.208	29.470
swarm_59_140.pdb	0.0	14.889	32.337	29.425
swarm_102_8.pdb	0.0	24.625	43.315	29.397
swarm_25_63.pdb	0.0	28.465	42.628	29.116
swarm_85_97.pdb	0.0	30.107	43.982	29.053
swarm_111_27.pdb	0.0	9.615	22.969	28.990
swarm_50_109.pdb	0.0	24.558	46.852	28.814
swarm_48_113.pdb	0.0	26.567	39.83	28.804
swarm_76_47.pdb	0.0	18.288	46.144	28.792
swarm_94_6.pdb	0.0	24.035	42.051	28.698
swarm_104_180.pdb	0.0	22.798	42.028	28.579
swarm_72_185.pdb	0.0	15.252	41.567	28.538
swarm_66_54.pdb	0.0	21.482	38.001	28.457
swarm_23_28.pdb	0.0	24.045	47.616	28.286
swarm_120_99.pdb	0.0	28.126	45.066	28.276
swarm_111_14.pdb	0.0	16.07	41.48	28.049
swarm_86_10.pdb	0.0	18.3	41.42	27.666
swarm_12_141.pdb	0.0	26.812	42.807	27.657
swarm_114_187.pdb	0.0	22.424	44.202	27.577
swarm_22_95.pdb	0.0	21.96	49.249	27.471
swarm_122_92.pdb	0.0	24.709	35.644	27.326
swarm_12_197.pdb	0.0	21.981	40.826	27.297
swarm_76_170.pdb	0.0	16.297	45.419	27.287
swarm_94_178.pdb	0.0	23.461	44.935	27.132
swarm_48_37.pdb	0.0	26.972	51.044	27.105
swarm_111_49.pdb	0.0	14.386	20.643	27.059
swarm_12_32.pdb	0.0	21.146	47.112	26.995
swarm_94_30.pdb	0.0	16.993	45.272	26.972
swarm_29_154.pdb	0.0	19.707	50.475	26.956
swarm_59_160.pdb	0.0	11.894	43.53	26.909
swarm_76_0.pdb	0.0	26.243	48.715	26.809
swarm_111_13.pdb	0.0	16.816	27.921	26.593
swarm_8_182.pdb	0.0	21.712	41.016	26.368
swarm_72_8.pdb	0.0	15.429	44.695	26.321
swarm_51_128.pdb	0.0	15.108	42.273	26.303
swarm_48_59.pdb	0.0	18.792	35.302	26.082
swarm_50_53.pdb	0.0	32.321	50.163	26.013
swarm_72_55.pdb	0.0	35.295	54.742	25.965
swarm_95_41.pdb	0.0	4.231	20.958	25.958
swarm_76_109.pdb	0.0	23.262	46.279	25.862
swarm_92_41.pdb	0.0	27.266	43.291	25.801
swarm_111_94.pdb	0.0	25.86	38.787	25.733
swarm_50_41.pdb	0.0	27.931	41.715	25.679
swarm_23_104.pdb	0.0	20.264	41.452	25.638
swarm_94_122.pdb	0.0	24.196	44.368	25.631
swarm_36_5.pdb	0.0	18.904	44.129	25.586
swarm_21_106.pdb	0.0	19.791	45.332	25.433
swarm_84_139.pdb	0.0	8.286	22.779	25.361
swarm_49_69.pdb	0.0	20.028	44.754	25.269
swarm_23_85.pdb	0.0	20.524	46.064	25.264
swarm_120_115.pdb	0.0	25.517	38.919	25.252
swarm_50_153.pdb	0.0	22.601	42.115	24.999
swarm_92_75.pdb	0.0	12.474	22.73	24.831
swarm_29_33.pdb	0.0	14.102	47.208	24.803
swarm_22_192.pdb	0.0	21.616	37.486	24.661
swarm_76_165.pdb	0.0	16.992	39.208	24.504
swarm_65_106.pdb	0.0	23.485	41.766	24.238
swarm_28_40.pdb	0.0	18.913	47.703	24.237
swarm_102_32.pdb	0.0	30.107	43.099	24.221
swarm_87_161.pdb	0.0	20.441	44.921	24.188
swarm_19_166.pdb	0.0	18.278	29.07	24.088
swarm_94_153.pdb	0.0	16.714	36.518	24.052
swarm_114_151.pdb	0.0	26.455	37.358	24.008
swarm_19_119.pdb	0.0	20.597	36.332	23.969
swarm_2_185.pdb	0.0	23.75	48.93	23.927
swarm_104_150.pdb	0.0	16.389	44.451	23.898
swarm_8_7.pdb	0.00671141	22.414	34.212	23.827
swarm_120_6.pdb	0.0	28.061	42.988	23.799
swarm_21_137.pdb	0.0	8.017	28.096	23.761
swarm_72_11.pdb	0.0	23.5	44.852	23.642
swarm_87_34.pdb	0.0	34.018	47.994	23.441
swarm_22_81.pdb	0.0	20.1	46.873	23.420
swarm_20_94.pdb	0.0	27.028	43.844	23.335
swarm_95_61.pdb	0.0	21.825	31.114	23.322
swarm_12_127.pdb	0.0	16.861	44.744	23.317
swarm_113_123.pdb	0.0	24.558	36.688	23.314
swarm_12_146.pdb	0.0	14.656	34.593	23.262
swarm_85_170.pdb	0.0	21.955	40.945	23.238
swarm_72_190.pdb	0.0652174	20.579	43.299	23.184
swarm_44_133.pdb	0.0	15.533	48.787	23.166
swarm_36_33.pdb	0.0	13.134	34.541	23.039
swarm_63_35.pdb	0.0434783	19.579	57.618	23.019
swarm_20_67.pdb	0.0	30.314	46.062	22.990
swarm_87_48.pdb	0.0	9.746	29.97	22.922
swarm_87_168.pdb	0.0	23.532	36.586	22.919
swarm_59_90.pdb	0.0	16.618	37.194	22.853
swarm_36_70.pdb	0.0217391	11.998	48.953	22.828
swarm_18_165.pdb	0.0	29.718	46.624	22.771
swarm_102_75.pdb	0.0	13.067	29.062	22.758
swarm_23_130.pdb	0.0	20.078	35.068	22.716
swarm_113_34.pdb	0.0	30.259	45.269	22.670
swarm_102_17.pdb	0.0	22.529	36.549	22.530
swarm_102_49.pdb	0.0	20.478	28.614	22.474
swarm_19_134.pdb	0.0	18.021	30.205	22.438
swarm_49_109.pdb	0.0	15.78	47.529	22.306
swarm_92_40.pdb	0.0	22.496	38.077	22.228
swarm_12_88.pdb	0.0	20.297	44.463	22.048
swarm_85_38.pdb	0.0217391	17.65	41.736	22.028
swarm_122_120.pdb	0.0	21.856	35.63	21.871
swarm_111_140.pdb	0.00671141	20.121	30.639	21.869
swarm_66_81.pdb	0.0	26.103	35.577	21.824
swarm_102_55.pdb	0.0	7.111	19.023	21.780
swarm_67_25.pdb	0.0	15.678	44.513	21.691
swarm_65_3.pdb	0.0	10.279	40.416	21.651
swarm_122_161.pdb	0.0	18.975	28.663	21.535
swarm_76_93.pdb	0.0	13.707	40.018	21.519
swarm_78_111.pdb	0.0	19.322	37.887	21.486
swarm_23_199.pdb	0.0	22.055	30.017	21.466
swarm_48_3.pdb	0.0	34.26	49.502	21.450
swarm_72_58.pdb	0.0	37.809	54.795	21.343
swarm_66_152.pdb	0.0	16.437	33.406	21.312
swarm_114_23.pdb	0.0	27.546	38.582	21.264
swarm_114_81.pdb	0.0	14.769	26.179	21.263
swarm_100_44.pdb	0.0	21.408	43.776	21.236
swarm_2_95.pdb	0.0	22.39	44.166	21.201
swarm_49_157.pdb	0.0	23.988	47.784	21.182
swarm_114_59.pdb	0.0	19.966	42.23	21.150
swarm_94_149.pdb	0.0	23.437	42.584	21.133
swarm_101_6.pdb	0.0	12.073	45.559	21.022
swarm_21_131.pdb	0.0	27.6	41.852	20.993
swarm_102_31.pdb	0.0	19.806	34.059	20.944
swarm_29_122.pdb	0.0	34.454	53.438	20.879
swarm_86_170.pdb	0.0	19.597	50.011	20.873
swarm_36_183.pdb	0.0	19.128	46.394	20.822
swarm_48_94.pdb	0.0	22.177	42.665	20.786
swarm_72_80.pdb	0.0	17.903	46.269	20.733
swarm_76_153.pdb	0.0	22.194	48.158	20.714
swarm_20_128.pdb	0.0	22.208	40.878	20.657
swarm_49_92.pdb	0.0	16.111	44.76	20.610
swarm_50_66.pdb	0.0	30.981	52.407	20.569
swarm_111_81.pdb	0.0	27.176	41.953	20.520
swarm_95_52.pdb	0.0	7.261	23.374	20.461
swarm_76_106.pdb	0.0	24.699	45.085	20.437
swarm_119_122.pdb	0.0	17.943	47.817	20.402
swarm_72_112.pdb	0.0	20.177	41.075	20.281
swarm_23_125.pdb	0.0	18.386	34.962	20.214
swarm_8_179.pdb	0.0	24.052	40.729	20.065
swarm_97_5.pdb	0.0	19.083	49.652	20.060
swarm_20_2.pdb	0.0	20.938	45.902	20.059
swarm_83_155.pdb	0.0	17.128	46.73	20.039
swarm_72_7.pdb	0.0	27.474	46.689	19.950
swarm_92_109.pdb	0.0	22.391	43.287	19.946
swarm_37_122.pdb	0.0	35.178	49.184	19.938
swarm_78_76.pdb	0.0	22.607	36.036	19.930
swarm_51_31.pdb	0.0	13.257	45.387	19.876
swarm_25_124.pdb	0.0	24.687	39.954	19.820
swarm_86_174.pdb	0.0	14.466	41.65	19.796
swarm_87_82.pdb	0.0	33.985	46.638	19.719
swarm_49_120.pdb	0.0	24.631	43.514	19.691
swarm_113_35.pdb	0.0217391	13.927	39.298	19.681
swarm_44_95.pdb	0.0	31.273	52.83	19.642
swarm_85_41.pdb	0.0	15.666	30.86	19.609
swarm_48_92.pdb	0.0	17.731	43.704	19.601
swarm_114_147.pdb	0.0	13.363	43.078	19.598
swarm_104_7.pdb	0.0	23.772	44.641	19.596
swarm_59_83.pdb	0.0	28.111	44.916	19.560
swarm_8_43.pdb	0.0	19.61	37.608	19.469
swarm_78_163.pdb	0.0	27.537	47.438	19.458
swarm_2_29.pdb	0.0	17.67	48.229	19.387
swarm_114_86.pdb	0.0	25.673	35.49	19.387
swarm_112_34.pdb	0.0	16.628	33.348	19.386
swarm_62_25.pdb	0.0	32.114	46.098	19.378
swarm_28_137.pdb	0.0	16.216	45.561	19.246
swarm_120_147.pdb	0.0	19.825	32.091	19.233
swarm_86_49.pdb	0.0	24.562	34.793	19.213
swarm_58_151.pdb	0.0	38.268	59.464	19.212
swarm_101_7.pdb	0.0	14.411	50.766	19.141
swarm_21_146.pdb	0.0	26.623	49.203	19.127
swarm_120_156.pdb	0.0	21.903	34.686	19.108
swarm_25_59.pdb	0.0	15.264	42.01	19.007
swarm_87_65.pdb	0.0	16.033	42.382	18.978
swarm_37_72.pdb	0.0	19.167	51.343	18.968
swarm_62_167.pdb	0.0	26.134	41.691	18.912
swarm_66_195.pdb	0.0	24.701	42.926	18.854
swarm_66_170.pdb	0.0	31.659	53.093	18.844
swarm_25_51.pdb	0.0	28.611	41.274	18.709
swarm_112_94.pdb	0.0	12.278	49.222	18.670
swarm_113_179.pdb	0.0	22.305	36.449	18.568
swarm_62_149.pdb	0.0	21.774	36.963	18.481
swarm_70_93.pdb	0.0	27.136	39.555	18.466
swarm_48_26.pdb	0.0	19.419	49.858	18.466
swarm_22_15.pdb	0.0	22.795	41.489	18.466
swarm_21_128.pdb	0.0	18.48	33.281	18.275
swarm_44_15.pdb	0.0	29.278	47.813	18.175
swarm_83_134.pdb	0.0	31.485	52.465	18.166
swarm_114_130.pdb	0.0	19.178	39.347	18.151
swarm_83_169.pdb	0.0	25.103	50.24	18.138
swarm_25_15.pdb	0.0	18.782	44.257	18.119
swarm_22_36.pdb	0.0	29.307	45.327	18.093
swarm_62_143.pdb	0.0	28.06	44.328	17.956
swarm_66_153.pdb	0.0	26.593	43.169	17.933
swarm_85_120.pdb	0.0	29.17	46.086	17.926
swarm_29_49.pdb	0.0	13.511	43.144	17.898
swarm_112_168.pdb	0.0	14.774	26.762	17.877
swarm_104_103.pdb	0.0	17.751	39.001	17.841
swarm_59_107.pdb	0.0	22.838	49.479	17.826
swarm_84_73.pdb	0.0	22.5	51.127	17.788
swarm_34_193.pdb	0.0	28.503	55.058	17.776
swarm_48_181.pdb	0.0	14.668	50.307	17.751
swarm_62_84.pdb	0.0	12.585	27.364	17.743
swarm_83_168.pdb	0.0217391	22.507	53.812	17.717
swarm_90_78.pdb	0.0	20.521	53.653	17.624
swarm_34_122.pdb	0.0	16.895	53.949	17.516
swarm_86_196.pdb	0.0	24.06	32.974	17.467
swarm_50_70.pdb	0.0	30.076	48.93	17.459
swarm_23_98.pdb	0.0	15.903	37.012	17.453
swarm_112_65.pdb	0.0	26.955	45.917	17.439
swarm_85_137.pdb	0.0	35.968	50.194	17.410
swarm_67_32.pdb	0.0	35.074	51.714	17.409
swarm_87_15.pdb	0.0	19.644	32.682	17.402
swarm_95_90.pdb	0.0	27.562	38.491	17.384
swarm_86_16.pdb	0.0	29.068	44.399	17.371
swarm_23_100.pdb	0.0	20.713	48.318	17.361
swarm_92_182.pdb	0.0	28.666	47.758	17.340
swarm_119_95.pdb	0.0	30.901	52.571	17.295
swarm_104_106.pdb	0.0	18.017	45.0	17.288
swarm_36_113.pdb	0.0	14.578	41.98	17.258
swarm_101_170.pdb	0.0	19.555	51.292	17.247
swarm_23_33.pdb	0.0	21.948	41.322	17.223
swarm_51_67.pdb	0.0	23.062	49.28	17.209
swarm_8_145.pdb	0.0	34.375	44.98	17.176
swarm_76_171.pdb	0.0	31.747	47.681	17.176
swarm_29_113.pdb	0.0	17.388	52.103	17.171
swarm_86_138.pdb	0.0	23.381	39.091	17.129
swarm_54_141.pdb	0.0	23.821	47.478	17.044
swarm_50_129.pdb	0.0	22.572	42.447	17.041
swarm_122_6.pdb	0.0	16.92	32.414	17.041
swarm_102_78.pdb	0.0	33.927	44.122	16.978
swarm_12_80.pdb	0.0	25.746	46.556	16.922
swarm_85_159.pdb	0.0	22.198	34.843	16.891
swarm_62_137.pdb	0.0	25.035	39.418	16.890
swarm_88_109.pdb	0.0	22.957	42.448	16.854
swarm_23_31.pdb	0.0	10.446	44.529	16.808
swarm_65_157.pdb	0.0	22.216	47.168	16.802
swarm_84_67.pdb	0.0	24.449	32.608	16.788
swarm_20_111.pdb	0.0	16.564	28.695	16.764
swarm_18_67.pdb	0.0	19.318	45.015	16.742
swarm_90_155.pdb	0.0	15.381	55.264	16.733
swarm_28_7.pdb	0.0	31.147	48.262	16.701
swarm_36_178.pdb	0.0	20.268	53.801	16.662
swarm_117_35.pdb	0.0	25.837	43.077	16.641
swarm_65_171.pdb	0.0	15.049	46.56	16.629
swarm_114_198.pdb	0.0	31.7	44.617	16.624
swarm_29_55.pdb	0.0	8.564	42.571	16.608
swarm_66_111.pdb	0.0	17.446	46.45	16.607
swarm_62_120.pdb	0.0	32.21	43.215	16.604
swarm_73_102.pdb	0.0217391	24.645	50.884	16.578
swarm_63_55.pdb	0.0217391	25.098	60.505	16.566
swarm_36_139.pdb	0.0	19.732	52.977	16.474
swarm_69_78.pdb	0.0	21.153	53.266	16.432
swarm_84_177.pdb	0.0	29.387	50.983	16.413
swarm_36_65.pdb	0.0	28.456	53.596	16.412
swarm_104_138.pdb	0.0	29.392	50.314	16.398
swarm_79_23.pdb	0.0	19.497	60.661	16.372
swarm_51_92.pdb	0.0	13.899	50.525	16.364
swarm_35_67.pdb	0.0	37.915	57.934	16.336
swarm_25_151.pdb	0.0	17.533	28.903	16.329
swarm_5_11.pdb	0.0	22.229	43.164	16.285
swarm_70_190.pdb	0.0	10.086	25.036	16.252
swarm_15_66.pdb	0.0	27.962	44.182	16.224
swarm_113_170.pdb	0.0	10.103	24.147	16.203
swarm_49_155.pdb	0.0	32.302	49.362	16.136
swarm_50_73.pdb	0.0	34.321	47.723	16.121
swarm_73_113.pdb	0.0	36.985	61.692	16.074
swarm_92_83.pdb	0.0	20.9	38.022	16.056
swarm_67_28.pdb	0.0	35.259	47.881	16.042
swarm_18_131.pdb	0.0	26.169	49.172	16.003
swarm_12_178.pdb	0.0	22.105	34.058	15.948
swarm_35_155.pdb	0.0	22.413	49.547	15.919
swarm_87_152.pdb	0.0	17.348	45.781	15.899
swarm_65_114.pdb	0.0	38.674	55.272	15.883
swarm_20_25.pdb	0.0	26.16	45.512	15.847
swarm_119_26.pdb	0.0	27.24	49.17	15.847
swarm_29_77.pdb	0.00671141	24.999	47.171	15.831
swarm_72_107.pdb	0.0	13.685	35.833	15.824
swarm_101_68.pdb	0.0	26.417	51.734	15.811
swarm_79_187.pdb	0.0	25.915	57.761	15.771
swarm_59_46.pdb	0.0	16.576	38.931	15.758
swarm_48_80.pdb	0.0	17.057	42.996	15.722
swarm_15_25.pdb	0.0	25.545	42.499	15.709
swarm_112_54.pdb	0.0	17.838	49.569	15.698
swarm_30_29.pdb	0.0	20.229	50.092	15.603
swarm_54_9.pdb	0.0	25.919	50.913	15.587
swarm_59_172.pdb	0.0	15.883	44.784	15.569
swarm_49_51.pdb	0.0	7.977	22.448	15.552
swarm_95_46.pdb	0.0	26.584	37.753	15.506
swarm_113_184.pdb	0.0217391	14.886	36.695	15.504
swarm_113_67.pdb	0.0	25.653	42.258	15.473
swarm_64_19.pdb	0.0	25.206	46.714	15.464
swarm_62_45.pdb	0.0	27.38	36.521	15.450
swarm_86_54.pdb	0.0	21.886	37.034	15.429
swarm_90_129.pdb	0.0	14.278	40.999	15.396
swarm_92_50.pdb	0.0	24.607	40.076	15.298
swarm_19_101.pdb	0.0	30.848	39.864	15.253
swarm_76_1.pdb	0.0	13.857	37.393	15.249
swarm_30_7.pdb	0.0	19.535	54.025	15.182
swarm_36_105.pdb	0.0	22.587	42.781	15.179
swarm_94_17.pdb	0.0	24.37	45.951	15.142
swarm_45_92.pdb	0.0	16.765	51.573	15.128
swarm_84_83.pdb	0.0	11.3	32.81	15.099
swarm_86_21.pdb	0.0	19.954	39.663	15.089
swarm_83_175.pdb	0.0	29.52	45.931	15.083
swarm_44_34.pdb	0.0	34.394	54.544	15.080
swarm_59_197.pdb	0.0	27.024	47.565	15.076
swarm_23_126.pdb	0.0	28.453	42.231	15.067
swarm_19_136.pdb	0.0	26.338	40.392	15.064
swarm_35_13.pdb	0.0	26.242	56.15	15.041
swarm_49_193.pdb	0.0	20.517	48.585	15.002
swarm_92_18.pdb	0.0	25.895	40.348	14.993
swarm_84_165.pdb	0.0	31.072	48.587	14.986
swarm_36_28.pdb	0.0	35.112	52.668	14.981
swarm_44_74.pdb	0.0	26.825	54.894	14.974
swarm_51_180.pdb	0.0	29.851	50.377	14.972
swarm_59_60.pdb	0.0	29.92	52.355	14.971
swarm_94_163.pdb	0.0	22.003	34.967	14.934
swarm_18_108.pdb	0.0	22.407	42.483	14.921
swarm_75_121.pdb	0.0	22.209	52.386	14.850
swarm_2_169.pdb	0.0	15.75	51.043	14.847
swarm_94_80.pdb	0.0	25.363	45.197	14.837
swarm_59_68.pdb	0.0	24.11	46.03	14.835
swarm_94_77.pdb	0.0	20.123	33.229	14.796
swarm_69_100.pdb	0.0	21.607	62.301	14.792
swarm_50_139.pdb	0.0	17.275	40.114	14.774
swarm_33_74.pdb	0.0	24.301	42.918	14.771
swarm_67_63.pdb	0.0	25.593	40.246	14.748
swarm_79_81.pdb	0.0	15.782	49.036	14.708
swarm_90_23.pdb	0.0217391	19.075	60.813	14.672
swarm_30_148.pdb	0.0	20.122	45.353	14.651
swarm_42_188.pdb	0.0	29.068	62.15	14.629
swarm_57_43.pdb	0.0	37.453	58.763	14.623
swarm_34_121.pdb	0.0	16.288	59.724	14.553
swarm_52_177.pdb	0.0	19.199	65.268	14.528
swarm_114_120.pdb	0.0	34.291	46.301	14.503
swarm_13_27.pdb	0.0	17.847	44.16	14.476
swarm_117_8.pdb	0.0	25.237	42.455	14.452
swarm_35_27.pdb	0.0	17.963	50.854	14.411
swarm_92_42.pdb	0.0	30.001	47.491	14.383
swarm_64_88.pdb	0.0	33.799	48.994	14.372
swarm_114_129.pdb	0.0	20.426	31.351	14.369
swarm_58_64.pdb	0.0	30.649	56.912	14.362
swarm_37_64.pdb	0.0	23.674	51.569	14.324
swarm_92_73.pdb	0.0	16.443	37.141	14.319
swarm_62_23.pdb	0.0	28.4	40.227	14.315
swarm_97_154.pdb	0.0	20.007	53.606	14.249
swarm_112_55.pdb	0.0	20.793	52.111	14.228
swarm_52_159.pdb	0.0	33.187	63.984	14.223
swarm_62_81.pdb	0.0	24.0	37.219	14.188
swarm_72_131.pdb	0.0	15.947	45.97	14.184
swarm_122_182.pdb	0.0	20.488	31.481	14.154
swarm_38_89.pdb	0.0	20.216	47.054	14.137
swarm_66_147.pdb	0.0	15.546	42.129	14.124
swarm_49_36.pdb	0.0	23.327	44.215	14.114
swarm_19_54.pdb	0.0	21.02	39.469	14.103
swarm_57_58.pdb	0.0	39.474	58.475	14.101
swarm_88_170.pdb	0.0	35.216	50.358	14.098
swarm_37_124.pdb	0.0	29.106	53.257	14.070
swarm_12_67.pdb	0.0	22.266	40.539	14.065
swarm_12_166.pdb	0.0	27.474	43.548	13.994
swarm_112_187.pdb	0.0	35.608	49.491	13.992
swarm_104_45.pdb	0.0	19.227	37.961	13.971
swarm_59_195.pdb	0.0	21.485	37.716	13.969
swarm_87_158.pdb	0.0	35.592	49.389	13.963
swarm_112_80.pdb	0.0	34.6	52.977	13.893
swarm_90_109.pdb	0.0	38.224	56.867	13.877
swarm_34_74.pdb	0.0	21.606	49.826	13.867
swarm_87_96.pdb	0.0	29.42	39.641	13.821
swarm_37_56.pdb	0.0	25.507	45.609	13.794
swarm_37_192.pdb	0.0	23.717	50.019	13.778
swarm_100_49.pdb	0.0	29.975	43.423	13.771
swarm_30_158.pdb	0.0	33.359	54.602	13.763
swarm_83_194.pdb	0.0	32.047	52.897	13.751
swarm_20_37.pdb	0.0	24.195	38.837	13.733
swarm_49_81.pdb	0.0	12.894	46.669	13.662
swarm_2_85.pdb	0.0	19.119	53.465	13.661
swarm_2_40.pdb	0.0	25.698	50.082	13.646
swarm_90_58.pdb	0.0	30.706	52.185	13.589
swarm_84_162.pdb	0.0	24.703	48.92	13.563
swarm_37_159.pdb	0.0	37.868	53.548	13.560
swarm_85_104.pdb	0.0	31.418	46.483	13.525
swarm_33_6.pdb	0.0	20.807	43.712	13.510
swarm_65_44.pdb	0.0	19.772	56.266	13.488
swarm_99_183.pdb	0.0	25.261	39.978	13.467
swarm_92_14.pdb	0.0	19.166	31.902	13.453
swarm_79_109.pdb	0.0	19.651	41.722	13.418
swarm_90_8.pdb	0.0	35.701	57.995	13.408
swarm_36_59.pdb	0.0	12.365	26.684	13.394
swarm_100_114.pdb	0.0	22.897	39.231	13.380
swarm_23_103.pdb	0.0	17.828	47.57	13.319
swarm_42_70.pdb	0.0	33.088	62.05	13.314
swarm_99_105.pdb	0.0	32.554	45.222	13.287
swarm_90_126.pdb	0.0	32.455	58.006	13.286
swarm_104_74.pdb	0.0	28.253	47.336	13.283
swarm_79_18.pdb	0.0	39.132	63.853	13.274
swarm_41_1.pdb	0.0	39.568	68.725	13.264
swarm_30_159.pdb	0.0	22.43	54.968	13.253
swarm_45_34.pdb	0.0	19.702	61.964	13.239
swarm_79_188.pdb	0.0	19.501	52.922	13.215
swarm_48_13.pdb	0.0	31.795	54.336	13.199
swarm_105_120.pdb	0.0	16.407	50.8	13.164
swarm_56_114.pdb	0.0	23.202	63.615	13.161
swarm_48_23.pdb	0.0	18.86	44.513	13.141
swarm_51_94.pdb	0.0	23.133	40.296	13.133
swarm_90_30.pdb	0.0	36.83	59.121	13.105
swarm_59_193.pdb	0.0	14.669	45.041	13.072
swarm_49_140.pdb	0.0	25.381	47.653	13.065
swarm_114_4.pdb	0.0	32.883	44.485	13.036
swarm_15_2.pdb	0.0	20.198	36.813	13.025
swarm_79_169.pdb	0.0	22.561	57.003	13.011
swarm_101_26.pdb	0.0	19.23	48.645	13.011
swarm_64_106.pdb	0.0	32.844	46.003	13.006
swarm_78_88.pdb	0.0	26.453	46.016	12.999
swarm_113_178.pdb	0.0	24.78	36.015	12.996
swarm_66_51.pdb	0.0	18.813	31.854	12.975
swarm_37_36.pdb	0.0	38.724	57.482	12.972
swarm_90_72.pdb	0.0	33.007	59.288	12.963
swarm_50_150.pdb	0.0	13.609	46.191	12.953
swarm_112_194.pdb	0.0	31.177	53.874	12.906
swarm_117_27.pdb	0.0	23.284	40.812	12.902
swarm_119_79.pdb	0.0	33.509	52.943	12.871
swarm_43_138.pdb	0.0	8.991	35.706	12.846
swarm_65_53.pdb	0.0	26.158	45.773	12.834
swarm_54_147.pdb	0.0	16.451	55.993	12.825
swarm_35_110.pdb	0.0	17.78	57.761	12.818
swarm_37_188.pdb	0.0	32.976	48.559	12.817
swarm_101_65.pdb	0.0	25.953	52.173	12.813
swarm_79_93.pdb	0.0	27.716	53.145	12.798
swarm_2_39.pdb	0.0	24.888	46.078	12.787
swarm_112_179.pdb	0.0	36.565	57.265	12.768
swarm_29_7.pdb	0.0	31.572	56.074	12.701
swarm_79_22.pdb	0.0	21.507	55.987	12.692
swarm_90_175.pdb	0.0	18.565	51.773	12.690
swarm_2_56.pdb	0.0	16.626	50.894	12.686
swarm_67_79.pdb	0.0	17.41	32.005	12.665
swarm_117_65.pdb	0.0	21.463	44.801	12.663
swarm_58_167.pdb	0.0	18.716	52.497	12.620
swarm_59_114.pdb	0.0	22.381	38.387	12.592
swarm_2_172.pdb	0.0	20.385	54.912	12.578
swarm_78_14.pdb	0.0	26.181	37.596	12.570
swarm_48_167.pdb	0.0	15.287	46.639	12.550
swarm_99_31.pdb	0.0	30.182	46.357	12.545
swarm_35_66.pdb	0.0	29.87	55.998	12.506
swarm_45_184.pdb	0.0	23.858	52.934	12.470
swarm_58_117.pdb	0.0	24.951	53.092	12.468
swarm_96_176.pdb	0.0	20.144	50.391	12.429
swarm_28_36.pdb	0.0	20.845	37.173	12.409
swarm_104_14.pdb	0.0	12.935	37.139	12.405
swarm_90_40.pdb	0.0	39.435	59.452	12.402
swarm_70_184.pdb	0.0	33.517	45.199	12.339
swarm_104_36.pdb	0.0	34.713	48.089	12.321
swarm_101_70.pdb	0.0	35.687	55.823	12.320
swarm_119_170.pdb	0.0	16.88	49.652	12.309
swarm_58_164.pdb	0.0	27.223	54.997	12.276
swarm_117_138.pdb	0.0	18.838	42.138	12.240
swarm_101_89.pdb	0.0	29.534	53.057	12.202
swarm_52_86.pdb	0.0	37.515	60.472	12.192
swarm_35_65.pdb	0.0	19.069	49.045	12.146
swarm_95_181.pdb	0.0	22.066	43.425	12.142
swarm_37_135.pdb	0.0	20.108	58.138	12.110
swarm_28_198.pdb	0.0	24.259	39.95	12.065
swarm_33_14.pdb	0.0	20.53	49.855	12.032
swarm_101_153.pdb	0.0	21.828	43.882	12.009
swarm_61_10.pdb	0.0	21.523	71.071	11.990
swarm_56_23.pdb	0.0	40.251	66.249	11.980
swarm_122_78.pdb	0.0	23.105	32.745	11.974
swarm_99_14.pdb	0.0	18.139	50.588	11.966
swarm_28_134.pdb	0.0	24.38	35.797	11.943
swarm_86_122.pdb	0.0	31.419	43.413	11.931
swarm_79_114.pdb	0.0	18.353	51.301	11.791
swarm_29_183.pdb	0.0	22.848	43.408	11.784
swarm_62_85.pdb	0.0	26.807	43.799	11.777
swarm_55_41.pdb	0.0	22.662	60.746	11.764
swarm_36_137.pdb	0.0	28.582	52.807	11.733
swarm_70_42.pdb	0.0201342	20.86	31.84	11.732
swarm_94_173.pdb	0.0	27.651	38.487	11.731
swarm_74_91.pdb	0.0	23.038	47.971	11.655
swarm_48_134.pdb	0.0	31.301	46.621	11.654
swarm_34_174.pdb	0.0	23.438	55.255	11.622
swarm_111_148.pdb	0.0	30.442	41.807	11.618
swarm_44_39.pdb	0.0	25.207	50.3	11.593
swarm_76_100.pdb	0.0	27.246	45.584	11.582
swarm_44_71.pdb	0.0	32.462	53.327	11.542
swarm_54_186.pdb	0.0	19.533	51.728	11.536
swarm_72_196.pdb	0.0	15.908	40.992	11.510
swarm_112_64.pdb	0.0	36.918	53.481	11.498
swarm_51_58.pdb	0.0	25.349	48.002	11.481
swarm_70_119.pdb	0.0	17.937	24.486	11.480
swarm_66_154.pdb	0.0	23.743	42.29	11.471
swarm_87_38.pdb	0.0	27.876	40.949	11.468
swarm_29_9.pdb	0.0	32.195	46.817	11.426
swarm_30_140.pdb	0.0	15.242	52.509	11.420
swarm_112_127.pdb	0.0	28.93	44.7	11.411
swarm_101_22.pdb	0.0	30.473	49.281	11.398
swarm_30_177.pdb	0.0	26.339	58.821	11.390
swarm_29_60.pdb	0.0	20.118	41.98	11.353
swarm_112_75.pdb	0.0	22.839	47.025	11.340
swarm_50_92.pdb	0.0	27.797	47.412	11.325
swarm_113_47.pdb	0.0	17.991	44.011	11.271
swarm_104_9.pdb	0.0	15.435	36.836	11.238
swarm_50_35.pdb	0.0	28.561	50.007	11.212
swarm_72_41.pdb	0.0	26.892	41.013	11.126
swarm_20_157.pdb	0.0	12.185	44.886	11.079
swarm_101_63.pdb	0.0	38.739	57.426	11.078
swarm_54_34.pdb	0.0	28.194	53.801	11.061
swarm_37_87.pdb	0.0	18.127	44.938	11.057
swarm_54_127.pdb	0.0	26.972	53.09	11.010
swarm_35_89.pdb	0.0	16.422	61.645	11.005
swarm_69_7.pdb	0.0	13.657	50.64	11.001
swarm_63_24.pdb	0.0	28.177	52.233	10.996
swarm_56_98.pdb	0.0	31.293	61.252	10.989
swarm_72_50.pdb	0.0	22.348	49.844	10.900
swarm_0_29.pdb	0.0	17.693	44.208	10.869
swarm_72_158.pdb	0.0	32.903	55.985	10.867
swarm_48_75.pdb	0.0	35.958	54.022	10.856
swarm_35_140.pdb	0.0	29.959	48.429	10.848
swarm_49_8.pdb	0.0	31.403	45.913	10.844
swarm_34_176.pdb	0.0	28.0	56.193	10.828
swarm_41_89.pdb	0.0	39.234	66.788	10.821
swarm_84_187.pdb	0.0	32.306	46.643	10.732
swarm_119_50.pdb	0.0	22.955	43.737	10.714
swarm_87_85.pdb	0.0	21.368	44.938	10.692
swarm_2_183.pdb	0.0	26.999	43.194	10.692
swarm_28_26.pdb	0.0	31.09	50.916	10.687
swarm_49_101.pdb	0.0	31.825	46.07	10.684
swarm_95_160.pdb	0.0	33.685	47.435	10.676
swarm_37_139.pdb	0.0	28.923	62.416	10.672
swarm_76_88.pdb	0.0	34.182	47.577	10.669
swarm_65_2.pdb	0.0	15.237	36.967	10.634
swarm_45_6.pdb	0.0	37.342	70.175	10.634
swarm_58_78.pdb	0.0	29.089	59.588	10.632
swarm_92_180.pdb	0.0	27.652	46.569	10.612
swarm_43_16.pdb	0.0	13.215	43.894	10.612
swarm_48_166.pdb	0.0	29.432	47.038	10.580
swarm_44_14.pdb	0.0	22.449	45.975	10.559
swarm_58_36.pdb	0.0	24.184	52.385	10.509
swarm_58_159.pdb	0.0	32.752	61.805	10.509
swarm_72_160.pdb	0.0	29.995	42.734	10.504
swarm_56_158.pdb	0.0	29.148	55.382	10.479
swarm_51_185.pdb	0.0	23.807	47.751	10.447
swarm_84_125.pdb	0.0	25.131	39.526	10.445
swarm_83_74.pdb	0.0	36.0	54.211	10.440
swarm_35_191.pdb	0.0	23.023	57.874	10.421
swarm_52_94.pdb	0.0	29.14	61.489	10.405
swarm_58_99.pdb	0.0	31.259	58.771	10.402
swarm_63_115.pdb	0.0	26.378	61.717	10.386
swarm_70_99.pdb	0.0	19.424	26.973	10.337
swarm_58_0.pdb	0.0	29.659	55.982	10.327
swarm_34_100.pdb	0.0	31.721	49.872	10.304
swarm_51_127.pdb	0.0	30.758	53.593	10.293
swarm_41_12.pdb	0.0	24.992	63.055	10.289
swarm_47_181.pdb	0.0	22.349	52.541	10.284
swarm_52_42.pdb	0.0	18.18	56.95	10.256
swarm_7_193.pdb	0.0	23.085	54.065	10.239
swarm_104_184.pdb	0.0	29.969	47.486	10.170
swarm_99_19.pdb	0.0	21.549	39.058	10.156
swarm_90_178.pdb	0.0	26.322	54.971	10.140
swarm_84_37.pdb	0.0	25.581	45.103	10.118
swarm_2_8.pdb	0.0	28.746	51.063	10.112
swarm_64_59.pdb	0.0	34.49	50.186	10.086
swarm_78_30.pdb	0.0	23.024	40.187	10.074
swarm_79_28.pdb	0.0	24.505	47.688	10.010
swarm_35_98.pdb	0.0	30.002	59.893	9.981
swarm_120_179.pdb	0.0	26.057	44.784	9.922
swarm_79_136.pdb	0.0	27.612	54.005	9.920
swarm_2_112.pdb	0.0	25.41	48.587	9.890
swarm_36_58.pdb	0.0	17.106	32.199	9.869
swarm_36_23.pdb	0.0	24.283	38.21	9.856
swarm_42_174.pdb	0.0	27.369	68.757	9.852
swarm_57_70.pdb	0.0	23.105	49.07	9.816
swarm_35_8.pdb	0.0	33.093	62.006	9.808
swarm_69_181.pdb	0.0	13.223	56.727	9.792
swarm_0_187.pdb	0.0	38.597	58.98	9.759
swarm_63_27.pdb	0.0	22.441	41.635	9.716
swarm_69_169.pdb	0.0	37.785	57.461	9.703
swarm_101_179.pdb	0.0	35.38	57.027	9.703
swarm_112_72.pdb	0.0	26.19	48.981	9.694
swarm_87_3.pdb	0.0	15.527	30.994	9.689
swarm_13_182.pdb	0.0	30.433	38.741	9.654
swarm_37_108.pdb	0.0	32.832	50.263	9.562
swarm_44_192.pdb	0.0	33.128	50.391	9.557
swarm_112_190.pdb	0.0	18.936	50.21	9.544
swarm_42_68.pdb	0.0	32.035	59.97	9.542
swarm_57_89.pdb	0.0	26.47	51.075	9.523
swarm_44_84.pdb	0.0	29.983	49.874	9.516
swarm_54_78.pdb	0.0	24.794	53.474	9.494
swarm_33_35.pdb	0.0	28.824	52.051	9.487
swarm_84_79.pdb	0.0	26.965	39.935	9.486
swarm_41_52.pdb	0.0	37.106	68.204	9.479
swarm_45_73.pdb	0.0	21.199	52.728	9.395
swarm_52_132.pdb	0.0	20.859	61.503	9.367
swarm_90_151.pdb	0.0	15.374	41.597	9.360
swarm_44_16.pdb	0.0	23.354	47.297	9.320
swarm_101_9.pdb	0.0	21.037	51.529	9.299
swarm_34_99.pdb	0.0	32.478	58.411	9.283
swarm_2_118.pdb	0.0	35.977	58.849	9.255
swarm_34_103.pdb	0.0	21.244	53.525	9.254
swarm_51_154.pdb	0.0	32.941	56.773	9.224
swarm_33_156.pdb	0.0	23.095	47.227	9.216
swarm_29_153.pdb	0.0	24.932	53.506	9.202
swarm_87_41.pdb	0.0	28.726	43.199	9.189
swarm_63_130.pdb	0.0	30.728	67.382	9.158
swarm_79_27.pdb	0.0	24.067	50.833	9.152
swarm_101_17.pdb	0.0	16.159	38.221	9.142
swarm_41_116.pdb	0.0	28.329	69.277	9.115
swarm_2_13.pdb	0.0	26.756	48.054	9.102
swarm_63_19.pdb	0.0	20.038	65.364	9.101
swarm_42_183.pdb	0.0	28.359	60.523	9.092
swarm_41_156.pdb	0.0	30.63	72.233	9.091
swarm_51_136.pdb	0.0	33.2	53.217	9.040
swarm_59_122.pdb	0.0	33.805	48.417	9.039
swarm_33_65.pdb	0.0	21.465	37.787	9.030
swarm_52_105.pdb	0.0	27.781	64.404	9.024
swarm_55_45.pdb	0.0	41.172	64.791	9.000
swarm_59_4.pdb	0.0	27.103	38.87	8.976
swarm_100_162.pdb	0.0	28.33	38.22	8.969
swarm_45_63.pdb	0.0	40.034	66.148	8.947
swarm_42_138.pdb	0.0	38.458	64.557	8.927
swarm_95_101.pdb	0.0	26.331	45.211	8.850
swarm_42_46.pdb	0.0	20.952	61.678	8.842
swarm_78_145.pdb	0.0	20.87	35.443	8.820
swarm_0_68.pdb	0.0	31.569	56.767	8.778
swarm_45_60.pdb	0.0	22.606	54.645	8.747
swarm_99_141.pdb	0.0	21.464	38.431	8.730
swarm_55_113.pdb	0.0	35.894	65.164	8.729
swarm_73_131.pdb	0.0	16.527	57.566	8.723
swarm_104_81.pdb	0.0	22.281	43.896	8.703
swarm_30_28.pdb	0.0	20.142	57.283	8.682
swarm_86_26.pdb	0.0	18.372	49.343	8.670
swarm_51_174.pdb	0.0	34.707	50.005	8.669
swarm_51_97.pdb	0.0	30.583	49.028	8.668
swarm_29_31.pdb	0.0	26.231	50.612	8.635
swarm_29_3.pdb	0.0	25.585	55.43	8.576
swarm_70_149.pdb	0.0	19.878	31.899	8.566
swarm_45_19.pdb	0.0	39.955	63.976	8.541
swarm_122_46.pdb	0.0	25.135	34.833	8.492
swarm_28_1.pdb	0.0	35.864	48.015	8.490
swarm_29_91.pdb	0.0	26.477	46.892	8.472
swarm_28_65.pdb	0.0	29.307	52.789	8.455
swarm_8_131.pdb	0.0	17.372	25.903	8.426
swarm_79_175.pdb	0.0	25.232	59.933	8.408
swarm_112_22.pdb	0.0	38.48	56.989	8.365
swarm_54_5.pdb	0.0	23.622	53.286	8.331
swarm_101_149.pdb	0.0	13.827	52.505	8.326
swarm_0_12.pdb	0.0	8.871	40.613	8.317
swarm_34_98.pdb	0.0	20.088	57.382	8.314
swarm_73_56.pdb	0.0	23.845	62.062	8.303
swarm_101_148.pdb	0.0	37.317	57.466	8.298
swarm_59_7.pdb	0.0	33.516	50.56	8.289
swarm_33_68.pdb	0.0	34.289	51.342	8.289
swarm_41_194.pdb	0.0	31.958	64.989	8.285
swarm_56_18.pdb	0.0	32.234	57.547	8.217
swarm_79_131.pdb	0.0	33.113	65.312	8.213
swarm_37_119.pdb	0.0	14.49	48.134	8.202
swarm_52_11.pdb	0.0	32.525	62.944	8.169
swarm_55_59.pdb	0.0	27.402	57.159	8.149
swarm_79_82.pdb	0.0	34.729	66.454	8.121
swarm_35_5.pdb	0.0	35.731	64.035	8.103
swarm_120_134.pdb	0.0	28.714	39.504	8.075
swarm_56_45.pdb	0.0	28.824	63.431	8.017
swarm_34_128.pdb	0.0	22.422	55.183	8.010
swarm_13_196.pdb	0.0	20.587	38.785	8.003
swarm_64_80.pdb	0.0	26.068	40.371	7.990
swarm_42_133.pdb	0.0	22.6	69.35	7.934
swarm_70_193.pdb	0.0	31.494	47.137	7.915
swarm_58_161.pdb	0.0	24.902	56.304	7.904
swarm_111_114.pdb	0.0	27.743	37.611	7.880
swarm_34_181.pdb	0.0	16.869	51.391	7.859
swarm_55_44.pdb	0.0	36.697	67.983	7.812
swarm_105_101.pdb	0.0	31.033	52.36	7.779
swarm_34_23.pdb	0.0	39.08	59.612	7.766
swarm_63_18.pdb	0.0	20.969	43.24	7.762
swarm_2_76.pdb	0.0	17.349	53.839	7.730
swarm_56_172.pdb	0.0	24.007	61.945	7.713
swarm_64_117.pdb	0.0	21.793	46.907	7.667
swarm_56_99.pdb	0.0	19.42	61.197	7.644
swarm_54_140.pdb	0.0	25.807	53.062	7.636
swarm_28_175.pdb	0.0	32.366	46.503	7.614
swarm_47_21.pdb	0.0	31.843	45.371	7.606
swarm_30_183.pdb	0.0	29.907	60.227	7.584
swarm_52_142.pdb	0.0	34.031	58.191	7.549
swarm_12_140.pdb	0.0	24.496	46.069	7.541
swarm_73_96.pdb	0.0	14.492	49.615	7.537
swarm_100_42.pdb	0.0	33.863	45.725	7.532
swarm_41_135.pdb	0.0	33.438	61.398	7.530
swarm_96_92.pdb	0.0	24.116	47.739	7.522
swarm_42_139.pdb	0.0	16.753	60.611	7.468
swarm_54_130.pdb	0.0	29.038	61.101	7.456
swarm_74_83.pdb	0.0	20.822	52.107	7.435
swarm_95_116.pdb	0.0	33.257	46.683	7.408
swarm_87_43.pdb	0.0	23.037	42.898	7.404
swarm_63_196.pdb	0.0	27.794	56.668	7.400
swarm_30_176.pdb	0.0	12.793	57.854	7.369
swarm_54_134.pdb	0.0	33.311	57.953	7.289
swarm_61_172.pdb	0.0	32.226	74.005	7.278
swarm_57_120.pdb	0.0	33.879	56.158	7.222
swarm_54_102.pdb	0.0	24.132	51.959	7.215
swarm_57_45.pdb	0.0	31.58	51.745	7.182
swarm_41_78.pdb	0.0	36.603	69.065	7.176
swarm_25_140.pdb	0.0	11.309	44.77	7.122
swarm_30_83.pdb	0.0	36.48	63.224	6.999
swarm_30_154.pdb	0.0	33.53	61.705	6.978
swarm_0_196.pdb	0.0	21.487	50.849	6.931
swarm_59_128.pdb	0.0	34.73	45.702	6.907
swarm_49_172.pdb	0.0	13.512	37.108	6.905
swarm_33_36.pdb	0.0	24.15	45.738	6.886
swarm_29_118.pdb	0.0	24.838	44.155	6.836
swarm_2_108.pdb	0.0	24.256	47.956	6.834
swarm_99_128.pdb	0.0	19.435	44.869	6.827
swarm_36_13.pdb	0.0	32.222	47.865	6.789
swarm_30_15.pdb	0.0	37.93	59.591	6.766
swarm_101_86.pdb	0.0	37.069	52.505	6.746
swarm_109_96.pdb	0.0	26.461	48.182	6.702
swarm_69_103.pdb	0.0	23.162	61.029	6.675
swarm_87_78.pdb	0.0	19.858	36.241	6.667
swarm_41_30.pdb	0.0	19.947	63.222	6.644
swarm_28_164.pdb	0.0	28.364	41.342	6.621
swarm_2_128.pdb	0.0	16.323	53.394	6.606
swarm_105_32.pdb	0.0	16.181	47.616	6.578
swarm_0_33.pdb	0.0	25.503	47.217	6.544
swarm_42_145.pdb	0.0	25.454	66.256	6.540
swarm_33_86.pdb	0.0	31.803	48.607	6.479
swarm_41_37.pdb	0.0	33.592	62.417	6.454
swarm_54_16.pdb	0.0	13.703	50.338	6.317
swarm_99_22.pdb	0.0	27.73	44.646	6.289
swarm_69_53.pdb	0.0	14.687	47.179	6.249
swarm_7_196.pdb	0.0	36.606	53.188	6.211
swarm_78_96.pdb	0.0	23.761	37.754	6.196
swarm_25_121.pdb	0.0	20.056	42.277	6.195
swarm_51_123.pdb	0.0	21.619	49.24	6.171
swarm_41_187.pdb	0.0	27.029	66.4	6.166
swarm_54_88.pdb	0.0	21.005	55.726	6.118
swarm_78_9.pdb	0.0	23.456	38.945	6.009
swarm_54_170.pdb	0.0	32.697	56.393	5.962
swarm_119_14.pdb	0.0	21.889	45.188	5.919
swarm_28_112.pdb	0.0	28.862	52.737	5.881
swarm_57_92.pdb	0.0	30.259	57.006	5.867
swarm_30_47.pdb	0.0	30.28	57.272	5.854
swarm_97_45.pdb	0.0	35.913	52.536	5.820
swarm_75_106.pdb	0.0	14.409	52.201	5.812
swarm_70_29.pdb	0.0	23.762	30.718	5.727
swarm_7_168.pdb	0.0	22.313	51.145	5.711
swarm_13_164.pdb	0.0	21.741	51.53	5.659
swarm_20_160.pdb	0.0	27.983	39.501	5.532
swarm_81_40.pdb	0.0	30.653	65.93	5.513
swarm_0_172.pdb	0.0	35.569	53.229	5.423
swarm_87_9.pdb	0.0	34.075	46.908	5.394
swarm_81_66.pdb	0.0	34.986	68.585	5.384
swarm_68_28.pdb	0.0	31.565	55.109	5.382
swarm_28_102.pdb	0.0	32.044	43.405	5.376
swarm_88_75.pdb	0.0	12.979	45.083	5.351
swarm_13_170.pdb	0.0	26.936	43.224	5.155
swarm_42_95.pdb	0.0	15.787	62.591	5.049
swarm_28_131.pdb	0.0	27.285	47.19	5.032
swarm_92_79.pdb	0.0	26.556	46.544	5.019
swarm_101_8.pdb	0.0	33.765	60.595	4.977
swarm_7_5.pdb	0.0	14.751	49.755	4.974
swarm_85_117.pdb	0.0	25.275	44.224	4.933
swarm_83_118.pdb	0.0	35.516	55.981	4.929
swarm_119_132.pdb	0.0	20.804	46.011	4.918
swarm_95_191.pdb	0.0	35.097	48.714	4.858
swarm_105_103.pdb	0.0	18.264	40.828	4.834
swarm_56_139.pdb	0.0	30.462	60.831	4.717
swarm_99_111.pdb	0.0	32.519	51.204	4.701
swarm_61_184.pdb	0.0	24.702	72.869	4.672
swarm_28_20.pdb	0.0	30.828	53.213	4.648
swarm_45_181.pdb	0.0	18.007	67.302	4.626
swarm_97_40.pdb	0.0	32.085	46.924	4.619
swarm_105_71.pdb	0.0	24.732	51.176	4.586
swarm_25_94.pdb	0.0	13.357	38.718	4.511
swarm_0_130.pdb	0.0	34.818	55.117	4.492
swarm_120_63.pdb	0.0	23.736	41.712	4.394
swarm_60_86.pdb	0.0	21.597	70.838	4.341
swarm_30_58.pdb	0.0	30.971	57.342	4.316
swarm_52_56.pdb	0.0	18.604	61.311	4.294
swarm_34_80.pdb	0.0	18.69	56.653	4.258
swarm_74_43.pdb	0.0	24.357	41.381	4.225
swarm_0_124.pdb	0.0	32.596	51.115	4.189
swarm_52_38.pdb	0.0	18.814	57.68	4.179
swarm_19_9.pdb	0.0	21.908	40.461	4.142
swarm_105_155.pdb	0.0	27.711	54.932	4.115
swarm_65_197.pdb	0.0	24.591	54.848	4.034
swarm_15_48.pdb	0.0	29.523	44.978	4.016
swarm_100_20.pdb	0.0	28.598	43.923	4.007
swarm_99_142.pdb	0.0	21.415	45.008	3.918
swarm_57_183.pdb	0.0	34.21	59.095	3.847
swarm_61_22.pdb	0.0	21.02	64.488	3.843
swarm_47_84.pdb	0.0	29.38	48.825	3.842
swarm_83_37.pdb	0.0	27.057	51.15	3.765
swarm_79_185.pdb	0.0	14.493	59.145	3.756
swarm_44_197.pdb	0.0	36.667	57.465	3.656
swarm_63_4.pdb	0.0217391	18.08	57.373	3.629
swarm_52_24.pdb	0.0	30.739	60.181	3.588
swarm_64_20.pdb	0.0	32.101	44.018	3.541
swarm_101_117.pdb	0.0	32.292	57.561	3.515
swarm_42_116.pdb	0.0	18.784	59.678	3.476
swarm_99_104.pdb	0.00671141	21.541	35.134	3.448
swarm_42_186.pdb	0.0	30.084	60.064	3.448
swarm_73_106.pdb	0.0	39.852	62.112	3.340
swarm_18_19.pdb	0.0	13.761	39.469	3.286
swarm_90_94.pdb	0.0	40.154	66.104	3.251
swarm_105_0.pdb	0.0	32.138	53.398	3.233
swarm_42_113.pdb	0.0	14.862	59.645	3.226
swarm_21_67.pdb	0.0	24.266	42.83	3.202
swarm_20_191.pdb	0.0	22.807	40.14	3.166
swarm_70_100.pdb	0.0	22.472	40.6	3.121
swarm_43_143.pdb	0.0	11.951	43.008	3.054
swarm_102_66.pdb	0.0	30.021	46.266	3.048
swarm_91_89.pdb	0.0	25.401	70.332	2.996
swarm_36_131.pdb	0.0	20.882	41.817	2.816
swarm_67_52.pdb	0.0	24.035	49.877	2.777
swarm_64_29.pdb	0.0	21.113	44.787	2.651
swarm_56_6.pdb	0.0	29.725	61.761	2.579
swarm_102_14.pdb	0.0	31.624	42.633	2.490
swarm_15_77.pdb	0.0	27.583	43.75	2.457
swarm_43_37.pdb	0.0	19.191	53.515	2.318
swarm_15_166.pdb	0.0	32.085	48.51	2.302
swarm_42_150.pdb	0.0	19.776	68.612	2.219
swarm_52_44.pdb	0.0	23.034	47.797	2.189
swarm_43_65.pdb	0.0	18.105	51.703	2.121
swarm_0_128.pdb	0.0	11.951	45.962	2.098
swarm_68_56.pdb	0.0	25.703	54.221	2.086
swarm_88_55.pdb	0.0	36.174	57.44	2.016
swarm_55_189.pdb	0.0	32.034	55.514	2.008
swarm_111_74.pdb	0.0	23.965	44.127	1.988
swarm_85_82.pdb	0.0	18.915	40.879	1.975
swarm_105_37.pdb	0.0	11.615	31.149	1.972
swarm_75_18.pdb	0.0	35.834	54.432	1.916
swarm_102_94.pdb	0.0	15.993	30.361	1.911
swarm_63_66.pdb	0.0	28.17	58.3	1.874
swarm_78_109.pdb	0.0	30.228	46.55	1.838
swarm_83_116.pdb	0.0	20.997	56.79	1.833
swarm_37_42.pdb	0.0	34.0	47.044	1.770
swarm_44_161.pdb	0.0217391	20.645	50.5	1.751
swarm_55_104.pdb	0.0	28.418	64.818	1.659
swarm_68_181.pdb	0.0	22.256	55.148	1.641
swarm_75_102.pdb	0.0	25.183	60.242	1.602
swarm_81_147.pdb	0.0	27.641	60.796	1.538
swarm_0_70.pdb	0.0	35.325	55.711	1.467
swarm_0_43.pdb	0.0	28.916	48.663	1.436
swarm_13_0.pdb	0.0	30.43	50.189	1.435
swarm_117_196.pdb	0.0	25.737	50.285	1.359
swarm_57_28.pdb	0.0	30.618	58.463	1.275
swarm_58_116.pdb	0.0	34.085	60.088	1.247
swarm_77_80.pdb	0.0	24.449	50.565	1.146
swarm_43_95.pdb	0.0	35.894	55.789	1.119
swarm_13_110.pdb	0.0	26.385	49.272	1.113
swarm_96_10.pdb	0.0	34.046	51.633	1.080
swarm_86_151.pdb	0.0	23.682	30.121	1.044
swarm_93_40.pdb	0.0434783	22.761	65.272	0.977
swarm_68_170.pdb	0.0	19.231	48.797	0.880
swarm_0_27.pdb	0.0	38.256	56.924	0.866
swarm_73_161.pdb	0.0	34.173	57.733	0.799
swarm_72_83.pdb	0.0	15.094	39.593	0.771
swarm_117_183.pdb	0.0	24.466	44.052	0.697
swarm_98_145.pdb	0.0	22.933	55.643	0.694
swarm_97_199.pdb	0.0	21.283	38.536	0.534
swarm_45_18.pdb	0.0	18.764	62.236	0.367
swarm_70_135.pdb	0.0	29.201	48.545	0.339
swarm_38_84.pdb	0.0	23.324	37.394	0.332
swarm_52_182.pdb	0.0	23.67	66.686	0.304
swarm_97_109.pdb	0.0	19.972	42.846	0.202
swarm_96_134.pdb	0.0	36.588	52.875	0.163
swarm_5_50.pdb	0.0	18.442	30.165	-0.005
swarm_44_121.pdb	0.0	37.691	55.191	-0.075
swarm_41_55.pdb	0.0	42.277	65.034	-0.095
swarm_0_80.pdb	0.0	31.734	54.371	-0.112
swarm_55_197.pdb	0.0	23.886	62.09	-0.147
swarm_105_83.pdb	0.0	34.124	59.303	-0.180
swarm_100_54.pdb	0.0	19.804	29.162	-0.244
swarm_7_119.pdb	0.0	32.53	61.413	-0.281
swarm_78_154.pdb	0.0	29.645	48.501	-0.299
swarm_81_65.pdb	0.0	38.47	66.027	-0.355
swarm_56_156.pdb	0.0	27.25	66.653	-0.362
swarm_91_193.pdb	0.0	23.034	72.029	-0.368
swarm_59_149.pdb	0.0	29.722	49.593	-0.455
swarm_110_94.pdb	0.0	21.078	56.362	-0.502
swarm_61_38.pdb	0.0	25.795	74.005	-0.538
swarm_88_17.pdb	0.0	22.085	58.072	-0.543
swarm_57_8.pdb	0.0	31.722	49.736	-0.580
swarm_38_17.pdb	0.0	22.908	51.867	-0.624
swarm_113_96.pdb	0.0	26.02	43.938	-0.849
swarm_74_40.pdb	0.0	25.198	53.245	-0.859
swarm_75_148.pdb	0.0	38.311	60.89	-0.903
swarm_54_0.pdb	0.0	34.449	61.881	-0.940
swarm_104_111.pdb	0.0	21.187	39.531	-0.983
swarm_100_22.pdb	0.0	23.553	49.425	-0.986
swarm_78_11.pdb	0.0	31.226	46.885	-1.035
swarm_109_62.pdb	0.0	23.006	59.364	-1.192
swarm_35_164.pdb	0.0	16.714	50.218	-1.230
swarm_105_66.pdb	0.0	16.465	50.677	-1.239
swarm_58_168.pdb	0.0	26.567	55.572	-1.264
swarm_65_97.pdb	0.0217391	21.744	54.293	-1.335
swarm_60_10.pdb	0.0	19.837	65.217	-1.338
swarm_75_188.pdb	0.0	21.194	54.33	-1.350
swarm_97_121.pdb	0.0	13.163	49.971	-1.431
swarm_68_161.pdb	0.0	36.815	53.287	-1.433
swarm_55_58.pdb	0.0	25.644	67.389	-1.433
swarm_68_134.pdb	0.0	28.862	57.022	-1.434
swarm_33_107.pdb	0.0	28.769	48.67	-1.441
swarm_122_42.pdb	0.0	26.342	34.895	-1.455
swarm_42_22.pdb	0.0	35.492	62.745	-1.544
swarm_54_118.pdb	0.0	35.046	59.62	-1.582
swarm_70_143.pdb	0.0	16.772	39.091	-1.588
swarm_30_6.pdb	0.0	25.554	51.047	-1.602
swarm_91_98.pdb	0.0	40.466	69.328	-1.644
swarm_96_93.pdb	0.0	32.249	46.876	-1.692
swarm_60_99.pdb	0.0	42.323	71.747	-1.803
swarm_43_28.pdb	0.0	25.901	47.821	-1.847
swarm_73_78.pdb	0.0217391	20.711	57.615	-2.046
swarm_68_166.pdb	0.0	26.621	56.53	-2.077
swarm_87_187.pdb	0.0	25.138	43.908	-2.092
swarm_43_22.pdb	0.0	24.385	46.478	-2.116
swarm_99_12.pdb	0.0	28.731	44.808	-2.224
swarm_37_11.pdb	0.0	30.587	53.335	-2.283
swarm_81_37.pdb	0.0	23.182	73.673	-2.302
swarm_30_82.pdb	0.0	25.653	56.181	-2.303
swarm_99_101.pdb	0.0	27.931	48.043	-2.359
swarm_70_21.pdb	0.0134228	23.548	48.438	-2.403
swarm_78_73.pdb	0.0	32.327	44.232	-2.434
swarm_101_176.pdb	0.0	19.002	49.462	-2.465
swarm_61_152.pdb	0.0	38.985	78.235	-2.627
swarm_61_183.pdb	0.0	37.045	74.793	-2.632
swarm_106_25.pdb	0.0	21.214	59.709	-2.725
swarm_13_45.pdb	0.0	35.064	55.751	-2.765
swarm_119_142.pdb	0.0	23.064	48.542	-2.799
swarm_74_28.pdb	0.0	32.306	58.257	-3.031
swarm_13_72.pdb	0.0	10.917	41.999	-3.081
swarm_38_119.pdb	0.0	14.089	36.839	-3.084
swarm_75_136.pdb	0.0	16.611	53.846	-3.088
swarm_13_64.pdb	0.0	36.214	53.587	-3.095
swarm_77_15.pdb	0.0134228	24.608	33.615	-3.161
swarm_60_174.pdb	0.0	33.376	72.657	-3.163
swarm_7_35.pdb	0.0	31.744	55.848	-3.252
swarm_41_16.pdb	0.0	35.682	64.407	-3.337
swarm_43_85.pdb	0.0	32.488	55.813	-3.340
swarm_106_176.pdb	0.0	20.9	60.021	-3.394
swarm_74_92.pdb	0.0	23.062	46.215	-3.397
swarm_33_32.pdb	0.0	27.228	52.347	-3.510
swarm_47_184.pdb	0.0	36.881	54.663	-3.554
swarm_96_142.pdb	0.0	25.111	50.073	-3.592
swarm_38_136.pdb	0.0	22.783	47.274	-3.601
swarm_115_88.pdb	0.0	12.307	51.73	-3.646
swarm_68_48.pdb	0.0	19.4	40.484	-3.671
swarm_13_93.pdb	0.0	23.784	47.678	-3.750
swarm_81_173.pdb	0.0	19.298	53.72	-3.756
swarm_13_121.pdb	0.0	22.583	43.409	-3.963
swarm_113_125.pdb	0.0	30.616	47.993	-3.967
swarm_80_161.pdb	0.0	25.046	70.175	-4.026
swarm_106_112.pdb	0.0	21.593	60.966	-4.043
swarm_71_54.pdb	0.0	29.937	58.669	-4.068
swarm_110_37.pdb	0.0	12.938	48.332	-4.082
swarm_74_128.pdb	0.0	31.719	55.209	-4.114
swarm_77_29.pdb	0.0201342	25.908	37.699	-4.142
swarm_107_71.pdb	0.0	38.378	58.111	-4.188
swarm_99_126.pdb	0.0	24.601	53.035	-4.206
swarm_33_106.pdb	0.0	24.14	42.098	-4.209
swarm_5_14.pdb	0.0	29.035	50.994	-4.236
swarm_103_35.pdb	0.0	24.337	62.819	-4.310
swarm_105_38.pdb	0.0	27.053	51.145	-4.313
swarm_33_47.pdb	0.0	28.416	47.487	-4.315
swarm_69_101.pdb	0.0	24.319	55.713	-4.363
swarm_99_34.pdb	0.0	17.045	36.065	-4.369
swarm_41_66.pdb	0.0	30.618	74.231	-4.376
swarm_117_41.pdb	0.0	23.944	45.404	-4.384
swarm_64_167.pdb	0.0	32.605	50.747	-4.433
swarm_60_75.pdb	0.0	39.224	71.369	-4.522
swarm_51_2.pdb	0.0	20.038	43.58	-4.535
swarm_73_18.pdb	0.0	22.775	53.517	-4.604
swarm_12_131.pdb	0.00671141	17.659	33.951	-4.679
swarm_97_36.pdb	0.0	23.503	39.873	-4.740
swarm_106_2.pdb	0.0	26.902	60.964	-4.832
swarm_105_111.pdb	0.0	25.32	57.267	-4.853
swarm_103_107.pdb	0.0	22.153	56.619	-4.889
swarm_1_56.pdb	0.0	23.443	51.067	-5.000
swarm_97_32.pdb	0.0	24.068	49.39	-5.054
swarm_74_197.pdb	0.0	26.556	56.706	-5.068
swarm_44_49.pdb	0.0	31.672	54.324	-5.201
swarm_88_22.pdb	0.0	24.729	53.309	-5.259
swarm_0_191.pdb	0.0	22.48	48.803	-5.261
swarm_71_198.pdb	0.0	18.763	59.887	-5.272
swarm_57_48.pdb	0.0	34.738	56.15	-5.293
swarm_83_22.pdb	0.0	21.498	35.333	-5.301
swarm_51_78.pdb	0.0	31.187	53.709	-5.318
swarm_58_123.pdb	0.0	28.542	55.961	-5.331
swarm_44_18.pdb	0.0	27.752	52.825	-5.358
swarm_106_170.pdb	0.0	33.44	64.675	-5.367
swarm_43_6.pdb	0.00671141	31.036	52.538	-5.378
swarm_106_159.pdb	0.0	28.201	63.832	-5.393
swarm_89_71.pdb	0.0	37.829	62.42	-5.435
swarm_36_186.pdb	0.0	36.822	55.036	-5.451
swarm_98_61.pdb	0.0217391	23.688	36.958	-5.488
swarm_61_173.pdb	0.0	23.811	72.649	-5.491
swarm_46_194.pdb	0.0	32.803	54.942	-5.516
swarm_93_164.pdb	0.0	35.374	62.165	-5.561
swarm_43_55.pdb	0.0	21.227	45.593	-5.579
swarm_75_30.pdb	0.0	23.041	62.258	-5.582
swarm_0_8.pdb	0.0	35.639	58.685	-5.796
swarm_73_28.pdb	0.0	37.483	59.688	-5.833
swarm_0_190.pdb	0.0	37.828	60.368	-5.967
swarm_81_35.pdb	0.0	28.51	69.542	-6.043
swarm_105_95.pdb	0.0	22.171	49.012	-6.071
swarm_45_147.pdb	0.0	22.471	71.09	-6.080
swarm_83_164.pdb	0.108696	25.811	37.084	-6.092
swarm_57_153.pdb	0.0	22.24	50.695	-6.196
swarm_58_61.pdb	0.0	22.727	53.908	-6.241
swarm_5_92.pdb	0.0	21.958	49.201	-6.245
swarm_41_2.pdb	0.0	21.318	62.12	-6.274
swarm_13_127.pdb	0.00671141	28.46	56.694	-6.376
swarm_57_127.pdb	0.0	19.609	55.708	-6.379
swarm_63_108.pdb	0.0	18.789	61.25	-6.441
swarm_47_18.pdb	0.0	35.466	56.02	-6.456
swarm_81_62.pdb	0.108696	19.95	64.232	-6.473
swarm_98_68.pdb	0.0	31.806	54.09	-6.502
swarm_40_12.pdb	0.0	25.382	61.648	-6.522
swarm_64_81.pdb	0.0	22.774	47.089	-6.542
swarm_42_114.pdb	0.0	32.49	71.806	-6.693
swarm_47_2.pdb	0.0	25.36	40.834	-6.699
swarm_113_16.pdb	0.0	20.232	29.397	-6.785
swarm_32_116.pdb	0.0	22.423	56.848	-6.935
swarm_121_129.pdb	0.0	30.102	52.99	-7.036
swarm_0_81.pdb	0.0	37.41	60.928	-7.074
swarm_38_68.pdb	0.0	27.105	53.273	-7.098
swarm_13_117.pdb	0.0	28.966	48.422	-7.128
swarm_43_23.pdb	0.0	18.888	49.16	-7.136
swarm_77_127.pdb	0.0	25.198	48.42	-7.140
swarm_107_173.pdb	0.0	13.862	51.07	-7.270
swarm_41_136.pdb	0.0	31.557	64.947	-7.438
swarm_98_168.pdb	0.0	26.455	46.212	-7.522
swarm_3_21.pdb	0.0	28.834	51.526	-7.646
swarm_64_23.pdb	0.0	17.857	36.993	-7.731
swarm_60_13.pdb	0.0	20.525	67.636	-7.752
swarm_80_129.pdb	0.0	32.253	67.75	-7.773
swarm_56_19.pdb	0.0	36.913	59.708	-7.817
swarm_107_100.pdb	0.0	21.583	45.494	-7.860
swarm_107_104.pdb	0.0	24.801	57.809	-7.948
swarm_115_158.pdb	0.0	36.802	60.979	-7.960
swarm_23_169.pdb	0.0	32.416	46.273	-7.989
swarm_91_46.pdb	0.0	36.185	75.806	-8.083
swarm_78_13.pdb	0.0	21.726	42.528	-8.117
swarm_98_165.pdb	0.0	29.662	54.449	-8.123
swarm_42_165.pdb	0.0	14.744	63.324	-8.138
swarm_38_81.pdb	0.0	28.617	53.59	-8.179
swarm_107_156.pdb	0.00671141	31.706	59.229	-8.252
swarm_109_147.pdb	0.0	23.672	57.09	-8.274
swarm_91_67.pdb	0.0	32.495	73.769	-8.316
swarm_76_36.pdb	0.0	10.428	37.731	-8.319
swarm_42_99.pdb	0.0	28.62	69.417	-8.360
swarm_57_51.pdb	0.0	30.166	60.167	-8.426
swarm_73_42.pdb	0.0	24.431	57.845	-8.433
swarm_33_79.pdb	0.0	27.813	49.435	-8.468
swarm_121_135.pdb	0.0	19.872	34.262	-8.534
swarm_96_155.pdb	0.0	32.552	53.17	-8.574
swarm_4_144.pdb	0.0	34.317	64.353	-8.643
swarm_68_114.pdb	0.0	35.542	54.978	-8.683
swarm_116_30.pdb	0.0	22.484	51.225	-8.683
swarm_81_141.pdb	0.0217391	26.13	75.692	-8.686
swarm_60_30.pdb	0.0	33.792	66.784	-8.697
swarm_5_143.pdb	0.0	37.24	54.488	-8.710
swarm_32_60.pdb	0.0	37.614	60.333	-8.726
swarm_68_145.pdb	0.0	16.851	49.891	-8.795
swarm_109_26.pdb	0.0	28.918	59.398	-8.853
swarm_80_123.pdb	0.0	19.728	66.021	-8.862
swarm_74_103.pdb	0.0	24.157	57.412	-8.954
swarm_77_86.pdb	0.0	33.255	49.355	-9.011
swarm_54_173.pdb	0.0	26.472	54.972	-9.014
swarm_15_173.pdb	0.0	22.392	47.342	-9.090
swarm_0_120.pdb	0.0	28.78	61.17	-9.120
swarm_95_185.pdb	0.0	9.837	33.526	-9.143
swarm_121_44.pdb	0.0	30.682	53.194	-9.146
swarm_88_4.pdb	0.0	20.229	42.56	-9.166
swarm_109_194.pdb	0.0	21.991	43.638	-9.172
swarm_71_102.pdb	0.0	15.846	55.548	-9.185
swarm_110_30.pdb	0.0	23.556	54.436	-9.215
swarm_52_115.pdb	0.0	25.056	48.372	-9.237
swarm_4_165.pdb	0.0	21.025	68.374	-9.244
swarm_63_58.pdb	0.0434783	20.742	64.383	-9.249
swarm_31_2.pdb	0.0	29.899	56.465	-9.273
swarm_80_87.pdb	0.0	25.617	76.068	-9.348
swarm_108_93.pdb	0.0	24.948	60.397	-9.367
swarm_98_102.pdb	0.0	27.57	44.258	-9.433
swarm_63_9.pdb	0.0	36.802	60.206	-9.690
swarm_32_120.pdb	0.0	25.927	59.792	-9.758
swarm_72_103.pdb	0.0	17.815	43.697	-9.778
swarm_46_131.pdb	0.0	26.499	60.574	-9.799
swarm_57_73.pdb	0.0	20.933	55.164	-9.807
swarm_73_34.pdb	0.0	38.871	64.069	-9.833
swarm_47_19.pdb	0.0	26.332	54.234	-9.837
swarm_66_78.pdb	0.0	27.701	43.737	-9.928
swarm_44_183.pdb	0.0	36.512	49.318	-9.933
swarm_97_189.pdb	0.0	23.441	49.021	-9.950
swarm_1_78.pdb	0.0	23.19	60.109	-9.957
swarm_5_168.pdb	0.0	29.903	49.987	-10.005
swarm_68_5.pdb	0.0	14.191	49.328	-10.032
swarm_1_12.pdb	0.0	28.889	60.007	-10.036
swarm_93_20.pdb	0.0	28.701	62.72	-10.098
swarm_80_71.pdb	0.0	36.36	65.248	-10.131
swarm_61_171.pdb	0.0	37.689	75.696	-10.209
swarm_52_116.pdb	0.0	31.503	60.972	-10.221
swarm_91_162.pdb	0.0	25.925	68.776	-10.241
swarm_58_100.pdb	0.0	28.015	58.01	-10.296
swarm_112_102.pdb	0.0	22.636	48.249	-10.341
swarm_5_62.pdb	0.0	17.227	39.34	-10.437
swarm_71_77.pdb	0.0	39.587	63.213	-10.438
swarm_55_79.pdb	0.0	19.955	61.296	-10.491
swarm_16_90.pdb	0.0	27.544	66.975	-10.599
swarm_46_176.pdb	0.00671141	29.42	49.194	-10.661
swarm_71_174.pdb	0.0	30.054	64.901	-10.691
swarm_73_61.pdb	0.0	29.867	59.395	-10.697
swarm_106_0.pdb	0.0	22.4	57.376	-10.697
swarm_10_34.pdb	0.0	19.149	68.691	-10.705
swarm_32_0.pdb	0.0	24.389	46.512	-10.729
swarm_88_45.pdb	0.0	11.039	31.382	-10.816
swarm_98_15.pdb	0.0	31.587	54.736	-10.854
swarm_57_19.pdb	0.0	36.306	58.143	-10.948
swarm_38_60.pdb	0.0	28.042	52.775	-10.970
swarm_38_117.pdb	0.0	26.522	46.684	-10.970
swarm_39_53.pdb	0.0	26.396	58.668	-10.980
swarm_89_177.pdb	0.0	31.67	68.056	-10.989
swarm_61_75.pdb	0.0	36.066	69.231	-11.014
swarm_108_16.pdb	0.0	18.103	53.314	-11.063
swarm_55_156.pdb	0.0	26.174	64.142	-11.073
swarm_25_177.pdb	0.0	23.011	42.039	-11.129
swarm_68_84.pdb	0.0	23.586	45.232	-11.200
swarm_24_174.pdb	0.0	38.731	61.726	-11.219
swarm_110_118.pdb	0.0	19.564	44.611	-11.254
swarm_97_35.pdb	0.0	20.417	38.619	-11.360
swarm_93_18.pdb	0.0	34.147	68.643	-11.380
swarm_106_105.pdb	0.0	18.205	62.039	-11.407
swarm_77_187.pdb	0.0	32.635	53.533	-11.634
swarm_89_87.pdb	0.0	26.1	66.091	-11.705
swarm_115_119.pdb	0.0	25.746	59.594	-11.756
swarm_81_84.pdb	0.0	20.722	62.015	-11.797
swarm_109_58.pdb	0.0	24.36	59.278	-11.817
swarm_82_122.pdb	0.0	23.758	50.681	-11.818
swarm_77_41.pdb	0.0	24.729	45.153	-11.898
swarm_45_134.pdb	0.0	34.692	57.542	-11.911
swarm_39_110.pdb	0.0	22.543	56.095	-11.945
swarm_79_54.pdb	0.0	21.934	58.894	-12.045
swarm_98_140.pdb	0.0	24.778	56.694	-12.067
swarm_61_174.pdb	0.0	22.795	73.754	-12.068
swarm_3_80.pdb	0.0	17.74	55.239	-12.108
swarm_115_20.pdb	0.0	35.267	55.764	-12.207
swarm_121_137.pdb	0.0	22.307	53.218	-12.257
swarm_40_86.pdb	0.0	28.089	64.541	-12.315
swarm_46_147.pdb	0.0	39.344	56.503	-12.337
swarm_100_17.pdb	0.0	24.737	44.188	-12.357
swarm_115_137.pdb	0.0	32.665	61.369	-12.366
swarm_96_165.pdb	0.0	26.739	49.304	-12.421
swarm_92_108.pdb	0.0	29.58	46.436	-12.460
swarm_73_63.pdb	0.0	18.34	43.739	-12.481
swarm_5_6.pdb	0.0	28.966	47.162	-12.518
swarm_107_85.pdb	0.0	22.724	57.044	-12.523
swarm_80_128.pdb	0.0	23.522	73.153	-12.539
swarm_71_95.pdb	0.0	35.098	66.46	-12.618
swarm_91_129.pdb	0.0	31.029	74.899	-12.656
swarm_61_4.pdb	0.0217391	21.54	72.323	-12.662
swarm_13_68.pdb	0.0201342	29.683	48.097	-12.690
swarm_30_132.pdb	0.0	35.683	55.076	-12.697
swarm_82_4.pdb	0.0	27.436	46.9	-12.703
swarm_46_171.pdb	0.0	38.667	60.297	-12.715
swarm_20_134.pdb	0.0	22.186	29.083	-12.738
swarm_53_175.pdb	0.0	23.417	48.114	-12.747
swarm_110_68.pdb	0.0	27.854	55.768	-12.762
swarm_118_157.pdb	0.0	20.891	54.454	-12.817
swarm_36_165.pdb	0.0	28.445	48.091	-12.917
swarm_12_44.pdb	0.0	27.876	40.339	-12.922
swarm_60_133.pdb	0.0	31.878	64.495	-12.935
swarm_106_161.pdb	0.0	25.396	64.086	-12.962
swarm_71_62.pdb	0.0	33.438	61.544	-12.972
swarm_13_61.pdb	0.0	26.485	54.195	-12.975
swarm_39_79.pdb	0.0	27.259	52.869	-13.022
swarm_46_21.pdb	0.0	21.632	54.397	-13.030
swarm_8_121.pdb	0.0	16.883	39.105	-13.137
swarm_0_126.pdb	0.0	36.412	58.872	-13.159
swarm_60_114.pdb	0.0	20.553	63.687	-13.219
swarm_38_66.pdb	0.0	22.453	43.931	-13.224
swarm_105_172.pdb	0.00671141	20.552	51.672	-13.257
swarm_75_70.pdb	0.0	37.827	62.084	-13.285
swarm_71_149.pdb	0.0	20.758	55.162	-13.574
swarm_71_137.pdb	0.0	19.34	52.536	-13.588
swarm_11_39.pdb	0.0	19.765	72.131	-13.615
swarm_115_78.pdb	0.0	20.793	47.734	-13.631
swarm_43_184.pdb	0.0	28.276	48.565	-13.726
swarm_116_132.pdb	0.0	36.183	56.347	-13.769
swarm_109_113.pdb	0.0	26.826	49.945	-13.807
swarm_75_97.pdb	0.0	23.887	60.235	-13.863
swarm_46_145.pdb	0.0	24.845	59.616	-13.999
swarm_107_81.pdb	0.0	34.476	63.75	-14.029
swarm_13_21.pdb	0.0	29.01	51.984	-14.081
swarm_40_146.pdb	0.0	26.321	63.355	-14.087
swarm_68_1.pdb	0.0	17.974	47.605	-14.093
swarm_24_68.pdb	0.0	22.543	56.413	-14.098
swarm_115_118.pdb	0.0	19.548	61.449	-14.133
swarm_89_195.pdb	0.0	17.229	56.471	-14.140
swarm_38_101.pdb	0.0	34.278	52.794	-14.268
swarm_103_49.pdb	0.0	18.922	68.491	-14.273
swarm_37_126.pdb	0.0	24.834	45.959	-14.284
swarm_74_72.pdb	0.0	29.136	56.996	-14.314
swarm_5_127.pdb	0.0	25.933	45.928	-14.326
swarm_78_55.pdb	0.0	28.031	48.014	-14.345
swarm_82_118.pdb	0.0	32.875	56.533	-14.382
swarm_4_36.pdb	0.0	26.028	63.145	-14.388
swarm_98_138.pdb	0.0	21.546	60.527	-14.420
swarm_80_126.pdb	0.0	20.063	70.067	-14.450
swarm_89_160.pdb	0.0	28.46	66.226	-14.455
swarm_71_22.pdb	0.0	28.276	58.796	-14.477
swarm_110_122.pdb	0.0	32.186	60.964	-14.480
swarm_46_158.pdb	0.0	24.324	57.769	-14.484
swarm_53_171.pdb	0.0	23.246	53.516	-14.523
swarm_43_39.pdb	0.0	36.511	62.062	-14.548
swarm_68_39.pdb	0.0	24.666	60.393	-14.553
swarm_1_73.pdb	0.0	39.875	65.508	-14.589
swarm_109_3.pdb	0.0	25.461	53.632	-14.630
swarm_80_154.pdb	0.0	25.066	72.028	-14.709
swarm_109_89.pdb	0.0	33.72	63.039	-14.720
swarm_56_192.pdb	0.0	35.733	72.085	-14.761
swarm_64_104.pdb	0.0	19.677	30.717	-14.788
swarm_4_35.pdb	0.0	21.915	63.677	-14.847
swarm_109_55.pdb	0.0	31.616	59.98	-14.868
swarm_93_66.pdb	0.0	38.569	68.308	-14.889
swarm_71_89.pdb	0.0	37.355	56.451	-14.965
swarm_90_90.pdb	0.0	21.486	47.866	-14.977
swarm_46_188.pdb	0.0	34.204	57.28	-15.144
swarm_93_24.pdb	0.0	19.745	61.348	-15.229
swarm_116_3.pdb	0.00671141	26.569	51.587	-15.272
swarm_3_63.pdb	0.0	18.113	46.153	-15.329
swarm_80_37.pdb	0.0	29.099	69.254	-15.473
swarm_77_197.pdb	0.0	29.33	51.817	-15.487
swarm_41_112.pdb	0.0	24.899	65.665	-15.512
swarm_107_19.pdb	0.0	15.117	50.996	-15.524
swarm_10_47.pdb	0.0	28.862	64.3	-15.553
swarm_88_31.pdb	0.0	23.309	51.356	-15.615
swarm_88_47.pdb	0.0	25.117	46.936	-15.726
swarm_6_107.pdb	0.0	18.421	57.53	-15.782
swarm_60_111.pdb	0.0	20.16	71.719	-15.872
swarm_96_17.pdb	0.0	30.388	50.347	-15.927
swarm_1_36.pdb	0.0	37.264	64.824	-16.000
swarm_81_168.pdb	0.0	36.075	72.455	-16.002
swarm_89_32.pdb	0.0	40.446	68.612	-16.017
swarm_57_0.pdb	0.0	21.853	57.895	-16.038
swarm_108_176.pdb	0.0	15.615	52.079	-16.070
swarm_99_195.pdb	0.0	31.558	52.282	-16.078
swarm_77_48.pdb	0.0	29.132	50.035	-16.117
swarm_93_34.pdb	0.0	38.608	65.639	-16.118
swarm_47_92.pdb	0.0	34.728	55.827	-16.153
swarm_50_162.pdb	0.0	26.228	51.17	-16.156
swarm_41_17.pdb	0.0434783	24.326	68.119	-16.220
swarm_53_49.pdb	0.0	18.303	47.289	-16.243
swarm_60_158.pdb	0.0	23.711	69.423	-16.244
swarm_73_164.pdb	0.0	38.806	59.702	-16.263
swarm_77_174.pdb	0.0	29.358	48.469	-16.343
swarm_10_18.pdb	0.0	32.789	66.962	-16.362
swarm_96_198.pdb	0.0	21.931	54.246	-16.389
swarm_115_42.pdb	0.0	15.416	54.691	-16.390
swarm_16_143.pdb	0.0	23.421	68.787	-16.412
swarm_1_160.pdb	0.0	36.308	67.018	-16.434
swarm_110_106.pdb	0.0	26.687	58.815	-16.500
swarm_107_76.pdb	0.0	34.6	55.745	-16.525
swarm_7_89.pdb	0.0	21.868	49.348	-16.603
swarm_55_119.pdb	0.0	32.116	57.505	-16.612
swarm_3_145.pdb	0.0	22.655	57.804	-16.646
swarm_40_164.pdb	0.0	32.428	61.834	-16.675
swarm_108_34.pdb	0.0	23.129	64.488	-16.711
swarm_53_167.pdb	0.00671141	24.873	38.916	-16.713
swarm_77_82.pdb	0.0	28.589	41.749	-16.734
swarm_9_195.pdb	0.0	22.079	66.681	-16.907
swarm_98_97.pdb	0.0	34.539	52.001	-16.993
swarm_77_195.pdb	0.0	26.944	53.585	-17.008
swarm_118_19.pdb	0.0	35.062	69.055	-17.013
swarm_115_7.pdb	0.0	35.334	57.385	-17.024
swarm_45_142.pdb	0.0	35.18	68.28	-17.058
swarm_115_74.pdb	0.0	26.604	58.976	-17.115
swarm_31_7.pdb	0.0	18.638	49.04	-17.128
swarm_24_166.pdb	0.0	23.03	57.536	-17.138
swarm_30_182.pdb	0.0	27.502	58.373	-17.145
swarm_109_46.pdb	0.0	34.696	61.671	-17.165
swarm_115_196.pdb	0.0	28.183	61.349	-17.204
swarm_71_158.pdb	0.0	26.739	66.058	-17.212
swarm_100_28.pdb	0.00671141	20.795	30.236	-17.219
swarm_17_97.pdb	0.0	17.859	68.541	-17.251
swarm_108_31.pdb	0.0	15.853	55.686	-17.257
swarm_61_114.pdb	0.0	30.389	74.299	-17.262
swarm_32_139.pdb	0.0	25.007	50.448	-17.301
swarm_65_59.pdb	0.0217391	20.838	55.685	-17.325
swarm_115_80.pdb	0.0	23.88	63.49	-17.369
swarm_39_80.pdb	0.0	28.721	54.346	-17.422
swarm_55_118.pdb	0.0	23.106	61.192	-17.425
swarm_4_10.pdb	0.0	19.24	50.245	-17.479
swarm_106_149.pdb	0.0	20.986	54.308	-17.483
swarm_39_98.pdb	0.0	17.65	59.557	-17.494
swarm_84_77.pdb	0.0	18.476	35.852	-17.510
swarm_98_147.pdb	0.0	27.121	57.353	-17.527
swarm_31_163.pdb	0.0	25.532	51.182	-17.588
swarm_100_188.pdb	0.00671141	23.134	35.98	-17.612
swarm_31_195.pdb	0.0	29.241	57.033	-17.648
swarm_91_29.pdb	0.0	35.854	71.552	-17.701
swarm_39_129.pdb	0.0	30.731	64.005	-17.726
swarm_103_169.pdb	0.0	32.842	71.446	-17.764
swarm_82_197.pdb	0.0	13.095	52.223	-17.781
swarm_25_170.pdb	0.0	28.713	41.223	-17.828
swarm_101_24.pdb	0.0	33.888	53.2	-17.858
swarm_10_128.pdb	0.0	19.064	65.047	-17.923
swarm_116_157.pdb	0.0	23.03	37.906	-17.939
swarm_70_55.pdb	0.0	29.323	44.807	-17.975
swarm_118_183.pdb	0.0	23.358	69.621	-18.097
swarm_13_177.pdb	0.0	33.162	51.027	-18.136
swarm_13_59.pdb	0.0	19.066	42.9	-18.390
swarm_46_154.pdb	0.0	20.5	45.396	-18.407
swarm_27_16.pdb	0.0	23.415	65.786	-18.539
swarm_46_15.pdb	0.0	20.621	54.625	-18.552
swarm_4_23.pdb	0.0	23.558	58.431	-18.559
swarm_116_71.pdb	0.0	22.022	53.768	-18.576
swarm_116_57.pdb	0.0	27.262	55.928	-18.577
swarm_3_55.pdb	0.0217391	22.223	62.776	-18.612
swarm_41_137.pdb	0.0	38.423	67.628	-18.632
swarm_47_124.pdb	0.0	25.652	51.381	-18.683
swarm_32_37.pdb	0.0	37.739	56.918	-18.732
swarm_1_63.pdb	0.0	41.201	58.717	-18.751
swarm_80_47.pdb	0.0	34.516	69.254	-18.822
swarm_97_78.pdb	0.0	31.133	58.245	-18.824
swarm_74_55.pdb	0.0	32.321	52.968	-18.862
swarm_30_180.pdb	0.0	18.388	58.361	-18.871
swarm_10_155.pdb	0.0	21.186	62.54	-18.921
swarm_86_7.pdb	0.0	28.463	49.742	-19.017
swarm_14_151.pdb	0.0	23.509	70.077	-19.040
swarm_96_78.pdb	0.0	31.729	48.355	-19.168
swarm_6_68.pdb	0.0	29.914	69.098	-19.183
swarm_82_102.pdb	0.0	24.574	56.312	-19.282
swarm_108_63.pdb	0.0	40.427	70.765	-19.391
swarm_4_148.pdb	0.0	32.58	58.824	-19.398
swarm_67_18.pdb	0.0	36.09	59.345	-19.435
swarm_121_95.pdb	0.0	28.06	46.884	-19.438
swarm_68_144.pdb	0.0	31.186	52.997	-19.487
swarm_31_65.pdb	0.0	29.621	53.042	-19.489
swarm_31_3.pdb	0.0	19.707	55.784	-19.536
swarm_47_156.pdb	0.0	12.841	48.835	-19.566
swarm_98_70.pdb	0.0	21.742	60.214	-19.643
swarm_71_199.pdb	0.0	30.848	61.98	-19.673
swarm_40_63.pdb	0.0	22.141	60.289	-19.750
swarm_11_112.pdb	0.0	22.723	76.097	-19.781
swarm_21_178.pdb	0.0	15.655	47.811	-19.783
swarm_53_97.pdb	0.0	20.276	37.041	-19.786
swarm_46_175.pdb	0.0	33.128	64.272	-19.825
swarm_103_183.pdb	0.0	27.976	66.589	-19.838
swarm_114_36.pdb	0.0	25.688	38.909	-19.853
swarm_1_187.pdb	0.0	16.257	61.084	-19.862
swarm_82_84.pdb	0.0	31.039	62.818	-19.918
swarm_98_191.pdb	0.0	29.993	59.328	-19.974
swarm_109_32.pdb	0.00671141	30.237	54.048	-19.996
swarm_119_16.pdb	0.0	20.339	49.071	-20.075
swarm_32_21.pdb	0.0	22.695	48.162	-20.086
swarm_89_175.pdb	0.0	21.096	71.341	-20.100
swarm_89_120.pdb	0.0	30.73	64.309	-20.150
swarm_24_26.pdb	0.0	27.122	55.184	-20.159
swarm_14_183.pdb	0.0	20.153	70.085	-20.175
swarm_71_154.pdb	0.0	13.705	53.231	-20.212
swarm_103_2.pdb	0.0	22.137	62.525	-20.231
swarm_53_74.pdb	0.00671141	20.472	53.822	-20.240
swarm_16_27.pdb	0.0	25.357	68.138	-20.252
swarm_107_103.pdb	0.00671141	22.267	61.776	-20.269
swarm_109_105.pdb	0.0	26.921	46.104	-20.353
swarm_33_187.pdb	0.0	31.215	54.799	-20.368
swarm_3_51.pdb	0.0	33.652	63.375	-20.439
swarm_3_152.pdb	0.0	34.268	65.742	-20.456
swarm_67_75.pdb	0.0	32.61	59.036	-20.528
swarm_88_121.pdb	0.0	30.047	56.832	-20.535
swarm_108_127.pdb	0.0	17.687	63.3	-20.585
swarm_80_173.pdb	0.0	36.603	68.313	-20.640
swarm_80_69.pdb	0.0	37.447	69.276	-20.652
swarm_81_121.pdb	0.0217391	20.486	69.752	-20.677
swarm_110_9.pdb	0.0	30.859	61.354	-20.706
swarm_77_85.pdb	0.0	29.761	45.905	-20.748
swarm_4_85.pdb	0.0	37.731	64.882	-20.943
swarm_16_52.pdb	0.0	29.622	63.355	-20.984
swarm_118_73.pdb	0.0	21.445	68.507	-21.035
swarm_32_40.pdb	0.0	33.783	56.779	-21.036
swarm_89_150.pdb	0.0	19.796	72.488	-21.089
swarm_6_133.pdb	0.0	17.677	56.795	-21.091
swarm_74_114.pdb	0.0	19.005	52.828	-21.199
swarm_40_181.pdb	0.0	32.417	58.275	-21.202
swarm_75_103.pdb	0.0	25.102	51.838	-21.216
swarm_87_120.pdb	0.0	23.037	45.8	-21.273
swarm_0_44.pdb	0.0	23.357	45.74	-21.282
swarm_39_144.pdb	0.0	22.086	59.409	-21.316
swarm_3_40.pdb	0.0	20.781	64.729	-21.383
swarm_110_189.pdb	0.0	22.028	60.437	-21.384
swarm_60_165.pdb	0.0	29.716	78.571	-21.397
swarm_47_71.pdb	0.0	32.927	45.262	-21.464
swarm_116_21.pdb	0.0	34.107	57.38	-21.490
swarm_77_2.pdb	0.0	26.756	51.881	-21.493
swarm_121_75.pdb	0.0	26.593	57.585	-21.493
swarm_53_31.pdb	0.0	33.613	49.353	-21.494
swarm_40_131.pdb	0.0	34.482	68.503	-21.514
swarm_1_139.pdb	0.0	40.771	62.102	-21.576
swarm_10_14.pdb	0.0	30.737	60.2	-21.617
swarm_40_147.pdb	0.0	28.919	62.318	-21.627
swarm_6_85.pdb	0.0	34.865	62.378	-21.651
swarm_15_112.pdb	0.0	23.565	45.485	-21.702
swarm_7_156.pdb	0.0	35.573	57.562	-21.723
swarm_1_17.pdb	0.0	21.369	52.056	-21.729
swarm_61_182.pdb	0.0	18.711	76.219	-21.747
swarm_17_79.pdb	0.0	22.718	73.362	-21.837
swarm_39_83.pdb	0.0	30.929	54.304	-21.865
swarm_11_162.pdb	0.0	34.714	75.641	-21.873
swarm_26_5.pdb	0.0	23.981	56.619	-21.926
swarm_9_96.pdb	0.0	20.138	77.764	-22.021
swarm_39_15.pdb	0.0	16.448	57.53	-22.048
swarm_14_196.pdb	0.0	26.252	77.231	-22.062
swarm_11_177.pdb	0.0	30.0	71.257	-22.076
swarm_77_67.pdb	0.0	16.042	43.327	-22.136
swarm_31_103.pdb	0.0	32.797	58.119	-22.172
swarm_61_32.pdb	0.0	20.543	77.124	-22.200
swarm_53_3.pdb	0.0	26.747	56.775	-22.329
swarm_110_26.pdb	0.0	23.791	60.032	-22.373
swarm_53_111.pdb	0.0	33.218	51.571	-22.383
swarm_1_135.pdb	0.0	28.716	57.005	-22.383
swarm_18_37.pdb	0.0134228	19.149	36.455	-22.386
swarm_118_62.pdb	0.0	22.196	60.762	-22.395
swarm_17_175.pdb	0.0	29.789	75.033	-22.438
swarm_11_175.pdb	0.0	37.097	80.163	-22.444
swarm_82_41.pdb	0.0	37.678	60.516	-22.454
swarm_16_149.pdb	0.0	27.658	67.746	-22.509
swarm_40_172.pdb	0.0	32.122	62.223	-22.573
swarm_9_171.pdb	0.0	23.177	75.88	-22.645
swarm_96_168.pdb	0.0	25.969	53.623	-22.689
swarm_113_114.pdb	0.0	29.624	48.581	-22.714
swarm_53_71.pdb	0.0	24.439	42.793	-22.720
swarm_109_37.pdb	0.0	33.975	57.248	-22.742
swarm_96_136.pdb	0.0	31.542	54.702	-22.759
swarm_4_103.pdb	0.0	28.306	63.721	-22.808
swarm_41_117.pdb	0.0	27.572	64.99	-22.828
swarm_89_36.pdb	0.0	22.145	73.779	-22.842
swarm_27_59.pdb	0.0	24.615	64.847	-22.847
swarm_69_199.pdb	0.0	24.582	58.783	-22.859
swarm_60_183.pdb	0.0	31.393	66.903	-22.909
swarm_82_121.pdb	0.0	33.104	63.007	-22.990
swarm_39_39.pdb	0.0	27.273	59.595	-23.099
swarm_6_49.pdb	0.0	21.973	61.568	-23.146
swarm_32_167.pdb	0.0	30.86	57.528	-23.239
swarm_89_104.pdb	0.0	33.466	71.093	-23.291
swarm_80_76.pdb	0.0	34.159	69.069	-23.349
swarm_26_76.pdb	0.0	32.553	58.827	-23.457
swarm_106_86.pdb	0.0	30.714	59.974	-23.635
swarm_4_100.pdb	0.0	18.613	58.464	-23.653
swarm_71_67.pdb	0.0	16.418	62.175	-24.014
swarm_116_153.pdb	0.0	23.016	60.383	-24.073
swarm_82_125.pdb	0.0	19.7	54.523	-24.125
swarm_24_89.pdb	0.0	31.604	66.056	-24.148
swarm_10_187.pdb	0.0	24.272	62.682	-24.167
swarm_46_99.pdb	0.0	17.827	53.847	-24.275
swarm_1_29.pdb	0.0	14.861	56.07	-24.385
swarm_27_54.pdb	0.0	20.764	70.103	-24.435
swarm_47_59.pdb	0.0	35.405	50.984	-24.443
swarm_89_46.pdb	0.0	38.251	68.478	-24.490
swarm_4_20.pdb	0.0	21.482	59.428	-24.550
swarm_14_110.pdb	0.0	22.259	75.564	-24.550
swarm_116_194.pdb	0.0	27.777	48.795	-24.550
swarm_103_14.pdb	0.0	28.856	61.806	-24.562
swarm_74_7.pdb	0.0	19.423	55.841	-24.572
swarm_6_69.pdb	0.0	24.196	74.065	-24.574
swarm_93_29.pdb	0.0	12.731	55.522	-24.671
swarm_3_194.pdb	0.0	38.963	62.297	-24.724
swarm_24_18.pdb	0.0	24.662	65.771	-24.725
swarm_31_175.pdb	0.0	28.267	57.105	-24.768
swarm_32_96.pdb	0.0	41.018	66.509	-24.813
swarm_39_130.pdb	0.0	31.18	64.018	-24.817
swarm_110_74.pdb	0.0	22.957	64.7	-24.846
swarm_94_189.pdb	0.0201342	17.073	32.595	-24.871
swarm_84_2.pdb	0.0	34.27	50.003	-24.964
swarm_1_147.pdb	0.0	26.693	65.747	-25.043
swarm_53_154.pdb	0.0	18.808	41.615	-25.080
swarm_40_184.pdb	0.0	32.806	69.89	-25.248
swarm_40_115.pdb	0.0	21.947	63.579	-25.309
swarm_121_173.pdb	0.0	12.244	39.498	-25.331
swarm_74_21.pdb	0.0	14.823	50.901	-25.354
swarm_115_153.pdb	0.0	16.658	65.185	-25.363
swarm_6_166.pdb	0.0	21.782	71.069	-25.443
swarm_56_148.pdb	0.0	32.021	60.778	-25.451
swarm_74_113.pdb	0.0	30.433	57.874	-25.482
swarm_69_137.pdb	0.0	34.3	63.536	-25.526
swarm_9_93.pdb	0.0	36.106	76.308	-25.605
swarm_106_165.pdb	0.0	36.453	59.546	-25.625
swarm_31_108.pdb	0.0	23.028	59.026	-25.653
swarm_6_25.pdb	0.0	22.613	70.613	-25.824
swarm_1_91.pdb	0.0	29.206	67.617	-25.876
swarm_106_109.pdb	0.0	25.473	63.72	-25.882
swarm_11_91.pdb	0.0	25.053	75.547	-25.953
swarm_39_17.pdb	0.0	22.369	60.723	-26.021
swarm_47_132.pdb	0.0	33.811	53.838	-26.079
swarm_47_198.pdb	0.0	35.024	53.117	-26.162
swarm_47_57.pdb	0.0	34.4	53.289	-26.165
swarm_46_96.pdb	0.0268456	27.156	58.179	-26.188
swarm_89_116.pdb	0.0	19.205	66.75	-26.190
swarm_9_145.pdb	0.0	35.458	78.856	-26.244
swarm_89_187.pdb	0.0	21.817	58.363	-26.266
swarm_17_144.pdb	0.0	23.186	64.946	-26.353
swarm_109_65.pdb	0.0	21.859	57.525	-26.418
swarm_17_149.pdb	0.0	18.027	70.395	-26.451
swarm_80_39.pdb	0.0	20.484	73.972	-26.548
swarm_80_133.pdb	0.0	25.847	75.295	-26.667
swarm_116_48.pdb	0.0	35.2	55.394	-26.696
swarm_107_68.pdb	0.0	22.343	57.188	-26.700
swarm_91_44.pdb	0.0	31.396	68.973	-26.737
swarm_31_148.pdb	0.0	30.205	55.084	-26.762
swarm_6_44.pdb	0.0	35.17	62.746	-26.806
swarm_118_49.pdb	0.0	32.342	67.756	-26.836
swarm_5_66.pdb	0.0	26.779	53.351	-26.850
swarm_3_141.pdb	0.0217391	27.331	47.791	-26.850
swarm_52_195.pdb	0.0	15.08	60.443	-27.040
swarm_24_182.pdb	0.0	29.141	66.634	-27.057
swarm_98_118.pdb	0.0	33.395	60.104	-27.081
swarm_6_54.pdb	0.0	23.252	73.599	-27.112
swarm_32_46.pdb	0.0	24.866	55.976	-27.250
swarm_74_58.pdb	0.0	24.521	46.276	-27.307
swarm_27_163.pdb	0.0	30.81	76.243	-27.333
swarm_16_8.pdb	0.0	20.277	65.768	-27.387
swarm_24_196.pdb	0.0	22.613	58.891	-27.406
swarm_11_95.pdb	0.0	18.085	72.7	-27.420
swarm_103_93.pdb	0.0	17.441	67.357	-27.499
swarm_14_58.pdb	0.0	38.727	79.42	-27.510
swarm_1_11.pdb	0.0	17.551	60.269	-27.727
swarm_27_134.pdb	0.0	34.62	65.515	-27.862
swarm_118_159.pdb	0.0	36.764	59.084	-28.044
swarm_3_178.pdb	0.0	36.909	60.056	-28.223
swarm_107_149.pdb	0.0	20.193	62.579	-28.245
swarm_121_119.pdb	0.0	24.669	43.758	-28.467
swarm_40_52.pdb	0.0	34.212	67.72	-28.548
swarm_39_103.pdb	0.0	39.383	63.309	-28.594
swarm_103_154.pdb	0.0	33.642	73.329	-28.660
swarm_9_157.pdb	0.0	23.241	75.18	-28.784
swarm_11_176.pdb	0.0	27.112	76.633	-28.804
swarm_40_78.pdb	0.0	24.603	69.836	-28.807
swarm_24_170.pdb	0.0	18.956	53.514	-28.815
swarm_70_5.pdb	0.0	32.459	47.667	-28.901
swarm_14_169.pdb	0.0	23.169	81.02	-29.031
swarm_103_40.pdb	0.0	34.645	69.955	-29.092
swarm_39_106.pdb	0.0	25.411	61.124	-29.209
swarm_67_80.pdb	0.0	22.942	50.055	-29.220
swarm_24_87.pdb	0.0	20.342	42.923	-29.222
swarm_53_87.pdb	0.00671141	35.111	54.275	-29.224
swarm_10_15.pdb	0.0	36.506	66.255	-29.229
swarm_9_199.pdb	0.0	39.559	74.553	-29.251
swarm_14_57.pdb	0.0	21.346	71.914	-29.365
swarm_39_155.pdb	0.0	32.482	70.178	-29.431
swarm_24_188.pdb	0.0	26.217	59.037	-29.474
swarm_80_159.pdb	0.0	36.124	73.763	-29.604
swarm_69_155.pdb	0.0	25.135	50.239	-29.645
swarm_9_110.pdb	0.0	25.074	81.045	-29.676
swarm_6_71.pdb	0.0	16.278	63.644	-29.719
swarm_24_44.pdb	0.0	28.749	67.92	-29.764
swarm_39_170.pdb	0.0134228	22.416	63.11	-29.769
swarm_107_141.pdb	0.0	32.85	51.267	-29.826
swarm_3_177.pdb	0.0	38.496	63.367	-29.857
swarm_69_172.pdb	0.0	17.335	60.722	-29.958
swarm_24_88.pdb	0.0	22.209	53.802	-30.016
swarm_24_100.pdb	0.0	23.69	60.061	-30.058
swarm_120_33.pdb	0.0	23.613	38.642	-30.058
swarm_23_60.pdb	0.0652174	30.165	41.886	-30.152
swarm_103_120.pdb	0.0	33.316	67.479	-30.179
swarm_93_108.pdb	0.0	22.034	66.417	-30.188
swarm_39_42.pdb	0.0	34.883	63.883	-30.278
swarm_3_160.pdb	0.0	26.564	64.644	-30.305
swarm_4_3.pdb	0.0	32.992	58.103	-30.306
swarm_90_195.pdb	0.0	31.474	53.763	-30.319
swarm_24_128.pdb	0.0	25.932	60.853	-30.354
swarm_14_146.pdb	0.0	34.062	74.982	-30.442
swarm_31_162.pdb	0.0	27.827	52.297	-30.450
swarm_59_58.pdb	0.0	20.94	47.068	-30.563
swarm_6_70.pdb	0.0	36.09	61.964	-30.590
swarm_11_28.pdb	0.0	35.308	77.855	-30.675
swarm_14_147.pdb	0.0	23.436	78.98	-30.697
swarm_24_70.pdb	0.0	22.283	52.408	-30.708
swarm_91_101.pdb	0.0	41.167	67.891	-30.875
swarm_31_92.pdb	0.0	19.254	47.06	-30.952
swarm_87_61.pdb	0.0	33.371	50.993	-30.956
swarm_14_60.pdb	0.0	26.071	78.142	-30.963
swarm_14_116.pdb	0.0	24.211	79.704	-30.981
swarm_11_4.pdb	0.0	29.144	79.744	-31.020
swarm_31_159.pdb	0.0	30.78	52.0	-31.049
swarm_118_174.pdb	0.0	21.961	69.881	-31.052
swarm_80_12.pdb	0.0	39.396	71.748	-31.118
swarm_17_121.pdb	0.0	33.063	73.288	-31.140
swarm_121_4.pdb	0.0	22.835	47.326	-31.173
swarm_46_72.pdb	0.0	39.033	61.447	-31.177
swarm_14_70.pdb	0.0	25.346	76.891	-31.212
swarm_118_93.pdb	0.0	33.54	67.62	-31.240
swarm_118_172.pdb	0.0	27.053	70.018	-31.271
swarm_31_45.pdb	0.0	23.544	58.27	-31.286
swarm_70_114.pdb	0.0	30.025	45.158	-31.326
swarm_6_151.pdb	0.0	26.102	73.912	-31.362
swarm_109_134.pdb	0.0	24.622	50.7	-31.364
swarm_32_80.pdb	0.0	26.809	65.379	-31.401
swarm_32_92.pdb	0.0	29.869	64.767	-31.465
swarm_65_7.pdb	0.0	19.769	36.669	-31.516
swarm_89_101.pdb	0.0	15.945	61.834	-31.543
swarm_82_182.pdb	0.0	28.088	64.446	-31.729
swarm_40_47.pdb	0.0	24.77	64.588	-31.813
swarm_108_162.pdb	0.0434783	25.499	60.569	-31.836
swarm_1_143.pdb	0.0	33.997	67.98	-31.862
swarm_80_77.pdb	0.0	38.432	61.605	-31.908
swarm_89_124.pdb	0.0	20.314	69.138	-32.070
swarm_26_169.pdb	0.0	18.527	64.258	-32.163
swarm_82_87.pdb	0.0	30.51	62.386	-32.180
swarm_116_79.pdb	0.0	33.237	58.463	-32.197
swarm_14_130.pdb	0.0	28.206	78.737	-32.237
swarm_24_177.pdb	0.0	16.818	61.463	-32.306
swarm_93_67.pdb	0.0	24.644	66.153	-32.351
swarm_103_71.pdb	0.0	18.626	63.897	-32.473
swarm_56_86.pdb	0.0	29.839	66.078	-32.633
swarm_110_45.pdb	0.0	21.888	57.209	-32.721
swarm_9_50.pdb	0.0	29.29	81.261	-32.859
swarm_53_139.pdb	0.0	29.491	53.072	-32.860
swarm_9_179.pdb	0.0	21.071	79.3	-32.908
swarm_115_182.pdb	0.0	28.319	53.062	-32.918
swarm_0_179.pdb	0.0	32.667	54.379	-32.937
swarm_108_9.pdb	0.0	38.402	68.815	-32.986
swarm_118_24.pdb	0.0	19.86	61.872	-33.000
swarm_16_153.pdb	0.0	25.526	63.358	-33.015
swarm_52_39.pdb	0.0	22.118	54.918	-33.016
swarm_9_8.pdb	0.0	28.408	83.215	-33.071
swarm_6_182.pdb	0.0	23.919	70.402	-33.168
swarm_9_16.pdb	0.0	23.256	75.416	-33.281
swarm_73_35.pdb	0.0217391	22.853	61.94	-33.299
swarm_110_109.pdb	0.0	23.588	42.8	-33.330
swarm_10_130.pdb	0.0	28.687	61.928	-33.335
swarm_60_193.pdb	0.0	29.461	77.089	-33.392
swarm_31_190.pdb	0.0	18.778	52.664	-33.411
swarm_108_7.pdb	0.0	29.352	52.658	-33.459
swarm_118_180.pdb	0.0	19.184	66.159	-33.470
swarm_88_66.pdb	0.0	29.111	55.925	-33.566
swarm_46_118.pdb	0.0	29.822	64.619	-33.578
swarm_11_47.pdb	0.0	25.874	81.053	-33.591
swarm_108_117.pdb	0.0	32.472	70.6	-33.649
swarm_24_78.pdb	0.0	20.757	67.029	-33.734
swarm_6_189.pdb	0.0	21.229	71.996	-33.789
swarm_38_156.pdb	0.0	32.79	50.48	-33.892
swarm_17_154.pdb	0.0	30.271	78.714	-33.913
swarm_14_82.pdb	0.0	29.099	79.321	-33.932
swarm_26_103.pdb	0.0	24.976	64.56	-33.982
swarm_26_140.pdb	0.0	32.649	71.485	-34.008
swarm_103_57.pdb	0.0	22.983	70.157	-34.028
swarm_9_174.pdb	0.0	28.843	77.312	-34.042
swarm_10_147.pdb	0.0	26.407	70.564	-34.449
swarm_40_196.pdb	0.0	39.03	63.867	-34.481
swarm_91_183.pdb	0.0	22.341	69.538	-34.485
swarm_16_144.pdb	0.0	28.265	74.459	-34.492
swarm_17_114.pdb	0.0	39.58	80.716	-34.521
swarm_39_100.pdb	0.0	33.13	68.679	-34.552
swarm_40_144.pdb	0.0	16.662	61.179	-34.590
swarm_118_128.pdb	0.0	27.842	63.905	-34.619
swarm_17_129.pdb	0.0	27.378	77.107	-34.707
swarm_73_7.pdb	0.0	18.167	60.499	-34.730
swarm_40_88.pdb	0.0	32.105	63.888	-34.766
swarm_17_171.pdb	0.0	29.345	74.124	-35.031
swarm_110_169.pdb	0.0	34.356	64.668	-35.041
swarm_40_186.pdb	0.0	35.781	66.501	-35.070
swarm_89_41.pdb	0.0	19.814	52.087	-35.373
swarm_14_40.pdb	0.0	30.008	75.831	-35.391
swarm_88_165.pdb	0.0	23.049	50.628	-35.501
swarm_93_137.pdb	0.0	30.331	64.272	-35.587
swarm_24_52.pdb	0.0	25.157	67.434	-35.608
swarm_55_34.pdb	0.0	17.826	60.542	-35.633
swarm_110_153.pdb	0.0	20.078	63.516	-35.633
swarm_27_167.pdb	0.0	22.421	76.306	-35.867
swarm_110_6.pdb	0.0	31.904	64.596	-36.106
swarm_75_12.pdb	0.0	25.875	48.33	-36.244
swarm_103_153.pdb	0.0	32.524	73.635	-36.351
swarm_110_64.pdb	0.0	11.284	49.527	-36.429
swarm_24_102.pdb	0.0	39.254	67.916	-36.478
swarm_31_20.pdb	0.0	32.215	64.045	-36.613
swarm_32_185.pdb	0.0	34.851	65.816	-36.658
swarm_24_190.pdb	0.0	22.375	62.659	-36.680
swarm_26_78.pdb	0.0	27.084	65.189	-36.699
swarm_38_3.pdb	0.0	34.052	53.883	-36.782
swarm_9_127.pdb	0.0	28.64	74.765	-36.820
swarm_79_102.pdb	0.0	37.227	59.736	-36.903
swarm_39_191.pdb	0.0	14.204	55.812	-36.943
swarm_31_114.pdb	0.0	17.617	51.637	-36.981
swarm_16_138.pdb	0.0	34.151	72.332	-37.143
swarm_14_185.pdb	0.0	21.994	76.677	-37.147
swarm_5_56.pdb	0.0	31.684	50.151	-37.194
swarm_61_148.pdb	0.0	35.878	78.197	-37.299
swarm_10_115.pdb	0.0	36.349	66.936	-37.326
swarm_103_193.pdb	0.0	33.443	65.438	-37.493
swarm_17_122.pdb	0.0	34.03	73.431	-37.541
swarm_40_90.pdb	0.0	24.137	68.509	-37.568
swarm_106_116.pdb	0.0	33.935	59.58	-37.628
swarm_109_187.pdb	0.0	35.856	58.268	-37.674
swarm_17_93.pdb	0.0	18.051	78.379	-37.807
swarm_32_162.pdb	0.0	25.151	64.4	-38.287
swarm_9_148.pdb	0.0	31.429	74.452	-38.635
swarm_31_157.pdb	0.0	25.248	62.058	-38.855
swarm_6_146.pdb	0.0	40.387	72.615	-38.907
swarm_109_42.pdb	0.0217391	20.413	60.804	-39.008
swarm_46_35.pdb	0.0	27.016	63.024	-39.014
swarm_9_68.pdb	0.0	25.529	70.75	-39.093
swarm_16_162.pdb	0.0	24.055	73.033	-39.095
swarm_40_34.pdb	0.0	35.768	65.727	-39.222
swarm_108_187.pdb	0.0	35.077	73.652	-39.401
swarm_108_155.pdb	0.0	20.099	69.122	-39.474
swarm_14_85.pdb	0.0	37.833	78.498	-39.556
swarm_101_168.pdb	0.0	20.23	51.531	-39.695
swarm_46_39.pdb	0.0	20.082	55.16	-39.845
swarm_17_145.pdb	0.0	34.951	78.319	-39.926
swarm_122_29.pdb	0.0	23.439	46.001	-40.152
swarm_103_163.pdb	0.0	34.958	69.198	-40.156
swarm_64_141.pdb	0.0	25.596	42.935	-40.198
swarm_121_115.pdb	0.0	16.669	54.367	-40.211
swarm_9_153.pdb	0.0	24.785	78.689	-40.229
swarm_71_12.pdb	0.0	27.126	65.03	-40.297
swarm_64_157.pdb	0.0	26.788	47.785	-40.328
swarm_16_84.pdb	0.0	33.664	71.272	-40.348
swarm_67_123.pdb	0.0	31.419	49.151	-40.400
swarm_82_168.pdb	0.0	26.689	62.671	-40.532
swarm_41_159.pdb	0.0	34.795	68.434	-40.605
swarm_53_170.pdb	0.0	34.237	61.111	-40.786
swarm_38_177.pdb	0.00671141	19.538	51.177	-40.819
swarm_98_193.pdb	0.0	29.851	48.556	-40.829
swarm_93_194.pdb	0.0	34.802	74.022	-40.978
swarm_11_53.pdb	0.0	29.045	78.884	-41.240
swarm_118_97.pdb	0.0	33.954	74.361	-41.352
swarm_53_41.pdb	0.0	16.079	50.247	-41.406
swarm_122_127.pdb	0.0	23.173	37.053	-41.677
swarm_106_191.pdb	0.0	24.929	62.289	-41.750
swarm_9_81.pdb	0.00671141	18.149	72.094	-41.903
swarm_67_188.pdb	0.0	13.738	34.107	-42.002
swarm_92_60.pdb	0.0	23.237	44.806	-42.093
swarm_11_65.pdb	0.0	41.704	79.366	-42.153
swarm_110_48.pdb	0.0	31.546	62.134	-42.177
swarm_26_104.pdb	0.0	32.314	66.609	-42.191
swarm_69_33.pdb	0.0	30.491	56.398	-42.492
swarm_16_73.pdb	0.0	35.518	74.566	-42.607
swarm_75_99.pdb	0.0	32.854	66.085	-42.747
swarm_42_29.pdb	0.0	28.397	64.032	-43.016
swarm_8_68.pdb	0.0	25.27	39.089	-43.096
swarm_118_126.pdb	0.0	22.78	67.329	-43.356
swarm_100_131.pdb	0.0	24.937	49.462	-43.367
swarm_100_189.pdb	0.0	24.641	41.563	-43.377
swarm_104_10.pdb	0.0	22.427	47.277	-43.521
swarm_96_70.pdb	0.0	28.562	47.858	-43.579
swarm_27_92.pdb	0.0	37.584	61.109	-43.683
swarm_27_49.pdb	0.0	33.171	72.625	-43.754
swarm_26_115.pdb	0.0	32.478	58.234	-43.789
swarm_25_174.pdb	0.0	25.091	41.781	-43.882
swarm_110_8.pdb	0.0	24.817	60.443	-44.100
swarm_110_162.pdb	0.0	20.091	49.975	-44.201
swarm_26_175.pdb	0.0	19.047	65.631	-44.299
swarm_17_147.pdb	0.0	34.415	76.227	-44.305
swarm_65_67.pdb	0.0	33.305	53.271	-44.323
swarm_16_115.pdb	0.0	22.039	68.7	-44.477
swarm_18_50.pdb	0.0	19.98	36.804	-44.527
swarm_33_152.pdb	0.0	31.298	54.806	-44.583
swarm_3_26.pdb	0.0	36.189	68.165	-44.725
swarm_16_196.pdb	0.0	28.769	68.489	-44.802
swarm_6_156.pdb	0.0	23.049	64.441	-44.914
swarm_26_87.pdb	0.0	14.76	58.039	-44.917
swarm_9_91.pdb	0.0	22.443	64.721	-44.993
swarm_23_42.pdb	0.0217391	12.206	42.679	-45.128
swarm_93_44.pdb	0.0	20.644	67.59	-45.369
swarm_100_193.pdb	0.0	31.607	50.012	-45.488
swarm_16_45.pdb	0.0	29.44	65.854	-45.654
swarm_4_119.pdb	0.0	34.749	60.222	-45.694
swarm_93_115.pdb	0.0	19.539	66.484	-46.266
swarm_77_38.pdb	0.0	32.125	49.04	-46.323
swarm_5_152.pdb	0.0217391	20.307	54.484	-46.751
swarm_4_132.pdb	0.0	22.034	52.66	-46.794
swarm_118_99.pdb	0.00671141	32.671	64.541	-46.843
swarm_68_29.pdb	0.0	37.981	58.958	-47.201
swarm_12_153.pdb	0.0	25.133	45.331	-47.265
swarm_63_15.pdb	0.0	28.804	63.641	-47.431
swarm_80_99.pdb	0.0	33.632	69.259	-47.521
swarm_70_169.pdb	0.0	30.914	51.371	-47.632
swarm_75_17.pdb	0.0	22.829	59.257	-47.687
swarm_116_40.pdb	0.0869565	16.451	30.335	-47.733
swarm_11_20.pdb	0.0	23.592	73.755	-48.156
swarm_57_54.pdb	0.0	28.009	51.875	-48.245
swarm_118_135.pdb	0.0	36.895	66.57	-48.776
swarm_98_199.pdb	0.0201342	19.027	43.415	-48.844
swarm_112_45.pdb	0.0	17.095	52.525	-49.628
swarm_10_140.pdb	0.0	20.954	67.533	-49.905
swarm_31_46.pdb	0.0	15.164	53.385	-49.945
swarm_91_136.pdb	0.0	33.02	66.695	-50.018
swarm_96_169.pdb	0.0	18.289	31.861	-50.396
swarm_11_167.pdb	0.0	37.632	77.735	-50.676
swarm_77_46.pdb	0.0	34.612	50.793	-51.892
swarm_9_3.pdb	0.0	18.572	71.517	-52.369
swarm_108_107.pdb	0.0	37.685	66.21	-52.417
swarm_87_25.pdb	0.0	27.82	42.973	-53.175
swarm_38_92.pdb	0.0	29.011	49.176	-53.538
swarm_47_22.pdb	0.0	14.415	34.165	-53.744
swarm_17_191.pdb	0.0	19.415	69.002	-53.989
swarm_51_56.pdb	0.0	26.7	54.729	-54.211
swarm_93_190.pdb	0.0	17.997	64.827	-54.317
swarm_103_151.pdb	0.0	24.017	73.426	-54.826
swarm_47_33.pdb	0.0	22.041	37.365	-54.830
swarm_37_116.pdb	0.0	22.414	37.572	-54.861
swarm_26_46.pdb	0.0	20.528	61.15	-54.871
swarm_108_78.pdb	0.0	31.57	60.755	-55.018
swarm_116_107.pdb	0.0	32.304	53.338	-55.269
swarm_11_1.pdb	0.0	29.891	71.687	-55.905
swarm_98_11.pdb	0.0	36.664	55.547	-56.162
swarm_64_51.pdb	0.0	16.996	47.546	-56.347
swarm_105_61.pdb	0.0	21.893	53.683	-56.697
swarm_10_16.pdb	0.0	34.441	68.149	-56.776
swarm_90_54.pdb	0.0	14.84	39.357	-56.779
swarm_106_171.pdb	0.00671141	31.026	61.415	-56.804
swarm_95_112.pdb	0.0	28.936	42.452	-57.160
swarm_49_76.pdb	0.0	34.313	54.402	-57.357
swarm_89_61.pdb	0.0	23.454	56.795	-57.777
swarm_68_188.pdb	0.0	32.703	57.582	-58.138
swarm_102_91.pdb	0.0	29.665	43.59	-58.462
swarm_53_192.pdb	0.0	31.926	54.331	-58.477
swarm_58_53.pdb	0.0	25.146	49.347	-58.976
swarm_93_101.pdb	0.0	36.707	60.512	-59.047
swarm_113_127.pdb	0.0	31.445	50.735	-59.126
swarm_65_75.pdb	0.0	28.52	60.099	-60.077
swarm_17_89.pdb	0.0	21.268	78.595	-60.217
swarm_89_165.pdb	0.0	17.947	62.633	-60.843
swarm_81_124.pdb	0.0	27.856	73.304	-60.909
swarm_16_34.pdb	0.0	32.928	71.5	-62.024
swarm_86_97.pdb	0.0	25.341	37.141	-62.496
swarm_116_118.pdb	0.0	19.582	35.391	-62.625
swarm_70_109.pdb	0.00671141	23.105	34.063	-63.106
swarm_7_144.pdb	0.0	28.283	54.758	-63.365
swarm_67_190.pdb	0.0	20.935	56.086	-63.484
swarm_34_3.pdb	0.0	18.519	53.325	-63.699
swarm_106_22.pdb	0.0	16.077	61.887	-64.746
swarm_96_132.pdb	0.0	24.845	51.373	-66.397
swarm_93_93.pdb	0.0	27.487	72.104	-66.676
swarm_97_185.pdb	0.0	12.021	44.382	-67.871
swarm_43_38.pdb	0.0	27.734	53.112	-68.003
swarm_118_176.pdb	0.033557	25.935	64.825	-69.005
swarm_116_69.pdb	0.0	13.243	56.4	-69.306
swarm_17_8.pdb	0.0	35.193	73.299	-69.787
swarm_105_72.pdb	0.0134228	32.296	57.626	-70.505
swarm_85_46.pdb	0.0	24.155	50.576	-70.767
swarm_61_147.pdb	0.0	15.639	64.093	-70.824
swarm_93_89.pdb	0.0	26.279	62.267	-71.034
swarm_116_44.pdb	0.0201342	26.299	48.102	-71.544
swarm_23_35.pdb	0.0402685	21.888	28.215	-72.146
swarm_32_74.pdb	0.0	13.826	54.063	-72.474
swarm_97_143.pdb	0.0	21.949	50.505	-72.710
swarm_118_117.pdb	0.0	26.555	64.907	-72.911
swarm_29_38.pdb	0.0	35.876	60.605	-73.221
swarm_107_126.pdb	0.0	19.438	61.734	-75.150
swarm_99_153.pdb	0.0	9.925	26.322	-76.117
swarm_116_28.pdb	0.0268456	30.873	56.661	-76.545
swarm_65_80.pdb	0.0	29.304	54.915	-76.599
swarm_7_79.pdb	0.0	18.375	60.11	-77.177
swarm_64_15.pdb	0.0	22.51	30.385	-79.551
swarm_100_184.pdb	0.0	13.764	29.177	-79.689
swarm_105_187.pdb	0.0	13.74	51.811	-80.463
swarm_96_60.pdb	0.0	28.98	43.584	-81.164
swarm_76_166.pdb	0.0	20.297	41.167	-81.448
swarm_89_89.pdb	0.0	37.696	63.135	-81.615
swarm_9_109.pdb	0.0	36.582	67.84	-81.872
swarm_7_19.pdb	0.0	26.926	56.278	-83.124
swarm_105_142.pdb	0.0	26.322	55.577	-84.101
swarm_85_18.pdb	0.0	15.992	39.971	-84.929
swarm_71_124.pdb	0.0	14.525	55.218	-85.188
swarm_88_98.pdb	0.0	23.789	45.107	-85.702
swarm_14_144.pdb	0.0	33.84	78.073	-86.367
swarm_77_28.pdb	0.0268456	21.656	40.933	-87.364
swarm_40_117.pdb	0.0	31.565	60.945	-89.379
swarm_7_20.pdb	0.0	27.908	54.859	-89.653
swarm_52_188.pdb	0.0	26.888	63.072	-91.149
swarm_52_190.pdb	0.0	27.567	54.411	-92.896
swarm_88_89.pdb	0.0	17.449	55.332	-93.893
swarm_5_155.pdb	0.0	30.862	52.371	-94.413
swarm_65_38.pdb	0.0	32.107	57.332	-95.223
swarm_64_188.pdb	0.00671141	21.916	47.145	-95.696
swarm_119_98.pdb	0.0	25.885	43.432	-95.944
swarm_27_155.pdb	0.0	23.089	67.503	-96.415
swarm_43_140.pdb	0.0	23.491	53.769	-96.636
swarm_7_9.pdb	0.0	31.881	57.73	-97.813
swarm_27_89.pdb	0.0	28.175	63.964	-98.372
swarm_6_104.pdb	0.0	25.219	62.087	-98.623
swarm_31_93.pdb	0.0	15.25	43.384	-100.438
swarm_85_20.pdb	0.00671141	25.603	46.716	-101.463
swarm_26_193.pdb	0.0	28.609	60.876	-101.909
swarm_82_15.pdb	0.0	35.131	63.054	-103.559
swarm_67_171.pdb	0.0	19.742	41.97	-105.282
swarm_60_126.pdb	0.0	35.563	69.53	-108.973
swarm_41_168.pdb	0.0	31.414	62.14	-108.993
swarm_14_0.pdb	0.0	31.973	76.213	-109.196
swarm_106_123.pdb	0.0	14.873	61.964	-110.640
swarm_106_41.pdb	0.0	15.973	61.108	-111.175
swarm_97_100.pdb	0.0	18.704	37.436	-111.622
swarm_27_149.pdb	0.0	33.902	76.464	-112.755
swarm_22_195.pdb	0.0	20.797	46.087	-112.973
swarm_96_66.pdb	0.0	32.171	47.001	-114.230
swarm_10_151.pdb	0.0	30.825	66.415	-115.311
swarm_23_22.pdb	0.0	16.695	31.132	-116.583
swarm_15_143.pdb	0.0	27.81	43.8	-117.830
swarm_59_137.pdb	0.0	25.902	50.998	-119.792
swarm_27_23.pdb	0.0	28.542	57.253	-122.239
swarm_106_84.pdb	0.0	18.792	54.267	-122.583
swarm_82_152.pdb	0.0	17.048	60.037	-122.969
swarm_105_57.pdb	0.0	11.046	50.566	-123.737
swarm_103_51.pdb	0.0	19.57	71.412	-124.076
swarm_119_118.pdb	0.0	30.94	51.619	-125.951
swarm_27_160.pdb	0.0	33.849	65.411	-126.645
swarm_26_91.pdb	0.0	24.919	64.536	-129.127
swarm_19_57.pdb	0.0	28.713	51.121	-132.591
swarm_10_79.pdb	0.0	30.116	62.989	-132.773
swarm_18_47.pdb	0.0	16.6	35.676	-133.769
swarm_84_87.pdb	0.0	28.078	51.325	-138.843
swarm_50_166.pdb	0.0	17.051	44.033	-140.568
swarm_113_68.pdb	0.0	31.938	46.309	-148.306
swarm_26_168.pdb	0.0	24.998	68.672	-150.641
swarm_7_60.pdb	0.0217391	15.729	57.74	-152.872
swarm_102_112.pdb	0.0	8.079	21.477	-168.022
swarm_7_29.pdb	0.0	24.806	53.302	-173.452
swarm_81_110.pdb	0.0	38.118	68.253	-173.519
swarm_77_72.pdb	0.0217391	28.263	53.128	-173.588
swarm_103_164.pdb	0.0	18.729	59.997	-176.510
swarm_21_185.pdb	0.0	16.76	46.895	-177.305
swarm_120_105.pdb	0.0	18.585	31.123	-177.602
swarm_23_152.pdb	0.0	28.542	44.288	-181.100
swarm_26_154.pdb	0.033557	22.461	63.738	-181.513
swarm_117_74.pdb	0.00671141	17.985	49.47	-182.628
swarm_18_87.pdb	0.0	14.563	44.109	-183.881
swarm_121_171.pdb	0.0	23.927	52.585	-194.741
swarm_25_166.pdb	0.0134228	16.022	23.053	-196.318
swarm_26_136.pdb	0.0	22.62	59.651	-216.123
swarm_15_23.pdb	0.0	24.118	43.861	-219.915
swarm_100_67.pdb	0.0	27.803	48.507	-222.166
