complex.1.pdb	0.594203	1.702	3.280
complex.2.pdb	0.586957	1.899	9.897
complex.3.pdb	0.572464	1.945	6.526
complex.4.pdb	0.0434783	18.121	42.955
complex.5.pdb	0.0362319	18.417	43.660
complex.6.pdb	0.0507246	18.185	42.720
complex.7.pdb	0.0507246	19.288	49.104
complex.8.pdb	0	15.791	46.752
complex.9.pdb	0.0217391	18.039	42.977
complex.10.pdb	0.311594	3.097	16.653
complex.11.pdb	0	17.950	52.459
complex.12.pdb	0	18.144	50.717
complex.13.pdb	0.297101	3.489	16.348
complex.14.pdb	0.0144928	18.223	44.361
complex.15.pdb	0	17.629	54.975
complex.16.pdb	0	18.214	58.570
complex.17.pdb	0	18.844	58.200
complex.18.pdb	0.0289855	18.363	43.232
complex.19.pdb	0.355072	3.882	13.750
complex.20.pdb	0.0144928	18.045	47.336
complex.21.pdb	0.384058	3.025	11.381
complex.22.pdb	0	33.816	64.062
complex.23.pdb	0.057971	18.436	46.159
complex.24.pdb	0.0289855	17.905	43.058
complex.25.pdb	0.202899	7.229	19.512
complex.26.pdb	0.42029	2.532	11.044
complex.27.pdb	0.0362319	18.095	42.897
complex.28.pdb	0	18.646	52.521
complex.29.pdb	0	36.692	79.051
complex.30.pdb	0	17.675	51.380
complex.31.pdb	0	14.065	41.841
complex.32.pdb	0	17.638	61.008
complex.33.pdb	0	23.840	44.596
complex.34.pdb	0	32.809	69.595
complex.35.pdb	0	17.966	51.038
complex.36.pdb	0	31.856	68.593
complex.37.pdb	0	19.200	63.875
complex.38.pdb	0.217391	5.189	18.281
complex.39.pdb	0	16.668	51.319
complex.40.pdb	0	13.389	44.452
complex.41.pdb	0	19.655	59.465
complex.42.pdb	0	20.999	69.865
complex.43.pdb	0.0362319	17.319	48.768
complex.44.pdb	0.42029	2.782	10.273
complex.45.pdb	0.00724638	17.852	57.286
complex.46.pdb	0.0289855	19.682	59.403
complex.47.pdb	0	36.746	76.825
complex.48.pdb	0	38.008	74.920
complex.49.pdb	0	35.056	79.747
complex.50.pdb	0.405797	3.720	9.968
complex.51.pdb	0	18.570	54.752
complex.52.pdb	0.282609	3.925	14.268
complex.53.pdb	0	24.218	45.746
complex.54.pdb	0	36.474	77.799
complex.55.pdb	0	32.724	68.067
complex.56.pdb	0	18.572	57.856
complex.57.pdb	0.0217391	18.354	64.158
complex.58.pdb	0	18.672	60.291
complex.59.pdb	0	17.496	49.737
complex.60.pdb	0	18.982	60.891
complex.61.pdb	0.0724638	8.026	33.838
complex.62.pdb	0	18.841	63.123
complex.63.pdb	0.384058	3.515	19.085
complex.64.pdb	0	18.425	48.527
complex.65.pdb	0	33.794	62.452
complex.66.pdb	0.152174	10.360	33.674
complex.67.pdb	0.144928	7.534	33.002
complex.68.pdb	0	34.645	71.533
complex.69.pdb	0.00724638	13.704	53.646
complex.70.pdb	0	13.809	56.351
complex.71.pdb	0	13.973	54.681
complex.72.pdb	0	25.201	53.565
complex.73.pdb	0	31.336	57.724
complex.74.pdb	0	17.745	63.213
complex.75.pdb	0.166667	5.256	26.987
complex.76.pdb	0	23.197	65.168
complex.77.pdb	0.00724638	10.802	35.732
complex.78.pdb	0.173913	4.001	14.992
complex.79.pdb	0	33.041	62.387
complex.80.pdb	0	36.852	73.207
complex.81.pdb	0.166667	9.223	31.902
complex.82.pdb	0	26.724	63.353
complex.83.pdb	0.0217391	14.444	47.127
complex.84.pdb	0.0362319	16.107	52.920
complex.85.pdb	0	35.029	74.433
complex.86.pdb	0	15.635	40.128
complex.87.pdb	0	18.663	49.672
complex.88.pdb	0.15942	5.186	22.462
complex.89.pdb	0.00724638	18.062	57.203
complex.90.pdb	0	19.380	64.518
complex.91.pdb	0	17.480	47.371
complex.92.pdb	0.0144928	18.006	45.794
complex.93.pdb	0.166667	8.663	30.393
complex.94.pdb	0	13.711	52.128
complex.95.pdb	0	18.242	55.868
complex.96.pdb	0.0217391	18.307	45.198
complex.97.pdb	0	20.701	55.214
complex.98.pdb	0	19.173	34.014
complex.99.pdb	0	15.630	65.649
complex.100.pdb	0.15942	5.654	27.576
complex.101.pdb	0	17.777	50.316
complex.102.pdb	0	36.591	77.636
complex.103.pdb	0	37.872	77.681
complex.104.pdb	0.166667	5.312	19.016
complex.105.pdb	0	11.092	29.098
complex.106.pdb	0.166667	6.907	28.798
complex.107.pdb	0	15.040	53.469
complex.108.pdb	0	18.031	43.742
complex.109.pdb	0	15.701	59.049
complex.110.pdb	0	14.120	41.781
complex.111.pdb	0	18.023	49.873
complex.112.pdb	0	36.319	71.548
complex.113.pdb	0	18.825	62.316
complex.114.pdb	0	38.445	73.809
complex.115.pdb	0	17.886	60.026
complex.116.pdb	0.224638	6.670	27.778
complex.117.pdb	0	30.053	55.858
complex.118.pdb	0	37.034	78.181
complex.119.pdb	0	37.027	80.415
complex.120.pdb	0	37.718	80.492
complex.121.pdb	0.0217391	18.391	44.213
complex.122.pdb	0.384058	2.917	13.283
complex.123.pdb	0	37.131	76.333
complex.124.pdb	0.0289855	18.398	44.382
complex.125.pdb	0	31.220	59.981
complex.126.pdb	0.057971	6.683	26.940
complex.127.pdb	0	37.483	70.185
complex.128.pdb	0	38.305	72.816
complex.129.pdb	0	15.109	50.491
complex.130.pdb	0	20.534	71.921
complex.131.pdb	0	34.929	71.348
complex.132.pdb	0	17.190	40.139
complex.133.pdb	0	36.843	79.215
complex.134.pdb	0.0724638	10.478	33.390
complex.135.pdb	0	22.655	43.494
complex.136.pdb	0	32.354	57.728
complex.137.pdb	0	23.854	46.254
complex.138.pdb	0	37.555	79.515
complex.139.pdb	0.0362319	16.213	49.207
complex.140.pdb	0	29.471	72.579
complex.141.pdb	0	18.918	66.937
complex.142.pdb	0.0217391	18.442	46.590
complex.143.pdb	0.0434783	13.988	50.221
complex.144.pdb	0	27.871	72.144
complex.145.pdb	0.0362319	22.617	67.550
complex.146.pdb	0	17.566	51.161
complex.147.pdb	0	13.161	48.741
complex.148.pdb	0	19.721	58.607
complex.149.pdb	0	18.185	46.899
complex.150.pdb	0.0362319	20.960	63.162
complex.151.pdb	0.0434783	14.852	50.260
complex.152.pdb	0	27.757	60.154
complex.153.pdb	0.00724638	17.576	49.808
complex.154.pdb	0.130435	7.087	33.017
complex.155.pdb	0	34.197	65.948
complex.156.pdb	0	15.929	42.028
complex.157.pdb	0	27.348	64.173
complex.158.pdb	0.246377	7.105	21.714
complex.159.pdb	0	17.046	51.516
complex.160.pdb	0	18.881	55.307
complex.161.pdb	0	19.921	65.505
complex.162.pdb	0.137681	8.129	37.693
complex.163.pdb	0.384058	4.329	17.986
complex.164.pdb	0.0362319	20.875	54.815
complex.165.pdb	0.15942	4.761	16.187
complex.166.pdb	0	17.544	57.486
complex.167.pdb	0	36.668	75.451
complex.168.pdb	0	12.789	45.909
complex.169.pdb	0	29.747	70.991
complex.170.pdb	0	29.240	68.832
complex.171.pdb	0.26087	4.335	22.301
complex.172.pdb	0.166667	4.888	26.188
complex.173.pdb	0	34.022	77.399
complex.174.pdb	0	34.427	64.645
complex.175.pdb	0	25.205	55.579
complex.176.pdb	0	37.179	79.750
complex.177.pdb	0	34.982	67.601
complex.178.pdb	0	28.896	63.955
complex.179.pdb	0	37.058	76.454
complex.180.pdb	0	17.330	52.643
complex.181.pdb	0.152174	5.319	23.223
complex.182.pdb	0.144928	6.578	23.493
complex.183.pdb	0	34.891	71.807
complex.184.pdb	0.0507246	10.715	31.186
complex.185.pdb	0	35.799	77.523
complex.186.pdb	0	25.209	68.879
complex.187.pdb	0	10.465	28.307
complex.188.pdb	0	17.224	45.781
complex.189.pdb	0	36.860	77.082
complex.190.pdb	0.00724638	15.761	41.723
complex.191.pdb	0	18.735	64.209
complex.192.pdb	0	29.408	65.697
complex.193.pdb	0	12.868	38.084
complex.194.pdb	0.0289855	15.922	37.823
complex.195.pdb	0.15942	7.402	29.834
complex.196.pdb	0.0144928	15.176	48.252
complex.197.pdb	0	37.011	67.394
complex.198.pdb	0	35.286	76.942
complex.199.pdb	0	17.597	47.830
complex.200.pdb	0	29.391	70.719
complex.201.pdb	0	36.036	59.826
complex.202.pdb	0.210145	4.732	18.755
complex.203.pdb	0	17.220	55.246
complex.204.pdb	0	36.828	78.246
complex.205.pdb	0	33.801	61.250
complex.206.pdb	0	36.464	70.549
complex.207.pdb	0	18.632	30.425
complex.208.pdb	0	18.050	59.735
complex.209.pdb	0	36.311	75.985
complex.210.pdb	0	34.222	78.444
complex.211.pdb	0.173913	5.718	22.150
complex.212.pdb	0.231884	3.538	17.374
complex.213.pdb	0.0362319	15.449	40.753
complex.214.pdb	0.333333	3.098	15.074
complex.215.pdb	0	35.953	65.420
complex.216.pdb	0	27.349	55.510
complex.217.pdb	0	27.254	60.517
complex.218.pdb	0	13.642	51.856
complex.219.pdb	0	34.700	74.157
complex.220.pdb	0.217391	6.296	15.792
complex.221.pdb	0	14.596	56.771
complex.222.pdb	0	24.734	51.755
complex.223.pdb	0.0434783	12.332	29.708
complex.224.pdb	0	19.707	68.635
complex.225.pdb	0.137681	9.134	39.046
complex.226.pdb	0.0289855	18.624	57.515
complex.227.pdb	0	34.618	78.155
complex.228.pdb	0	15.119	43.917
complex.229.pdb	0	36.878	71.919
complex.230.pdb	0	36.851	77.691
complex.231.pdb	0.0217391	20.082	53.926
complex.232.pdb	0	35.098	79.150
complex.233.pdb	0	29.647	73.280
complex.234.pdb	0.0144928	17.935	52.474
complex.235.pdb	0	35.057	70.783
complex.236.pdb	0	39.630	86.252
complex.237.pdb	0	30.332	76.039
complex.238.pdb	0	38.401	76.003
complex.239.pdb	0	35.641	76.798
complex.240.pdb	0	17.623	52.825
complex.241.pdb	0	14.303	42.080
complex.242.pdb	0.0289855	16.522	42.137
complex.243.pdb	0	35.447	74.569
complex.244.pdb	0	30.704	57.904
complex.245.pdb	0.00724638	17.958	53.946
complex.246.pdb	0	33.209	63.722
complex.247.pdb	0	20.623	42.959
complex.248.pdb	0	33.947	75.116
complex.249.pdb	0	16.105	49.007
complex.250.pdb	0	25.708	64.806
complex.251.pdb	0	38.369	81.752
complex.252.pdb	0	27.391	54.374
complex.253.pdb	0	25.330	61.548
complex.254.pdb	0	34.239	70.190
complex.255.pdb	0	27.021	78.895
complex.256.pdb	0	18.548	64.701
complex.257.pdb	0	17.815	54.482
complex.258.pdb	0	17.690	45.938
complex.259.pdb	0.0144928	14.517	47.547
complex.260.pdb	0	37.323	71.118
complex.261.pdb	0	34.248	57.138
complex.262.pdb	0	15.926	44.919
complex.263.pdb	0.246377	5.447	20.396
complex.264.pdb	0	14.940	46.147
complex.265.pdb	0	34.266	68.511
complex.266.pdb	0	24.803	63.565
complex.267.pdb	0	30.088	53.260
complex.268.pdb	0	26.795	83.108
complex.269.pdb	0.00724638	12.633	24.221
complex.270.pdb	0.0507246	11.589	45.235
complex.271.pdb	0	13.882	46.499
complex.272.pdb	0	34.212	73.460
complex.273.pdb	0	13.667	47.770
complex.274.pdb	0	19.341	62.643
complex.275.pdb	0	18.501	47.469
complex.276.pdb	0	34.378	72.386
complex.277.pdb	0	27.948	64.584
complex.278.pdb	0	16.103	55.004
complex.279.pdb	0.0362319	11.868	35.293
complex.280.pdb	0.130435	10.862	36.316
complex.281.pdb	0	35.340	75.019
complex.282.pdb	0	38.074	78.722
complex.283.pdb	0	25.639	60.726
complex.284.pdb	0	17.718	61.699
complex.285.pdb	0	17.106	64.867
complex.286.pdb	0	33.639	76.824
complex.287.pdb	0	27.151	74.045
complex.288.pdb	0	25.757	46.831
complex.289.pdb	0	36.767	73.616
complex.290.pdb	0.15942	8.514	25.194
complex.291.pdb	0	27.847	82.269
complex.292.pdb	0	17.959	60.959
complex.293.pdb	0.0144928	19.844	59.605
complex.294.pdb	0	34.118	67.102
complex.295.pdb	0.0434783	19.385	61.711
complex.296.pdb	0	35.479	65.823
complex.297.pdb	0	35.060	63.765
complex.298.pdb	0	16.167	55.965
complex.299.pdb	0	39.007	76.258
complex.300.pdb	0.00724638	9.791	32.139
complex.301.pdb	0	34.059	72.375
complex.302.pdb	0	34.139	83.379
complex.303.pdb	0	31.702	63.431
complex.304.pdb	0.0144928	18.080	44.568
complex.305.pdb	0.0289855	12.780	48.437
complex.306.pdb	0	20.397	52.926
complex.307.pdb	0	15.056	54.573
complex.308.pdb	0	34.279	69.474
complex.309.pdb	0	37.125	82.641
complex.310.pdb	0.0507246	15.165	47.270
complex.311.pdb	0	33.298	53.940
complex.312.pdb	0.00724638	17.632	47.507
complex.313.pdb	0	38.147	78.274
complex.314.pdb	0	35.912	75.078
complex.315.pdb	0.0217391	17.178	51.797
complex.316.pdb	0	15.315	55.997
complex.317.pdb	0	28.602	64.958
complex.318.pdb	0.0217391	23.077	71.017
complex.319.pdb	0	24.776	45.307
complex.320.pdb	0	35.814	75.163
complex.321.pdb	0	37.479	78.570
complex.322.pdb	0.137681	5.215	27.171
complex.323.pdb	0	37.307	65.038
complex.324.pdb	0	8.772	44.369
complex.325.pdb	0	36.667	64.661
complex.326.pdb	0	33.458	71.265
complex.327.pdb	0	31.709	66.922
complex.328.pdb	0.123188	6.883	28.870
complex.329.pdb	0	16.138	50.833
complex.330.pdb	0.15942	7.511	30.127
complex.331.pdb	0.0434783	18.859	44.118
complex.332.pdb	0	18.036	55.230
complex.333.pdb	0	17.090	62.945
complex.334.pdb	0.0289855	19.435	59.488
complex.335.pdb	0	34.656	73.593
complex.336.pdb	0.0797101	8.642	33.859
complex.337.pdb	0	14.262	48.620
complex.338.pdb	0	33.673	61.722
complex.339.pdb	0.00724638	16.582	44.861
complex.340.pdb	0.0144928	11.415	40.452
complex.341.pdb	0	14.280	49.507
complex.342.pdb	0	32.410	68.568
complex.343.pdb	0	14.573	46.992
complex.344.pdb	0.0507246	17.594	47.348
complex.345.pdb	0	19.255	64.958
complex.346.pdb	0	33.727	66.183
complex.347.pdb	0.181159	4.954	27.956
complex.348.pdb	0	15.921	55.575
complex.349.pdb	0	24.679	59.993
complex.350.pdb	0	36.320	84.246
complex.351.pdb	0	31.768	58.162
complex.352.pdb	0.26087	7.395	25.798
complex.353.pdb	0	28.493	58.486
complex.354.pdb	0	16.267	56.478
complex.355.pdb	0	38.236	82.192
complex.356.pdb	0	16.714	60.521
complex.357.pdb	0	27.824	86.633
complex.358.pdb	0	32.342	57.637
complex.359.pdb	0.0217391	19.715	52.208
complex.360.pdb	0.137681	9.486	27.484
complex.361.pdb	0.0362319	17.226	44.896
complex.362.pdb	0.152174	5.990	23.201
complex.363.pdb	0.0217391	19.968	53.169
complex.364.pdb	0	25.470	61.572
complex.365.pdb	0	36.295	83.359
complex.366.pdb	0	20.533	58.691
complex.367.pdb	0	13.907	55.287
complex.368.pdb	0.137681	7.543	30.613
complex.369.pdb	0	34.167	70.691
complex.370.pdb	0.00724638	11.518	41.268
complex.371.pdb	0.0217391	13.437	39.896
complex.372.pdb	0	38.962	84.132
complex.373.pdb	0	36.335	80.842
complex.374.pdb	0	35.433	66.625
complex.375.pdb	0	28.137	60.331
complex.376.pdb	0	35.446	69.554
complex.377.pdb	0	18.082	60.182
complex.378.pdb	0	29.989	88.704
complex.379.pdb	0.0942029	10.030	39.135
complex.380.pdb	0	35.945	74.211
complex.381.pdb	0	37.338	76.853
complex.382.pdb	0	28.314	89.052
complex.383.pdb	0	11.563	37.686
complex.384.pdb	0.0289855	8.450	20.363
complex.385.pdb	0	30.856	54.220
complex.386.pdb	0	31.190	62.354
complex.387.pdb	0	35.595	78.164
complex.388.pdb	0	14.905	51.367
complex.389.pdb	0	35.177	74.698
complex.390.pdb	0	16.585	50.169
complex.391.pdb	0	22.812	50.188
complex.392.pdb	0	23.321	55.421
complex.393.pdb	0	25.414	63.304
complex.394.pdb	0.130435	8.392	33.961
complex.395.pdb	0	32.089	67.209
complex.396.pdb	0	37.560	72.978
complex.397.pdb	0	37.217	65.860
complex.398.pdb	0.130435	9.908	40.994
complex.399.pdb	0	34.153	74.345
complex.400.pdb	0	20.816	66.177
complex.401.pdb	0	29.166	66.434
complex.402.pdb	0	32.380	72.277
complex.403.pdb	0.0217391	15.899	44.061
complex.404.pdb	0	37.607	83.052
complex.405.pdb	0.0217391	18.392	66.731
complex.406.pdb	0	14.420	45.577
complex.407.pdb	0	17.757	56.553
complex.408.pdb	0	37.843	75.721
complex.409.pdb	0	29.078	53.356
complex.410.pdb	0	10.384	41.851
complex.411.pdb	0	36.886	78.160
complex.412.pdb	0.0217391	9.178	29.879
complex.413.pdb	0	13.501	40.182
complex.414.pdb	0	29.890	58.100
complex.415.pdb	0.0507246	10.652	44.963
complex.416.pdb	0	17.620	30.404
complex.417.pdb	0	29.786	61.591
complex.418.pdb	0	33.146	65.404
complex.419.pdb	0.0362319	18.406	50.936
complex.420.pdb	0	23.106	54.183
complex.421.pdb	0	39.390	84.128
complex.422.pdb	0	14.656	36.238
complex.423.pdb	0	26.649	64.589
complex.424.pdb	0	11.145	45.584
complex.425.pdb	0.0869565	8.644	38.478
complex.426.pdb	0	37.225	78.343
complex.427.pdb	0	25.037	47.171
complex.428.pdb	0	35.400	73.192
complex.429.pdb	0	27.159	63.537
complex.430.pdb	0	24.157	44.386
complex.431.pdb	0	35.330	61.587
complex.432.pdb	0	37.212	77.980
complex.433.pdb	0	31.117	69.092
complex.434.pdb	0.0289855	12.946	51.569
complex.435.pdb	0	17.234	42.949
complex.436.pdb	0.0217391	17.947	45.580
complex.437.pdb	0	25.733	55.891
complex.438.pdb	0	39.097	76.865
complex.439.pdb	0.0144928	19.061	63.386
complex.440.pdb	0	35.864	68.826
complex.441.pdb	0	18.401	46.983
complex.442.pdb	0	31.403	56.308
complex.443.pdb	0	39.075	78.029
complex.444.pdb	0.0217391	20.079	60.685
complex.445.pdb	0	33.033	52.890
complex.446.pdb	0	30.797	57.607
complex.447.pdb	0	23.602	59.063
complex.448.pdb	0.0652174	16.783	54.929
complex.449.pdb	0	16.772	54.437
complex.450.pdb	0	29.709	61.193
complex.451.pdb	0	18.544	61.571
complex.452.pdb	0.00724638	17.862	44.279
complex.453.pdb	0	32.830	68.753
complex.454.pdb	0	26.176	51.706
complex.455.pdb	0	34.348	75.240
complex.456.pdb	0	28.486	56.422
complex.457.pdb	0.0144928	9.792	26.921
complex.458.pdb	0	27.519	45.740
complex.459.pdb	0	10.308	33.288
complex.460.pdb	0	36.847	83.642
complex.461.pdb	0.0362319	9.191	48.578
complex.462.pdb	0	34.648	75.207
complex.463.pdb	0	8.821	29.283
complex.464.pdb	0	37.559	77.534
complex.465.pdb	0	36.664	78.508
complex.466.pdb	0	13.457	49.861
complex.467.pdb	0	17.920	49.687
complex.468.pdb	0	18.953	56.523
complex.469.pdb	0.0217391	21.322	58.682
complex.470.pdb	0.0144928	23.201	66.187
complex.471.pdb	0	31.086	59.463
complex.472.pdb	0	14.473	49.032
complex.473.pdb	0	20.156	69.045
complex.474.pdb	0.0362319	11.126	31.303
complex.475.pdb	0	37.241	80.897
complex.476.pdb	0	38.206	83.597
complex.477.pdb	0	36.220	77.210
complex.478.pdb	0	31.611	60.277
complex.479.pdb	0	37.832	81.816
complex.480.pdb	0	26.595	63.802
complex.481.pdb	0	14.539	60.028
complex.482.pdb	0	17.297	51.685
complex.483.pdb	0	17.032	50.389
complex.484.pdb	0	33.538	71.703
complex.485.pdb	0	35.280	65.021
complex.486.pdb	0	15.690	37.372
complex.487.pdb	0.00724638	17.782	46.760
complex.488.pdb	0.0869565	9.866	30.405
complex.489.pdb	0	36.404	68.218
complex.490.pdb	0.195652	8.579	35.014
complex.491.pdb	0.144928	4.777	17.878
complex.492.pdb	0	26.938	63.256
complex.493.pdb	0	36.895	76.953
complex.494.pdb	0	24.458	56.488
complex.495.pdb	0	18.551	41.667
complex.496.pdb	0.0434783	11.284	51.486
complex.497.pdb	0	32.730	64.425
complex.498.pdb	0	18.901	54.222
complex.499.pdb	0	20.983	63.414
complex.500.pdb	0.0289855	13.420	45.491
complex.501.pdb	0	34.689	66.526
complex.502.pdb	0.0289855	8.913	20.878
complex.503.pdb	0	37.274	69.283
complex.504.pdb	0	29.626	58.993
complex.505.pdb	0	36.384	75.156
complex.506.pdb	0.0289855	14.702	36.687
complex.507.pdb	0	29.272	67.068
complex.508.pdb	0	33.219	82.297
complex.509.pdb	0	13.131	51.291
complex.510.pdb	0	34.734	70.470
complex.511.pdb	0	33.371	53.952
complex.512.pdb	0	39.428	78.585
complex.513.pdb	0	24.114	81.078
complex.514.pdb	0.0144928	8.553	21.953
complex.515.pdb	0.0217391	10.666	31.718
complex.516.pdb	0	30.994	51.328
complex.517.pdb	0.0289855	18.449	47.363
complex.518.pdb	0	36.055	61.476
complex.519.pdb	0	29.240	51.992
complex.520.pdb	0	20.760	34.856
complex.521.pdb	0	26.820	58.189
complex.522.pdb	0.0434783	15.965	50.309
complex.523.pdb	0	25.575	59.454
complex.524.pdb	0	27.823	57.755
complex.525.pdb	0	24.760	62.241
complex.526.pdb	0	14.298	37.544
complex.527.pdb	0	16.387	59.834
complex.528.pdb	0	34.630	75.268
complex.529.pdb	0	31.598	71.648
complex.530.pdb	0.0217391	8.740	30.507
complex.531.pdb	0	35.506	74.845
complex.532.pdb	0.00724638	18.656	47.616
complex.533.pdb	0	19.403	76.444
complex.534.pdb	0	26.433	70.675
complex.535.pdb	0	24.512	57.358
complex.536.pdb	0.0362319	23.418	62.424
complex.537.pdb	0	21.276	61.623
complex.538.pdb	0	33.897	71.667
complex.539.pdb	0	36.524	81.240
complex.540.pdb	0	36.570	76.767
complex.541.pdb	0	26.587	86.140
complex.542.pdb	0	31.376	58.309
complex.543.pdb	0	33.110	56.331
complex.544.pdb	0	20.688	66.750
complex.545.pdb	0	38.388	80.953
complex.546.pdb	0	35.268	66.625
complex.547.pdb	0	35.949	62.296
complex.548.pdb	0.166667	5.854	23.949
complex.549.pdb	0	37.145	78.603
complex.550.pdb	0	33.046	56.448
complex.551.pdb	0	23.347	70.926
complex.552.pdb	0	25.360	84.547
complex.553.pdb	0.0289855	18.462	44.273
complex.554.pdb	0	25.131	53.330
complex.555.pdb	0.0144928	18.152	64.730
complex.556.pdb	0	31.953	67.035
complex.557.pdb	0	30.816	63.107
complex.558.pdb	0	34.708	58.214
complex.559.pdb	0	35.261	73.005
complex.560.pdb	0.00724638	23.756	69.192
complex.561.pdb	0	30.356	54.783
complex.562.pdb	0	39.300	79.783
complex.563.pdb	0	29.336	74.127
complex.564.pdb	0	33.773	69.192
complex.565.pdb	0	34.654	67.760
complex.566.pdb	0	35.174	78.925
complex.567.pdb	0	36.492	76.691
complex.568.pdb	0	34.992	80.825
complex.569.pdb	0	29.810	64.429
complex.570.pdb	0	33.935	70.936
complex.571.pdb	0	20.198	59.302
complex.572.pdb	0	39.563	77.458
complex.573.pdb	0	24.303	46.203
complex.574.pdb	0	38.952	81.675
complex.575.pdb	0	20.050	66.660
complex.576.pdb	0	34.348	65.134
complex.577.pdb	0	25.505	48.385
complex.578.pdb	0	37.372	80.313
complex.579.pdb	0	15.371	39.817
complex.580.pdb	0	29.657	57.479
complex.581.pdb	0	36.789	77.431
complex.582.pdb	0	33.608	67.797
complex.583.pdb	0	36.301	65.056
complex.584.pdb	0	32.092	65.592
complex.585.pdb	0	36.954	68.981
complex.586.pdb	0.00724638	18.474	46.781
complex.587.pdb	0	37.598	76.726
complex.588.pdb	0	23.277	47.568
complex.589.pdb	0	35.068	72.014
complex.590.pdb	0	24.497	48.644
complex.591.pdb	0.0289855	20.190	59.606
complex.592.pdb	0	13.943	47.204
complex.593.pdb	0	30.906	62.438
complex.594.pdb	0	27.965	66.902
complex.595.pdb	0	15.705	55.241
complex.596.pdb	0	14.215	43.520
complex.597.pdb	0	24.382	51.948
complex.598.pdb	0	21.963	48.196
complex.599.pdb	0	33.346	63.400
complex.600.pdb	0	10.878	35.861
complex.601.pdb	0	25.030	45.449
complex.602.pdb	0	35.830	75.851
complex.603.pdb	0	32.525	60.902
complex.604.pdb	0.0144928	12.344	43.125
complex.605.pdb	0	34.992	67.299
complex.606.pdb	0.0652174	16.772	48.628
complex.607.pdb	0	36.022	68.784
complex.608.pdb	0	33.666	51.960
complex.609.pdb	0	16.302	57.723
complex.610.pdb	0	28.626	66.410
complex.611.pdb	0	33.784	73.564
complex.612.pdb	0.0289855	18.195	52.772
complex.613.pdb	0	34.969	63.764
complex.614.pdb	0	33.089	63.250
complex.615.pdb	0	27.172	70.169
complex.616.pdb	0	15.893	53.773
complex.617.pdb	0	30.496	69.534
complex.618.pdb	0	29.384	67.405
complex.619.pdb	0	26.066	57.975
complex.620.pdb	0	25.795	50.485
complex.621.pdb	0.101449	9.921	34.506
complex.622.pdb	0	20.943	82.698
complex.623.pdb	0	29.472	71.858
complex.624.pdb	0	39.407	82.093
complex.625.pdb	0	36.091	76.841
complex.626.pdb	0	24.454	44.493
complex.627.pdb	0	20.620	71.731
complex.628.pdb	0	34.689	74.610
complex.629.pdb	0	22.772	64.666
complex.630.pdb	0	29.414	71.053
complex.631.pdb	0	17.500	46.446
complex.632.pdb	0	27.587	59.862
complex.633.pdb	0	34.340	75.513
complex.634.pdb	0	35.474	74.852
complex.635.pdb	0.0289855	17.658	43.039
complex.636.pdb	0	26.517	58.236
complex.637.pdb	0.00724638	17.788	42.887
complex.638.pdb	0.00724638	14.605	39.441
complex.639.pdb	0	15.005	48.301
complex.640.pdb	0.101449	4.672	18.278
complex.641.pdb	0	19.533	64.273
complex.642.pdb	0	14.466	40.564
complex.643.pdb	0.00724638	18.216	51.032
complex.644.pdb	0.130435	7.475	23.200
complex.645.pdb	0.00724638	19.776	62.234
complex.646.pdb	0	34.976	67.262
complex.647.pdb	0	17.950	50.928
complex.648.pdb	0	30.328	76.258
complex.649.pdb	0	31.826	55.056
complex.650.pdb	0	22.785	80.843
complex.651.pdb	0	26.167	85.895
complex.652.pdb	0	37.739	76.305
complex.653.pdb	0	18.561	60.044
complex.654.pdb	0	34.604	59.470
complex.655.pdb	0	39.911	85.973
complex.656.pdb	0	37.968	72.857
complex.657.pdb	0	35.262	65.643
complex.658.pdb	0	34.335	71.665
complex.659.pdb	0.0144928	13.397	34.123
complex.660.pdb	0.00724638	20.101	66.023
complex.661.pdb	0	29.704	64.650
complex.662.pdb	0	27.202	66.615
complex.663.pdb	0	27.791	71.059
complex.664.pdb	0	17.827	59.280
complex.665.pdb	0.0144928	12.943	47.602
complex.666.pdb	0	26.533	69.600
complex.667.pdb	0	20.105	64.902
complex.668.pdb	0	34.133	71.596
complex.669.pdb	0	31.831	77.330
complex.670.pdb	0	30.729	64.306
complex.671.pdb	0	30.944	73.046
complex.672.pdb	0.0144928	17.900	46.643
complex.673.pdb	0	26.141	56.029
complex.674.pdb	0	28.159	61.153
complex.675.pdb	0.00724638	14.830	40.146
complex.676.pdb	0	13.591	47.345
complex.677.pdb	0	26.881	53.049
complex.678.pdb	0	36.375	77.737
complex.679.pdb	0	36.586	73.667
complex.680.pdb	0	30.389	60.641
complex.681.pdb	0	35.439	76.607
complex.682.pdb	0	16.735	52.552
complex.683.pdb	0	27.216	77.169
complex.684.pdb	0	26.897	63.808
complex.685.pdb	0	25.120	63.397
complex.686.pdb	0	33.677	74.325
complex.687.pdb	0	15.433	42.711
complex.688.pdb	0	34.867	79.146
complex.689.pdb	0	39.425	74.111
complex.690.pdb	0	31.403	65.542
complex.691.pdb	0	18.493	49.070
complex.692.pdb	0	11.876	26.185
complex.693.pdb	0	31.964	58.271
complex.694.pdb	0	35.389	77.138
complex.695.pdb	0	37.740	80.579
complex.696.pdb	0	13.572	40.628
complex.697.pdb	0	33.526	61.786
complex.698.pdb	0	28.371	90.307
complex.699.pdb	0	24.352	54.012
complex.700.pdb	0	17.238	42.503
complex.701.pdb	0	18.425	48.028
complex.702.pdb	0	23.326	70.531
complex.703.pdb	0	28.700	47.220
complex.704.pdb	0	16.338	49.818
complex.705.pdb	0	28.217	52.858
complex.706.pdb	0	39.372	86.425
complex.707.pdb	0	17.890	60.598
complex.708.pdb	0	37.867	85.592
complex.709.pdb	0	22.571	40.755
complex.710.pdb	0	32.283	62.894
complex.711.pdb	0.0144928	12.064	29.832
complex.712.pdb	0	36.790	84.023
complex.713.pdb	0.00724638	19.142	54.310
complex.714.pdb	0	32.672	68.791
complex.715.pdb	0	37.703	84.968
complex.716.pdb	0	28.021	54.804
complex.717.pdb	0	29.877	64.232
complex.718.pdb	0	16.801	58.194
complex.719.pdb	0	30.009	54.097
complex.720.pdb	0	32.063	60.815
complex.721.pdb	0	24.472	49.281
complex.722.pdb	0	20.827	68.521
complex.723.pdb	0	20.613	71.515
complex.724.pdb	0	20.903	75.329
complex.725.pdb	0	33.296	67.449
complex.726.pdb	0	29.710	66.888
complex.727.pdb	0	34.724	67.731
complex.728.pdb	0.0144928	17.505	42.989
complex.729.pdb	0	18.488	43.348
complex.730.pdb	0	26.693	64.192
complex.731.pdb	0	35.047	60.396
complex.732.pdb	0	36.499	78.254
complex.733.pdb	0	35.907	84.330
complex.734.pdb	0	18.791	36.764
complex.735.pdb	0	36.372	73.873
complex.736.pdb	0	28.471	71.919
complex.737.pdb	0	33.321	66.587
complex.738.pdb	0	28.938	57.692
complex.739.pdb	0	33.497	67.448
complex.740.pdb	0	30.541	57.488
complex.741.pdb	0.0869565	9.384	34.937
complex.742.pdb	0	33.308	54.278
complex.743.pdb	0	35.462	87.409
complex.744.pdb	0	21.493	57.219
complex.745.pdb	0	35.321	60.710
complex.746.pdb	0	34.006	71.000
complex.747.pdb	0	27.045	49.593
complex.748.pdb	0.0289855	13.293	52.779
complex.749.pdb	0	16.816	52.502
complex.750.pdb	0.0507246	13.448	49.735
complex.751.pdb	0	29.422	71.274
complex.752.pdb	0	27.289	70.786
complex.753.pdb	0	33.410	68.595
complex.754.pdb	0	18.916	54.064
complex.755.pdb	0	29.021	73.889
complex.756.pdb	0	24.598	67.532
complex.757.pdb	0.0434783	9.824	42.791
complex.758.pdb	0.0144928	17.256	54.586
complex.759.pdb	0.057971	9.453	39.860
complex.760.pdb	0	31.913	61.789
complex.761.pdb	0	21.178	74.289
complex.762.pdb	0.152174	9.283	27.432
complex.763.pdb	0	32.688	65.292
complex.764.pdb	0	14.495	61.346
complex.765.pdb	0.115942	7.215	27.578
complex.766.pdb	0.0289855	18.399	43.228
complex.767.pdb	0	11.875	41.067
complex.768.pdb	0	26.565	60.011
complex.769.pdb	0	27.254	67.903
complex.770.pdb	0	16.832	39.566
complex.771.pdb	0	35.084	64.748
complex.772.pdb	0.057971	10.981	52.855
complex.773.pdb	0	26.484	55.021
complex.774.pdb	0.0144928	19.204	58.434
complex.775.pdb	0	16.917	52.891
complex.776.pdb	0	29.622	65.659
complex.777.pdb	0	34.616	68.459
complex.778.pdb	0.00724638	25.533	50.820
complex.779.pdb	0	22.897	43.830
complex.780.pdb	0	15.336	58.684
complex.781.pdb	0	30.181	59.039
complex.782.pdb	0	31.385	55.869
complex.783.pdb	0	15.861	45.068
complex.784.pdb	0.0942029	9.890	41.886
complex.785.pdb	0	33.186	61.572
complex.786.pdb	0	29.174	62.152
complex.787.pdb	0	24.127	80.010
complex.788.pdb	0	22.306	76.348
complex.789.pdb	0	34.143	60.486
complex.790.pdb	0	24.708	74.957
complex.791.pdb	0	32.484	74.884
complex.792.pdb	0.0507246	9.515	40.278
complex.793.pdb	0	33.123	52.797
complex.794.pdb	0	16.836	51.858
complex.795.pdb	0	28.918	49.220
complex.796.pdb	0	29.628	61.632
complex.797.pdb	0	31.260	63.288
complex.798.pdb	0	28.349	55.062
complex.799.pdb	0	34.275	62.350
complex.800.pdb	0	29.104	79.154
complex.801.pdb	0	17.312	53.567
complex.802.pdb	0	31.362	61.782
complex.803.pdb	0.0434783	15.393	58.798
complex.804.pdb	0	27.561	58.353
complex.805.pdb	0	32.575	71.117
complex.806.pdb	0	13.012	41.801
complex.807.pdb	0.0289855	19.035	55.915
complex.808.pdb	0	34.435	74.593
complex.809.pdb	0	34.534	71.907
complex.810.pdb	0	18.202	68.488
complex.811.pdb	0	38.789	75.264
complex.812.pdb	0.224638	5.951	30.771
complex.813.pdb	0	33.281	60.636
complex.814.pdb	0	24.900	80.688
complex.815.pdb	0	32.548	48.527
complex.816.pdb	0	33.729	75.475
complex.817.pdb	0	20.834	74.599
complex.818.pdb	0	33.661	67.613
complex.819.pdb	0.0217391	17.962	52.932
complex.820.pdb	0	21.927	51.291
complex.821.pdb	0	17.636	60.627
complex.822.pdb	0	28.133	53.807
complex.823.pdb	0	35.718	80.007
complex.824.pdb	0	24.743	47.566
complex.825.pdb	0.00724638	11.680	41.804
complex.826.pdb	0	36.354	59.744
complex.827.pdb	0	35.330	62.001
complex.828.pdb	0	20.537	69.440
complex.829.pdb	0	24.435	43.989
complex.830.pdb	0.108696	5.734	18.085
complex.831.pdb	0	26.565	68.624
complex.832.pdb	0	24.295	37.988
complex.833.pdb	0	10.840	33.173
complex.834.pdb	0	34.580	73.484
complex.835.pdb	0	33.147	66.166
complex.836.pdb	0	24.494	74.461
complex.837.pdb	0	27.035	49.366
complex.838.pdb	0	16.801	55.923
complex.839.pdb	0	29.824	49.663
complex.840.pdb	0	26.280	60.640
complex.841.pdb	0	38.457	81.819
complex.842.pdb	0	38.043	70.613
complex.843.pdb	0	33.858	66.234
complex.844.pdb	0	33.784	64.364
complex.845.pdb	0.0289855	20.205	64.186
complex.846.pdb	0	32.544	65.899
complex.847.pdb	0	9.816	41.771
complex.848.pdb	0	30.231	57.591
complex.849.pdb	0	28.845	66.996
complex.850.pdb	0	32.149	58.081
complex.851.pdb	0	30.736	63.059
complex.852.pdb	0.0217391	16.925	58.738
complex.853.pdb	0	23.302	56.095
complex.854.pdb	0	16.660	47.633
complex.855.pdb	0	33.253	68.206
complex.856.pdb	0	30.615	67.381
complex.857.pdb	0	22.569	62.468
complex.858.pdb	0	36.837	76.976
complex.859.pdb	0	20.398	73.338
complex.860.pdb	0	18.349	66.420
complex.861.pdb	0	35.406	74.951
complex.862.pdb	0.0217391	20.201	57.515
complex.863.pdb	0.0217391	13.953	35.195
complex.864.pdb	0.0217391	12.099	46.218
complex.865.pdb	0	34.207	76.872
complex.866.pdb	0	29.818	65.051
complex.867.pdb	0	27.741	56.842
complex.868.pdb	0	18.883	62.576
complex.869.pdb	0	20.567	47.749
complex.870.pdb	0.0144928	19.754	51.069
complex.871.pdb	0	34.035	61.785
complex.872.pdb	0.0797101	8.710	30.182
complex.873.pdb	0	36.845	64.941
complex.874.pdb	0	26.296	60.580
complex.875.pdb	0	32.855	73.727
complex.876.pdb	0	21.737	49.048
complex.877.pdb	0.0217391	19.245	52.663
complex.878.pdb	0.00724638	20.097	67.097
complex.879.pdb	0	22.651	50.156
complex.880.pdb	0	19.999	46.940
complex.881.pdb	0	35.346	73.605
complex.882.pdb	0	28.563	51.000
complex.883.pdb	0	37.598	83.649
complex.884.pdb	0	33.619	79.181
complex.885.pdb	0	29.424	71.962
complex.886.pdb	0	36.696	77.727
complex.887.pdb	0	32.361	60.506
complex.888.pdb	0.0362319	19.017	60.179
complex.889.pdb	0	30.634	54.365
complex.890.pdb	0	35.812	76.052
complex.891.pdb	0	29.785	55.366
complex.892.pdb	0	22.986	54.359
complex.893.pdb	0	34.709	67.701
complex.894.pdb	0	13.612	40.362
complex.895.pdb	0	37.900	71.765
complex.896.pdb	0	20.064	71.035
complex.897.pdb	0	33.195	69.502
complex.898.pdb	0	20.478	58.477
complex.899.pdb	0.0217391	15.700	38.718
complex.900.pdb	0	17.309	39.309
complex.901.pdb	0	35.494	75.324
complex.902.pdb	0	29.546	91.814
complex.903.pdb	0	26.230	69.372
complex.904.pdb	0	33.291	56.246
complex.905.pdb	0	27.014	62.702
complex.906.pdb	0	37.391	78.613
complex.907.pdb	0	22.836	51.916
complex.908.pdb	0	13.421	54.136
complex.909.pdb	0.0217391	17.956	46.687
complex.910.pdb	0.00724638	18.246	44.500
complex.911.pdb	0	24.359	47.309
complex.912.pdb	0.0362319	13.100	47.337
complex.913.pdb	0	20.481	65.494
complex.914.pdb	0	29.589	62.203
complex.915.pdb	0	33.245	74.094
complex.916.pdb	0	23.472	54.641
complex.917.pdb	0.123188	10.622	37.007
complex.918.pdb	0	34.837	75.055
complex.919.pdb	0	23.398	50.729
complex.920.pdb	0	17.407	48.993
complex.921.pdb	0	19.036	69.312
complex.922.pdb	0	27.350	78.075
complex.923.pdb	0	35.884	63.549
complex.924.pdb	0	23.650	43.466
complex.925.pdb	0	38.004	74.014
complex.926.pdb	0.210145	5.108	14.883
complex.927.pdb	0	17.835	66.273
complex.928.pdb	0	35.969	65.232
complex.929.pdb	0	30.815	56.615
complex.930.pdb	0.0507246	8.593	23.956
complex.931.pdb	0	30.946	60.400
complex.932.pdb	0	28.536	55.054
complex.933.pdb	0	35.397	61.996
complex.934.pdb	0	36.122	70.606
complex.935.pdb	0	16.527	42.907
complex.936.pdb	0	36.699	75.464
complex.937.pdb	0	38.232	78.766
complex.938.pdb	0	36.996	74.956
complex.939.pdb	0	31.977	65.166
complex.940.pdb	0	31.879	68.678
complex.941.pdb	0	17.020	53.870
complex.942.pdb	0.0289855	17.370	41.291
complex.943.pdb	0	36.648	76.332
complex.944.pdb	0	29.252	57.540
complex.945.pdb	0	36.855	70.300
complex.946.pdb	0.0434783	18.460	52.231
complex.947.pdb	0	14.618	38.966
complex.948.pdb	0.00724638	13.759	46.019
complex.949.pdb	0	31.765	51.860
complex.950.pdb	0.00724638	17.436	57.286
complex.951.pdb	0	36.421	69.254
complex.952.pdb	0	32.147	72.927
complex.953.pdb	0.00724638	22.020	73.919
complex.954.pdb	0	28.797	59.703
complex.955.pdb	0	28.113	63.638
complex.956.pdb	0.0362319	19.795	55.577
complex.957.pdb	0	34.179	67.772
complex.958.pdb	0	13.664	47.293
complex.959.pdb	0	21.822	57.903
complex.960.pdb	0	32.668	66.908
complex.961.pdb	0.0217391	17.431	56.598
complex.962.pdb	0	32.309	77.195
complex.963.pdb	0.0217391	16.275	54.888
complex.964.pdb	0	16.086	56.045
complex.965.pdb	0.0652174	10.380	49.472
complex.966.pdb	0	25.953	58.936
complex.967.pdb	0	30.174	66.084
complex.968.pdb	0	21.268	64.777
complex.969.pdb	0	34.023	73.229
complex.970.pdb	0	34.684	73.344
complex.971.pdb	0	35.352	72.427
complex.972.pdb	0	23.383	60.724
complex.973.pdb	0	30.504	60.381
complex.974.pdb	0.195652	3.632	18.175
complex.975.pdb	0	41.690	95.366
complex.976.pdb	0	24.017	57.113
complex.977.pdb	0	38.739	82.791
complex.978.pdb	0	29.210	53.046
complex.979.pdb	0.0362319	11.053	37.148
complex.980.pdb	0	33.818	54.167
complex.981.pdb	0	41.028	80.321
complex.982.pdb	0	32.017	70.475
complex.983.pdb	0	32.969	63.099
complex.984.pdb	0	25.583	65.402
complex.985.pdb	0	17.045	33.402
complex.986.pdb	0.0362319	18.924	67.189
complex.987.pdb	0	33.572	68.022
complex.988.pdb	0	33.722	86.031
complex.989.pdb	0.0507246	10.831	43.148
complex.990.pdb	0.0217391	18.365	56.523
complex.991.pdb	0	33.661	61.934
complex.992.pdb	0	29.760	64.477
complex.993.pdb	0	32.494	66.536
complex.994.pdb	0.0144928	20.976	74.017
complex.995.pdb	0	14.994	39.892
complex.996.pdb	0	35.966	69.918
complex.997.pdb	0	28.429	52.602
complex.998.pdb	0	17.504	28.010
complex.999.pdb	0	29.387	58.436
complex.1000.pdb	0	37.637	73.501
complex.1001.pdb	0	31.238	54.877
complex.1002.pdb	0	30.490	59.031
complex.1003.pdb	0	23.413	84.540
complex.1004.pdb	0	22.444	80.661
complex.1005.pdb	0	26.828	80.943
complex.1006.pdb	0.0434783	18.941	54.044
complex.1007.pdb	0	28.059	90.115
complex.1008.pdb	0	13.040	45.274
complex.1009.pdb	0	18.305	56.550
complex.1010.pdb	0	37.101	77.319
complex.1011.pdb	0	30.774	69.669
complex.1012.pdb	0	32.427	65.674
complex.1013.pdb	0	19.228	56.444
complex.1014.pdb	0	34.041	61.492
complex.1015.pdb	0	34.895	61.039
complex.1016.pdb	0	29.643	53.990
complex.1017.pdb	0	28.000	58.496
complex.1018.pdb	0	27.161	52.678
complex.1019.pdb	0	34.945	73.019
complex.1020.pdb	0	13.930	45.528
complex.1021.pdb	0	21.537	66.733
complex.1022.pdb	0	24.196	73.074
complex.1023.pdb	0	30.892	65.520
complex.1024.pdb	0	26.554	48.343
complex.1025.pdb	0	26.082	85.762
complex.1026.pdb	0	24.102	48.429
complex.1027.pdb	0	34.056	60.208
complex.1028.pdb	0	19.031	57.472
complex.1029.pdb	0	31.579	65.265
complex.1030.pdb	0	35.346	74.544
complex.1031.pdb	0	29.056	49.891
complex.1032.pdb	0	33.272	67.918
complex.1033.pdb	0.0289855	16.735	41.259
complex.1034.pdb	0	26.859	60.710
complex.1035.pdb	0	30.854	63.084
complex.1036.pdb	0	31.862	58.965
complex.1037.pdb	0	33.842	72.176
complex.1038.pdb	0	26.885	77.410
complex.1039.pdb	0	23.160	76.121
complex.1040.pdb	0	32.532	60.440
complex.1041.pdb	0.108696	6.655	21.137
complex.1042.pdb	0	38.743	88.688
complex.1043.pdb	0	36.821	78.062
complex.1044.pdb	0	29.185	52.008
complex.1045.pdb	0	33.772	75.035
complex.1046.pdb	0	37.437	75.870
complex.1047.pdb	0	33.261	53.118
complex.1048.pdb	0	36.045	61.042
complex.1049.pdb	0	20.963	44.384
complex.1050.pdb	0	29.118	47.557
complex.1051.pdb	0	19.940	45.902
complex.1052.pdb	0.0144928	17.998	43.450
complex.1053.pdb	0.0289855	12.353	44.119
complex.1054.pdb	0	11.329	28.531
complex.1055.pdb	0	32.640	61.220
complex.1056.pdb	0	28.171	61.760
complex.1057.pdb	0	38.391	80.839
complex.1058.pdb	0.0217391	19.844	59.229
complex.1059.pdb	0.0144928	19.420	64.536
complex.1060.pdb	0	35.860	76.430
complex.1061.pdb	0	37.585	75.338
complex.1062.pdb	0	32.559	57.670
complex.1063.pdb	0.00724638	13.252	44.048
complex.1064.pdb	0	29.792	54.392
complex.1065.pdb	0	14.142	43.495
complex.1066.pdb	0.0434783	14.675	49.672
complex.1067.pdb	0	19.335	73.390
complex.1068.pdb	0	35.724	75.244
complex.1069.pdb	0	27.752	45.989
complex.1070.pdb	0	32.038	56.925
complex.1071.pdb	0	30.211	60.681
complex.1072.pdb	0	22.252	51.869
complex.1073.pdb	0.0144928	17.058	45.838
complex.1074.pdb	0	33.765	72.523
complex.1075.pdb	0.0507246	17.942	62.495
complex.1076.pdb	0	28.679	52.525
complex.1077.pdb	0	28.334	89.075
complex.1078.pdb	0.144928	4.829	19.051
complex.1079.pdb	0	26.287	63.445
complex.1080.pdb	0.0362319	13.291	58.222
complex.1081.pdb	0	35.494	67.388
complex.1082.pdb	0	36.875	68.830
complex.1083.pdb	0	28.991	65.451
complex.1084.pdb	0	24.707	57.581
complex.1085.pdb	0	13.288	52.690
complex.1086.pdb	0.0507246	13.886	41.987
complex.1087.pdb	0	39.753	85.246
complex.1088.pdb	0	30.340	60.054
complex.1089.pdb	0	33.219	60.517
complex.1090.pdb	0	29.310	68.259
complex.1091.pdb	0.00724638	8.692	44.953
complex.1092.pdb	0	12.383	19.564
complex.1093.pdb	0	17.587	47.997
complex.1094.pdb	0	30.420	53.482
complex.1095.pdb	0	41.419	89.586
complex.1096.pdb	0	27.919	52.661
complex.1097.pdb	0	32.425	55.595
complex.1098.pdb	0	24.701	50.039
complex.1099.pdb	0	25.011	45.227
complex.1100.pdb	0	13.526	40.763
complex.1101.pdb	0.0289855	21.414	54.915
complex.1102.pdb	0.0144928	14.143	48.355
complex.1103.pdb	0	30.756	52.246
complex.1104.pdb	0	30.880	62.912
complex.1105.pdb	0	37.222	71.255
complex.1106.pdb	0	30.820	59.223
complex.1107.pdb	0	29.790	60.131
complex.1108.pdb	0	35.635	74.758
complex.1109.pdb	0	23.298	48.974
complex.1110.pdb	0	34.167	63.094
complex.1111.pdb	0	27.387	59.592
complex.1112.pdb	0	20.887	71.265
complex.1113.pdb	0	34.878	69.155
complex.1114.pdb	0	30.441	70.051
complex.1115.pdb	0	37.803	77.467
complex.1116.pdb	0	26.510	55.367
complex.1117.pdb	0	24.449	63.960
complex.1118.pdb	0	33.200	69.257
complex.1119.pdb	0	24.181	45.689
complex.1120.pdb	0	15.696	45.658
complex.1121.pdb	0	32.266	58.993
complex.1122.pdb	0	35.770	59.572
complex.1123.pdb	0	21.833	59.104
complex.1124.pdb	0	40.349	87.513
complex.1125.pdb	0	35.526	59.045
complex.1126.pdb	0	27.095	57.199
complex.1127.pdb	0	17.230	60.151
complex.1128.pdb	0	37.232	66.068
complex.1129.pdb	0	26.625	62.906
complex.1130.pdb	0	29.517	58.493
complex.1131.pdb	0	16.309	43.890
complex.1132.pdb	0	31.362	77.961
complex.1133.pdb	0	29.148	85.162
complex.1134.pdb	0	13.690	51.614
complex.1135.pdb	0	20.394	68.548
complex.1136.pdb	0.0144928	19.011	56.508
complex.1137.pdb	0	29.328	71.544
complex.1138.pdb	0	36.606	70.587
complex.1139.pdb	0.210145	3.570	14.454
complex.1140.pdb	0	29.731	64.455
complex.1141.pdb	0.0434783	16.022	42.285
complex.1142.pdb	0	32.647	67.540
complex.1143.pdb	0.0144928	20.864	52.367
complex.1144.pdb	0	11.136	42.174
complex.1145.pdb	0	32.405	61.214
complex.1146.pdb	0	35.980	78.519
complex.1147.pdb	0	36.855	70.152
complex.1148.pdb	0	32.825	69.441
complex.1149.pdb	0	34.774	77.301
complex.1150.pdb	0	36.155	76.045
complex.1151.pdb	0	10.213	50.870
complex.1152.pdb	0	30.902	64.656
complex.1153.pdb	0	14.079	59.923
complex.1154.pdb	0	16.229	41.434
complex.1155.pdb	0	31.933	70.141
complex.1156.pdb	0	16.355	46.959
complex.1157.pdb	0	12.968	40.324
complex.1158.pdb	0	17.715	66.587
complex.1159.pdb	0	35.507	65.966
complex.1160.pdb	0	32.344	60.098
complex.1161.pdb	0.0289855	23.739	63.086
complex.1162.pdb	0	13.393	41.567
complex.1163.pdb	0	20.115	77.181
complex.1164.pdb	0	24.651	76.847
complex.1165.pdb	0.0144928	21.425	60.275
complex.1166.pdb	0.00724638	22.178	71.204
complex.1167.pdb	0	35.009	65.408
complex.1168.pdb	0	33.612	57.452
complex.1169.pdb	0	32.482	58.122
complex.1170.pdb	0.0434783	15.154	56.185
complex.1171.pdb	0	35.267	66.206
complex.1172.pdb	0.0289855	17.513	60.719
complex.1173.pdb	0	34.928	77.000
complex.1174.pdb	0	33.118	71.490
complex.1175.pdb	0	28.792	53.094
complex.1176.pdb	0	23.177	39.880
complex.1177.pdb	0	23.214	55.881
complex.1178.pdb	0	24.300	45.502
complex.1179.pdb	0	18.096	66.055
complex.1180.pdb	0.0724638	10.262	43.953
complex.1181.pdb	0.00724638	17.172	42.611
complex.1182.pdb	0.00724638	11.154	31.649
complex.1183.pdb	0	28.963	70.772
complex.1184.pdb	0	36.461	79.137
complex.1185.pdb	0	19.117	72.644
complex.1186.pdb	0	38.169	86.585
complex.1187.pdb	0	29.802	57.273
complex.1188.pdb	0	30.920	66.259
complex.1189.pdb	0	26.136	42.237
complex.1190.pdb	0	29.590	73.103
complex.1191.pdb	0	30.383	61.287
complex.1192.pdb	0	34.325	71.423
complex.1193.pdb	0.00724638	10.834	46.130
complex.1194.pdb	0	27.760	46.907
complex.1195.pdb	0	16.374	56.848
complex.1196.pdb	0	21.856	50.925
complex.1197.pdb	0	25.420	60.201
complex.1198.pdb	0	29.922	67.305
complex.1199.pdb	0	36.441	66.067
complex.1200.pdb	0	33.075	62.587
complex.1201.pdb	0	17.985	61.196
complex.1202.pdb	0	17.392	60.351
complex.1203.pdb	0.0144928	20.417	69.162
complex.1204.pdb	0.0942029	10.980	41.789
complex.1205.pdb	0	38.886	75.362
complex.1206.pdb	0	40.634	83.002
complex.1207.pdb	0	32.415	64.994
complex.1208.pdb	0	30.849	54.628
complex.1209.pdb	0	15.393	43.665
complex.1210.pdb	0	23.834	84.336
complex.1211.pdb	0	24.409	49.831
complex.1212.pdb	0	36.572	66.254
complex.1213.pdb	0	39.008	85.216
complex.1214.pdb	0	30.330	67.237
complex.1215.pdb	0.00724638	18.677	47.444
complex.1216.pdb	0	28.133	52.095
complex.1217.pdb	0	35.367	75.154
complex.1218.pdb	0	32.299	64.060
complex.1219.pdb	0	30.956	52.246
complex.1220.pdb	0	32.986	65.381
complex.1221.pdb	0	27.959	54.513
complex.1222.pdb	0	22.154	72.006
complex.1223.pdb	0	33.762	57.631
complex.1224.pdb	0	40.019	88.942
complex.1225.pdb	0	34.892	72.779
complex.1226.pdb	0	17.756	59.847
complex.1227.pdb	0	26.741	61.627
complex.1228.pdb	0	25.514	54.089
complex.1229.pdb	0.0362319	11.459	42.404
complex.1230.pdb	0	21.253	61.369
complex.1231.pdb	0	34.698	78.131
complex.1232.pdb	0	37.071	72.701
complex.1233.pdb	0.057971	13.847	60.787
complex.1234.pdb	0	41.750	89.506
complex.1235.pdb	0	31.276	69.979
complex.1236.pdb	0	28.370	48.825
complex.1237.pdb	0	24.196	49.375
complex.1238.pdb	0	29.531	71.002
complex.1239.pdb	0	29.239	67.604
complex.1240.pdb	0	14.968	48.927
complex.1241.pdb	0	33.522	74.258
complex.1242.pdb	0	30.670	69.085
complex.1243.pdb	0	35.410	56.493
complex.1244.pdb	0	33.206	58.867
complex.1245.pdb	0.0434783	18.673	65.493
complex.1246.pdb	0	31.094	59.383
complex.1247.pdb	0	10.496	34.372
complex.1248.pdb	0.0144928	20.725	59.307
complex.1249.pdb	0	33.068	64.945
complex.1250.pdb	0	33.334	74.202
complex.1251.pdb	0	18.263	55.970
complex.1252.pdb	0	28.317	64.121
complex.1253.pdb	0	33.036	72.732
complex.1254.pdb	0	30.326	62.939
complex.1255.pdb	0	26.494	63.828
complex.1256.pdb	0	28.355	65.822
complex.1257.pdb	0	38.031	72.085
complex.1258.pdb	0	36.609	68.797
complex.1259.pdb	0	19.540	43.657
complex.1260.pdb	0	28.736	62.485
complex.1261.pdb	0	30.017	72.652
complex.1262.pdb	0.0434783	19.855	59.591
complex.1263.pdb	0	35.094	75.791
complex.1264.pdb	0	32.724	56.799
complex.1265.pdb	0	37.472	73.973
complex.1266.pdb	0.101449	7.616	26.164
complex.1267.pdb	0	29.311	70.351
complex.1268.pdb	0	23.049	46.161
complex.1269.pdb	0	21.748	80.185
complex.1270.pdb	0	13.946	45.465
complex.1271.pdb	0.0144928	15.407	47.906
complex.1272.pdb	0	30.524	71.191
complex.1273.pdb	0	23.395	56.847
complex.1274.pdb	0	27.659	76.711
complex.1275.pdb	0	40.488	93.833
complex.1276.pdb	0.0652174	9.426	37.719
complex.1277.pdb	0	38.556	71.768
complex.1278.pdb	0	25.304	47.736
complex.1279.pdb	0	18.431	48.364
complex.1280.pdb	0	27.112	50.053
complex.1281.pdb	0	36.442	73.692
complex.1282.pdb	0	34.027	72.779
complex.1283.pdb	0	31.455	70.758
complex.1284.pdb	0	29.526	60.091
complex.1285.pdb	0	32.767	52.166
complex.1286.pdb	0	29.134	67.189
complex.1287.pdb	0	39.235	72.756
complex.1288.pdb	0	35.935	64.277
complex.1289.pdb	0	38.317	75.079
complex.1290.pdb	0	23.764	41.177
complex.1291.pdb	0.0144928	19.880	53.954
complex.1292.pdb	0	27.762	83.004
complex.1293.pdb	0	29.305	67.051
complex.1294.pdb	0	35.475	67.690
complex.1295.pdb	0	28.244	71.556
complex.1296.pdb	0	31.823	72.225
complex.1297.pdb	0	35.219	77.076
complex.1298.pdb	0	33.366	71.016
complex.1299.pdb	0	27.291	50.061
complex.1300.pdb	0	28.916	57.792
complex.1301.pdb	0	32.601	71.392
complex.1302.pdb	0	24.542	44.199
complex.1303.pdb	0	35.122	68.921
complex.1304.pdb	0	35.737	75.338
complex.1305.pdb	0.0362319	21.195	65.186
complex.1306.pdb	0	23.210	50.201
complex.1307.pdb	0	26.862	87.217
complex.1308.pdb	0	30.700	64.681
complex.1309.pdb	0	11.791	26.586
complex.1310.pdb	0	30.403	68.825
complex.1311.pdb	0	29.744	84.775
complex.1312.pdb	0	34.812	77.129
complex.1313.pdb	0	25.293	41.770
complex.1314.pdb	0.0434783	19.812	63.372
complex.1315.pdb	0.00724638	23.531	66.078
complex.1316.pdb	0.0289855	21.181	66.405
complex.1317.pdb	0	27.493	58.794
complex.1318.pdb	0.0217391	17.751	46.248
complex.1319.pdb	0	34.260	61.533
complex.1320.pdb	0	36.809	78.868
complex.1321.pdb	0.00724638	19.105	56.749
complex.1322.pdb	0	18.735	40.053
complex.1323.pdb	0	31.949	59.164
complex.1324.pdb	0	30.614	63.474
complex.1325.pdb	0	22.991	71.310
complex.1326.pdb	0	28.159	52.944
complex.1327.pdb	0	29.246	56.343
complex.1328.pdb	0	36.301	78.777
complex.1329.pdb	0	37.113	63.265
complex.1330.pdb	0.0144928	18.273	44.800
complex.1331.pdb	0.202899	4.267	23.427
complex.1332.pdb	0	25.274	46.248
complex.1333.pdb	0	25.255	68.750
complex.1334.pdb	0	13.810	42.962
complex.1335.pdb	0	33.514	56.772
complex.1336.pdb	0.0289855	15.457	41.525
complex.1337.pdb	0	26.379	50.839
complex.1338.pdb	0.101449	4.824	25.334
complex.1339.pdb	0	27.615	86.310
complex.1340.pdb	0	22.545	48.874
complex.1341.pdb	0	37.790	79.849
complex.1342.pdb	0	27.287	53.250
complex.1343.pdb	0	36.890	81.460
complex.1344.pdb	0	24.207	80.645
complex.1345.pdb	0.0144928	20.486	53.070
complex.1346.pdb	0	27.052	50.480
complex.1347.pdb	0	33.277	77.005
complex.1348.pdb	0	24.014	55.731
complex.1349.pdb	0	32.307	81.205
complex.1350.pdb	0	18.731	45.909
complex.1351.pdb	0	32.145	65.221
complex.1352.pdb	0	22.144	50.658
complex.1353.pdb	0	39.328	76.015
complex.1354.pdb	0	18.993	66.106
complex.1355.pdb	0	34.664	75.459
complex.1356.pdb	0	31.182	60.032
complex.1357.pdb	0	20.303	74.269
complex.1358.pdb	0	31.862	66.744
complex.1359.pdb	0.0289855	18.034	48.804
complex.1360.pdb	0	36.758	83.156
complex.1361.pdb	0.0144928	18.659	65.051
complex.1362.pdb	0.0144928	20.862	56.738
complex.1363.pdb	0	27.204	47.326
complex.1364.pdb	0	40.899	77.028
complex.1365.pdb	0.0289855	21.983	61.485
complex.1366.pdb	0	34.136	57.191
complex.1367.pdb	0	26.398	46.706
complex.1368.pdb	0	35.360	71.627
complex.1369.pdb	0	23.356	80.223
complex.1370.pdb	0.0362319	17.418	60.930
complex.1371.pdb	0	12.984	46.896
complex.1372.pdb	0	14.238	49.871
complex.1373.pdb	0	18.589	53.272
complex.1374.pdb	0	28.534	54.450
complex.1375.pdb	0	30.168	63.818
complex.1376.pdb	0	19.193	38.316
complex.1377.pdb	0	29.032	52.269
complex.1378.pdb	0	20.114	65.120
complex.1379.pdb	0	30.273	66.240
complex.1380.pdb	0	27.928	70.471
complex.1381.pdb	0	39.075	76.163
complex.1382.pdb	0	36.037	69.317
complex.1383.pdb	0.0942029	9.177	31.787
complex.1384.pdb	0	19.598	51.936
complex.1385.pdb	0	26.836	69.132
complex.1386.pdb	0	27.548	69.951
complex.1387.pdb	0	23.443	60.190
complex.1388.pdb	0	33.385	70.196
complex.1389.pdb	0.101449	7.912	23.243
complex.1390.pdb	0	24.287	45.363
complex.1391.pdb	0	25.325	59.838
complex.1392.pdb	0	30.790	56.570
complex.1393.pdb	0	33.128	59.878
complex.1394.pdb	0	27.074	52.616
complex.1395.pdb	0	20.617	69.962
complex.1396.pdb	0	25.428	63.820
complex.1397.pdb	0	34.578	74.370
complex.1398.pdb	0	27.557	68.110
complex.1399.pdb	0	29.525	91.219
complex.1400.pdb	0	28.352	63.618
complex.1401.pdb	0	26.469	56.221
complex.1402.pdb	0	28.996	67.626
complex.1403.pdb	0	33.222	55.008
complex.1404.pdb	0	28.906	64.070
complex.1405.pdb	0.00724638	24.300	63.668
complex.1406.pdb	0	12.365	37.762
complex.1407.pdb	0.0289855	23.432	66.739
complex.1408.pdb	0	28.367	73.682
complex.1409.pdb	0	22.323	73.239
complex.1410.pdb	0	36.365	79.828
complex.1411.pdb	0	21.914	55.179
complex.1412.pdb	0	27.286	64.506
complex.1413.pdb	0	18.114	56.385
complex.1414.pdb	0	29.054	85.537
complex.1415.pdb	0	31.915	57.827
complex.1416.pdb	0	35.503	71.001
complex.1417.pdb	0	30.808	58.342
complex.1418.pdb	0	19.256	69.207
complex.1419.pdb	0	21.294	43.274
complex.1420.pdb	0	32.375	61.825
complex.1421.pdb	0.0217391	17.708	59.517
complex.1422.pdb	0	19.842	68.945
complex.1423.pdb	0	32.797	62.175
complex.1424.pdb	0	31.580	68.582
complex.1425.pdb	0	38.201	73.657
complex.1426.pdb	0	30.851	57.137
complex.1427.pdb	0	37.151	77.307
complex.1428.pdb	0	30.113	50.067
complex.1429.pdb	0	34.429	74.291
complex.1430.pdb	0	31.329	55.787
complex.1431.pdb	0	36.439	64.255
complex.1432.pdb	0	25.484	84.833
complex.1433.pdb	0	34.245	59.476
complex.1434.pdb	0.00724638	17.259	41.784
complex.1435.pdb	0	31.084	55.560
complex.1436.pdb	0	31.692	64.646
complex.1437.pdb	0.00724638	28.632	63.289
complex.1438.pdb	0	33.294	65.068
complex.1439.pdb	0	25.878	49.919
complex.1440.pdb	0	29.736	52.912
complex.1441.pdb	0	26.990	75.204
complex.1442.pdb	0	26.005	56.151
complex.1443.pdb	0	29.634	73.955
complex.1444.pdb	0	33.481	71.104
complex.1445.pdb	0	27.657	66.694
complex.1446.pdb	0	35.293	63.986
complex.1447.pdb	0	24.861	41.924
complex.1448.pdb	0	25.720	47.943
complex.1449.pdb	0	22.439	58.850
complex.1450.pdb	0	36.400	76.234
complex.1451.pdb	0	32.995	67.894
complex.1452.pdb	0	29.928	63.772
complex.1453.pdb	0	35.792	80.530
complex.1454.pdb	0	31.074	75.277
complex.1455.pdb	0	36.397	60.285
complex.1456.pdb	0	35.592	74.359
complex.1457.pdb	0	24.003	77.801
complex.1458.pdb	0	29.195	67.000
complex.1459.pdb	0	24.778	37.501
complex.1460.pdb	0	29.515	55.878
complex.1461.pdb	0	17.197	55.039
complex.1462.pdb	0	19.295	50.484
complex.1463.pdb	0	35.881	69.615
complex.1464.pdb	0.0289855	10.934	34.132
complex.1465.pdb	0	14.041	48.619
complex.1466.pdb	0	38.431	71.171
complex.1467.pdb	0.0362319	17.575	42.521
complex.1468.pdb	0	42.024	97.717
complex.1469.pdb	0	21.770	46.470
complex.1470.pdb	0	21.698	60.699
complex.1471.pdb	0	26.149	67.753
complex.1472.pdb	0	17.484	62.167
complex.1473.pdb	0	27.356	73.359
complex.1474.pdb	0.00724638	13.912	42.579
complex.1475.pdb	0	26.125	61.204
complex.1476.pdb	0	16.429	41.324
complex.1477.pdb	0	34.355	76.526
complex.1478.pdb	0	14.431	49.641
complex.1479.pdb	0	14.676	55.260
complex.1480.pdb	0	38.529	82.799
complex.1481.pdb	0	32.782	53.262
complex.1482.pdb	0	30.684	63.738
complex.1483.pdb	0	31.205	54.416
complex.1484.pdb	0	16.987	49.060
complex.1485.pdb	0	14.978	43.851
complex.1486.pdb	0	20.910	74.189
complex.1487.pdb	0	29.321	54.092
complex.1488.pdb	0	24.686	65.859
complex.1489.pdb	0	22.336	33.604
complex.1490.pdb	0	21.763	45.034
complex.1491.pdb	0	21.261	50.535
complex.1492.pdb	0	20.127	74.492
complex.1493.pdb	0	17.001	53.625
complex.1494.pdb	0	36.432	69.415
complex.1495.pdb	0	37.251	71.126
complex.1496.pdb	0	17.032	47.956
complex.1497.pdb	0	30.632	62.720
complex.1498.pdb	0	30.479	58.540
complex.1499.pdb	0	40.448	88.246
complex.1500.pdb	0	24.029	87.875
complex.1501.pdb	0	33.101	52.387
complex.1502.pdb	0	36.774	81.552
complex.1503.pdb	0	30.550	62.064
complex.1504.pdb	0	37.371	78.221
complex.1505.pdb	0	34.480	78.321
complex.1506.pdb	0	22.752	54.941
complex.1507.pdb	0	21.690	56.505
complex.1508.pdb	0	25.156	52.182
complex.1509.pdb	0	23.880	44.164
complex.1510.pdb	0	34.045	73.232
complex.1511.pdb	0	35.110	72.616
complex.1512.pdb	0	31.489	62.232
complex.1513.pdb	0	29.432	58.132
complex.1514.pdb	0	24.176	73.675
complex.1515.pdb	0	26.750	52.170
complex.1516.pdb	0	34.006	61.698
complex.1517.pdb	0.00724638	12.847	30.591
complex.1518.pdb	0	25.718	53.665
complex.1519.pdb	0	35.139	78.179
complex.1520.pdb	0	34.971	79.480
complex.1521.pdb	0	28.369	51.258
complex.1522.pdb	0.0217391	19.642	55.087
complex.1523.pdb	0	41.821	93.884
complex.1524.pdb	0.101449	7.547	38.286
complex.1525.pdb	0	29.243	65.707
complex.1526.pdb	0	19.042	71.798
complex.1527.pdb	0.00724638	15.929	44.398
complex.1528.pdb	0	37.536	71.822
complex.1529.pdb	0	31.107	57.126
complex.1530.pdb	0	20.492	64.863
complex.1531.pdb	0	34.304	78.915
complex.1532.pdb	0	29.650	56.836
complex.1533.pdb	0	29.428	58.470
complex.1534.pdb	0	33.594	69.220
complex.1535.pdb	0	15.242	52.720
complex.1536.pdb	0	23.395	59.622
complex.1537.pdb	0	38.008	83.255
complex.1538.pdb	0	17.101	46.743
complex.1539.pdb	0	36.944	75.260
complex.1540.pdb	0	21.489	83.342
complex.1541.pdb	0	33.209	58.603
complex.1542.pdb	0	35.578	62.968
complex.1543.pdb	0.0289855	18.985	54.768
complex.1544.pdb	0	28.075	55.837
complex.1545.pdb	0	34.010	69.279
complex.1546.pdb	0	32.140	61.867
complex.1547.pdb	0	27.127	53.509
complex.1548.pdb	0	17.742	59.858
complex.1549.pdb	0.0144928	13.965	50.713
complex.1550.pdb	0	30.182	57.943
complex.1551.pdb	0	38.804	74.452
complex.1552.pdb	0	40.887	88.429
complex.1553.pdb	0	22.379	56.899
complex.1554.pdb	0	28.100	55.260
complex.1555.pdb	0	26.851	59.617
complex.1556.pdb	0	34.681	71.491
complex.1557.pdb	0	24.758	50.937
complex.1558.pdb	0	14.676	54.042
complex.1559.pdb	0	41.155	96.353
complex.1560.pdb	0	37.168	70.679
complex.1561.pdb	0	25.634	70.980
complex.1562.pdb	0	37.445	81.710
complex.1563.pdb	0	17.859	29.361
complex.1564.pdb	0	27.050	59.642
complex.1565.pdb	0	37.328	83.870
complex.1566.pdb	0	35.849	67.684
complex.1567.pdb	0	26.621	56.293
complex.1568.pdb	0	34.917	62.362
complex.1569.pdb	0	37.679	76.587
complex.1570.pdb	0	32.698	71.846
complex.1571.pdb	0	28.352	45.926
complex.1572.pdb	0	27.631	64.571
complex.1573.pdb	0	26.536	88.449
complex.1574.pdb	0	31.367	52.379
complex.1575.pdb	0	33.601	60.848
complex.1576.pdb	0	28.026	63.324
complex.1577.pdb	0	25.875	61.329
complex.1578.pdb	0	33.452	64.547
complex.1579.pdb	0	22.530	44.660
complex.1580.pdb	0	22.213	55.940
complex.1581.pdb	0	32.692	57.576
complex.1582.pdb	0.0289855	22.788	64.293
complex.1583.pdb	0	36.564	73.320
complex.1584.pdb	0	29.852	70.129
complex.1585.pdb	0	39.655	76.803
complex.1586.pdb	0	27.554	82.457
complex.1587.pdb	0	29.857	71.737
complex.1588.pdb	0	23.182	64.893
complex.1589.pdb	0	32.916	73.763
complex.1590.pdb	0	24.155	74.713
complex.1591.pdb	0	28.285	53.168
complex.1592.pdb	0	23.977	49.431
complex.1593.pdb	0	33.705	66.537
complex.1594.pdb	0	36.934	68.327
complex.1595.pdb	0.0652174	15.249	44.018
complex.1596.pdb	0	19.931	52.721
complex.1597.pdb	0	19.854	62.887
complex.1598.pdb	0	31.601	59.976
complex.1599.pdb	0.0507246	7.459	28.978
complex.1600.pdb	0	16.961	56.244
complex.1601.pdb	0	37.589	79.157
complex.1602.pdb	0	42.715	96.683
complex.1603.pdb	0	29.900	58.185
complex.1604.pdb	0	30.593	65.097
complex.1605.pdb	0	32.249	56.431
complex.1606.pdb	0.0724638	9.388	26.531
complex.1607.pdb	0	18.039	28.529
complex.1608.pdb	0	23.887	41.472
complex.1609.pdb	0	36.357	65.821
complex.1610.pdb	0	13.399	46.407
complex.1611.pdb	0	29.844	66.551
complex.1612.pdb	0	19.780	72.756
complex.1613.pdb	0	28.760	55.863
complex.1614.pdb	0	22.192	53.070
complex.1615.pdb	0	30.931	69.224
complex.1616.pdb	0	23.936	52.021
complex.1617.pdb	0	33.111	58.305
complex.1618.pdb	0	31.272	63.743
complex.1619.pdb	0	22.897	43.122
complex.1620.pdb	0	28.007	70.306
complex.1621.pdb	0	42.610	87.478
complex.1622.pdb	0.0797101	11.302	28.513
complex.1623.pdb	0	27.985	59.569
complex.1624.pdb	0	31.510	55.366
complex.1625.pdb	0	36.563	79.001
complex.1626.pdb	0	30.612	52.696
complex.1627.pdb	0	35.593	78.791
complex.1628.pdb	0.115942	4.959	29.152
complex.1629.pdb	0	30.012	56.729
complex.1630.pdb	0	23.011	55.671
complex.1631.pdb	0	30.620	61.406
complex.1632.pdb	0	28.030	61.827
complex.1633.pdb	0	31.970	61.307
complex.1634.pdb	0	22.714	48.955
complex.1635.pdb	0	26.751	85.523
complex.1636.pdb	0	18.440	63.413
complex.1637.pdb	0	39.683	79.823
complex.1638.pdb	0	34.453	78.803
complex.1639.pdb	0	33.185	71.719
complex.1640.pdb	0	36.465	65.788
complex.1641.pdb	0	25.311	63.970
complex.1642.pdb	0	24.104	66.260
complex.1643.pdb	0	24.199	73.738
complex.1644.pdb	0	15.185	45.846
complex.1645.pdb	0.0144928	12.092	38.514
complex.1646.pdb	0	27.852	64.144
complex.1647.pdb	0	31.416	72.637
complex.1648.pdb	0	29.770	53.153
complex.1649.pdb	0	23.933	82.270
complex.1650.pdb	0	36.852	78.105
complex.1651.pdb	0	27.700	67.608
complex.1652.pdb	0	14.918	47.395
complex.1653.pdb	0.00724638	9.315	44.065
complex.1654.pdb	0	29.380	59.019
complex.1655.pdb	0	29.508	61.072
complex.1656.pdb	0	28.623	53.799
complex.1657.pdb	0	25.280	82.666
complex.1658.pdb	0	37.662	68.242
complex.1659.pdb	0	32.098	61.302
complex.1660.pdb	0	30.173	59.861
complex.1661.pdb	0.0144928	21.491	59.741
complex.1662.pdb	0	28.160	68.585
complex.1663.pdb	0.0144928	17.127	47.444
complex.1664.pdb	0	15.009	40.427
complex.1665.pdb	0	26.558	51.827
complex.1666.pdb	0	26.118	73.703
complex.1667.pdb	0	27.745	60.818
complex.1668.pdb	0	31.146	68.737
complex.1669.pdb	0	21.401	54.116
complex.1670.pdb	0	26.326	67.885
complex.1671.pdb	0	27.198	65.008
complex.1672.pdb	0	25.596	58.765
complex.1673.pdb	0	30.592	59.828
complex.1674.pdb	0	35.134	77.413
complex.1675.pdb	0	31.461	63.293
complex.1676.pdb	0	27.265	74.450
complex.1677.pdb	0	22.983	72.911
complex.1678.pdb	0	31.082	70.071
complex.1679.pdb	0.123188	8.139	29.363
complex.1680.pdb	0	30.451	62.175
complex.1681.pdb	0	33.866	66.908
complex.1682.pdb	0	33.984	67.876
complex.1683.pdb	0	23.349	45.486
complex.1684.pdb	0	28.380	56.340
complex.1685.pdb	0	37.128	80.468
complex.1686.pdb	0	26.408	62.310
complex.1687.pdb	0	22.088	77.813
complex.1688.pdb	0	36.891	65.581
complex.1689.pdb	0	36.375	78.394
complex.1690.pdb	0	35.546	73.948
complex.1691.pdb	0	36.778	76.894
complex.1692.pdb	0	31.695	68.717
complex.1693.pdb	0	13.620	49.816
complex.1694.pdb	0	11.953	34.740
complex.1695.pdb	0	32.702	55.831
complex.1696.pdb	0	34.007	68.622
complex.1697.pdb	0	31.348	62.365
complex.1698.pdb	0	29.460	49.545
complex.1699.pdb	0	24.326	44.126
complex.1700.pdb	0	25.558	56.883
complex.1701.pdb	0	17.686	45.773
complex.1702.pdb	0	17.813	51.158
complex.1703.pdb	0.0217391	12.201	44.784
complex.1704.pdb	0	25.095	68.070
complex.1705.pdb	0	15.984	41.676
complex.1706.pdb	0	17.380	49.505
complex.1707.pdb	0	33.164	62.252
complex.1708.pdb	0	38.465	83.921
complex.1709.pdb	0.0434783	20.162	44.949
complex.1710.pdb	0	25.382	36.432
complex.1711.pdb	0	24.669	58.272
complex.1712.pdb	0	35.103	73.864
complex.1713.pdb	0	27.929	59.718
complex.1714.pdb	0	23.486	68.550
complex.1715.pdb	0	28.129	72.232
complex.1716.pdb	0	36.677	68.962
complex.1717.pdb	0	33.040	71.348
complex.1718.pdb	0	34.529	61.376
complex.1719.pdb	0	30.627	65.972
complex.1720.pdb	0	35.618	78.612
complex.1721.pdb	0	34.050	59.270
complex.1722.pdb	0	24.443	59.481
complex.1723.pdb	0	30.804	59.457
complex.1724.pdb	0	18.451	53.504
complex.1725.pdb	0	33.174	64.686
complex.1726.pdb	0	24.570	60.872
complex.1727.pdb	0	27.327	63.612
complex.1728.pdb	0	14.827	36.589
complex.1729.pdb	0	12.707	44.607
complex.1730.pdb	0	20.274	65.846
complex.1731.pdb	0	27.762	67.952
complex.1732.pdb	0	19.148	66.287
complex.1733.pdb	0	16.544	50.717
complex.1734.pdb	0	30.940	68.192
complex.1735.pdb	0	29.285	92.079
complex.1736.pdb	0	31.843	59.495
complex.1737.pdb	0	32.010	58.162
complex.1738.pdb	0	38.395	69.598
complex.1739.pdb	0	28.401	51.528
complex.1740.pdb	0	31.390	65.945
complex.1741.pdb	0	33.033	70.305
complex.1742.pdb	0.00724638	23.360	71.821
complex.1743.pdb	0	27.307	62.655
complex.1744.pdb	0	24.402	73.989
complex.1745.pdb	0	31.882	57.189
complex.1746.pdb	0	20.449	40.483
complex.1747.pdb	0	26.908	53.691
complex.1748.pdb	0	34.138	77.903
complex.1749.pdb	0	31.043	64.989
complex.1750.pdb	0	29.599	68.420
complex.1751.pdb	0.00724638	20.787	60.804
complex.1752.pdb	0	35.751	61.669
complex.1753.pdb	0.00724638	16.574	53.349
complex.1754.pdb	0	27.371	58.211
complex.1755.pdb	0	30.434	67.179
complex.1756.pdb	0	22.037	33.478
complex.1757.pdb	0	37.733	77.711
complex.1758.pdb	0	28.454	47.563
complex.1759.pdb	0.0144928	21.231	47.083
complex.1760.pdb	0	23.777	49.081
complex.1761.pdb	0	35.047	70.584
complex.1762.pdb	0	28.217	54.852
complex.1763.pdb	0	37.422	85.538
complex.1764.pdb	0	17.620	47.929
complex.1765.pdb	0	33.305	74.148
complex.1766.pdb	0	35.969	77.864
complex.1767.pdb	0	17.371	59.594
complex.1768.pdb	0	34.102	65.776
complex.1769.pdb	0	37.305	66.317
complex.1770.pdb	0	27.973	54.747
complex.1771.pdb	0	24.566	51.545
complex.1772.pdb	0	24.771	38.527
complex.1773.pdb	0	23.760	53.781
complex.1774.pdb	0	35.154	71.742
complex.1775.pdb	0	35.481	74.763
complex.1776.pdb	0.0942029	8.048	32.457
complex.1777.pdb	0.0217391	9.350	33.788
complex.1778.pdb	0	18.942	66.780
complex.1779.pdb	0	26.424	43.007
complex.1780.pdb	0	29.311	52.921
complex.1781.pdb	0	26.043	95.647
complex.1782.pdb	0	28.440	70.639
complex.1783.pdb	0	29.069	48.853
complex.1784.pdb	0.0144928	20.377	58.873
complex.1785.pdb	0.057971	10.443	41.003
complex.1786.pdb	0	22.306	60.533
complex.1787.pdb	0	28.997	68.346
complex.1788.pdb	0	37.475	68.099
complex.1789.pdb	0	31.498	65.643
complex.1790.pdb	0	24.931	48.782
complex.1791.pdb	0	17.472	57.718
complex.1792.pdb	0	21.860	50.450
complex.1793.pdb	0.00724638	14.140	53.409
complex.1794.pdb	0.0797101	8.837	34.805
complex.1795.pdb	0	22.423	50.360
complex.1796.pdb	0	38.371	80.751
complex.1797.pdb	0	21.970	56.137
complex.1798.pdb	0	16.749	48.279
complex.1799.pdb	0	21.136	52.359
complex.1800.pdb	0	22.906	55.190
complex.1801.pdb	0	38.223	76.740
complex.1802.pdb	0	33.503	69.282
complex.1803.pdb	0.00724638	13.088	30.673
complex.1804.pdb	0	28.975	84.440
complex.1805.pdb	0	39.800	82.135
complex.1806.pdb	0	25.231	55.122
complex.1807.pdb	0	15.131	48.800
complex.1808.pdb	0	34.193	80.852
complex.1809.pdb	0	27.644	54.636
complex.1810.pdb	0	23.705	53.657
complex.1811.pdb	0	28.467	70.453
complex.1812.pdb	0	23.190	56.608
complex.1813.pdb	0	32.263	49.761
complex.1814.pdb	0	36.978	66.551
complex.1815.pdb	0	35.214	71.063
complex.1816.pdb	0.0289855	15.042	53.762
complex.1817.pdb	0	23.540	53.169
complex.1818.pdb	0	25.300	60.479
complex.1819.pdb	0	29.524	77.456
complex.1820.pdb	0	31.249	61.618
complex.1821.pdb	0	27.750	77.736
complex.1822.pdb	0	33.957	71.674
complex.1823.pdb	0	17.867	71.225
complex.1824.pdb	0	27.859	58.916
complex.1825.pdb	0	34.813	80.705
complex.1826.pdb	0	33.057	66.539
complex.1827.pdb	0	28.488	63.058
complex.1828.pdb	0.0652174	5.122	35.397
complex.1829.pdb	0	29.685	55.489
complex.1830.pdb	0	34.126	81.996
complex.1831.pdb	0.057971	16.402	49.239
complex.1832.pdb	0	28.677	65.940
complex.1833.pdb	0	24.683	34.922
complex.1834.pdb	0	34.307	64.708
complex.1835.pdb	0	18.143	55.937
complex.1836.pdb	0	18.524	46.321
complex.1837.pdb	0	32.741	73.047
complex.1838.pdb	0	14.326	40.670
complex.1839.pdb	0	15.366	48.342
complex.1840.pdb	0	30.717	67.418
complex.1841.pdb	0	36.030	76.767
complex.1842.pdb	0	23.375	75.919
complex.1843.pdb	0.0507246	13.301	52.013
complex.1844.pdb	0	24.567	46.470
complex.1845.pdb	0.115942	8.047	51.411
complex.1846.pdb	0.0362319	12.456	37.916
complex.1847.pdb	0	18.533	63.692
complex.1848.pdb	0.166667	7.489	25.677
complex.1849.pdb	0	36.469	72.912
complex.1850.pdb	0	32.559	62.388
complex.1851.pdb	0	30.606	53.054
complex.1852.pdb	0.0869565	8.021	25.592
complex.1853.pdb	0	30.069	56.865
complex.1854.pdb	0	17.783	57.332
complex.1855.pdb	0	26.969	65.018
complex.1856.pdb	0	23.642	73.710
complex.1857.pdb	0	18.509	49.857
complex.1858.pdb	0	19.681	51.500
complex.1859.pdb	0	19.776	58.733
complex.1860.pdb	0	37.844	73.078
complex.1861.pdb	0.00724638	13.350	43.510
complex.1862.pdb	0	18.371	47.573
complex.1863.pdb	0	24.464	78.819
complex.1864.pdb	0	33.025	66.844
complex.1865.pdb	0	35.551	67.432
complex.1866.pdb	0	24.940	74.853
complex.1867.pdb	0	17.509	47.623
complex.1868.pdb	0.0144928	15.753	55.155
complex.1869.pdb	0	35.675	72.326
complex.1870.pdb	0	32.882	76.025
complex.1871.pdb	0.0942029	10.597	40.534
complex.1872.pdb	0	27.513	84.385
complex.1873.pdb	0	18.866	62.065
complex.1874.pdb	0	22.275	80.972
complex.1875.pdb	0	29.781	61.513
complex.1876.pdb	0	23.336	70.579
complex.1877.pdb	0	27.111	89.366
complex.1878.pdb	0	37.999	67.986
complex.1879.pdb	0	16.310	28.188
complex.1880.pdb	0	31.979	70.315
complex.1881.pdb	0	29.979	56.778
complex.1882.pdb	0	42.668	97.062
complex.1883.pdb	0	36.338	69.848
complex.1884.pdb	0	28.495	54.230
complex.1885.pdb	0	32.722	58.541
complex.1886.pdb	0	27.406	77.235
complex.1887.pdb	0	35.494	70.288
complex.1888.pdb	0.0144928	21.957	42.864
complex.1889.pdb	0	26.131	53.795
complex.1890.pdb	0	36.466	68.420
complex.1891.pdb	0	24.048	43.146
complex.1892.pdb	0	21.066	64.593
complex.1893.pdb	0	33.382	71.897
complex.1894.pdb	0	36.308	80.237
complex.1895.pdb	0	27.885	57.773
complex.1896.pdb	0	38.495	77.163
complex.1897.pdb	0	16.764	48.633
complex.1898.pdb	0	39.095	73.871
complex.1899.pdb	0	25.774	41.247
complex.1900.pdb	0	27.154	64.537
complex.1901.pdb	0	35.255	76.706
complex.1902.pdb	0	34.461	70.282
complex.1903.pdb	0	25.668	77.245
complex.1904.pdb	0	21.007	60.243
complex.1905.pdb	0	37.195	70.560
complex.1906.pdb	0	34.284	74.684
complex.1907.pdb	0	31.110	62.331
complex.1908.pdb	0	18.122	54.454
complex.1909.pdb	0	20.133	64.074
complex.1910.pdb	0	33.642	76.598
complex.1911.pdb	0	30.762	58.100
complex.1912.pdb	0	39.191	83.424
complex.1913.pdb	0	25.757	59.838
complex.1914.pdb	0	22.181	79.040
complex.1915.pdb	0.0217391	20.642	62.558
complex.1916.pdb	0	28.592	47.805
complex.1917.pdb	0	35.143	69.304
complex.1918.pdb	0.0724638	4.646	11.859
complex.1919.pdb	0	35.164	79.313
complex.1920.pdb	0	41.582	79.904
complex.1921.pdb	0	27.531	60.546
complex.1922.pdb	0	26.727	77.016
complex.1923.pdb	0	37.501	75.413
complex.1924.pdb	0	32.026	70.860
complex.1925.pdb	0	33.575	69.317
complex.1926.pdb	0.0507246	11.248	44.625
complex.1927.pdb	0	26.424	86.709
complex.1928.pdb	0.0797101	7.759	34.944
complex.1929.pdb	0.0144928	14.781	55.957
complex.1930.pdb	0	36.683	80.742
complex.1931.pdb	0	19.600	68.877
complex.1932.pdb	0	31.747	59.065
complex.1933.pdb	0	17.335	62.721
complex.1934.pdb	0	33.270	57.102
complex.1935.pdb	0	31.262	63.763
complex.1936.pdb	0	15.226	58.555
complex.1937.pdb	0	31.288	57.331
complex.1938.pdb	0.00724638	17.495	43.802
complex.1939.pdb	0	22.716	41.659
complex.1940.pdb	0	26.879	46.445
complex.1941.pdb	0	19.369	36.860
complex.1942.pdb	0	29.067	49.114
complex.1943.pdb	0	39.060	73.311
complex.1944.pdb	0	26.612	60.020
complex.1945.pdb	0	25.141	68.656
complex.1946.pdb	0	40.082	84.762
complex.1947.pdb	0	30.712	53.832
complex.1948.pdb	0	33.947	69.674
complex.1949.pdb	0	33.765	64.003
complex.1950.pdb	0	19.731	70.285
complex.1951.pdb	0	25.926	71.943
complex.1952.pdb	0	16.622	43.672
complex.1953.pdb	0	33.203	61.652
complex.1954.pdb	0	30.237	61.327
complex.1955.pdb	0	29.306	67.247
complex.1956.pdb	0	36.709	65.511
complex.1957.pdb	0.115942	9.464	28.312
complex.1958.pdb	0	28.055	50.586
complex.1959.pdb	0.0289855	10.496	35.347
complex.1960.pdb	0	31.362	49.988
complex.1961.pdb	0	32.339	68.074
complex.1962.pdb	0	26.202	42.022
complex.1963.pdb	0	22.836	83.808
complex.1964.pdb	0	22.140	55.263
complex.1965.pdb	0	18.577	51.448
complex.1966.pdb	0	20.928	41.672
complex.1967.pdb	0.00724638	18.382	58.494
complex.1968.pdb	0	27.973	57.268
complex.1969.pdb	0	26.463	45.975
complex.1970.pdb	0	31.375	51.951
complex.1971.pdb	0	27.177	51.651
complex.1972.pdb	0	33.797	68.467
complex.1973.pdb	0	36.384	74.880
complex.1974.pdb	0	22.667	57.883
complex.1975.pdb	0	31.820	64.500
complex.1976.pdb	0	36.891	62.745
complex.1977.pdb	0	24.988	51.254
complex.1978.pdb	0.00724638	24.234	68.124
complex.1979.pdb	0	38.146	72.276
complex.1980.pdb	0	36.672	77.883
complex.1981.pdb	0	37.800	86.913
complex.1982.pdb	0	28.092	48.296
complex.1983.pdb	0	33.238	59.489
complex.1984.pdb	0.00724638	13.922	41.207
complex.1985.pdb	0	25.041	84.623
complex.1986.pdb	0.0362319	11.036	40.237
complex.1987.pdb	0	25.722	65.033
complex.1988.pdb	0	28.846	63.575
complex.1989.pdb	0	32.439	73.627
complex.1990.pdb	0	33.253	72.851
complex.1991.pdb	0	35.112	78.500
complex.1992.pdb	0	35.985	70.887
complex.1993.pdb	0	23.121	68.120
complex.1994.pdb	0	21.216	67.150
complex.1995.pdb	0	20.472	66.382
complex.1996.pdb	0	17.898	56.648
complex.1997.pdb	0	25.575	91.797
complex.1998.pdb	0	35.961	79.957
complex.1999.pdb	0	28.355	68.857
complex.2000.pdb	0	25.088	44.979
