-14.642443417 -6.994967095 45.064688865 0.575345069 -0.038516819 0.787081736 -0.219081828
-14.354599249 -5.037435846 37.950141808 0.727560346 -0.323632585 -0.101505571 0.596334229
-4.399741893 -10.653658340 46.369393252 0.827067892 -0.439801802 0.036174602 0.348173053
-10.853849533 -6.222169536 45.462107173 -0.320734365 -0.574354953 -0.716916292 -0.230817861
-5.642997642 -10.415234696 41.640008193 0.214723550 -0.503345787 0.632708377 -0.547920546
-16.780103867 -7.726330892 43.291814667 -0.850277361 0.473932577 0.165285007 -0.158420919
-9.385368688 4.181568309 40.691787516 0.469808595 0.862778650 -0.171786257 0.073364614
-7.178228341 5.976298592 46.131827663 0.427869823 0.803699014 0.084111629 -0.404871020
-6.455582155 -3.821279034 43.111536730 -0.543441759 0.011469959 -0.722162312 0.427809642
-10.930526918 -4.585904692 41.719561438 -0.647919962 0.179352287 -0.039995628 -0.739210951
-14.798330342 2.215140857 44.406462180 0.711715375 0.452592264 -0.002793843 0.537227757
-12.787813540 -4.424483710 39.002337952 0.356226720 -0.680206257 0.139417579 -0.625287702
-7.248078767 3.427383862 46.217377616 -0.555319473 -0.509163461 -0.060666075 0.654746119
-7.007897651 -8.389108324 48.818146573 0.689402118 0.694614505 0.102195715 0.178301559
-15.663127566 -0.751564541 44.476277885 -0.402333606 0.887144101 0.068939496 -0.215291336
-16.687918928 -3.160267149 44.217536144 0.917453391 0.242784088 0.311982161 -0.044746999
-1.017566533 -2.593097815 50.288783885 -0.404113205 -0.429105904 -0.642224455 0.490008562
-11.504551752 -7.454270007 37.932243322 0.948012270 0.178581755 -0.212790552 0.155246494
-4.590050967 -1.266104797 50.863772773 -0.452726196 0.062154508 0.148368761 -0.877019110
-13.258446261 -6.168404408 38.700531074 0.271866523 0.921846483 -0.272409048 0.045617601
-7.998893115 -3.572253711 39.037146514 0.736819534 -0.389038840 0.326618496 0.446168257
-1.689849895 1.672393020 49.359372865 -0.363555464 -0.855014367 0.222088288 0.295727323
-7.359515199 -10.044897263 48.138912629 0.119396038 -0.241470896 0.736620305 0.620344194
-13.905142614 -7.909323247 48.929010906 0.396391580 0.571410400 0.541258515 0.472655361
-10.559726884 -1.063159015 53.194291001 -0.305337474 0.876742007 0.322345122 0.184894843
-0.761003312 -2.326326298 44.468164365 0.596554882 0.404141670 0.636720415 0.274552174
-9.006932753 -3.300533373 44.942123966 0.266062140 -0.499643245 -0.356255540 -0.743404032
-12.811803048 -4.453946239 47.126995324 0.778183162 0.043325374 -0.361838274 -0.511494811
-4.307634366 -9.134910499 50.686816367 -0.643668531 -0.389431972 0.534374024 -0.385328384
-13.842800335 -10.762498722 43.453917269 -0.381416224 -0.364474162 -0.754265197 0.390850690
-6.221182455 1.741996041 44.561110298 0.132879344 -0.318344977 0.627909782 -0.697659560
-2.795558603 -1.234370612 38.543466066 -0.456688884 -0.508720913 -0.159984704 0.712069653
-11.736135629 -4.108807471 50.362601104 -0.415633346 -0.708628937 0.517858339 -0.238572194
-10.133217647 -11.329521904 43.420067509 0.312245972 0.054293324 -0.460736170 -0.829021634
-17.489288077 -4.735026111 45.123314787 -0.618968967 0.662845981 -0.106455478 -0.407651633
-9.561729673 -0.264871641 47.844326103 0.300396003 0.725951771 0.607630251 -0.116369003
-12.864812314 5.548572586 44.216937009 0.063681052 0.275597369 0.786491692 -0.549018791
-9.116778010 -1.358845374 49.963591508 -0.432574826 -0.087794032 -0.777763667 -0.447498498
-14.443952224 -6.022037545 48.205122393 -0.781110647 0.485070756 0.182745062 -0.348104527
-2.970200798 1.013967418 38.482025365 -0.010589518 -0.619634469 0.350614207 -0.702147182
-5.966470066 2.390227748 42.346380782 -0.343023237 -0.189182957 0.780266164 -0.487575206
-9.904225811 3.682791859 49.716078972 -0.750820391 0.409549506 0.111558932 -0.506055874
-0.314714791 -4.221437032 48.771131939 0.214193455 0.619374499 -0.549018672 0.518724292
-9.366857887 -8.709606221 42.142874602 -0.007442313 0.683257533 0.051895628 0.728292935
-11.209212396 -10.165883920 40.767388310 -0.387432003 -0.038075224 -0.808108269 0.442049484
-10.209365736 -0.141565529 48.731388696 0.609996150 0.014501780 0.673277360 0.417602672
-7.867213438 -9.976302543 47.557076116 -0.328362941 0.413455023 0.484742394 -0.697321687
-8.273310263 1.236592905 47.942680584 -0.471108736 0.305942103 -0.785449222 0.259856708
-17.959538573 -1.455866531 42.886923218 -0.214091725 -0.135661371 -0.155045095 0.954841214
-12.264942336 0.269847774 38.649299007 -0.870904110 -0.007508850 -0.231444153 0.433478087
-17.466505625 -2.306579927 45.925248118 0.823632303 0.510976439 -0.224598715 0.100440658
-7.412336043 1.892847024 36.728126500 -0.077425686 0.961090053 0.263796499 -0.026880837
-8.739486892 -1.799267586 35.842938992 0.625421773 -0.415169059 -0.650181849 0.117242573
-3.240468106 -1.952953606 39.710981117 0.000254678 -0.060273143 -0.997389875 0.039755772
-2.267829932 -5.084883594 47.088389234 0.683288280 -0.322205955 0.102767852 0.647100624
-1.001350779 -8.183976821 45.991630264 0.208047539 0.009568085 0.929758502 0.303601386
-13.288695165 5.168100070 43.664455043 -0.075397802 0.244106621 -0.964896342 0.060845536
-13.560079772 -3.508944682 37.611046298 -0.317868511 0.631847471 0.706279558 0.029959439
-14.634862808 -2.242923647 40.259745062 -0.423806442 0.622938305 -0.470445265 0.459366107
-17.580554703 0.516610832 42.078510553 0.005122400 0.205396076 -0.976330006 0.067571684
-13.486972960 -8.641864143 43.266937788 -0.912310084 -0.111474872 -0.194631452 -0.342610948
-2.034479880 0.261669315 39.295670551 -0.699222366 -0.586906215 0.407335795 -0.026584346
-2.769174310 -1.474919585 46.534218741 0.372431424 0.360403543 -0.824267536 0.228006908
-14.690059771 3.015797577 51.006642135 0.380747089 -0.454501908 0.804117521 -0.043066012
-11.036099670 2.541696149 45.585621845 0.466716833 0.878798602 0.078936374 -0.060476974
-13.743452527 -5.362866853 49.092064627 0.918369255 0.024541039 -0.228375016 -0.322242922
-11.594089115 1.052571790 51.618005407 0.451523700 0.435234930 0.169038766 -0.760343869
-10.697950682 -0.196376419 36.110554114 -0.392668982 -0.335842673 0.686391658 0.511749217
-8.820531611 4.148119333 45.436846688 0.326030621 -0.585883377 -0.520164985 -0.529030331
-10.167066940 -4.275839162 37.168731146 -0.085316919 -0.229844102 0.245930414 0.937769131
-7.498478785 3.350128989 52.778654141 0.984330917 0.090816487 -0.092389990 0.119620659
-15.383721368 3.706164013 46.249616993 -0.830123910 -0.553542242 -0.044963120 0.049634650
-10.329009059 6.161110706 43.952295422 0.350049525 -0.020842614 0.508549538 -0.786389397
-13.749259098 2.458068414 50.729790008 -0.865717482 -0.319255287 -0.365575073 -0.122328122
-3.884014894 -10.839280211 45.672427939 0.939676919 -0.034005748 -0.208737743 0.268848382
-9.113425562 -4.659898579 36.139478368 0.900765007 -0.337893874 -0.170681896 -0.212879831
-10.757414961 -4.682761917 39.972381423 0.238819370 -0.125020315 -0.605606541 -0.748716199
-5.026225161 5.479895800 44.631153823 -0.851775964 0.507036255 -0.116922540 -0.061000514
-13.810211442 4.316405890 47.697306586 -0.197969754 -0.119442633 -0.431456080 0.872001769
-8.747424307 1.619008295 45.005698845 -0.715714607 0.253683494 -0.499820146 -0.416625860
-4.572016784 0.889946911 50.501214363 0.346937501 -0.893507025 0.179417760 0.221559999
-14.879524478 0.000283935 50.645224791 -0.219571072 -0.584144759 -0.752306100 -0.211184699
-3.109003938 -1.729634550 43.327958276 -0.157488998 -0.005363618 -0.747826793 0.644921340
-17.594964624 -3.221586797 43.093486532 0.163687702 0.233770782 -0.083415246 0.954777175
-9.195791806 -5.288132314 51.748368729 0.447638308 -0.708207829 -0.356435836 0.413539733
-9.179828552 -5.513980308 47.064394367 0.661011516 -0.418151567 -0.206195232 0.587959666
-3.902650973 1.170687870 46.243808891 -0.216634279 -0.135191551 -0.341506240 0.904525468
-7.203298894 -3.390317554 53.199069278 -0.648704719 -0.144668140 -0.647523044 -0.372783079
-12.953305905 -2.657594293 43.569301818 0.830193827 0.297060128 -0.094257641 0.462221795
-10.159509778 5.428964438 42.723576385 -0.138314259 -0.579544682 -0.270652026 0.756137956
-11.079040711 -4.161660935 50.694914116 -0.920172580 -0.297332916 -0.094303906 -0.236605862
-6.567598353 0.522743475 39.444104972 0.194333130 -0.013323961 -0.168670266 0.966233640
-12.054938560 -0.031968069 53.070114638 0.291542009 -0.682709850 -0.039020441 0.668870633
-2.968084233 -6.816327666 47.379348350 -0.244208374 0.371068059 0.895113746 0.037975611
-16.492728173 -3.805854484 48.452651955 -0.203511497 -0.580970512 -0.219026352 -0.757022979
-4.791817713 -2.276924606 53.951633446 0.427765884 -0.871663826 -0.128764248 -0.201589410
-11.173029847 -4.777094222 38.330793970 -0.128128993 0.771723802 -0.506717690 -0.362301693
-8.174029613 5.729181330 46.294057672 -0.277010100 0.159629239 -0.144260744 -0.936468231
-10.140538761 -5.633543703 44.958275583 0.901563116 -0.156564108 -0.255674481 0.311932985
-1.175873546 -1.433660178 44.210311389 0.236457081 0.296385654 -0.308917063 -0.872246434
-7.348024943 -8.500467160 51.928942695 0.705486981 0.264729622 -0.657374741 0.008049617
-0.160520048 -4.852190284 42.019322936 -0.063735070 -0.656254207 -0.113487573 0.743228651
-9.321621393 4.399775406 41.616455241 -0.874811617 0.314292521 -0.229873107 -0.288241566
-17.064658593 -6.457141464 43.837012537 0.845123518 -0.069329140 0.415100489 -0.329622957
-14.452763343 -4.316637780 38.514949617 -0.001837849 0.204595264 -0.128153374 -0.970419555
-16.476657031 1.801806012 49.561064639 -0.468571341 -0.354552516 0.805417332 0.077693838
-7.364708897 1.639266931 39.296059818 -0.288778441 -0.514593858 -0.200346113 -0.782087980
-7.388854281 -8.264940038 46.690488983 0.205780645 0.948131837 0.237977886 -0.045462849
-14.716148631 -4.640273728 48.415237883 0.139990456 0.136085943 0.234195487 -0.952384251
-10.454117553 -0.935245335 45.563451851 0.305523844 -0.838557978 -0.447500892 0.056733150
-3.309228718 -6.419115381 41.363768200 -0.213085738 0.547935389 -0.672153963 -0.450078135
-3.566459664 1.631566970 38.018406164 0.112416757 0.393750773 -0.910859444 0.051554579
-4.724316919 -5.339231694 39.433772722 -0.715176308 -0.178955087 0.498412933 -0.456160579
-5.859488325 4.120667783 51.751650957 0.965030902 0.227040366 -0.075810151 -0.106868386
-8.935512376 -8.193725953 39.984216301 0.781555883 0.384867912 0.419133077 -0.255684484
-10.648413383 -2.987403732 37.321134873 0.847313008 -0.146521355 0.278359908 0.427911113
-12.026606665 3.601802983 46.185224230 -0.472603416 0.053511055 -0.701431830 0.530825740
-11.680311039 3.902465150 51.427087234 0.682583726 0.639916742 -0.350718948 -0.039777381
-13.054952806 -4.595414429 45.806812252 -0.706611308 -0.597763238 -0.139902469 -0.351862004
-11.627381317 1.998664965 51.173865574 0.622936524 0.571547295 -0.391414243 0.363426287
-15.165585692 2.279865437 41.016821194 0.749275530 0.641530402 0.072617309 -0.147484404
-7.722000058 1.541382913 45.736824692 0.959242956 -0.262937679 0.103052510 -0.009844182
-9.215652684 2.833469614 52.527217828 -0.024317317 0.953867780 -0.005765469 -0.299185036
-7.642290629 1.133774004 36.610027408 0.881408331 0.371454476 -0.182489528 0.227680692
-5.504473011 4.620759442 44.320535312 -0.691737583 -0.629887290 0.350483053 -0.043620504
-9.887369542 -7.115571699 52.873707521 -0.718934531 -0.050737438 -0.608432209 0.332218450
-3.047817976 -1.594459167 41.967294220 0.382540050 0.143006713 -0.813760762 -0.413528248
-13.647125952 -6.663294648 48.065099285 -0.649658172 -0.395416321 -0.648226813 -0.037312076
-7.966182879 1.293034331 38.226256511 0.204171578 0.513831904 -0.121056089 -0.824400488
-9.023422064 0.212808076 36.066749787 -0.080964150 -0.472106359 0.321818289 -0.816696627
-9.345888754 3.308706388 37.767116617 0.397733221 -0.224338441 0.171309153 0.873002705
-7.459162763 -2.093288889 50.965100963 -0.667002070 -0.591374929 0.352814646 -0.284439375
-5.231817473 -5.219623622 43.537914560 0.976049118 0.094976250 -0.151876806 -0.123454715
-12.162488260 -1.834631872 41.732161948 -0.590082901 -0.758769744 0.003674534 0.275784596
-2.620503105 -6.956966827 50.538056240 0.420473388 -0.573575435 -0.491580768 0.502555170
-6.234816436 5.281003677 40.820665658 -0.349718222 0.342994895 0.150005293 -0.858807359
-8.118547431 -10.892591689 48.769807183 0.787032083 -0.269666394 0.267836056 -0.485926314
-3.021632375 -2.035380094 50.081708745 -0.070447473 -0.728811921 0.361826471 -0.577019880
-12.976387832 1.613148839 43.489011884 0.449897497 0.150509771 -0.433070236 -0.766413218
-11.971873688 0.376161241 36.029272764 0.713873659 -0.197418909 0.286268707 0.607832543
-4.730644310 -4.394964885 47.288850732 0.241842144 0.158387222 0.746969128 0.598717787
-7.429584185 -6.930948422 43.540253956 -0.373780331 0.736045306 -0.558136800 0.083719078
-14.920951293 -0.128726304 39.648521015 -0.568688298 0.451120902 -0.448945087 0.521087191
-1.339771877 0.646157712 39.608510285 0.667825454 -0.533309133 -0.304854267 0.420302756
-8.075497379 1.058544362 54.187505968 -0.583491523 0.354444233 -0.581743888 0.442132307
-9.730368958 -2.822315887 41.884775969 -0.365391071 0.104266143 0.923154784 -0.058336796
-6.605432256 -3.566436264 53.455234365 -0.103562353 0.709895616 -0.556312641 -0.419331968
-11.703530866 -9.009056004 48.121954716 -0.045413118 -0.115764822 0.681361806 0.721305930
-10.129390654 -2.257047064 51.143054773 0.381645844 -0.567235526 -0.473386558 -0.555423689
-10.628817185 -7.862027613 43.882683219 0.152216775 0.669593625 0.516653638 -0.511413189
-7.725014043 -3.346592681 51.423467721 0.025053489 -0.852490596 0.340021870 -0.396254001
-3.961888626 -8.355591399 41.002332773 0.588438409 -0.571749789 -0.012970950 -0.571554173
-13.208401747 -3.270211258 47.641287018 -0.749803317 -0.300896834 -0.515478262 -0.285549019
-14.419729877 -4.620262924 36.875982443 0.051160256 -0.001851458 -0.824253372 -0.563902101
-5.247062917 0.202893411 52.732595821 -0.755310800 0.204400039 -0.600682137 -0.164034112
-4.160866623 -5.654701116 45.799779920 -0.263568236 0.605972845 -0.747272109 -0.070093452
-2.604508620 2.053860858 39.069570532 0.438650732 0.197972558 0.438848613 -0.758817697
-8.826346693 1.223151843 37.864773144 0.079911904 -0.926243928 -0.260747616 0.260186382
-10.952577888 -6.146333072 52.056198968 -0.856632426 -0.325028769 -0.003974239 -0.400651209
-6.405014530 1.678252508 43.970434127 -0.082382203 -0.969014549 0.072675485 -0.221228956
-11.028739039 -7.999693895 38.499129302 -0.770139944 -0.500495529 -0.186091159 0.348939497
-8.010724579 3.067129138 52.717732226 0.029749524 0.430082555 -0.053849304 0.900690965
-9.648833430 -10.375103483 41.861296559 -0.425206045 0.239592092 0.866651402 -0.103492975
-10.657215747 -2.303834858 35.201613164 0.330563103 -0.492867732 -0.102532100 -0.798308588
-5.661286790 -2.580461186 45.508173365 -0.824673028 -0.118517677 -0.446719238 -0.326051958
-9.883564680 0.992619877 52.369202129 0.399820501 -0.740332413 -0.540355448 -0.008214313
-2.095889750 -3.493488289 46.599469853 -0.457960386 -0.398527339 -0.715571269 -0.345551739
-10.450944633 -4.085651694 42.052208313 0.255628246 0.853896120 -0.298747295 0.340977522
-5.719321245 -7.468082635 52.964723485 0.417155195 -0.705750934 -0.073603077 -0.567873005
-5.771374397 -5.721545413 51.027078933 -0.635204886 -0.518622468 0.387050674 0.421588975
-4.562287380 -8.666270140 50.206691324 0.926810563 0.332020406 -0.069811033 -0.160969094
-8.099256541 -6.769011546 49.645364189 -0.794446591 0.484493931 0.366083225 0.010164493
-1.980139141 2.485045918 44.248484407 0.658985709 0.141095416 -0.738755351 0.008393499
-14.321247597 3.921334081 40.666562557 -0.417725599 -0.268592848 0.507817825 0.703906430
-2.037952351 -6.002099870 45.714164871 0.137840772 -0.414753686 -0.122943585 -0.890990559
-16.534855793 -1.694504421 49.049568728 0.569145391 -0.153780277 -0.807727298 -0.001327905
-11.080958952 0.187171699 49.175079523 0.418009069 -0.431712200 0.787360448 0.137682674
-11.088061940 1.578728427 46.885476291 -0.123781395 0.196062822 -0.508483444 0.829266015
-14.413194973 -3.967759493 47.373782332 -0.289180093 -0.072547459 0.904992138 0.303481416
-14.949089183 -0.071740619 50.883081032 -0.437119180 0.204238276 -0.428743550 0.763801360
-15.070455884 4.626137679 45.796444432 -0.084194886 -0.134144090 0.433117460 0.887313840
-2.712978478 -4.576605300 51.898449901 0.045344939 -0.806552011 -0.270411702 0.523731994
-5.414661099 -10.333599442 41.829129945 0.258064280 0.377211491 0.451124309 0.766551483
-2.807320494 -7.840665223 46.066926953 -0.802018295 0.036817505 0.212789189 -0.556894861
-7.061437280 0.804449423 47.498007732 -0.510801848 -0.414068262 0.740663046 0.138011593
-14.535574091 -5.745775508 38.939767814 0.332178124 -0.157002629 0.249135681 0.896068792
-11.407718095 1.774674810 37.075003528 -0.118714184 -0.685338605 0.137408757 -0.705221081
-9.556579246 -0.262949305 48.648972751 -0.337779885 0.202212065 0.918267714 0.042419751
-1.974761288 2.058383933 43.961153401 -0.885922064 0.119057588 -0.074971882 -0.441980320
-10.709538923 -5.009409260 45.700655304 0.370740295 0.228934168 0.337414333 0.834441339
-15.062463606 -0.533515169 38.718850306 0.406730277 0.096875668 0.567640333 -0.709203807
-15.146426620 -6.013611369 40.562801476 -0.861640024 0.090001867 -0.177941398 -0.466704394
-14.593654945 -5.501432971 43.585309865 -0.363245052 -0.684388635 0.047487186 0.630404787
-11.640021530 -0.992958101 47.408117047 -0.615611663 0.275607014 0.428016168 -0.601552338
-5.274874919 0.425306142 36.627096156 0.557645751 -0.673073680 -0.305300264 0.377881974
-9.299954732 -6.159828656 43.432667754 -0.121696962 0.701519612 0.276100647 0.645622580
-11.158518363 -2.656172978 36.114727438 -0.144933535 0.343749075 0.324459394 -0.869227787
-7.523717443 -3.508185680 49.522034443 0.484065797 0.357408681 -0.433091280 -0.671097073
-10.032920440 -8.241515046 37.389910552 0.575161927 0.457474782 0.264133307 0.624611221
-14.166808132 -8.559257207 40.392694267 -0.709007336 0.219895093 -0.391759335 -0.543580140
