0.667140953 7.998058583 38.471096062 0.187311096 0.703984267 0.516377070 0.450194875
-3.977908594 4.796251117 45.393944838 0.370744431 -0.197297546 0.598230153 -0.682453610
-6.189747416 7.269358206 31.491923189 -0.613563921 0.000185898 0.669776340 -0.418257021
-7.408087086 6.326442853 43.735427635 0.182387347 -0.775093345 -0.601974220 -0.059934972
-2.205991812 2.876944712 31.919906001 -0.269580254 -0.916255174 0.171693229 -0.241504405
-10.713121854 0.170590027 41.267318444 -0.521642981 -0.454688632 0.640993040 -0.332076454
-0.963378791 12.163172724 41.282339028 0.446656940 0.529747615 -0.708815807 -0.132080255
-4.618335389 1.880619719 46.804740132 0.615464275 0.767346700 0.068124154 0.166558905
-0.160022029 0.180335659 35.192761116 0.298993126 0.048699231 -0.875817745 -0.375732316
-6.743538911 6.244877447 34.348808575 0.136950313 0.437444247 0.771236187 -0.441680751
-13.312843104 8.517480859 38.635207281 -0.168395657 0.966906101 0.116325711 -0.152328014
-6.205846443 11.260532879 31.245371143 -0.681900385 -0.187009049 -0.438439393 0.554806614
-4.930871293 0.447914849 32.802014480 0.104419374 -0.885602194 -0.226680426 0.391690352
2.919028080 10.268690484 39.791330686 0.515682336 0.158832596 0.577829606 0.612337228
-2.280046389 10.994885653 38.282315535 0.108566783 -0.203377370 0.532861644 -0.814192463
-3.116807975 1.148792653 45.056853785 -0.835935025 -0.137701277 0.486892635 -0.212571294
-4.826089829 -0.043967144 31.221364003 0.287801263 0.791813366 -0.244690598 -0.479925555
-8.368794810 0.031726002 44.480701625 -0.444390193 -0.385451621 0.650221249 -0.480787616
-9.387010292 -2.538606025 35.514890474 0.562592626 0.111910367 -0.801668995 0.168203536
-11.116017000 -0.508890988 33.748416567 -0.828115698 0.019129893 -0.469633682 -0.305454814
-4.819070540 1.576428597 40.413495011 0.666352960 -0.349387665 0.174675211 0.635130351
3.854656869 10.685894258 37.219515265 0.570753322 -0.621596646 0.249120819 0.475181094
-11.325404387 0.237927368 42.813014929 -0.362112675 0.896006229 0.195412166 0.166917145
4.369249561 6.028715838 33.086791425 -0.476380055 -0.532410847 0.676341390 0.179340618
-5.728279802 4.904814294 32.873691965 0.688754524 -0.544832090 0.205651258 0.431836496
-0.936025448 2.406545268 33.176844911 0.021996263 0.764694993 0.640059849 0.071281987
-0.701668794 4.505127543 30.944409030 -0.531671940 -0.383668779 -0.694964451 -0.295207771
-5.016396350 5.579072559 40.281911335 -0.198097205 0.707799654 -0.593900986 0.327198359
-7.777652651 0.099163089 43.834405755 -0.624899682 0.316094859 -0.440695275 -0.561580005
-5.329820796 6.854827593 46.069043120 0.866479367 0.394913424 -0.187051190 0.241389200
-7.076242964 4.880196413 32.890503954 -0.672027540 -0.197941620 -0.426767255 -0.571898427
-7.725271617 -1.588431946 37.383192826 -0.819019023 -0.399929909 0.150067715 -0.383071259
3.067460278 -1.045714873 36.260621545 0.565617332 -0.250806842 -0.042191345 -0.784469791
1.581867357 5.383663770 34.688614075 -0.230281469 -0.530751719 0.803201655 -0.141916032
-0.829567160 1.964727860 42.503293829 0.154956170 -0.681850110 0.557726262 0.447225256
1.017102798 -0.768956221 41.794869766 0.399792276 0.635956164 0.563504514 0.343785625
-5.401019200 -4.674299825 39.786322185 -0.457163957 -0.108982203 0.783817295 -0.405899549
-9.894767363 7.454046387 42.020773662 0.762957221 0.409402874 -0.488762739 0.106754626
-4.607113666 4.360232521 41.210640007 0.480474541 -0.736134628 0.476405377 -0.016968853
-4.778940933 9.441153358 39.334737827 0.277191252 -0.316551064 0.716360939 -0.556585518
3.793120105 0.756611931 37.880082463 -0.476860420 -0.702588084 0.442685415 0.288103707
-4.572670538 -4.317186752 36.769461637 0.328563093 -0.498038520 -0.668412687 -0.444104049
-4.222958258 13.922212306 40.269638659 0.563199869 0.314117620 0.335544332 0.686692092
-1.137661134 7.767604381 40.848729446 0.856662895 -0.039779711 -0.431056584 -0.280600215
1.627992067 6.557654603 41.682852263 0.562987915 0.743462202 -0.241820494 0.268013826
-0.727435669 3.763373194 37.209858162 0.067154715 -0.391354702 -0.738590282 0.544808348
-7.591085709 13.486293818 34.320499122 -0.091103243 0.478409159 0.262916948 -0.832886279
2.637181239 2.032951322 42.493929030 -0.609201455 -0.437689861 0.617783656 -0.235890922
-2.033654144 9.835160742 31.743916201 0.049018164 0.439076546 0.304143633 0.843982024
2.531156388 -0.886922809 36.326987845 -0.613421001 -0.279839703 -0.674767425 -0.300155522
3.422229230 3.110877996 32.081366587 0.185040869 -0.480413221 0.559415708 -0.649628417
-8.533556006 7.608102173 46.123971604 0.114899870 0.634033426 -0.641931283 -0.415600604
-1.218601028 0.998204783 30.625735188 0.149871446 0.588628625 -0.671467431 0.424483663
-7.351311902 8.519606466 37.335898231 -0.261852228 0.553357843 0.738930965 0.281441889
-8.635959763 -0.604087495 40.126929544 -0.342511104 -0.314012605 -0.569618258 0.677950786
-6.343012531 1.193059166 44.736594059 0.314235017 -0.369512579 -0.421722657 -0.766072326
-4.820965529 9.294583575 41.669866075 0.652074297 0.158611982 0.140215671 0.727997882
-10.814875804 6.656074854 34.100971825 -0.503508295 -0.404756121 -0.715534772 -0.265823004
-4.529547942 1.834992178 29.985290018 -0.642465610 -0.288045101 0.627278205 0.332851340
-7.378740053 4.081037482 32.200875543 0.054633465 0.254107743 0.965611238 -0.006275068
-4.165773028 -0.839187081 38.995745993 -0.201165534 0.188538761 -0.358357487 -0.891944772
-7.661313298 3.827755107 35.625885833 -0.655725159 0.729910252 0.124126194 -0.147811460
2.596592281 5.063759706 41.864258099 -0.511121911 -0.452588624 0.173578419 0.709780573
-7.733100543 -3.178344687 33.768335538 0.024876786 0.045565707 0.845781954 -0.530996985
-0.359178069 8.745884982 30.784437612 0.520467928 -0.043360052 -0.563907585 -0.639719686
3.877937222 5.206319782 40.596756241 0.589791663 0.186469710 -0.035567377 0.784926623
-3.450008207 13.316601655 32.804839581 0.456648078 0.647157233 -0.541670824 0.281518680
-12.069412074 6.894585871 43.431945346 0.438754820 -0.836384835 0.129844751 0.301819409
-1.112513488 1.973212905 43.372466953 -0.538047270 0.531126185 -0.570571091 0.320715982
-6.866171171 5.041503186 44.583460335 -0.272676141 0.446737818 -0.173782616 0.834189815
-6.573082897 3.858432251 31.523851630 -0.426281986 0.499056887 -0.750994893 0.072336455
-0.114225676 2.214700723 45.767283531 -0.584280062 0.416748695 -0.233141556 0.656187739
-10.635901857 11.367574949 39.445139305 0.218929836 -0.386419810 -0.701791375 0.556990416
4.418360319 8.942125555 36.276777954 -0.117825001 0.926409072 -0.348413986 -0.080567955
-3.390836097 0.827591737 33.947143119 0.720298589 0.533251579 -0.305614977 -0.321577646
-4.287856026 1.134987830 32.145719818 -0.096346201 -0.163517129 0.706654382 0.681629769
-8.109489489 3.783542117 31.151842249 -0.834063805 0.182292863 0.497691590 -0.153003146
-3.086186311 1.165563333 31.568066600 0.426363736 0.674103751 0.532837774 -0.282634046
4.202175870 7.078195487 39.355902548 -0.399868795 -0.841583656 -0.358641904 0.056726377
0.560902024 0.661684766 30.094407342 0.362076812 0.130005803 0.466190792 -0.796658659
-12.511138315 6.121929276 37.413171130 -0.215647453 0.723161944 0.654636352 -0.044544647
-2.830723574 13.286612615 41.290883991 0.566502792 0.400585589 -0.677181599 -0.245011948
1.665140522 9.180032931 37.929682404 0.652241472 0.023164228 0.354215660 -0.669757977
-3.521761267 -3.620150934 38.810106783 -0.490590934 -0.525111891 0.398813203 -0.569671894
-5.288852435 4.960708579 47.467557113 -0.941007785 -0.171502868 -0.006000728 0.291642087
-6.882408683 8.456239707 39.773521556 0.358977002 -0.343002494 -0.784020165 0.372554938
-5.018571952 13.758689492 38.054016965 0.184004043 -0.200625393 -0.738053388 0.617388987
3.969159296 5.037906892 35.201104063 0.527161620 -0.814500292 -0.143205446 -0.195402406
-0.041963608 -0.667112674 35.782638989 0.538063642 0.480440648 -0.692567886 -0.003744976
-6.883995239 4.825876237 34.974471014 0.325556239 -0.769124369 0.523619660 -0.168176372
-4.420313043 1.614763542 45.324556362 0.108397874 -0.678221280 -0.420525004 0.592810693
-8.040652213 5.047881495 32.916941541 -0.390321300 -0.601966339 -0.118689986 -0.686438998
-7.602063557 1.613676966 33.331144112 0.175115854 0.683971024 0.522091635 -0.478475078
4.177202434 5.763640627 36.569077881 -0.262773022 0.341222231 -0.787732252 0.440449346
-1.771269858 5.425069350 29.412410383 0.146681817 -0.147878836 0.967566917 -0.142935495
0.418197114 1.265997241 40.106242683 -0.501421642 -0.317237887 0.689568641 0.415248780
-8.582986276 4.458776952 32.925271352 0.788850701 -0.294761306 0.072357730 0.534410613
-2.960750270 11.164545613 41.885907312 0.023379875 0.216366043 0.800666584 0.558186472
-13.444616593 2.556424638 37.471389210 -0.252353910 0.124590995 0.049338424 0.958311175
-9.448230652 1.087099953 37.959480348 0.174685944 0.137984311 0.845149522 -0.485970614
2.614964467 5.843425941 42.899994773 0.222418675 -0.114062596 0.820698129 -0.513784234
-2.926068029 6.103096665 41.469204668 -0.702662224 -0.277677626 0.198863376 -0.624190910
-0.507846317 1.617353546 35.462794230 0.156397010 0.605680940 0.659375965 -0.417029867
0.003902549 11.928008146 33.489124034 -0.280622287 0.253109435 0.889265139 -0.257670832
-6.140679960 2.529643122 36.870634869 0.683594353 -0.443034951 -0.568806654 -0.113480322
-1.554826589 11.462159991 38.986635789 0.454508695 -0.271620353 -0.847717771 0.031918800
-0.023819308 12.845493517 40.667208400 0.653529154 -0.146611120 -0.611290485 -0.421578899
-1.094640054 4.861852106 30.709971150 -0.924534017 0.341950247 -0.159854544 0.052472893
-4.371673184 3.384454038 42.756316111 -0.586218695 0.106413483 -0.618524123 -0.512300421
-0.645016986 5.702495458 43.916936628 0.084767139 0.753057402 0.160048572 -0.632537379
-3.347575019 -2.009317600 41.173381393 0.540804428 -0.651177335 0.109326980 0.521101007
-3.424308071 2.602347177 42.539068431 0.166647817 0.258469403 -0.067616165 0.949131248
-7.673480918 13.058313920 40.789753997 0.781246609 -0.026376523 -0.131019580 -0.609747394
-8.446123953 3.147885542 35.685634785 0.303410074 -0.337555892 0.032097284 -0.890487569
-2.019310954 11.528622518 42.119571610 -0.215674606 0.110342777 -0.399094480 0.884326032
-9.003984449 5.830278087 33.040760670 0.678031785 0.368939442 0.335010884 -0.540300189
-10.307337683 -1.021960573 39.264141895 -0.253736485 -0.241236711 -0.936064013 0.034739146
-5.647993932 8.690279855 41.296841282 -0.197159743 -0.664622959 0.190506650 0.695062281
-0.930356073 1.031729094 43.825296636 0.668154134 -0.414067750 0.561655967 -0.258187001
-3.575088915 -3.005760749 34.809270824 -0.089148395 -0.613171917 0.624445403 0.475542534
-5.481861122 8.203642027 35.105785448 0.327619528 -0.316197222 0.769667533 -0.447545137
-9.437282437 5.141144842 46.135894734 0.061829492 -0.556680212 0.125231274 0.818902548
-9.954071388 0.136451282 43.361013587 0.116233241 -0.480717686 -0.527386648 -0.690842720
2.737831068 7.830268004 40.839645857 0.235692434 0.479457664 0.679959292 0.502219858
-2.876810425 11.214286283 35.607457379 0.117703495 -0.381285749 0.869167768 0.292086386
0.157821606 8.873098168 36.864250548 -0.835064877 0.511567024 0.094714618 0.178871384
-3.048758876 3.791879388 44.773270315 -0.252178763 0.913679145 -0.096287912 0.303850176
-0.541073996 4.495637259 41.861094929 -0.660110817 0.215957761 -0.211018578 0.687813285
-6.604099076 2.744199496 32.774757852 0.282108763 -0.603986125 0.719321571 -0.195427437
-6.692915606 8.526830507 28.794492044 0.289771493 -0.535749466 0.674422161 -0.417324503
-11.177663565 2.087080890 42.314877681 -0.883003980 -0.077959360 0.437210387 -0.151899266
3.358073792 1.007414773 34.820917650 -0.250396055 -0.707347309 0.175381967 0.637340384
-3.306707824 4.230307668 27.861472735 -0.809556763 0.018972154 0.581820832 0.075778781
0.747541207 10.281265598 39.280676453 -0.289114971 -0.939375520 0.184341420 0.002099484
-7.171042194 9.911750445 41.097480256 -0.566473556 0.188084216 0.779228905 0.191139611
0.594750670 2.147824928 32.635341680 0.621177579 -0.702651528 -0.076300480 0.338522499
-3.818703678 0.382497888 29.577896275 0.183407503 -0.322083540 -0.688085043 -0.623829187
-2.918885368 5.706351115 35.094825008 0.918996162 -0.322581135 -0.030025314 0.224690781
-8.935362462 13.143158869 39.170819261 -0.370107632 0.102240056 -0.274180584 -0.881698542
-1.576430488 -2.151385160 33.646832411 -0.661116795 -0.471022643 -0.421922150 0.403787013
-11.871739730 3.710293252 36.756480745 -0.015586218 0.917733449 0.321886550 0.232188361
-8.192691094 12.397905999 36.680299746 -0.724405035 -0.218922386 0.052357447 0.651589619
-10.386626619 11.826926522 33.994222215 0.785566019 -0.195255984 0.082146937 0.581388864
-4.201041922 5.202021380 36.690873803 0.272797226 -0.084197599 0.913453904 0.289990351
-2.583305416 1.512079552 43.091440471 -0.347961165 -0.411477789 0.839686585 0.067346096
-5.382511115 11.981537615 35.408537003 -0.058248130 0.757764043 -0.648126108 0.048304859
-13.802337344 6.645518586 36.054811897 -0.847023452 0.088111401 -0.322420674 -0.413318960
-9.159378929 -1.798000567 37.503202075 0.900489878 0.231835774 -0.266516296 0.253651763
-8.263212110 6.365558036 44.000821170 0.336290515 0.800297383 0.387257361 -0.310587388
-10.284242407 7.084203146 36.913603584 -0.429647680 0.801547965 0.230331840 0.346223879
-9.515042770 4.501480907 33.610789807 0.676771082 0.545566426 -0.490538743 -0.060909099
1.491203979 8.204507775 31.444149947 0.237491472 0.548205344 0.786457564 -0.156694612
-8.118803764 -0.265077291 41.184962621 0.459220828 0.011261374 0.428601239 0.778004107
-7.243896104 10.720092057 36.172014037 -0.275880048 0.222716059 0.540096509 0.763271588
-1.640507820 -2.709097217 38.318935965 -0.794145406 0.151760474 0.119225578 -0.576269983
4.436197966 6.301535150 33.738387722 0.978312742 -0.079785819 -0.124968048 0.144642283
-1.087443988 3.796299582 36.263485192 -0.582416915 0.509667326 -0.566469677 0.283093377
-2.770520741 12.221539677 42.487897424 0.071415512 -0.273841954 0.279347633 0.917537634
0.166901311 -1.906321933 33.883848265 -0.129438177 0.105336608 -0.280611138 0.945202278
-5.052405956 6.251775555 31.628865904 -0.107150030 0.151638240 0.807501490 0.559880397
2.828279626 7.854465326 42.233864061 0.290107027 0.051625166 0.285000315 0.912111603
-0.445365279 2.371167729 33.423909273 -0.431312725 0.420196054 0.588115628 -0.539930197
-4.736348501 5.429423852 40.613042335 -0.334754074 -0.520980656 -0.004224407 0.785175790
-5.478672652 11.738939314 37.541230093 -0.318013829 -0.777632454 0.140750246 0.523778904
-4.682613407 5.070424715 40.521689003 -0.841504795 0.300325371 -0.442497682 0.076616915
-9.298763661 0.400624520 30.679637787 -0.734296319 0.430296694 0.496340812 -0.171170877
-4.506656993 9.431697002 39.583760103 -0.030674887 0.713635685 0.170226497 -0.678827003
-6.313102935 7.054427049 41.268032859 -0.132621153 -0.952105278 0.128609612 0.243652905
-6.105850936 -2.970584081 31.864185566 -0.252703549 -0.866170988 0.381924174 -0.200056645
-13.045153368 7.546862780 40.221614839 -0.969609418 0.138019562 0.171634159 -0.106535872
-9.649709309 2.138443557 39.536933208 0.653118575 0.546423037 0.107475346 -0.513134527
-4.741836681 6.562949346 29.846816770 -0.768670108 0.063823051 -0.544288781 -0.329882715
-6.211609879 2.436321983 34.733497559 -0.263892219 0.593132878 0.631230681 0.424384393
-8.422254945 9.711484960 42.160214713 -0.451038733 -0.041886264 0.875933626 0.165981582
-3.374574382 5.312487726 39.158181001 0.308565745 -0.533835636 0.749223330 -0.241807975
-5.128640204 6.124539483 35.865884552 -0.523182095 0.142109438 -0.658499087 -0.521981183
-4.232510571 3.787123511 43.859603524 0.235887588 -0.764937393 -0.255878724 -0.541990691
-7.212761849 1.164849754 40.110294836 -0.569077915 -0.204972032 0.684882912 -0.406290770
-5.361757499 8.878188905 30.825570594 -0.701434840 0.308714548 0.581193427 0.273676257
-2.369347828 10.003216739 33.402059207 -0.477157059 -0.869617856 0.123606404 -0.028414477
-0.553473493 -0.706510755 33.573839484 0.374907814 -0.734611644 0.536182208 0.179717844
-0.502972471 3.101828403 39.611221021 0.406645466 -0.713396608 -0.570677797 0.005621140
-10.821283002 -0.398187691 40.050803944 -0.404674965 -0.731980675 -0.000579247 -0.548126014
-3.004220272 9.952102565 45.923633277 -0.879970732 -0.022922966 0.239112080 -0.409818816
-9.430509809 -2.413817309 34.661528868 0.813093276 0.410810330 -0.411792946 0.023254393
-7.965361549 1.186722362 37.912469197 0.379796907 0.401227062 0.210499931 0.806511583
-9.431124883 5.556270653 32.969146867 0.642855818 -0.372448749 -0.638639677 -0.200393836
-2.442097865 -0.764471463 45.465830677 -0.010020945 0.388995049 0.883837311 0.259642137
-5.917019286 -4.733863187 37.978897215 0.576800031 0.294912767 0.139082283 0.748988854
0.031462868 7.042598694 42.069630599 -0.320472126 0.783315566 0.489008303 0.211152123
-7.338520267 2.887692318 29.815763693 0.186813096 -0.675239266 -0.704015408 -0.116254489
-3.916965742 3.489177032 39.093762995 0.377761707 -0.798384215 -0.446269130 -0.143953470
-12.747290147 3.298783856 41.903933984 0.242022063 0.588551358 0.165567987 0.753405509
-2.044490166 8.443694615 37.424683553 -0.672432514 0.368119696 0.291846909 -0.571968343
-9.830457833 3.416289192 44.608328671 -0.857682859 0.200800848 0.442217382 -0.168828076
2.528412414 6.706428773 44.118222022 0.589480094 0.578761463 0.258998172 -0.500468115
-8.206634771 5.263671370 30.767783746 -0.201685065 0.599750136 -0.723955162 0.274794162
-4.158103237 -4.365828290 34.413507724 0.315806404 -0.568243822 -0.305670005 0.695651581
-11.069356941 9.409866223 38.157061761 0.644411931 -0.746477157 0.163359251 0.028615946
2.225461417 9.273242417 41.197164916 0.855180775 -0.023181007 0.487013960 -0.175914427
