-7.258936183 18.304054727 13.457294720 0.867465058 -0.023692487 -0.382858325 0.316800477
5.258503314 28.420189714 21.560999288 0.467040308 -0.563023064 -0.038565516 0.680728346
-1.176863944 12.719134573 16.115345362 -0.458030925 -0.472599862 -0.190773510 0.728328573
-2.606291076 17.013532885 14.427689713 0.078935030 -0.631983932 -0.692142104 -0.339565720
-5.398022782 24.019399504 21.755918913 -0.226790645 -0.011383823 0.362984417 -0.903702786
1.910225886 24.391149876 14.986311393 -0.040430177 0.322544444 0.934028347 0.148059209
-6.467257230 20.852715527 11.016893459 0.857407775 0.063158092 0.406280693 0.309514072
0.008568998 20.299956015 8.313436933 -0.164466607 -0.174174990 0.381725095 0.892692422
-2.178361226 24.288006297 23.019556625 -0.340268108 0.762736887 0.350547877 -0.423752571
3.927997479 15.815043232 11.938359381 -0.183886462 -0.198947402 -0.515790425 -0.812752077
4.045901022 14.764974909 22.561017652 -0.175681138 -0.458037660 0.706653762 0.509880477
-1.727223591 21.969131088 24.136818227 0.363388837 0.034574751 0.523166656 0.770097260
-0.789574533 13.963860738 19.955104994 0.572712902 -0.074847700 0.338391555 0.742892260
-7.150496712 18.663978068 13.183454353 -0.517223632 0.357788446 0.458180812 -0.628122190
0.464465127 26.644836024 23.619268620 0.623215439 0.694905933 0.123225281 -0.336932917
-5.966826509 27.449786090 17.743938844 -0.769217214 0.495736995 0.385699195 0.117413117
-0.840897749 20.394850651 23.388769806 0.074613081 0.429340909 0.588371685 -0.681115285
-2.418530388 18.947858035 25.276820553 -0.348316652 0.527386639 0.281191994 -0.722128732
2.245757563 15.177396369 14.113297942 -0.110461484 0.990950340 -0.036135983 0.067155605
-6.117051297 15.952892127 19.609008958 -0.020488615 0.027008637 0.928183339 0.370575822
-1.681002951 17.555386862 21.006422028 -0.170393963 -0.189322349 -0.246685202 0.935023720
-7.393839094 24.963159360 16.127131756 0.227922298 -0.867073925 -0.442912524 -0.007920275
0.133461379 22.239303432 21.764038631 -0.089838246 0.105938041 0.577470476 0.804508590
7.659209152 21.529326830 20.024760887 0.109816110 -0.001575090 -0.887289696 -0.447945238
3.112506030 15.854421276 25.723821313 -0.181581470 0.049074004 0.965287069 0.181220269
6.646311833 15.415001946 18.863725417 0.042521054 0.895224315 0.281173694 -0.343084159
5.146364062 24.574493708 14.152990485 0.613690604 -0.323001347 -0.034014368 0.719650606
-0.037023387 15.405313388 20.241777298 -0.358071934 -0.513458584 -0.586383476 0.514100371
-0.692232445 27.304167022 20.652404219 -0.566867157 -0.209881419 -0.253591846 0.755183813
3.126332628 15.391347243 13.440950443 -0.327424646 -0.651440507 -0.651571183 -0.209459690
6.035494465 15.920743688 17.082745749 0.260122738 0.220162106 -0.197035184 0.919261630
5.286313281 24.852778853 22.876210326 -0.026115776 0.485996695 0.294230038 -0.822528944
2.522732957 21.767141864 16.814653821 -0.663872916 -0.251769230 0.088576831 0.698597990
8.235223846 21.773989611 19.883332919 0.277217949 0.600477344 0.273422278 -0.698439279
-3.000385815 25.175530899 22.211643237 0.026227872 0.376081361 0.842302270 0.385229534
-0.619246285 25.249541103 13.971072476 0.070462180 -0.460900383 0.879367304 0.096535299
0.838899132 26.416131577 9.759684259 -0.289931672 -0.352718771 0.431530467 -0.778017063
-5.180115114 14.147440195 19.487545636 0.088710045 -0.179357613 0.979756743 -0.006172442
0.097968511 23.545746054 20.632376923 0.059376362 0.261694482 0.742120198 -0.614205224
7.216939104 20.292846452 17.188088983 -0.432131310 0.255452052 0.806433529 0.312524788
0.366446459 21.024114855 27.803807704 -0.041501802 0.563956302 0.437571671 -0.699115099
-1.671433610 26.354612560 25.117551603 0.236938059 -0.697555737 -0.179034415 -0.652091272
8.097088800 21.304326221 15.503457010 0.666051661 0.655781713 0.046326390 -0.352390970
-0.408673308 26.260706172 15.589566298 -0.414804867 -0.361497331 0.831310766 -0.078606691
-0.189688288 17.004422592 18.618401839 0.675004443 0.733646374 -0.065125830 0.043481326
-1.208296042 20.976687338 18.960735465 0.863630942 -0.502688318 0.033747201 0.017526504
0.793786402 19.316692045 21.585973547 -0.534006576 -0.280437728 0.642423114 -0.472741155
-4.684308345 25.891116017 14.740036488 0.216176061 -0.951046488 -0.218916061 0.029227485
-1.650523537 26.904386862 17.743657899 0.134055422 0.770540450 0.374826860 -0.497796528
5.072685384 22.077956910 13.875549825 -0.528941495 -0.087211983 -0.823987966 -0.183463339
8.019617995 20.660538144 19.551647593 0.106546968 -0.059518359 -0.328306107 -0.936653836
-4.210247284 15.979311127 25.154356703 0.321529091 0.068994823 -0.932760966 -0.147701517
5.357167219 24.636452778 21.812207304 -0.233910841 -0.250806411 0.029130198 0.938900045
-2.539421315 28.872530432 21.883594627 0.634818678 -0.605047213 -0.402125564 0.263093418
3.945805887 13.549364529 15.278388715 -0.393094409 -0.724797143 -0.561530973 0.069489949
-3.430830129 17.217214371 23.600600038 0.392701886 -0.468106405 0.643140121 -0.461554338
1.785073824 20.312157094 19.816791891 -0.215842565 -0.699196875 -0.219198930 0.645358463
1.246235797 15.813737135 24.844823048 0.366496927 0.904051188 0.149551987 -0.161262689
-1.825403030 13.844504194 14.062720920 -0.854915537 -0.343050454 0.106431306 0.374310283
2.516945003 16.911024917 15.228229395 -0.144271220 0.633668119 0.736414287 0.188001405
-6.752715720 16.124600607 19.907411153 0.192250159 0.468114462 -0.167402997 0.846099854
-1.657495775 23.549549278 11.264254217 0.630653478 0.327900273 -0.069212185 -0.699976625
5.874627728 18.310181539 21.530571040 0.544459871 0.598722721 0.490531464 -0.323223506
7.177385398 23.106805543 23.354867268 -0.567045847 0.738804327 0.197253677 -0.306134219
-5.651832801 21.439493278 21.801662345 0.353540487 0.260347045 -0.891962513 0.107849039
-6.470294922 15.194334365 21.841953288 -0.035148552 -0.542011058 -0.276167767 -0.792918632
-2.810108305 21.005245536 10.778481853 0.379578310 -0.474780114 -0.099170882 -0.787825670
-1.596953690 20.839526029 13.493541048 0.254000055 0.894369347 0.331110441 -0.161100338
-2.730479427 22.479064746 23.510032551 -0.608393091 0.728505607 0.131409765 0.286127422
7.368791712 23.809269416 13.174281252 0.413404135 -0.464812603 -0.665657951 -0.412244779
-0.902071297 12.460387062 19.251620301 0.096697360 -0.771593279 0.108545502 -0.619282897
5.588456004 14.890536314 19.536821659 -0.559379848 -0.776504689 -0.115530674 0.266058859
-5.978424002 19.797865424 11.581115771 0.595671380 -0.013378095 0.206229693 -0.776186799
1.468789273 15.433394666 15.588008856 -0.531804820 -0.141475846 0.287822612 -0.783789744
-2.363154180 22.877985934 18.430945297 -0.000101487 0.781199232 0.549193155 0.296841082
1.860573159 22.250348377 20.667028744 -0.922437961 0.323832615 0.025198793 -0.208819697
-5.784362223 22.695908615 23.868374521 -0.327188964 0.357737339 -0.871277451 0.076465552
-4.302295078 15.854374271 11.612359106 0.103280033 -0.847339567 0.497260765 -0.155179333
1.332378248 19.940472291 14.006142837 -0.559184603 0.356277707 0.711362079 -0.233115353
1.984403869 28.230871280 24.536400800 -0.833564109 -0.539443102 -0.087351247 0.080881249
-6.363736005 26.074105379 18.137285533 -0.150558321 -0.805319803 0.067359420 0.569433855
0.420163032 20.128114317 18.063381549 -0.214335943 0.857760465 -0.453574296 0.112149213
3.015821921 26.124089099 12.674260476 -0.282531404 -0.277024770 0.632856778 0.665526544
3.022361130 14.212059776 20.637681524 -0.481021694 -0.786853046 -0.280214770 0.266383363
5.866540088 19.724785603 10.334552932 -0.473278128 -0.604215357 -0.286891035 -0.573258362
5.941680642 23.529253947 10.230068629 -0.358833045 -0.330130867 0.845717119 0.216829451
-2.050639233 25.877192772 9.497372039 0.330890898 -0.626007393 -0.697940963 -0.107258427
-3.407659866 21.456017899 19.861625800 -0.492353873 0.224892082 -0.377790385 -0.751189483
-3.238197673 24.348449701 17.062449297 -0.011974343 -0.214808585 -0.951107182 -0.221605538
-1.294449134 23.564910336 25.843919515 -0.056887641 -0.150525670 -0.983651993 0.080836723
-5.926337635 18.407471088 16.946802413 -0.867766505 0.434157458 0.080723911 0.227974219
1.526201999 30.378463773 18.390596258 -0.061044536 -0.241149785 0.819993406 -0.515491184
4.285458425 21.552057521 12.767981848 0.706672856 0.415450141 -0.213385045 -0.531489865
2.883597879 26.701069203 12.626888319 -0.580546091 -0.382030018 -0.425529714 -0.579606560
-6.107931101 21.785806598 19.783922183 -0.138538671 0.925419789 0.256241815 -0.242374468
6.790115211 27.335768989 14.399287024 0.048080111 0.595501868 0.305808930 0.741314189
-5.994690556 18.007034260 19.577060415 0.235381009 0.237525128 -0.428848132 0.839206097
8.541877776 15.823874045 18.390532265 -0.245971574 -0.084364760 -0.850334923 0.457505291
-5.289950274 25.212830317 24.537779356 0.577043488 -0.325757557 -0.383854144 0.643085393
-4.002118582 17.390998129 24.906403049 0.040068904 -0.533660069 0.356907814 -0.765648893
-4.568037899 20.350615406 18.681571848 -0.392566874 0.753663893 -0.517935445 0.098106377
3.400120878 12.539630359 21.940308145 -0.864842458 0.276253280 -0.316852346 -0.274474478
8.415999652 18.297468328 21.567491149 0.009780002 -0.280768924 -0.360124729 -0.889597292
-0.384890724 20.607839294 8.521955329 -0.062262183 -0.784456020 -0.530064391 0.315885920
5.216104683 12.498550950 17.984755139 0.415789408 0.117883932 -0.887279940 0.161111314
1.813124260 20.157772618 22.000817810 -0.895635550 0.216471931 -0.351177102 0.166287423
-2.199007601 25.547052355 9.913743713 0.104634046 -0.188736154 0.966139865 0.141435996
-1.143046236 17.063382044 16.559404773 0.409544772 0.590012318 0.345735613 0.603842223
-0.627646399 17.178589994 26.392023975 -0.375659488 0.865914767 0.223297048 -0.243331038
1.506979247 30.012685326 22.129354112 -0.078052746 0.502655911 -0.029001758 0.860467142
6.603806043 13.831375133 17.712673104 -0.081577598 0.092625947 0.794866793 -0.594097896
5.578100576 22.641806107 20.198048683 0.565808480 0.314984844 -0.621844356 0.440403121
-7.205535575 19.176025726 19.755913127 0.755880658 -0.270749288 0.471345820 -0.364927900
5.046404463 19.089438399 17.356304222 0.557954941 -0.080324986 0.059972923 -0.823794531
4.130646094 17.871992497 10.160327314 0.354318751 -0.284325878 0.519417325 -0.723755939
-3.761859638 19.832557475 11.396589594 0.622887106 0.734137513 -0.124034155 0.240144318
3.564116891 25.101583136 15.741928101 0.375351544 -0.712406103 0.329573361 -0.492920036
1.057517931 20.655396917 22.793055465 -0.131400475 0.860307950 0.477976778 -0.118921594
0.996960310 21.547915412 19.752227699 0.052639971 -0.130022707 -0.112625564 0.983686236
0.267267306 16.557816626 26.579162525 0.635688209 -0.214780203 -0.447995378 0.590821552
5.214807017 21.170434424 12.074106040 0.376130060 -0.331366293 0.187541873 0.844719245
4.986785941 19.094465001 21.202143074 0.816939323 -0.206997450 -0.252239092 -0.475539314
2.359988214 25.443206377 14.697278349 -0.647039101 -0.424372504 -0.633170109 0.018547032
6.789081005 25.192455585 20.079031979 -0.648509867 0.507036567 0.510450915 -0.248573398
-4.512631208 22.592265129 10.225293605 0.455126650 0.661044854 -0.101869155 0.587794273
8.375920022 23.818377620 20.304613794 0.472489010 -0.747097433 -0.079461128 -0.460744496
-4.353243031 18.419508598 13.964603879 -0.049722884 -0.570093162 -0.712380336 0.406245836
3.920115926 20.997820246 15.836109673 0.111597227 -0.510773912 -0.061268086 0.850236609
4.405079685 24.127744884 13.960449820 -0.553944045 -0.675748305 0.480408633 0.075615928
-7.884674296 20.702888530 21.127437411 0.326065352 -0.712470277 0.203373072 0.587117437
4.592573265 21.064113811 23.767156467 -0.557723953 0.604573583 0.526534635 -0.214932671
1.302492036 15.864718800 16.104353835 0.404900452 -0.762430539 0.253223609 -0.436615508
1.286535443 22.960187959 17.691108656 0.646126363 -0.101033506 -0.756512623 -0.001266903
7.185150380 22.055156617 18.409569350 0.900272085 0.106098567 -0.217672670 0.361762180
-7.370099764 19.619511204 14.506530004 0.213376557 0.161085242 -0.553523224 -0.788754734
4.452488186 30.030021252 18.165911437 0.296732582 0.585173550 0.126245127 -0.744032163
6.721464591 22.943536130 22.052861000 0.102540665 -0.174731096 0.604963507 -0.770047798
-2.254070607 20.084609675 11.251436295 0.541745524 0.501657831 -0.673390621 -0.037366816
4.181834892 23.454413032 23.422691152 -0.567431129 0.664762695 0.058180818 0.482418352
0.573992695 22.198703742 19.974457430 -0.910733313 0.301836871 -0.227859247 0.165950295
7.279673825 19.868122920 16.003267500 0.513138210 0.537760940 0.617509751 -0.257262621
5.245534596 19.939634613 26.180753939 0.527640734 -0.535613635 -0.251541616 0.609458863
-2.678528130 18.082556633 17.628095383 0.215693599 0.894678909 -0.046094204 0.388460095
5.352859809 24.092853092 11.186956594 0.184394312 0.980248454 0.068884562 0.019147434
2.580160807 23.532490250 22.547174068 -0.113393267 -0.394624231 0.841500907 0.351126626
-2.293684587 15.006151289 14.369214771 -0.296988688 -0.031537209 0.386769990 0.872474698
5.224471353 18.919315010 11.994923120 0.601421856 0.265772754 -0.494100599 0.568789234
-2.343426100 13.890167386 20.766175293 -0.408253450 -0.497871196 0.019538021 -0.764899771
-3.757124967 17.409465342 10.021590041 -0.265036190 0.758641461 -0.004413398 0.595146599
-3.753077337 27.653633371 21.927223718 0.731856620 -0.603057121 -0.197928845 0.248056787
-4.658672476 21.617342024 23.230970885 -0.115028102 0.325043590 0.645433798 -0.681564680
-3.380998674 23.750606844 25.257534635 -0.825451662 0.202215893 -0.020182418 0.526622214
-1.227315656 24.399305987 24.404648272 -0.265034584 -0.111675795 -0.951429133 -0.109853500
-0.454531216 22.571987875 25.371988291 0.054501198 0.336319463 0.377444000 -0.861077735
7.127041807 25.487001873 20.365221814 0.289414309 -0.674677303 -0.496788069 0.462873102
-6.927187749 15.430879327 17.547265939 -0.650767902 0.690630589 -0.240842213 0.203778200
-6.057209409 20.639773916 19.328495049 -0.139894239 -0.299590900 -0.082835779 -0.940113359
1.449886934 27.286285903 10.428151204 -0.206981386 0.824676756 -0.525916461 -0.021882173
-3.990244787 24.485587779 24.209980112 0.810477118 0.346717725 0.402885884 -0.246163818
3.948158965 24.948796838 13.314852778 -0.369070414 -0.018355106 0.251707513 -0.894479428
-0.893616487 22.198916429 12.577134491 0.824449242 -0.264576172 -0.498868514 0.037591247
-7.777708388 22.315680397 21.929008026 -0.711638891 0.439496614 -0.413098909 -0.360225077
1.839813176 28.316136162 16.245739406 -0.315595804 0.948084599 -0.020947537 0.033107138
-1.990209034 25.710446289 16.053132739 -0.534163248 0.529099696 -0.467302576 -0.465135936
8.640076949 19.962641288 23.226025362 0.750703394 0.218164203 -0.443393317 -0.438464548
-5.485518527 25.143750925 12.441934600 -0.993092491 -0.092352154 -0.044687905 0.056933076
1.540388964 27.482249340 11.280451451 0.794062948 0.082019733 -0.568820018 -0.197940863
4.643540643 22.771576184 16.790760591 -0.017197612 0.784531340 -0.374950488 -0.493585808
-2.067737957 25.384393157 19.803771510 0.339631519 -0.705510800 -0.189452560 -0.592463223
1.036973125 27.037874268 14.722481273 0.545879775 -0.647787855 0.158532829 -0.507201645
-5.324958123 23.624847683 16.163332986 0.140879646 -0.211287354 -0.212831995 -0.943511060
2.205838902 28.519460204 16.096502650 0.928505542 -0.282569747 0.183458063 0.156124744
-3.292051339 25.708498923 19.453374355 -0.060916390 -0.594060513 -0.798432966 0.076720918
-4.078823866 16.172989525 21.497049355 0.797634584 -0.068394824 -0.564891983 -0.199995667
-3.667995920 22.939391525 19.264804415 -0.366854629 0.806299676 -0.173578284 0.430312784
1.000874168 19.256600849 17.546831724 -0.433278440 -0.176858382 0.003601740 0.883729559
1.903704886 22.571535223 23.805585560 0.627396191 0.045367620 0.144342193 -0.763859366
5.272066204 13.379587006 16.777526811 -0.381409572 0.204889359 0.069467830 -0.898733169
6.159138232 22.782498024 16.355802134 -0.076904287 -0.264609204 0.544469820 0.792224914
-1.497165073 19.923031506 14.924079694 -0.942826624 -0.118147816 0.268265139 0.158596550
0.312513327 27.105018245 10.091118827 -0.122475025 0.596586965 0.785155023 0.112318530
-2.136759848 28.453509277 18.073371345 0.210181859 -0.131103505 0.600876606 0.759988659
-1.034862017 18.566180664 25.736573382 0.456672458 0.868667486 -0.014970438 -0.191423486
-5.513329679 25.645107563 11.975841461 0.655838021 -0.262454919 -0.681990208 0.189428776
-1.364668509 23.078179487 25.264436606 0.164387177 0.018551290 -0.757680039 -0.631311067
7.364212795 14.559918007 15.123239899 -0.573252745 -0.076043479 0.500301534 0.644435455
-0.554195061 26.881245256 16.823716724 0.876728097 -0.183663303 0.220765919 -0.385847177
8.532147185 24.129124538 15.451261632 0.023440757 0.104786327 0.349851404 0.930631158
-3.300968979 28.748990462 16.993689205 -0.287922912 0.346712638 -0.167955543 0.876744934
-2.231902737 26.578863381 15.537453242 -0.145029484 0.879445984 0.353173946 -0.284269895
-4.159376760 28.015937142 12.517125367 0.493315670 0.292614316 0.791976298 -0.209260733
-7.781037823 19.150133254 20.868789347 -0.388551182 0.220845536 -0.790250507 0.419236644
2.182741921 21.004942794 22.589579732 -0.581220780 0.192698554 -0.316114492 0.724652538
-8.531596633 18.651850590 16.404231558 0.232553269 0.460598460 -0.213497121 0.829570380
-2.066994052 17.729872756 21.567398558 0.637707656 -0.041426305 0.721154457 0.267486552
-6.835864715 24.763329212 18.348400035 0.101734033 -0.780540467 -0.305622209 0.535725519
6.237672262 25.308942614 17.308119892 -0.141093397 -0.681194956 0.650483144 0.304856957
4.479571702 16.248910108 12.731290716 0.838951482 -0.224884898 -0.479512641 0.125119228
-0.505396876 21.319089467 10.576917421 0.131512993 -0.925103993 0.291951965 0.204085730
4.408172998 19.580696758 18.357576530 0.424897116 0.769768238 -0.469958497 -0.077835157
