9.515725340 -15.952552809 42.046338829 0.840665842 0.139190501 -0.210110919 -0.479333233
9.904426058 -11.432577630 45.545343216 0.874334279 -0.306961686 0.195553836 0.321049513
11.038869874 -3.359203427 35.473983509 -0.159446989 -0.460041258 0.508114181 -0.710463707
17.983838200 -5.370806196 33.581497537 0.089509210 0.727196780 0.338642355 0.590334057
10.842573701 -8.743530456 28.768458956 0.408293382 -0.763541321 -0.022258578 0.499805683
17.264612195 -15.084598011 34.218374227 -0.724187669 0.468940165 -0.450548089 -0.229464074
11.231780989 -6.691604771 33.920933832 -0.115061519 -0.254972791 -0.753667280 0.594756549
16.984304316 -7.825206498 46.118550147 0.171149067 0.406243224 0.657858994 -0.610652098
8.013405694 -3.073105433 35.798089965 -0.687259192 0.231364104 0.454381776 0.517380571
2.918776028 -8.149552937 36.698409676 0.645582703 -0.748641575 0.048993042 0.142683034
12.117040431 -2.756010560 37.721427242 -0.030186108 0.843661267 0.012994105 0.535869031
17.973487267 -0.736704462 38.041968744 -0.418611634 -0.586256959 0.682497868 -0.123546502
5.184812621 -5.597379611 35.185293835 -0.414126960 -0.615654608 0.476402048 -0.471708970
5.857841412 -5.675124763 32.242872721 -0.430460785 0.030355045 -0.411565445 0.802742778
18.603605499 -7.064024945 41.166425597 0.540704890 -0.260847125 0.073271252 0.796384532
10.057289343 -14.673256067 39.665805220 -0.720637872 0.076431045 -0.462712112 0.510623984
11.540175358 -16.237349695 44.214860207 0.702342890 -0.422307008 -0.372471142 0.435472736
11.709925322 -2.700004217 30.313694741 -0.561429640 0.491415450 0.109577821 0.656734586
6.101879665 -1.298460412 36.461396450 -0.950909427 0.115821748 0.260167005 0.121118592
12.770825104 0.201224673 33.505635695 -0.097763935 -0.003445023 0.915891186 -0.389324647
14.952529107 -15.479726026 34.367283543 0.847001217 -0.169613034 -0.361551769 -0.350857059
18.363677256 -1.663438365 42.163401681 -0.357406228 0.278626513 0.171331902 -0.874799082
20.592196646 -7.988024481 40.881267260 -0.232531068 -0.766599786 -0.411983987 0.434192659
12.144201920 -0.710403803 40.345266013 -0.294841855 0.907664833 0.191510151 -0.229208843
16.942091098 -15.092168588 34.775655198 0.067792988 -0.720781714 0.364543353 0.585650045
7.037593470 -3.340077778 34.531155301 0.779193605 0.593062224 -0.106332827 0.172707426
9.515939932 -11.998787236 37.412403904 -0.310194758 0.161278195 0.429357508 -0.832718852
7.928281282 -5.806985310 42.558108831 0.982924532 0.077811612 0.163596943 0.032260770
18.006209023 -5.335177561 34.028981716 -0.521120823 0.735972519 0.107970046 0.418473425
15.414789883 -16.069696511 39.124444221 0.592949800 -0.795608349 0.093039675 -0.082228395
19.146885388 -2.250473836 39.174342228 0.248262480 -0.586153420 -0.663578531 -0.393005652
12.205040549 -8.898059574 34.072708946 0.820875518 -0.253454602 -0.081269604 -0.505291401
14.766532609 -6.239241661 44.038785204 0.911216632 0.063098058 0.001649756 -0.407062848
15.462652735 -4.826274788 45.475780529 0.125056850 0.487111101 0.799469995 -0.328528975
15.705594980 -15.353441083 40.972399546 -0.180993542 -0.061980015 -0.113523386 0.974942181
13.292897723 -7.732107457 35.301320106 -0.512972986 0.358566078 0.669757076 -0.399643018
8.234182041 -10.162467916 31.447841833 -0.172751009 -0.485849988 -0.221652095 0.827633510
16.343698414 -3.584748671 36.282497337 0.658481204 0.235074614 -0.701166355 0.139671662
16.204674101 -12.591230904 45.125449776 -0.863704249 0.107038360 -0.166997731 0.463324418
12.572404342 -13.600186651 45.437826059 0.168987522 -0.771049685 -0.549180192 -0.274457133
13.253562312 -9.678109798 32.232003415 -0.041833059 -0.784801967 0.533986256 0.311760400
16.201948222 -15.330747534 35.484518767 -0.242373626 0.086852344 0.411153881 0.874450789
11.321521623 -1.614818059 31.727054447 -0.940513335 -0.294110193 0.165732150 0.038297717
19.614145588 -8.309724414 45.002988923 0.569976176 -0.457289236 -0.679605261 0.064423620
7.469575601 -13.327259999 32.824181541 -0.079151828 -0.761691277 0.627173825 0.142177283
14.320105371 -15.423525005 40.242024671 -0.930512519 -0.314932894 -0.183017579 -0.038318282
12.902049603 0.276855936 35.226268214 -0.502328189 0.405038049 0.758537739 -0.090725233
7.057630440 -5.564810824 41.291195534 -0.285045083 0.009243337 0.351196478 0.891809899
17.715596539 -16.079340092 40.574460335 0.784429690 0.287754102 0.030781831 -0.548561862
6.816183853 -7.994072391 42.110378822 0.030047004 0.597204007 0.505432570 0.622079149
17.244311131 -11.539776005 44.700655919 0.552116515 0.540943320 -0.218088915 0.595806096
11.645775006 -8.239907045 29.680086842 0.014326071 -0.956772526 0.010745090 0.290285447
13.187387807 -0.390165676 40.626272140 -0.175228563 0.402081109 -0.003685767 -0.898672436
4.924470953 -9.298519353 33.555944099 0.451525995 0.693657879 0.258127589 0.498330383
13.120677507 -4.435439663 43.458730329 0.359408066 0.631908420 0.621763779 -0.291423048
3.730216175 -11.019338548 36.428799066 -0.024650319 0.556997939 0.705705845 -0.437178358
12.268154332 -7.519005667 37.338357556 -0.468005101 -0.623149855 -0.422220065 -0.463018036
8.543429622 -8.910874728 43.566699811 -0.115285638 0.211992582 -0.881545278 -0.405766299
17.321738559 -5.609294161 41.308134742 -0.750255484 -0.653786314 -0.072242216 -0.066792417
14.489672928 -9.095112600 38.724320814 -0.760771052 0.240102627 -0.598890824 0.070056515
6.104779532 -9.808598935 43.058810318 0.224347301 -0.819909038 0.494615090 -0.181034167
15.084173974 -0.088854579 35.668698877 0.191788066 0.554806371 0.445045037 -0.676270762
6.979038929 -11.761359702 39.368354698 -0.114513954 -0.677984273 0.256050538 -0.679457138
13.101053967 -6.755476935 43.549720628 -0.475220459 -0.349431126 0.377345950 0.713914167
12.118182093 -8.552470727 41.059396130 -0.588468720 0.184533012 0.667386666 -0.417429240
15.543232834 -12.370596209 30.063105573 0.018327178 0.209000564 -0.887357502 0.410584391
15.509406068 -6.908219814 31.444861450 0.455988081 -0.429690153 -0.770059746 0.120204954
14.282546519 -8.606481519 36.574886099 -0.938371185 0.218809739 -0.158937712 0.215222258
11.519931464 -4.051587470 33.163192085 -0.524456874 -0.830332560 0.140189697 -0.125855777
17.779091939 -14.218324684 33.300555437 -0.002094724 -0.045339586 0.444566197 0.894595344
10.542377096 -6.194707132 33.430901440 -0.689853895 -0.702360311 0.017348974 0.174615609
16.256711555 -12.851296845 42.252143168 0.125780487 -0.633131664 0.569673696 -0.508719417
13.116451693 -13.031777767 44.993561798 -0.104408278 -0.909034876 0.288768940 -0.281721501
10.180561288 -2.667847060 37.771874272 0.244822727 0.829337713 -0.326532129 0.381624892
5.929571913 -7.903145410 30.758588354 -0.356240463 -0.834696486 -0.419285922 -0.023954646
4.106240988 -7.405920645 43.111187946 0.273794146 -0.263552878 0.913979877 -0.142188011
9.985016954 -11.756469122 36.557674260 -0.463943617 0.805153795 0.159576591 0.333195136
11.216431565 -6.711341691 37.093738874 -0.171408436 0.782553610 0.309829272 -0.512088682
20.004021535 -6.584387596 37.731864876 -0.567973533 -0.623353375 -0.308985207 0.439732620
15.990108040 -4.114499800 46.084157352 0.122947755 0.287438026 0.864187902 -0.394261969
10.832141013 -2.613899934 40.145851624 0.397826706 0.056531645 -0.875930782 -0.266989420
5.905313718 -7.383619009 43.892691066 -0.002974897 -0.736658233 -0.672396155 0.072174842
14.798720505 -3.104206523 35.318778569 0.264264430 0.934320697 0.229966118 -0.065762692
20.094559696 -4.837354141 40.805122007 -0.654060838 -0.294554046 -0.188418340 -0.670776314
14.337238122 -15.106806197 38.521355700 -0.653073729 0.628725686 -0.403633022 -0.123608658
13.584850807 -8.532333653 33.505153750 0.687144075 -0.153987370 0.670486773 0.233598796
15.211578292 -8.336410284 38.845238574 -0.428039430 0.808217978 -0.360260155 0.183789466
8.087359129 -5.710474710 32.155646689 -0.414842411 -0.573769505 0.702728040 -0.069768414
21.207711227 -5.022560382 36.631493046 -0.531259453 -0.144545250 0.834771665 0.005131383
8.919599787 -6.066019682 39.853463302 0.243559445 0.357057118 0.788007584 0.438443906
3.727418172 -5.763876662 38.051185462 -0.177735276 -0.114184192 0.717547024 0.663700542
17.167017802 -8.179528903 32.425022419 -0.842567505 0.263505209 -0.447964532 -0.141325095
15.632669729 -0.043016535 40.565658885 0.423103496 0.580927736 -0.051732067 0.693419202
18.569640012 -5.863205664 36.617795679 0.124103121 0.294238092 -0.762189194 0.563107444
8.439175275 -6.100509065 32.255105732 0.138272291 -0.620412728 -0.618239596 0.462329561
13.657324755 -10.936276602 42.865917702 0.395455634 0.836621363 -0.056248290 -0.374854193
19.696004643 -4.375540366 36.478067333 -0.513225243 -0.590480648 0.512776937 0.353542453
12.948786140 -4.296086254 44.039528517 0.748883060 0.338180073 -0.520184919 -0.232843406
21.471854516 -7.131748877 36.531459706 0.207708238 0.549180267 -0.809067469 0.025848668
11.156787617 -11.181656229 40.777066827 0.631350477 -0.702208754 -0.069035845 -0.321766209
10.750367890 -7.868923669 45.506003556 -0.469735285 0.249839351 -0.810244485 -0.245831111
14.579457657 -4.196242270 32.308114442 0.318547199 0.874584435 0.123202871 0.344166820
11.644778838 -16.430057040 43.795232823 0.686722276 0.555055597 -0.257807506 0.392251310
8.179637570 -7.888473084 45.466898404 0.258942231 0.187841608 0.106604087 0.941435085
8.473379967 -4.203843071 44.849631556 0.611967912 0.593638456 -0.505289682 -0.133307897
16.250613778 -9.681135944 37.492186864 -0.275398297 -0.761593683 -0.490048285 0.322464755
16.001404979 -5.964462448 36.884699260 0.729940980 0.331132151 -0.125678412 -0.584587548
16.933423355 -10.550549837 45.217296008 -0.801054285 -0.497489158 0.010107679 0.332737743
10.359302982 -16.003791302 34.020722788 0.156171083 0.101909523 -0.171964615 -0.967291690
18.993324372 -8.428408606 41.103337902 -0.779049466 -0.621525110 0.038742009 0.072715362
5.394287099 -4.165202835 34.068485740 0.498413582 -0.706014223 0.395391743 0.311116036
13.350362539 0.187716730 42.253461892 0.127585789 0.910086611 0.110475701 -0.378496165
3.553641754 -12.288747215 40.277394519 -0.314837033 0.428326801 -0.750223151 0.393165382
16.463005511 -5.088202842 45.250773807 0.705834434 0.506824729 0.157931701 -0.469024544
10.752046999 -0.831856879 40.217498968 0.967827468 0.169021491 -0.042079436 -0.181579320
13.019873159 -2.183008611 45.129610740 0.854338513 -0.516312582 0.052205684 0.028312364
14.687527615 -12.803086886 33.665535601 0.300247995 -0.698687042 0.130466309 -0.636133713
16.396374251 -13.233437682 41.845489737 -0.444968325 0.781865428 0.436679955 -0.000509487
5.010662285 -8.065835151 33.642237603 -0.360417327 0.413548199 0.641098243 -0.536721790
16.604806741 -3.533256644 42.492290133 0.783582513 -0.097214901 0.177707800 0.587339464
9.363940004 -7.833418828 30.853558734 -0.254947984 -0.118744799 0.927626785 0.245783942
16.445148881 -5.862222155 45.909090303 0.721170685 0.236201772 -0.201759701 -0.619204804
19.055533480 -5.086440588 44.741460187 -0.223075649 0.970983674 0.058740440 0.063067581
7.978500702 -7.670974902 32.151986331 0.951518706 0.032076785 0.301655686 0.050863330
12.128366756 -5.827514448 43.616955033 0.474472432 0.752010848 0.239148471 0.390081535
12.804605883 -12.719034418 41.169181939 0.781324301 0.471474315 0.407639031 -0.032783041
4.783509458 -4.908571275 42.464111782 -0.235723062 0.482964715 -0.819602842 -0.198572161
17.347348581 -4.754883887 42.036968751 -0.302554521 -0.173787011 0.361425035 0.864656453
11.619785202 -6.166378807 34.719600235 -0.344767727 0.647004719 0.643952797 -0.218734779
10.423488390 -6.386268707 41.745767104 0.793990703 -0.604056275 0.005913963 0.068262766
15.299733401 -5.247056711 32.020252840 -0.558950641 0.400544887 0.447161799 -0.572000262
21.173536041 -5.256522015 37.780553956 0.712037399 0.605085579 -0.157791635 -0.319336789
15.901089687 -12.744046238 38.044297875 -0.648551344 0.146642847 0.367293158 0.650363564
14.101974782 -5.767314432 32.641313789 0.727933402 0.332726185 -0.519428299 -0.299333408
8.622334165 -11.112688115 41.771820335 0.668594733 -0.144369979 -0.567873653 0.457884164
11.030872971 -3.488134499 33.745296972 0.122910585 -0.824246589 -0.056949874 0.549788379
16.593370296 -16.708595676 40.905283336 0.694379772 0.112040624 0.147949808 -0.695265766
12.101323209 -6.556486627 34.374831900 -0.253751089 0.026905522 -0.595489754 0.761760087
16.651861768 -14.390181913 31.966574338 -0.875375919 -0.049042493 -0.425301915 0.224566506
15.146054888 -7.817325880 39.650040084 -0.188757522 0.414858829 0.437923513 -0.774910154
16.795576460 -9.525299816 45.589078676 0.405406951 -0.569495110 0.562205798 0.441865550
12.738456074 -13.070353979 38.090717873 0.840786462 -0.096208361 0.465507163 0.259085232
8.803289780 -11.839869730 43.503895977 -0.305171604 0.540208963 0.759154866 0.196795473
13.518059747 -9.509163799 44.703880943 0.043834016 0.620555758 0.202744785 -0.756229914
15.626757038 -16.628788182 37.708812991 0.316078396 -0.730889270 0.411720480 0.443149602
9.298940021 -6.157533250 40.748938855 -0.856038219 -0.052929766 0.459706071 0.230363487
10.550440198 -3.181053522 38.266322330 0.019273646 -0.031908730 -0.370769006 -0.927976672
5.580089181 -2.035213217 36.787659983 -0.178188838 -0.782123590 -0.596654678 0.023121912
13.112115163 0.303955821 36.444647228 -0.564293904 -0.130770820 0.610805924 0.539803210
13.818012835 -14.093691299 32.377710097 -0.257817263 -0.628347861 0.384984925 -0.624896658
8.363657206 -11.048660947 46.178092071 -0.312455113 0.837047507 0.153716703 0.422012380
10.414115946 -2.321662390 31.910774391 -0.295056588 0.284715193 -0.745831274 0.524990076
14.107942276 -12.782030586 37.432536902 0.158237779 -0.485763832 0.558168479 -0.653790680
14.222086644 -14.804027952 36.721645658 0.162434686 0.568872427 -0.512983387 0.621970401
15.146037438 -6.202804721 41.610241173 0.149397803 0.968063048 0.067616467 0.189637139
6.128874544 -10.397366350 39.001050859 0.006871061 0.023233208 0.962052884 -0.271785311
4.592794035 -13.831248534 39.342375443 0.576068500 -0.582973038 0.146523031 0.553912016
18.340459599 -11.721930956 35.342805035 0.635119022 -0.293059609 0.044170215 -0.713294390
6.239061357 -9.843884220 37.191883471 -0.600684198 -0.303373050 0.237846057 -0.700408838
8.643461795 -15.596789050 38.081590702 0.546856305 0.135701922 -0.247059536 0.788349387
10.485495020 -13.636338309 41.857168297 -0.025356879 -0.614197825 -0.657813771 -0.435200073
3.792688381 -6.319342783 43.223813973 0.713029617 0.212362105 0.445264077 0.498227863
10.453350445 -1.565705878 32.351242732 0.377777568 -0.133902714 0.616409884 -0.677785384
4.654143851 -4.194217094 41.755705866 -0.086730457 0.848120272 0.353403605 0.385065870
7.737176128 -13.973381586 43.185806385 0.553414200 0.411395630 -0.569314653 0.447623933
14.541140122 -8.231640237 32.501180274 -0.474950882 -0.830330461 -0.281104864 0.077155946
9.890020032 -7.727989800 47.383395203 -0.290732523 0.247944705 -0.921762023 -0.065975726
4.538615305 -7.523163181 41.041687647 0.042400125 -0.562436574 0.511906760 -0.647934255
9.747598198 -2.182306271 39.415206962 0.948684644 0.034147760 -0.232571606 -0.211522636
4.667093381 -12.883068073 40.755937108 0.085720447 -0.376649654 -0.903000266 -0.188089240
15.920386534 -2.641850967 34.205042952 -0.578201555 0.748075018 0.300892245 -0.124621772
13.679940642 -1.529153374 32.038647343 0.622833618 0.017824520 0.782131181 -0.005602349
17.729069973 -8.869126764 36.552218769 -0.770506279 0.548182649 -0.299676509 0.126530024
14.216823550 -10.572505123 45.234269792 -0.688242492 -0.330491633 0.614183418 0.199690466
10.205620354 -2.147487282 35.978873344 0.869456161 0.389197547 -0.109103314 0.284020634
19.153822384 -13.371422823 40.949277449 -0.433635865 -0.222637496 0.681035922 -0.546427081
7.511692073 -3.249368325 44.288659652 -0.550758289 -0.259994241 -0.744449477 0.273611547
20.196439815 -8.185823322 38.189554049 0.069132730 -0.899986755 0.354458000 -0.244139372
16.218084348 -9.726518168 45.640419567 -0.516711348 0.455640016 0.522716150 0.502164700
11.085405225 -15.350992577 31.823511563 -0.139865570 -0.381088148 -0.423314529 0.809947069
11.897060194 -5.452623352 32.816394273 -0.331642396 -0.316200659 -0.867658174 -0.192872387
7.286658718 -3.926296529 37.580398613 0.319164009 -0.840804965 0.431024841 -0.073477427
18.715872179 -4.796081026 37.309378240 -0.587315475 -0.033614878 0.763513890 0.266415303
18.547440122 -5.655741217 34.281564918 0.457502356 -0.423796396 -0.595878914 -0.505980759
14.641337329 -16.657635946 42.121898729 0.525402600 -0.080280131 -0.667805956 0.521097318
10.347579537 -8.132054163 29.787620202 -0.003248253 -0.633318316 0.504070272 0.587205688
12.381498241 -9.612764098 47.515562525 -0.320715247 -0.798327399 -0.343666362 -0.376441929
6.696206475 -4.560194293 34.327978675 -0.095022319 0.653103294 -0.215653434 -0.719666897
16.686633643 -6.749659654 39.524422465 -0.173276141 -0.561841285 -0.437050602 -0.680658887
13.133878226 -10.620441042 32.752176122 0.747236517 -0.548273414 0.019384414 -0.375044125
10.295963352 -8.227358933 44.855269415 0.687695755 -0.063879265 0.019117697 0.722930496
11.081238466 -15.391060849 38.310721587 -0.719999841 -0.102243159 -0.661751195 -0.182296245
17.420643526 -10.732530636 34.568999296 -0.323046991 -0.923172138 -0.142087974 -0.152331392
12.593002814 -1.381052199 41.823583888 -0.601157561 -0.078955516 0.740377135 0.290202189
14.855314018 -7.232374075 37.386396385 -0.558707986 -0.551208837 0.462438188 -0.412510758
7.534882372 -14.244611982 37.959565286 -0.116986817 0.670109245 0.232444312 0.695152736
13.394298718 0.879115812 37.984281691 0.327496939 0.640574994 0.680429360 0.139374738
15.490817143 -12.999328245 30.370277246 -0.260924917 -0.305628187 -0.701607907 -0.588435165
6.496638023 -14.165840616 34.984310881 -0.224039527 0.552707053 -0.713022210 -0.368674019
6.675584942 -13.051965653 35.965765142 0.365914004 -0.593630915 -0.659607490 -0.280405488
