1.451078801 -19.366489860 18.922298045 -0.108316160 -0.983422461 0.048165219 -0.137215101
-12.905552703 -17.786631194 19.153212509 0.862493211 -0.161906966 0.324237257 0.353216359
-5.600819505 -23.523500346 14.622890633 0.244533004 0.912475133 -0.271348206 0.184290237
-3.780573396 -18.884597283 18.601425293 -0.713099646 0.045846824 -0.592673227 0.371652269
-7.860555192 -14.081595421 17.075634844 -0.234311144 -0.624423121 -0.667989792 0.330126781
-10.118679459 -19.122023862 14.513348941 -0.793877359 -0.172680072 -0.445009635 0.376705132
-8.731549001 -17.394006173 17.736460524 0.856953791 0.245146710 0.020738298 -0.452883222
-4.359843609 -27.071307507 13.620411171 -0.531541345 0.238926591 -0.743377721 -0.328279526
-4.651594058 -16.641328902 19.370727437 0.400620174 -0.749515252 -0.093478126 -0.518644582
-1.353967847 -25.145208975 26.298225097 -0.533623900 0.405955297 -0.722781027 0.167431824
-3.066559066 -20.252035537 14.649581487 -0.773407160 -0.336817484 -0.445482274 0.299901469
-0.701207539 -17.544111731 26.363543101 -0.380819434 0.583408008 0.708233891 -0.114089483
-9.325923765 -14.909223586 27.385408595 -0.525847788 -0.573037981 -0.415586479 -0.471592466
-10.686264863 -14.899958585 24.435065875 0.616068991 -0.486457523 0.597928109 0.162172910
-6.664598213 -13.089260852 15.805175945 -0.147812806 0.020547251 -0.638413551 -0.755087626
-2.251740064 -20.569044078 28.057229818 0.848456375 -0.493694191 -0.051761250 0.183599015
-4.841217764 -20.604784509 14.851963350 -0.116241624 0.757247291 -0.555297122 0.323588520
-5.732859394 -18.764924620 29.426913270 0.098560173 0.137082144 0.781373522 0.600790976
-8.688752784 -17.667864292 18.311996273 0.283458532 -0.723781667 0.608225367 0.160789494
0.175350026 -20.173655210 26.847345815 0.515779168 -0.343389910 -0.752693111 -0.222504609
-4.672043185 -21.214878449 17.276516217 0.360614754 -0.814095101 -0.000837370 0.455198269
-5.738702022 -17.154907613 16.478289632 0.687783419 0.385180170 0.193883689 0.583951471
-5.093472133 -16.871929513 16.256622643 -0.213534523 0.593076509 -0.173738381 0.756622916
-5.062632473 -14.042201001 22.507553414 -0.032942383 0.313222806 -0.173450803 0.933124371
-11.909998179 -25.051509646 22.520077573 -0.583242340 -0.581420403 -0.457251631 0.335707662
-8.755253826 -29.427104431 19.095787008 0.279690798 -0.589963832 0.030944233 0.756807895
-9.722008144 -15.843307195 14.052579139 -0.180219970 -0.579446816 -0.045483681 0.793532220
-0.689887166 -16.327412040 18.870818061 -0.605142433 -0.167303876 0.721695992 -0.291490898
-13.616167237 -17.938957589 21.811175466 0.685638733 0.617444413 0.114302319 -0.368234850
-3.881147460 -21.431158189 27.467235130 0.545338015 -0.264640516 0.213425522 -0.766173214
-14.088096505 -17.311617584 16.925969888 0.458854064 -0.670348181 0.236624650 -0.533005665
-6.577506464 -29.388331100 15.818621468 0.272151777 -0.396602958 0.259538089 -0.837424316
-3.895029211 -17.837985010 13.760929834 0.373107679 0.681518471 0.614998308 -0.134537409
-10.267471084 -13.729619123 19.190328018 -0.680969848 -0.186871752 -0.419937144 0.570098069
-2.880488127 -28.585834132 20.160601946 0.212333357 0.177231777 0.585663363 0.761906732
-9.797701748 -20.312935581 10.839717963 -0.627102599 0.607336400 -0.481790143 -0.075914993
-9.517071300 -24.447798444 27.140816667 0.326181068 -0.512698115 0.339309834 0.718063640
1.127024005 -18.288286440 23.520910485 -0.618755303 -0.369536855 0.143377538 0.678253101
-10.556058001 -14.179319433 18.914571728 -0.470245237 -0.319140680 -0.146851945 0.809600611
-3.988806402 -19.457317941 26.681036983 0.307847148 -0.853324694 0.392483613 -0.151735672
-6.320393710 -23.449499936 24.420009077 0.089411898 -0.200121044 -0.470737808 -0.854612776
-3.473538247 -18.176218107 15.523425459 0.725604414 0.156137868 0.125864196 -0.658238107
-8.180537363 -15.290830269 20.961924652 0.542289243 0.155260173 -0.067158500 -0.822986265
-0.850473136 -22.355675215 26.185667808 0.736113067 0.446618219 -0.506605430 0.044951738
-6.930736174 -16.883679683 13.850049115 -0.034387874 -0.045218625 -0.970327161 -0.235027553
-10.442045559 -25.070938699 14.317516453 -0.712132742 0.007017228 0.669515521 0.211108227
-11.248890030 -20.657264458 17.512380901 -0.095362924 -0.537776576 -0.406026262 -0.732697033
-3.172415516 -21.737476195 27.460893926 -0.148838936 0.136682721 -0.041166180 -0.978504037
-3.160491096 -19.365362341 16.496751922 -0.643059381 0.594133300 -0.424473728 0.230872928
-8.322936531 -22.438619993 21.290106221 0.765054410 -0.542817679 0.064258088 0.340457948
-3.664005356 -11.871561086 22.166398394 -0.462397449 -0.667154054 -0.447853038 0.374862272
-9.410962980 -28.340180146 17.401261811 -0.163958404 -0.567723463 0.620116342 0.516007204
-14.678949043 -20.051038334 23.430361466 -0.269404029 -0.933687284 -0.221834930 -0.080242064
-3.793035474 -22.943090450 29.249815217 0.074538750 0.676860937 -0.251960946 0.687618301
-6.574000359 -16.544020162 28.528796892 0.367899653 -0.645059010 -0.235749142 0.626874040
-6.563009107 -12.058558033 19.079401437 0.904203895 0.137963036 0.357472313 0.188666538
-13.000448669 -25.183627388 19.939938467 0.291093358 0.622917738 -0.634947500 0.352249658
-5.627355161 -21.326806984 22.090585351 -0.744892111 0.555049271 0.349481966 0.122140924
-8.039069001 -13.430333534 14.837889578 -0.699514766 0.284487595 -0.424555210 0.499498522
-7.828309476 -19.517922752 20.171502806 -0.617949433 -0.183040363 0.618066647 0.450142581
-13.032328547 -21.478396276 16.006235244 -0.797179218 -0.442903962 -0.409859142 -0.018890716
-14.143312532 -15.839449681 19.205415020 -0.274552373 0.052900782 0.287479008 0.916066767
-7.915253840 -28.410689334 17.709092149 -0.653691948 -0.454372491 -0.597651762 -0.095104403
-4.011752902 -17.202621208 21.061598892 0.159083964 -0.423876412 0.431416248 -0.780321152
-13.674242853 -23.370738796 26.219520835 -0.495509385 0.754801393 -0.429496020 0.016687574
-7.573654462 -12.722301771 24.234257663 -0.217573875 -0.604614305 -0.748059627 0.165861225
-2.186036554 -21.754337543 24.946033327 -0.184110972 0.486463231 -0.501187881 -0.691568784
-6.893305283 -29.393317792 22.234056753 -0.866392329 -0.407866212 0.272728492 -0.092890548
-6.004479549 -14.727457026 20.245207918 -0.176185955 -0.125385380 0.976338535 -0.000284276
-7.101175616 -27.884275628 15.091496714 0.028741011 -0.882422660 0.417133302 0.215647887
-6.284041950 -21.953685697 25.027381407 -0.427373923 0.412357172 -0.770741120 -0.230805587
-9.768633532 -26.496425660 15.287998261 0.334755410 -0.817159098 0.066892261 0.464451557
-3.720713009 -21.351278621 13.356401199 -0.873024685 -0.208586228 -0.004447071 0.440794633
-0.765754330 -14.455720478 23.137066297 0.136771869 -0.659232211 -0.698892454 0.241362148
-15.025899841 -19.115482581 16.337682140 -0.326883438 -0.051006101 0.913639617 -0.236237687
0.022277593 -27.032362545 21.880952545 0.712887382 0.429222918 0.009548239 0.554498060
-5.560510018 -27.151614329 24.952237506 -0.195105168 0.958952540 -0.189778488 -0.079549517
-6.404752880 -20.323696084 21.888754460 0.280909723 -0.826397198 -0.259069596 0.413570239
-6.267725479 -13.338081971 16.303737558 -0.461430870 -0.295959848 0.179153165 0.816941530
-13.246598938 -19.792966891 18.489766263 0.328384739 -0.754462162 0.473511651 0.314224484
-10.923467826 -19.893801639 14.665176690 -0.056563148 -0.201881722 -0.508285723 0.835278399
-2.373918349 -27.551784729 20.997696316 -0.352736677 -0.557189421 -0.226521586 0.716801755
-7.755744222 -20.649852082 28.258971913 0.875032215 -0.016710867 -0.483116744 0.025250366
-10.838617716 -23.912346700 13.755596116 -0.500812770 0.242364893 0.684736142 -0.470725232
-9.739896762 -12.859320389 16.248034341 -0.784139148 -0.038452667 0.602377712 -0.144181415
-3.209517821 -19.802360052 20.663151547 0.026867331 0.802450299 -0.580560033 -0.135283821
-2.728977425 -24.198974667 20.741123193 0.956408426 -0.047001256 0.218793255 -0.187625470
-11.676871565 -14.867260378 14.526247736 -0.147408344 0.389386948 -0.561836568 0.714834425
-11.859250312 -22.199258650 11.662083268 -0.247059487 0.735480522 0.257184041 0.576095808
-10.413706191 -24.908723431 14.629775419 -0.332632117 0.801195419 0.036404998 0.496101251
-11.071545823 -21.336226815 12.357227672 -0.320312401 0.447549208 0.565176720 0.614552640
-11.879020139 -15.907406622 19.444887465 0.408575021 -0.813177599 -0.413818861 0.023719109
-10.738947210 -19.077193108 15.011913896 -0.980674070 -0.172525485 0.020610996 -0.089936159
2.223093103 -22.183564835 21.726875863 -0.388080932 0.693158316 0.255020440 -0.551261566
-3.462600289 -13.248214435 20.035618889 -0.396369134 -0.755526620 0.514337980 -0.086761045
0.821524312 -22.244579058 20.262367285 0.190885413 -0.089628320 -0.500082623 -0.839908860
1.294744286 -20.898222385 23.287200340 0.592915076 -0.756453720 0.006788530 0.276013402
-12.662369642 -24.087825463 24.781432873 0.674370799 0.032290837 -0.624601253 0.392497900
-12.395933922 -15.152539733 16.504634571 -0.692912012 0.573756079 0.428376473 0.084678821
0.451833745 -24.285787951 23.362293158 -0.118317328 0.814001937 0.509192048 0.253229767
-13.384518791 -18.785870149 13.470394050 -0.047600245 0.589308562 -0.094970277 0.800893427
-11.545311472 -23.377883521 11.750505008 -0.787035164 0.003540823 0.497365102 0.364953516
-9.615059944 -20.191412181 28.050278481 -0.457294804 -0.057989868 -0.697100876 -0.549152990
-10.588419538 -19.299722289 19.048654741 0.728047903 0.230792581 0.642258316 0.064693827
-11.949631473 -17.666295986 22.030282832 0.655194855 0.108006177 -0.423204670 0.616402608
-8.341027296 -14.712824089 23.947138738 0.298588408 -0.751416479 -0.131430871 -0.573536541
-11.285113906 -27.619493399 22.366010645 0.343618809 -0.537901526 -0.137973610 0.757331728
-11.297529946 -18.929871611 14.092992303 -0.627710555 0.610357694 -0.482241427 0.029768266
-9.825111280 -19.349557373 21.808056878 -0.386848888 0.191568747 0.544904062 -0.718838588
1.298687840 -17.914088848 20.336842246 -0.893311539 0.234240652 -0.078075717 0.375539603
-3.416046928 -15.463528311 25.874921269 0.405115664 -0.656546109 0.506401189 0.385209476
-9.942433129 -12.417820979 16.617669501 -0.058861541 -0.381627214 -0.885477144 -0.258507672
-10.811187956 -17.949705337 15.644536001 0.589140565 -0.453566460 0.569553683 0.350427544
-11.230622756 -17.013142249 25.584664733 0.822252739 -0.084338961 -0.560726227 0.048718281
-2.571988876 -23.519834094 14.449914727 -0.298705838 -0.791199144 -0.464036078 -0.263532266
-0.916468630 -21.982850943 27.358882459 -0.243851263 0.492362059 -0.521344709 -0.652928678
-0.888841929 -26.355045867 23.379462817 -0.097213431 -0.349798952 -0.897700338 -0.249648445
-4.892608851 -26.852682775 25.099089940 -0.784385816 0.099416652 -0.521882612 -0.320146467
-9.797754666 -16.142897664 26.557266511 0.458385564 -0.178599065 0.216798973 0.843198229
-11.513572610 -22.144906901 28.443131128 0.693036481 -0.533102734 -0.171450548 0.453989670
-6.201052214 -21.949182142 13.102070364 0.094444595 -0.597925133 0.315802570 0.730639782
-6.586925551 -17.255526612 20.896878610 -0.029265298 0.758997028 -0.140915140 -0.634988171
-5.786795428 -26.565139375 19.881672998 -0.845462922 0.192114120 0.284015668 0.409413865
-10.192473481 -16.861722632 28.394580783 0.594980016 -0.317451105 -0.096716245 -0.732031109
-3.370769845 -21.660538792 18.617311325 0.863635241 -0.359976976 -0.125903068 0.329695565
0.641577902 -22.742233954 25.975540587 -0.863360047 -0.350111304 -0.171712887 0.320228339
-3.689107323 -15.013114134 19.094296645 0.024337209 -0.846051839 0.243359015 -0.473688058
-11.719698819 -19.347622402 16.384454218 0.818189373 -0.300599181 0.487748835 0.048034952
-2.289303740 -22.329326826 14.170141273 0.488107199 -0.684837411 -0.346457576 0.415591424
-1.220536009 -22.708623755 22.937953930 0.098070155 0.345232642 -0.358881694 0.861626716
-3.441110448 -14.025837401 23.147637908 -0.202687018 -0.611801076 0.599433809 -0.474654111
-8.399425423 -26.914760882 26.256789694 -0.582098559 0.545491760 -0.292025655 -0.527561393
0.649501006 -26.032874418 19.851227384 0.254653229 -0.437684775 0.774749198 0.378612532
-13.278191785 -25.448995508 18.546661811 -0.261953787 0.548429966 -0.746506363 -0.270800731
-0.219680420 -26.901342584 20.277800611 0.733180815 -0.152865372 0.133600069 0.649021643
-2.667737198 -19.812011457 11.736635519 -0.752734806 0.372563602 0.342836266 -0.420773061
-2.280368927 -19.155246643 17.773298997 0.481099152 -0.865582891 0.017020118 0.137913671
-10.092784974 -24.240618517 20.057493059 -0.386016752 -0.729485747 0.049926300 -0.562449089
-7.001552698 -27.131004310 18.042681686 -0.907876303 -0.218237869 0.268799957 -0.236388312
-5.831704777 -28.108504777 21.530502354 0.135853339 -0.670302892 -0.438988853 -0.582689189
-2.388306863 -22.191150566 16.745338063 -0.640253185 0.424356131 0.254670727 0.587486642
0.461939345 -26.219586538 21.078012021 -0.761471203 0.181882591 0.260461098 0.565013581
-2.129476447 -21.442434513 13.147513714 0.369855951 -0.445138970 -0.067803174 0.812687273
-3.488310877 -22.047117909 20.493556257 -0.564010877 -0.103804059 0.518159072 -0.634529451
-2.125766566 -15.625032869 17.619115137 0.098853581 0.664788136 -0.367774795 0.642671304
-3.189815128 -13.210572899 18.380566319 -0.657300838 0.112737601 -0.658916320 -0.347958509
-7.897357701 -22.462044212 22.816481102 0.179470623 0.520638534 0.686151502 0.475312454
-8.529751302 -14.913961460 21.034369896 -0.392647783 0.319753789 -0.029115163 -0.861822221
-3.024604587 -19.297440810 17.038585354 -0.708952601 -0.396965461 0.299797743 0.499925940
-15.248183728 -23.299516800 24.541365345 -0.136825236 -0.332753114 -0.634442641 -0.684132119
-11.004458932 -25.117388004 19.085594527 0.604057317 -0.436338847 -0.458192742 -0.484543682
-4.823308572 -20.112268582 29.675104260 -0.182667571 0.056624352 -0.001774079 0.981541183
-9.425672537 -14.997036039 24.657113552 -0.484843513 -0.331331831 -0.327307571 0.740280852
1.151112923 -23.896162261 16.309547917 -0.406886198 -0.430076808 -0.747734214 -0.300617874
-11.964889615 -13.343957020 20.140246355 0.386024782 -0.229722506 0.893416297 0.004444971
-5.011612164 -19.093456522 22.849555678 -0.055601429 -0.789443565 0.457450025 -0.405495763
-7.527228211 -20.837321972 13.009504816 -0.333383182 -0.458551435 0.252047909 0.784256391
1.154448434 -18.630451702 21.579552510 0.700732062 -0.334560621 -0.028187542 0.629483304
-6.616415601 -21.025950109 27.014308017 -0.544559729 -0.814482470 -0.158957291 0.121678213
-7.467365390 -12.270005862 19.401611017 -0.687518024 -0.106077935 0.688896892 -0.203684831
-14.104940167 -25.442145732 22.949728650 -0.905308917 0.341161994 -0.063355463 0.244970087
-14.520913732 -20.234541050 15.949956445 -0.250545254 -0.146391436 -0.849081972 0.441425450
-2.736747525 -22.092262869 14.178197430 0.600385581 -0.766248667 -0.193171262 -0.122820997
-13.280685027 -22.609976608 14.177564067 0.228961392 0.354138153 -0.160186059 -0.892470322
-7.984759575 -25.489035806 28.735649088 0.842824995 0.153099438 -0.481663625 0.184950648
-13.589731030 -23.350120971 14.664825089 -0.484811826 -0.259520229 -0.614744365 -0.565416758
-3.421536736 -25.979551278 14.529606079 -0.617284246 -0.017723914 0.168850361 0.768202824
-6.462622862 -14.918015514 14.169894335 0.123918580 -0.568044898 -0.579761970 -0.570828554
-9.064685132 -28.772872916 14.430238611 -0.713248617 0.029852513 0.555413589 -0.426498516
-1.302153587 -23.669321368 17.642052507 0.205368858 0.475567992 -0.354592020 -0.778410699
-3.492258784 -23.094242088 12.935336767 0.303932941 0.682368387 0.664286007 -0.026874769
-14.374884893 -25.649883130 23.655066063 0.447472793 0.528272986 0.589916829 0.415564540
-3.953492954 -15.880840727 26.049105454 0.496013598 -0.644301672 0.295645408 -0.501437592
-9.027304814 -16.339292236 17.107377959 -0.038241321 0.535052731 0.119093488 -0.835507581
-14.171275326 -24.878989305 19.076639357 0.764844945 0.564927595 -0.288578539 0.112211632
-10.806811443 -24.156042443 26.006338680 0.133949872 0.506025412 0.847054881 -0.092161497
-14.240081489 -26.525052997 19.360770509 0.546642394 -0.076372951 0.764392032 -0.333247786
0.734842619 -24.089238543 16.640842165 0.626723055 -0.340065483 0.699659346 0.045282218
-1.199934560 -21.364555700 24.177128623 0.814511359 0.405296406 0.404654004 -0.092526785
-11.247332493 -24.940846024 26.103805061 0.235427894 -0.619979768 0.595361334 0.453589767
-12.411013515 -17.385887620 14.675290300 -0.265512398 0.377565476 0.877942356 0.127140459
-0.638419991 -22.628950260 18.925581827 0.807550232 -0.031931234 0.495254057 0.318694898
-7.234536853 -21.954729146 26.848133754 0.172734592 0.847670825 0.179077737 0.468559599
-11.472306621 -16.355591242 13.609029679 -0.295133563 -0.445477950 -0.783561173 0.316981803
-8.034277514 -13.938756080 18.361645489 0.441257201 0.875778971 -0.154588455 0.120023690
-11.118042394 -26.250715553 22.563243882 -0.666873753 -0.693225093 0.069127297 -0.264461312
-1.980528384 -23.282119305 24.066850104 -0.093322090 0.736479933 -0.482761944 0.464574215
-6.769481717 -17.941561853 15.288358520 0.217969699 -0.092219469 0.776599582 -0.583847471
0.548600413 -15.087509431 20.795765005 -0.741195972 -0.082782165 0.395113069 0.536340663
-5.557915808 -16.327166841 19.546379209 -0.711147012 -0.274563342 -0.628018372 -0.156453900
-4.531127004 -18.064045741 25.843652087 0.140905390 0.356819381 0.912672847 -0.140903778
-10.192309649 -13.056359644 16.512273188 0.524975724 -0.171283352 -0.133697276 -0.822914054
-13.248095168 -27.102475749 17.080529452 0.219747308 0.934155625 -0.279675094 -0.029090057
-2.360325390 -25.540851900 22.880909857 -0.800730118 0.172841742 -0.256612995 -0.512939354
-2.457520259 -25.876267240 16.863652808 0.197491218 0.930255662 0.141198583 -0.275108309
-11.016166774 -25.068387940 21.466549626 -0.174231360 0.908817081 0.033006536 0.377631454
-7.388745707 -15.748673500 22.532143999 0.209873740 -0.076476824 0.651409584 -0.725099898
-5.200814152 -22.684543093 12.847308734 -0.359005170 0.187931095 0.411713482 0.816265398
-7.303368285 -28.208585379 15.368055229 0.214670045 -0.199887427 0.951347280 0.094340563
-10.239092908 -19.721099401 21.005153918 -0.173979265 0.686288164 0.638487661 0.301783494
