-9.836501045 8.614280271 25.871897553 0.291429445 0.854858843 -0.076710788 -0.422375062
-0.327707699 19.431646472 22.491750532 0.365014773 0.262354488 -0.428507183 -0.783783090
-5.040594593 11.343680085 18.172264004 0.018180840 0.149971395 -0.011847761 -0.988452158
-4.885884899 22.346894959 27.431674170 0.194774852 -0.630933129 0.038694959 -0.749992563
-11.276543955 16.075448169 26.373146733 -0.597539207 -0.555133047 -0.577631593 0.033405667
-4.239836221 21.646021541 28.987294656 0.165068982 0.970760404 -0.110149512 -0.135068700
-0.886612409 11.237004156 24.061123372 0.240903030 0.298384470 0.400573032 0.832150037
-5.728866407 7.849400825 29.570327399 -0.442669140 -0.448208585 -0.758386895 -0.167339218
-5.055254186 8.524676916 22.870584448 0.534765641 0.446511305 0.565632097 0.441263747
-11.227250324 14.964207489 27.400495101 -0.527016737 0.196774716 0.814673657 -0.140854190
-6.116678441 7.834703123 25.046984140 0.513168953 0.400578827 0.708036495 -0.273639454
-5.010635104 19.205233503 23.801138222 0.299237945 0.869098183 0.343242403 0.193157067
-4.268836244 23.748212007 25.977013594 0.309069662 -0.617356884 -0.291013169 -0.662312432
-5.614263733 17.629283295 31.923739497 -0.053325338 0.733234439 -0.616512140 -0.281844722
-13.059851670 13.289750761 24.837040054 0.306139665 0.214493113 0.128353682 0.918583988
-7.189127130 10.709953256 20.130366452 -0.415608518 0.111382537 -0.807115496 -0.404262374
-7.214377285 6.295739277 26.512263001 0.232161699 0.397123179 -0.553582271 0.694219558
-2.922911764 16.968761421 23.957051647 0.424537090 0.466633271 0.001980572 0.775898013
-5.316315899 21.402631533 21.058037741 -0.819543984 -0.449030726 0.300768612 0.190413516
-6.509653528 13.385828399 23.089093129 0.010204895 -0.402255991 0.136079617 0.905300124
-0.094223035 10.260955572 26.257370368 0.710087328 -0.457250427 0.402496510 -0.353121216
-10.211988979 7.990581316 28.546214519 -0.046904669 -0.340251327 0.616559596 -0.708437189
-3.193727213 20.233740233 15.915926464 -0.322176094 -0.542491262 0.775746734 0.011081501
-11.460072155 18.015012618 18.845256039 -0.261800110 -0.539481725 -0.197977381 -0.775387082
0.564962438 16.423025485 22.556913296 0.199948614 -0.712686050 0.378721164 -0.555580260
-12.031252832 16.283389454 22.539078872 -0.498486137 -0.421034111 0.093949851 0.751941004
-0.824406887 12.159291310 18.192016980 -0.222887056 0.543383609 0.805844935 0.075296449
-9.857953766 17.310862107 15.205184943 -0.406289782 -0.892842815 -0.110226645 -0.160032520
-11.125295492 14.396601281 27.588168530 0.219732255 0.590946038 0.102997250 0.769345230
-8.318052764 9.601003471 24.607152095 -0.690554245 -0.138006856 -0.708723967 -0.042417931
-13.550736293 17.508322341 19.593580858 0.371957773 0.241522954 0.893917971 -0.064997987
-12.682299260 15.923293605 26.501882342 0.079411406 -0.019701839 0.709244823 0.700198149
-3.783649189 16.119014164 26.400385330 -0.163316162 -0.030560502 -0.475034559 -0.864138909
-11.184490963 21.527836830 22.578920737 0.383010749 -0.305929869 -0.116134153 -0.863841733
-2.357366189 13.321396676 22.520253943 -0.681703510 0.387120459 -0.350631424 0.512323802
-0.382915242 15.219209611 24.947270241 0.430622203 0.660825462 -0.061878058 0.611592457
-9.767440801 20.413572217 16.349713139 0.521180768 -0.708499756 0.209938180 -0.426994921
-5.579691084 14.028458830 23.477040088 -0.841502072 0.336910604 -0.253919816 0.337476273
-7.138824123 18.101518617 22.259954781 0.530763080 -0.020225884 -0.845204391 0.059253727
-3.240507364 8.931296227 17.075456153 -0.274212527 -0.591695730 -0.696642446 -0.298986547
-10.449859839 18.567223803 29.335410703 -0.483636304 -0.641567336 -0.320473681 0.501780728
-0.258555447 16.887665061 24.805768917 0.922296836 -0.299661290 0.202996244 -0.135514511
-11.941936524 21.102314339 27.848473834 -0.148710259 -0.437439106 0.872561534 -0.158646328
-14.142259892 12.247177192 29.758847781 -0.188017708 0.061644492 -0.958134068 0.206950250
-3.819121672 13.042623513 30.670724646 -0.237557025 0.741989295 -0.621107847 0.085109273
-15.115476240 16.862819377 22.312751695 -0.797758060 -0.550940761 -0.174631610 0.171901588
-14.691225564 15.071082410 29.611386934 0.114070242 0.051143812 0.458257637 0.879984221
-8.558301725 11.845374119 27.026921430 0.554057304 -0.190573359 -0.064484331 0.807801999
-12.272424973 12.977947182 23.985012289 -0.270882737 0.024984444 0.859555065 -0.432623868
-1.367448063 12.599470836 23.440317058 0.165757352 -0.052701366 0.855282524 -0.488097194
-1.774300671 21.581207318 28.537195853 -0.088544312 0.708417268 -0.695338596 -0.082517363
0.342670248 11.774863200 26.742218406 -0.889979698 -0.076362571 0.376072953 -0.246320988
-11.830435672 16.537625697 29.451947201 0.131049988 0.405644756 -0.514951320 -0.743709198
-11.942214086 11.600418811 20.488207744 -0.653788441 -0.251223869 -0.713047694 -0.031784092
-6.288388049 10.260861577 27.779306163 -0.177463929 -0.879794766 -0.308147090 -0.315456962
-15.030262856 18.430665489 28.782174480 0.043606444 -0.663122560 -0.586018769 0.463625873
-12.867041438 8.712144359 19.762773427 -0.218731992 -0.799662376 0.556000781 0.059661810
-6.000466601 20.865751365 25.146111052 0.517700439 -0.143057819 0.264893624 -0.800844606
-8.594844468 14.781398478 29.632549348 -0.980219912 0.018278726 -0.068008326 -0.184958589
-4.061416301 16.688748502 23.352908872 0.923872492 -0.369714267 -0.002891199 0.098805970
-13.236711929 18.948835874 16.631303873 -0.470896662 0.511379398 0.009123965 0.718793571
-13.559448151 13.806347844 31.026763271 -0.553925061 0.166077154 -0.121077236 0.806799670
-5.201741159 19.920303634 28.360184380 0.224324264 -0.595130233 0.755693505 -0.156288059
-3.503612182 18.273688829 16.541121500 0.475565114 -0.422630363 -0.211266612 0.742016049
-2.588021599 18.694824154 30.520688390 0.995653639 0.025834244 -0.028372126 0.084861335
-13.033978804 17.107159227 16.491295516 -0.240740637 0.670005620 -0.695095553 0.099892878
-10.930549370 13.420265640 21.645483022 -0.311104461 -0.008470551 0.736933853 -0.600058964
-7.994957793 10.854331306 16.085130697 -0.585801609 -0.191124746 0.764142092 0.190773870
-13.325628127 14.750461620 29.788744728 -0.825534827 0.410887389 0.061973095 -0.381867959
-13.399047768 22.467919692 26.992883478 -0.734746604 0.612139966 0.230709809 0.179457721
-1.242246563 13.503317355 22.655471116 0.051794424 0.824948576 -0.381950950 -0.413389231
-1.025634503 17.779137748 30.572558999 -0.525411316 0.636882327 -0.469047621 0.313557299
-4.984111759 14.511310161 24.700353245 0.536249019 0.093245913 -0.477568001 0.689689056
-3.268152178 17.935641515 20.596995297 0.558011216 0.494415985 0.393428405 0.537950189
-10.974576463 9.787371790 22.001012953 0.212861072 0.830128290 0.365687066 -0.363111767
-13.132065638 14.694725909 29.008921759 -0.052678320 -0.701961427 0.703492423 -0.097844578
-3.212549502 22.566930486 22.953900157 0.246144558 -0.945977894 0.174691412 -0.118412800
-13.511691119 20.764456307 27.805840200 0.446060914 -0.723099446 0.490154463 -0.194693233
1.672077623 18.939002849 25.255917359 0.009372263 -0.995552608 -0.072882816 0.058951343
-7.224061111 16.199795078 26.705019668 0.061142084 0.389642900 0.822665693 0.409464545
-1.997523210 11.833773734 27.007839731 0.653015884 -0.052780559 0.581624117 0.482180312
-0.503062244 14.354700933 28.451376317 0.716710342 -0.552050502 -0.424091451 0.041388047
-3.672538131 14.366857485 25.279581905 -0.708505929 -0.566565642 -0.384930806 -0.169855812
-3.529189930 20.673993822 18.078977823 -0.768743322 -0.566317793 -0.162910079 -0.248552145
-8.842561221 12.938921524 21.458323051 -0.259188055 0.181790111 -0.443614690 0.838438975
-4.006053112 21.973882421 24.942468877 -0.644568695 0.136561316 0.469659673 0.587624026
-4.280214959 23.181826181 26.652806746 -0.286250719 -0.272942081 -0.906319380 0.148823139
-5.038293228 24.313614181 25.019296577 0.324546627 0.715313132 0.542352422 -0.298077944
-0.771632419 14.340266893 23.867860134 0.025586438 0.506981868 0.172844670 -0.844061277
1.342046122 12.312908388 23.375789255 -0.004934973 0.963304209 -0.143447573 0.226811465
-12.456987049 8.521562109 21.281395994 0.052747465 -0.035380381 -0.896025779 -0.439435703
-16.270918301 18.288041654 20.746353860 -0.000114186 0.569249341 -0.266366476 -0.777820079
-8.306246003 14.544641353 23.961896311 -0.365646487 -0.646403329 -0.073882238 -0.665587558
-14.408689116 11.014836992 20.262665273 -0.884734835 0.457222107 -0.070348516 0.056950008
-5.120844120 16.441765226 22.554118126 -0.835829976 0.226084825 -0.497962949 -0.048029207
-8.380428816 19.578808571 15.061049741 -0.365325348 0.651150125 0.610923258 0.263274910
-12.772600405 15.931557897 24.761857135 -0.819401982 -0.144855249 0.207709964 0.514250834
-13.293106358 15.193598502 20.687808028 -0.214894084 0.972532836 0.011986073 -0.088638312
-8.241346651 10.155621033 23.819092387 0.947566234 -0.117123617 0.083631297 0.285317535
-10.749825388 17.421159964 16.743834868 -0.178288871 0.438717456 0.880457421 -0.023125794
-7.805981785 18.745529747 32.615797799 0.621035627 0.588898002 0.510944906 0.080306890
-5.526622905 14.081175226 23.810383860 -0.407490459 0.826516456 -0.189198445 0.339154865
-12.818005093 10.379770472 29.454546524 0.051906882 0.797183737 -0.601389996 -0.011568805
-7.363948172 9.883062062 19.480065278 0.050877667 -0.755431682 -0.305100243 0.577622956
1.549178284 11.763479695 25.289932386 0.475535623 -0.820214813 -0.307553393 0.080774015
-12.357279447 15.500195691 17.769287716 -0.367097536 0.435318063 0.798919157 0.193560751
-2.358952872 13.974808815 22.584454615 0.222046010 -0.819187842 0.318061929 -0.422449356
-15.452980585 18.732049742 26.491989525 -0.557217150 -0.784450726 0.245445672 0.117908987
-5.446533521 18.892674726 16.144383703 0.789200718 0.265961073 -0.537869851 0.130854720
-8.826718640 15.496376350 24.016536864 0.265802335 0.114170084 -0.837027579 0.464434218
-15.166785278 12.122947563 27.139696180 0.463136677 -0.374467546 0.198342549 0.778420650
-0.871556698 13.226656218 29.939639386 0.099927792 -0.609037646 -0.121542297 0.777377034
-9.549674003 14.731618025 16.409560549 -0.582701996 0.061216975 -0.797893841 -0.141690807
-3.745711396 14.936332000 26.615146549 -0.741387202 0.395783279 0.504436923 -0.198100991
0.761077457 14.072246359 21.750135689 -0.749089690 -0.481131661 0.333371876 0.310225973
-13.247704469 11.994059476 16.592487084 -0.013130427 -0.480809555 0.466977509 -0.742011974
-8.833063620 17.989650695 13.911246920 0.453043853 0.570685555 -0.086681975 -0.679378760
-8.210192859 19.170868967 17.762325199 0.707921004 0.304561394 0.194928919 0.606706622
-9.795590621 6.210598744 21.169101294 -0.304442985 -0.472756853 -0.171311223 0.808991899
-2.295225981 10.287415066 27.293453991 -0.827064692 0.418922670 0.373615621 -0.029650627
-2.441953943 18.252942782 15.895810796 0.142035388 0.603502217 -0.337029968 -0.708534984
-1.186671747 21.334123982 21.290514148 -0.138694785 0.477075605 0.152454786 -0.854353651
-13.543178907 15.259631631 19.432192641 0.055056095 0.272882978 -0.903287680 -0.326458380
-13.727895545 8.761573158 24.330605024 0.523309689 -0.117551636 0.444563728 0.717420152
-9.166829640 9.527400226 18.599060193 -0.731278437 0.662331502 0.162825794 -0.006048907
-13.347625211 11.094440185 30.010180389 -0.500689375 -0.782513457 -0.252920432 -0.270211204
-8.330403602 17.905069979 28.334577604 -0.350534759 0.434242257 0.508724300 -0.655559785
-7.294740965 11.172064721 15.762343029 0.385217958 -0.029548327 -0.907815053 0.163113000
-5.762682783 13.024575627 29.956312486 -0.071097685 -0.123556007 0.028615427 0.989373635
-12.077822201 12.289808140 27.729241235 0.193124068 0.964872874 0.102206118 -0.145867547
-2.118072633 14.253013576 28.944532459 -0.548393875 -0.603171361 0.033920074 0.578185001
-11.882399928 11.578930855 19.337213562 -0.775982868 0.585735201 0.070887156 0.223024381
-4.522692702 13.192316810 17.890194944 0.807434299 0.484943290 -0.329213522 -0.067069481
-4.893903578 17.738475423 14.479244355 -0.113289246 -0.289046461 0.604442490 0.733666795
-12.840145847 7.422367247 21.933021638 -0.501648060 -0.252559496 -0.027907354 -0.826912392
-6.478869966 17.748317989 19.052016906 0.936423437 -0.175896078 -0.145369520 0.266532211
-4.408149414 18.297792332 19.195309478 0.817363152 -0.403296731 0.322807094 0.255078036
-14.460850615 13.027732467 19.698289550 0.752646314 0.296964708 -0.501674243 0.306036668
-12.659578342 13.563728747 27.248329642 -0.280605937 -0.513509069 -0.237200096 -0.775438495
-10.965917783 8.548658955 24.018123974 0.350183066 0.424866157 -0.600709684 -0.579662354
-8.463598469 23.633104586 19.884480098 -0.399310990 -0.755078129 -0.329000836 0.402698649
-11.046160185 16.021497742 21.496909149 0.727555617 0.028788503 0.428753693 0.534793715
-4.055353717 16.900053408 27.265213612 0.040890496 0.174046586 -0.791136175 -0.584926753
-13.147705030 19.218837790 17.812987602 -0.172996705 0.745303964 0.622986719 -0.162731954
-16.332853585 16.304652563 19.453076674 -0.077835631 -0.853949608 0.347773837 -0.379163605
-11.971544429 21.276948886 27.483664174 0.601160299 -0.612914342 0.118807215 -0.498825771
-11.823329379 21.455064358 29.197301808 -0.126248635 -0.161933227 -0.938441506 -0.277788502
-3.754551020 17.777432085 31.814548734 -0.368337191 -0.071891450 0.666720301 -0.643928081
-1.532362231 8.968947343 18.428799148 0.408482114 -0.494897104 -0.724476398 -0.251700552
-13.350535153 16.907120441 17.366836180 0.543815508 -0.483231907 0.368565632 -0.578714949
-8.361860498 22.975023595 23.171093726 0.171678145 0.108254102 -0.961094318 0.187364287
-11.376504102 8.464621898 23.454539664 0.722701125 -0.349489035 -0.591034739 -0.078983762
-1.804301590 13.076559746 28.475838306 -0.755627365 0.502333408 0.420272422 0.007715126
-9.252468350 10.753070560 26.956918764 0.226166138 0.674752456 0.690799116 0.127885039
-12.708081072 16.432801207 21.384066996 0.047732256 -0.901099756 0.423234056 0.081325246
-5.510550462 12.669566449 22.066047257 0.574233066 -0.206700049 -0.138033983 -0.780050059
-5.991654061 20.231166832 19.461519937 0.087739159 -0.177921091 0.074901508 -0.977259274
-9.703020532 9.556909673 30.710167961 0.287680080 0.258598694 0.876622177 -0.286182539
1.532365539 18.623559843 20.784130844 0.891574432 0.152382675 0.166571030 -0.392592211
-9.696302869 20.429306477 15.114406709 -0.442122290 -0.813373967 -0.332287863 -0.180375847
-9.303643412 17.347335685 18.238932293 0.821661211 0.121102935 -0.295952353 0.471825326
0.658202557 12.649206069 23.050919371 0.811469505 0.350503249 0.430686443 0.182137044
-13.076669668 9.197532988 21.207883290 -0.422453981 -0.753701380 -0.480676290 0.149723638
-2.354330088 8.299438113 20.940780619 -0.807157748 0.209155559 0.517635713 -0.191842620
-15.546848282 17.614105024 28.712804986 -0.528441158 -0.619337299 -0.547534357 0.193332305
-8.674184597 19.120879863 18.659841571 -0.064468199 -0.942896856 -0.262808487 -0.194219126
-7.759844467 10.377218436 25.485157809 -0.588713219 -0.119997531 0.799081037 -0.022064335
-11.967593060 16.072725756 28.422365295 -0.221401077 -0.829417581 0.422740962 0.290410260
-5.330247228 15.072886335 25.118789264 -0.376249577 -0.110515770 -0.885264138 0.250059846
-12.387066894 16.159605466 25.167130402 0.154904011 0.093657899 -0.713408224 0.676965029
-3.656450396 17.197575137 22.685593288 0.708598843 0.119138988 -0.644321862 -0.261807029
-6.051184506 18.617972759 24.726951135 0.085013486 -0.016159724 -0.540356741 0.836974410
-13.337316836 18.268061985 21.126758365 0.652253261 0.111501610 0.746549848 -0.069256042
-10.314478003 18.932703595 23.711451645 0.035893402 0.089489301 -0.639953811 -0.762340114
0.527989058 13.715733367 27.980200617 0.422741847 -0.677058591 -0.422690609 -0.429201170
-7.046307665 19.797389573 17.955172147 0.449942880 -0.200225853 -0.864153855 -0.103436584
-13.592396726 22.595660654 22.704225804 -0.664668144 -0.044106294 0.744382548 0.046535099
-2.656062559 13.822122018 30.973096061 0.604676948 -0.520955842 -0.127071779 -0.588917280
-5.045484172 9.388009076 18.463960055 0.436883526 -0.730222170 0.524828810 0.021519480
-15.992879284 13.050057825 19.006632401 -0.239642148 -0.494012742 -0.489671671 0.677306952
0.524059863 17.963729739 27.315422896 0.677215102 0.731738920 0.059336556 0.049163310
-6.033796043 8.308141094 23.053066589 -0.048975574 -0.374794252 -0.468597712 -0.798465307
-5.486981882 17.427045957 27.729303553 -0.293230518 -0.522958977 0.546154760 -0.585016880
-11.524384094 20.903829454 24.094133734 -0.704932005 0.582471421 -0.082425416 0.396237256
-3.152329776 12.242049243 15.285947964 -0.974292913 0.149290520 0.165083781 0.034828229
-11.295536963 10.492233622 30.439932757 0.884839579 -0.139322787 0.241884638 0.373014614
-10.811740320 17.119851211 28.694683838 0.555817384 0.239548854 0.739919615 -0.293602361
-8.128991577 20.649284243 20.787862303 0.316937285 -0.081181195 0.318735799 0.889588591
-11.390452041 17.031134111 29.113237981 -0.672741095 0.390544518 0.003931752 -0.628393937
-9.843860308 11.548792102 28.577309298 -0.593555717 -0.185908447 -0.612215535 0.488182137
-3.764194676 18.665072352 24.379571986 0.759404098 0.275746551 -0.213012358 0.549449717
-3.481456083 13.334851696 16.762560278 0.474950647 -0.482840970 -0.718292394 -0.159193336
-15.176242037 20.541673144 24.428764622 0.712928093 -0.469270678 0.517030599 -0.064791393
-8.983921921 19.994559141 17.589082249 0.385733972 0.031197081 0.717587595 -0.579054478
-2.887963241 11.144668627 17.818154686 0.067871786 -0.962519049 -0.138829243 -0.222883247
-12.694459542 18.086439542 27.414458114 0.168935685 -0.851457258 0.482078135 -0.118667363
-8.090076428 22.617487760 16.675329286 0.497040403 -0.116435523 -0.725543920 -0.461497159
-4.558160030 10.175728502 27.884420616 -0.140272324 0.321816299 -0.709546893 -0.610983757
0.891860061 16.288088840 26.389892484 -0.360633295 -0.311172624 0.642460460 0.600299743
1.030024252 16.190377332 26.711580943 -0.921722425 -0.117012100 0.335798923 0.154838700
