-14.774612513 -13.414283565 29.689667445 -0.859045478 0.109815032 0.490556803 0.096620646
-7.821556680 -14.531684618 26.175289551 0.761130262 -0.447339923 0.250835378 0.397050792
-11.474110558 -20.628617635 25.032537694 -0.627198285 -0.009959747 -0.686227423 0.368259473
-13.951231304 -12.090996077 25.089252036 0.424275755 -0.641338658 -0.430517968 -0.472577072
-13.927031101 -28.352263058 23.000128869 0.441210094 0.596094293 0.670805121 -0.005073093
-9.355847408 -14.501445600 21.865339867 -0.635231662 -0.651217036 -0.389062842 -0.145007627
-3.731224564 -24.655015707 27.416905832 -0.486874112 0.359549004 0.725691229 -0.327185503
-19.244024650 -18.926137473 30.706893321 0.449212640 0.782374590 0.386310769 0.191994776
-12.593576669 -16.001577372 26.006821107 -0.600394382 0.115353008 -0.791320840 0.005621233
-14.327606798 -26.197423768 23.717206599 0.914124683 -0.018005504 0.273109197 0.299104049
-13.809877578 -14.955881968 23.353173796 0.220567158 -0.599734402 0.303943563 -0.706602496
-9.349572928 -21.973499642 24.385083270 -0.654867057 0.568062081 -0.009015726 0.498370672
-5.293561410 -21.010501201 23.018352789 0.581653425 -0.512937764 0.425964046 -0.465970788
-10.054720281 -22.837187586 33.120679407 -0.636136812 -0.209343746 0.215592823 -0.710651030
-6.223465365 -25.634910153 26.394024083 0.781452389 -0.323363234 -0.442358485 -0.298475048
-6.870725587 -21.215672144 32.699253656 0.339908165 -0.675680219 0.002570535 0.654149885
-19.018513703 -20.288481341 29.045135278 0.917231559 0.322879337 0.047400058 0.228447884
-13.048090499 -19.862149687 19.654131050 0.306663567 -0.789113498 0.071612695 -0.527379337
-7.473962675 -27.663517002 28.123893591 0.266268174 0.107653705 0.583150168 0.759899876
-6.103153617 -18.994018843 26.226619521 -0.378307897 0.716806910 -0.269597334 -0.519988719
-13.623385418 -24.264789899 22.778895897 0.434470631 0.843423719 -0.091512628 0.302484941
-14.264015403 -30.216243747 27.879505741 -0.597120929 -0.125847946 0.081663171 -0.787997473
-22.070546455 -25.660232678 28.006399381 0.218390810 0.079793269 0.893856465 0.383352460
-18.680158149 -23.918068860 23.412383594 0.801006594 0.519178109 -0.023248530 -0.297156580
-8.499633758 -21.700332880 19.321178135 0.422044199 -0.360180358 -0.707599359 -0.437552227
-5.941856824 -17.850352070 21.314505961 0.916238741 0.186692615 0.322045605 0.148118417
-16.062936010 -22.082477916 30.823498176 0.259250808 -0.870077619 0.419123994 -0.009435749
-10.713125506 -27.665623149 33.593148492 0.529512151 0.349282764 -0.063169333 0.770472627
-10.098639616 -17.242606428 22.320682700 0.256666395 0.065634186 -0.644283580 -0.717435142
-12.692474926 -29.525174751 27.830457118 0.333652566 -0.927205396 -0.140193026 -0.096498879
-11.379896454 -20.664262441 27.115172041 0.297014563 0.648141802 -0.285379706 0.640509935
-9.995179201 -26.120089121 32.642810478 -0.514330012 -0.725967084 -0.403553216 -0.213497617
-6.370979518 -22.367708880 26.855839303 0.161484907 0.899736543 -0.405051812 -0.018160629
-17.255022777 -18.864101603 32.324316958 0.903553970 0.131866956 -0.219800246 -0.343349941
-13.942579518 -27.368957575 24.799426368 0.616124909 0.421315432 -0.650218331 -0.141772794
-20.083258248 -22.722233610 25.995630956 0.391162897 0.571200649 -0.330003895 0.641731124
-7.050697162 -26.207901147 21.366232218 -0.820630180 0.276709904 0.476429276 -0.151699973
-6.342605855 -20.071551196 28.757856657 0.189261146 -0.058430495 0.975189579 -0.098850299
-13.961680823 -12.873225220 30.753936494 0.028441443 0.610263977 0.541787470 -0.577265364
-10.311188975 -23.572691623 23.768683337 0.416710687 0.473062928 0.350014850 0.692858769
-20.595771819 -27.339282317 23.226601164 0.574712939 0.391143266 -0.376359158 0.612426132
-11.725826588 -16.605617945 23.341984531 -0.317284947 -0.708503548 0.543857212 0.318704123
-8.176012298 -25.131124342 25.074910179 0.736003580 -0.112675571 -0.457317686 0.486275108
-15.984598260 -13.844550573 21.171995673 -0.708028523 0.008543588 0.356065879 -0.609786608
-14.286411923 -22.868125492 27.748841831 -0.617502075 -0.190329060 -0.727239226 -0.231493291
-9.344372954 -24.043307543 32.350867304 -0.103858780 0.938165126 -0.327489841 -0.042543545
-14.719936271 -19.272267682 35.325085509 0.762834300 -0.048823337 0.420467468 -0.488781363
-10.481465508 -13.289944908 30.243265695 0.583273455 0.043725292 0.273771320 -0.763498160
-15.150670511 -29.207557823 25.984058722 -0.689516017 0.432043431 -0.012449201 -0.581163620
-6.930756230 -20.624049964 20.682339377 0.304678984 -0.215661115 -0.871756051 -0.317336395
-16.271692374 -20.089019837 18.791887227 -0.298352941 -0.522338916 0.614623559 -0.510279786
-21.176434829 -22.832294228 30.929967206 0.904521023 0.014296667 0.007055094 0.426130908
-9.127696204 -22.213708499 17.890035600 -0.841007319 0.262741744 0.158999451 0.445412887
-12.392090333 -16.228004344 32.004902635 -0.785642659 -0.607051740 -0.082988687 -0.085829337
-15.218273078 -30.230412247 24.510009193 -0.311462070 -0.047263560 0.175357963 0.932741722
-11.746209378 -26.582846750 28.497971762 0.599550909 -0.451803632 0.057252972 -0.658129382
-20.081339306 -20.916518835 24.400116830 0.288748825 0.373529253 0.263487474 -0.841233835
-11.003201374 -14.952484802 27.156271610 -0.428013332 0.461534526 -0.754163312 -0.187158134
-9.671532594 -28.560690202 20.640251963 0.141440497 0.414021761 0.569857931 0.695587885
-17.263203561 -20.230588307 33.863653274 0.191347339 -0.292617527 0.534042578 -0.769778997
-8.162450472 -19.394105918 27.566137665 -0.692172996 -0.717354156 -0.008472471 0.078916257
-18.527945760 -24.957694537 29.919315533 0.382890401 0.894053243 0.036193582 0.229681877
-13.022928537 -12.917861554 26.489369019 -0.942167793 0.234972696 -0.033871128 0.236559565
-17.144869827 -20.214539912 20.620813350 -0.202337054 0.307133211 -0.928288097 -0.054864529
-9.496688222 -21.653035249 28.625014258 -0.581749962 0.670067195 -0.202597831 0.414163078
-8.302279628 -26.938027194 29.573667903 0.151041468 -0.792711794 0.068124296 0.586646031
-18.865261345 -22.893578985 33.992154797 -0.396237449 -0.159149562 -0.546070895 -0.720745363
-9.875296950 -17.050205104 26.620760320 -0.656454439 0.328177412 -0.605485191 0.307822741
-13.683717675 -25.542505070 32.604006860 0.264490013 -0.118533537 -0.494674662 0.819323997
-7.191442735 -18.409297615 32.263644853 0.016595852 0.479980115 0.764850165 -0.429357533
-10.409459512 -27.487330084 23.070137634 -0.385969710 0.666373088 -0.519278611 0.370572548
-18.171707976 -23.842901008 28.498942071 0.139012852 -0.670963858 -0.341895731 0.643109817
-13.900091441 -21.058323163 18.113440021 0.413804786 0.510218835 -0.742353997 -0.131730341
-12.788227662 -30.140405383 27.051693775 0.431792850 -0.598594408 0.310791698 -0.598872432
-16.139248399 -16.622976793 24.002356191 -0.132346811 -0.838290300 -0.500239540 -0.171796671
-6.659081719 -16.542806984 24.216461262 0.460524026 -0.765358344 -0.072599159 0.443704394
-19.352389407 -19.521522346 27.488068357 -0.389445268 -0.222060396 0.524763185 -0.723633307
-20.589617224 -17.428181719 21.821046513 0.474239355 0.233138457 0.724393141 -0.442716695
-10.390745030 -28.968324866 28.084802163 0.103982816 0.209243997 -0.377205100 -0.896170093
-9.448119485 -19.797938879 22.304437440 0.806289281 0.530024386 -0.093366869 -0.245467663
-15.077649473 -19.494048844 20.350663303 -0.498685955 0.316707716 -0.667461882 -0.453324582
-17.839281445 -20.575103262 34.378865652 0.058329203 -0.065040806 -0.881350773 0.464314778
-8.104960560 -28.158368718 21.874090981 -0.117407362 -0.411346818 0.871476190 -0.239871959
-7.545274399 -15.562612803 24.544106862 0.428504331 -0.165135831 -0.828210248 0.321219522
-7.560218880 -25.395881897 32.455625870 -0.599380578 0.645711646 0.320112498 -0.348320802
-9.509342337 -16.830753051 22.534177048 -0.126881379 0.954107537 -0.050870428 0.266443471
-11.123700773 -13.785694380 23.461743401 0.429532118 0.286822882 0.596444950 0.614400697
-10.079848838 -29.936349857 25.882438304 -0.215698165 0.017008389 0.138961085 0.966371995
-15.017033527 -14.032414681 24.866173232 0.505723184 -0.104869786 0.116912916 -0.848279293
-10.191002948 -18.638306642 26.494020610 -0.191583515 -0.344721984 0.608565498 -0.688556857
-9.395285950 -27.180567464 25.180961056 0.057571513 -0.870622611 0.242880065 -0.423923418
-16.072381139 -25.302195224 33.864996428 0.390327898 0.346928329 0.794224117 0.310633093
-8.380315433 -21.998970844 24.588379710 -0.497669003 0.149073821 -0.572786690 -0.634048868
-17.124808530 -17.549397367 20.181937128 0.459056408 -0.165307636 0.397000661 -0.777387339
-11.841432040 -24.632914861 32.180180896 0.280523799 -0.351036303 0.321874232 0.833352801
-13.041049100 -22.330478704 27.442236852 0.678748168 0.041583213 0.005780900 -0.733170064
-12.926793047 -21.624253161 25.624805318 0.288136820 -0.706802642 0.147433183 -0.629023573
-5.803268378 -22.590886116 29.069803801 -0.474578406 -0.800312914 -0.332778418 0.153405019
-14.270882134 -27.287781370 25.931943932 -0.096255785 -0.420934845 0.897806397 -0.086558386
-22.783704725 -20.906151435 26.548287598 -0.649466176 -0.267580730 -0.211954724 -0.679462607
-14.220402376 -24.274751765 19.961696534 -0.131633879 0.780621813 -0.243893248 0.560194780
-9.542455084 -17.963934654 26.584242186 -0.263914769 -0.694473418 0.403886435 -0.533789672
-10.233812288 -21.189891462 26.170533120 -0.109144113 -0.575563011 -0.400787409 -0.704403461
-15.538852325 -24.439296553 23.678968520 -0.038283676 0.324136761 0.728175835 0.602685386
-10.992688038 -13.097935817 26.991628890 -0.360182058 0.259448479 -0.894323149 0.056048873
-9.176849832 -19.608115719 21.410466950 0.530545703 -0.662663196 0.325528193 0.416449446
-19.019535556 -19.763078142 30.688648951 0.802487358 0.263399743 0.294782636 0.446920365
-13.403060433 -27.546778334 19.436780657 0.381660770 0.471800544 0.672383906 -0.423838632
-15.773132984 -23.304405584 26.771144592 -0.314349201 -0.366365322 0.443357142 0.755245308
-13.432069117 -21.985065538 21.386244194 -0.440622565 -0.409206424 -0.386989776 -0.699028448
-7.353597122 -27.751422369 25.564567938 -0.611535927 -0.170249644 -0.075326239 0.769002488
-11.732755881 -25.406718872 28.901341560 0.754503052 0.522230100 0.080063534 -0.389346502
-12.030251573 -30.709934323 25.492478891 -0.502129043 -0.427098116 0.389361040 0.643312990
-14.606936057 -20.218823238 26.808054019 0.211523627 0.075655282 0.602212448 -0.766077151
-5.250891095 -25.039583953 26.833542001 -0.546256508 0.531199781 -0.516626874 0.390547428
-20.892714349 -22.278741411 30.920808425 0.916997904 0.116308696 0.316463207 0.213162309
-14.993100162 -21.605178920 27.645955696 -0.143006036 -0.021762031 0.517754306 0.843211816
-14.227840534 -30.491096106 28.979249980 0.426504578 0.030465291 0.890572577 0.155068357
-20.388952558 -15.146789201 25.561243461 -0.075738540 -0.782496481 0.457755992 -0.415237742
-9.621940974 -20.995915303 29.043034345 0.228616216 -0.841157386 0.398093219 -0.285850778
-15.724432498 -28.129357705 25.147719791 -0.008952190 -0.480439882 0.599152528 0.640401145
-7.639222199 -13.885456829 28.947221299 0.603870983 -0.374439792 0.155331557 -0.686299341
-11.948246444 -15.787433899 29.271935122 -0.033759782 -0.609232024 0.732245551 0.302511273
-20.648411819 -22.212998624 30.157797466 0.179608341 -0.679277730 0.688319393 0.180385760
-12.239292457 -18.865445695 33.947812047 0.438768997 0.181216316 0.590763548 0.652411561
-7.928596966 -28.379827903 30.912028502 -0.772319206 -0.360800378 -0.501670284 -0.147217719
-5.774273630 -19.543923106 25.560634821 0.236342437 0.891148680 0.053021105 -0.383647032
-9.910646120 -13.853162786 21.451123964 0.259143639 0.275501263 -0.034020789 0.925087139
-12.375912299 -28.329273469 24.212749096 0.705883171 0.384391144 -0.592936102 -0.048981382
-12.031391647 -16.792221247 28.367419006 0.688587929 0.281379751 0.198966168 0.638031789
-11.921179155 -21.450116399 22.947160795 0.197688850 0.821770674 -0.488065565 0.217724787
-20.880578238 -24.173472732 22.509377657 -0.344485649 -0.089698157 0.912520030 -0.201472266
-6.604899198 -22.425830452 19.879361527 0.193601204 0.493079647 -0.826535426 0.190342388
-7.054366512 -22.722317654 19.812977494 -0.047909338 0.346773569 0.933372583 0.079173281
-11.877351781 -21.660065676 19.211264253 -0.546648129 0.272873157 -0.495220838 -0.617634507
-9.281359743 -23.157038724 29.015046825 0.633833408 -0.409329298 -0.309333601 -0.578806929
-6.463774167 -15.876309061 26.863152400 -0.597993314 -0.112744577 -0.406382311 0.681576168
-6.463435811 -24.058859388 20.254440474 -0.566728725 -0.117315302 -0.626442111 -0.522135954
-7.881005134 -19.365231240 22.928667620 0.804872498 -0.287647663 0.098378664 -0.509667267
-15.053672431 -15.174945919 19.937312067 -0.114165898 -0.340110830 0.237683028 0.902661370
-7.142858925 -19.103254982 26.295111709 0.034147838 0.448955855 -0.336497065 -0.827068492
-8.286236593 -24.764212617 18.800315776 -0.298652259 -0.170607956 -0.211098456 -0.914952018
-22.117494895 -19.467214030 26.492682078 -0.785324834 0.328392801 -0.174657291 -0.494891810
-21.299852872 -20.322851527 31.506018819 0.882142742 0.409764554 -0.125450186 -0.195395609
-16.283750976 -18.018926532 35.184580581 0.170213699 -0.458244057 0.823022959 -0.289262667
-9.327869495 -28.635833926 20.911412880 0.855425433 -0.474556838 0.196373512 0.066937133
-13.600465005 -25.848482842 21.498297666 0.539886679 0.725098796 0.357268654 -0.234762045
-18.621016258 -14.369182435 29.146951180 -0.280508263 -0.167466196 -0.482965557 0.812412739
-9.941135830 -20.099084382 31.174458587 0.230346889 0.596701191 -0.170710616 -0.749497088
-18.664426650 -21.207694141 20.305271955 0.082745087 -0.616661197 -0.223315416 0.750341551
-10.447563693 -27.368060397 23.890921421 -0.082830850 -0.294641114 0.833941165 -0.459203438
-16.787616535 -15.724855926 19.945697986 -0.642308590 -0.062337326 0.363835083 0.671697674
-20.868054295 -27.083706417 27.768076559 -0.303527677 0.003374380 -0.679480026 0.667956928
-11.486748959 -22.163242610 35.231230455 0.186592934 -0.456243934 -0.770068274 -0.404993090
-16.064441922 -21.186778118 19.968168132 -0.698158705 0.030734401 -0.703601228 -0.128744438
-6.050251954 -20.430286877 22.952433093 0.089255001 0.008215981 -0.710393782 -0.698073575
-15.061179520 -30.415790355 24.296680844 0.910509300 -0.326429774 -0.131291907 -0.217206933
-20.220295411 -21.426130002 23.642435145 0.535179774 0.111160016 -0.624288660 0.558112650
-13.776291251 -22.874245853 33.030458616 0.049528732 0.894715608 -0.031340172 0.442773846
-10.280018639 -16.695024438 27.442209518 0.679472854 -0.011989690 -0.621647721 0.389521500
-14.687149771 -15.304586356 19.964228895 0.310808201 0.106204414 -0.038304264 0.943743434
-6.006844081 -18.503829586 22.678095700 0.448616227 0.504830979 0.710117899 0.199052090
-19.132388282 -18.598390885 28.506919179 0.269993808 0.687754108 -0.409036103 -0.535525066
-15.582821859 -15.452498763 32.688211148 0.189715997 0.511107784 0.266810872 0.794725508
-15.660469676 -24.885436735 25.466776524 0.784271256 -0.314540882 0.527483453 0.087999071
-11.187674388 -24.317649675 22.318696675 0.207804594 -0.327107456 -0.791406378 -0.472751422
-13.852306932 -30.870588971 27.400544320 0.037682485 -0.630891848 0.749460852 -0.197139387
-6.116867476 -14.988505667 26.105517243 0.260946802 0.374874174 0.827465407 -0.326614635
-8.478912207 -15.369690810 27.290471357 -0.868614898 -0.140333188 0.002037061 0.475195334
-12.247341929 -17.906474212 33.613721128 0.145717884 -0.477044694 0.825907566 0.262814287
-14.323931431 -22.173161905 16.915382242 -0.022327212 0.008253827 0.734545595 0.678141681
-11.624937440 -30.059501161 27.795269235 -0.466018045 0.338895712 0.046966282 -0.815947944
-16.068399716 -26.354475178 22.862860405 -0.021476094 0.238155074 0.969740702 0.049233207
-13.791350422 -24.692856926 19.873550214 0.000444091 -0.637422779 0.757887327 0.138920132
-16.748012508 -23.761588150 26.629714666 -0.047566942 -0.979117570 0.192925383 -0.042964726
-5.789213935 -25.866768497 23.790010569 -0.230822183 0.659036965 -0.170313624 0.695258706
-11.808563197 -18.082650968 17.642115093 -0.397371771 -0.591936925 0.322527735 -0.622641319
-10.777386452 -27.636804488 28.908460453 0.148358882 -0.204395286 -0.431268990 0.866151988
-18.801535859 -16.874871116 31.366748857 -0.820268160 -0.100626851 -0.538174035 0.165538793
-18.994496192 -17.040554855 30.977040921 -0.093690683 0.773408724 0.589874748 -0.212388283
-11.817774994 -29.335711924 30.019452001 -0.650645518 -0.051701414 0.757041571 -0.029587711
-16.890298059 -18.418354216 31.050594525 0.861074096 -0.188343885 0.407892785 0.238120680
-12.299944214 -16.230844012 29.263481069 0.307853413 0.128228213 -0.891871702 -0.305530143
-5.488561723 -20.598090652 31.334146214 0.660686577 -0.413058138 0.362958881 0.511015727
-12.165238496 -29.420414491 23.436534615 0.786921902 -0.007501810 0.552819577 -0.274022185
-8.690588334 -22.175604510 25.046163345 -0.293741307 0.761280475 -0.547917429 -0.184267667
-6.232789920 -25.714224883 26.619526366 -0.008125481 0.382199520 0.583615741 0.716414803
-5.523784656 -22.123963146 25.959091048 -0.171577193 0.233816541 0.359125516 0.887085089
-16.719732043 -18.539942735 18.897089931 -0.794228983 -0.217876336 0.012113521 -0.567083316
-13.065416195 -15.709427834 31.773490285 0.116068810 -0.579511131 -0.572842840 -0.567931300
-5.243954266 -24.793801504 25.114346391 0.363773469 -0.922138818 0.064326683 -0.114851821
-18.071300167 -20.482536484 21.265061385 -0.338816380 0.798397527 -0.468147292 0.169124101
-13.047871046 -15.755743655 18.844266512 -0.336140760 0.494826883 0.540752234 0.591390537
-14.743383400 -18.567460892 25.101904936 0.788348292 0.205883707 -0.516224235 0.263877640
-9.918959668 -22.234954387 35.549329540 -0.030044702 0.136853139 0.710508545 -0.689598537
-13.220160552 -25.903613670 24.706766883 0.230173570 -0.590345345 0.686613062 0.356475811
-15.405898470 -22.156561178 19.776269752 -0.058838411 -0.511938691 -0.381801021 0.767257974
-20.696439860 -21.819328712 24.550351087 -0.237542644 -0.441945195 -0.728345225 -0.466659587
-8.520421941 -28.042168383 21.603092511 -0.097745943 0.303597241 0.947023479 0.037695825
-12.931857856 -24.741179036 35.204234500 -0.240683171 0.383210575 0.572234313 0.683936516
