18.730457405 -1.669052249 27.375456801 -0.368777459 -0.789514636 0.269488958 -0.409933564
14.378398738 -12.743598281 35.151556824 0.486650103 0.585956877 -0.335674239 0.554210267
18.771425579 3.691888766 33.871236947 -0.305307039 -0.268381730 -0.496901395 0.766712373
25.861692848 -6.518549518 29.370541314 -0.661102273 -0.336362925 0.607548068 0.284058291
18.509987302 -9.051783017 37.615560648 -0.057888902 -0.539362090 -0.818412096 -0.189575979
25.934556891 -3.218349830 29.649099763 0.122126850 -0.319297600 0.935599040 0.088252541
27.361245017 -6.271528194 29.712795879 0.639924281 -0.440956338 0.288265473 0.559425991
22.144576793 1.070224247 30.592457250 0.453374025 -0.670912643 -0.198462480 -0.552214508
13.927507557 -4.139199598 28.164206869 0.495125652 0.364036856 0.703683110 0.356591975
21.150436566 0.743247528 31.703390915 -0.460029039 0.552853064 -0.621542337 -0.310502652
20.634072877 2.942266538 38.621536073 0.210155127 -0.721823407 -0.590848408 -0.292752369
17.288037406 -7.527065478 35.836721703 -0.558649425 -0.489699182 0.603064703 -0.290548610
26.782590218 -11.973692976 35.718819859 0.688863218 0.478514101 -0.309296721 -0.448137546
19.301590629 2.848639140 31.288861465 0.029529725 0.209477843 0.641077910 0.737743955
23.154350809 -6.494554546 29.795087670 -0.302566166 -0.208032315 0.582361348 -0.725280312
22.796572652 -10.409017375 41.173012196 -0.131481947 0.864566754 -0.405060486 -0.266763619
17.524431047 -6.482246072 35.771996579 0.355679083 0.548052021 0.648434667 0.390722222
19.480436102 -0.653354961 30.544218196 0.039510097 -0.036867520 0.145224049 -0.987921917
24.873241575 -5.379580618 26.381651895 0.530778969 0.257035590 -0.684032230 -0.429309096
24.160395212 -5.284802820 41.257151819 -0.162285397 -0.745749624 0.120060872 0.634906556
19.090864092 -7.319337153 41.057141904 0.040568967 0.182045239 -0.897631455 0.399338780
25.609585952 -4.846013393 35.952555566 -0.374295319 -0.531966645 0.680204443 -0.337988785
15.100156396 -7.676156999 35.347341777 -0.645060108 -0.144028092 0.699619297 -0.271452032
16.139773142 3.158343741 35.826399289 -0.434878325 0.170201726 -0.605434637 0.644485155
18.111942961 -5.640167649 38.448402529 -0.007277673 0.096289981 -0.012620340 -0.995246704
21.815663623 1.468789612 33.500032265 -0.503557952 -0.623383829 0.141525741 0.581199152
19.175924650 -6.201254445 42.162373839 -0.279347575 0.403143120 0.644585941 0.586472098
22.622378157 1.645407697 32.959339352 0.405468489 0.566297864 -0.652659266 0.298224608
17.354614898 -6.532663651 33.446020423 0.909426895 0.141855043 -0.109170976 0.375368575
18.639320871 -10.373350153 37.710029097 0.090440124 0.043102456 -0.508542568 0.855188411
21.435383411 -11.342096547 41.755741622 -0.808499491 0.224202469 0.495867074 -0.224003728
16.996926651 2.208454034 37.063052086 -0.090134009 0.364693737 0.726025100 0.575987754
19.155485394 -10.495216573 37.742142771 0.253555086 -0.068224092 0.360646562 -0.894980083
16.508789912 -2.811399076 30.605099298 -0.048737185 0.047558651 0.006885292 0.997654978
24.934055710 -2.138793722 29.932345443 0.429862872 -0.244680662 -0.785114881 -0.372751804
22.198544850 -10.313821924 29.264532611 -0.299945132 0.714104595 0.578362558 -0.256094313
18.507797312 -0.947503010 28.373989601 0.874287611 -0.037058053 0.268554705 -0.402649034
25.659728931 1.868591265 38.767539009 0.064811842 0.837749082 -0.342199238 -0.420565788
21.262341695 -11.140243664 37.279662969 0.157432885 0.679715351 0.019454125 0.716116936
19.646451132 -14.780936974 36.529543687 -0.087653688 -0.566558474 -0.749921388 0.330070051
24.087124398 -12.120809086 34.344701501 0.955111453 -0.124434732 -0.238229684 -0.124598262
26.223682017 -7.194031510 35.154418133 -0.672238896 0.092032940 -0.713658545 -0.174115724
21.467539851 -6.784407465 31.156762275 0.517005114 -0.288201225 -0.216426754 -0.776405324
27.001651121 -6.162171782 34.211771978 0.762987819 0.467691479 -0.037538674 -0.444640435
14.418249878 0.926855892 34.289645511 -0.224269834 0.782344918 -0.451075963 -0.366292159
27.750932586 -1.520177086 38.039304182 -0.350330725 -0.836928977 0.375706721 0.188845784
13.923654837 -4.586787918 35.824971793 0.765695856 -0.262536639 0.550539379 0.204183157
16.262772790 -3.593699077 37.027243556 0.095375927 0.119884103 0.822075442 -0.548382350
16.616795118 -9.271713679 41.764892721 -0.741995632 0.380138414 -0.548421514 0.064584138
20.863346292 -14.834127902 36.879174569 0.516727223 0.664050379 0.539553884 0.030194008
25.208773967 -1.968918064 30.669388736 -0.326620136 -0.376264168 -0.753737076 0.428514858
13.564088611 -5.808436326 33.157441625 0.271020231 0.201836709 0.074711939 0.938204724
15.935712359 -12.033485552 30.096827777 0.443887813 -0.446726231 0.264083374 0.730519853
13.896429964 -5.287344752 26.958341312 -0.185457713 0.117144517 -0.909741844 -0.352494504
20.653239209 -6.604342571 30.591111621 0.158307358 0.073133759 0.978560427 -0.109588890
24.871719861 -3.154347115 39.483100541 -0.831229547 -0.276678193 0.441175779 -0.194603572
24.868362809 -5.635598761 30.689831796 0.769996770 0.492300548 0.136356333 0.382298438
12.227595119 -4.283908846 38.504686757 -0.172580496 -0.394436258 0.839606082 -0.331206337
25.912370344 -7.501026734 27.824510676 -0.785595730 0.251022287 0.320263010 -0.466110249
25.899491329 -4.766378929 35.434865539 -0.353232159 -0.196601558 0.596452247 0.693411556
21.343120613 0.479700337 30.421136621 -0.548031039 -0.230631739 0.748815743 0.292824119
18.846663766 -7.666042857 28.646946100 -0.736281631 -0.564515188 0.345029226 0.142009842
16.985296633 -2.627430803 34.160439833 -0.549098176 -0.567909699 -0.521393104 -0.322674755
20.020538766 -6.481890382 29.746551263 0.472593243 0.683343562 0.547276590 -0.100923417
14.187509195 0.926824698 30.735425960 0.318172226 0.209795631 0.881321642 0.279328465
13.045536324 -0.653136740 33.195346207 0.212454787 -0.969008453 -0.014652912 0.125183359
19.883406945 -12.546410602 34.955960138 0.272936554 -0.159186318 0.948681233 -0.013010405
22.752484297 -14.688077684 35.990084091 -0.634802165 0.558598865 -0.164727730 0.507797493
19.068490319 -2.343355447 36.223622772 0.252250217 -0.628239627 0.606447802 -0.417020218
21.641758818 -10.981486624 41.685456606 -0.888004206 0.187926851 0.125292690 -0.400541846
19.039933816 -4.189668995 34.470926190 0.636603576 0.706103799 -0.299209046 -0.081407974
28.648136687 -10.202008986 34.055256899 -0.072275225 0.920051705 0.094257024 0.373358761
24.868785300 -7.123649608 35.952708372 -0.260117694 0.536100729 0.493114807 0.633855331
14.878225684 -10.561595873 40.679380059 -0.898013825 0.097807855 -0.075618370 -0.422240044
15.185661517 -3.686062618 31.801611033 -0.774768985 -0.228592506 -0.389927590 0.442080265
27.513503737 -11.033496883 31.301191314 0.374114781 -0.215038597 0.652557633 -0.622868420
22.145881049 2.300616157 38.818622024 -0.023284378 -0.111692402 0.861950150 0.493988446
27.931793085 -10.632293524 35.878040177 0.383804373 0.180058459 -0.321317326 0.846775254
16.758732334 -10.350675585 34.954165278 -0.966047620 -0.165545466 0.015121947 0.197782761
21.071232612 -5.026260682 36.157158808 0.960010724 0.017744519 -0.091457752 -0.264007617
18.648631841 0.669460848 31.911131952 0.913278604 -0.132183781 -0.339052057 0.183011862
18.284078238 -5.815054845 41.641149867 0.179013198 -0.849213701 -0.123875556 -0.481087530
18.404250574 -3.863480079 43.145074184 -0.797717274 -0.040928027 -0.237121331 -0.552942603
25.754408677 -6.534589210 30.655895937 0.729635991 -0.229424826 -0.245049902 -0.595773543
22.351949652 -8.139679399 26.378276353 -0.632750843 0.333000776 0.031986179 0.698365047
16.639156484 1.642152187 34.520742481 -0.173218523 -0.052243055 -0.799967284 -0.572117428
17.381747987 -4.735861246 24.984177793 0.973548716 0.108848514 0.198724582 0.029384339
24.420148827 -0.175067123 34.056506433 0.036653850 -0.594315380 -0.288319895 0.749878232
19.373814426 1.167055947 38.429661165 0.826500318 -0.170134610 -0.536050421 -0.024523159
19.586749837 -3.889933740 31.897776192 0.476439947 0.350468711 -0.264686301 0.761654660
25.984696248 -12.788862828 33.209335451 0.036089573 -0.789796152 0.518744635 -0.325305373
19.405611618 -1.711145494 35.750258081 -0.657431448 0.143951173 -0.512343242 0.533447611
27.023864276 -4.898749231 40.078516337 -0.560292821 -0.120946611 -0.079744966 -0.815527199
27.653184326 -2.458849091 34.716310424 -0.183938465 0.503625293 -0.471720987 0.700005369
12.716482183 -4.607066883 32.129074712 -0.012466484 -0.267405079 -0.910430528 0.315365446
12.806290072 -9.152086984 36.068013748 0.578372545 -0.710457296 0.363920660 -0.168218258
23.434571262 -6.356767213 41.321616445 0.079641989 -0.276701245 0.888792584 -0.356568813
26.706012777 -5.922956804 37.699893387 0.670203879 -0.258613369 -0.651372262 0.244254094
17.796100256 1.941621497 34.330385753 0.296957034 0.699268402 -0.048585880 -0.648444011
20.214254525 -13.544643553 31.744861879 -0.382381622 -0.433712544 0.792258079 -0.194948350
20.314820481 -13.225463610 39.139713634 0.858691306 -0.235740584 -0.377429921 0.254209115
20.332921087 -13.878100874 33.989442812 -0.243560142 0.581821362 -0.531638773 -0.565263280
23.617313466 -0.400477970 38.073083745 0.378013251 -0.524716087 0.755381167 0.105727492
24.831947750 -1.882776785 26.367514343 0.110688226 -0.448263748 0.645970135 -0.607890050
20.418788370 -5.997098732 39.183587138 0.905014311 -0.349083278 -0.083189348 -0.228406423
19.184052331 -1.841075337 36.636173941 -0.040326233 -0.913729801 -0.278911448 0.292711547
13.078447051 -10.807191925 32.097896957 0.065860730 0.504340504 0.853719923 -0.111648167
24.574071627 -3.629071166 41.467752891 0.655622537 0.440381663 -0.563751219 -0.241676734
21.142809538 -7.895297274 43.355518892 -0.548739112 0.449638502 -0.679882750 -0.185661117
18.596348156 -14.325222951 37.928776191 0.676683653 0.208172977 0.040095093 0.705092638
22.475426873 -10.117668342 26.466224724 0.905495057 -0.247923615 0.313685943 0.142174933
18.248561735 -2.764809997 32.563292039 -0.556003211 -0.691901687 -0.206546071 -0.411668805
16.451586475 -11.440603363 38.681344500 -0.947296708 -0.072733672 0.124600240 0.286030662
16.698756133 -12.295755127 30.728380662 0.647274148 0.151480088 -0.636613684 0.390913005
24.189455970 -7.002871241 42.694229485 -0.517655131 0.550214783 0.203490025 0.622807087
22.926918645 -8.309922598 36.370465042 -0.104632018 -0.817292374 -0.550875380 0.132746493
23.365273501 -1.877170569 41.203974527 0.353744883 -0.375918295 0.148408608 -0.843519341
19.779843673 0.600068722 31.896456993 0.313682272 -0.180410280 -0.848414197 0.386327469
11.965736794 -2.513774926 32.869357745 0.753627687 0.421949570 0.352771045 -0.359939522
24.151880523 -11.173297577 39.659294487 -0.491900394 0.104242176 -0.678210075 -0.535909195
14.034302758 -5.102903200 31.355252143 -0.248499056 0.052670457 -0.810652161 0.527557690
14.444347182 -7.933572537 29.000148282 0.550900657 -0.742373677 0.259507611 -0.279366409
21.244517218 -0.609943680 40.315572722 0.043649259 0.314060996 -0.671876054 -0.669360143
23.695302784 -5.474422929 25.374710381 0.258544165 -0.260910051 0.625494238 0.688358786
17.278485483 -7.350467551 37.519339487 -0.665923371 -0.613673793 -0.423730444 0.020076123
18.696626288 -8.114900391 36.381506982 0.704924786 0.413882851 0.329273558 0.472610786
23.971902132 -9.202704795 40.036116303 -0.921239465 0.289051147 0.164227013 -0.201982106
23.770963931 -3.617092539 42.267050403 0.072932722 -0.305930907 -0.256274053 0.914008046
18.691044167 0.200886581 33.411596463 -0.364557169 0.341307044 -0.617630595 -0.607568943
15.142460747 -6.198048965 35.297165016 0.456479617 -0.330097908 -0.611389225 0.555756193
19.122295378 -0.291268786 35.111537098 -0.842881894 -0.309964706 0.437071654 0.049400028
17.376686096 -5.997715530 39.312721728 0.456430362 0.512570629 0.242817979 -0.685552408
25.876342823 -3.451440101 26.832936906 -0.507145872 0.814216243 -0.137118093 0.247090273
19.671150280 -8.034095003 37.213822972 0.274861726 -0.881586986 -0.346268483 0.165389103
13.447587208 -10.686222209 34.482724374 0.370997153 0.133230936 0.544073781 0.740671554
23.858956424 -8.617618987 39.967461593 -0.026700847 -0.316755282 -0.166616978 0.933376633
18.119326463 -1.397347550 32.658193109 0.159132652 0.340919671 0.446590012 -0.811793039
21.000042704 -4.345268472 30.200029439 -0.111278294 0.769212911 -0.458911737 -0.430498150
24.441579910 -2.631147791 32.033637064 0.815676002 -0.093881105 -0.022074136 -0.570413648
23.019374557 -4.012817432 40.923280055 -0.780052205 -0.196616773 -0.516813459 -0.292855341
24.904614064 -6.637283981 34.488113798 -0.531650061 0.481212288 -0.618929380 -0.320483025
17.464044885 -6.871028698 41.184878861 -0.207962749 -0.068816211 0.807726889 -0.547350981
23.419208594 -6.387488538 37.899067724 -0.331148864 -0.817426801 -0.187327732 0.432506850
18.983282808 0.398143086 36.763332086 0.153780225 0.012304299 -0.237165106 -0.959141783
23.793538528 2.750668504 31.682494933 -0.300265875 0.803369794 0.462147981 -0.225514128
24.648532860 -0.682301581 27.502141005 0.665847077 0.715123186 0.209434908 0.037195676
19.931951938 0.393326478 31.086779493 -0.339410228 -0.855478721 -0.351118201 0.172258130
25.713091127 -11.103807347 30.321008749 0.651177097 0.360165598 0.453682291 0.490327961
16.975269186 -9.661820163 30.465905014 0.406267728 -0.215995537 -0.042838622 0.886824285
24.638744665 -6.963526724 36.900552878 0.908146423 0.226314692 -0.190792213 -0.296057539
25.772279220 -0.473274923 35.435951551 -0.443261571 -0.159524250 -0.552018620 0.688001916
22.431612830 -5.875822673 25.780124632 -0.536482475 -0.489750947 0.053609385 0.685169029
22.165761668 -10.557101480 26.451949802 0.868971338 -0.350803367 0.348427452 -0.020594226
24.303850939 -3.786187768 28.125933112 0.776610027 0.306840931 -0.434939308 -0.336976717
14.258769719 -8.846228673 36.977684452 0.200984025 0.023279283 -0.832287956 0.516101012
17.855811312 -1.902069577 40.284698932 -0.066985463 0.666054471 0.180754457 -0.720563818
24.753829849 -9.163192282 30.971021060 -0.308233504 -0.264604575 0.910483647 0.077434198
21.167234596 -1.311816026 35.413499658 0.349332410 -0.723374755 0.231796345 -0.548603942
22.304731908 -5.879178182 43.335639023 0.307623833 -0.136436632 -0.272976970 -0.901241475
25.176628751 0.963855612 32.469141495 0.469772074 0.164023369 -0.434146251 0.750951107
15.569423052 -2.004390179 26.743489459 -0.330787929 -0.516393328 0.019762171 -0.789637089
28.525094392 -10.275479026 35.918361170 0.518888108 0.158392833 -0.810335850 0.221410596
25.486334338 -5.297921913 30.191348677 -0.567733339 -0.491332333 0.002392254 -0.660504104
16.258747025 -6.343936719 28.330151952 0.138176990 -0.014070788 0.506248217 0.851129764
16.296619033 0.152623512 39.719019594 0.694671334 0.196953006 -0.688366509 0.069230061
27.608477770 -2.299148951 33.482402703 -0.403891960 0.183610173 0.305778832 -0.842411951
18.846950894 -10.732101577 40.898666660 -0.678949059 -0.613446646 -0.355471678 -0.190660101
20.130225576 -9.524225867 30.111261865 0.417782062 0.142830621 0.350815169 0.825824606
27.013541746 -10.088584403 33.067126275 0.230497429 -0.251396482 -0.400347244 -0.850525031
13.811636714 -3.392153069 29.964159094 0.047196199 -0.782693650 0.290722198 -0.548309924
13.963474842 -0.971931874 35.841151135 -0.195074284 -0.015126799 -0.967728084 0.158806670
19.342709891 -11.135680512 29.368229046 -0.468899356 0.787452498 -0.278100967 0.287596608
12.618295098 -7.275095825 31.868332221 -0.647152780 -0.490363261 -0.567521202 -0.136590032
25.117183764 -2.227086098 33.048248585 -0.083320638 0.270748623 0.924390605 0.255450315
28.668126231 -7.213216814 30.203826896 -0.622245956 0.365344677 -0.631066126 -0.284760921
16.793665422 1.352897503 39.359763807 0.270198195 -0.756543892 -0.458712091 0.379759783
30.114105954 -6.390333624 33.684861089 -0.598128913 0.191339854 0.147457128 0.764125159
17.426813444 -6.588421990 38.095606575 -0.624759743 0.640482755 -0.004876714 0.446579581
17.953124753 -1.392742613 34.751524065 -0.521014349 0.324289531 0.353553095 0.705960734
20.527971218 0.480474164 38.079660470 0.753712934 -0.268983403 0.138063155 -0.583526612
16.795185972 -11.818431785 38.154544354 -0.857924788 0.110073618 0.372781561 -0.335980302
18.416782898 -3.725419708 42.093179629 0.094538004 -0.380222925 0.746625740 0.537627285
25.595748136 -5.757209649 39.586462725 0.411744181 -0.491537275 0.762220808 0.088754021
27.270286794 -12.100391331 37.097717446 -0.385085479 0.553266349 0.418128272 -0.608912366
26.476617954 -11.673506215 34.860904408 -0.284648577 0.689242497 -0.452242924 0.489281417
24.559795273 -6.368332889 30.378527990 -0.405085214 -0.170933369 -0.897527201 0.033655267
14.482629330 -0.677421394 35.354966723 0.479088149 -0.145163175 0.524282542 0.688861390
16.145116296 -4.100173928 30.943613565 -0.481233134 -0.505156074 -0.462959774 -0.546717714
18.330265381 -9.438104420 37.237484886 -0.130953910 -0.688206449 -0.551364417 -0.453012402
15.818449229 -6.253652049 35.497639371 0.374758413 -0.126556067 0.083844294 -0.914609112
19.860142309 -8.705075838 28.572627377 -0.117623932 0.335781472 -0.927270978 0.116550193
28.364456907 -0.842736166 34.327587716 0.116369991 -0.597069044 0.792332929 -0.046638088
26.562780416 -2.363096117 40.599812456 0.587580767 -0.700406436 -0.400637188 -0.060576485
16.811070659 -9.263407638 39.845899929 -0.287680044 -0.794380971 -0.021404109 0.534547406
14.855995709 -4.443087662 35.043084443 0.058762945 -0.448657185 0.403687208 0.795166828
21.497680751 -4.039695153 44.219836893 0.571804350 0.202557053 0.790643008 -0.083030480
24.364430856 0.395227748 35.086817541 -0.328476626 0.313677292 0.629709033 0.630219165
24.846865291 -6.017998015 39.164917007 0.387855352 0.670951054 -0.416505846 0.475305996
20.163743761 -0.471897339 31.390399997 0.966740102 -0.008734683 -0.060523299 0.248342928
28.733089154 -0.896771623 37.312731062 -0.186250760 0.292002377 0.414691623 -0.841472592
