0.702832902 24.383071303 23.138618576 0.679834584 -0.433847301 -0.561901539 0.184032927
-1.827604544 22.482754355 24.945475691 0.072971797 -0.216060701 -0.420163811 0.878325260
-1.939408062 15.700699732 13.553884095 -0.453445880 -0.399888882 -0.253672337 0.755066925
2.708809075 15.251743659 14.140876676 -0.935929262 -0.137538129 -0.281665001 0.160575548
-5.008341882 11.673717931 15.133562618 0.815090707 -0.163300550 -0.367829871 0.416726835
-1.609537507 9.647008820 18.020535304 -0.149131921 -0.945842602 0.113704752 0.264976738
-1.383019922 12.841424602 23.991503802 -0.249391494 -0.275519101 -0.269532859 -0.888394702
4.074975779 13.247605463 26.515452237 -0.746962272 -0.326638058 0.515875195 0.263111624
2.679931273 11.037974175 21.088618869 -0.864551766 0.462273072 0.047128538 0.191396845
1.663690119 13.875381099 19.535659223 0.561709473 -0.315615008 -0.370318816 -0.669128993
-0.671394968 18.961943596 29.819205799 -0.249662421 0.705799038 0.226308047 0.623138075
0.583690433 17.431895903 18.290825686 -0.050445640 0.411399819 0.457473283 -0.786716989
-1.316140655 16.461803011 22.144077216 0.144938614 0.673715394 0.054385423 0.722594348
0.870686778 17.348232315 24.522396697 0.512395728 0.825189392 0.223256047 -0.081668979
-6.624615076 13.670995092 29.838117698 -0.868139525 0.327284959 -0.356440342 -0.110311396
-6.011759886 23.274819881 25.675553431 -0.499384715 0.555180620 0.420078799 0.515677406
5.020313818 13.214992300 16.220495319 -0.393114471 -0.588587597 -0.660895613 0.249484753
-4.206254383 12.877500420 24.160290860 -0.144432214 -0.188500491 0.616496549 -0.750692284
-3.295579370 25.371463203 17.629977735 0.125901583 -0.894773689 0.058778976 -0.424351115
-3.098925119 12.437176191 30.645007164 0.322882001 -0.603487478 -0.209497380 0.698327233
6.117146914 22.696958697 20.529715832 0.245784541 -0.417174902 0.133313771 0.864744181
-3.217121211 7.517945606 20.208131088 0.119616581 -0.510077044 -0.182317250 -0.832029869
-4.980090631 11.298091371 25.515464967 -0.568538673 -0.063931373 0.112495161 0.812417008
-2.514115187 17.487080955 22.445685243 0.692422775 -0.268162624 0.466237953 -0.480896744
-9.914156488 21.773553176 21.538826630 0.331889724 0.830757992 0.399543714 0.200137927
-6.690403283 13.015031725 21.042604103 0.432516853 0.597738408 -0.651053151 0.178235130
-1.228282368 24.186831977 15.927817638 -0.588203037 -0.304178753 -0.749327935 -0.000346638
-1.024860767 16.599032814 25.065343443 0.136656565 0.810367272 0.517311449 0.238785955
1.978152627 23.005098958 27.884890713 0.562603292 0.239127047 0.757436204 -0.229316785
-2.425793195 17.765225530 26.020226758 0.430495447 0.615175885 -0.466706811 -0.467351104
-4.352999366 17.578051815 26.056122752 0.589969291 0.478936681 -0.088304007 0.644017308
2.484045660 16.924198732 15.005012052 -0.106352094 -0.285452791 0.935854073 0.177152729
3.485813950 11.245861940 18.001156766 -0.000238744 0.075723126 0.965221233 0.250227742
1.465734062 14.691294317 17.410254028 0.845317616 -0.054677171 -0.295500178 0.441733155
-1.584113617 21.305787420 24.843380288 0.448550232 0.744824403 0.133221010 -0.475701020
-0.512509199 19.930372651 29.750902070 0.029350978 0.347892470 0.565715118 0.747044681
-7.829264309 17.571127122 30.123118380 0.458839294 0.503132976 0.298392240 -0.668794275
-6.791574972 17.031489438 15.760176136 -0.330509893 -0.355686539 0.085539584 0.870019124
-3.274562613 20.365199794 14.339709852 0.394202845 -0.445665657 0.154711401 -0.788701858
3.225077661 24.621990696 20.181694830 0.894601630 -0.340913409 -0.042960777 0.285692741
1.215748388 23.138094243 23.675982528 0.021934112 -0.806744804 0.014655597 0.590310876
6.678535215 12.901402300 25.384040423 -0.764145493 -0.327276544 0.037461012 -0.554588498
5.184631174 21.834101824 22.629171308 0.902903385 0.096366515 -0.334032896 -0.252786466
-5.630335587 11.440723384 25.228533990 -0.202107052 0.512369039 -0.110922625 0.827240521
-3.861914565 13.465158598 14.858937645 0.110424259 0.967572503 0.166244532 0.154831169
5.405749665 16.444927800 29.008811932 -0.424666948 0.227322606 0.827887440 0.287375716
-7.782499068 13.758062911 17.211937624 0.686948052 0.168341955 0.343069450 -0.618115453
3.635772194 8.588782291 21.920351114 -0.515741416 -0.173902962 -0.827490707 -0.137940864
-2.726776589 10.962806167 20.239538414 0.617849271 -0.738482435 0.092437396 -0.253695289
1.682139031 19.326899219 18.540838990 -0.217588711 -0.588053315 -0.688627933 0.364197779
4.740556556 14.560083816 18.704053221 0.456644045 -0.859795526 0.110229427 0.200193264
1.757697444 24.580370143 26.717743756 -0.132952298 0.677852914 0.492850864 0.529090861
5.339709710 14.400793283 16.055309924 0.806693254 0.115724899 0.103498402 0.570212086
2.401655558 11.998515178 18.413802613 0.251491433 -0.265179058 0.667760965 0.648480856
3.799562223 9.825665108 24.400298815 -0.620691758 -0.402945655 -0.251884092 0.623643283
-8.087340488 15.611013769 24.289192258 -0.194833557 0.204786693 -0.044321082 -0.958195145
-7.667039895 18.581061796 20.900586001 0.046896223 0.482339448 0.858204191 -0.169218699
4.741626805 12.914018830 26.644040505 -0.130689262 0.351838032 -0.515017925 -0.770640547
5.587451436 17.017498952 23.020004218 0.155450649 -0.120359495 0.392387139 -0.898543834
-2.618341816 23.341305295 21.808512089 -0.362396041 -0.101894330 -0.910017569 -0.173651028
5.287171322 17.856078271 28.784772647 0.547273002 0.258617816 -0.336515552 0.721364242
4.045823189 17.036735599 22.741733032 -0.283873360 -0.185443931 0.940753787 -0.002962376
-8.730431520 11.377162238 18.068991339 0.457128625 -0.361036090 0.244686523 -0.775122485
4.506865083 10.709797842 18.349015600 -0.728322963 0.280567192 0.055474815 0.622695958
-3.609091809 12.092241547 15.610008470 0.430649425 -0.153031107 0.536558004 0.709385693
-1.344892749 15.438064715 28.290684272 -0.573049697 -0.381642359 0.414640466 -0.595009612
5.266540291 18.007418123 16.495134126 0.479577456 -0.148053322 0.633359412 0.589017430
1.428924701 12.272863715 19.595573911 0.243550027 -0.719075834 0.135380251 -0.636620387
-1.660379642 15.633309727 24.462295834 0.745458311 0.016986314 0.613360467 -0.260369563
-1.010377891 17.167630820 28.262415850 0.222395945 0.621714392 0.390576331 0.641452561
1.265149228 8.731119721 25.782906123 -0.454882119 -0.198292219 -0.207014763 -0.843153214
2.303644109 15.859712795 24.007961105 0.594194606 0.057690693 -0.440179582 0.670705963
6.660497028 12.791870773 25.488078119 -0.600589844 0.679527834 -0.408499533 0.103256448
7.770013735 16.181246421 19.480328236 0.368217941 0.841723316 -0.393648797 0.030952093
-0.881080449 18.174965741 32.139960896 -0.073909949 0.022757294 0.900569373 -0.427778247
-1.864462348 18.343922262 22.431158594 0.084049276 -0.916456548 0.385626445 -0.065843447
-6.257333980 22.301103078 17.210655081 -0.344975590 0.348953178 0.035997420 0.870590436
-2.387618362 17.711347010 23.404856821 0.007079159 -0.349829371 -0.886791979 0.301942516
-3.882956946 20.100601090 27.354913753 0.508102824 -0.518580142 -0.673914011 -0.136916256
0.363674982 14.056419736 18.656232065 -0.155431316 0.762795844 -0.521023701 -0.350025583
-3.483967474 22.835021914 15.751544420 -0.147925343 -0.127117067 0.822378572 -0.534464993
3.875088230 23.152641082 21.804435526 -0.745836211 -0.196321369 0.387073113 0.505332238
-7.433512554 23.597262342 26.352966245 0.493362291 0.500556928 0.159138085 -0.693333601
-1.599320922 11.828074820 23.586839301 -0.839048653 0.257785386 -0.059347998 -0.475417573
-5.679315150 12.845981978 14.539038917 -0.621062854 0.142460003 0.439289689 0.633254015
2.953617452 21.801541977 16.742961697 0.359984231 -0.034297106 0.746188489 0.558961359
0.977353190 24.774327192 17.152089730 0.737372780 0.288501816 0.105182528 -0.601651662
4.359106961 11.545667539 18.397577684 0.076032233 0.746110691 0.533958053 -0.390418666
2.919873115 12.454327279 26.728563391 -0.431930354 0.146843650 0.053755682 -0.888247397
-1.034741258 13.274183480 28.254399375 -0.174974581 -0.753521377 -0.507487037 0.379534369
-4.264959529 12.391824348 21.819287078 -0.186928223 -0.455909303 -0.619796501 0.610783795
-5.671151422 20.106986913 23.242023134 -0.358080335 0.226249093 -0.360657896 -0.830972745
-0.410937289 11.528614398 26.708524381 0.397422021 -0.434235488 0.801956818 -0.101786739
-7.111114312 9.282073859 20.441400007 0.724789996 -0.587752930 -0.331886376 0.138120922
-8.507253127 15.642019774 24.748684615 -0.894441273 -0.004136776 -0.274009485 0.353378690
-4.892310647 8.371652749 25.405506045 -0.489987866 0.058759037 0.788084377 0.367943314
-4.937818747 20.055395280 30.780471821 -0.350230470 -0.567295957 0.260475032 -0.698331349
-4.084269985 20.661018115 25.619964189 -0.382251152 0.886923650 -0.187496166 0.179152681
3.506574559 17.622419375 29.204578728 0.770029703 0.163273498 -0.599162162 0.146289862
-9.511091940 13.484707904 26.207148763 -0.143236180 -0.124443743 -0.078998050 -0.978650326
6.260688530 12.424868501 26.205168917 0.644080461 -0.424257890 0.196319252 -0.605495131
-1.088906800 25.174663922 24.653757818 0.764192344 0.157894676 -0.557992021 -0.282354807
-0.328820737 23.068591711 27.695346403 0.676499818 -0.251562687 0.264869930 0.639459249
2.674315608 22.893931898 27.939581950 0.416059534 -0.890879481 -0.125517647 -0.132187496
-9.180475035 16.182802139 28.842881205 -0.177105748 0.287524802 -0.088662935 0.937070929
-7.033915480 15.143483419 27.430254160 -0.748641486 -0.051916987 0.323991677 -0.576081544
-2.576493278 23.475606708 16.850623325 -0.797769004 0.018195728 -0.525960207 0.294277748
-2.249325067 13.818028016 21.247576290 0.726276570 -0.392453446 0.506863754 -0.248176894
-1.062160162 19.525692844 15.997005236 0.224906383 -0.717539400 -0.115788508 0.648958666
-3.054134027 13.921399408 31.592076384 -0.664995904 0.532269180 -0.518641417 -0.074034102
-4.965394092 8.631109080 24.957145628 -0.104084452 0.229962854 0.939881807 0.230012393
-4.824375912 8.839023183 25.771632109 0.333867752 0.077554667 -0.911479904 -0.227424675
1.735367703 21.940537281 29.624281596 -0.842861361 -0.401603646 -0.097314136 0.344716110
7.178452811 16.229200226 25.857321719 0.048340224 0.503896923 -0.701593559 -0.501515297
-10.340560705 15.594875493 24.311073863 -0.621348237 0.602797207 -0.343942154 -0.363683502
-4.695127081 14.255275780 24.695320518 0.327831828 -0.104589061 0.707657454 0.617096710
6.648110117 11.688780848 23.681774275 -0.056140564 -0.421139523 0.507088123 -0.749900910
-4.166588347 13.919669055 30.280828524 0.848214291 -0.441157076 -0.284624390 0.070013624
6.765151218 19.947435336 25.820781216 0.716267480 0.435079288 -0.474766368 -0.268819281
-6.510563130 16.834610929 27.295243317 0.305584747 0.865466503 -0.291044052 -0.269961210
-6.210926747 22.251226730 24.297751333 -0.496555934 -0.513034491 0.344014731 -0.609821023
-0.805497429 11.786082966 15.651694555 0.878692746 0.438756389 -0.146121923 0.118491657
-3.040611083 16.412164397 24.056859306 0.147145421 -0.418402650 0.884792127 0.142934739
-3.406643609 24.929866290 24.236724700 -0.377236376 -0.561144907 -0.581362203 -0.452578279
-7.869398662 14.424730556 15.043028695 -0.160461340 -0.090634809 0.551962046 -0.813249893
-2.583602084 18.802065950 21.812974783 -0.285855320 -0.223281588 -0.222449890 -0.904957521
1.570770850 19.459066391 20.154037405 0.219968131 -0.863860266 0.077601243 0.446472295
0.714255499 13.586695801 19.622025760 -0.692274731 0.067963593 0.288633596 -0.657896112
-2.876322940 26.336959286 22.254413250 0.581654114 -0.342462209 -0.304666777 -0.671994258
2.639505052 24.818705186 22.555726324 0.629753777 -0.561045415 0.178918619 0.506583015
-6.137352197 11.358503988 28.326500083 -0.413383075 -0.394352346 0.787701588 0.230492665
6.237846564 18.557585567 16.786281774 -0.641319131 -0.419662350 -0.618174147 0.174510765
2.686862303 12.056862782 29.107974926 -0.249410297 0.735209825 -0.349604479 -0.524440393
-1.379231227 17.118953525 31.750694355 0.357972638 -0.477736272 -0.789674330 -0.141555985
2.785778305 11.339784590 18.053616906 -0.708112793 0.068233794 0.664887442 -0.227695218
-1.557788574 18.860289715 20.202854883 -0.328795996 0.329210317 -0.563016473 -0.683027240
-9.644080651 16.990045798 20.753678623 0.080417257 0.893496628 -0.164065500 -0.410218665
-4.149528651 11.869650141 24.810229923 -0.882350534 -0.347385196 -0.047599936 -0.313871482
2.729236222 13.009842588 21.652661063 -0.123338522 -0.721761645 -0.210162034 -0.647826872
-6.658014890 19.437741582 27.430543685 -0.487747951 -0.160996285 -0.797699220 0.316003302
-6.261107215 19.132734925 19.321854354 -0.832712575 0.129387681 -0.524810753 -0.120092751
0.594384022 20.483805178 16.262182747 0.951771274 0.284232531 -0.004554895 -0.115423412
2.486421672 24.174770235 27.210666695 -0.310651613 -0.127494800 -0.288422962 -0.896689939
-2.836196923 13.005501694 26.651132870 0.169602625 0.626183730 -0.354167005 0.673568570
-0.183287451 12.183568781 23.267301509 -0.227353876 0.526146211 0.819108076 0.023288188
-7.889534305 13.715734935 29.066897318 -0.203480292 0.721949599 0.248348748 -0.612949791
7.026451183 16.309024484 23.343843573 0.644687738 -0.657293103 0.390146859 0.011354520
-0.747719537 7.831774028 24.913889787 0.204547714 0.239254891 0.936656938 -0.153593979
-7.679021518 12.740171053 18.362293129 0.663649774 0.581566205 -0.013461853 0.470285557
5.344240336 11.828723697 19.217004859 -0.778072228 -0.002607639 0.277563242 0.563520590
2.465438032 7.962484992 21.402173171 0.855261120 0.219675640 0.366958654 0.292595926
3.283690162 13.787435902 16.524771054 -0.122019260 0.926556994 -0.355795761 0.003579554
-8.461767675 20.066833905 27.212265510 -0.721280725 0.443553785 -0.268488110 -0.459269302
0.294563372 18.724138000 16.586653630 -0.301095534 0.597336935 -0.742761947 0.028892151
-2.043606650 17.854581499 20.799581774 -0.122909858 -0.805432814 0.505341368 0.284255608
0.901891053 15.804765089 15.070568401 -0.392517960 -0.728087451 0.272286536 -0.491607931
3.692797401 15.945202300 28.914205457 -0.273711043 -0.784915705 0.265710253 -0.488249590
5.859952423 17.124521380 18.213643712 -0.112776151 -0.615207716 -0.430615153 0.650670113
6.374455498 13.443431950 18.896336250 -0.840423846 -0.057973572 -0.360721118 -0.400258790
-1.914930264 10.517975061 23.785874763 0.568238397 -0.799708890 0.192663058 0.021254685
5.451541677 19.542361762 21.191660931 -0.043829357 0.258546875 -0.940959365 0.214074692
-4.166767202 17.938231859 15.660463556 0.289490457 0.096652409 0.073281342 0.949464813
-7.534714106 16.838979611 15.249795262 0.262283525 -0.255362046 -0.251683433 -0.895909051
-6.031586493 8.905640942 21.205975613 -0.571727871 -0.489121835 0.049351992 -0.656849643
-0.982860950 21.557983525 24.879479519 -0.779034339 -0.595413927 0.018837469 -0.195532360
-2.035286107 16.341480493 27.163518276 -0.047186273 -0.663333036 -0.632920535 0.396452186
-5.414658719 19.619735411 21.499850256 -0.107793659 0.835025155 -0.001759613 -0.539546495
1.278529211 20.662296256 28.513136703 0.104710443 -0.379054841 -0.213722667 -0.894245924
-8.864143369 13.847436157 23.883239191 -0.537384659 -0.281731371 0.487807030 0.627606137
-2.359704350 8.543024236 26.132971595 0.392516753 -0.763561195 0.421374307 0.292144814
-5.928377702 18.626859724 17.149598538 -0.016239583 -0.750662046 -0.563071662 -0.345243495
-5.126777723 14.583632399 19.944160850 -0.031738194 -0.500970085 -0.764003923 -0.405363623
-1.788977571 15.844115047 23.793540495 0.497054105 0.369081367 -0.274315424 0.735844555
-5.976554852 10.950127994 23.404611942 0.131392296 -0.455964646 0.867538921 0.149025255
-2.221161115 19.660169914 31.582262630 -0.174509409 -0.686801234 -0.569505002 0.416550818
6.602707250 16.162350365 25.218099904 -0.476285479 0.863018020 -0.012089503 -0.167946074
0.284534170 21.621033877 15.589695990 0.370330248 0.089728869 0.107476090 0.918288151
-4.647035872 12.021545302 24.139717613 0.707427408 -0.105316558 -0.662552348 0.222439366
-9.065323110 10.944445954 25.193896984 -0.127409144 -0.695871424 -0.505299379 -0.494168400
-3.171868306 12.305633126 17.083585365 -0.018195937 -0.184599523 0.868428663 0.459808200
-6.311790826 15.113297850 24.781748641 -0.280693903 0.009947609 0.543958429 -0.790709305
-0.551621130 16.277384407 19.692944399 0.632782593 -0.506787969 0.275964558 -0.516329069
-3.333774646 15.115519070 20.007084310 -0.456402518 -0.575931449 0.199157900 0.648333123
6.716338610 18.331486343 23.429340207 0.754368762 0.559379130 0.342524158 -0.026456776
-9.122335220 13.300278955 23.260829082 -0.887237639 0.106649717 -0.274346771 -0.355202841
2.726231424 21.784780403 26.312431481 0.485381542 -0.249016059 -0.838083352 0.003472276
-1.940674034 18.999196535 26.646229101 -0.053712882 0.536454404 -0.430910529 -0.723635071
-5.559295646 17.628241211 30.903196282 -0.664784445 -0.316254714 -0.593820518 0.324687219
-3.335911964 22.561210673 21.597338860 -0.016183960 0.499955395 -0.690376408 -0.522650072
-4.070107848 16.201614722 16.604651642 -0.641139596 0.413619596 -0.376334989 0.525576659
-2.546435791 24.366397971 28.596961308 0.285024720 0.838832738 0.439923494 0.146928096
-1.472603828 9.587026734 22.455911030 -0.003220571 -0.788926019 -0.589407641 -0.173735425
-1.427053904 9.534984615 23.045884728 0.836481079 -0.510786355 0.080685337 -0.181346574
5.014111341 22.390297834 18.638350956 0.248802099 -0.464118587 -0.585792748 -0.616066805
5.674076982 14.754908189 20.642749486 -0.117747525 0.190211616 0.964599747 0.139650955
-3.298298844 10.047897725 20.783686754 -0.944968314 0.049956064 0.217007952 0.239680674
4.287457452 22.736581143 19.558778678 -0.767550092 -0.467538290 -0.264019781 -0.350097643
-0.995935135 9.942017179 24.150008731 -0.840237004 0.148498673 -0.427180961 0.299109258
-2.265748833 17.198413128 19.564632289 0.617744856 0.137245221 0.630915511 0.448888250
1.785643594 20.503778997 19.048243719 0.812188189 0.204806575 -0.183576533 -0.514494188
