-9.633229374 -20.947347426 39.036052793 0.666466411 0.573847536 -0.371149168 -0.297942653
-1.824161199 -11.284472535 40.991607158 0.504341696 0.755641634 -0.058671050 0.413766701
-4.434387912 -12.958121173 44.201412967 -0.930694155 -0.185368214 0.076276864 0.305988326
-0.356689947 -27.429863375 42.979389922 -0.158782791 0.509805065 -0.402471709 -0.743574707
-3.801239274 -16.292565152 43.438712058 0.654240422 -0.512717489 -0.439614056 0.340337668
-4.673210890 -16.288769377 36.626606805 -0.714876455 -0.398447548 -0.118764967 -0.562215340
6.921694581 -26.314633030 43.586042465 -0.269376632 0.807999471 -0.518011571 -0.078975299
-1.034374882 -14.579240850 40.981971179 0.366874096 -0.891732884 0.219573467 -0.148335272
4.858659159 -24.977825173 46.097523644 0.678883654 -0.120791143 -0.608061709 0.393430352
-1.472312359 -24.314962848 45.640977779 -0.634091234 0.370763820 0.642746345 0.217576729
-4.411428748 -25.185281465 44.013292743 -0.454513951 0.512834210 0.487002060 0.541522977
6.753737590 -19.022566777 33.908440732 -0.483548087 -0.287105372 0.816649415 0.129751628
3.085233253 -25.992224344 45.598733972 -0.527331220 -0.803378545 -0.276593838 0.000739021
5.022869767 -21.198102269 44.894093257 0.423039917 -0.055029390 0.739088000 0.521304060
0.416090649 -16.677242852 37.356507094 0.792876750 -0.113349155 -0.586703036 -0.119490485
3.128215424 -21.382055090 40.423642992 -0.278551510 0.567076552 -0.030890028 -0.774518590
-0.010045398 -16.511443581 37.400876380 -0.429778128 0.094310639 -0.525072084 0.728488552
-1.424893403 -24.357124203 37.359443493 0.833830623 0.531382419 -0.143362948 -0.042500373
-3.613711830 -22.150985171 35.473292004 -0.300610173 0.650527235 -0.217023806 -0.662833695
-6.903981841 -27.244537193 43.242516559 0.729497923 0.374386674 -0.517703887 -0.244233667
-4.561808736 -25.949231767 37.478374248 -0.442678200 -0.485484537 -0.425876073 0.622069406
2.944341780 -22.692950213 45.204460229 -0.384959682 0.026274936 -0.511346930 -0.767880191
-1.423051730 -16.342952516 32.210886765 0.521387634 0.582183056 0.178415972 -0.597817335
8.063773387 -24.717960259 44.174850112 0.576817345 0.739988521 -0.061183830 0.340522065
-0.571025940 -25.215904622 49.097245035 0.637822906 0.668478609 0.162026799 -0.346504842
-0.792566663 -16.270264621 34.096628201 -0.175474423 -0.834395043 -0.522140215 -0.019058702
-5.624019782 -26.434074640 40.637241312 0.058710841 0.963764027 -0.212109119 0.150737052
-0.589809225 -23.190771451 32.463090188 0.055956695 -0.166551289 -0.968396380 -0.177025330
-3.992934320 -19.699409618 43.043116123 0.809631413 -0.180700273 -0.298041282 -0.472245466
0.496784703 -19.381633375 32.776625879 0.054729620 0.520043941 -0.606559679 0.598869204
-3.581790467 -16.274999115 33.829020587 -0.066514581 -0.424399292 -0.524929678 -0.734785605
2.186502832 -24.498557586 38.437187065 -0.319252215 0.344065654 -0.171216466 0.866245791
1.048299770 -16.718886475 41.955168855 -0.881106100 0.156376439 -0.445725891 0.022953862
-3.609978321 -15.910789478 37.867329230 0.105713791 0.219639452 -0.913678070 -0.325231440
-3.990868449 -19.509900499 31.918141292 -0.151580100 -0.384672963 -0.904373110 -0.105638360
-6.088573880 -20.421062682 36.286530482 -0.968489910 0.135751645 0.208618183 -0.008788522
3.007919571 -17.452595400 39.572401438 0.182602397 -0.182550744 -0.319846723 0.911608285
2.297913901 -28.230662039 42.768511838 0.263223326 0.112374543 -0.863496999 -0.415281080
-6.877241291 -22.181725917 36.387568041 -0.048030060 -0.710821534 -0.479297002 -0.512542920
3.918398441 -17.046488936 33.066899050 0.351682123 0.577481711 -0.264275061 -0.687745047
3.840899366 -18.240500096 40.166535785 0.422416478 0.072170893 0.304515546 0.850662074
-0.194582348 -21.703249313 31.299572721 0.148262364 -0.383320167 -0.097092149 0.906452997
4.676393373 -28.836675227 44.031996455 0.026341772 -0.655565776 0.743852485 -0.127369956
-0.877184777 -29.012477625 37.242312258 -0.590620367 0.366056876 -0.076562776 -0.715058101
-8.126007133 -20.143459528 43.131584787 -0.403363639 -0.774886842 0.319475994 0.367128377
-6.020029494 -26.083370255 45.852670111 0.042257358 0.421544404 -0.409062434 0.808197102
-1.256406002 -14.281640931 40.741246142 -0.329682724 0.487609675 -0.560887331 -0.582195420
-1.977196656 -23.444146130 45.586623578 0.120563548 0.545361015 0.742579130 0.369624174
4.418747436 -18.928254119 45.127816017 0.273235331 0.703648545 0.603880701 -0.256025932
3.877734729 -15.689304462 39.951605890 -0.415389172 -0.005950797 0.878198547 -0.237031088
-0.707927516 -20.009588504 38.202971014 -0.079547910 -0.306617040 -0.846969419 0.426967123
7.179761182 -26.655561824 40.262837160 -0.326958919 -0.426056185 -0.550445502 0.639205555
-7.419820814 -19.743873124 41.902968817 -0.146079839 0.981129200 -0.120259280 -0.039797968
0.025012354 -14.584437116 47.648478544 -0.137257573 -0.417051595 -0.898333910 0.014983716
1.735401189 -13.299083259 43.237583073 -0.071083935 0.076553629 0.321267303 -0.941208763
-5.028839544 -28.601617984 40.452306225 0.827731519 -0.291181272 -0.140561387 -0.458602765
-1.848890823 -20.520944140 42.418857278 -0.512523500 -0.317991798 -0.318425738 0.731304264
-0.731429680 -20.897726816 38.114690647 -0.243410148 -0.056414924 -0.013860167 0.968182189
0.030863274 -18.743012063 47.225472404 0.748130001 -0.377330459 0.232149788 -0.493993625
1.401138949 -25.829459898 33.878610167 -0.012891824 -0.062371360 0.042293211 -0.997073166
-1.106101635 -20.534068640 46.007955926 -0.502199937 -0.361331305 -0.188443873 0.762708213
-1.079364287 -27.822372019 46.672450252 0.689045878 0.289279347 0.660882251 -0.069049891
-4.099334516 -21.208117135 42.835770288 -0.033663888 -0.359006829 -0.735550877 -0.573537921
3.333908334 -21.676836524 46.470727713 -0.912546350 -0.360911300 0.131550463 -0.140344822
4.223397126 -25.696576628 37.585980398 -0.725841982 -0.454423564 -0.514907022 0.039030757
0.030406131 -24.961031966 37.106839510 0.686329470 0.057316160 -0.557087664 -0.464025916
-5.365001929 -16.682266685 39.459323577 0.764886547 0.152530420 -0.234647315 -0.580192795
-3.324649551 -21.520188861 35.776241753 0.307545722 0.108411616 0.608264706 -0.723655027
-1.032850771 -13.127505782 40.415003120 -0.165711067 -0.207045886 0.243192570 0.933021552
2.516811084 -23.953189659 42.293760603 0.676091287 0.070776343 0.424224973 -0.598267877
1.393780941 -13.806802914 36.966821210 -0.465486176 -0.381707928 0.365877509 0.709757231
-1.666480826 -28.502222199 40.699920711 0.532509374 0.691226177 0.427033222 -0.237239894
5.418741303 -23.967757301 38.014769758 0.290092286 0.284858790 0.664812297 0.626678981
-2.520160398 -23.135026512 32.278092151 0.549361831 0.665415589 0.363391695 -0.351240870
-4.091693184 -11.779915648 40.836523866 -0.479629389 -0.715696997 -0.065393502 -0.503445278
-0.356117987 -23.144810408 31.645314392 0.215808935 0.075073649 0.972449591 -0.046176217
-7.496342406 -17.578299687 44.811956761 -0.662073259 -0.566440942 0.301182249 -0.387418264
-7.514483378 -14.169326225 41.459123076 0.361865359 0.531718912 0.662666184 -0.383669114
-2.099100673 -16.708656355 34.863738276 -0.266728986 0.246652102 0.813596577 -0.453959247
-6.810172895 -24.544860923 39.000667793 -0.550355214 0.526754809 -0.025697364 -0.647285220
-5.195547996 -16.691952868 33.868692181 -0.720143967 -0.342252224 0.054116948 -0.601105180
-0.541350706 -22.089189132 33.771240615 0.216562983 -0.028566728 0.540625764 -0.812408887
-5.498486816 -28.018511580 41.654906805 0.077862797 -0.223654656 0.928676535 0.285439788
-6.390319840 -14.765222365 37.428874299 -0.086963192 -0.474860306 -0.725876542 -0.489947282
6.104271064 -27.409527235 41.759905415 0.468475203 -0.513493450 0.552284700 -0.460257614
-6.268069121 -23.288723053 39.290625607 -0.885882323 -0.311851916 0.328806349 0.099233443
4.499787269 -17.784454417 33.882684266 -0.008150284 -0.860199797 -0.122693213 0.494910354
0.321279664 -12.448732056 38.393210905 -0.127257249 0.021367123 0.983721290 0.125065832
-4.591338168 -27.161209526 43.844014497 -0.645857233 0.313904647 -0.609000373 -0.336824661
-4.889060722 -25.854724505 42.928918975 -0.778906868 0.191122647 -0.597301383 0.002698659
-3.399171475 -24.938124285 37.018091359 -0.496448681 0.862902744 -0.094455530 -0.003964108
1.132928849 -18.003075411 34.579375907 -0.393523696 0.328863155 0.232732525 0.826331470
2.639970954 -24.961025489 45.804697897 0.540261513 -0.454374765 0.100388848 -0.701129909
-7.471507350 -22.460089577 35.584660972 -0.146366759 0.518360510 0.826714830 -0.162547663
4.198165140 -22.993435480 33.954176488 -0.994334194 0.027368652 -0.033918769 0.096953516
-4.772725090 -24.040058030 40.722508021 0.213743073 0.691229974 0.318149230 -0.612614144
-0.816791252 -26.486586915 37.617479532 -0.138837443 -0.459370551 -0.025385665 0.876959765
-4.756590623 -15.896568128 36.939890662 0.406919059 0.444473001 0.782056365 0.158897682
5.498805366 -18.570632135 42.056230821 -0.103428663 -0.554455821 0.240140766 -0.790071938
-3.495403552 -29.605269061 43.102226259 0.303220518 -0.117759302 -0.405858951 0.854089326
7.851794365 -24.112071502 43.530368289 -0.940004574 -0.152054509 -0.105734712 -0.286515268
-4.499807111 -28.873027166 38.495077187 -0.348485529 0.146968093 -0.741788015 -0.553812926
-5.050908022 -24.375148925 42.043109766 0.246668940 0.488092404 0.833798777 -0.075497276
3.041526173 -18.639960614 38.583861216 0.244733080 -0.374606459 0.816621639 0.364561134
-3.428207565 -24.647670542 33.227097507 -0.881785972 0.186118205 0.399142666 0.168815417
-3.668393860 -19.869266387 32.640697566 0.297505315 0.002737945 0.494565862 -0.816631924
0.949597166 -21.752166628 45.681413448 -0.800232470 0.238246243 0.532429724 -0.139231141
3.931532236 -21.175008389 47.069987190 -0.331803274 -0.137716775 -0.578104334 -0.732622724
-1.977508903 -12.574396021 38.579757258 0.407188271 -0.575129570 -0.709110006 0.024221649
-0.946019517 -17.772580706 39.152361445 0.699927779 0.665603964 -0.080852259 -0.246039387
2.788054767 -17.046063801 48.775019057 -0.037372375 0.111298105 -0.015228808 0.992967331
-6.524134498 -19.424708443 40.474213456 0.566509513 0.487919664 0.111926578 -0.654579113
-2.358020270 -26.065430986 48.895552468 0.717652679 0.195179146 -0.597775916 0.299238513
4.915627442 -24.560764840 43.164216519 0.411474752 0.042811972 -0.902485032 0.119901756
2.044402923 -30.188311405 42.992855552 -0.461158721 0.726779164 -0.499159323 -0.099823102
-4.140238185 -16.705243790 37.552160014 -0.107126030 -0.353396239 -0.039920288 -0.928461891
-3.780330988 -29.419427359 39.963319887 -0.310526256 0.778798958 -0.066480878 -0.540949092
7.541864668 -22.430791675 40.068715005 0.358791922 -0.057178659 -0.891184944 0.271640118
-6.055588006 -25.121010680 40.343238863 0.019347123 0.630379065 -0.771742390 -0.081618667
0.288338353 -26.084180868 48.689473037 0.381480898 0.810925788 -0.441741422 -0.041667821
3.892013744 -18.310123175 47.301058080 0.478624087 0.371364353 -0.793716228 -0.054973178
-0.840966229 -16.307791881 42.936851658 -0.139519660 -0.277273153 -0.812108145 -0.494099407
-0.414634796 -19.685165952 42.468734698 -0.503558915 0.553122780 0.424888779 0.509855995
-3.277826945 -17.981608745 49.397641109 -0.719837516 0.515874782 0.063295061 -0.460109655
-4.986827402 -19.959899609 45.458700746 -0.619054347 0.269334494 0.678457835 0.289699176
1.692822898 -22.152113868 45.321844724 -0.277282387 0.612810430 -0.619521088 -0.404686887
3.881072689 -28.910800475 42.712971285 0.497118830 -0.409463984 -0.719957638 -0.258598366
7.147504309 -18.273942638 39.471117255 0.135010117 0.506042708 0.226151703 0.821308988
-0.927808526 -24.037311431 39.711225120 0.014726861 0.823052975 0.562127482 -0.079872482
-0.155657758 -20.899016127 34.474241543 -0.252239656 0.807333646 0.143744367 0.513736408
-1.433760998 -14.562950511 40.873008419 -0.348336509 0.247670306 -0.751853321 0.502033544
6.854748873 -24.600033482 42.021818411 -0.233248246 -0.710313705 0.000581181 -0.664115470
3.287749489 -18.416894100 45.513712220 0.149413869 0.537557364 0.665970386 -0.495167669
-0.170225035 -17.591120923 38.214001289 -0.344343506 -0.369337304 0.384414315 -0.772815075
0.543987743 -13.976824892 37.580624805 -0.421071860 0.282523762 -0.734037875 -0.451737989
2.982556138 -24.151896577 35.021603989 -0.661018470 -0.023068968 -0.562791157 0.495770630
-7.703191485 -17.042896857 38.415989152 -0.628041123 0.003265149 0.117778589 -0.769208613
5.042347205 -26.923302919 42.522310126 -0.178843443 0.685714264 -0.370002144 0.600757342
-0.383219816 -19.814084206 48.476867434 -0.154179395 -0.063964536 0.157556457 -0.973300167
-3.583523686 -15.485338987 44.313858561 -0.485836659 -0.461998381 0.329345468 0.664869761
-4.578227685 -18.177193600 33.619876122 -0.341495001 0.746605778 0.111345855 0.559967032
-2.644311358 -14.080131246 42.668995915 -0.875743501 0.456218535 0.039867215 0.152802404
-4.146710311 -19.574134120 46.457956749 0.436930308 0.324320411 -0.179357650 -0.819596858
0.083480843 -11.616176487 40.365350646 -0.152913345 0.425327985 -0.705497759 0.545881421
-1.346353231 -16.248520305 38.055163677 -0.153044791 -0.564274747 -0.428581898 -0.688831517
-3.349904891 -23.312453934 46.649691630 0.307268799 0.025580758 0.694162775 -0.650437969
1.228595595 -19.850619659 35.608124304 0.054698951 0.577277625 0.807966620 -0.104635121
-0.844348754 -17.818295114 34.045640271 0.550529608 0.816047775 0.040011411 0.171412563
-7.003770460 -27.219479393 41.908013580 -0.861150235 -0.369606123 0.324134792 0.129414924
9.219898778 -22.063499394 41.465082172 0.850637990 0.463280935 -0.239819246 0.065364468
5.402115024 -20.347213437 38.936129000 0.074476082 -0.134198023 -0.951657986 -0.266066312
-7.819907924 -16.241131543 42.139696081 0.648129691 -0.114882145 0.277363565 -0.699856735
5.502511576 -17.105019795 42.208414704 0.508925700 -0.525792761 0.441066654 -0.519612173
-2.243156600 -19.927444535 35.255534913 0.019942051 0.109410328 -0.230622045 0.966667040
0.273179079 -21.973750079 44.528458515 0.703490862 0.102138271 0.252736761 -0.656347858
5.287107206 -28.076834693 41.107386081 -0.634480394 -0.271708600 -0.004957767 -0.723591381
3.004911123 -24.865313986 42.082811975 -0.077474538 0.603177324 0.782147515 -0.135720581
-6.529426851 -22.446372695 39.214616335 -0.413943717 0.331248500 0.756268360 0.383383878
2.935462854 -23.025288168 43.393344546 -0.110652692 0.046746938 0.706021252 -0.697928862
-1.470233079 -23.918035833 37.727636657 0.215728418 0.433792912 0.614451371 -0.622683284
-8.707679563 -19.650975244 45.689479058 0.439558588 -0.764900897 -0.259251339 0.393069470
-0.913223773 -24.672092484 44.593227519 -0.320470254 0.233596822 0.052725120 0.916488627
7.702201784 -19.194034381 46.104083876 -0.558709630 -0.363783853 -0.694030426 -0.271710555
-7.022840389 -20.795509233 36.285600228 0.017433010 -0.596079030 -0.096061348 0.796968066
2.197749056 -18.604612204 32.009351405 -0.030758289 0.514588834 -0.335943414 0.788285660
-2.626189278 -27.413681929 36.354153653 0.664722609 -0.299887325 0.256892688 0.634206270
-7.168414868 -23.035577859 34.927137913 -0.371185140 0.628098556 -0.579538512 -0.363110051
-2.539908375 -20.163671714 45.388100219 0.146502012 -0.651341422 -0.129711143 0.733121090
-2.294424775 -11.956208045 41.426552425 -0.175108856 0.831974733 -0.157021552 -0.502492950
3.699770858 -22.542258074 42.256016170 0.460608262 -0.025466770 0.589004847 0.663524500
-0.500908844 -21.356128659 47.797915792 0.298440793 -0.646730326 -0.172479983 0.680384916
5.682769808 -15.268720737 41.567042466 0.157362853 0.048745166 -0.970830417 0.174210055
0.073337311 -27.187965747 42.518717867 -0.716431855 -0.650943071 0.244188855 -0.058054447
1.072592764 -13.547900255 46.373857316 -0.190606696 0.310056041 0.245533483 0.898469614
0.960651250 -13.412256941 39.264360912 -0.625598736 0.430069287 -0.553785138 -0.342036036
-7.472395983 -16.112667149 36.509247616 -0.351500712 -0.180642723 -0.861669083 0.318342343
0.630814413 -14.273537534 38.986393535 -0.047091104 -0.667361474 -0.357565514 0.651581150
-5.959105365 -19.985793668 34.243426873 0.193348930 -0.731904122 0.593431152 -0.273444720
0.501596782 -25.478498858 48.034397683 -0.269406212 -0.368747908 -0.009206095 0.889584466
-3.834289127 -20.578996925 48.506039303 0.854839921 -0.428592796 -0.030124670 0.290945748
-3.542089415 -17.943282868 39.843323901 -0.283379094 0.942441118 0.069388147 0.163359459
-2.749389006 -19.338064959 48.777537130 0.885791590 -0.019927541 0.242952199 0.394905535
-3.479130820 -27.006669843 39.773994895 -0.193634774 0.520962290 0.250761180 0.792605007
-0.432803534 -30.260049886 39.132769068 -0.715692736 -0.254769241 0.118904947 0.639326329
2.081512764 -20.859810374 36.330174923 -0.287987649 -0.733284669 -0.598423540 0.145759993
4.237373271 -27.795911533 42.560713179 0.915516920 -0.340640545 0.212578709 0.024557690
0.626772405 -23.811003435 33.715192792 -0.444948179 -0.377695595 -0.486430793 0.650194001
-2.375687067 -22.143388595 34.283085795 -0.407245342 0.393072245 -0.691451156 0.448932891
0.004852979 -18.170429364 36.880529182 -0.008677588 0.531903174 0.712034503 0.458269114
-3.568359466 -22.446719268 39.029957575 -0.053792936 -0.605919462 -0.782491275 0.132948603
-2.933994124 -14.076713926 40.383431360 -0.884117356 -0.197280890 -0.415233116 0.083655308
2.524645243 -29.314604545 42.641933127 0.054249160 0.234785040 -0.868253873 -0.433668337
1.382299742 -21.523809884 48.752144301 -0.551929487 0.346383685 -0.724709171 -0.224028576
-6.167428838 -25.437221603 46.697800270 -0.508744622 -0.390387030 -0.761200474 -0.096699094
7.163723475 -21.718917799 42.302004903 -0.154345885 0.874904878 0.422346086 0.179840446
8.137922832 -21.979724188 40.611715766 -0.316245066 -0.128857597 0.654078610 -0.674956257
1.359949840 -21.282342670 49.739634646 -0.608062134 0.224686769 -0.712087771 0.269642917
-4.525457244 -27.379967024 42.906056926 0.032525401 -0.454944143 0.053644914 0.888307463
1.872673326 -18.779909851 35.900928053 -0.147073950 0.842292813 0.515782829 -0.053666978
-1.641226143 -17.325901231 36.948632095 0.207670906 -0.700324139 -0.355999636 0.582823434
