-17.622372948 25.683655118 22.184326085 0.409104353 0.559168764 0.021698070 0.720758708
-14.095958291 18.769233123 30.558735670 0.223312560 -0.315557886 -0.921669686 -0.032858949
-21.697279264 13.542322593 21.359816736 0.164459778 0.036486032 -0.546053160 -0.820638591
-18.329431309 21.395230701 23.332697232 -0.143812334 -0.218439667 -0.828045483 0.495926206
-13.700101787 15.595259195 23.435986689 -0.537116042 -0.076478408 0.612974672 -0.574386160
-19.088467863 13.542094467 13.161016478 -0.239472799 -0.967671657 0.062438800 0.048638869
-15.951254386 22.825308646 22.599507501 -0.735697371 -0.517803416 0.230759065 -0.370647076
-14.332181607 16.848411397 29.916912075 0.023058821 0.408361468 -0.338162472 -0.847558461
-14.761826753 20.272624715 22.310646280 -0.551755285 -0.721349120 0.204560825 0.365207367
-8.963182780 17.782067654 23.589246340 -0.339676992 0.891426290 -0.282822414 -0.099950949
-16.381973342 13.327397349 23.062567980 -0.574296190 0.242114458 0.376919408 0.685197953
-21.464433058 21.698506517 16.515173877 0.642072656 -0.652712772 -0.281330481 0.287335870
-11.733748808 23.416360770 23.925411761 -0.385311551 0.295816217 0.280859394 0.827735329
-25.806569509 21.211750885 20.494427512 -0.692840785 -0.614216118 -0.291813404 0.239906533
-16.973776262 12.965817978 14.972188940 0.291928920 -0.533432106 -0.790551515 -0.072498251
-18.496190707 14.859770288 19.671292423 -0.814260154 0.165756484 0.138992842 0.538689317
-14.434853841 23.229284484 13.297209345 -0.721438659 -0.018757812 0.316623881 -0.615567806
-18.289100553 20.971259305 15.727553577 -0.389028838 0.817523834 0.423506523 -0.030879925
-20.914433060 24.590889293 19.800556350 -0.800765484 0.119446973 -0.137942023 -0.570507719
-17.003563009 10.142547240 23.151929315 0.691269027 0.008781638 0.721530041 -0.038267668
-14.548897090 16.416264780 29.923849732 0.274971587 -0.050887782 -0.957474564 0.071017745
-24.830582297 18.839583828 18.281337384 0.195790890 0.836622524 0.220100360 0.461827362
-20.674506389 16.631135191 14.911210085 -0.435573144 -0.404969203 -0.286698947 0.751052392
-16.825536472 23.499728463 20.284766272 -0.232993898 -0.411439460 -0.611119765 -0.634794493
-12.693007100 15.038364417 19.591869876 0.539706621 0.502553258 0.312310254 0.598848305
-13.574294401 21.686628428 26.669457901 0.614840281 0.004058092 -0.154121583 -0.773434870
-12.616932413 15.878473985 28.136601555 0.181854861 0.837356369 -0.024440165 -0.514942520
-9.055128557 18.883932866 21.171241509 -0.180997428 0.097745582 -0.759078277 -0.617645449
-19.573609581 21.456042127 27.088925052 -0.286057968 0.467797971 0.541295293 -0.637444353
-17.965681149 25.017064485 24.864817326 0.838931811 0.241322416 -0.403587248 0.273996790
-23.765160387 15.592535478 17.055144307 -0.376691234 0.831975326 -0.365647183 0.179507406
-23.683119898 19.673992048 22.516657726 -0.678564919 -0.057993737 -0.584376555 -0.441237373
-21.646844544 18.353287316 23.952310587 -0.389016099 0.707614734 -0.482793645 0.338907302
-22.235729093 15.531635839 23.851224619 0.181949223 0.281524993 0.585530066 -0.738100739
-15.077073247 20.013179932 23.801223959 -0.715269400 0.177379320 -0.589968551 0.329944498
-18.477710681 10.786528048 15.455001588 -0.186393021 -0.646988694 -0.620574211 0.401933975
-14.793346828 26.496202769 19.447833664 0.038309294 0.090280307 -0.439819775 -0.892715201
-16.963596591 24.790338241 19.337920519 -0.688354703 -0.097406524 0.714877411 -0.075033719
-20.328670429 12.185247131 25.502020569 0.520029231 0.536516444 0.101571331 -0.656812736
-24.276850938 19.333846485 19.048324320 0.909177964 -0.161290432 -0.382988856 -0.026464366
-12.080567316 24.604973280 15.631967606 0.215646961 -0.358380850 0.892378716 0.169469116
-9.091461009 19.569875773 16.329073993 -0.260627542 0.651457407 0.208974786 -0.681179910
-12.762002053 19.264511505 21.347446537 -0.480837801 0.745139427 -0.458022077 -0.061465601
-16.957181441 15.914901960 30.469542702 0.568972311 0.065082875 0.797058639 -0.191656605
-14.569139896 17.279051018 23.461261613 0.393957178 -0.125419408 0.113114996 -0.903478119
-11.503432160 13.006989791 18.683907375 0.247849436 0.552024808 0.216967687 -0.766005412
-16.986497585 17.255789978 16.502390345 -0.296862790 0.646039240 0.640867695 -0.289472594
-19.312222577 24.404647016 21.640586188 -0.561742194 0.370356229 0.298909808 -0.676708872
-19.273802010 9.947567252 22.980948776 -0.122645545 -0.931298630 0.045944509 0.339897094
-11.698395288 17.947415848 14.414908443 -0.745433759 -0.122547510 -0.092327881 -0.648680338
-17.760771573 18.754827298 18.923916505 -0.802254554 0.297363097 -0.465509192 -0.226415571
-22.473759640 15.660868639 25.946969241 -0.057143874 0.387200860 -0.740936422 -0.545731885
-13.593411117 25.461750569 18.154546762 0.984315361 0.067962739 -0.109272511 -0.120680792
-17.482387290 13.808061256 26.320847149 0.529628736 -0.230182945 -0.505754972 0.640875279
-18.154563008 22.341508822 28.124241833 -0.189179364 0.159894402 -0.967701595 -0.046888921
-15.700784601 14.745743295 21.939884946 -0.348685336 -0.259532701 0.300882846 0.848840872
-21.504976115 17.176255144 19.576183884 -0.027828808 -0.829098028 0.555144126 0.060307687
-13.252294811 12.903242669 23.220460038 -0.861325982 0.481349337 0.056433938 -0.152432214
-16.606148372 21.395615488 13.082515024 -0.087363390 -0.702176336 -0.082786836 -0.701756633
-21.779617458 11.656414845 20.038545802 0.384703738 0.761665423 0.420999171 0.307617483
-22.421289236 23.825879667 26.679059466 0.383976947 0.649054167 -0.517514498 -0.404313167
-14.017993960 26.041128584 23.031149435 0.599698123 -0.407627252 -0.091749410 0.682483868
-21.479746003 19.609632304 15.885427743 -0.443017303 -0.411140964 -0.456408295 -0.652985639
-15.550180473 9.524767025 23.990585928 -0.860240784 0.201390640 -0.452813926 0.119946458
-21.281002528 21.537700845 16.629909431 0.820953041 0.161629938 0.508813500 0.202535651
-20.583529586 26.353767816 17.578271346 -0.845964027 -0.459745937 -0.213380194 0.165672659
-16.686099722 15.923852904 17.473784743 0.720540463 0.606840932 -0.108827744 -0.317367368
-13.297248899 18.097257770 28.291218752 -0.738238076 -0.076732580 -0.372276492 -0.557249377
-19.129174642 25.490124315 26.250846415 -0.228406603 0.518012711 0.650656466 0.506102181
-20.240484866 17.584084944 29.255232964 -0.508573851 -0.675802534 -0.407820610 -0.343985353
-17.632809618 10.229167031 25.012355280 0.096408486 -0.958974511 0.262237844 0.048006292
-15.673271712 13.936795363 20.222258315 0.897866187 0.020393092 0.361239869 0.250850932
-17.194746392 25.061734504 18.183895603 -0.381593198 0.136421487 0.605895874 0.684591849
-15.700270628 17.290012746 15.323148631 -0.040718703 -0.220575571 -0.954674309 0.195666473
-16.125037830 28.216572314 23.904867285 -0.624521680 -0.628982364 0.212767943 0.411197836
-20.333243777 19.707313337 11.926394583 -0.772515913 -0.146658053 -0.612601604 -0.080186370
-16.580441089 26.776495539 26.335892710 0.040206837 0.329529030 -0.440731050 0.833996505
-22.403977392 22.865593056 25.689226953 0.113386857 -0.748189624 -0.635289059 -0.154154205
-21.185164695 19.659577010 23.386962555 0.493275081 0.467900615 0.621312854 -0.389511292
-16.228097741 25.515842515 28.084759491 0.130265236 -0.400088566 -0.655931287 -0.626669174
-10.325775896 17.405147242 24.809918457 0.552084271 0.117940491 0.652721706 -0.505220123
-17.098855731 25.342034425 25.318201593 -0.204396691 0.064251066 -0.440840227 -0.871638507
-14.484169975 24.561139642 13.958882459 0.826374749 -0.139469531 0.543825441 0.043668234
-17.316446753 17.259541427 22.258068844 -0.861305817 0.150474004 0.482070403 -0.055838968
-9.830849751 15.091855624 19.604054812 0.274654433 -0.881486123 0.383954760 -0.011220501
-12.479629436 17.256787782 16.694034993 -0.321902374 0.181005892 -0.702298047 -0.608599361
-20.006955575 12.902771111 18.512427514 0.406672504 -0.852588669 -0.296581427 -0.140532893
-20.310461259 19.124865468 21.535658649 -0.197093254 -0.230391553 0.538987649 0.785853864
-17.800412510 28.315700251 23.217830781 -0.591870558 0.193186129 0.672548903 0.400057915
-12.725579596 14.462874539 18.874797922 0.207722406 -0.614199268 -0.551625115 -0.524709819
-25.372898665 21.629353646 25.934983794 -0.656577481 -0.121304852 0.099713476 -0.737731907
-21.295079380 17.623544705 20.157444862 -0.033287325 -0.197373827 0.979656390 -0.014452795
-22.995358957 10.981938773 21.814321100 -0.870242814 0.153989745 -0.383217281 -0.268531413
-13.859562518 20.216707269 18.251342283 -0.969760963 -0.160622888 0.031573476 0.181016789
-12.239699712 12.287627735 20.395329443 0.321589085 0.317898657 -0.591474021 -0.667592231
-24.948620530 14.943319235 18.367767976 -0.438611522 0.127087077 -0.588365157 -0.667304466
-15.589244368 21.347286277 21.234415436 -0.065579990 0.027789245 -0.926981175 -0.368283756
-18.848952059 13.809232964 23.571583895 -0.271602217 -0.168382208 0.797120116 -0.512327228
-19.393943278 18.041877932 26.279377064 -0.129210003 0.803193467 0.347027830 -0.466644099
-17.228675684 15.937343697 27.569418626 0.181040301 -0.468919758 0.845455198 0.180400051
-23.268838763 21.837550025 24.839275257 0.031596775 -0.878131523 -0.477277586 0.009632098
-16.552169362 15.954149097 29.644141940 0.530996974 -0.037265921 -0.224655373 0.816200605
-23.599369738 24.127052906 23.184193642 -0.024637564 -0.910075242 -0.177877084 -0.373518121
-9.003358650 19.761780532 25.153412896 -0.481715748 0.334499926 -0.011310517 0.809896172
-24.591782885 18.693680326 17.132866102 -0.639668024 0.752316906 0.131990574 -0.086154399
-21.210359032 23.213783254 24.987316478 0.028323366 -0.799693613 0.283020926 0.528759933
-18.566937572 10.691881571 26.360574325 -0.426034802 -0.400709944 -0.053647584 0.809350248
-12.325214896 27.127980687 22.268264793 -0.469677514 0.819895441 0.290813670 0.150339310
-20.081437190 21.715037352 13.560859755 -0.123045019 0.784875006 0.297714366 0.529336665
-14.048630277 10.448597586 19.892660948 -0.519121113 0.370627216 0.767386603 -0.065318738
-24.499592925 24.667773433 19.185871461 -0.114653891 0.862710247 -0.390779557 -0.299794683
-15.235637778 17.190189719 30.022232030 0.012813833 -0.654961059 -0.364163964 0.662001831
-15.637071917 13.687191898 16.100866988 -0.496336501 -0.309660049 -0.390475982 0.710836999
-25.196021831 22.819610468 24.172962883 0.271941529 -0.123554201 0.740107619 -0.602513798
-16.350197543 14.269632876 15.699452549 -0.247935002 0.555786075 0.780399917 -0.143548051
-26.260000753 19.939536829 18.784285541 0.339740325 -0.279894635 -0.421327004 -0.792918067
-10.044127836 19.942205873 26.508617317 -0.791911335 -0.083726769 -0.592364714 0.122353228
-15.643577078 20.038129711 18.438170729 0.893701970 -0.150601382 -0.422610047 -0.004093998
-21.248016389 23.192723114 27.445804629 -0.786241824 0.557840737 0.258218283 -0.062935081
-18.801011538 12.021525484 24.827354166 0.709556348 -0.370426328 -0.115503587 0.588194735
-9.316563585 16.250265929 24.240435084 0.764956063 -0.009265274 -0.643619925 -0.022578038
-18.514387587 18.662483139 28.009570290 0.127841511 -0.175716789 -0.882994162 -0.416054645
-16.186459686 18.613692584 28.724065392 -0.585788283 0.525501518 0.616913488 0.010862303
-13.777554811 23.423417014 27.156336933 -0.227381864 0.376261863 -0.884515226 0.156068298
-22.126250692 12.540579423 24.314985061 0.709085842 0.418234290 0.380251399 0.421528434
-25.907649016 16.794390101 25.019093382 -0.285665505 0.600402342 0.721530740 -0.193146676
-19.963148367 26.041386014 18.132350753 0.882077005 -0.075087828 -0.453965487 -0.101080717
-14.172931559 24.910524574 21.047750299 -0.434353101 -0.018241192 0.713217615 -0.549841137
-11.476151211 14.171826010 19.752930347 0.193572908 -0.123364686 0.729814107 0.643958114
-8.486041408 18.737060151 20.555098858 -0.620343023 -0.764380239 0.024974587 0.173993259
-19.896889156 24.575953009 23.455133034 0.707624562 0.126134739 -0.404469308 -0.565475097
-11.221893757 12.382627878 24.647907880 -0.399972506 -0.910783437 -0.101132568 -0.016362451
-10.497397371 24.027981235 26.204043093 -0.481366891 0.418367251 0.496097929 -0.589187240
-14.056372850 11.606954401 27.162828197 -0.170049846 0.055446056 -0.028911547 -0.983449494
-18.788192170 24.982911268 21.810181536 0.512561379 -0.197284732 -0.621963851 0.558140246
-17.089818551 19.232192973 22.625150458 0.497087037 0.514359161 0.660510202 -0.228178446
-16.483321653 27.232749319 21.410641767 -0.039172384 -0.690766388 -0.301825517 -0.655902949
-15.022218893 26.086954914 20.637099887 0.255714347 0.046283439 -0.299388772 0.918060117
-10.114449038 23.216590859 23.707989652 0.401746112 0.134577953 -0.767694796 0.480763493
-19.092979914 11.689995444 23.510450941 0.160364965 0.707521695 0.650603995 0.224522984
-12.439403715 19.565147558 28.029933597 -0.034384319 0.918570317 -0.392583379 0.030406936
-20.072947827 12.179498568 19.343312971 0.166263030 0.581429439 0.536136157 0.588943489
-19.604673261 16.360928191 27.770426500 0.276148323 -0.492540624 -0.030204360 -0.824762714
-8.936868939 13.763555282 19.082221925 0.164926146 -0.042807125 0.982774318 0.071565049
-10.552348520 17.563618728 24.642327074 0.513763970 0.342546939 -0.338245556 0.710139509
-24.048485376 25.818847343 20.076466648 0.391417106 -0.456089650 -0.259785725 0.755834808
-13.871452529 25.085702965 19.811501883 0.496790721 0.402545993 -0.457779441 -0.617732699
-9.059231486 14.167054042 22.824111977 0.974598686 -0.062792727 -0.109154524 -0.185201957
-20.986119854 13.944414945 28.835707485 0.703879843 0.509262967 -0.469298398 -0.157998135
-25.965558044 16.996147967 20.357319225 -0.023242158 0.195092990 -0.352318465 -0.915024714
-20.293262228 15.704112004 13.373458756 0.490644982 -0.430008364 0.310201780 0.691473185
-12.876306307 12.064743567 19.083075945 -0.165124702 0.804089475 -0.561077503 -0.106611369
-21.618287224 15.403938438 27.694256647 -0.412154044 0.342896169 0.421823725 0.731174402
-17.999378719 12.135021275 18.968708160 0.993347900 -0.056958840 0.095152276 -0.031011031
-19.437489522 11.898818199 25.176022289 -0.813360572 -0.051371312 0.411499505 -0.408011919
-22.914951423 22.226518221 27.480457910 -0.319714741 -0.531517741 0.620669265 -0.479625936
-15.098127810 10.873973462 20.837110637 0.101520839 -0.026670021 0.148809428 0.983279199
-14.601268717 21.677452783 28.748262714 0.811042904 0.005387385 0.254317721 0.526785422
-12.078530204 21.642844280 25.333006912 -0.654077071 -0.607495810 -0.061246320 -0.446520900
-17.132270281 10.199031670 20.904218897 -0.231257558 -0.715821573 0.110581103 0.649531552
-17.875733356 23.110463606 26.087592658 -0.742903761 -0.551940398 -0.208169450 -0.316419468
-21.299278485 18.212788599 29.545058439 -0.449202983 0.596701137 0.571681574 0.339624222
-19.226524034 23.501391396 18.941129858 -0.014982198 -0.465536110 0.690906146 -0.552901765
-21.839273522 13.038667950 26.912734430 -0.514879981 -0.531570648 -0.325825356 -0.588361359
-9.726479086 16.092969376 24.754787011 0.074513112 -0.493704217 -0.183850084 -0.846701298
-23.661384414 18.512792203 24.604255204 0.699218587 -0.438623565 -0.389274340 0.408862108
-17.830404918 21.150841002 14.099342619 -0.488600991 0.768925746 -0.101895937 0.399549105
-11.723310650 17.119001731 21.798748763 0.514420561 -0.570357206 0.623900426 -0.144265043
-22.771554102 19.458739201 15.810302120 -0.210659433 0.236448416 -0.022812151 0.948258591
-10.173072394 23.670065610 17.598931382 0.895467000 0.361023289 0.254271642 -0.056097849
-12.807192317 24.365623495 21.570368842 -0.609593295 -0.672282123 -0.328700504 0.261512411
-16.714401851 17.594630564 12.774523560 0.678062248 -0.521482139 0.516016796 0.044884649
-25.502276457 18.653239747 19.688315178 0.095388780 -0.676714500 0.650792569 0.330798273
-18.884233924 17.132694901 16.390704033 0.244049197 0.403590775 -0.561559105 -0.679857225
-20.282811272 11.806392126 24.346300324 -0.269974894 -0.806601329 0.492664714 0.183818749
-13.177104804 16.336493470 20.263472288 0.386196542 -0.686506665 0.409963100 0.459881601
-17.021690160 22.868013169 12.932812016 0.367776862 -0.901001784 -0.190813733 -0.128553819
-11.568907892 14.926658606 20.470470564 0.038248714 0.076169950 0.577939903 0.811616069
-13.198314326 21.381772457 18.953021671 0.646907047 0.143938421 -0.746621833 0.057869177
-15.676182231 12.872664067 20.998045889 0.224385174 0.163984714 0.569705967 0.773430939
-23.704820812 12.270224058 19.893015103 -0.892981115 0.118794115 0.013945588 -0.433910368
-13.062789714 22.442834640 21.039358976 0.289328685 -0.266967621 0.490188371 -0.777645525
-20.373957623 23.700520180 29.216135533 -0.104628197 0.301974447 0.940178354 0.118021340
-21.940228435 13.835870436 19.051057690 -0.244288643 -0.462570391 0.672738604 -0.523234615
-10.301085872 15.271090205 25.003730886 -0.827299262 -0.352747392 0.225432229 0.374600477
-10.953737633 22.543397784 24.437547453 0.515855673 -0.042729596 -0.082322891 -0.851639623
-14.653145106 19.656147274 24.095032966 -0.110381838 -0.240276369 -0.697287011 -0.666238651
-21.099820986 15.867113160 28.829346593 0.451492521 0.519292179 -0.077404076 0.721455990
-13.385363450 18.230684261 26.485644804 -0.422489583 -0.472259698 -0.283402282 -0.719830866
-18.187595189 15.041122840 21.952325690 0.820098192 -0.336981732 0.118873656 -0.446935477
-19.381491498 25.352103838 19.026679702 0.130025668 0.139051645 0.499647504 -0.845050494
-14.109222704 24.762884309 26.114163443 -0.571989498 0.478973848 0.608344421 0.270793523
-8.989048568 15.327714605 23.608748758 0.251394594 -0.566279808 -0.445378463 -0.646348174
-12.406235607 11.599264158 19.969288943 -0.232961961 -0.969139503 0.063159752 -0.050081870
-22.219491668 22.946990284 19.096383535 -0.313416152 0.495230100 0.523065657 -0.618805124
-20.109449463 20.773391973 22.560253268 0.390745144 -0.718019206 -0.492690540 0.298366695
-23.795606747 16.124702129 22.537267574 0.393593735 0.368127276 0.574039603 0.616477749
-14.479438829 14.223340300 28.510817940 -0.379591207 0.350018219 -0.753294223 -0.407364179
-15.150200824 23.932749350 15.691454925 0.218791453 -0.307042272 0.052898067 0.924692996
-13.507838219 15.453024305 13.164122825 -0.338732948 0.702962136 -0.610156781 0.137160227
