25.383611771 1.857088981 28.310633785 0.702530441 -0.086939708 0.204329201 -0.676122803
22.084501433 0.866348977 25.512464797 -0.569456864 0.667342993 0.474962799 0.069155973
25.203661974 -7.605520531 25.292792433 0.568930982 -0.367878760 -0.570722194 0.463960055
23.363117625 -0.701860397 15.320022801 0.395227092 -0.760830899 0.462424761 0.226042540
27.508455230 1.227970308 16.053613145 -0.021811858 -0.547576924 -0.162845404 -0.820466410
29.819631663 -3.461339968 28.660404887 -0.798387680 0.264936899 0.239124058 -0.484979624
20.958633485 0.100595032 30.212496956 -0.188745090 -0.545351898 -0.255942242 -0.775538630
27.692503093 -3.762679501 27.327362458 0.362783199 -0.485767233 0.596939061 0.525435347
26.146173370 0.964144306 23.830895837 -0.154462580 -0.117188360 0.151789838 0.969210011
18.528753166 -8.347219709 24.904300123 0.285014846 -0.133456616 0.547326410 -0.775493179
21.694073125 5.058484317 28.891228239 -0.200483061 0.594222738 0.680091487 0.379712324
30.416312338 -0.969304745 25.788324277 0.465451547 -0.182500931 0.811269663 0.303133305
21.673424173 3.286139913 25.188340224 -0.869707894 -0.062933250 0.150255655 -0.465908599
23.163002646 -8.256795688 25.038533038 -0.656357671 0.280471132 0.147095468 -0.684757968
28.273314099 -3.381453449 17.141916078 0.621437783 0.274149517 -0.354448136 0.642669155
23.663996789 5.912070428 29.212375599 0.133073722 -0.717810112 0.244527989 0.638158358
14.786275558 -0.609487697 29.188380985 -0.156686471 0.377872163 0.911634503 0.039805909
31.228526582 2.302726012 24.583652691 0.559881542 -0.647029468 -0.490684719 -0.164663394
27.749404534 -3.955831511 25.580087480 0.636844664 -0.386174037 -0.117495715 -0.656881454
24.700218754 3.696509988 22.710470144 0.011809722 0.377680155 -0.866534602 0.326092033
21.472042772 -1.562917589 33.792509979 0.213645309 -0.708122268 0.026150857 -0.672483953
30.871346262 -5.145470406 21.896920544 0.467322875 -0.702720132 0.298024223 -0.446066486
26.862110533 -2.857644387 31.256024183 -0.255475379 0.734987078 0.040414146 0.626811792
18.139301840 -3.392579262 27.393956762 -0.449963058 -0.595432999 0.077534524 0.661045526
24.664339259 -9.388777031 29.457740032 0.365820403 0.268977417 -0.248595777 -0.855585601
26.289946130 -1.702583619 25.105702108 0.751035455 -0.582800481 0.251081738 0.182338439
20.839025529 1.987330802 29.050152715 0.131168583 0.013729087 0.938614457 0.318762005
18.912353229 -9.356810378 26.796397259 0.510087782 -0.165389486 -0.073384918 -0.840875393
29.249577848 3.178713252 29.065730372 0.350155755 0.235355744 0.141867308 -0.895473220
16.022306267 1.928116239 28.178487307 0.638064667 -0.185445551 0.689286253 0.288734980
19.304997259 -1.090576683 17.789129778 0.015179789 0.897508158 -0.408864342 0.164555858
25.112613832 4.881909539 28.154979023 0.095493690 -0.638868999 -0.728707959 -0.227402875
19.043743562 -5.710207220 18.854459523 0.689637009 -0.212320617 0.482949643 0.496064909
21.714574187 -3.424582710 30.686871667 0.485687594 0.778900555 0.193109804 -0.346597880
28.334199304 -2.533786941 22.292183568 0.987431814 -0.023097255 0.145689255 0.056741266
21.429192304 -0.943380898 17.698992218 -0.145207996 -0.907203361 -0.251529484 -0.304351143
19.058509980 1.458138519 21.619111231 0.181946284 -0.274417658 -0.168334906 0.929114556
30.122473707 1.046938028 29.094340210 0.457662593 -0.657363264 0.448684198 -0.396359660
18.151941219 -5.074500683 31.119360579 0.771356735 0.373990909 0.009932707 -0.514821259
20.757219232 0.291634852 27.691715194 -0.411043810 0.806607040 0.411297155 -0.106125965
25.626866001 -2.232315619 15.527839497 0.062829332 0.349546001 0.739008404 -0.572482879
22.573844399 5.506907991 18.672631108 0.544947644 -0.345498444 -0.747379589 -0.158387629
30.071505741 -6.040110503 28.791921571 -0.093637119 0.584754993 -0.400468433 -0.699227232
26.257469959 -8.679808275 18.133876932 -0.360097336 -0.299508730 -0.214091457 -0.857198505
17.530579624 -9.647549599 23.048544495 0.480336151 -0.395924908 -0.560721509 0.545996373
22.151076408 3.625588421 29.904904951 0.298205204 0.720604480 -0.468791702 -0.414773648
31.722836941 -2.695787708 21.285561454 -0.871501826 -0.038709030 0.433081385 -0.226774541
30.479717696 -4.703689605 18.144496922 0.584243122 0.672591604 -0.451790244 0.046541200
20.829891841 -10.733977640 23.631835351 0.469947042 -0.137726430 0.469981965 0.734369227
29.938545633 -3.491050788 18.367857717 0.002395806 0.645879428 -0.689356613 -0.328057136
25.102690381 -5.021430427 20.433332584 -0.330102951 -0.357494052 -0.736483044 0.469917834
24.423642667 -2.238422208 34.206920429 0.824017180 -0.362992653 -0.288163559 -0.325873879
18.465641387 -3.037823398 17.340139359 -0.098234099 -0.957350809 -0.271680279 0.004395048
19.992045667 -1.849912681 24.684787748 -0.873664072 -0.239746603 0.157683916 0.392897490
20.363660064 -4.001855642 16.678451623 -0.904949417 -0.154796133 -0.281109097 -0.279432255
32.393331634 -3.387028035 23.275160323 0.603434960 0.170869577 -0.670188947 -0.396883626
23.463838160 -4.714510571 33.336440435 0.251470299 -0.031931086 0.925103133 0.282714146
20.610862181 -1.608787036 27.315356198 0.047286351 -0.506285618 -0.546971121 -0.665027418
24.953430919 2.146910667 33.171752659 0.537596787 -0.431524038 0.565004405 -0.453372607
24.220016196 -2.315437073 16.304086292 0.065489722 0.796398373 0.132115582 -0.586520418
22.212285611 6.543499443 26.002483857 -0.042011206 0.412718065 0.077681209 -0.906567420
18.826509629 -1.527668800 31.266161797 -0.284047742 0.430831372 0.406499617 0.753962380
18.099157954 4.349423682 25.145359380 0.512929955 0.639086779 0.452776398 -0.351375133
27.282749950 -0.581589128 22.675848967 0.667160370 -0.272077645 -0.693417317 -0.006574164
28.475732279 -6.669883541 22.136049331 0.103442204 -0.082792792 -0.169078333 -0.976656327
18.713320765 4.404421213 29.773391181 -0.530295790 -0.259441031 0.340071807 -0.732002659
30.801777253 -4.050979608 23.950476516 -0.197341529 0.554026487 -0.220425946 0.778153825
30.394252037 -5.142670369 25.570962434 -0.163468283 -0.874211052 0.347407023 0.297223009
26.283407608 -9.033686923 26.432750736 -0.406663557 -0.697594169 0.271805272 -0.523554220
28.975541196 -6.488222174 21.049012195 -0.455284506 0.134558641 0.268149509 0.838275510
27.049210349 -5.932033092 28.917893771 0.185390116 0.575344104 -0.365328517 -0.707915773
31.872939802 -5.579780683 21.095689354 0.080607119 -0.658401457 -0.734293461 -0.144302207
22.194600865 -2.138855887 33.296809587 0.484004354 0.075238313 0.586107193 0.645412535
28.210861604 3.330774741 25.882694149 0.525037068 0.016672157 0.459722128 0.716040279
28.424214670 -4.032630192 23.399544987 0.106742958 -0.929057971 -0.275211427 0.222970623
16.618036383 4.684991191 26.654711686 0.743251691 -0.317594673 0.555006113 -0.196669169
27.106462848 -0.259072218 32.985574880 -0.814494651 -0.453250044 0.211501646 -0.293989651
23.972664539 1.095541332 19.673565390 0.142162361 0.090342152 -0.765275603 -0.621274022
26.958203031 0.592696263 17.040217272 0.415810729 -0.436815540 -0.097962711 -0.791641920
19.270822628 -0.692312249 28.104140709 0.598213140 0.312079495 0.735063870 -0.066547238
26.964619092 -1.725138548 20.728935080 -0.123144339 -0.028697204 -0.576527203 0.807234988
22.298617364 3.478964953 21.486739665 0.809233330 -0.437984259 -0.303587176 0.247277241
21.817343395 -10.692835942 27.165668064 -0.118701071 -0.163143231 0.976742821 0.072579632
20.771975281 -10.262371813 23.162164526 0.330998901 -0.562575436 -0.553600832 0.517179587
27.015239864 -5.625569884 24.670173537 -0.767377239 0.312170637 0.202745290 -0.522088128
26.713548045 -2.346965807 33.264985558 0.441535405 -0.415261873 0.553103008 -0.571560255
22.338308822 -3.391851373 26.716259893 -0.572612470 0.812333449 -0.076132849 -0.080206704
26.824517852 -8.081163046 24.266605980 -0.569101128 0.570882672 -0.369596074 0.462185701
28.391287102 2.755399467 17.324921105 0.184399067 0.093799453 0.320205855 0.924481940
17.992605548 3.074006856 26.954131986 0.221537181 -0.268020775 0.140181412 -0.927057341
27.529387948 -5.992200576 30.217376091 0.561157992 -0.352552538 -0.746364975 0.061218787
25.654890251 -11.008877065 27.509428918 -0.960239292 0.038629592 0.117191394 0.250428500
24.992868045 -4.250220390 15.978901520 0.395480662 0.049524381 -0.848245813 0.348742631
26.218787778 -2.828805332 22.318329983 0.134807822 0.160230565 0.168304719 -0.963237530
23.374388499 0.696318260 31.950306358 0.249756766 -0.454564601 -0.798510422 -0.305571084
16.238595689 1.582245897 24.042323860 -0.834243294 -0.028376692 0.321728171 0.446904770
28.074559305 -1.643400801 28.004812105 0.052625726 0.728182960 0.669471595 0.137068935
29.741255215 3.959688594 24.808062290 0.529623895 0.777013967 0.255209254 -0.224980138
32.040391562 -4.848876866 21.828094218 -0.704879268 -0.326804956 0.473572327 -0.414816814
31.062656301 -0.909522448 25.293883658 -0.848187750 0.291287601 0.424422389 -0.124878783
18.379206878 0.629923631 30.578978543 -0.132545638 -0.218539431 0.758686932 -0.599221420
24.695491990 -5.762895531 32.999930768 0.778797452 -0.369054737 0.501785985 -0.074053733
29.274094965 -6.521007480 27.498271518 0.745079297 0.044358778 0.659938880 -0.085847623
29.065035083 -8.323029389 25.129617360 0.312438293 -0.782601612 0.495486093 -0.210738135
24.621152089 2.409598829 31.303836675 -0.449162289 0.522010122 -0.714195666 -0.125232673
28.547814867 3.463153278 29.638151164 -0.117401683 0.556992283 -0.541135802 0.618989891
23.830701354 -6.238541025 24.124054032 0.780393599 0.008104958 0.510492733 -0.360994890
31.256188588 -2.045360793 29.791621125 0.612705295 0.578409114 0.535805296 -0.054293673
13.449524134 -2.781307109 24.270941048 -0.609161354 0.369105150 -0.699580870 -0.057187758
16.535254879 -1.227955448 26.485412856 -0.814578713 -0.502963486 0.088260721 0.275135054
22.850257345 0.628712976 25.673277867 -0.822498411 -0.112396353 0.542627588 0.128135572
32.858383495 -0.193528204 25.182084825 0.809341511 0.391427076 0.159470396 -0.407823927
21.321999899 -2.559446528 28.403312570 0.769939553 0.120640442 -0.618053341 0.103194172
18.877567042 -2.644773977 24.397636258 -0.706371970 0.698068925 -0.114881886 -0.023250131
14.444428854 -1.325080847 21.572373414 -0.495703385 -0.431401942 0.665509398 0.353931857
30.873632562 -2.539260498 26.928274740 0.118660478 0.167113828 0.957441309 -0.203221058
25.550065007 -1.949295183 19.813017504 -0.617804615 -0.648282146 0.092116036 -0.435387589
25.191702327 2.022494313 19.956884093 0.204415603 0.516547539 0.827205707 0.084401538
18.341943952 -10.130228807 25.146010615 0.390513037 -0.024280800 -0.821571408 -0.414644946
16.456992246 -1.551257509 23.891897675 -0.037031419 0.106752776 0.700496086 -0.704654350
18.100906528 -4.913748713 29.947803006 -0.295218817 -0.042325079 -0.210800241 0.930923035
30.294593910 1.881358975 18.455863291 0.038030711 0.628065844 -0.483493921 -0.608539718
26.112040249 2.896230692 28.141395589 -0.483120788 0.162088446 0.598848389 0.617820562
28.230208667 -2.363523412 17.901951127 -0.246935796 -0.006883543 -0.568005790 -0.785076272
18.045256606 2.422248954 18.890086303 0.459106996 0.161248449 0.264954896 0.832477391
25.527583679 3.114036663 28.398891204 -0.363318416 -0.023831445 0.395736788 -0.843103900
31.569781244 -6.701536540 25.184279933 -0.226927823 -0.449138776 0.241922087 -0.829609443
17.744682765 -2.142068911 18.908770799 -0.516661302 -0.850396654 0.099348339 -0.004066579
17.876855845 -7.124535111 18.149493814 0.325662786 -0.677327106 -0.315754062 0.579198683
26.260640370 -7.177647005 22.253924520 0.514160036 0.529148321 -0.089419164 0.669063320
22.314169088 -1.564982020 31.170152054 -0.830065216 -0.419326995 -0.080331310 0.358752686
26.848906370 -0.205714885 30.470146715 -0.116778262 -0.422788253 -0.844621612 0.306964595
21.490198538 0.117291834 30.977364378 0.369619502 -0.760737435 0.336737058 0.413845542
22.949146996 2.503878998 32.472068973 0.211113309 -0.932722484 0.286492380 -0.058155436
24.148921258 -5.377617360 21.381933772 -0.433543744 -0.383380392 -0.570609299 0.582635671
21.195874737 -5.257209936 33.552397127 0.417916831 0.876198271 0.158831785 0.179984931
24.537871371 2.992501066 18.581488310 -0.183947589 0.882401806 -0.360958258 0.239247725
16.911214574 1.024611013 27.904401100 0.333965552 0.634442535 0.278171223 -0.639195159
20.711213203 -5.964191382 32.294221829 0.426779556 0.034762982 -0.226146443 0.874933444
26.852839350 -0.827274766 22.448484718 -0.919765769 -0.056361121 0.337592090 0.192057115
20.135659825 -8.700525772 20.629470995 -0.761329092 0.122576379 0.013374765 -0.636532922
29.283168096 -5.198378398 28.204432896 -0.770447172 -0.636203323 -0.017992467 -0.036506956
22.514794830 1.069132301 31.034673013 0.174256353 0.100700380 -0.704765313 -0.680294062
28.186673181 5.644397032 27.009077467 -0.220851110 0.415134625 0.143012447 0.870882007
27.085852068 2.034273777 21.935904947 -0.404574477 0.321501447 -0.696560428 0.497754841
20.249084986 -5.709603639 28.415140620 0.395351004 0.707832924 -0.397817909 0.429431073
27.340217836 1.869733485 31.227009113 0.361370363 0.457672796 0.471144686 0.661792835
20.094178875 6.064330810 24.054773088 -0.734317282 0.383901214 -0.170093525 0.533353710
15.546403147 -5.938040210 25.755106199 0.590523336 0.485984735 0.285429592 -0.577607976
24.829157420 -1.717230401 23.673561481 0.101465731 -0.629168723 -0.645898371 0.420317402
31.462088747 -1.031928000 23.388669886 -0.784229646 0.444028752 -0.336302899 -0.273354511
20.146992926 -5.555294467 27.551871078 -0.855774980 0.416350379 -0.092325764 -0.292877958
19.088143187 -6.436606204 28.898811676 -0.948211586 -0.103223997 -0.149566099 -0.260517902
21.641542929 3.227233893 22.676777920 0.130461039 -0.043419068 0.823962481 -0.549709498
24.396068890 1.425300794 28.124586892 -0.234048158 -0.430057412 0.775085838 -0.399392069
30.015858064 -1.422343192 29.290691193 0.004190392 -0.229403673 -0.973191667 0.015949147
23.938320653 -10.791947340 24.203334480 -0.220712718 -0.218873991 -0.898352961 0.310390125
24.220702489 4.143370041 22.963580230 -0.373957885 0.744667816 -0.542489092 -0.106446833
18.503018108 1.422270514 17.872765918 -0.641813668 0.618913378 0.443020676 0.093563489
21.497590452 3.387654258 28.131122404 -0.223120008 -0.441206350 0.289388748 -0.819639293
23.529994419 4.670459237 21.256152932 0.970496252 -0.092387796 0.078076071 -0.208580073
18.616811657 -0.016988534 22.666199382 -0.571385893 -0.099099982 -0.169970401 0.796748027
27.871999627 -8.085557081 27.878849852 -0.374744343 0.258999347 0.588172926 -0.668235456
18.539321102 -6.467506461 26.435041903 -0.619359303 -0.470692500 -0.578232320 0.245947165
15.262783710 3.610165486 24.147474610 -0.820215421 0.343544692 0.361549279 0.280188913
24.222590976 4.905219681 18.113931482 0.797938861 0.359357748 0.339301196 0.345007654
19.641225454 -4.382226375 30.964344749 -0.094901738 -0.849136557 -0.406831889 0.323185059
25.997391948 -5.294085064 27.788244541 -0.427256955 0.756577155 0.488048821 0.082769868
20.400064539 -8.421224274 30.886495166 -0.894768051 -0.387728089 0.042811234 0.217311441
22.900771207 -9.544931434 23.889396628 0.932068390 -0.106168809 -0.109237587 0.328700245
27.545022590 -1.703578879 15.466921583 0.434732018 -0.257618590 -0.699958158 -0.504677434
28.643285553 -6.413954753 26.388929385 -0.170136014 -0.020011749 0.098569948 0.980274060
19.374764424 -6.842551963 24.571692039 0.039668371 -0.182235116 -0.295956939 -0.936817097
24.096559876 -11.903541240 25.149003234 -0.341488398 -0.020938629 0.512500249 0.787585388
18.267435018 -8.252403968 19.299283284 0.215143321 -0.675008229 -0.560136019 0.429330739
21.097050719 6.698045709 22.685350817 -0.370441625 0.566435657 -0.728631252 0.104976893
24.416661915 3.890621031 32.228396412 0.752754778 -0.364019755 -0.431056309 -0.339175944
30.369207444 -4.872061875 24.671179236 -0.857988817 0.364798788 -0.358833469 0.044895158
19.005365128 -8.081699035 18.884137341 -0.326541713 0.203274317 -0.444633397 0.808919776
25.385443282 -10.090647830 21.411227995 0.131618771 -0.136717201 -0.814471412 -0.548289362
17.073859809 0.476158167 26.015345398 -0.476760839 -0.485160721 0.115256086 -0.723902074
26.809185320 -6.272901271 24.348529697 -0.093471319 0.842279581 0.319649936 -0.423853913
23.900299571 -9.331332415 17.846647399 0.345975498 0.683738381 -0.120564578 0.631083959
14.122911029 -2.979116644 20.869635515 0.604731468 -0.267514612 0.323435257 -0.676849628
28.199908988 -9.743717331 26.240344247 0.145200852 -0.732568333 -0.116689277 0.654709068
30.854776473 -0.469942184 30.205583331 -0.426562378 -0.105646410 0.873203925 -0.210708993
24.115268161 -4.587521500 16.246909263 -0.008762003 -0.649329168 0.457956668 0.607100115
23.327580352 1.871051003 18.405884336 -0.370498990 0.535501966 -0.757850421 0.040384181
22.576208951 -5.061175041 32.348953557 -0.065877852 0.343170398 0.330472480 -0.876745189
28.399011197 3.614055485 20.747530053 0.067248879 -0.252842675 -0.567749291 0.780518361
22.027698476 -6.163596767 30.949717226 -0.382970755 0.382288217 -0.515858437 0.664137932
22.405594298 -8.367526543 27.603955264 -0.923200447 0.376220013 -0.021880375 -0.075370323
21.579809100 3.174599343 26.745680811 -0.182926582 -0.195830489 -0.862998276 0.428278251
15.524260736 -0.418408864 20.453542300 -0.127984569 -0.247082580 0.959044619 0.052948726
13.805441469 -0.847179468 26.401343895 -0.927126876 0.364237090 -0.003817596 -0.088048415
29.630072446 -2.892870072 30.738200308 0.215295877 0.510958743 -0.499488621 0.665642521
24.806759417 4.198039501 24.455360457 0.331722673 -0.193833210 -0.875689195 0.292501603
20.253221164 -2.855141323 21.688027352 -0.234799686 0.238966750 -0.892144483 0.303054817
22.419719391 2.040615012 22.297176632 -0.425158802 0.094830876 0.844879160 -0.310525849
25.538306079 -4.197845413 28.706975495 0.293689021 -0.780767334 0.486962589 -0.258875581
