16.160847506 -14.023763159 28.686076778 -0.454323844 0.517240801 -0.481598694 -0.542323241
15.656328324 -18.138797832 14.560420697 -0.252080099 -0.211517489 -0.871522149 0.363545208
18.383978237 -19.984923744 28.984940877 -0.328586355 -0.694411277 0.241313228 0.592951863
8.538948157 -17.108354814 19.200549591 0.086561699 -0.984381785 0.130063961 -0.081135322
18.811906764 -22.312778717 23.602149319 -0.853281013 -0.034999085 -0.480786091 -0.198824825
11.137599369 -22.725913485 24.559754227 0.721421366 -0.336410041 -0.130600845 0.591035460
18.790307884 -20.230932552 22.641469824 0.593786381 -0.491026185 0.635041334 -0.055077431
12.524315119 -29.207835099 22.714692757 -0.308629187 -0.470236320 0.551462632 -0.616047720
6.947470118 -20.789641866 16.677549988 0.599703207 0.232143247 -0.583983411 0.495407864
8.825303118 -15.849880894 17.455313783 0.383120658 -0.108037335 -0.678223333 -0.617705113
15.482045078 -15.048529893 18.597052818 -0.839083899 -0.037531010 -0.286470778 -0.460938312
21.976065339 -19.592203659 23.426225960 0.624126976 -0.298162678 -0.595055789 -0.409234827
10.277556011 -11.568219055 17.407593411 -0.478881198 0.779779220 0.389216185 0.105488989
6.218445409 -16.473739276 25.622510023 -0.084019921 -0.229899195 -0.355954022 -0.901877900
16.512240526 -10.213527679 22.580093901 -0.107745018 0.091299754 0.988291718 -0.057748122
7.001084815 -15.973074008 24.720881616 0.216600319 -0.023567239 0.445923981 -0.868147851
10.345521678 -12.575376126 24.391426628 -0.698446029 0.434008222 0.471169485 0.319075735
16.910115917 -26.227430094 17.772393631 0.809740962 -0.443457562 0.018968441 0.383803548
8.853805462 -20.640451993 15.141353208 -0.226246827 0.436114559 0.859242481 0.142544113
13.499667743 -18.959715623 21.869465435 0.082576263 -0.115808475 -0.963082885 -0.228562713
16.093583409 -24.830944479 23.067530636 0.807381514 -0.107826555 -0.574386934 0.081167569
8.119454200 -16.599228724 26.555012037 0.837521289 0.030266997 -0.120425399 -0.532108751
7.468875408 -22.015261132 26.779058612 0.409324229 -0.116746769 -0.626258358 -0.653164861
21.322762176 -17.977803279 19.580631023 -0.459772061 0.194723527 -0.377392571 0.779914898
9.523552916 -18.735986066 30.161981084 -0.444449625 -0.499461219 0.726869637 0.157046337
12.237294931 -23.920604582 27.314566100 -0.130312928 0.599094719 -0.418307136 0.670166545
7.611125902 -25.724919589 26.715718984 -0.566560183 0.124474875 -0.712550244 0.394699524
6.018110486 -12.857290822 22.904166979 -0.827926168 -0.245109519 0.246663978 -0.440018710
15.678462551 -10.766236592 25.050111762 0.764625296 -0.342149189 -0.524432921 0.152486726
12.114291893 -26.254728259 15.704345569 -0.477375575 -0.766154333 -0.429825571 0.019237381
10.138348563 -18.847305999 13.777117867 0.355012540 -0.686990240 -0.428294078 -0.467519722
5.692776290 -25.645259452 20.638174088 -0.234853242 0.658082998 -0.583516348 0.413859149
6.186153819 -15.088873455 21.096957331 -0.725887031 -0.439543641 -0.373817711 0.374365764
12.510534216 -14.778699975 27.055542917 0.333999251 -0.236252685 -0.910971374 -0.052538785
17.370216596 -26.001024812 25.555800693 -0.394161386 0.916005876 -0.022451769 -0.071175524
17.762853340 -20.943629315 16.892880362 -0.972498821 0.121875240 -0.006438400 0.198370905
10.016549450 -24.133606152 21.433838713 0.382809495 0.797636535 0.235445037 0.402241823
20.685964502 -19.886516361 27.152111727 -0.317969341 -0.494012602 -0.767526761 0.256417078
12.395686359 -26.274985995 15.804994762 -0.239487089 -0.234789344 0.888550854 -0.313045168
18.093073125 -12.886154004 19.516084409 -0.528449833 -0.108845875 0.701654262 -0.465375812
12.637139479 -18.739286910 13.384689889 0.794821576 -0.376835317 0.467290288 -0.088845893
16.096853953 -16.397194557 13.616081771 0.104189867 -0.426832202 -0.293610942 0.848970764
12.817397467 -15.912815048 25.091060810 0.250492357 -0.638138514 -0.143249012 0.713801469
10.142259468 -17.426457651 23.915556635 -0.749385882 -0.152237461 0.484192622 -0.425208255
3.824785629 -16.899993142 22.648753402 0.492052745 0.716915101 -0.090989088 -0.485425401
13.668802810 -17.901714129 31.120086996 0.214262951 0.190447532 0.789320250 0.542949969
15.008317862 -14.878172256 25.772524963 0.724741082 0.074362595 -0.046039755 -0.683447810
7.850494622 -16.024743460 21.099674209 -0.137761065 -0.262689092 -0.448095360 -0.843342682
10.715871756 -19.752056483 23.595610001 0.800354225 0.490198413 -0.152162862 -0.309814613
15.875930737 -24.125924117 24.111741014 -0.075720639 -0.039944976 0.773902766 -0.627491268
14.417526534 -17.634669232 23.920042123 -0.216908518 -0.111038283 -0.417819286 -0.875241817
18.616071709 -19.246862320 23.008717457 0.595396782 -0.777424939 0.169226878 -0.111693332
12.278385266 -22.318906095 28.105609391 0.608948898 0.501694487 0.078621605 0.609345981
11.105215457 -17.865985818 23.658594359 0.315979935 0.821608501 0.043256871 -0.472488089
6.907264970 -24.428509556 23.390655788 0.179809068 -0.035701444 -0.418771989 -0.889395372
9.968268551 -22.496997588 21.238235778 -0.821071349 0.096374969 0.495654144 0.266234249
15.917056597 -20.790424770 28.879236248 -0.430100924 -0.493091789 -0.054513605 -0.754255891
11.578120285 -21.563146952 28.706578260 0.271228945 -0.841652358 0.323597805 0.336660999
9.270254788 -14.606590153 18.496892183 0.910601653 -0.107138824 0.124121182 0.379367677
12.438561423 -17.566206857 26.343343925 -0.029651640 -0.567655061 -0.180217303 -0.802751665
19.125889487 -24.076494493 19.371100798 0.472060317 -0.178492155 -0.751510254 0.424890511
8.470199166 -17.521684129 16.244679234 0.269077415 -0.224911195 -0.755326771 0.553618793
11.215026669 -20.981778022 30.822172420 -0.105863140 0.574118518 -0.635333368 -0.505502160
16.346953505 -17.976081897 28.758202209 -0.055478411 -0.441079511 -0.885609261 -0.134414460
12.850830815 -28.500873402 20.546685063 -0.691678790 -0.212149396 0.051300169 0.688434004
11.928883960 -24.460814558 22.576279666 -0.362204980 0.366398041 0.772429733 0.371365501
8.132814431 -17.093013849 19.076928453 -0.795791294 0.022082139 0.259482031 -0.546715348
9.610214293 -12.049747586 25.081207139 -0.510953400 0.691166368 -0.491899568 0.138746136
9.338262655 -27.422943736 25.645829256 -0.404373706 0.827180892 -0.370701134 -0.121796330
9.950693409 -11.739805361 25.133153378 -0.091282499 0.641998481 -0.519805854 -0.556154052
7.870976684 -12.325140195 25.423298898 0.531859824 -0.363774827 0.764544387 -0.016275233
12.499392957 -13.909233409 22.728198558 -0.793034764 0.436823022 0.419170700 0.067656743
8.734328665 -26.944045080 19.575976180 0.088641481 0.916014758 -0.140418099 0.365160798
5.518874739 -20.725110064 22.375869709 0.995544517 -0.005234005 0.003257305 0.094090961
12.043826641 -12.794454441 27.358781736 0.244180941 -0.282703109 0.320627111 0.870432580
11.214291779 -20.511403318 24.111648676 0.134125548 0.173646336 0.968225697 0.119984527
19.066023086 -21.802336975 24.952854065 -0.449243828 0.682745016 0.021484665 0.575827783
6.946951734 -23.995555138 17.932661190 -0.238647640 0.343511961 -0.030541357 -0.907807282
10.464831144 -27.889056206 20.815596246 0.304200467 0.811798256 -0.363356953 -0.341199929
6.091185591 -17.572570393 29.166896460 -0.932589628 -0.106527347 -0.284776070 0.194502185
12.969139479 -23.339324990 20.840920391 -0.852262713 0.486869686 0.188848198 0.030700718
13.989966522 -11.949380390 18.089336806 0.575154395 0.010701504 0.007944228 -0.817936299
14.164612877 -20.687926052 30.480739786 0.408290032 0.116889493 -0.858139053 -0.288502099
14.172870852 -11.922333806 25.230861229 0.181003543 0.427033212 0.486810952 0.740199602
13.352702160 -27.684630502 26.757772409 0.446624029 0.471329889 0.477205267 -0.592157281
8.242855905 -22.365536229 22.911875132 0.597826167 0.517865106 0.541983678 0.284030455
4.036395774 -21.656255946 21.718612811 0.072828437 0.842018722 -0.503935715 -0.178183293
19.608362528 -13.202610748 21.382968964 0.459229478 -0.196516341 -0.431821679 0.751012418
11.189136873 -18.173631458 27.447036183 -0.179514358 0.376697644 0.908661182 -0.014433885
11.339696580 -17.246647623 26.967645888 -0.230212692 0.088461197 0.103642987 -0.963553249
16.659719491 -12.880614557 24.019541211 -0.126449139 0.403194010 -0.364150367 -0.829963684
7.521763625 -24.641723293 24.810627302 0.636837067 -0.549292113 -0.000577098 0.541032708
7.738709582 -21.015888567 16.341864121 -0.531628378 -0.759611500 0.256268771 -0.273290970
17.901172748 -22.107548436 22.243857496 0.669799917 -0.001416582 -0.555681721 0.492528059
11.537809126 -15.344909196 22.798522147 -0.030468151 -0.739111272 0.599165899 -0.306245727
16.229814235 -20.757024767 15.045456335 0.342345196 -0.282212243 0.887025583 -0.127834389
12.084338785 -17.744467552 25.955157953 0.310825605 -0.204699264 0.370742692 -0.850902762
10.816693220 -14.331513633 25.161034611 0.032373095 0.075757394 -0.081261706 0.993282102
15.184859789 -20.664303957 17.156458907 -0.196644823 0.895285106 -0.040668729 -0.397670023
19.199326605 -16.443370893 23.963416384 -0.493326120 0.554145475 0.663234619 0.098346178
16.283174622 -20.384903667 29.895972313 -0.397582268 -0.619979664 -0.019577034 0.676143695
17.013738193 -24.348547423 24.541701887 -0.133253585 0.384045549 -0.760838551 0.505843057
19.036686245 -22.256490763 21.201356702 0.238060640 -0.571283224 0.342925247 -0.706657544
9.745412468 -27.575094861 22.720428258 0.081647216 0.118499910 0.195404811 -0.970107449
12.542119431 -16.971561356 13.303365934 -0.374720285 -0.547039199 0.256561358 0.703213405
16.609701580 -17.624762419 15.590597994 -0.681667223 0.521746991 0.324258359 0.397449859
12.247100659 -22.347885117 21.017803052 -0.062162619 0.560215971 0.780434115 0.270585414
17.002940234 -17.794497021 18.096787196 -0.001963857 0.954732633 0.052190772 0.292844440
19.698800818 -18.317608519 19.933690680 -0.114521176 0.262921057 -0.879291231 0.380268786
15.438851548 -16.234728463 26.869883808 -0.533203075 0.702771404 -0.374099473 0.286105609
16.450394247 -28.498161521 23.442134628 0.276783047 -0.462915478 0.213498411 -0.814566654
16.156145616 -13.713676236 27.408348616 0.211810191 -0.759024845 -0.359981346 0.499430834
9.126839986 -15.255670670 23.763793898 0.115445353 -0.186441042 0.971730358 0.087476967
11.381156925 -26.526343588 19.594943653 0.661844434 -0.446206028 -0.594389527 0.097791698
4.490848089 -19.783705035 18.227517763 -0.470650618 -0.651478464 0.553989700 -0.217161735
14.881588925 -18.083547514 13.179862405 0.015390419 -0.412297339 0.125397442 -0.902246929
14.953358633 -14.195985581 16.582914871 -0.754152947 -0.442247050 0.087827506 -0.477448644
3.815570064 -20.989768957 19.561658582 -0.907457260 -0.205038497 0.356818194 -0.084624538
15.682609824 -16.221302951 22.699235653 -0.934058694 -0.323902845 -0.046696754 0.142971036
12.213469341 -24.702329723 22.759322639 0.123481049 0.722632396 0.479674766 -0.482148286
19.784752986 -15.319127804 28.124597367 0.368550098 -0.226857737 -0.121714380 0.893248007
8.490470940 -16.751262660 19.639331928 0.722076344 -0.426765686 -0.305561295 -0.450676267
16.145589125 -27.208091234 22.062701650 -0.494404509 -0.721520733 -0.181475672 -0.449487034
20.470820963 -19.142862209 25.756160451 -0.143381500 0.122634841 -0.797609895 -0.572905662
15.363921492 -23.141319670 24.568233373 -0.847631191 0.203050138 -0.373111643 -0.317930351
7.575206959 -14.126709243 25.218902035 0.569235019 0.524490817 0.348739021 0.528452430
14.013643528 -10.961937718 26.609715596 0.524858391 -0.023220152 -0.766475253 -0.369459308
8.609611769 -20.333592708 27.348033567 -0.033475155 -0.489658737 0.575976198 0.653731715
18.051431937 -21.592298871 18.981931769 -0.472963676 0.505868845 0.551354196 0.465199551
21.110102114 -17.366095694 17.718717471 -0.296559342 -0.325982674 -0.886401226 0.141706457
8.722340994 -17.862267884 20.724830855 0.406309508 -0.800101673 -0.078392056 0.434286290
17.061190166 -18.565845665 17.525854197 0.569508679 0.480827013 -0.387203421 -0.542714251
20.373867265 -18.502890768 26.881343529 0.237876256 0.055504127 0.884470712 0.397549668
6.049779775 -13.536364718 21.531571799 0.398406840 -0.572136570 0.666718054 0.263474423
18.746252870 -19.296607594 22.971442885 0.185426959 0.828878367 0.362822587 0.383323970
8.805696742 -17.486314178 29.125443844 0.127344944 -0.653953636 -0.309620626 -0.678426839
9.348497172 -14.273332363 20.270444008 0.045185482 -0.227431329 0.565384349 0.791564148
11.607992523 -20.442022796 29.419293696 0.687397560 -0.491102863 -0.221138222 -0.487237581
14.246045049 -21.725340964 25.298505157 -0.042599904 0.754814903 0.451783605 0.473636236
10.728514662 -12.788682061 16.976654780 -0.732251165 0.329497500 -0.596019531 -0.000589252
18.474487141 -14.669742494 20.075101417 -0.440198201 -0.795206265 -0.410375368 0.073922910
21.338085089 -18.066151403 18.921878312 0.699236828 -0.703313969 -0.118488169 0.048763448
20.669588019 -18.893511516 19.211557533 -0.580976232 0.443523678 0.444041023 0.518247947
6.885434938 -11.772982325 23.977640291 -0.259012968 0.068782416 0.654983707 -0.706525021
16.808334155 -21.018969272 30.832959785 0.830200910 -0.312252325 0.421588054 -0.188489911
9.326944674 -19.389800440 22.644855134 -0.066213805 -0.822746506 0.105190348 0.554652062
18.017377511 -25.491890821 17.105532526 -0.938902511 -0.263804659 -0.216852037 -0.042946143
18.466537079 -24.358514257 21.317314548 0.373906943 0.921053994 0.076335440 -0.077627564
5.650225607 -17.403409882 23.308706984 -0.764230694 0.208707237 0.112392993 0.599800426
5.223814644 -21.683400787 20.447022726 -0.798857021 0.281713669 -0.527222144 -0.067094549
13.416904433 -23.024648547 21.903356922 0.073812176 0.224457745 -0.485490732 0.841706144
17.144544167 -17.440814518 27.706762627 -0.384424071 -0.244827158 -0.712521982 0.533469982
16.322441220 -16.683534233 19.198994720 0.333210377 0.119041422 -0.322256881 0.878037862
11.304056213 -21.295076763 30.880956712 -0.175826967 0.932791793 -0.087445195 -0.302221255
8.793088164 -20.588399521 19.501135633 -0.378694135 0.072038453 0.922342434 -0.026184890
8.883307814 -18.300937508 29.152894893 -0.078573822 -0.870003385 -0.390074445 -0.291139471
14.769790556 -25.179551080 27.209350566 0.103193434 0.965587250 0.187713802 -0.147498836
5.900383175 -19.336937670 29.363626515 -0.388413761 -0.172209127 0.284109097 0.859511948
16.505999967 -22.102833745 15.112452196 -0.017652443 0.699854203 -0.711665605 -0.058519679
9.766724594 -14.875180699 19.240791673 -0.130223215 -0.003506368 0.865463261 0.483738527
18.506946047 -15.986212940 21.639752860 -0.547839495 -0.309554544 -0.097777033 0.771030171
18.081362392 -20.493645286 18.810409547 0.684323656 0.724114738 0.044369009 -0.073419147
15.132432208 -14.656809579 19.974881486 0.055731763 -0.290603905 0.728809407 0.617478898
14.452424755 -25.885233359 22.880834507 0.337376499 0.139625048 0.700106366 0.613622866
9.193187291 -25.329200796 22.981582845 -0.090110513 0.438055447 0.893165305 -0.047363063
8.281628435 -22.493416342 16.558491939 -0.399796411 0.639639709 -0.413062874 0.510296907
13.761844393 -24.487057133 24.219251381 -0.560132407 -0.627492320 -0.540188758 -0.026479811
20.900717000 -20.514061110 19.438254347 -0.168417272 -0.312820991 -0.930684577 -0.087205895
5.397908076 -14.244472782 21.466465448 0.696404731 0.129619364 -0.641863530 0.293650268
9.192002682 -15.222326702 26.573444664 -0.551169665 0.692944921 0.285474340 -0.366802041
18.015267755 -21.967443253 27.133611146 0.515925364 -0.619501092 -0.532816459 0.257188719
18.248261629 -26.304189684 19.956796269 0.770937426 -0.458961146 0.290961370 -0.332192161
19.972082016 -21.084505115 27.666968852 -0.289525239 0.165539093 -0.791150818 -0.512691259
14.014683350 -25.140108003 15.248285983 -0.308439384 -0.732245627 0.147527295 0.588996762
15.770118223 -24.203759136 21.918421457 0.607669014 -0.408374031 -0.633236799 0.250958517
11.563951985 -15.859902187 21.726652113 0.206119828 0.951897689 -0.095539481 -0.205615208
18.392417736 -14.976145694 18.171696501 -0.096872267 0.561386789 0.054761909 -0.820037664
17.175108322 -16.992901987 29.995384126 -0.057684727 0.043628758 -0.996393431 0.044374930
10.942410232 -17.004697726 27.423553174 0.188618655 0.597546726 -0.502118701 -0.596018224
12.712094496 -11.923645532 21.325515968 0.032827524 -0.892594554 0.012882554 0.449478982
14.532156574 -12.570176268 19.400629819 0.364252234 -0.009480122 -0.651544492 0.665372236
11.279373182 -25.092019903 20.864312090 0.456427235 -0.214441928 0.057519780 -0.861614945
9.066517561 -24.490136951 27.547222492 0.606162018 -0.532711986 0.514255059 -0.290391602
6.211621052 -22.428856543 24.216668107 0.015188432 -0.236624019 -0.635796046 -0.734535073
11.833543124 -16.384046041 20.041327640 -0.120778886 -0.239182192 -0.723032326 0.636732750
11.398544369 -26.574273883 24.910286113 -0.186574252 0.091259681 -0.925497779 -0.316726350
13.882630591 -28.025008646 23.158516207 0.756107960 -0.016203841 -0.441482425 -0.482836883
12.600874965 -26.876566244 16.311182571 0.495492764 0.293925550 0.661280505 -0.480419386
9.802101285 -26.423870000 26.158829637 0.289435283 0.907811337 -0.183597780 0.241656053
6.321086139 -14.421694742 17.780870235 0.765903182 0.015758367 -0.585802617 0.264535978
18.874726458 -13.059830067 24.793127339 0.355198204 0.825601996 -0.434573638 -0.057977017
9.109125772 -18.307648816 30.795967774 -0.494517107 -0.650795652 0.575834966 -0.018219273
16.131384270 -23.518236095 14.691347839 -0.224477978 0.038845032 -0.736932380 -0.636420747
16.699033123 -19.771080755 25.732796989 -0.664841725 -0.139299557 -0.152441693 0.717873697
16.345678223 -19.008324803 28.055057915 -0.506910375 0.790946787 0.141650236 0.312058108
13.656815165 -17.930245517 13.009229569 -0.222397799 0.711477889 -0.624053032 0.234299479
11.807695338 -27.461876602 22.786153801 -0.457147616 -0.561710731 0.231657763 -0.649485791
7.261594599 -20.335761889 20.232284962 -0.433377638 0.274512718 0.612894592 -0.600988194
8.666143517 -17.517823880 25.296682303 -0.504440591 0.484887528 0.494334324 -0.515807475
17.110893449 -26.159481494 26.339638205 0.904704313 0.171023450 0.326340973 -0.213922077
