-2.302247458 -14.698812667 52.732284366 -0.877490341 -0.342902231 0.115921672 0.314628237
5.623468294 -19.654914109 46.735181960 -0.473630718 -0.133752115 -0.033054288 0.869880295
0.406634592 -20.177229993 48.562109499 0.198812712 0.703597421 -0.681408316 0.033269824
6.711187179 -14.271750144 50.346318895 -0.297507998 -0.326776753 -0.250874774 0.861259422
4.016059107 -12.202673400 39.281096312 0.204328740 -0.893939397 0.314086818 0.245909723
4.881085332 -19.688240703 46.688997880 -0.476217971 0.598752605 -0.183334256 -0.617333227
7.649112086 -15.274861778 54.937826338 -0.325099835 -0.361996383 -0.097894612 0.868150541
9.209847689 -18.525883648 43.024701619 0.340413021 -0.658397181 -0.030354350 -0.670604757
6.087203906 -14.600397048 53.040845892 -0.238742179 0.373641442 0.806054583 -0.392007978
9.743188504 -19.613826139 48.775385421 0.119817702 0.125670651 -0.973685970 -0.147601617
9.797841025 -9.761534725 50.310323098 -0.222962556 -0.308780110 0.441589110 0.812367897
-0.370100803 -9.062438234 45.052874316 0.113848041 -0.100019581 -0.903788765 0.400250639
8.975579089 -8.809498376 51.432994695 -0.718586638 0.135828349 -0.504929211 0.458508882
2.552292391 -4.279785299 49.760174890 -0.090089792 -0.768756751 0.620024630 -0.128321262
-0.930807898 -10.346882017 43.915356542 -0.412823988 -0.645838709 0.622273301 -0.158885671
-0.721784708 -6.778309327 43.770705404 -0.307957172 0.769153984 -0.556264114 -0.064302142
8.866609166 -10.615286853 47.515532037 0.200952918 -0.078955652 -0.971723837 -0.095586165
-2.187523890 -10.013325858 44.523388494 -0.979067628 0.080505819 0.043303428 -0.181852154
2.760551394 -4.272812913 45.446908993 0.002714680 -0.970372441 -0.240039907 0.027400704
3.442408781 -8.560271424 43.604613981 0.768161112 -0.182542504 -0.393768495 0.470694287
0.874983574 -11.336669705 44.588739890 0.924374778 -0.021830233 -0.166678305 0.342451535
3.767742234 -9.750528533 46.258830389 0.314857760 0.193425879 0.869810884 -0.326925139
8.075570872 -16.003688910 45.711541985 -0.060813829 -0.610900259 -0.437172298 0.657254085
5.149311535 -14.479129674 38.973120504 -0.866674371 0.349324628 -0.302483475 -0.188020172
3.504953213 -8.807823426 44.419939062 -0.324439785 0.374556104 -0.529210353 0.688754639
5.962258012 -21.244673326 49.620021440 -0.507015062 -0.560289101 0.654975729 -0.004317821
9.417409993 -10.705075239 39.727817492 -0.596040494 -0.201796457 0.676231971 0.383046004
2.817643819 -9.683756260 51.676104806 -0.798655430 0.123801464 -0.349893965 -0.473705515
7.951772476 -8.295859867 49.371587526 -0.319353735 -0.513097911 0.302769731 -0.736935693
3.395432904 -15.777009077 53.264116367 -0.547565740 -0.469834687 -0.594517609 -0.354930893
5.080671764 -17.384115370 51.037023591 0.680586952 0.092436028 -0.705614428 -0.174256306
3.741909022 -16.432728060 39.795276801 -0.571370138 0.642338584 -0.503105663 -0.088442076
5.024138424 -17.443058200 38.759376800 0.387553681 0.095402882 0.912728518 0.087333196
4.062526860 -22.275104712 47.961934373 0.131655389 -0.524344772 0.627521257 0.560309281
3.698662359 -17.665227073 51.118214894 0.554569780 -0.791947435 -0.165131566 0.194944057
0.267869524 -7.357745227 41.008107916 0.819433740 -0.480625224 0.097590630 0.296654358
9.117180862 -17.234416370 51.276723919 -0.098823307 0.673655853 -0.080395906 0.727982310
5.761823666 -6.107328878 48.571073776 -0.089129906 -0.915112516 0.269512847 -0.286335064
7.600337446 -6.164105800 41.332434491 0.630590383 -0.043499412 -0.760629435 -0.148008219
8.754103009 -11.955769617 46.479626938 -0.380576110 0.581617129 -0.563246580 -0.446807150
5.843335813 -19.915049720 42.530734424 -0.441426712 0.108776001 0.782633819 -0.425199419
5.898310580 -17.798102377 47.868267685 0.273857820 -0.303117053 0.678480144 -0.610562561
11.174357955 -15.554690721 49.770265378 0.839670578 0.017639552 -0.472831120 -0.266595008
11.658981303 -14.208939055 45.229903511 0.898352660 -0.094480698 0.239942470 0.355617080
5.701972795 -3.873346926 48.317818008 0.782895037 0.167334788 0.271670665 0.534106243
-0.677798615 -8.729890781 51.951240506 -0.242528839 0.497516406 -0.143887279 0.820337516
7.052315846 -12.327749555 50.010376295 0.587273588 -0.707312704 0.325589517 0.220929712
-1.956446476 -19.974207018 45.392179952 0.683305759 -0.307172949 0.651913679 -0.117245786
8.260603637 -15.728056169 44.852909739 0.069170868 -0.305497765 -0.168335861 0.934638724
0.130698813 -10.045839861 41.858358518 0.201263677 -0.370984803 0.451539876 -0.786113827
-0.750606014 -10.117293922 42.457321428 -0.335741978 0.215898005 0.840052929 0.367391414
5.125047320 -7.049156451 43.719707878 0.464284930 -0.117254154 0.611333701 -0.630049263
11.464760757 -8.634802547 43.141724708 -0.381719591 -0.879778778 -0.126831626 0.253363757
11.608320379 -8.235103820 48.512750925 0.070993526 0.075187844 0.289946568 -0.951439801
4.349727066 -20.522861878 50.593692348 -0.330906898 0.192656292 0.639036720 0.667095382
3.883495644 -13.274948913 55.821914845 -0.379854140 -0.917084302 -0.049664437 0.110456588
0.788685572 -14.836820118 52.083674149 0.064846480 -0.128386821 -0.983555478 0.109226283
0.036589604 -17.682661678 46.433794324 -0.172415150 0.542339439 -0.483106200 0.665394130
4.495378012 -13.309967937 45.602095830 -0.634898062 -0.468065911 0.003313028 -0.614660701
7.344125309 -9.681375786 40.018161703 -0.655110369 -0.065450623 -0.276411858 -0.700102210
6.594892008 -9.342066487 40.159006184 0.683660423 0.544172908 -0.359783948 0.327169349
2.234895596 -18.908601772 47.566600739 -0.355983723 -0.860594802 -0.360041239 0.054977109
4.577016763 -15.785533236 54.292022275 -0.368125062 0.683844418 0.578182940 0.250090460
7.332027950 -14.163259904 53.278706001 -0.723950626 0.209414047 0.278128636 -0.595554960
-0.354246980 -10.163013953 51.419838249 0.197646035 0.672720977 0.393336681 -0.594700586
0.324166004 -12.160746426 42.348696779 -0.703808515 0.412628831 -0.577680961 -0.025994803
-0.188013591 -12.103062353 53.086320774 0.314968430 -0.678849224 -0.390882674 0.535881848
10.143183629 -11.328967247 48.153878565 -0.537381796 0.598986058 0.160000646 -0.571695987
2.365861071 -16.967026997 42.426089832 -0.697988233 0.484933620 -0.273445411 0.450421378
-5.864104253 -13.585747672 47.659076881 0.046163700 0.379917623 -0.764696277 0.518431400
6.783895799 -9.035546349 43.545448441 0.510566265 -0.422007624 -0.712258813 -0.232204730
8.712476179 -21.823771082 48.585787365 -0.676859856 0.517512575 -0.519415962 -0.065180741
6.299574344 -17.551236099 43.918403674 0.004813563 -0.217716683 0.888704067 -0.403461717
-1.355488721 -21.932455951 47.474807975 -0.009668403 0.891086020 0.376219231 0.253636191
9.495840226 -16.635669878 41.171774387 0.003757943 -0.835383962 0.246358286 -0.491352326
1.951391912 -20.901295274 50.570648283 -0.001905569 -0.889573271 -0.170406533 -0.423812905
-0.316614857 -12.032945364 44.121065697 -0.778714514 -0.266855839 -0.272399336 0.498186981
4.796286295 -5.223327017 48.838492092 -0.500952338 -0.172804526 -0.057441146 0.846100388
6.520132784 -16.308635963 38.932789536 -0.432911079 0.599036051 -0.395874583 -0.545001947
4.323461996 -19.168606485 49.701290007 0.493295412 -0.225937980 0.359320031 0.759276485
-3.189706663 -19.329314738 49.286576690 0.339485434 -0.513068470 0.484568555 -0.621855048
0.379700480 -20.758889868 50.690519576 0.619128573 0.658183936 -0.311532828 -0.293974512
-5.574695373 -10.518200369 48.677575646 -0.043400138 0.435588336 0.598198711 0.671220926
10.733881342 -11.821637458 49.264742308 0.918030643 0.186512302 0.103829647 -0.334144138
1.437290109 -8.921665780 40.653230033 -0.811182028 0.263126266 0.278007001 0.442109028
2.560211685 -21.917729239 45.928212460 0.327377492 0.068846144 0.910915312 0.241490125
6.447780960 -9.700255127 46.071933169 0.164176978 -0.221032037 -0.547649237 0.790108266
3.482247037 -8.606043373 51.818599589 0.082300611 -0.903737122 -0.385860027 0.166126047
5.067304673 -8.697059341 45.076577099 0.620672727 0.144105985 -0.586498016 -0.500018909
1.949600730 -21.099282336 46.419912384 -0.647903933 0.337191738 0.681334144 0.048020933
9.538026599 -18.411989280 53.231418761 -0.158904617 -0.143387348 -0.862304802 0.458933350
5.385388071 -22.262094911 50.939822290 -0.812243890 0.002157367 -0.411571116 0.413357503
4.492105374 -10.953967661 43.647814944 -0.646409285 0.048643774 0.000575920 0.761438434
2.926808366 -19.581873210 49.551366112 0.506517626 -0.407579670 0.740100705 -0.171958290
10.773101907 -18.341668630 43.447515570 0.099377535 0.931664031 -0.239061692 -0.254903408
7.614454136 -9.800067601 39.654286877 -0.654951727 -0.386095335 0.300938096 0.575677765
6.325015190 -18.503932794 38.989706296 0.757564234 0.515680555 -0.399541835 -0.023158559
0.428654632 -12.142151193 43.395018434 0.283482004 -0.264616638 0.917896784 -0.084151540
2.414750915 -13.879477189 43.117665279 0.246772122 0.945177827 -0.104234373 0.186755429
-1.639344650 -11.460463897 49.831182029 0.508027152 -0.847517484 0.153587699 -0.005774662
-0.431870070 -4.593893679 47.289849913 -0.013087214 0.768017548 0.617074503 0.170870794
10.074394957 -16.244651384 41.086036141 0.428082333 -0.215391832 -0.536520413 -0.694620559
5.196005090 -6.222780492 51.455290061 -0.949703585 -0.166723950 0.250588861 -0.086437544
-3.592916971 -13.691977037 46.336844118 -0.377078658 0.012859772 0.907229606 -0.185959015
7.845626160 -20.008658640 46.437362465 0.402231577 -0.663933436 0.540038692 0.325208183
-4.191446520 -14.218150030 45.881985183 -0.360809368 0.339299908 0.693535941 0.523163522
-0.448643678 -11.955733170 43.147353380 -0.727150967 -0.163226645 0.462249327 -0.480556025
8.879994527 -10.221265259 43.835512671 -0.993438296 0.098918942 -0.021840707 -0.053088399
5.716596062 -13.405269932 53.524945073 0.110628153 -0.357582256 0.472356547 0.797982227
12.169747794 -10.387766401 45.583948680 -0.355069802 0.809230970 0.169827573 0.436152804
9.152453424 -5.871042854 45.772711716 -0.687621104 -0.519158325 -0.301271103 -0.408518756
10.854390965 -6.666932641 45.627049952 -0.189831225 -0.105125166 -0.901677128 -0.374020270
1.783149889 -11.614696404 41.070291090 0.865042167 -0.312832529 -0.158110502 -0.358941399
9.999452953 -13.479084119 39.845472078 -0.346044518 -0.226192100 -0.557839468 -0.719656482
2.923507757 -13.904401680 52.998470011 -0.337975753 -0.223315308 0.913917220 0.025651112
2.601421479 -7.708536715 39.801107583 -0.776935730 0.371953095 0.092317290 0.499499034
11.186915578 -16.594290126 43.707414391 -0.622601452 0.720386018 0.253133036 -0.171274876
11.448253916 -8.429849191 49.729413603 -0.675941838 -0.707705566 -0.008620497 -0.205380501
1.934774433 -15.010326792 37.983388090 0.974888281 -0.003944587 0.126297760 -0.183374357
10.806550275 -17.800072407 47.839064940 -0.381829827 0.226112170 -0.081323821 -0.892449274
7.749308488 -21.032272509 50.921033647 0.640106808 0.455783722 -0.485059518 0.383720911
-5.473152299 -11.795304670 49.389984895 0.663986120 0.671446184 0.327646316 -0.030501576
3.513115485 -16.205798904 54.544856180 -0.770590019 0.163524728 -0.200943690 0.582299166
6.957258289 -7.877300139 53.682230672 -0.211627187 -0.265094032 -0.147614322 -0.929058179
8.276034429 -9.373650305 42.133258670 -0.862256959 -0.019318784 0.345847585 0.369498538
4.258351334 -21.747647225 47.045992703 -0.914596587 -0.080009739 -0.376029086 0.125354105
-0.092947624 -7.657875101 39.746937138 -0.729368070 0.298670234 -0.360054736 0.499178223
-4.003759896 -18.116400930 46.993148992 0.216029327 -0.393148975 -0.889084883 0.091067474
8.208803700 -14.696526489 45.858480460 -0.392159434 0.652778462 -0.216245365 -0.611006711
-0.463181690 -17.888508096 53.972593762 -0.415032436 0.760137739 -0.016339347 0.499671613
-4.425091889 -10.898131142 45.790452369 0.084792943 -0.207125087 -0.456553348 -0.861085591
-0.605233213 -10.267352209 39.550385911 0.075791177 0.779501125 -0.621052297 -0.030458799
5.274868905 -22.983642109 47.657745251 0.069622824 -0.544161902 -0.694619393 -0.465343299
-0.477373728 -6.523488617 45.775315249 -0.638298298 0.650743500 0.052534735 0.407858164
3.948687439 -18.621677094 39.374412958 -0.863850049 -0.021004182 -0.242495964 -0.441041522
5.564023858 -6.850727024 53.595849848 -0.296684268 0.761898517 -0.289712169 0.497549950
5.706563217 -7.019305227 54.080751564 0.447333532 0.089904844 0.695002462 0.555681031
-0.418649577 -12.310886089 49.939863736 0.820164103 -0.035189130 -0.424900975 0.381512426
0.296297370 -17.824946947 38.647366346 0.657389937 0.395536938 -0.305802059 0.563803247
10.179155225 -17.306532609 50.498278237 -0.514266369 0.308248054 -0.619970749 0.506112150
9.419241591 -12.978041553 50.007246860 -0.000882520 -0.012928439 -0.830525185 0.556830309
3.565241528 -11.424852200 40.167420665 -0.502340335 -0.279140641 0.762213057 0.297936144
0.828117029 -7.701365547 47.077451301 0.663260112 0.086122989 0.739148261 -0.079553144
8.577771277 -19.976197483 42.076313722 0.257555433 0.938083152 0.080424131 0.217249068
2.242190111 -14.920302690 56.174507242 -0.120333254 0.123379462 0.712257577 -0.680431157
3.010360814 -8.747476057 50.434289486 -0.579506176 0.086509981 0.765185404 -0.266795638
9.969719667 -16.668709941 40.021050953 -0.171962566 -0.128525954 0.369427562 -0.904120142
1.149290422 -16.147182362 40.293745774 0.123707461 0.547271106 -0.524205496 -0.640624226
3.256954966 -12.087937463 54.807539848 -0.393090494 -0.489063987 -0.727031954 0.278784536
8.739999910 -19.007110305 49.591532820 -0.781671440 0.553949465 0.280681319 0.057859716
-0.069659941 -8.085274857 49.726307581 -0.771648584 -0.327693419 0.082538322 0.538853330
-0.115210275 -9.484680209 40.049898045 0.415761462 -0.346248683 0.804016160 -0.246601440
3.736000385 -18.400052479 49.365957981 -0.866734565 -0.112888293 0.130889589 0.467862526
-2.360605112 -11.838509171 39.726347280 -0.561143048 0.398494685 0.024232287 0.725074660
10.863788052 -11.987714942 44.896505331 -0.241956389 -0.940103090 -0.100437789 -0.218118171
-5.238466949 -10.452099100 45.609312513 -0.117032300 -0.467674568 -0.800719489 0.355573115
9.564182290 -13.728537488 39.067041682 -0.598828904 -0.148006898 0.568439242 0.544403095
6.474194571 -13.880575459 40.064863534 -0.710673622 -0.305421255 -0.154853371 -0.614557803
5.709242979 -19.309337168 50.019596592 0.373996244 0.243595478 0.878922135 0.168178277
10.230471007 -13.219093356 46.426966941 -0.281078010 -0.487259998 -0.563276752 0.605220743
7.171217123 -22.304020023 50.076885419 0.573157954 0.139719034 0.800900601 0.102600087
3.182709645 -7.034934144 45.339790321 -0.190808875 -0.571121091 -0.702145886 0.380005037
6.069594287 -15.673176338 45.532030712 0.481792722 0.238078742 0.836634880 0.106001710
8.698415861 -17.067732673 45.594034851 0.733868781 0.024852190 0.050646368 -0.676944552
6.429735064 -6.069132037 52.760745307 0.764848215 -0.317806979 -0.449395681 -0.334737889
8.726479509 -8.361386988 40.697015188 0.939260038 0.183291686 -0.171715054 -0.233898866
-1.816286874 -15.075331175 47.623151273 -0.468628000 -0.087809734 -0.778483003 0.408217421
-2.942920674 -17.485387295 41.757270370 0.910841499 0.372188101 0.169996442 -0.054267768
-4.202340117 -8.094129071 47.630415137 0.179953290 0.313131862 0.687900395 -0.629569929
6.664047781 -14.394762741 41.449880140 0.192891565 -0.536563137 -0.564839570 -0.596530891
0.848136852 -4.553199857 44.968628187 -0.166470059 0.093747784 0.980593239 0.043999682
1.003020301 -19.186440740 41.782143217 -0.142773939 0.978606296 -0.021766220 -0.146531743
5.209019204 -8.584694272 41.181254903 0.502843258 0.636245656 0.342435608 0.474423837
-1.479172375 -17.121797058 39.574967963 0.464511376 0.569030459 -0.677831129 0.031280633
-0.541287962 -13.237180088 45.865361707 0.686739925 0.293650101 -0.481131098 -0.458988845
0.881280489 -21.379122969 44.147294985 0.136938516 -0.489862858 -0.157987415 0.846358198
-4.279327041 -16.841266663 50.908823156 -0.942538494 -0.195249305 -0.120948843 0.242631972
6.567159187 -9.702965473 53.914349655 0.084003069 0.940143570 -0.110947791 -0.311069348
1.402836648 -10.997238788 52.335297488 0.268520437 -0.346102757 -0.787980814 -0.432661408
-0.524589098 -13.085460516 43.420784723 0.684079763 -0.426091608 -0.589805588 0.051089997
0.594907757 -6.060834964 48.954950892 0.629528915 -0.504246036 -0.443515033 -0.390798792
-1.372274017 -13.471082633 38.435966407 0.016244909 0.613551243 0.781033388 -0.115229429
4.075466729 -10.911028031 52.734070286 -0.364846982 -0.322540955 -0.720371237 -0.493881861
8.905411532 -11.726696005 47.020274050 -0.509689979 -0.352357338 0.757628498 0.205084108
3.824305871 -10.724285192 51.073696325 0.873501067 -0.155806527 -0.307309518 -0.343920153
7.777176658 -19.508142813 51.152845252 0.089739473 0.097827689 -0.968625644 -0.210097433
6.576637581 -11.625092456 48.647061075 -0.185830415 -0.551093131 -0.806814460 0.103989640
-2.092387001 -17.932671537 50.163486158 -0.037469698 -0.770961831 -0.628044836 0.098861320
8.488254499 -13.566396911 41.599643424 -0.128497171 -0.244111388 -0.679793986 0.679542673
-2.166227916 -13.183574239 44.552861897 0.525688920 0.743603381 0.197154518 -0.363091265
-2.645784873 -12.603481548 51.508595883 -0.731239647 -0.221130679 0.639342693 -0.087354000
10.852312886 -6.474086419 47.139160105 -0.355160360 0.005820550 -0.488105771 0.797232711
-0.346995461 -7.496407363 52.631436440 -0.860572421 -0.465334177 -0.200174515 0.053003548
3.614862173 -18.311915757 52.329953616 0.858902719 0.147705673 0.163451587 -0.462334006
6.926862290 -19.348584735 46.402830405 -0.564505438 -0.232963336 0.203930796 -0.765162679
5.862854536 -16.265932343 39.646255841 0.105053483 -0.265987394 0.086741005 0.954301037
4.708140613 -6.234258109 52.292342922 0.854174743 0.234572825 -0.393834693 0.245469618
1.657403020 -21.381954263 50.013785338 0.306043172 0.920947891 -0.193025526 -0.144684848
6.645707868 -5.844902661 43.790041711 0.356120026 -0.665603154 -0.632828908 0.172274613
0.180041086 -8.127936318 41.328682135 0.263358950 0.691950704 -0.538104275 0.402852425
