-12.238833881 10.591929385 35.729857165 0.339553038 0.437170002 -0.821939264 -0.134171418
-18.801497383 5.884063022 32.324778366 -0.751183651 -0.561398210 -0.344612153 -0.042398531
-11.781732441 1.762375777 29.579767421 0.550642235 -0.323218845 -0.756516471 -0.141440931
-15.839752164 13.119571449 36.099246847 -0.640986019 -0.733354634 0.034569974 -0.223903598
-12.369817073 9.124574124 37.032069327 -0.086694621 -0.646159119 0.223582906 -0.724550288
-19.992758585 -1.305647566 30.728622930 -0.505853018 -0.162596578 0.021094249 0.846894391
-18.909671922 12.933197501 26.435632654 -0.406566603 0.460131067 -0.096694539 -0.783347410
-17.844349891 0.102308119 26.598141556 0.670918317 -0.554401159 0.244622715 0.427396412
-15.715806504 8.908535169 27.387001253 -0.787523381 -0.208083255 0.010427176 -0.579999619
-13.409700712 10.969393493 38.104367674 -0.954615680 0.201478695 0.110517086 -0.189476153
-8.191578887 9.715088473 29.607714052 0.456956240 -0.499450756 -0.523064966 -0.517825240
-12.003197559 3.289157829 35.165554266 -0.509527430 -0.752172257 -0.178910531 0.377637015
-14.233838925 -0.291026273 33.893372638 -0.451711725 -0.853394867 -0.078496285 -0.248016231
-16.362647643 1.760286455 39.660013735 0.041977728 -0.802180779 -0.594259739 0.039990392
-23.559140242 11.837164034 28.321410328 -0.734060026 0.261875560 -0.624528162 -0.050414714
-16.900061389 6.631342939 33.385518454 -0.636110193 0.362612374 0.456229401 -0.505698351
-12.608285499 1.300847155 33.128502393 0.315163371 -0.186856164 -0.244785474 -0.897684184
-24.245201462 7.192168073 32.177670726 -0.180257485 -0.442953412 -0.821554993 -0.310397981
-20.301977473 9.107879560 34.809914484 0.679380931 0.371034531 0.147186033 -0.615720065
-14.118316010 9.618433511 37.951080090 -0.119268022 -0.775601356 -0.184552910 -0.591741412
-14.187081742 4.828047208 29.073707183 0.709897538 -0.105532590 0.440974430 0.538934050
-17.166873552 -1.030243450 31.479887707 -0.357101290 0.345600851 0.470784401 -0.728972406
-19.120859946 12.505498598 31.417572358 -0.239485901 -0.877012026 -0.415772727 0.025088815
-18.536537765 -0.103577318 34.688622039 -0.327264160 -0.705050383 -0.099351180 0.621233829
-16.877265298 -2.208484016 29.218296608 0.875031610 0.362188388 0.312679646 0.073285001
-19.762148140 9.605396224 31.853351607 -0.312295689 -0.755782441 0.379491443 -0.432724564
-18.178463269 -1.251406685 29.637904330 -0.156378593 -0.942370013 0.272869651 -0.114134340
-18.026146561 1.285236028 25.214674658 0.332642667 -0.003906255 -0.550528714 -0.765670773
-14.771511406 -2.223728497 35.563786505 0.392945361 0.131130511 0.909911901 0.021425812
-9.595854997 6.237273118 26.012144300 -0.868027328 0.345613920 0.127960005 -0.332724830
-22.982506215 3.846469123 37.424412412 0.130228056 0.861158647 0.467995252 0.149756076
-15.837881341 10.194112729 35.837407135 -0.974966800 0.156450035 0.141966534 -0.069344275
-18.977058937 8.857032257 39.397323098 0.416739505 -0.315399442 0.242015586 0.817483842
-18.979653569 13.570876608 29.782711438 0.799121915 -0.410341813 0.246534845 0.363654136
-16.369484898 0.272222832 25.993718368 0.703135269 0.419963804 -0.018085722 -0.573501616
-26.386891686 4.002792780 34.720882684 -0.752544436 -0.361639444 0.399774347 0.378251577
-16.423116567 1.555186902 34.747351565 -0.947150285 -0.210359368 0.225976986 -0.087118746
-17.464585631 -1.549408747 35.258524881 -0.218308423 0.372899681 -0.790368784 -0.434286134
-7.567399724 8.541308658 33.469611151 -0.396269919 -0.071294604 0.114842602 0.908129070
-23.050062574 -1.554720443 33.024494934 0.441887202 -0.450976120 0.613525803 -0.474280854
-9.746614373 6.919828166 33.746191395 0.360664605 -0.549569817 -0.427740833 -0.620428754
-12.757279376 5.036116918 31.027973183 -0.909956116 0.039250323 0.083103850 0.404392173
-20.898787362 9.683743047 37.523902666 -0.297821876 -0.554313410 -0.275734219 0.726642563
-21.058696699 6.841854663 29.300709232 -0.384001219 -0.526486176 0.320149244 0.687648043
-15.536414702 10.163064772 35.733415368 -0.009979997 0.020188298 -0.228426248 -0.973300715
-15.722105523 8.086518954 29.886908763 0.574938397 -0.543187932 0.531303842 0.303494543
-9.981729108 4.319459510 34.673096890 -0.185223464 -0.746973294 0.590864302 -0.242079621
-23.188520277 2.759713621 33.311032085 0.005234487 -0.787486554 -0.607497499 -0.103847565
-14.238475375 7.847109275 34.209323264 -0.861251980 -0.121699155 0.167729050 0.464005720
-11.190876427 6.571396716 34.323429561 -0.167536986 0.825459351 0.435012134 0.318296498
-14.155170424 9.728498602 34.692455702 -0.199724623 0.831114877 0.412502277 -0.314960327
-23.191117222 5.459286577 33.236190160 0.839945066 0.282806536 0.382853786 -0.260644831
-16.614025257 14.941149681 33.936168252 -0.905706536 0.179967263 0.083932933 -0.374516646
-19.192239883 10.421975710 31.728229952 0.406437328 0.314538144 -0.084788796 0.853630667
-23.965579025 12.638174150 32.197607231 0.090842152 -0.242150259 -0.863528900 -0.432930472
-24.376516337 7.446494021 37.180571604 -0.796518683 0.598997363 0.054631176 0.061445757
-19.405175941 4.349845884 34.330031882 -0.380858509 0.570264059 -0.525659244 -0.503416386
-18.129687101 2.255613311 33.983014128 0.147022008 -0.728293553 0.043077214 0.667920192
-8.996651324 8.661041608 34.052105761 0.918150901 0.055666125 -0.188677882 0.343948923
-15.202739697 13.216355452 36.959000428 0.486205624 -0.718454715 0.171852546 -0.466790762
-19.124248770 4.134920236 33.505092176 0.437564657 0.032336541 0.796848775 -0.415359541
-25.386343039 4.002534951 28.305442100 -0.496453072 0.842819364 -0.089457874 0.187582395
-13.021575220 7.577312867 33.174202484 -0.669151788 -0.411936458 -0.590586802 0.183715728
-14.844180163 2.063337854 27.279564001 0.255489146 0.614931558 0.663890400 0.340343961
-15.069687961 14.265451875 35.766924209 -0.764199551 -0.224300501 0.576062281 0.183958092
-19.107325118 4.468530983 26.953595677 0.849838936 0.287061182 -0.419689329 0.138674179
-23.685050126 5.641779259 37.514974680 -0.610375488 -0.393086461 -0.687692183 -0.002063597
-14.722403214 11.786257282 37.725241107 0.236046426 -0.656333564 0.434410148 -0.569908906
-20.314134617 1.720420609 27.453749180 -0.264762678 0.451689035 -0.850838036 0.044185717
-15.728401858 4.551959165 26.594142730 0.290632925 -0.593976660 0.028176871 0.749620100
-18.136007395 5.537719913 36.753617629 0.506941963 -0.380585621 -0.739677434 0.225924157
-22.163223708 6.781020529 25.779767642 0.682816204 -0.435554903 0.586345853 -0.015890219
-24.020429448 4.771461155 27.149469142 0.505067099 -0.094930894 -0.848391778 -0.126991111
-11.371997621 5.132604768 38.470259191 -0.838605168 -0.175085819 0.216546234 -0.468181650
-10.088349722 10.833298047 36.255174186 0.415166452 -0.188104718 -0.731614718 -0.506945102
-18.155607734 3.680432253 25.606643181 -0.237080259 0.011075429 0.816323084 0.526580391
-13.780450244 13.364118761 33.157562521 0.558419431 0.410007433 -0.084718092 -0.716159542
-13.890606370 13.968461565 28.444907946 0.062534547 0.683596829 0.684835349 -0.244510430
-14.198842434 0.297180087 30.216452111 0.656603431 -0.459496370 -0.180385049 -0.570259813
-16.821239445 3.494235570 32.498162487 0.630516071 -0.360333043 -0.152967937 0.670231596
-18.909844980 2.230795510 36.735052061 0.938741687 0.151900986 0.146816620 -0.272277461
-20.319784233 3.292921699 38.600330415 0.245581925 0.067946214 -0.610825858 -0.749642983
-19.252977979 4.037284436 27.793442050 -0.382446294 -0.783831857 -0.159796545 -0.462393249
-13.252923732 2.026150494 37.260225562 0.038779533 0.729061290 -0.563901954 0.385979753
-11.858083980 9.454650769 32.842316804 -0.076967861 -0.182663900 0.974946522 0.100941207
-11.128224981 0.469343950 36.322922705 -0.560030290 0.559222733 0.451654915 0.411878438
-11.437785713 2.164020993 36.798920691 0.276917498 0.107347235 0.813378522 -0.500208607
-15.836212864 2.940292653 25.650431578 0.702439443 0.246202842 0.469760861 0.474644838
-10.915561664 14.018872831 34.394418277 -0.393870264 0.810418911 -0.426323376 0.079597637
-18.001882495 -1.782109589 36.985973791 -0.686421009 0.257640733 0.512970820 -0.446439681
-9.142652186 2.175110601 29.656460337 0.283933822 0.077813709 0.800255797 0.522414845
-19.908827839 1.730537222 37.369353942 -0.429586417 0.657918395 0.532168479 0.315270688
-23.406420132 5.250643006 39.354532488 0.056091183 0.572067474 -0.684466466 0.448439787
-15.244980088 10.810229735 38.427363547 0.124087926 -0.804307826 0.543420403 -0.205877084
-16.983128450 7.480061583 36.376451688 0.201716933 -0.040564725 0.948886133 -0.239332174
-24.907078959 6.538333859 33.791593038 0.462413829 -0.289137048 -0.634164511 -0.548095422
-19.239279954 13.936806365 33.400304585 -0.897146501 0.236981352 0.133358472 -0.348114224
-12.623723642 -1.942006348 30.112310106 -0.338825754 0.879354845 0.188095035 0.276681086
-10.445836980 12.434013154 28.109869812 0.826393986 -0.063874496 0.152574147 -0.538251017
-14.948941968 3.214830100 37.893792046 -0.429878641 -0.072886608 -0.242581541 0.866629155
-17.966495895 6.465114094 26.505479507 -0.560129414 0.210800684 0.642389429 -0.478700254
-21.417369711 4.055561789 37.114200449 -0.481103983 0.826909934 -0.140478794 -0.254999268
-22.300444796 10.586019171 39.141352857 0.319180064 -0.134885848 -0.640656932 0.685192375
-9.250976863 3.292904896 33.020155172 -0.533094402 -0.334083549 0.755410787 0.183175006
-8.948270496 5.755583139 37.678891441 -0.233412369 -0.536469742 -0.776016514 -0.235620990
-24.083024074 8.244418538 28.110048055 0.508002162 -0.278414066 -0.493859638 -0.648476730
-21.977949048 5.669875797 25.567619888 0.099019042 0.970989492 0.217431759 0.009902830
-21.233738284 11.045447422 34.973730017 0.524564260 0.031998674 0.301727289 -0.795467828
-18.540205793 13.168377434 27.917729248 0.594203144 -0.107230578 -0.256488327 -0.754743642
-14.742740329 10.692191288 29.452908061 -0.095766405 0.633259786 -0.009206300 -0.767936250
-18.301289780 11.801207272 36.420984849 -0.013504028 -0.363230940 -0.917097295 -0.163748210
-23.524974651 10.813293794 31.095215836 0.062749413 -0.657275841 0.233804657 -0.713713081
-17.811170286 8.996503480 39.981722134 -0.681981315 0.491777090 -0.154956562 0.518695714
-20.253539796 8.298907136 32.974315270 0.505325362 -0.222556290 -0.741130831 -0.381890126
-17.594604699 0.090483749 30.560266873 0.964266275 -0.166653253 0.131104549 0.158835897
-20.715870042 8.204297318 30.614862825 -0.229757706 -0.265186457 -0.222073692 -0.909709193
-23.786983440 12.339272244 28.908808380 0.175875688 0.250959786 0.505559066 0.806533917
-14.431636717 0.828285964 27.293713806 -0.377083863 -0.224866098 0.676125935 -0.591689714
-7.824552749 2.949360107 32.805318506 0.527081108 0.260314569 -0.707281922 0.392650116
-8.389208240 9.008719455 32.080448728 -0.072473484 0.841894046 0.090388259 -0.527059743
-19.877846505 1.471116327 33.857503363 -0.693804653 0.591673743 0.410513818 0.005974127
-22.461785644 -1.202666661 29.103197185 -0.790080876 0.090324639 -0.598288697 -0.098307191
-21.940935690 5.666456567 38.613362815 -0.084205795 0.584352585 -0.777356141 0.217160933
-20.143791360 5.958821976 26.230156404 -0.930617336 0.056377415 0.148337959 -0.329801170
-19.760166336 2.815578834 33.730092066 -0.120228633 -0.387290317 0.403771706 0.820072982
-12.638520344 10.111661192 28.461280606 0.232470657 0.444774425 0.517684634 -0.692918267
-24.152300271 6.236320706 26.067916888 0.000590604 -0.808625719 -0.153588357 -0.567921399
-22.131232413 11.696996731 30.877183131 -0.306172265 -0.353269227 0.508774450 0.722916286
-15.840626271 6.531556390 31.042086411 0.316652996 0.033618909 0.901700110 -0.292468049
-22.607421431 11.973683040 30.850620746 0.112403559 -0.658676220 -0.584040212 0.460877540
-19.971337257 13.431088197 27.560682484 -0.589760921 0.708852902 0.206385978 -0.327283436
-14.371711993 5.427460893 39.753423021 -0.708710985 -0.364629084 -0.562239056 0.220593778
-21.421356038 -1.059856675 37.543397966 0.137336044 0.343784770 -0.683372014 -0.629248388
-19.004217635 12.550852147 27.001929753 -0.792555454 -0.418335642 0.016290232 0.443379940
-14.037672273 -0.551826185 33.886839801 -0.083698574 0.604765697 0.686941857 0.394162257
-19.568829853 0.735867262 38.326382733 0.418012158 0.032374703 0.839218291 -0.346309650
-21.214971961 8.140485126 27.569502147 -0.263073670 0.233697967 -0.544004158 0.761732880
-15.386041059 15.572683001 35.100981370 -0.526311118 -0.676995009 -0.053254271 -0.511701424
-18.376402652 2.635827965 40.604427554 -0.741618547 -0.125407895 -0.312341685 -0.580273610
-18.287260139 8.169124328 26.922670480 0.772618184 -0.426344574 -0.469443173 0.030241592
-23.182583420 3.063534804 32.813433896 -0.142718147 0.564436536 -0.602085266 0.546384718
-18.619702770 6.933759243 23.337666320 -0.615218772 0.652891156 0.199615757 -0.394198619
-19.510359095 10.504907334 35.827900674 0.332652409 -0.135420869 -0.540450740 -0.760865666
-21.777586926 4.358928514 36.141818987 -0.892569005 0.417038175 0.022623480 0.169964438
-15.411939887 -2.617358612 34.969749306 -0.261993475 -0.677099712 -0.346847421 -0.593794801
-17.923351788 2.407924399 24.406902155 0.470891310 -0.881230018 0.040006689 -0.009720824
-22.010036575 2.313562531 31.136744585 0.061886646 -0.082804051 -0.754711982 -0.647860599
-13.354921682 -0.703108308 33.318742078 -0.249023724 0.019033258 -0.956863420 0.148449709
-19.084954448 4.560069655 37.301049787 -0.410342026 -0.820599347 0.231556142 0.323446884
-20.416630868 13.694560185 30.037375143 -0.346268728 0.286795668 -0.841631672 -0.299169419
-10.822526360 13.378393660 33.800790377 0.152484698 -0.909931221 0.340838328 0.180562520
-15.638593117 0.174075528 39.262271882 -0.229218329 -0.948721786 -0.190711043 -0.104953462
-21.342847724 6.372798865 27.021185853 -0.694315948 -0.389080754 0.530525002 0.291692910
-12.376546553 9.676490408 33.369397992 0.322786973 0.246510377 0.371215169 0.835009283
-10.065886000 4.359377088 36.404218553 0.908318078 -0.112123395 -0.255785591 0.311384561
-11.471155996 1.478507063 28.211670467 -0.415182552 0.727376331 -0.513898669 -0.185621334
-16.362426544 0.082941857 37.817509367 -0.376656490 -0.264028945 0.880274407 0.116342482
-15.515488531 3.363599677 29.801388830 -0.853876847 0.519831836 -0.016418616 -0.019990533
-24.172680959 10.466394961 36.255104816 0.094287818 -0.702969266 -0.621937456 0.331870183
-11.244249575 10.102006686 28.305833707 0.641760556 0.442055440 0.619205397 0.096514528
-22.092566657 11.565591108 29.270598502 0.989869696 -0.138527312 -0.028255322 -0.013030969
-17.562975352 -1.330382486 28.631314223 -0.482488919 0.374249954 0.749491645 -0.255741448
-18.352188003 12.471948866 25.946803578 0.249022416 0.132797711 0.541539454 -0.791888643
-22.907157750 7.649935063 33.212593953 -0.620084696 -0.587263651 -0.408144661 -0.322543500
-15.307258238 2.675004631 41.143946375 -0.150769875 -0.137955564 -0.599957811 -0.773490357
-23.163737749 4.002325608 25.884477617 -0.041730028 -0.027567030 0.931317456 -0.360758174
-12.781244120 14.647028653 29.195963295 -0.938863154 0.040766474 0.211060251 0.268937992
-17.640257098 7.709424023 24.225672548 -0.208990858 -0.516016538 0.110006447 -0.823376181
-13.189116070 7.943355484 39.777247960 0.124078513 0.421287301 -0.459972211 0.771716981
-17.084385062 8.941822956 29.062807088 0.636134131 -0.096793032 0.392275714 0.657331149
-21.396280398 -0.357084101 28.470431587 0.519273142 0.770619006 -0.090571715 0.358187823
-22.127075923 6.322457173 33.321078518 0.103305108 -0.063270384 -0.087173074 -0.988800166
-9.646482423 3.082089143 29.984902699 -0.232080612 -0.803729296 0.016253223 -0.547625456
-13.081275622 6.665073187 35.013230601 -0.598415380 0.262019716 0.182247286 0.734867762
-22.690552075 8.860338062 32.956901528 0.365437762 0.464478425 -0.376366627 0.713486648
-12.536249268 3.774699780 36.177661149 -0.340807804 -0.565923040 -0.671876093 -0.334908450
-13.237187586 5.886483908 37.777303129 -0.454835111 -0.363513164 -0.297227408 -0.756729192
-21.598994606 6.898480723 31.695685001 -0.294816317 0.099329892 0.410378951 -0.857208276
-18.921074824 11.112870846 36.966342672 -0.511936425 0.091885267 -0.852514097 -0.051941400
-19.278924843 2.184785113 31.045307432 -0.023537816 -0.221910590 -0.919488883 0.323638463
-17.956514905 9.881805012 26.063587026 -0.630465294 -0.037229458 -0.669086923 -0.391727164
-12.553398969 5.721162001 33.705537380 -0.097558834 -0.114468878 0.003510844 0.988618644
-15.077907325 1.062058168 27.724269592 0.922848413 0.043940569 -0.233716226 0.302979799
-17.885136157 0.349030278 35.463186124 -0.600174899 -0.075460542 -0.795160627 0.042607215
-17.839918837 10.661284582 38.403947978 0.401874968 -0.476014850 -0.315466876 -0.715812142
-13.443572089 13.072884727 34.811081711 -0.245102544 -0.589456331 -0.294913791 0.710979488
-15.465187434 5.811035195 32.324386282 0.859340443 0.352873697 -0.305628215 0.208819424
-25.153688903 7.704737214 29.729344418 -0.315215311 -0.246935308 0.811229971 0.426108197
-19.103524793 -0.391095826 34.169570286 -0.866227048 -0.002156005 0.368917408 -0.336965872
-18.053879991 3.436332803 24.589090710 0.546817480 0.578337398 -0.266813805 0.543439869
-24.578042857 0.645992229 31.900315065 -0.429466531 0.494727724 -0.672394472 -0.344512193
-14.887455595 3.117883517 25.153820594 -0.447137543 0.654361346 0.060611164 0.606799418
-18.007745656 8.256730690 28.005723632 0.220315571 -0.441737533 -0.840614261 -0.222927489
-20.778782658 13.484170277 27.825078937 -0.455909398 -0.507231903 0.580258422 -0.445154558
-17.234973514 0.853554576 25.637656595 0.445251541 0.414151910 0.761507665 -0.224355380
-25.253247761 5.908782248 34.992957502 -0.434329037 0.035588136 0.807650842 -0.397230273
-18.891019370 4.283629713 28.903638512 0.226032250 0.177758077 -0.098421318 -0.952693409
-20.453796438 9.315351366 37.821780903 0.535857211 -0.057561626 -0.832265960 -0.129911820
-8.141141459 4.658104559 30.223528511 0.770312246 -0.105807046 -0.516103923 0.359250126
-13.689973984 1.792889594 35.196411468 -0.327579420 0.391048226 -0.238485214 0.826376313
