-17.581459820 20.638950760 26.180470831 0.280382249 0.473442653 0.515469557 0.656908657
-26.807961851 20.301146657 19.383218808 -0.054838629 0.015553253 -0.998344787 0.007649055
-12.093062458 9.370480032 18.967809167 -0.245178591 0.091623526 -0.581275116 -0.770462087
-28.261721195 8.508286604 20.762930795 0.189531630 -0.793565484 -0.578189493 0.005338057
-19.597215244 15.688234387 26.903643712 -0.056220279 -0.414819476 0.831592948 0.364989386
-22.180179681 12.429848806 14.564073702 -0.471717240 0.276310365 0.090368984 0.832447521
-21.523484145 6.037020807 18.566101524 0.547597273 0.139670086 0.661211363 -0.493385272
-21.525780097 9.833763379 13.542022051 -0.428779195 -0.174235082 0.706741931 0.535076052
-29.351033953 11.281265178 17.421321240 -0.390406367 0.140403727 0.757806786 -0.503585679
-27.376004283 6.826692655 26.131982769 -0.262649258 -0.841321170 -0.448123155 -0.149598445
-24.392134473 20.083672977 25.477534069 -0.843955591 0.017094738 -0.509898840 0.165680124
-15.265111678 13.072323368 15.198896417 0.518541933 0.545385159 -0.548098428 0.365044388
-18.697965202 7.553758322 17.978278465 -0.402432109 -0.350593416 0.386542093 -0.752142184
-20.751452739 17.324527204 28.739671403 -0.720221668 0.117795165 -0.399450676 0.554837099
-13.987762375 14.182053889 24.157433898 -0.343896294 0.313158788 -0.600002975 0.650894263
-15.013903062 17.815820959 25.838055039 0.294361286 -0.721509974 -0.492790210 -0.387211312
-16.992982614 7.578401974 25.400721651 0.722618370 -0.088367647 -0.284558069 0.623731156
-20.054478426 18.233977430 18.041278842 -0.136595245 -0.205017959 0.304637647 -0.920057215
-24.934825840 14.168395230 24.153837872 0.598426919 -0.789871459 0.060856281 -0.119519097
-21.537913298 11.982309429 16.577153954 -0.496692704 -0.286967699 -0.128659464 0.808945387
-19.185816558 14.541696237 14.695568209 0.764383999 0.232583486 -0.572379363 0.184401433
-22.226086978 13.312567230 31.596717638 -0.541963064 0.518615711 0.374540760 0.545007340
-26.333441756 20.123502125 22.780404754 -0.617233465 -0.487615329 -0.380990982 -0.485901236
-24.522245094 14.617994743 20.916798622 -0.067178493 0.062980305 0.668104955 -0.738347006
-17.545432115 5.386734833 21.323695950 0.356645385 0.348634140 -0.033359214 -0.866109386
-25.842942005 19.393827316 17.400596927 0.364552514 -0.081206139 -0.854859351 0.360170124
-12.202135168 12.078598947 18.993603680 -0.542067381 -0.633096116 0.452644439 0.316962575
-24.216865234 4.906172976 18.869653457 -0.356735821 0.096080298 -0.926065590 -0.076880772
-26.435098572 11.961446558 22.893158451 -0.369358268 0.621910729 0.170382743 0.669157108
-22.036700747 18.600844075 15.682331900 -0.151814507 -0.718790438 0.269533643 0.622610855
-21.306491463 13.423859273 30.594785410 -0.011554846 0.611318969 -0.561150490 -0.557911939
-13.440885931 14.366473429 26.540017355 0.862735686 0.228812742 0.397998367 0.211965008
-26.708112401 14.513388067 22.308045419 0.755840935 0.218100438 0.231762359 -0.572208780
-28.400478407 11.291962157 18.915891961 0.393533329 0.208526855 0.854023750 -0.268870795
-23.999871926 8.643415323 22.947337084 -0.230104093 0.632757490 -0.259708223 -0.692258408
-16.911428868 9.539995341 24.388955914 0.478575795 0.775387105 0.411379273 0.022519773
-27.950845264 16.062346491 23.858735394 -0.144136144 0.394235599 -0.424369556 0.802317608
-17.785116628 8.803308338 13.824563508 0.564795307 0.703841026 0.381530150 -0.200122005
-24.385078694 11.413954555 12.817220206 0.801694094 0.084262349 -0.574349752 0.142508944
-25.692333242 12.606726303 19.873319567 -0.351767220 0.035267737 -0.240961764 -0.903854766
-16.974449960 19.376930305 25.556441288 -0.195319458 -0.043034521 0.451933237 0.869341526
-16.376857129 10.169121038 21.287144196 0.379510316 0.230251658 0.502908844 0.741646000
-14.075468575 6.888250899 22.941500485 0.221586182 0.551023315 -0.461856788 -0.658757298
-16.667153175 6.310395240 25.566996776 -0.790628770 -0.024809604 0.563116238 0.239145843
-22.166517681 8.510379652 30.417961760 0.191105028 -0.582456819 0.013032649 0.789970298
-18.860501506 7.998534508 28.262095179 -0.784738975 0.613457093 0.078487643 -0.041168263
-18.001960477 13.696847279 24.968761609 -0.289608723 0.100926548 -0.941609683 -0.138966993
-22.642606265 21.069392306 23.290113659 -0.031435477 0.625810941 0.771493098 -0.110321697
-22.336542889 17.241375413 27.592358661 -0.632691836 0.313698535 -0.414417779 -0.574066350
-16.232866048 18.112205440 28.337301394 -0.640426115 0.490631155 0.171437870 -0.565459564
-26.647233783 7.476433365 23.224172769 0.489382727 -0.309358728 -0.810170390 -0.091791408
-28.673595438 19.182857964 21.843804973 0.732392558 -0.206485043 -0.648537285 -0.019090781
-28.675530499 9.388567440 22.284344401 0.165933804 -0.294057292 -0.642816146 -0.687592673
-22.383837788 15.213535711 16.882742993 -0.246409593 0.434837540 0.146724520 0.853622013
-24.617003685 12.096014008 24.491656549 -0.177596364 -0.541110553 -0.066588576 0.819283139
-25.178580906 16.233330545 15.367279473 0.980697682 -0.030146032 -0.192250304 0.019055007
-20.586259602 15.260057077 18.720035184 0.048323097 -0.032694828 -0.262871732 -0.963065096
-22.642712337 9.945159019 21.081793982 0.957497677 0.184800709 -0.090633541 0.202070429
-23.562436460 6.531936723 17.383268213 0.751271519 0.617214731 0.044583262 0.229454599
-15.350320328 12.212535114 14.465597821 -0.078787923 0.024163393 0.209886067 0.974246597
-20.118061092 18.340959672 21.968292772 0.795040471 0.160822697 0.517160377 0.273115093
-22.710500107 9.081461174 25.469629730 -0.788492226 0.211976203 0.321948467 0.479265358
-16.077315897 20.551122646 18.544575263 -0.334017880 0.450099029 0.141904657 0.815908076
-26.779448586 10.764910429 27.806029203 0.225541001 -0.310763771 -0.645121217 -0.660587428
-20.919951225 12.638276524 14.787794229 0.303646691 -0.497901824 -0.240482543 -0.775925645
-24.797253075 20.622889112 20.206142755 -0.545943683 -0.682618245 0.305302369 0.377846914
-20.876857626 18.354418272 18.416205121 0.824854803 0.051573580 0.027905281 -0.562295310
-19.292780615 19.997880378 18.341186485 0.176425354 0.708158689 0.157245239 -0.665326462
-23.121320615 20.407865782 18.297475566 0.121324757 0.351517255 0.764584530 0.526427981
-22.065958417 4.977141313 17.073105064 0.529827132 0.538540271 -0.005388548 0.655155363
-19.712394228 12.362015153 26.809793089 -0.476900287 -0.682195668 -0.330476388 -0.444927572
-15.346911216 15.268266414 27.463542144 -0.066042459 0.890472412 0.393868722 0.218093344
-26.981554140 16.620208355 19.856343389 0.462901096 0.794481382 0.317045422 0.232387844
-18.462258457 11.539607039 16.464693561 -0.534750907 0.383088467 -0.072835278 0.749653063
-16.199706893 10.917674819 22.054217648 0.085699863 0.100171873 -0.526865621 -0.839662877
-25.260028608 5.603507483 19.066197180 0.583660861 -0.089114015 0.171625915 -0.788633779
-19.582029436 14.437713909 12.200913890 -0.879024469 -0.404621308 -0.077752093 -0.239900379
-27.734186272 17.232736092 20.503736088 -0.258408839 0.370630662 -0.656711017 0.603811580
-24.618548337 3.922810094 24.292514193 0.775324971 0.183031373 0.513376852 -0.319084492
-13.012397212 6.878804366 21.763652146 -0.547067245 -0.809734962 0.108633027 0.182333723
-17.588277188 10.078886112 24.949171108 -0.015970297 0.177114218 0.410755122 -0.894234719
-25.254620219 12.613106347 26.429721851 -0.722819742 -0.051624032 -0.221804501 0.652433401
-26.183788860 8.840252228 24.000726725 -0.452568906 -0.232673095 -0.685053090 -0.521293468
-18.416918871 8.307475131 23.956010728 0.195776544 -0.703392255 0.054134974 -0.681160984
-18.931131971 7.558284480 14.202061169 0.469609025 -0.468271037 -0.254273964 -0.703942008
-20.846769587 17.217910046 14.543873987 -0.318976225 0.722734345 -0.068178588 0.609311837
-25.800759213 8.039953897 16.185520854 0.110900272 -0.685111809 0.707224908 -0.134743712
-20.983058571 5.558386814 16.707838912 0.651892590 -0.171609344 -0.687513800 0.270020479
-21.931028196 16.451284185 15.486903151 0.017349463 0.884070061 -0.258684767 0.388846133
-18.288184749 9.443980866 13.790053439 -0.786538757 -0.396431733 0.456351125 -0.126262880
-17.153218593 11.440536491 20.760466221 0.933907042 0.015254460 0.298863894 -0.195615210
-28.225195147 18.776978815 24.243640817 0.132451295 0.783577624 0.536338397 -0.284260242
-13.855454627 9.020938348 26.229810221 0.314434325 -0.054765215 -0.005907110 0.947679763
-22.436943754 12.354302608 28.468644690 -0.141546692 0.600445456 -0.341704973 -0.708990479
-29.364006564 13.807785370 25.729927347 0.529208579 0.196730439 0.252430468 0.785820764
-26.926866821 6.091652437 20.252326765 -0.503938073 -0.526072703 0.676645996 0.106977223
-23.080184384 17.422550230 15.045736169 0.735265791 0.500919056 -0.301556380 -0.342823666
-17.609930656 7.601786614 19.405259549 0.792628898 -0.240493262 0.504716901 -0.243235012
-12.760037461 15.588556834 20.450799066 -0.539847393 -0.497321813 -0.644345121 0.214604688
-24.960989997 17.553304542 23.858890853 -0.886713515 -0.405130575 -0.184169227 -0.125259951
-15.682749162 7.271607962 20.112362514 -0.224626143 -0.004023823 -0.619665427 -0.752025042
-25.870196818 9.718326029 19.706783176 -0.065624904 -0.469677925 0.221750043 0.852011113
-23.038065888 21.353373111 25.643615151 0.207323164 -0.228150841 -0.939334616 -0.150382108
-18.717780379 10.703335748 26.113087879 0.385319074 0.650640672 -0.295870440 -0.583657955
-22.544448010 17.655635035 13.422540889 -0.497274131 -0.135744069 0.583387702 0.627654981
-18.444447579 11.982814471 25.551618170 0.185442374 -0.972157402 0.141634489 0.021465847
-22.918406625 18.734309307 21.203208194 -0.189228457 -0.200220256 -0.352924345 0.894174953
-19.071991225 7.803273979 20.486930416 0.593248787 -0.281946312 0.648816905 -0.384185864
-15.136522397 14.148381417 23.682222322 0.072918270 -0.546776161 -0.367961512 0.748547314
-19.488244500 13.548955069 12.816232316 -0.037678296 0.287031079 0.931770739 -0.219081711
-15.908184067 13.797960889 29.211060405 0.086660576 -0.466243106 -0.154806494 0.866684637
-13.671630243 17.743210858 24.540648324 0.459698446 -0.156014795 -0.873618112 -0.033587450
-21.296400345 10.014255670 13.906682457 0.772722598 0.593870930 -0.011180942 0.223812625
-13.994573265 14.884410777 17.285592449 0.201755169 -0.549293423 -0.589694069 -0.556625989
-16.145468798 11.642277028 23.742240335 -0.081033906 0.553982572 -0.817014638 0.137927143
-25.749889665 6.382907832 22.929201629 0.529020431 -0.458524044 -0.103228168 0.706567074
-22.670503846 13.587611408 22.799476346 -0.173397091 0.834792332 -0.522483629 0.008128285
-23.473762624 13.363459228 13.777963211 0.641329190 -0.294946757 0.658569728 0.260747374
-28.561239533 9.262706959 27.205278342 0.431192834 -0.667558068 0.598940435 -0.098535888
-23.871297541 11.974213475 15.902132492 -0.295206219 -0.152864839 0.175201524 -0.926709261
-19.434128642 9.342783296 13.860350432 -0.353991908 -0.467303796 -0.488990799 -0.645913995
-19.026048350 14.862822185 12.424443690 -0.113571824 -0.788060866 -0.603834874 -0.038012590
-26.783389102 16.362954984 20.684621385 0.469949133 0.339373382 -0.149188048 -0.801072060
-16.262622120 6.372832289 17.805300520 0.436694937 0.110441899 0.884453183 0.121830562
-12.917363416 14.198066105 17.946705939 0.270655798 -0.689749910 -0.640223374 0.202742526
-20.218209404 14.675536953 28.440308495 0.490889951 0.597401477 -0.102326494 0.625833700
-19.985570577 10.073818288 14.485615589 -0.677111842 0.270131496 -0.617529305 0.295306765
-20.901896656 12.771951064 21.657722186 0.025985564 -0.029187302 -0.270567942 0.961907397
-24.696195382 13.034581788 25.253278614 -0.324670318 -0.561086769 -0.461646417 0.605519123
-15.475613440 17.121280302 21.304976258 0.534827029 0.420957220 -0.620346164 -0.389776481
-25.538937756 17.965100710 16.855063718 -0.177677116 -0.078303002 0.613901458 0.765130370
-23.514275294 3.696783313 22.388625107 0.044170000 -0.519414206 -0.432919096 0.735417535
-18.382254490 11.550323445 23.705422006 -0.136729465 0.867336383 0.464787030 -0.114042402
-21.798247138 7.304471092 26.807058601 -0.813210315 0.325806554 -0.371918651 0.306945581
-18.250068345 19.059654513 23.303115552 0.668142808 -0.319733014 -0.635614827 0.217600044
-25.535083775 14.824845519 14.118146582 0.385343243 -0.153613491 0.399164023 0.817668370
-26.611610309 13.971309054 19.995081969 0.125134396 -0.599093828 0.396534376 -0.684242981
-20.171461041 6.501572942 17.352950952 -0.127444673 0.881450416 -0.278639045 0.359392963
-19.325042532 10.001140207 13.749724862 -0.047931342 -0.793066892 -0.081194135 0.601793157
-22.489604319 6.749126547 22.569310856 -0.808169088 -0.570702676 0.045142901 -0.138287019
-24.213553519 12.829210691 17.088345497 0.943490347 0.055893982 0.174322002 0.276249283
-24.351818901 14.313888906 24.775500542 0.449894480 0.626818200 0.236203174 0.590679237
-18.606159529 13.651625680 23.695530072 0.985325122 -0.061442299 -0.043109052 -0.153299896
-20.626778833 5.652313484 15.622455853 0.515650896 -0.485559741 0.215712697 0.672163614
-15.457586627 13.365580865 27.569759995 -0.245370496 -0.061730927 0.536934060 -0.804788436
-22.621296215 9.786199744 25.334159712 0.533186575 -0.723507306 -0.236210045 0.369396900
-24.033699258 9.209450413 18.497793022 -0.433284051 -0.713871553 -0.433808077 -0.338323646
-29.237838196 15.960561643 21.219083953 -0.661713744 -0.746098799 0.001903537 0.073945112
-17.659728609 17.206582690 22.812428456 0.259985464 -0.236783819 -0.593305561 0.724105995
-26.118263166 12.854257396 28.120993945 0.654101131 -0.742787222 0.116664539 0.082512057
-16.620766831 16.220851333 22.826524798 0.657445199 -0.703524480 -0.010790431 0.269634353
-24.943007024 11.924508939 27.595666100 -0.732548091 0.136688795 0.469326052 0.473732545
-20.099162475 3.227772984 22.567156805 -0.489251572 -0.274982897 0.783981907 0.265310526
-17.746606106 17.477682984 26.494706409 -0.150999599 0.689536404 0.281929554 -0.649811046
-13.889136601 6.375030244 22.221972216 -0.061747613 -0.392605695 0.676694961 -0.619783777
-16.005690635 13.344004747 21.134259517 -0.207584788 -0.422254194 -0.869217667 -0.151890089
-17.542264036 15.857714539 21.861712425 0.572958122 0.481084045 -0.597190018 0.289207909
-14.947746599 9.488421547 25.130528535 0.272569756 0.768894407 -0.316351302 -0.484178658
-19.527340397 17.623359876 18.640224055 0.918056457 -0.360660740 0.044253574 -0.158549023
-15.982092301 20.856994681 23.379623843 0.598432380 0.507575739 -0.619743780 0.012775066
-24.057596653 8.316777604 16.658382466 -0.590620587 0.358759141 -0.653716115 0.308406293
-20.719399283 17.037639369 18.280139452 0.330207730 -0.832809836 -0.094844728 -0.434045055
-23.369093421 9.787017290 16.131046068 0.393124869 -0.471993854 0.507844714 -0.603960583
-24.887395063 12.974678566 26.938095382 0.595050343 0.477736776 -0.374853266 -0.526467179
-29.431351367 11.919488209 26.695035421 -0.262090109 -0.260627818 0.053774320 -0.927626130
-19.732554822 17.323690653 23.394522667 -0.078160909 -0.147686296 -0.942842230 -0.288319546
-23.153652226 18.401527934 20.727389047 0.314113626 -0.559159752 -0.766224026 -0.039670431
-25.191517429 11.713984416 23.071607761 -0.157326687 0.509014585 0.745377944 -0.400704613
-16.725555911 15.503374537 17.682035635 -0.907597016 0.224268164 -0.270828588 -0.229397741
-15.301810130 13.328303330 25.167178931 -0.298777686 -0.039663082 -0.552233273 0.777301194
-24.452232228 16.877960446 28.714172840 0.722848132 -0.533761840 -0.438781186 0.007742532
-23.705394633 12.109251500 20.257454324 -0.215124326 0.137321737 -0.539251895 -0.802540752
-29.356652330 8.511367952 18.919379088 0.885805087 -0.328571880 0.327275464 -0.016752262
-21.083633444 10.108446223 20.436469471 -0.483461689 0.005324508 0.870091687 0.095796141
-22.556770287 11.846217856 15.401606499 -0.040511958 0.650364432 -0.754804693 0.075198155
-19.078922903 12.770770865 17.586368760 0.090900025 -0.116160523 0.561391816 -0.814299176
-20.706244181 16.249984639 21.113559717 0.966794403 0.148044433 -0.108758023 0.177660125
-20.236104176 7.437380340 13.510974723 0.006013043 -0.860473720 -0.136464577 -0.490842378
-23.195021659 9.262207540 13.719729712 -0.846418607 -0.133200903 -0.371205755 -0.357825863
-25.599016948 13.007220527 21.232136443 0.383144053 0.907734379 0.144237214 0.091730899
-24.682717228 15.072444099 22.369331592 -0.844825962 0.504219653 0.117458364 0.135037650
-13.942952505 14.009110000 20.908302932 0.317177630 0.369401599 -0.539038390 -0.687297915
-24.317052041 17.320545738 16.407915816 0.324875695 0.235989396 0.315268581 0.859866565
-17.991228437 15.024555333 28.708312642 0.827671758 -0.279562413 0.473537168 -0.112102049
-25.055808908 19.674745545 27.200869730 -0.802529820 0.095356811 -0.542435112 -0.229384211
-15.529474655 19.692920098 23.269434709 0.734971998 -0.491380438 -0.067069767 0.462453321
-23.730790028 4.912591278 21.905332806 -0.460451551 0.127379159 -0.856898172 0.193608993
-29.711509040 8.924413285 19.745015380 0.816318453 -0.012159487 -0.547732304 0.182936200
-26.462963643 14.360605033 13.647242446 -0.209762084 0.295005803 -0.581694809 0.728424734
-16.174465093 17.289659206 25.465686621 0.135922608 0.132658458 0.357229222 0.914502084
-19.773552577 9.729668397 24.151542682 -0.698485565 0.390541176 -0.376525782 0.466716017
-26.859872079 14.799646916 21.688657022 -0.593406262 -0.663325074 -0.335481351 0.308741181
-23.649293206 20.463925332 18.704668249 -0.463336976 0.169573556 0.652328723 0.575352842
-12.220311765 10.229989273 23.870949514 -0.851072484 0.210284572 -0.035377505 -0.479796268
-23.131225496 9.227099490 26.065286636 0.022200060 -0.109526022 0.991102836 -0.072293676
-15.208427196 12.830749713 28.098275335 -0.283375115 -0.014605021 -0.453213020 0.845034435
-13.089585638 10.875427054 26.524230131 -0.152341770 -0.041707577 -0.742759806 0.650661459
-17.253533020 13.785759068 15.160233700 -0.043966205 -0.830137933 0.056594064 -0.552933175
-14.224587272 16.625839282 23.397887249 -0.498325466 0.192157353 0.661945975 0.525903801
-21.794941765 6.517256949 25.716670069 -0.571687140 -0.186810105 -0.682253432 0.415699475
