-26.552844536 -12.056596918 35.055081617 -0.373958504 -0.330410232 0.680798220 0.536188305
-19.507773745 -19.408685085 26.931932558 -0.063329415 0.696301016 0.607259307 -0.377346544
-25.845814666 -11.435396705 28.121395676 0.654899679 -0.627267702 -0.248382156 -0.340511299
-27.157342505 -8.048633585 20.909416340 0.764256443 0.329784409 0.530651968 0.159883777
-25.827973240 -20.377625866 33.171578674 0.735218614 0.662466031 0.033471904 -0.139542035
-24.783063459 -17.632036354 33.213414160 -0.597981216 0.674510347 -0.385512810 -0.197063773
-18.942971932 -11.986324036 21.779849164 0.642614334 -0.407712457 0.281579617 -0.584405928
-19.871284608 -19.739144374 24.423798683 0.163077535 0.771213720 -0.516323089 -0.334732108
-20.018681048 -9.828820656 25.417714923 -0.443999427 -0.839631075 -0.059595359 -0.307136062
-27.555426750 -9.238727936 25.983971075 0.017803907 0.816070372 -0.076851894 -0.572543409
-28.379622559 -11.347471414 26.028785234 0.733412499 0.675855778 -0.004020554 0.072862255
-16.537348568 -18.009894531 23.953499015 -0.963657075 0.033769965 0.237651915 -0.117244179
-23.371581162 -14.491506317 29.104910929 -0.139660887 -0.440584863 -0.270865020 0.844400353
-27.759339586 -11.125758080 23.968638229 0.415825643 -0.037792326 -0.518393176 0.746276953
-25.692759492 -18.758366018 24.519019584 0.194444079 -0.208928721 -0.018661343 -0.958223379
-26.451408671 -11.076475350 34.393347159 0.497279599 -0.665878051 -0.370529250 0.414761976
-19.721397806 -18.930906973 29.803516424 0.078823313 0.516007211 0.154855093 -0.838774906
-32.424745726 -13.672685811 21.224348149 0.696685297 0.716875255 0.006348529 0.026060744
-27.767160510 -8.175802058 22.978303714 -0.898589480 -0.329053818 0.245237557 -0.155303158
-20.425267992 -16.896592755 21.001798130 0.250478255 0.255615033 -0.092189793 0.929205382
-27.148251294 -14.020237204 28.565672165 0.533809567 0.164734592 -0.818365235 0.134863646
-19.288981199 -12.993686670 20.667369311 -0.821499185 -0.468887870 0.075559570 -0.315553492
-16.468307128 -10.871130418 24.317386933 0.607785697 0.086064929 -0.640171495 -0.461919724
-30.282748172 -12.637954266 34.867501710 -0.397157573 0.886252368 -0.139287112 -0.193446899
-26.079726714 -13.394759304 21.009665740 0.016312870 -0.376617437 -0.857269054 -0.350689273
-24.666471791 -9.374787491 31.979816170 0.522033619 -0.380572487 -0.562311311 -0.516189377
-17.676556582 -16.798587127 33.829003849 -0.403627188 -0.855861182 0.269745439 -0.178393182
-25.032563438 -20.532918517 32.729324076 -0.790776723 0.234233202 -0.550675406 0.128699570
-29.814308892 -13.537038009 23.583756162 -0.144313540 -0.478421178 0.435302003 0.748865105
-29.502334793 -15.769504363 25.485609836 -0.637435240 -0.092596054 0.314994036 0.697051679
-19.824861160 -16.859307355 29.028934488 0.916079855 0.212243084 0.312950834 0.133462912
-25.366438434 -21.170601198 27.078674064 0.833360472 -0.305335465 -0.090096098 0.451844300
-22.342563513 -9.857496094 19.851089906 -0.715399938 0.234553374 -0.520423575 -0.402923003
-22.095003066 -20.206045427 24.430681561 0.146941783 0.769647900 -0.173463703 0.596624309
-19.489214657 -17.495775868 34.097760281 0.452002959 -0.659027840 -0.382554921 -0.463710432
-21.612562336 -20.821029668 26.923463370 0.084933249 0.721493899 0.132058282 -0.674383798
-22.021767800 -17.636099029 35.096823146 0.026117039 -0.383097684 0.762541136 0.520658314
-28.437168242 -11.961017312 35.222787654 -0.755456523 -0.195233685 -0.546145551 -0.304785641
-22.108285600 -18.381310565 35.445008370 0.688467263 0.440129679 0.523365797 0.241633889
-30.728675198 -9.484473890 31.649533719 -0.391039980 -0.127684053 0.904302636 0.114110736
-31.587439989 -15.979382752 20.097006752 -0.178144576 -0.762297062 -0.597143330 -0.174892948
-17.141324674 -18.860915139 31.707188313 0.336070332 -0.011292680 0.299653955 -0.892825131
-23.784860925 -10.818205366 35.539665724 -0.445980321 0.736087988 -0.505365068 0.062307102
-18.517616665 -7.701408706 27.288651767 0.160513366 0.357706005 0.788573808 -0.473743837
-26.030820807 -19.483007780 25.690637233 -0.076779492 -0.975818040 0.160851104 -0.126534518
-22.888644040 -15.197072752 27.450699158 0.719594942 0.200549927 0.269052770 -0.607925533
-20.259193531 -9.992461096 29.435484704 -0.478380773 0.712554476 0.148065875 -0.491420849
-33.284133425 -14.225956645 25.070621668 0.484576159 -0.307974013 0.025967940 -0.818329774
-28.002045650 -14.722222738 27.822702093 -0.560266439 -0.439589170 0.203542314 0.671887941
-21.272460614 -14.561781257 36.076162357 0.843516262 -0.112366360 0.065573751 -0.521108626
-25.676582283 -13.507908751 18.229350180 0.407138863 -0.855168910 -0.320542413 -0.013290715
-21.814947070 -11.860767227 21.201148584 0.046474772 0.266323469 -0.960845706 0.060724251
-23.027756455 -12.440755462 25.649626557 0.495242035 0.073230679 0.738570484 -0.451537634
-18.153419669 -18.320153791 31.242848381 -0.791941867 -0.367811747 0.379363571 -0.305983463
-31.164445422 -18.839485386 22.044979167 -0.139587573 0.833386900 0.078727642 -0.528945690
-29.081950990 -9.237043180 34.387319232 0.884388055 0.002152925 0.459740196 -0.080573483
-23.383466018 -9.410979272 33.728680583 -0.276815665 0.323482445 0.458290108 0.780193804
-21.574474529 -10.110818531 26.831821541 0.572403015 0.707325859 -0.230551820 0.344805416
-26.684350283 -18.438815058 19.382862764 0.099618235 0.032244429 -0.964962812 -0.240589432
-29.642067625 -15.067182902 34.815427204 0.010394975 -0.309941914 0.233518061 0.921573258
-19.062034648 -17.010854026 30.157907239 0.383479774 -0.649937636 -0.458466196 -0.469396505
-26.119843478 -6.168331072 30.003944094 -0.868703611 -0.411226428 -0.191617496 0.198820513
-17.905883627 -10.849568813 30.652392499 0.055607095 -0.095784172 -0.827593208 -0.550293308
-18.451563919 -19.849470612 30.411778384 0.657982119 -0.262402487 0.289069462 0.643928034
-26.890057140 -21.300556718 34.472434118 -0.106708467 -0.649191042 -0.171348536 -0.733351194
-27.518850913 -19.709902075 35.637393781 -0.863260963 0.038583819 0.471104263 -0.177066575
-20.137009363 -18.917440751 34.004513047 0.415100210 -0.588149673 -0.303867033 0.624048559
-23.978458487 -23.549963382 31.333910183 -0.663500331 0.176769801 0.680380970 0.256127865
-25.126411579 -19.509158146 28.326307328 -0.314612653 -0.336967698 0.098952236 0.881861726
-28.003064661 -18.500278928 20.107570701 -0.679652173 -0.294010071 -0.386734448 -0.549606648
-29.637785453 -18.684149160 28.984502242 -0.157439879 -0.335539167 -0.807981403 0.458030790
-28.921194395 -11.200908744 22.167474982 0.198748220 -0.010566069 0.225433179 -0.953712423
-19.888619680 -11.647984942 27.916437558 0.390766144 0.369506583 0.825241667 -0.172461293
-29.947089743 -9.623392771 23.527552980 -0.316083370 -0.385955384 -0.040736719 -0.865719507
-25.383692824 -16.844104688 35.434016309 -0.753948240 0.374196383 -0.123427891 0.525646909
-22.426260625 -16.200856105 27.689730480 0.170239190 0.006466880 0.507044308 -0.844915894
-27.005899544 -17.864841118 30.128940349 -0.673665948 0.100726001 0.710445877 -0.176904267
-23.759531784 -14.729110189 32.298480536 -0.834725821 0.179253658 -0.290152433 0.432333777
-25.662521314 -10.408584561 34.614379736 -0.324962268 0.089244027 -0.480531020 -0.809644963
-23.100877937 -23.962516934 26.390003829 0.157115765 -0.490445914 0.813849346 -0.269122061
-17.515381832 -9.265767714 25.493603554 0.456980320 -0.748303708 -0.022291819 -0.480326579
-23.485581377 -18.268349225 32.125167637 -0.447085016 0.032857378 -0.628154463 0.635969616
-24.374529282 -15.528268612 28.159227148 -0.581393808 -0.199095128 -0.699680486 0.364403056
-24.681810862 -23.539964246 26.558768199 -0.083419966 0.363719598 -0.923228739 0.091639829
-30.023933505 -17.401307692 30.659421517 -0.627646161 0.260760500 0.289962111 -0.673785005
-29.149286847 -13.473184676 33.450853480 0.245074801 -0.097271110 0.275883491 0.924318653
-27.464354390 -10.396512367 33.753121683 0.935445766 0.192708804 0.016283112 -0.295870574
-19.598906668 -9.067383809 31.326038554 0.004669799 0.819729324 -0.398765419 0.411106032
-20.129597170 -17.722058788 31.978187563 0.080531737 0.449505635 -0.203640314 -0.866019599
-32.532434942 -13.875281019 24.518260832 -0.074466541 -0.124051181 0.949005182 0.280098561
-23.664507030 -16.261667464 32.099954757 -0.888414722 0.066389864 -0.079418965 0.447218399
-31.845828737 -14.889533974 20.524565353 0.168846268 0.046365823 -0.953496192 0.245328676
-21.823167150 -15.106649094 22.141693873 -0.557116785 -0.184872074 0.251700868 0.769473766
-18.396907733 -20.689525036 28.018612249 0.663985374 -0.695485271 0.077072906 0.263597094
-25.478792965 -13.074459395 26.351093542 0.038142059 -0.155412063 0.884999111 -0.437228599
-18.239452282 -7.890215906 29.007595908 0.462155916 -0.719438142 0.509550673 -0.095805949
-23.352886569 -12.589029423 19.283636297 -0.379365177 -0.546068537 -0.381637410 -0.642062382
-21.272828636 -8.557650298 28.067978919 0.095459059 -0.191644159 -0.928656175 -0.302915488
-30.417442031 -9.449611931 31.470983331 -0.713360296 0.131930193 0.508834988 -0.463463556
-30.780935164 -16.820627405 34.860073637 -0.525904713 -0.079970969 0.760659669 0.372056104
-33.410977389 -11.195933223 24.033133018 -0.225558052 0.310737780 -0.704286620 -0.597114691
-17.224155690 -11.294181451 31.526846894 0.761458014 -0.038264416 -0.639995221 -0.095517770
-25.887630905 -6.009448392 31.700607416 0.803482938 -0.129094227 -0.355664644 0.459622138
-26.939892196 -11.364203910 27.180404600 0.193720041 0.455108475 0.570254138 -0.655865107
-21.886589197 -21.819120919 31.811790043 -0.440922829 0.155571098 -0.361053648 0.806861175
-24.299549974 -18.306449944 20.281562282 0.944918407 -0.287811728 -0.036793361 0.151459107
-19.928544812 -6.879979225 27.361731888 0.461675140 0.712688884 0.356921188 0.389278672
-19.376410134 -8.462319999 32.331605347 0.148576409 -0.915097749 -0.208333883 -0.311637857
-22.410888978 -14.037242717 26.030061088 -0.342573981 -0.263058425 0.840054638 0.328255292
-26.910563493 -10.949585325 31.160022045 0.062772544 0.963850738 -0.026605746 -0.257572315
-21.243715741 -18.124624047 35.325869683 0.293569246 0.091529724 -0.682182255 0.663375293
-16.302229344 -14.844815653 24.641038709 -0.880148246 -0.211313352 -0.324720596 -0.274303240
-26.439933356 -15.542639934 24.007418241 -0.872569035 -0.254486091 0.328852453 0.256351657
-19.802432210 -20.148902283 33.632416143 -0.196107545 0.633968823 -0.364565019 0.653236335
-30.673319876 -22.098199630 28.597139505 0.672196332 0.316074863 -0.391724872 -0.542955243
-21.328276807 -21.684746761 28.494533202 -0.314586161 0.421416425 0.819585281 -0.227428474
-22.958221099 -6.025932996 31.023332263 0.600893221 -0.371384177 0.346627918 -0.617130632
-31.168011216 -14.759578673 28.027755928 -0.391877905 -0.221181198 -0.405248902 -0.795791375
-21.947632178 -21.598116490 32.898515101 -0.031851471 0.113111598 -0.833103736 0.540489977
-26.967135023 -7.003772418 28.135734821 -0.386897467 0.669617051 -0.482898407 0.410770598
-25.496503320 -6.336969278 30.613467344 -0.345922361 -0.836572381 -0.087232032 -0.415782328
-23.374495037 -11.580762103 23.712224220 0.350640116 0.406433399 0.626573005 0.565039530
-18.659890547 -14.540972096 23.667164413 -0.570439091 0.747658695 -0.016403048 -0.339612514
-26.969108775 -18.633277855 24.375184404 -0.382993244 0.100220845 0.572589413 0.717922921
-25.634542996 -8.506421044 33.794410494 0.390436782 0.154045352 0.354836388 -0.835416235
-25.421205733 -9.233767830 19.585630291 0.006854740 0.139318498 -0.258692394 -0.955835558
-24.721037677 -14.558600939 28.879016065 -0.429592718 -0.274942776 -0.596004084 0.620190050
-26.265668097 -15.742689241 22.782451626 -0.774289450 0.014454374 -0.410109170 -0.481744110
-25.404017309 -21.977035587 23.684873891 0.341151988 -0.309038048 -0.723082465 0.515036460
-17.779930682 -12.685620970 23.798322985 0.673143687 0.080121404 -0.461058433 0.572610914
-26.456907051 -19.839124453 27.851610457 0.288376332 0.624756102 -0.491461898 -0.533839028
-29.318720385 -11.347151681 20.663155927 -0.481638156 0.382080614 -0.691816339 0.378720534
-31.341825622 -13.714317810 29.895873948 -0.491821361 -0.015766905 0.103421759 0.864388277
-17.342015274 -15.345894687 25.977769134 -0.375981655 -0.064662296 -0.805923639 -0.452707047
-27.562512070 -12.489868680 19.202516288 -0.101308869 -0.881416952 -0.203083343 0.414243678
-16.718680643 -18.606348239 26.378227856 0.220455140 0.709791845 -0.360525586 -0.563574636
-22.829054821 -19.840691359 27.284453688 -0.172767543 -0.198467231 -0.603125771 -0.752994979
-23.527744667 -18.537180510 33.522861440 -0.590828681 -0.706823198 -0.245584014 -0.301680174
-16.108356527 -13.188841666 27.169883865 0.996250825 0.084562470 0.006267051 -0.017152455
-17.941805881 -12.186633244 23.145557801 -0.433919628 -0.890076131 0.137836082 0.021896410
-20.866617120 -15.439741373 27.388050337 -0.127076598 0.881188730 -0.146726795 0.431079120
-24.891872554 -5.625197651 31.047506370 0.392433380 0.718533102 0.392170443 0.419414553
-29.406248688 -10.446824938 25.239990438 -0.688517797 0.009432739 -0.461228848 0.559573244
-19.035743854 -19.245969171 24.113107381 -0.049203842 -0.202774575 -0.964606477 0.161232123
-27.980536791 -23.660486599 25.492268008 0.034802449 -0.348561511 0.264069017 -0.898644099
-27.059966048 -18.167164170 22.161467244 -0.959108751 0.266875217 0.002173441 -0.094251254
-19.869216239 -22.488261311 25.642421539 -0.957241214 -0.065955696 0.147761050 -0.239803619
-17.323438703 -19.619598327 27.300012835 -0.671616453 0.549715000 -0.442414589 0.225862990
-31.723224294 -15.611120878 23.006698092 0.336386997 -0.507904974 0.012111586 -0.792924735
-26.077645351 -18.162294526 30.343846759 0.049959656 0.045654054 0.292819069 -0.953769748
-21.674504056 -16.926762645 32.548643857 0.301124654 -0.359464625 0.865438309 -0.176424657
-26.300641248 -7.161293903 26.652913518 -0.814223955 -0.125275739 0.215050381 0.524498498
-26.052280063 -20.368772899 19.823366494 -0.529871299 -0.485067280 0.411996576 -0.560539884
-28.001597076 -15.803816227 24.947266447 -0.567151639 0.513773266 -0.037655216 0.642618187
-27.731493035 -20.715108798 31.381921352 -0.104484894 0.942625935 0.204569488 0.242261383
-18.876560386 -16.884752048 30.357071615 -0.446481401 -0.154473316 0.813356673 -0.339474999
-21.799706551 -9.357397323 34.910320279 0.787492716 0.396337338 -0.468441568 -0.057744562
-20.431560144 -9.608849838 28.713579929 0.068968950 0.993464334 0.088066332 0.022720509
-18.623748481 -16.550861103 25.075381115 0.176311373 0.245350363 -0.933730041 0.192004453
-28.903402149 -9.880507781 28.228135714 0.360870611 -0.400477816 -0.835024783 -0.110106915
-31.221671059 -20.981285357 23.025386825 0.412610461 0.486189433 0.675075983 0.371005202
-15.710185808 -13.085395691 26.687066288 -0.102555115 -0.141823625 -0.188855133 -0.966282695
-27.040244631 -15.741245399 36.528843710 -0.550650215 0.529772901 0.232108405 -0.601872663
-27.443574853 -22.444869530 32.928045035 -0.512618552 -0.474951578 0.066781595 0.712168125
-28.889941086 -19.283750396 22.311665008 -0.251266709 0.630979596 -0.036037919 -0.733096896
-17.356139045 -17.329167975 30.431086979 -0.820256896 0.236527828 -0.330808320 0.402242547
-16.303964320 -11.265893800 24.382894029 0.625543507 -0.389014421 -0.400103494 0.545234165
-23.784466248 -11.805872551 26.529424874 0.749515185 -0.005783727 0.219518950 0.624503776
-20.397147147 -13.199074502 26.836942048 -0.468799657 -0.872692597 0.127597973 0.048510512
-33.260263202 -13.183532024 25.791413663 0.250532634 0.628135421 0.498066809 -0.542778726
-29.127117750 -21.366837354 23.914608304 -0.333269545 0.105301565 -0.098466825 0.931744211
-25.317069345 -8.537197954 21.120575894 0.584899780 -0.569987773 0.279882012 0.504650618
-24.890877109 -12.283921542 18.501840321 -0.334260892 -0.596124417 -0.576921665 0.447288194
-26.134541469 -19.458310453 18.942641939 0.547862359 -0.548855721 -0.036774392 0.630279206
-29.809395676 -11.724900371 27.824237963 0.352054095 -0.921503538 0.161577159 -0.027963659
-22.586522846 -11.965526917 35.285891598 -0.433977878 -0.288185199 -0.201245669 -0.829525571
-18.859566696 -13.025007065 20.244584845 0.875439170 -0.042983651 -0.202711072 0.436654196
-31.900972515 -20.489373220 24.900458734 0.851477215 0.139349994 0.493454178 -0.109868580
-30.705148747 -7.519999301 25.106059071 0.603261503 -0.140037699 0.751848950 -0.226248001
-29.399832748 -9.049636987 30.820248733 -0.759750290 0.560775173 -0.101178654 -0.313167020
-29.671169630 -14.777756906 32.937579260 -0.537410733 -0.519110988 -0.661197576 -0.067314580
-23.546085224 -15.007823627 20.987523128 -0.422839653 -0.725349204 -0.380895333 0.387290465
-25.339888544 -24.247316757 28.636503225 -0.433063765 -0.345563986 0.331167088 0.763786402
-16.863510016 -17.556090524 24.150235986 -0.120011833 -0.322912706 -0.629745727 0.696236213
-25.002913294 -21.701525470 32.351480032 0.102272731 -0.987880072 -0.106933795 0.046887252
-26.030631085 -10.148978736 21.511002296 0.404846059 -0.209078725 0.239924720 -0.857217524
-22.829914006 -9.767171039 23.860635435 0.265441733 0.587572788 -0.083606272 -0.759808460
-21.645896015 -18.192605644 22.142346359 -0.596621581 -0.302602337 0.677789697 0.305083008
-19.317235630 -15.275455427 22.657115498 0.568397921 -0.770521038 0.039091430 0.285819862
-31.142670492 -18.575066886 33.984908909 -0.233861685 0.070914975 -0.506846678 0.826671775
-21.266486224 -15.746143590 28.204135860 0.078787661 -0.805814094 -0.409311428 -0.420618956
-25.417436798 -7.737574463 25.337957400 0.474298378 0.147852040 -0.485979809 0.719030213
-23.809671224 -19.928693321 32.658431591 0.258383637 -0.718685561 -0.447095136 0.465655345
-25.846701997 -14.784616053 25.427325404 -0.086913933 0.145308936 0.672021537 -0.720914929
-27.525390360 -22.195466368 28.096892683 -0.579699062 0.581353106 -0.428626565 -0.377169500
-15.225913630 -15.385146581 28.458580431 0.006415877 -0.921396771 -0.269187886 -0.280222608
-25.573710129 -13.931070945 21.756401591 0.056064468 0.404641346 -0.441202060 0.799038734
-29.398471174 -14.647911716 29.123928005 0.206095927 0.291250238 -0.286744057 -0.889086955
-21.858022127 -7.439437924 22.455728143 -0.616211081 0.785344981 0.010370972 0.058391844
-33.161640810 -19.627423898 27.230558004 0.819211758 0.344646180 0.295020582 0.350818988
