-22.075952689 4.517712231 17.209922872 -0.110694624 0.605621101 -0.038589555 -0.787070917
-21.285356007 13.180135629 13.276266415 -0.038845087 0.108300373 0.226169321 -0.967269108
-29.885319015 7.067939113 24.508027831 0.841475797 -0.206671270 -0.253982529 0.429765452
-25.683111498 3.361703997 14.723635825 -0.008858949 0.489906899 0.621653849 0.611113116
-21.811979380 14.862120565 21.646887718 0.379267009 0.831956815 -0.098281990 -0.392867719
-18.976776091 8.368001372 19.863418491 0.700472580 -0.162281158 0.310670933 -0.621680434
-25.916695809 9.410615156 28.838616560 -0.572332771 -0.098405041 0.814065328 0.007020660
-28.802640993 14.387937464 18.899555962 0.235115839 0.660978647 -0.245175608 0.669116351
-26.175356279 11.895062965 17.807592335 -0.932206915 -0.261260179 0.038991500 -0.247412711
-24.359860404 14.809281807 22.181449180 -0.175345083 0.044204564 0.705351012 -0.685404996
-28.415055070 4.746701507 22.733322629 0.062070900 -0.862050583 -0.033664733 0.501879151
-23.927871793 -0.890642839 17.380932006 0.212852444 -0.582825911 -0.176695468 0.764059230
-23.338040361 3.135696806 12.297287774 -0.027705912 0.364686427 -0.925106306 0.102051536
-16.597294788 8.311493696 16.454825670 -0.656581208 0.518885808 -0.392654326 -0.381419999
-22.370603347 16.160434725 18.603964222 -0.427526080 0.722495052 0.523169814 0.146682301
-20.156650717 13.245264525 13.275927701 -0.467444056 -0.583535059 0.427764918 -0.507937067
-16.492549690 3.053247413 19.120742346 0.270128504 -0.729894721 -0.612844033 -0.136771629
-31.240720361 6.820809188 22.734619050 0.352182568 -0.717649220 -0.228744584 0.555538434
-28.675924838 3.766940217 14.528007678 -0.767682861 -0.100358577 0.621906345 0.117574144
-17.307722812 1.221943355 18.037898922 -0.116261055 -0.281537068 -0.528296244 -0.792542318
-20.474372147 6.865603211 29.218702549 0.128736582 -0.631614667 0.622892716 -0.443276967
-20.871478521 6.474612905 15.267116707 0.049424766 0.459898847 -0.119294838 -0.878532290
-23.684650082 3.956954849 20.214384733 0.330866687 -0.500112414 0.797895661 -0.061459937
-16.339433593 6.173075775 16.191116513 -0.075718660 -0.914972367 -0.376852273 -0.122778734
-24.744756075 7.080701180 17.233727372 0.522344480 0.424857833 -0.737948089 0.045658334
-16.549979561 3.421600579 26.738075336 0.840275778 0.071374350 -0.059092221 -0.534182018
-17.620564725 4.879053960 16.557421699 0.474129146 0.066732683 -0.564853981 0.672077586
-24.955439812 8.603892321 15.383149878 -0.477734077 -0.222629226 0.674592244 -0.516847834
-20.539788225 4.959415660 14.733281840 0.006067031 -0.866483513 -0.485896269 0.114343035
-21.569475443 3.315381183 18.215225432 -0.163554189 -0.200409398 0.224916830 0.939413924
-28.133680707 9.633619555 22.074620997 0.137148616 -0.613879862 0.667092273 0.399161210
-22.793985603 1.139066112 26.863121102 -0.560878898 0.475788987 -0.622687676 0.267020148
-31.543995037 7.252898165 22.140463204 0.122046043 -0.707852524 0.134200814 0.682671011
-16.834295596 1.061289513 21.675564577 -0.339157190 0.255062777 0.520691405 0.740807560
-30.143446819 5.930438819 15.277466236 0.957007901 -0.282633636 -0.058149283 0.029542626
-26.257386415 7.149046091 28.973989162 -0.895179189 0.369399023 0.179141534 0.173513377
-25.623562538 -1.184474297 23.891568003 -0.361029140 -0.294603922 -0.876184106 -0.123158036
-21.690393887 10.351854469 26.287156021 0.534997558 0.188855379 -0.779742977 -0.264786987
-30.051581333 12.615252912 21.600470480 -0.256013330 -0.461239534 -0.732777182 0.429828883
-25.649063028 9.273092307 12.713304048 0.460505680 0.562685002 -0.573280070 0.377716914
-20.765275239 8.919293824 24.540241051 0.354267701 0.687128351 -0.207975028 0.599245703
-17.466172735 8.450476340 17.339469891 -0.273088364 -0.026013254 0.201169886 -0.940359895
-17.835932688 1.365524457 24.737308726 -0.031667009 0.337949316 0.310147218 0.888029371
-29.111566308 6.632605007 14.772398866 -0.160646092 0.154939946 -0.319091628 -0.921068390
-24.492714705 2.861316869 22.085094298 -0.619361670 0.506762851 0.507464438 -0.319472031
-18.778242282 8.277286716 26.600816603 -0.696463511 0.379258314 -0.360177203 0.491298373
-23.148071695 7.311919223 22.236773478 0.194373296 0.364346111 -0.554207881 -0.722720249
-16.857793700 7.716682422 15.329544161 0.483060708 0.477491224 0.540843049 0.496128289
-18.634834249 4.714001671 25.046647968 0.571524155 -0.291107709 -0.394004534 0.658313656
-26.476440426 10.978685159 14.509461368 0.332178381 -0.567486612 0.668318647 0.347802607
-32.154567720 7.103734317 17.691581804 0.085537993 0.098014592 0.838383275 -0.529329648
-27.256374303 12.384233852 17.034684470 0.567813552 0.599736645 0.469864990 0.311657854
-24.652429738 0.128070338 23.040075279 0.142551590 -0.493232248 0.840402361 0.173565163
-26.329530799 2.991779985 20.404610202 -0.795769635 0.095253957 0.161927286 0.575722959
-19.244005768 8.997968685 23.761587742 0.393990464 0.352435189 -0.491774794 -0.691894865
-29.240831186 12.395717689 19.840456295 0.707703877 -0.583099318 -0.308531827 0.252900216
-24.204304448 7.101669072 25.096581944 -0.343055090 0.190442819 0.791741617 0.468177263
-23.474638845 1.233772102 26.884984079 0.571489968 0.788177908 -0.059450827 0.220545690
-26.215952172 3.541543229 22.660931925 -0.741459975 -0.465385155 0.358972240 0.323716997
-26.889299719 5.402713159 20.396022724 0.153826258 0.689982427 0.504354066 0.495871665
-25.642090745 12.695049044 24.448641282 -0.462338388 -0.278964641 -0.817201566 -0.201503212
-25.079014987 10.317460726 22.553442775 0.546958313 0.779081889 0.201201730 0.231053840
-27.135113662 10.037999560 22.138143449 0.797439361 -0.419367884 0.308172032 0.305370337
-21.351960848 4.423771794 27.787149452 -0.019750422 0.098308267 0.026057087 0.994618738
-23.068328969 4.870474493 28.695018775 0.580113944 -0.644429665 0.476245584 0.146179213
-30.901128700 2.465098517 21.228986996 0.744469765 -0.321874562 -0.068767452 0.580889467
-19.345198117 -0.151094121 25.460615718 0.049778020 0.727284025 0.463901158 0.503364491
-24.065576363 4.609955048 12.057357850 -0.720533748 -0.031901806 0.653821846 -0.228758358
-20.840184587 10.176708503 27.723920295 0.395139043 -0.441526491 0.401533108 -0.698348521
-16.455916426 2.539546940 21.169532409 0.247615484 0.478721103 0.088934664 0.837617636
-27.969108076 1.883376562 26.884966249 0.153191593 0.067666295 -0.500590246 -0.849330921
-18.322964952 4.948509364 18.201695063 -0.838737495 0.391060101 0.378915239 0.003827934
-24.367515662 8.664102898 19.050609585 0.274842571 0.709148671 0.648025892 -0.040400095
-26.903289479 7.544035115 25.729579170 0.370316329 -0.343121755 0.676386853 -0.536315301
-17.042079108 0.396538012 19.602721844 -0.277388418 -0.894121256 -0.350480939 -0.027675930
-19.443298877 10.999413545 26.901616936 0.196794814 -0.388629494 0.055247866 0.898435635
-28.282736565 11.649245732 25.478435553 0.632911737 -0.118540763 -0.522545717 0.558853106
-19.118020277 -0.978078917 21.944480934 0.947069482 0.138617462 -0.285238382 0.049836343
-20.658341004 -0.584804998 23.190951140 0.491870159 -0.023387733 -0.858458444 0.143408022
-19.939224136 15.716753120 17.881718279 0.656600448 -0.681239547 -0.094897966 0.309488138
-19.175656491 12.208352640 21.460856847 0.080034285 -0.007432290 -0.926348077 -0.367992546
-28.116810403 -0.106068030 21.259214242 0.281184664 0.457611593 -0.670253103 -0.512140208
-25.387752233 5.315846402 17.027926146 -0.110046273 0.882607953 0.445838555 -0.100603193
-19.005310530 3.519074818 18.541987728 0.348510402 0.043107038 -0.347162138 0.869575030
-21.232712290 0.918788759 23.393952424 -0.614476067 -0.177235176 -0.727260533 -0.249196654
-28.742426169 2.177376218 25.635253821 -0.732138685 -0.178629677 -0.281684509 -0.593900853
-18.556918553 2.284664382 22.500057730 -0.203584105 -0.773158581 -0.371709297 0.471817252
-19.241442380 10.105457313 26.288138438 -0.289895146 -0.871752893 0.241169190 0.312802044
-15.840101157 2.636803174 22.627457881 -0.160004001 -0.958805085 0.096889631 0.213784769
-31.071858905 7.468124017 14.889666543 0.363085763 -0.209802588 0.696290698 -0.582521129
-28.494242038 8.686676484 12.769276404 -0.058695597 -0.702763321 0.307715138 -0.638740899
-25.807115710 4.519548425 12.437305986 -0.678055432 0.432932385 -0.302533919 -0.511159083
-27.033587135 6.082805029 29.150660361 -0.284827077 -0.474772857 0.123964102 -0.823466558
-23.337289840 16.820190122 19.246784808 -0.471771779 0.472834269 -0.353292353 -0.655014241
-31.173607168 6.495087685 18.038794256 0.198658985 0.563324056 0.796340565 -0.095091121
-23.445656346 0.848802394 24.649313874 0.318333530 -0.724824697 -0.281107019 -0.542468216
-21.271005360 1.818177011 22.315276785 -0.113737410 -0.700695694 -0.029634670 -0.703712393
-24.093129130 1.203886198 23.379892199 -0.821882345 0.529576229 0.116217435 0.174791124
-18.748006717 6.102981998 28.323936981 0.117067328 0.829972075 0.540996968 0.069020833
-18.840477941 11.927006999 24.461874589 -0.254927439 -0.539036627 0.399755953 -0.696165709
-29.052311813 8.611786212 23.493029573 -0.227353512 -0.090798706 0.659455535 -0.710763233
-17.753257877 10.019632255 22.025612353 0.385832353 0.109088179 0.860278328 0.314887856
-24.906171516 1.522539442 25.257855109 -0.417510134 -0.257445087 -0.131237896 0.861500975
-21.581813911 3.366578976 27.862806775 -0.076956411 -0.123462509 0.973651786 -0.175604438
-23.222401955 -1.255840814 25.293792788 0.324614223 -0.436004565 -0.455514080 0.705005353
-25.569277340 8.471713583 17.016005089 -0.088265343 0.289112120 -0.828280524 -0.471778321
-27.718806547 4.931608396 17.051941475 -0.288138442 0.268618856 0.829501551 -0.395913279
-28.827206270 9.858321441 14.737748519 -0.667945102 0.382142895 -0.387737347 -0.507420829
-21.384135324 11.441613045 14.795761906 0.734696968 -0.656684649 0.164807820 -0.042708540
-28.966296689 4.850086823 22.835496371 0.330181651 0.375994766 0.295465191 -0.813823282
-25.690129762 4.275149246 21.688441057 0.203848223 -0.307500497 0.920487601 -0.128809633
-19.838627777 5.077212554 20.909709769 -0.214850707 -0.816775797 -0.073537839 -0.530385386
-21.079309397 12.333837732 27.225689188 0.464197686 -0.469101778 -0.599539851 0.452786922
-20.072900837 11.171803772 23.145697151 -0.029939866 0.691956065 -0.579834150 -0.429060329
-24.625562824 8.512044307 28.893984940 0.337506847 -0.039408908 -0.092283302 -0.935959325
-31.113266246 11.906960897 17.440672569 -0.336194243 -0.119785498 0.877542345 0.320225387
-21.758753249 1.168163725 23.060571246 0.199834362 -0.722791632 -0.063438671 -0.658493751
-26.823176545 5.603597380 17.347472373 0.325831725 0.740190072 -0.481826802 0.337335554
-21.930124964 12.350774487 27.663626325 0.216896186 0.827290942 -0.518012111 0.014463563
-19.498627093 11.768918005 26.867827281 0.158210495 0.265131577 0.825395138 -0.472649503
-14.918705340 7.494151036 18.636309152 -0.571911940 -0.593274178 -0.559334621 -0.089929220
-20.767348117 2.849316217 16.053380110 -0.104348287 -0.001271865 0.219710316 -0.969967625
-24.826218516 0.723988790 21.849717003 0.237041678 0.861646308 0.082788023 0.441047647
-26.135425732 12.407811363 25.870627105 0.396954676 -0.845926649 0.175323603 -0.309994716
-20.713771651 15.497749231 24.447502985 -0.357618244 0.749172190 -0.484366926 -0.276113931
-28.963711579 8.862189167 23.110911633 0.136301143 0.711433908 -0.332242148 0.604068662
-19.389602827 5.785712136 12.411272400 -0.633679940 -0.650481921 -0.022648743 -0.418102904
-23.830289345 9.444804051 15.605218606 0.792317204 -0.122817211 -0.574196170 0.165674799
-16.057130832 11.229462274 22.026072628 -0.798732702 -0.391712554 -0.298193613 -0.345930506
-25.688792369 13.920383284 19.901567586 0.884631737 -0.434082334 0.044203215 0.164454534
-17.632076665 11.571142118 21.004361153 0.435147809 0.579910535 0.497698343 -0.476074064
-18.180355462 3.600965356 23.122115743 0.720264644 0.212011150 0.408147078 -0.519313082
-20.310891734 2.640676666 27.057007163 0.505461737 0.355499651 -0.312600234 0.721394153
-27.442652766 7.012883578 25.261314464 0.119328601 -0.157622940 -0.879919234 -0.432039160
-22.373530146 12.053057733 28.692688327 -0.406688942 -0.830308925 0.332867098 0.185447267
-21.355239254 12.435316409 21.829983101 -0.267352306 -0.750903010 0.256041468 -0.546909665
-18.211415712 10.389143690 19.177198899 -0.639617871 -0.695436340 0.255149453 -0.205319344
-26.588148994 3.465492473 28.162092687 0.312676926 -0.707901658 -0.513791681 -0.370305942
-23.029887947 1.948607501 22.083520838 0.924031531 0.123497513 -0.141730987 -0.332906026
-19.674831021 2.001336397 20.617366335 0.014043208 -0.143450291 -0.987925782 -0.056810668
-25.775110564 9.536250999 27.662364063 -0.149918461 -0.851155758 -0.399190061 0.306113747
-20.935449265 5.533028919 15.735136612 0.542365580 0.397448780 0.565483239 0.477601039
-16.313978100 7.632800400 20.044065186 -0.614862241 0.611646929 -0.472816164 -0.155811856
-17.551821652 13.381484868 24.868674081 -0.885105564 -0.146527857 -0.441710771 0.003053135
-32.495532774 4.229260607 19.123218857 0.587981215 -0.361959276 0.654279570 0.308515508
-25.994443717 2.784136310 16.899862173 0.101957349 0.193387067 0.528435717 0.820342510
-25.930866638 1.469706128 13.936478013 -0.309405822 -0.648687473 0.679164948 -0.149022057
-31.661824698 5.006051259 24.054835663 -0.056617413 0.284121697 0.612874464 -0.735155916
-18.029227948 5.813722635 17.291918880 -0.534177717 0.209280586 0.741601769 0.347681777
-23.550367504 14.108732602 17.606974110 -0.788505681 0.262808488 0.418591611 0.366021246
-23.289492973 7.380522536 23.440382029 -0.395065447 0.861330128 -0.247415143 0.202038238
-14.791384977 4.270740788 19.098420725 0.317273918 0.778794848 0.517567211 -0.157924118
-29.024405641 3.973011088 15.172670894 0.169915801 -0.754526770 -0.607449678 0.181170808
-26.515081221 -1.304222662 16.861528955 0.326436775 0.025962775 -0.866720087 -0.376246271
-28.781717354 4.998465355 26.279004856 0.451145673 -0.025388744 -0.707263067 0.543692880
-15.994307628 9.322870787 15.840476657 0.437715482 -0.203842427 0.863630148 -0.144901306
-20.525889353 8.525926050 13.106691895 -0.440562293 -0.846773731 -0.103330691 -0.279645994
-24.194804299 10.306931770 14.332699042 0.250577391 -0.920161158 -0.291533791 -0.074313284
-28.223572688 4.736167175 19.785209597 -0.497150131 -0.205383728 -0.664178244 -0.519159448
-24.902917080 -0.520949212 21.730848798 0.371616190 -0.326700689 0.697194121 -0.518737337
-25.628954064 5.610176582 23.268139354 -0.973468533 -0.132483876 -0.162552420 -0.091562816
-23.013932314 -0.191334841 13.590463046 0.155778646 0.528918561 0.547405099 -0.629544142
-27.965815079 0.515752341 19.345828795 -0.529215654 -0.221784793 -0.371732371 -0.729765265
-14.041827460 7.950953848 20.478226947 -0.049102129 -0.511649972 -0.857649714 0.015500163
-28.742196547 1.414556760 23.484812284 0.033834317 0.732062641 0.679500721 0.034904119
-23.451312976 2.415678838 14.517973859 0.805491061 0.464940248 0.331901302 0.157658624
-24.182787943 0.122479969 21.650652841 0.308806895 -0.150356642 0.592635311 -0.728570223
-20.529311006 1.910765607 22.140604377 -0.524593148 0.161449940 0.736247731 0.395822214
-19.426987810 8.705686349 21.776619764 0.947719361 0.277651311 0.124236168 -0.096452773
-27.068828668 13.038144949 24.025459685 0.180537684 0.346377597 0.161807312 0.906226847
-27.800286974 12.717624235 16.815544442 -0.008325023 -0.290282601 -0.818179449 -0.496234919
-18.732218933 1.170193434 19.182770463 0.311896476 -0.365916503 -0.838113686 -0.257664803
-22.665574057 1.084428622 24.211374885 -0.801519483 0.181487108 0.380280906 0.424282194
-26.268419359 9.778590597 14.883891187 -0.433059718 -0.731134643 -0.362112760 0.383113251
-27.009946990 0.548035082 23.376306234 0.465173844 0.850439085 0.047214081 -0.241117167
-28.320346766 14.157915380 15.749498671 0.379803031 -0.898889151 0.184040541 -0.117800812
-26.231142817 9.848895377 29.328738913 -0.608773581 -0.670473980 0.253151582 -0.340255266
-23.065606292 1.301964773 21.953222542 0.255756508 0.674106720 -0.640211228 0.265138308
-27.729483412 1.113065835 14.632398091 0.361111503 -0.246221523 0.516181134 0.736566684
-32.616087342 5.089302065 17.873218136 0.356279231 -0.283686912 -0.035352705 -0.889571263
-19.060272812 8.034276762 20.853189885 -0.682301157 0.435450961 0.169691917 -0.562185241
-20.004109865 8.532108989 26.206985734 -0.456450527 0.377054617 -0.076867054 -0.802230758
-23.874642242 11.295473510 19.710548030 -0.688762635 0.605961236 0.230948097 -0.324160438
-22.747879871 4.613970240 15.828407296 0.303973559 -0.256366094 -0.798227019 0.452449034
-26.937303517 4.719616695 28.205444542 -0.612645380 0.221462840 0.288694576 0.701623325
-19.206919158 11.624813642 27.261451309 -0.736903965 0.343809105 0.549485141 0.191921665
-20.227202253 14.803416266 16.606617747 0.804258386 -0.458357988 0.181293299 -0.331977626
-31.827591361 8.856521051 20.853287858 0.787314257 -0.036147879 -0.420757001 0.449213910
-25.468689751 4.254550295 14.436390898 -0.276048340 -0.189915898 -0.118590357 0.934700804
-23.572840352 12.386864987 17.278384841 -0.577594233 0.484171136 0.592315404 -0.284825693
-20.416793399 11.666912780 24.745029287 -0.361567835 0.571472749 0.152464560 0.720723356
-27.660891888 10.664380246 12.685106016 -0.302527199 -0.630136718 0.010479247 0.715049087
-26.455917735 13.138489741 17.035916668 -0.058558194 -0.618572690 -0.253393571 0.741438105
-23.199887992 15.324315199 19.579488413 0.477538419 0.178951764 -0.711765346 0.483035626
-18.029322617 3.810420921 19.434680000 -0.683991492 0.274237855 -0.640825889 -0.215154405
-28.947168556 11.105080330 14.052349382 0.149268802 0.822455473 -0.393407723 0.382774325
-24.437607415 3.032333777 13.131278108 0.624367552 0.734347806 0.238217215 0.118958052
-26.725426258 -0.503155960 19.252767178 0.526870908 0.578198250 -0.622798925 -0.014674104
-21.722106945 7.332791079 28.165259321 -0.193619688 0.405839308 0.261682044 -0.854007249
-16.632585232 5.168359801 26.218253320 -0.123658707 -0.894921225 0.416138013 -0.103216665
