-23.692980652 -28.802497895 24.691758442 0.120835380 0.945193573 0.300242981 -0.043151740
-18.678344121 -31.086647657 21.953688828 0.876453346 -0.255277482 -0.003529814 0.408228465
-15.955027932 -20.836756362 14.631888613 -0.851816508 0.189043355 0.436793040 -0.218822044
-11.448604936 -25.244568680 16.548581754 -0.489047792 -0.233377564 -0.543420598 -0.641140565
-12.445863061 -25.489612729 17.772510415 -0.745621481 0.368072347 -0.308675935 -0.461833868
-14.903581309 -32.323367161 26.336355444 -0.335099589 -0.066383811 -0.835022311 0.431322612
-20.348996084 -27.927440483 29.837524060 0.062529161 0.882231866 0.465328249 0.035023704
-18.093750346 -25.369106767 19.800192381 -0.679440656 -0.554402127 0.431743796 0.211177582
-21.469663201 -26.076430320 21.597134010 -0.542101946 -0.213561481 0.791724630 0.183545862
-24.071983558 -23.251143141 16.135558152 0.003334131 0.779068481 -0.455644467 -0.430615031
-14.715918753 -16.253678281 23.304041975 0.377836466 0.465156350 -0.796402525 -0.081315391
-12.321998973 -24.709059258 17.782413648 -0.514350579 -0.030580995 -0.355049084 0.780031046
-14.751022102 -24.689299955 22.313770890 -0.396015943 0.302615712 -0.811569496 -0.304877117
-15.252649608 -21.734671654 29.797754847 -0.056086777 -0.445542570 0.854598259 -0.260783259
-22.799879641 -16.426516189 24.409440036 -0.210316526 -0.858799915 0.024186207 0.466524053
-25.749557916 -26.636716734 22.685014459 0.043785469 -0.451184335 -0.325906220 -0.829638876
-22.271676067 -25.187305976 28.591261852 -0.250164825 -0.704332267 0.453966021 0.485024195
-23.285877401 -30.717259704 26.226271860 -0.737311432 0.334730273 -0.092447730 -0.579466059
-20.713299142 -24.300026981 13.126382546 -0.215089535 0.362180406 0.870203199 0.255554765
-23.225894964 -27.937210942 18.885641312 0.115542679 -0.679115435 -0.282364508 0.667624445
-22.956955895 -31.156592408 23.160315710 -0.446098875 -0.036062751 -0.191644045 0.873480298
-13.967901623 -22.594760022 27.156778407 0.280974355 -0.291299934 -0.521500104 -0.751156044
-12.805763982 -28.147131507 28.949083591 -0.621396698 -0.295989954 -0.489669501 0.535238144
-25.543767294 -26.465935174 22.408508040 0.084575616 -0.918367935 0.241608370 -0.301782532
-20.445134028 -17.136321285 27.439270861 0.548313646 -0.025376072 -0.381464928 0.743769258
-15.378002350 -27.774926974 25.071801554 0.727635135 0.477692905 -0.009488923 0.492205809
-21.240467640 -24.550161280 20.419940906 -0.023596804 0.231646746 -0.631125452 0.739907859
-17.094492522 -32.606683777 16.243839199 0.410935590 0.001825557 -0.626061229 -0.662703512
-12.429336810 -22.830395721 23.725266546 0.460021150 0.483626938 -0.712375708 0.216809540
-17.624911675 -22.936550745 21.243224977 -0.119820640 0.229607369 -0.695130318 -0.670609656
-23.167323883 -23.062025651 16.355217022 0.883273794 0.259585626 -0.055893329 0.386417706
-14.428207543 -23.523736068 29.248801802 -0.043072381 0.014571295 0.175508689 -0.983427246
-22.483349622 -18.945545874 21.069495491 -0.641250976 0.036966352 0.047690280 -0.764955105
-16.674213260 -25.764128649 12.245194508 -0.896597257 -0.317095269 0.258009853 0.170278783
-16.395656262 -23.257938347 23.418641477 -0.385689425 0.270357736 0.783883291 -0.404570572
-20.967580360 -23.460396198 15.212752637 0.663717290 -0.258157811 -0.160565904 0.683412389
-22.181161192 -25.366047722 17.054195791 0.582252157 0.237709202 -0.571227121 -0.527424248
-17.937114639 -31.330830668 23.157722747 0.517935614 -0.738301545 0.044318743 -0.429755021
-9.839325336 -27.087198521 17.260932353 -0.806088118 -0.264071060 -0.501002391 -0.171712045
-26.297253908 -21.030769258 17.309465670 0.347371404 -0.307885287 0.352257106 0.812683634
-16.049092703 -20.825965337 18.939580156 0.614272754 -0.359894859 -0.293210185 -0.638100667
-10.934764842 -29.437011480 21.199902403 0.502362361 0.753545003 -0.331160662 -0.264829385
-20.485052442 -30.997408327 16.180992396 0.220894028 -0.020260726 0.586215576 0.779196144
-21.701686512 -29.948566587 20.313915525 -0.518508973 0.155948519 0.785500726 -0.299695035
-13.984698561 -18.759279054 17.763543132 0.602052389 0.059268940 -0.510854703 0.610776216
-20.897902707 -25.658781480 20.599601326 -0.441079786 -0.156458326 0.882963344 0.036676258
-21.408390500 -30.530743502 17.343404249 0.927330428 0.337998105 0.007523578 -0.160495961
-8.366092511 -24.896110187 23.759422741 -0.678914776 -0.312720244 -0.095721790 0.657356916
-14.515923325 -22.363618654 24.992759362 0.361740435 -0.767914217 -0.266773370 0.456380962
-22.091629762 -28.779883468 26.980976588 -0.895318124 0.369232012 0.179926153 -0.172336178
-25.058171702 -20.293862746 26.047366721 -0.200252898 -0.932223350 0.290665591 -0.079824288
-13.753061942 -26.940629071 16.580756238 0.459235615 0.204730692 -0.864375956 0.006496148
-21.283420726 -26.756265863 28.593232925 0.513469603 0.703430772 -0.243255625 -0.427037254
-10.756010459 -26.575188470 24.067755433 -0.102567385 0.178184984 0.650697145 -0.730974191
-16.702080733 -29.719985281 21.641840570 -0.450645954 -0.642938669 0.601994583 -0.145432509
-25.003073832 -28.053538887 22.100088019 -0.417733553 -0.002707302 -0.606108912 -0.676848089
-18.708512844 -22.034847016 12.983347505 0.558119848 -0.429330340 -0.522850219 -0.480422047
-13.196415372 -21.261689430 24.583793246 -0.249895599 -0.657028390 0.608817125 0.367705851
-14.385035377 -26.818768631 16.109766406 -0.536297970 -0.843004252 -0.019692647 0.036613076
-26.007822699 -26.244543960 25.925965806 0.606419663 0.277899403 -0.535441621 -0.518005197
-16.658871229 -20.769737934 24.367248003 0.567801148 -0.133385666 -0.256565078 -0.770703887
-15.201563426 -25.356367932 20.164243638 0.054324591 0.631704691 0.563676084 -0.529402771
-13.347047892 -29.626708001 26.332946001 0.416123150 -0.410994385 -0.681153912 0.440402643
-17.872635664 -32.200983477 21.220467122 0.417301269 0.279685714 -0.000201672 -0.864659188
-17.918118938 -20.175100500 25.198599178 0.319748149 -0.294257154 0.288083837 0.853335544
-16.549607065 -18.655693662 19.483479925 0.556089046 0.547704204 -0.607296018 0.148245151
-25.783508236 -26.116687403 23.906420946 0.653458163 0.440751621 -0.442340325 0.427861514
-12.207430918 -21.178604214 26.468363064 0.800110083 -0.102552242 0.189639120 -0.559771289
-16.834137695 -24.367243148 26.090070405 0.140419865 0.615356526 -0.769293812 0.099023421
-27.250388926 -25.019983204 22.907233463 -0.355198796 0.886448622 -0.283394057 -0.087923057
-22.737771032 -18.628447286 21.725867304 0.537691516 0.385659209 -0.588036655 -0.465153415
-15.373478058 -17.875352973 27.225841815 -0.522849946 -0.300270376 -0.121099069 0.788543373
-11.102158818 -26.301147447 22.684048954 -0.240897300 0.084524195 -0.652966138 -0.713063373
-22.197888084 -24.444329886 29.447601566 0.224997104 0.575745230 0.333713899 -0.711708344
-19.451615695 -24.576679074 21.756760460 0.961681729 -0.003706257 -0.173219408 -0.212484238
-21.004179735 -25.114316967 28.948548106 -0.567386632 0.682055036 0.148233686 0.436921174
-17.174642049 -17.305028761 20.520933852 0.142600420 -0.446174887 -0.685405732 -0.557505222
-27.488950389 -26.140986812 21.240908934 0.508606065 0.849008788 -0.115886126 -0.084109182
-15.922896334 -15.933731527 24.718027449 -0.929183536 -0.140562706 0.233836160 -0.249360649
-13.193497174 -25.215668736 20.818220282 -0.698565628 0.652652700 -0.151352789 -0.251282410
-21.007210219 -27.942376268 22.894798592 0.653379099 -0.393843965 0.597009760 -0.248116969
-20.345838427 -29.801735742 29.206967592 -0.119464662 -0.112770771 -0.360157214 0.918312435
-13.110461948 -26.055765088 29.069041277 0.510328926 -0.032579938 0.822660950 0.248459043
-22.356389595 -19.638422374 17.191596862 0.107974897 -0.210742808 -0.037445160 0.970838169
-25.614949031 -29.518406175 18.456668403 -0.220371272 0.813552653 -0.327603933 0.426900746
-19.130976174 -25.921876570 14.375984047 -0.389617044 0.560546757 0.562914324 0.465954243
-19.555110086 -22.485588834 28.252732646 0.771865067 -0.493502114 0.196856005 -0.349181465
-17.317843762 -30.933586485 28.328531659 0.687748134 -0.043868540 0.723503402 -0.040260185
-15.154459548 -20.035438740 21.991997059 0.562407051 -0.825018222 0.055142121 -0.001609049
-13.435530581 -29.342694630 22.113857685 0.049484476 0.667243805 -0.636668226 -0.383393482
-17.339832460 -30.114290261 24.322349743 0.287082965 0.714731304 -0.371257282 0.518565874
-23.489318901 -23.686942113 14.298553821 0.475398051 -0.878371217 -0.002960864 -0.049516980
-11.931421530 -18.297442212 21.099400188 0.785800806 -0.501562690 -0.226189705 0.282471555
-9.890349275 -23.306564707 20.989429105 0.208614303 -0.580812883 -0.649051159 0.444824753
-26.084134924 -28.321978877 22.732941011 0.189997526 0.240154548 -0.299365556 0.903663099
-17.167348329 -22.480474091 16.310473875 -0.072739947 0.625719668 0.711580100 0.311187338
-12.280113003 -26.375155935 19.947366887 -0.181202192 -0.981993140 -0.026771800 0.046244009
-19.900358927 -17.495766143 17.312470543 -0.311470697 0.269791842 0.157140460 0.897499439
-15.941996127 -22.939171501 19.568852389 -0.370832708 0.866381522 0.333561140 0.024558628
-16.877144616 -30.190454534 16.687764434 0.739813622 0.388945399 -0.538725992 0.105695729
-15.097015065 -20.194859417 21.629254974 -0.498637537 -0.851152224 0.154935345 0.053810200
-16.907271569 -28.016316558 18.053041166 -0.321663713 0.301311864 -0.895821993 -0.056978712
-19.753533874 -16.726176293 25.793611105 -0.164908567 0.462862187 -0.803588871 0.335870045
-11.523280554 -21.204724596 27.150390137 -0.366930372 -0.890569054 0.244004790 0.112740962
-17.188553753 -20.996473190 16.922392565 0.347701582 0.204600935 0.342054534 -0.848669996
-11.773513168 -26.412943309 24.298369405 0.207339117 0.363418486 -0.362786591 0.832660426
-22.677052977 -28.499976282 21.085336270 0.515290952 -0.380400103 -0.142802698 -0.754571657
-16.184169691 -21.639022676 16.193376048 -0.501728133 -0.378274833 -0.088966625 -0.772827259
-11.171359984 -27.730510146 15.737259924 0.716488133 -0.274117853 -0.375496075 -0.520102735
-17.020049491 -26.358578181 30.977993228 0.362390506 -0.857412431 -0.364481294 -0.025892670
-22.326750665 -19.538143143 15.058425562 0.210831868 -0.612921661 0.650361970 -0.396113958
-19.164775043 -25.320304763 25.923682736 0.530068389 0.333799089 0.778526378 0.038760162
-23.598479413 -28.318596522 14.401832651 0.873806415 0.198947413 -0.372262978 0.241459210
-22.127325428 -32.452962310 19.580899166 -0.584258019 -0.381224884 0.344539985 -0.628173824
-10.234666431 -23.184567789 27.630490148 -0.394576938 -0.612154282 -0.670411126 -0.141862956
-20.807496824 -16.453899334 23.827629378 0.426506444 -0.705754454 0.035336329 -0.564583251
-13.698363634 -18.712253407 16.934915786 0.766043295 -0.048748425 -0.589408081 0.251792324
-19.270373301 -23.792653789 29.323221975 0.401508602 -0.356360896 0.657015296 -0.529271816
-17.265787322 -24.714489381 26.881960987 -0.490826855 -0.392772196 0.294326219 0.719854900
-22.147854270 -26.166820933 23.403370950 -0.130717250 0.737577832 -0.542008794 0.380944103
-11.449590528 -26.660087513 26.204533921 0.672951523 0.680825672 -0.248044458 -0.148615607
-13.517592816 -26.721392917 18.556401698 -0.665968500 -0.363483413 -0.495858943 0.422480384
-16.385248449 -18.560028582 29.052511296 -0.264377468 0.418357512 0.645659744 0.581553988
-19.234387811 -16.114751922 19.182531407 -0.338650621 0.580425188 -0.334099127 -0.660908565
-17.701246908 -26.091233978 16.035041612 0.503873673 0.839982180 -0.201271641 0.005566371
-22.101618626 -24.422605912 25.722412182 0.711077563 -0.030877827 -0.323250957 -0.623637778
-13.217386996 -22.339540256 19.560719524 -0.915313050 -0.108210967 0.155624693 -0.355349634
-21.024946663 -19.099856690 22.776935704 -0.589828929 0.097197611 0.800611726 0.040930704
-13.670021282 -24.540947145 28.084558971 -0.041931885 0.693534073 0.618413517 0.367174248
-14.564623801 -22.352217534 23.247255692 -0.083009800 0.968277654 -0.065057826 0.226528669
-21.163616555 -25.600977201 22.967121592 0.572243830 0.384044690 0.292844478 0.662788644
-12.713625659 -23.473127030 21.542367006 0.292547793 -0.780769182 0.377662054 -0.402724033
-12.284508286 -19.128025413 16.337056426 -0.195345378 -0.187269017 -0.929604690 -0.250211150
-12.765124952 -22.337533256 15.225578148 -0.142216937 -0.045365589 0.935020861 -0.321640010
-18.711168864 -17.756191180 22.990980764 0.504818599 -0.291026053 -0.232886402 -0.778605126
-13.944995996 -17.871750929 18.169172287 -0.229900256 -0.613772131 -0.727754967 0.201995920
-15.526207099 -32.140663481 19.032098334 0.967935520 -0.100773354 -0.115328805 -0.199110088
-19.346705292 -20.377474234 13.238417254 -0.163233459 0.102083162 -0.368156633 0.909612313
-17.766598140 -24.802131215 30.935705073 -0.538705000 -0.288038139 -0.782801935 -0.118541489
-12.202457077 -29.351314105 19.176133878 0.310891124 -0.120269320 0.445392228 0.830967967
-18.402709121 -22.121535659 25.549626896 0.572490769 -0.044259323 -0.507093146 -0.642768989
-20.451601872 -21.020877504 21.514012989 -0.245674926 0.488447559 0.769863012 -0.329201694
-25.607138688 -29.829615490 21.370130311 -0.578118480 0.017188854 0.794411602 -0.185455580
-20.512927633 -28.985466098 13.751414077 -0.462749826 0.842228643 0.091393753 0.261076031
-12.615152645 -25.618535920 24.628621771 -0.212124418 0.038810647 0.339611982 0.915511151
-17.950086259 -19.586899162 22.662745639 0.553761073 0.398809801 0.285317513 -0.672973501
-8.641032262 -23.360759053 24.333743511 0.359994114 0.484143107 0.795073004 0.062198134
-20.240606793 -31.409515410 18.064412417 -0.657408399 -0.636000739 -0.392563726 -0.095973838
-22.249784480 -23.459717496 17.892301073 -0.060000643 0.830239127 0.548531877 0.078839676
-20.665786904 -16.556611974 16.842840330 -0.021550294 -0.701442253 -0.628572707 0.335277054
-22.080212493 -25.783731343 15.658248058 -0.312599830 -0.770494111 -0.005560496 -0.555508103
-19.995829947 -21.740660191 15.631709431 0.519152244 0.654402537 0.360902181 0.414714219
-19.258595935 -25.536701635 16.370297647 0.334912461 -0.337371114 0.847835380 0.234924548
-14.795459825 -23.038116938 24.717490304 0.912215348 0.141472172 0.314176452 -0.221679813
-14.373242707 -22.674220174 22.752368050 0.399789915 -0.862631582 0.289214339 -0.111309674
-23.266115999 -23.473742895 13.901906755 0.002145088 0.464540265 0.357968723 -0.809972922
-23.279542544 -21.189871884 26.709145810 -0.115172405 0.247233133 -0.417002232 0.867018012
-9.767754731 -22.232447162 21.035298919 -0.470738137 -0.354984103 0.335258991 0.734842366
-12.813747410 -15.833929855 22.157479603 0.530142335 0.001259041 -0.736243018 0.420587372
-13.325603501 -18.653972342 26.891921670 0.589562075 -0.443252422 -0.290563120 0.609521881
-16.000846125 -21.513005478 25.354823675 -0.762047035 -0.007140991 0.503495916 -0.407093583
-22.667940458 -21.836761935 20.084637134 0.508217469 -0.230451469 0.586719073 -0.586828641
-14.167981369 -21.983366557 16.657885337 0.908892171 -0.263407159 0.147223715 -0.287848689
-14.448269848 -20.647442675 24.081562314 -0.027890951 -0.640791590 -0.646252246 0.413480674
-23.711900902 -19.033858348 15.927401655 -0.193846493 0.034227761 -0.654767856 -0.729747252
-22.827751389 -27.745683054 17.896045447 0.341228739 -0.292552857 0.810194073 -0.376246378
-17.063677218 -25.746883988 16.187883616 0.079996456 -0.735978727 -0.252473444 0.623051395
-16.839132376 -19.309532109 14.062375566 -0.580286051 -0.077473279 0.699903006 -0.409147618
-15.193720054 -27.488606080 19.631667796 -0.546500941 -0.337271503 -0.644991236 0.414211252
-22.330577185 -22.104779757 20.859288430 0.321930508 -0.681100821 0.324436709 -0.572016820
-9.958329351 -24.485029364 18.053925424 0.372516980 0.043719875 0.831559768 0.409668188
-17.712859945 -29.546714676 26.803007001 0.307058705 -0.946941724 -0.056734016 -0.076141802
-16.509518626 -25.373562168 15.602856663 0.581922110 -0.218856557 -0.108941493 0.775628917
-11.698203175 -17.937453773 16.847002550 -0.254987276 -0.337720326 -0.652273444 -0.628860736
-20.922546459 -20.442240131 26.675426141 -0.488497304 0.541922396 -0.525841670 0.437242541
-19.186061673 -19.081790312 20.168434316 0.198233385 -0.651611046 -0.677215453 0.278362712
-9.621570202 -22.644266475 25.608481386 0.675356344 0.415892466 -0.325750041 -0.514600988
-18.978580702 -28.332710419 14.028410101 -0.204590995 -0.024649239 -0.959763345 0.190759695
-13.908335060 -27.539653771 18.790374977 0.137221165 -0.649843683 -0.307741857 -0.681299118
-16.293294377 -22.994424347 28.216992425 -0.543623919 -0.463506757 0.561224694 -0.417925070
-19.618831346 -17.739524284 28.105169602 -0.941018315 0.322885048 0.068744263 0.074188969
-9.053401778 -24.129899032 17.007505968 0.673723649 0.130026076 0.663547392 -0.298151846
-17.568593833 -26.304050371 24.050498631 0.461888108 0.036002493 0.473060065 0.749384661
-13.628799761 -22.590320890 27.306348603 0.722204728 0.192657369 0.581047030 -0.322005928
-12.101921572 -20.042574976 27.519403525 0.459006105 0.085030520 0.851762156 -0.237874830
-14.544476221 -26.903851025 15.488401397 -0.507082417 0.536749480 -0.239833050 -0.630275754
-11.176253376 -30.991760586 18.465203583 0.412677496 0.244024782 0.756016549 -0.445632323
-23.218066368 -18.926577730 18.680110367 -0.318968999 0.296763573 0.700991495 -0.564624728
-12.953687880 -31.094304276 20.270814129 0.129639906 -0.936625766 -0.152783649 -0.287372278
-16.893690071 -20.238320696 17.637089040 -0.206473720 -0.693231145 0.448502235 0.525018978
-14.545674727 -18.949933310 18.405416971 -0.750436284 -0.572223387 0.323928626 0.066903093
-20.687137792 -21.186366580 28.922986727 -0.167396954 -0.234659105 0.937986343 -0.192600584
-12.048935768 -26.867525273 16.173742749 0.758433082 -0.600843870 -0.166170889 -0.190139787
-24.229865809 -26.689156564 26.615834370 -0.636084923 0.219021793 -0.705676769 0.222363943
-18.457585827 -28.055726706 27.226852738 0.784305216 0.017813082 -0.617414508 0.057856269
-17.885221363 -26.683470840 18.812938440 0.167327882 -0.335725668 -0.911483324 0.168783308
-9.626840429 -26.001623711 18.597025845 0.273842015 0.451071292 0.800310956 0.284688626
-16.986315912 -30.427124332 17.807451563 -0.191885882 -0.638135811 0.500002015 0.553136944
-16.004182772 -20.774088749 12.327110684 0.770849409 -0.560067132 0.101926008 0.285879494
-12.081878683 -28.153303792 23.252743719 0.226162744 -0.438704262 0.746583754 -0.446096045
