3.777898206 12.393430454 19.888826941 0.076970684 0.614686730 0.654456085 0.433500832
-0.640666055 8.536327332 19.145661503 -0.171992122 0.125713092 -0.673534241 -0.707789908
-1.321599409 -0.224974342 24.470140203 0.357604944 0.037308279 0.889985267 -0.280451459
-2.171859073 10.224242122 24.961076071 -0.615565749 -0.292945898 -0.315120076 -0.660273313
2.584462029 10.929694453 28.937983809 -0.318367197 0.330382384 -0.799050465 0.388597687
-2.329805643 6.163686820 29.003149463 -0.835548589 -0.055993091 -0.297577600 0.458444000
-5.092152232 12.614307082 26.643031445 0.798312604 0.536062606 0.219108900 0.165303231
-6.026266749 7.471879806 20.445495132 -0.921344395 0.165369422 0.210120071 -0.282182592
-4.023912100 10.497646705 26.426541741 -0.634454658 -0.695595293 -0.273481948 0.197033243
6.215962551 10.589885746 29.403223801 -0.960826702 0.224803201 0.002936270 -0.162070809
-0.005435978 4.874592961 29.332148725 -0.850636745 0.486747077 0.146722591 -0.134040636
6.240857535 9.720695240 30.670967279 -0.535824798 -0.389152732 0.656948391 0.360375843
0.446515350 11.548961390 32.293809092 0.643627786 0.701499459 -0.172656196 0.252649203
-2.510712955 8.486440173 29.406726892 0.107028678 -0.109333959 -0.795991414 0.585652300
-1.977669852 11.941709031 20.050717468 0.469374356 -0.778286931 0.404011238 0.103595785
2.441229359 8.843629252 17.096473732 0.616419082 -0.356166201 0.643334899 0.281590769
-3.501768913 9.379724303 25.374296598 0.774929215 -0.500573066 0.381771243 -0.056231977
-4.345968369 15.340357644 21.031215784 -0.578525712 -0.037085930 0.726360526 -0.369233016
-5.937498550 10.386750887 33.985856272 -0.458120223 -0.020047719 -0.316713652 -0.830311034
-0.939866864 8.235661222 22.326726602 -0.142621638 0.523797195 -0.041139769 0.838810519
-1.489140524 8.182724083 17.657711311 0.622455862 0.046062676 -0.776908653 0.082703534
5.431594920 10.481538384 25.551058217 0.396925355 0.767917591 0.288081957 -0.412021386
2.413299768 9.288586848 27.998029372 0.631742141 0.407236888 -0.453438050 0.479013484
2.255885773 5.158134851 29.456544044 0.571702658 0.340267745 0.190850135 -0.721768771
-0.599295461 8.425522097 31.420370120 -0.617142761 -0.341991897 -0.659168517 0.260140772
-1.769449206 1.811349479 22.265901154 -0.560945222 -0.346199210 0.212434249 -0.721358618
4.881046703 9.436620034 18.074702187 -0.402923922 -0.302941419 -0.267176202 0.821276864
1.823028223 14.948218662 28.983501689 -0.919317878 -0.005845036 0.242556162 -0.309817660
3.214472609 1.185638157 22.922963403 0.187723103 -0.037353849 -0.900687764 0.390033689
-0.571161576 9.242623520 33.199479772 0.313361551 0.654338616 -0.535349938 0.432488102
2.307498782 9.760017962 33.390633756 0.740876595 -0.587459949 0.190451043 -0.264047496
-0.672278052 9.147858168 23.450125667 0.407421750 0.549016036 0.249480955 -0.685819337
-2.767426833 4.721409719 34.626830568 0.085938989 -0.731766652 0.355710440 0.574980121
6.878207674 8.051680555 21.714430178 -0.146942248 0.794305837 0.536982808 0.243178281
0.911054180 12.923823718 29.765143239 -0.388469879 -0.098902368 -0.199266398 -0.894204886
1.415133311 11.738214379 24.360386567 0.701996120 0.286836128 -0.270715119 -0.592992249
0.302325927 9.142750454 34.198762201 0.072453850 0.853128147 -0.484844106 0.178462874
7.282130266 8.296759456 27.287928663 -0.940817521 0.074140873 -0.329131222 0.032220507
3.898243698 14.047137231 30.323238594 0.157776945 0.458861271 -0.716691899 0.500904673
-3.894592658 11.416067642 31.291805138 0.940689466 -0.242436734 0.099417331 0.215508591
-7.554904568 2.326020783 28.489847731 -0.682361583 -0.411521456 0.493679603 -0.348300461
8.389892124 10.714913055 30.045381393 0.195434501 -0.074704486 -0.134080004 0.968631585
-4.908804569 14.206600888 30.782292577 0.777432738 -0.289155413 0.545128159 -0.121748821
0.245106899 4.654344343 21.711640210 -0.228207378 -0.881133340 0.238446781 -0.338627469
-3.100894192 4.742982649 30.674922555 -0.470665325 0.813504036 -0.083344075 0.331268924
-0.091845465 4.888392506 17.894072016 0.477520980 -0.780112137 -0.389439660 -0.108330595
-3.441840354 6.987026262 23.786848386 0.227218498 -0.552933517 -0.801532547 0.013485432
-1.803021178 1.980971585 19.227090321 0.553357327 -0.675607476 0.058686701 -0.483638376
-6.665094569 11.792998130 26.968118433 -0.178040137 -0.917800817 -0.048449505 -0.351562250
-0.902998204 3.469376323 23.462323276 0.024377713 0.150144256 0.635897637 -0.756635067
1.921697250 1.780267120 32.404567200 -0.006849625 -0.677515124 -0.278586525 -0.680673114
-1.670852766 11.211241102 33.996337342 -0.833523770 -0.210632099 0.144778618 -0.489807508
5.842288878 7.235473676 21.813334754 0.201292365 0.436116778 -0.876024579 0.043179591
-3.215995403 10.068460764 25.538849985 -0.823218548 -0.467114049 0.132125105 0.294378403
3.178239395 7.977258582 17.514955951 -0.589047498 0.354824982 0.528226029 0.498095914
-1.340655366 12.245313803 28.732257941 -0.518007642 0.728458273 0.305210057 -0.328425713
4.829894887 10.158114681 26.743837209 -0.278531232 0.160495399 -0.944037036 -0.073862406
2.353656835 6.444121997 34.425749131 -0.253374582 -0.501377480 0.798583397 -0.216070596
-1.151003578 7.762133480 23.873522219 0.718636135 0.458702987 -0.201452323 -0.482255780
3.232206730 9.225293289 21.522571181 0.623281317 -0.178410088 0.455301936 -0.610237976
-4.815198753 16.854735588 27.773021322 -0.193934900 -0.037264551 -0.913107994 -0.356699312
-6.288441096 12.094977891 22.576790304 0.534381844 -0.331347598 0.526213608 -0.572489347
6.587594287 7.603681132 19.584607027 0.796414724 -0.013365424 0.016803159 0.604369595
0.301962866 5.255542088 28.006401945 0.359917236 0.679981520 -0.618973988 -0.157974419
-6.330160357 4.636435188 27.194903959 0.375255703 0.433877102 0.806102034 0.145373067
-2.209005846 8.787297353 32.142994068 -0.324642007 -0.029083325 0.942999603 -0.067182416
6.424048463 7.490228705 26.954267728 0.160113623 -0.893888598 -0.253608590 -0.333180859
3.424568086 11.794123174 21.521062240 -0.043309531 -0.047228370 -0.901193786 0.428653154
3.714864070 11.810171626 22.468331399 0.270950063 0.230673442 0.434418739 -0.827439536
-4.198101980 4.834974947 29.741845139 -0.198268056 -0.577247022 -0.777688650 -0.150585581
-1.411387359 10.965781986 25.379862715 0.212742207 -0.903713893 0.332729134 0.165327785
7.014422999 5.502346824 25.602169915 0.820620838 0.389816813 0.305209320 -0.285432240
-8.154850906 13.281559476 25.611205758 0.967369649 -0.162890715 -0.184112895 0.061359744
3.548590458 12.164005567 22.240670146 -0.622677376 0.637077837 0.176901064 0.418462339
5.243533442 6.915682739 22.032365713 0.285174586 -0.938298486 -0.185989239 -0.060658142
-6.146664845 2.887959932 30.456161508 -0.071032678 -0.153316516 -0.284849905 0.943561835
0.429504627 4.157798255 30.282048829 0.752754271 0.064665902 0.155552688 0.636382503
-3.837699135 12.505297104 26.072861572 0.009762063 -0.027478410 -0.656993304 0.753332223
-3.677251099 9.212749554 16.965968756 0.078032703 -0.620677783 0.714427170 0.313470583
-7.017745064 14.532172984 23.059512007 0.508591446 0.332533882 0.725302156 -0.323562577
0.543671648 -0.341578068 29.694499437 -0.039985524 0.518990765 0.816053825 -0.251208874
-6.721476817 10.562403600 33.313282537 0.244849841 0.517617481 0.758738183 0.310543182
-0.187092191 11.228711459 18.709409832 0.910729877 -0.112546569 0.394883875 0.044396925
5.322415241 9.213335284 32.193041062 -0.237313613 -0.777457763 0.506384002 -0.287779287
0.054976847 10.369591604 22.236292677 0.446259653 0.870239474 -0.007557221 0.208514911
-0.214885901 10.583737659 21.990077930 -0.139475210 0.834458035 -0.172758741 0.504361846
-5.884027706 4.073711111 32.649621126 0.425445846 -0.428020751 -0.080118968 0.793331595
3.107405788 7.063212326 28.247243482 -0.786945798 -0.507809203 -0.186674896 -0.296645591
-5.415761491 13.995432416 26.240444918 0.135293477 -0.746380366 0.455462861 -0.466010307
-5.372565587 5.640424170 25.944149786 -0.565961992 0.462093087 -0.173389432 0.660373460
0.322319981 17.578624959 21.956398121 0.412987976 0.759167058 0.045513292 0.501033781
1.186925811 5.613605298 27.878283094 -0.433096497 0.856184589 0.081433240 -0.269710960
1.350411963 3.620174908 21.289855306 0.308392034 -0.345340340 -0.219906331 0.858647546
-4.076882436 15.036634502 19.449767873 -0.865922734 -0.384841115 -0.200858592 0.248457162
5.046406566 3.052385488 22.571115646 0.609816151 -0.130875791 0.773369829 0.113555705
-1.827419704 5.110531053 18.803770490 -0.674885878 0.500364652 0.217802541 0.496715532
-8.182669874 7.275827430 28.949576840 0.189208563 0.582027959 0.722692094 0.321184856
3.460709870 0.409534095 28.212867031 -0.689614958 -0.287872785 0.627487111 0.218678748
6.247450202 4.421174640 29.858691031 -0.766515591 -0.295040958 -0.568854129 -0.042540124
2.271123510 14.431132404 28.719993708 -0.617997972 -0.028351491 -0.345249433 0.705746079
2.361350369 17.431508419 29.841443611 -0.184344767 0.611346888 0.104104915 0.762518299
2.269791998 7.811795509 34.574293878 0.275730412 -0.040644521 0.685952262 0.672153447
-7.766502107 3.397210412 29.784200052 0.470814440 -0.225233695 -0.842768194 0.131701617
-0.618692132 2.094319645 29.270507291 0.752355666 0.116245553 0.549589274 0.344092361
-5.617011967 6.057372150 20.715236366 -0.374880850 -0.742814995 -0.238518287 -0.500798621
2.543361681 17.236512898 23.803969949 -0.321334450 0.362359047 0.606346953 0.630700773
3.373356823 14.556892059 31.138954073 -0.170357562 -0.874305236 -0.429880904 -0.147550207
-3.333300336 12.759977420 34.417563160 0.092670813 -0.103620262 0.725166039 0.674395416
4.735743157 2.830628536 29.530393665 -0.522006916 0.347989575 0.557494659 -0.543701886
4.931819437 4.475898927 26.951067054 0.123498823 -0.286801388 -0.942857488 0.116244402
3.980424672 6.014469837 32.789783679 -0.498719221 0.650740725 0.459227011 -0.341944733
-2.980889121 15.758332110 20.660341595 -0.655695018 0.333102695 0.614990671 0.284417146
4.097182404 1.593218979 27.959592220 0.687633104 0.332306207 0.379785828 -0.522011517
-8.795938297 10.561842154 22.867410695 -0.140909516 0.343287187 -0.715070587 0.592429297
7.074237493 10.470739460 25.786897671 -0.814234005 -0.364934727 0.120013451 0.435249816
2.758377759 4.289649651 26.583770603 0.419600756 0.278689833 -0.813804859 -0.289808272
5.316690438 11.216715736 22.368677572 -0.898567358 0.026908608 -0.018970258 -0.437598856
-0.012293768 10.168476082 18.500519716 -0.338897537 0.174219091 -0.471609782 0.795223479
2.748907216 5.006578538 30.231185685 -0.262391853 -0.109326591 -0.096997776 0.953828938
-0.131512825 10.265098898 30.547323217 0.429882270 0.358218676 0.641411469 -0.524854210
5.074742022 6.092632340 24.958778925 0.826652962 -0.190533557 0.507496112 0.150962050
6.809152199 2.881113070 25.523885217 -0.810513076 0.264551215 0.386003933 -0.352252995
-1.477939729 16.072485172 32.736523659 0.049003953 0.032582770 -0.698420334 0.713264336
-2.335865043 10.663862344 21.216374451 0.572106372 -0.578665014 0.019265486 0.580921632
1.190232802 2.214755575 31.827533104 -0.879123125 0.263579397 0.387894159 0.084891423
4.606853868 3.517892426 20.764350497 0.270982246 -0.325895661 -0.817755471 0.389405482
7.137413303 9.206651085 32.292784903 0.105843236 0.825328271 0.497809882 -0.244572638
0.882857880 7.010193821 23.291149432 -0.101713261 0.110160263 0.750117043 -0.644083496
-4.857594825 12.497306534 32.847912256 -0.650672312 -0.280949627 0.705390002 -0.010853272
3.736520692 14.843862823 21.494872576 0.175207057 0.672323895 0.718349829 -0.035448415
5.480279944 3.443504318 31.303597119 -0.141467227 0.668040572 0.729535412 0.038560348
-4.554633891 5.305010884 18.804144175 0.303639789 -0.743734864 -0.591451065 0.069620173
3.601625760 8.243399364 31.260226973 -0.063933573 -0.274812033 -0.948282437 0.145434745
-5.734664151 3.509323378 27.828381294 -0.910712328 -0.409591737 0.040903971 -0.034125211
-8.898761221 4.569263757 26.137398764 0.329763494 -0.896148283 0.255915306 0.150604278
-2.105953570 12.768105894 23.938739146 -0.408869662 0.359930835 0.793018961 -0.272756890
-3.897153849 15.257073556 19.519869295 -0.080559164 -0.931293055 0.327878209 0.136745553
0.920495110 15.874836991 22.164046187 0.062500603 0.118601733 -0.659704149 -0.739471256
-5.919219462 16.749465612 27.485674019 -0.096381426 0.129353644 -0.920012910 0.357147730
0.814263303 8.889029720 22.040606982 -0.532458685 -0.567063922 0.618141613 -0.113257240
5.890980385 4.565016270 31.146756162 0.593795986 -0.699558070 -0.314223926 0.243491598
6.915150589 10.144266915 29.148112015 0.204615001 -0.157091782 0.329419351 0.908260846
3.261643244 11.832803856 19.895674491 0.560291114 -0.105711393 0.127925212 0.811501146
-1.439881756 1.124402608 20.499479380 -0.358105827 0.816973552 -0.448096961 0.059359459
4.351760926 10.887286081 29.404725456 0.033445894 0.389982710 -0.604336751 0.693953852
0.926586904 6.167432575 17.495715125 -0.665440743 0.217231640 -0.038504436 0.713103387
-5.091559514 4.805008635 29.377113680 -0.053028626 0.494894042 0.426405379 -0.755278958
1.849971711 3.183031229 22.723645709 -0.618288927 -0.258804471 -0.710441672 -0.214503331
-6.622825190 2.224778936 24.042658018 -0.220089441 -0.809128465 -0.443208625 0.316919359
-2.650333957 5.984734589 25.938274493 -0.404771685 0.492283497 -0.663652070 -0.391641127
-0.911488651 0.495379665 26.827882422 -0.043159573 -0.317382966 0.465343079 0.825143092
-6.635324354 5.493417975 19.925173628 -0.796314064 -0.533083999 0.017815397 -0.285285774
-6.129911256 1.024923147 23.861262786 -0.551233537 -0.026169423 0.784167960 0.283791049
-6.133130778 5.068039673 19.756037958 -0.886515321 -0.204801946 -0.249642226 0.331399318
-7.700157545 12.180836050 30.404285119 0.605885318 0.711233554 0.292327078 -0.203947771
0.975886227 12.453590729 20.507466050 -0.072658900 0.737206709 -0.384494933 0.550827195
2.352995688 4.018167382 22.562184227 0.620990606 0.223669631 -0.007010695 -0.751194657
-1.458038638 16.126983873 31.216518805 0.315928099 -0.513742641 0.674380240 -0.425992051
7.639209635 8.410101165 30.866906168 0.494204878 -0.338812624 -0.646454860 -0.472296155
2.673108805 13.613787141 21.129634909 -0.379234414 -0.074495759 0.256695820 0.885854897
1.679179886 2.565656571 31.504332756 0.627113993 0.686496307 -0.043471903 0.365460057
0.499309888 4.991675166 31.121460598 -0.601116797 0.598956857 -0.392830453 0.354391753
-1.761660455 17.309769818 20.954634496 0.656739624 -0.282921078 0.196007237 -0.670991724
4.879165612 6.423986741 22.868122744 0.598252671 0.108457781 -0.321164784 0.726074262
3.485751087 8.949154959 22.519899846 -0.645619025 -0.196445607 -0.246154465 0.695696182
1.729421914 9.011848612 18.557584275 0.535635082 0.646271292 0.505738224 -0.199141468
-1.738230306 15.270156241 26.812049536 -0.152898242 0.704103362 -0.410054247 0.559210244
-5.501204830 5.781546803 22.899118072 0.234597683 0.354219830 -0.761346772 -0.489738024
7.171552970 11.776386323 25.428535474 -0.922725096 0.366637415 -0.118186630 -0.013686648
-5.478476694 15.443289145 24.506105004 0.925698437 0.167861738 0.195892236 -0.276642500
3.427812560 8.093618706 21.858722693 -0.360030204 0.245767969 0.442658084 0.783600778
2.304608908 -0.162808276 28.714312887 0.484122147 -0.691320113 0.287903259 0.452563765
-3.815375405 10.100819292 34.625702227 -0.360981764 0.842189158 0.231914674 -0.326535101
1.651587120 13.226886005 21.706663355 0.406174142 0.377170020 -0.816779863 0.160112455
-7.449218978 2.242994757 28.201570585 0.602918763 0.560307387 -0.471059600 -0.317249825
2.916853492 15.486478569 22.148859940 0.168735028 -0.197017902 0.900625337 0.348692469
-2.445641244 12.144482819 18.311528778 -0.726966704 0.034821580 0.394256114 0.561131879
2.729291311 1.553001855 24.100260581 0.115520964 0.957493905 -0.254193258 0.072430075
0.791965036 3.815770969 33.684739676 0.715636169 0.441854581 0.525236747 -0.129444051
1.620764444 12.728989797 22.047344780 -0.706165727 0.437576319 0.555754934 -0.031517992
4.704506308 11.340345278 32.614532304 -0.990933823 0.018633806 0.093540283 -0.094621110
-3.257457258 3.969148394 18.740643309 0.352950523 0.769609205 -0.450701828 -0.282834691
-2.055058720 10.166333812 24.948914000 0.341539539 -0.824992485 -0.276049823 -0.355717076
-1.263485555 6.981673303 31.459453651 -0.473588467 0.152679972 0.025373937 0.867040341
-5.247980917 5.445177961 27.980124615 0.785249717 -0.315390389 -0.521419361 -0.109697923
-0.101242824 12.142685773 25.070815329 0.615892502 -0.622834166 -0.477709171 -0.067438677
6.326797347 5.188867278 32.230678711 -0.531469773 0.533853672 -0.354113524 -0.554205512
-4.926886177 8.931638968 23.915680541 0.884155669 -0.065344576 -0.182747640 0.424973105
-7.042424764 7.994690686 19.162264268 0.334010830 0.693997361 0.453944518 -0.448038840
1.656710515 6.730366200 32.546675430 0.793707084 -0.200396287 0.485920757 0.306188521
-1.530364266 10.079589793 25.703153509 0.195241527 0.450832425 0.767094661 0.412548968
0.352709385 6.612962294 28.961288092 0.552629137 -0.070623507 -0.416671911 0.718329921
3.015054680 17.180130427 23.869746641 -0.940247401 -0.108512825 0.147152287 0.287238571
-0.922611707 18.655541316 26.235529362 0.269381049 -0.152164213 0.327796741 -0.892652900
-4.693791940 3.650745431 29.775407764 -0.334040309 -0.039196357 0.569716398 -0.749869284
-3.297712424 6.027544460 27.999528137 -0.949614871 0.215547787 0.018496848 0.226778779
-4.928759487 13.338303275 26.639818723 -0.440281882 -0.806488627 -0.050597402 0.391366659
5.477944077 3.509050742 30.462143348 0.181829005 -0.401941295 0.213669699 0.871623008
-9.375933588 8.189659519 29.193008497 -0.251463885 -0.049093781 0.729564178 -0.634107109
-5.700487903 14.955093972 23.915956284 0.410409201 0.716822216 -0.301329527 -0.476372454
