3.676401546 15.044163430 16.310067802 -0.573553272 0.287546694 0.457447375 -0.615707270
3.316431596 11.259008775 20.494757601 -0.495404288 0.158791384 0.827675934 -0.210505191
3.377318630 8.056323637 22.752004776 0.285052383 -0.786032689 -0.426909861 -0.344449883
12.483753014 13.038835927 14.424666343 0.151532922 -0.325238842 -0.767643582 0.531018644
9.812163418 16.107646423 28.514741488 0.586366067 -0.803506247 -0.091906064 -0.045889236
6.869631068 21.237326281 17.639825813 -0.968042855 0.243723666 0.058449031 0.008690052
10.899538439 15.580079111 21.494181343 -0.591199984 -0.722092712 0.046301388 -0.356259562
1.965262371 19.183662103 26.112622532 -0.051008418 -0.150828013 0.934278891 0.319017249
8.584848123 16.807497554 21.425025650 0.111351067 0.015808096 -0.955727056 0.271913291
9.209858484 14.501353146 13.403260892 0.075556328 -0.816477876 0.418727702 -0.390284808
8.200500916 18.345157559 26.579075987 -0.189831916 0.744083088 0.474690512 -0.430085014
13.717810483 16.249753955 24.761302705 0.189212097 -0.803083593 0.513216950 -0.236355427
14.029987110 14.022849986 24.114260905 -0.081837829 0.761466455 -0.315016610 0.560567518
1.129245821 7.769232991 24.625022670 0.706888272 0.342440005 -0.302262507 -0.540075171
12.900232864 13.476670881 28.559045225 -0.516622038 -0.274953326 0.349980157 0.731448035
11.197716697 7.232412234 23.045263075 0.838245287 0.268196147 -0.105438179 0.462923811
4.777428532 18.820463733 24.837711131 0.044083569 -0.114798091 0.952281408 -0.279353105
12.923876287 17.163898567 16.763646768 0.590309820 0.698823980 -0.292510382 -0.278598345
6.216414882 20.723980159 26.347902354 -0.336999380 -0.073371568 0.867077931 -0.359477248
8.956770359 10.936120198 14.942177175 0.327153652 -0.434854462 0.834761383 -0.083937585
3.285463503 14.565181121 20.414100001 0.694704141 -0.549323783 0.113085241 -0.450379025
4.933439339 13.609125517 30.116341085 0.964877266 -0.013985490 0.261879705 0.015339095
13.730894526 9.800812014 25.010233519 0.495071138 0.627519318 -0.277634187 0.532957158
10.747078108 18.693271639 18.515284430 -0.682025162 0.378880585 -0.606515047 -0.153070830
12.573193468 8.431087406 17.929521649 0.157355343 -0.533889713 -0.011228185 0.830707529
1.902453106 12.614695203 23.707394172 0.045597441 0.940453561 -0.045250563 0.333796883
1.044806657 17.313173371 14.988717839 -0.304710094 -0.320258457 0.896572557 0.027275062
0.378753377 17.160497828 28.883186502 0.226398099 0.097433114 -0.883754750 0.397779122
8.489328773 8.364387031 24.358153758 -0.221617329 0.021266768 -0.069594579 -0.972414561
11.865261089 23.400895758 23.375204798 0.230177195 0.805543390 0.166644201 0.519950013
10.376068358 16.231667574 20.790638017 -0.644720693 -0.082849618 -0.741969694 -0.164171076
8.219212996 22.854795250 22.875722620 -0.014370047 -0.985409744 -0.079787467 0.149649916
3.950669564 20.231437040 25.189022121 -0.445020221 -0.788852053 -0.235220961 0.352619542
15.084281066 12.071076435 16.951244945 0.344602157 -0.593867406 0.717857742 0.115113503
6.481501405 10.425011111 16.562660799 -0.616936993 0.682124742 0.368409615 -0.135532058
13.930629630 19.964676282 18.063371943 -0.709247164 -0.344902331 -0.614081952 0.030235740
12.796224390 18.926647026 22.576049701 0.097806592 -0.316719123 0.420998850 -0.844323893
1.160983061 13.810079079 25.111312395 -0.093487385 -0.920340788 0.350929915 -0.145193449
11.398477112 15.059281463 27.158514237 -0.591398059 0.211207520 0.096893529 -0.772173143
13.551094984 10.040773398 24.031792740 -0.235716326 -0.200019545 -0.294187236 -0.904369319
4.585445232 16.844925599 22.607406034 0.581565632 0.257416543 -0.133131311 -0.760127748
8.302913130 17.888591273 28.784100712 0.301477482 0.755233198 0.572790937 0.103173094
11.588109760 19.687268375 18.387171186 -0.567030738 0.109379494 -0.794400215 -0.188256654
6.928380749 10.961824580 26.879453650 -0.098457435 0.264839711 -0.884567992 -0.371086955
13.645231870 15.844379676 24.462885052 0.150301520 0.500347358 -0.302943554 0.797049044
1.710507203 13.240074479 28.500643562 0.496631551 -0.613682344 -0.329923382 -0.517592161
4.262549266 17.454275107 18.487308550 -0.295512270 0.653366777 -0.196516077 0.668704557
7.653686560 6.050467647 20.641650268 -0.258121245 0.115057995 -0.924139789 0.257100624
4.729482495 17.582939095 15.412892904 0.595672986 0.074621116 0.742117305 0.298106170
5.354409032 8.757127574 27.255638630 -0.708668217 -0.091778676 0.221415031 0.663582261
10.303445424 11.006010558 14.763036736 0.918936893 0.373128523 -0.105449112 0.072184323
2.725577464 10.157199652 19.812831604 -0.302103594 0.293565528 -0.360107075 0.832391491
11.132363466 6.837298147 20.621467158 -0.202074086 -0.623654649 -0.710208886 0.256562431
8.566808330 15.277805412 28.143075152 -0.497064055 -0.517515935 0.586842597 0.375127111
5.742667083 20.821629504 29.221873408 -0.703052929 -0.657259978 0.261493743 0.073122655
14.673766463 14.476517147 23.860920279 0.114298426 -0.321948307 0.215906915 0.914696322
12.599427311 14.397273456 18.747066343 -0.672982166 -0.419763169 -0.449648821 -0.410743014
8.534342656 12.429822865 30.260417742 -0.603766668 0.623053897 -0.308981159 0.389615574
4.221278713 7.437218409 16.626421413 0.223739387 -0.834529607 0.236325162 -0.444580070
7.670791499 14.365334700 16.515001536 -0.505812186 -0.036582521 0.635933657 0.581725138
9.439321332 9.150074859 14.150486290 -0.261658833 -0.339252277 0.702000022 -0.568892360
6.880339282 14.872452622 19.663580049 0.158539704 -0.018518842 -0.536993147 0.828348100
13.910170379 14.278693371 20.050188746 -0.445150798 0.162815721 -0.497358377 -0.726613001
7.693777072 13.775086563 16.587132222 -0.527145700 0.520896640 0.020601560 -0.671088427
7.231202051 20.479559219 17.685191178 0.661242912 -0.420634236 -0.579329394 0.224058260
-2.432224316 15.346274196 22.056246152 -0.016568089 0.109042556 0.074098352 0.991133015
10.531426959 11.955051542 16.746930083 0.816041985 0.361562050 0.080263225 0.443741115
7.787858327 17.558561413 26.568240006 -0.062642969 0.637803306 -0.766942699 0.032889187
8.917059570 8.039546830 19.798241236 0.320321289 0.880896850 -0.274976949 -0.214015629
8.584174798 20.536028249 16.999758300 0.450524342 -0.736960996 -0.503567608 0.018329545
1.868381670 12.823448457 18.855539261 -0.719549922 0.617751964 -0.020954606 -0.316530134
-2.176324239 15.286798457 21.732966033 0.543383880 -0.686547776 0.483050449 0.006955199
13.520217470 13.125437593 15.563587512 0.092958920 -0.656990799 -0.623733382 0.413132422
5.133546875 17.717085824 26.737204152 0.081825868 0.721645636 -0.518336714 -0.451507646
6.088885174 20.500017186 27.528151455 0.606490509 -0.002614666 0.485601754 -0.629566011
3.401645832 17.660010461 27.353408173 -0.020543219 -0.143809336 -0.253417473 -0.956387179
8.304446049 15.189892179 17.373629521 0.343585064 0.602669972 -0.720224182 0.003916214
7.261598221 9.139009858 25.483066165 0.327933263 0.348278987 -0.800643925 0.360736507
6.563990898 18.708729582 13.307607173 0.338154662 0.939439541 -0.048357549 0.027682511
-1.035853935 15.794527265 17.294260751 0.747912672 -0.285551072 0.482761421 0.355005112
8.701015374 14.158401577 30.536902470 -0.282566782 -0.036492816 -0.958346135 -0.019924197
5.899850455 15.008710490 27.374059284 -0.189463250 0.464750050 0.807147726 0.310843394
-0.239679238 11.575324667 22.625466615 0.313742440 -0.508414470 0.272111604 -0.754344539
9.142807363 21.303062337 28.954762378 -0.253422206 0.182090371 0.877423043 0.364347480
12.169022797 13.367500706 21.220222533 -0.398861607 0.434251363 -0.347896908 0.728905284
10.087314704 20.335980245 15.180536664 -0.848838287 -0.247273857 -0.458863414 0.088167848
8.306129453 10.348846124 29.377783122 0.418191511 0.264775142 0.864843962 -0.083993491
9.837217455 19.123891547 21.393343808 -0.471264856 -0.791642033 -0.097791644 0.376363017
10.410206468 11.016665684 14.423674900 -0.455933865 -0.297693222 0.390704217 0.742194901
5.333968509 21.082176081 17.151654738 0.026929951 -0.457635030 -0.583452409 0.670394096
8.312619721 23.112778217 20.418040239 -0.032510959 -0.039328310 0.134101954 -0.989652963
13.699281288 16.616944969 16.580998671 0.933967509 -0.242309517 0.210955764 -0.156487875
13.391704626 14.569862428 25.445130872 -0.673960776 -0.413477353 -0.394111696 0.468496877
-0.059580694 14.450051870 15.525518780 0.888112687 -0.083586437 -0.334788480 0.303621205
6.248095453 16.804247737 26.835231849 0.967709281 0.119530059 -0.069588110 -0.210733975
4.907623277 21.766764086 26.803405694 0.342059417 0.079962503 0.555450923 -0.753707918
0.436050075 14.987288760 16.451115170 0.587259352 0.006455116 -0.273943625 0.761603359
0.124112676 11.898355362 18.406215772 -0.691685198 -0.456342928 -0.534602518 0.165900170
-1.795926994 15.358873800 21.422234210 0.288062552 -0.157356270 0.647043039 -0.688181862
0.834233172 15.406690752 26.039211814 -0.978901608 -0.039014836 0.190414799 0.063021335
6.751084108 16.820219655 19.934633516 0.111040374 -0.208261492 -0.233076178 -0.943383634
6.049679762 24.723156709 24.040675030 -0.143123844 0.963947084 0.079199798 0.209878478
3.063104015 20.579763937 18.576286192 -0.037648491 -0.797281491 0.216934129 0.562018149
8.455850380 12.247163977 18.742798857 0.675169468 0.409693126 0.067965246 0.609654375
0.417761166 12.265319624 18.954983330 0.463508969 -0.829100801 0.254702263 -0.181323069
2.966363357 14.358307360 12.419933841 -0.669371586 0.142672616 0.251095952 -0.684497646
11.190535364 13.372486675 25.579893055 -0.415345279 -0.405681602 0.758669175 -0.295519577
12.256392091 17.786612903 17.132905563 0.198890180 0.670785120 0.465552740 0.541987698
10.331541583 13.598822488 15.565146362 -0.961220610 -0.227990967 -0.054883725 0.145130402
3.604907849 16.748537303 19.322484025 0.853459356 -0.146439013 -0.243236978 0.437033769
10.008157904 12.804106648 13.142410389 0.941816000 -0.246914972 -0.014070322 0.227634895
3.796753966 12.796347914 26.609541493 -0.891558549 -0.346883748 -0.202381368 0.209372400
0.460812922 18.400349410 24.247916403 0.109500745 0.535589343 0.748757599 -0.374854238
15.816188612 14.601581797 17.865139365 0.274393006 0.183249263 -0.869681754 0.367126454
2.283641149 20.392314608 16.143313107 0.769174453 -0.009521283 0.574888464 0.278896504
8.949057328 21.412238655 20.098676344 -0.471395507 0.849567675 -0.234698802 -0.030618848
0.526332825 13.567317422 20.719945819 0.738720748 0.473630455 0.173507059 0.447058328
10.563321180 21.190597928 27.604760852 -0.341829131 0.518784973 0.459085574 0.635023963
5.106333829 11.582929609 24.888669461 0.422348274 -0.629357463 -0.614203266 0.219739545
9.731656050 15.763531213 29.322232236 0.320219953 0.210217256 -0.877984349 -0.287073806
1.681752172 13.904429157 29.986243439 0.531826551 -0.347737895 0.586381486 -0.502389917
11.471725936 18.091877541 18.444641523 -0.405603356 0.736508317 -0.541330692 0.001580429
0.081868625 10.887888894 18.755548637 0.530351570 -0.233180601 -0.814510846 0.030431915
5.397883702 20.028771385 14.072629783 -0.046554947 -0.919390530 0.211689991 -0.328239301
2.342695351 12.782268017 27.065206514 0.781185515 -0.329740270 -0.529489352 -0.025721061
7.039630617 15.507947337 29.464680501 -0.883504826 -0.235455443 -0.346097521 -0.210229549
10.911668207 21.690755800 24.706253948 0.289896120 0.622332482 0.725152773 0.053065779
6.033462532 14.345907184 19.592199850 -0.733401649 -0.181052676 -0.591560341 -0.281777063
15.092009177 18.912226270 25.489470962 0.821668107 -0.311546806 -0.398839880 0.262158080
1.622800360 12.367834139 26.179815062 -0.097418120 -0.328378305 0.776756125 -0.528514259
1.081042783 13.095409210 21.016836865 -0.700183163 -0.604376259 -0.350895130 0.146100941
9.101200449 15.387139624 19.181153161 0.449054857 0.891001993 0.048906627 -0.045533782
6.807471750 16.694315941 21.398026292 0.044722699 -0.006264375 -0.208693554 0.976937889
1.996849446 15.336216767 16.041980866 -0.384225631 0.386467898 -0.575756511 -0.609522491
4.681598135 20.609632911 23.227023198 0.145204024 0.927078223 -0.264476205 0.222472688
13.006802651 16.045170217 26.087133511 -0.215149135 0.410010897 0.302549823 0.833105947
-2.111189535 13.865614807 23.193014755 0.573145735 0.545187358 0.534437995 -0.297742742
9.783929931 16.620912402 14.101761862 0.122270812 -0.242212681 -0.339136687 -0.900760331
11.185729653 14.282696954 25.169094963 0.050539042 0.948524856 0.293504182 -0.107711178
4.637979222 8.084525240 19.333907838 -0.154881325 -0.613661134 -0.399343940 -0.663291946
6.598311973 22.512164613 19.499319878 -0.411656674 -0.339681354 -0.842263902 0.075808172
13.702124721 9.233641763 20.198424743 -0.339855463 0.838413602 -0.124982104 -0.407357791
10.335658476 17.284467566 19.731468516 -0.410625467 0.835009100 -0.006361467 -0.366204942
7.617051956 21.557241755 21.520129114 -0.367894632 -0.143141370 0.918758653 0.006828272
7.995031909 23.205934665 17.864494634 -0.471050747 -0.564408592 -0.499082385 0.458771085
9.022341329 12.332434819 29.555526341 -0.919876617 -0.025150533 -0.370479042 0.126252682
9.634105014 9.012828748 21.183610993 0.655313663 -0.694270494 0.247835483 -0.164712044
12.021685622 11.442341772 15.994041702 0.789100279 -0.063798988 0.598866734 0.120867999
11.312570138 8.165738498 18.298303367 -0.428153012 -0.574619725 -0.408543820 0.565322135
12.756066769 13.707304759 22.462328019 0.547611902 -0.242870628 -0.198002188 -0.775841605
12.278734289 14.444721633 19.800068413 -0.512762492 0.381358850 -0.575229493 0.510637919
4.586126380 7.260901149 18.512827931 -0.403796723 0.664685993 0.251018357 -0.576307663
6.774675728 18.771809014 20.225833373 0.190238556 -0.585618225 -0.547923698 -0.566251011
15.135706989 19.345520635 19.182611922 0.816616762 0.514638460 -0.018259615 -0.260673945
-0.871298222 9.910543562 21.359030369 0.379266107 -0.695446028 0.047490470 -0.608487220
6.959767150 17.114414992 25.109115904 -0.192316137 -0.432755415 -0.818050135 -0.326391223
2.317870179 17.132461440 18.016513958 -0.466771667 -0.477062441 -0.224470408 0.710034276
-0.986073460 14.716787888 21.904999958 0.433781590 -0.602898414 -0.668510292 0.037960825
2.612622846 14.853235605 20.464972653 -0.482631329 -0.713423879 -0.487113238 -0.144270798
6.592913598 11.715318725 12.299656115 0.011883273 -0.018856606 0.705962783 -0.707898132
10.006899563 17.016740932 26.723390478 -0.057599429 0.006096232 -0.406777378 -0.911689260
8.001833921 18.077928708 22.746635857 -0.274740829 0.154330582 0.449609375 0.835793610
3.393685971 18.866806135 22.458105507 -0.427245101 0.664757786 -0.467112133 -0.396692533
2.201113329 12.700547349 21.644187164 0.340573791 -0.507696224 0.743813688 0.270176304
7.633814679 11.513177412 13.087104318 -0.042062107 -0.823934054 0.538941494 0.170016235
11.141739155 6.228469595 20.207447353 0.795612253 0.060333338 -0.035030839 0.601775599
1.698675308 16.417996053 23.611157372 -0.524924146 0.494791337 0.690887523 -0.048068750
5.577823391 17.307487591 18.796091047 0.088119606 -0.354249549 0.867985711 -0.336664518
0.638837911 15.258615943 27.979030473 0.965958509 0.171035648 0.026208082 -0.192312515
8.705711921 20.580495975 14.687178908 0.599443423 -0.751772600 -0.229256983 -0.151481936
9.600854364 13.157216447 30.914146373 0.596952194 -0.166265772 0.576469910 0.532622018
2.599747903 19.945208969 20.055219281 -0.582564925 -0.305362275 0.701215373 -0.275079971
-0.705294880 12.394245242 24.654045146 0.524452114 0.443188637 0.439309314 -0.579259130
13.052731606 16.769875944 25.972151180 -0.593832164 -0.507921838 -0.013731043 0.623851125
12.570644024 20.353934004 20.688462547 0.302081008 0.367988715 0.169336451 0.862934839
-0.023471458 12.506512137 22.109170457 0.707172532 0.222374294 -0.323251269 -0.588188151
-0.675066939 12.048199771 18.931215155 0.195216741 -0.072704398 -0.878570418 0.429788918
7.411555422 17.635204593 30.182414317 -0.297730280 0.690717248 0.627888192 0.200056948
6.072809710 19.010916661 15.564526676 0.405029081 0.037489542 -0.796706218 0.446995727
8.232979400 15.638358274 28.828718590 -0.254381640 0.168863444 0.733108909 -0.607722343
2.316050954 15.453691423 16.127930468 0.125430862 -0.198397202 -0.649334816 -0.723374001
5.976724005 8.409666892 27.592511295 -0.156039014 -0.486063988 -0.600506061 -0.615456006
12.802453868 14.765025579 24.537065396 0.104854377 -0.929362554 -0.054011759 0.349819285
2.617819218 12.463785701 28.181341716 0.300761181 0.541074658 0.042890145 0.784181970
10.554512623 12.264193464 23.436726762 0.208280501 0.381418387 0.371722535 -0.820342370
5.924463760 14.768183578 23.951000415 -0.147514890 0.841007742 -0.193583837 -0.483187989
10.915791860 20.794964308 23.908038666 -0.014835127 -0.140131696 0.950584948 0.276642882
1.260600255 22.213225954 24.914316838 -0.370711404 -0.175905976 -0.389532257 -0.824557314
4.841131475 18.306278921 25.977888151 -0.227316962 -0.194424378 0.072358851 -0.951467475
3.050667535 12.036665133 27.155885463 -0.456224438 0.532797816 0.610564994 -0.367690274
6.765139970 9.233976127 27.747456483 -0.754436110 0.501299814 0.362208458 0.219840135
7.321196330 6.572532431 25.963934210 0.316333887 -0.425598602 -0.059400594 0.845736526
3.313536118 23.203862687 25.029374142 -0.811855481 0.058415394 -0.406978278 0.414544330
9.638360590 10.376138339 24.530956206 0.767740339 -0.390393679 0.377470015 -0.340123412
6.576595553 17.013346152 13.557497717 -0.426341442 0.658750159 0.079775222 -0.614749637
15.712936651 16.231842813 23.500551735 -0.426443487 0.389377575 0.118823087 0.807720330
14.372145814 9.048425561 23.861784588 -0.042242598 -0.148974429 -0.701274500 -0.695870863
7.359436078 23.643224416 21.738063863 0.582817419 -0.397382316 -0.555068965 -0.440805621
4.624424813 7.219560325 25.209076143 -0.319863450 0.493559453 0.449180151 0.672550096
12.507032354 17.299239466 14.699855675 -0.788379336 0.485446738 -0.374504736 -0.050454825
