1.316532093 13.985754071 24.815119508 -0.008107774 0.676008461 -0.705620089 0.212243053
0.731997775 12.996408331 28.024326576 -0.391255505 0.477220447 0.565451440 -0.547215170
-2.085820702 8.538778260 25.066229296 0.134481435 0.249061596 0.246997685 0.926755204
4.980442480 6.840297486 29.280815223 0.372428976 0.003307357 0.055792256 -0.926376243
0.572969561 9.113459991 19.454203344 -0.298508826 0.650309859 0.195230339 0.670726981
12.099410301 8.859854571 17.580052892 0.685304460 0.675651936 0.255680720 -0.092084891
2.308865347 11.966362907 19.021776047 -0.381513307 -0.133083674 0.908032060 -0.110517463
4.896703474 13.116971978 27.238221931 -0.197808340 0.558550042 -0.803647067 -0.055182439
12.447135602 6.303650057 21.670991837 0.487061054 0.592241016 0.622663603 -0.155923526
-2.844850521 8.332170363 28.157391488 0.780059140 -0.132896936 0.611021544 0.022334193
1.361090403 13.711347514 28.235004353 0.436429309 0.790312185 0.384845532 -0.191911503
6.644645877 6.465519858 19.997651380 0.167052089 0.271929907 0.933539170 0.163255457
13.974840420 10.718193376 23.674381157 0.079970050 -0.769027140 0.554228324 -0.308274252
-0.509662568 8.482941542 18.440174664 -0.914701689 -0.334556930 0.171918750 0.147771524
10.611978237 8.615617822 26.739415473 -0.187301215 0.469294114 -0.857175572 -0.099656048
2.640508048 9.673287754 32.652997117 0.396402706 0.509960616 0.725254042 -0.238351924
5.904162369 11.024284869 26.756770130 -0.386573306 -0.552502676 0.649221539 -0.351871092
12.295817004 6.528861001 26.331551971 0.735689705 0.317481637 -0.557355660 -0.217533300
4.059622059 7.693500591 22.399077951 0.445926753 0.436380424 -0.374224224 0.686059536
2.853854240 10.471753334 24.720177355 0.555237079 0.700917764 -0.092382331 0.438054311
8.506261314 6.760123313 23.062577414 -0.285434983 0.338263104 -0.894097752 0.068513883
1.938521132 11.902121803 23.264736299 -0.711214066 -0.479965473 -0.249572115 -0.448911413
2.284407473 15.684038648 18.946956433 0.534803281 -0.185816608 -0.750483873 0.340927552
3.138971785 7.818914920 29.034091537 0.166104568 0.088728846 -0.980071903 0.063210198
-3.433986129 7.414655872 25.914513129 0.375367296 0.769591689 0.382433914 -0.347235260
-3.938382022 13.720695048 25.098589269 0.500601721 -0.508098448 -0.343016990 0.611206372
5.507269740 11.656321289 33.796828771 0.470552859 0.373973894 -0.093426477 -0.793722260
9.849104085 15.021164709 22.774093070 0.279075990 0.874738437 0.238566244 -0.316283742
7.917790953 12.082163895 32.302256683 -0.429308357 0.691849534 -0.096870574 -0.572411258
6.876840936 11.773444157 18.141900821 0.497539229 0.819781154 0.283550505 -0.003561684
5.995060601 11.528826027 32.205863772 -0.064638019 0.319162792 0.834967740 0.443605581
7.543850236 7.767963647 15.803943915 0.049526318 0.173894938 -0.958607809 -0.219951728
14.356226541 10.393978481 21.437373798 0.531941940 -0.816627880 0.108040745 -0.196173073
10.918868866 6.993258581 21.719754964 0.658234465 0.139573047 0.383001749 0.632895263
6.563703552 16.367407038 30.224976461 -0.195723559 -0.369622565 0.690592213 -0.590045628
0.298802097 11.021741842 29.187787900 -0.231186338 0.053266666 -0.931592695 -0.275409857
11.755060934 4.720824992 28.811082785 0.177473530 -0.894862142 0.350212269 -0.212311704
8.717268044 2.809112543 28.553986010 0.736756828 0.137977907 -0.189943733 0.634092148
8.987111374 19.006969913 27.123250648 -0.318960326 0.033965249 0.219076534 0.921474983
0.595149754 16.161222415 23.751114426 0.799298354 -0.079909439 -0.530414141 0.270919660
14.917748556 10.763378681 22.696450292 0.438430880 0.363492990 0.597122059 -0.564886232
6.065300348 5.942599894 32.837112734 -0.768075600 -0.209247143 0.503745877 -0.335433446
1.844097164 1.771876137 24.701481402 0.513954252 -0.158944853 -0.401338003 -0.741293038
2.780845299 16.367643710 16.699918627 0.627763671 0.042662025 -0.240373172 -0.739130207
-0.180309700 10.152340442 26.389963815 -0.082589745 -0.185487106 0.812568108 -0.546357518
1.193103328 4.863672954 30.011943395 -0.420894157 -0.399766059 -0.698517188 -0.418460208
-1.163784355 10.786464894 23.157260684 0.087276181 0.838149784 -0.014626632 0.538213591
7.787316847 15.017932392 30.553972768 0.116918831 0.822285886 -0.155246125 0.534859373
9.166310147 15.927763827 27.829621862 -0.047297110 0.058661517 -0.430039690 -0.899659755
2.001807564 18.536518664 20.414557256 0.035429338 -0.450913891 -0.595455451 0.663968547
13.259845161 7.154366977 25.217640523 0.285984629 -0.204561253 -0.151971499 -0.923727313
-1.436867576 4.493690903 20.994305831 -0.078026483 0.737777088 0.102392595 0.662655712
6.709005726 11.379101679 23.912371607 0.181000444 0.234953755 -0.953544985 -0.052797102
6.169876252 12.849396608 30.793859014 0.524929705 0.834447719 0.030037804 -0.165056170
-1.417763396 3.245239320 25.573260345 -0.053542525 0.787642895 0.613151319 -0.028236994
14.746155066 10.381554306 26.552312179 -0.670199233 0.089263137 -0.322289737 0.662566529
12.665420619 11.058763166 30.660053361 0.002642425 -0.307943056 -0.849430902 0.428522152
3.462756929 6.144622362 31.611305751 0.960079511 -0.021617825 0.278473884 -0.015241333
-1.435942255 3.256252716 24.055187853 0.300362967 0.455790539 -0.290695605 -0.785832767
-3.211808030 14.897291335 24.743123314 0.104485873 0.180276045 -0.975997130 0.063347081
4.948326939 6.537073465 23.522594115 0.287516387 0.779291368 0.424624045 -0.360185662
2.715328692 1.029535771 26.409081773 -0.814616746 0.171474513 0.248469705 0.495236160
11.497805508 11.700312115 23.653420050 -0.097464469 -0.350299807 -0.129938352 0.922446068
1.222292539 2.483380524 24.584910333 -0.273912888 -0.797805343 -0.536852898 0.016350217
4.949524600 6.823016844 25.606173473 -0.272457088 0.916096771 -0.132980641 -0.262392816
-2.461023268 11.728363861 24.665236829 -0.809300445 -0.545343446 -0.093967678 0.196985762
3.188734782 12.493595900 17.579379859 -0.137677734 -0.133528393 0.102949558 0.976020696
6.859349682 7.195108604 32.095136012 -0.430764988 0.171860197 -0.848298275 0.255530105
11.206922676 7.978509498 28.329468816 -0.689998553 0.010366429 0.329265091 0.644499057
8.844460965 10.450521378 21.769770816 -0.059767483 -0.676945955 0.518493727 0.518976182
9.072535364 14.704511284 32.043568510 0.969548427 -0.058780951 0.009688454 0.237543218
13.039962394 14.061813911 28.304954759 -0.110446110 -0.701747970 0.266705675 0.651321370
-0.271359107 9.563195417 31.443250110 0.138600564 -0.762992870 0.255859120 -0.577206961
0.640587448 7.543175851 31.110698362 0.977178114 0.083624929 -0.190209963 -0.044158516
4.334047005 7.510739926 19.476333531 -0.213479233 0.865628601 0.405444076 0.201813885
1.075820776 12.879812735 19.932539422 -0.884811261 -0.239674504 0.285453353 -0.279609634
6.959024306 11.945033434 33.844075883 0.577459086 -0.370655659 0.528071987 -0.500295276
0.158975821 15.329024788 22.543019684 0.067006574 -0.232680309 -0.338122959 -0.909418967
10.693996315 16.629584577 19.281745546 0.139353444 0.389463977 0.763775436 -0.495525490
9.524255901 13.868270567 24.214016964 -0.145239188 0.269118421 -0.333654297 0.891715013
3.534767658 8.367123907 25.479586488 0.071578119 -0.821221778 0.563094173 0.058277917
12.853351120 7.830402185 26.117818507 0.324749095 0.701135327 0.600039996 0.207121418
1.880621785 7.393122956 33.034432364 0.533725519 0.128414873 -0.066590738 0.833194073
-4.427716035 10.033706495 23.829812515 -0.825479187 0.393024732 0.016639852 -0.404770042
4.928047706 14.252826354 30.473613068 0.482349142 -0.383731617 -0.785204226 0.059528782
-1.520347994 9.189398063 30.584589291 -0.284085062 0.460762942 -0.169462212 -0.823574980
3.509871641 10.248904984 26.063236511 -0.511645957 0.840712293 -0.038590922 0.173008658
8.192873127 12.663740236 26.589935083 0.201501827 -0.860522417 0.154639955 0.441570683
2.314925736 12.812953390 16.919126372 -0.106632786 -0.155177641 0.310885293 0.931611337
-3.035207044 14.456286036 21.628978701 -0.470918847 0.545978713 0.081516057 0.688111777
2.554264832 8.528442687 22.034649509 0.291694853 -0.347348196 0.102587116 -0.885290476
0.448954930 8.738787154 25.464977601 -0.382586367 0.127667671 0.407245967 0.819438442
9.596281074 12.890265383 19.145825761 0.610493254 -0.144639392 -0.393540963 0.671939687
6.620073654 8.730402912 24.063696631 0.201091119 0.324504215 0.748950220 -0.541602202
10.810488400 12.112546868 20.555237833 -0.070593354 -0.174811753 0.721105107 -0.666681974
5.487870634 17.140674795 16.931147300 0.402600864 -0.708805518 0.565317509 0.126187943
-1.717527169 16.989681911 24.964123650 -0.403164142 0.258029975 -0.562898636 0.673813277
2.558966017 10.327097987 24.973796624 0.416722895 -0.458210117 -0.023844506 0.784740057
-2.302232454 9.871514375 22.099373413 -0.214037438 -0.100483058 -0.920476237 0.311150490
-0.809432037 4.254861418 24.277969477 0.557000698 -0.652791771 0.083516886 -0.506594568
7.424174883 19.278497822 24.517885632 -0.736125086 0.659331277 0.025719073 0.150800044
9.595401646 9.237675200 21.651779510 -0.768963564 0.203938038 -0.591043097 -0.133313058
5.103204634 9.724679043 32.215111004 -0.507961944 -0.769082786 0.313088254 -0.229046014
10.137488061 8.817351017 21.718719059 -0.963012224 0.096322242 0.218808978 0.124306530
3.021846136 13.843036545 18.601622606 0.018656120 0.281648848 0.901494684 -0.328075007
1.633897415 8.649078982 27.710385969 -0.221305903 -0.464886313 -0.696587884 0.499669624
7.610354311 18.344953209 28.255603796 0.413971987 -0.773946137 -0.280265866 -0.388697332
4.278524249 7.448338370 20.703504764 -0.556988272 -0.371288863 -0.717573887 0.192344384
10.869756612 12.827072721 21.239597724 -0.424139363 -0.226459126 0.113794027 0.869409561
1.237270316 13.269057632 17.288406326 0.798303662 -0.417642864 0.050329871 0.430990261
4.714931189 4.709545399 20.783082660 0.110374375 0.607403458 0.317404020 -0.719814716
8.472318418 13.475127705 26.232757373 -0.213908398 -0.933580389 0.154654694 -0.242389727
5.110388652 14.226671313 23.899540516 -0.180433773 -0.821130259 0.538380149 0.057754361
1.741179075 11.894639088 21.361731262 -0.727801164 0.252142926 0.629596718 0.101672919
3.561886502 14.487337298 25.164062334 0.437659537 -0.504336786 0.721252661 0.184100881
6.037746732 8.817332303 29.456037518 -0.215426813 0.921805914 0.222599970 0.233054499
-2.499716913 14.196496892 26.728068728 0.069377590 -0.520401406 0.822059913 0.220423741
11.310745330 14.520221666 27.118967796 0.630033772 0.386777006 -0.445935334 -0.504581680
2.374029048 13.872975490 23.604655459 0.757093341 -0.466976608 -0.252118189 0.381023541
8.058109877 4.060553408 20.546988082 0.358348173 -0.735378091 0.019006152 -0.574842949
6.381584334 2.328523284 20.849566753 -0.598322174 0.644343408 0.342910451 -0.330521664
1.962707379 9.695155949 26.673686652 0.198333101 0.693594103 0.686038388 -0.094564964
5.401456773 5.653258931 18.435074700 -0.313819913 0.325419420 0.444176175 0.773515862
2.006319425 6.444894544 32.383441480 -0.132042166 -0.578549259 0.413112373 0.690784908
8.028909208 2.309756486 23.380201925 0.545958556 0.680378619 -0.389800707 0.295075581
6.311843731 5.473104626 24.028216874 -0.061959863 -0.110313827 0.231525431 0.964566125
1.123791166 13.219546133 22.790007431 -0.325939137 0.618837978 0.677064783 -0.228881007
-0.653214173 15.451609353 21.978902057 -0.096534577 0.145904557 0.973896602 -0.144631754
1.219860334 5.159587551 18.863598127 0.654269801 0.690687718 -0.246183680 -0.185135353
10.128259517 7.156955304 18.871360857 -0.143568436 -0.225520876 0.818523813 -0.508475374
8.037180055 15.594436318 17.187223414 -0.359158947 0.072028919 -0.667569907 -0.648202981
3.847815619 11.579371584 17.508037137 0.462680964 0.804951059 0.079481978 0.362853598
5.538253618 0.533006219 22.931145809 -0.210709152 -0.662044255 0.685294096 -0.218337033
10.560879226 4.840159843 29.493571560 -0.860075513 0.081711489 0.458515963 0.208222133
3.652630244 11.446431629 32.956151605 0.173117639 -0.017611423 -0.951168978 0.254946458
7.345981581 14.428623357 31.850138099 0.563179435 -0.656284491 0.482323722 0.139583015
-1.786905514 12.704142364 23.635572827 0.280018311 0.094023294 0.473962638 -0.829523227
8.993851767 11.876302818 29.191598263 -0.142410277 0.563760162 0.313325148 -0.750813655
8.479516995 17.519017347 22.440717757 -0.759521988 0.111027699 0.640681457 0.018068481
11.990419374 9.144815689 28.146610289 0.769438241 0.353067072 -0.513554128 -0.139894936
6.954200639 4.477294048 23.205254266 -0.217187355 -0.034495818 0.869210691 -0.442845872
3.525171887 9.942550819 15.904132706 -0.548983852 -0.244545933 -0.797894893 0.046666441
4.435528575 3.519703279 20.867657096 0.628682820 -0.262620032 -0.019499698 -0.731716060
4.767142862 14.625390805 15.375365354 0.405536850 0.587146677 0.303619587 0.631358685
9.677936759 7.127748385 18.529192235 -0.372083197 0.663572377 0.564146579 0.320880714
4.061946948 19.324046188 27.047240504 0.415510341 0.265444053 0.730657839 -0.472260240
8.264673403 12.720582656 21.433546824 -0.966379211 -0.171070491 -0.018551707 -0.191054811
7.283230185 2.235675009 20.612263544 0.966451687 0.256817212 -0.002005159 -0.003469160
5.523827166 9.512289474 18.678282786 -0.844671912 -0.183088947 0.235665312 0.444375584
3.542410778 12.245244059 22.257947888 -0.773896156 -0.141136629 -0.610184343 -0.094022648
7.354931742 3.728871099 28.309040990 0.821061477 0.184174450 -0.538443816 0.044900792
0.663983343 13.281607039 23.051050670 -0.606172052 -0.360747359 0.456875201 -0.541924198
10.461833089 11.840144726 27.753542291 0.485984972 0.065041974 -0.821484761 0.291120140
4.945559090 14.348517875 21.218002158 -0.384856940 -0.737240190 0.426002849 -0.356207259
7.657545293 7.141199626 19.457801539 0.230758720 -0.485174523 0.842240278 -0.044580375
5.827103203 3.923394362 30.416394660 -0.320779911 0.850463246 -0.298243063 -0.291313562
4.095246805 9.821338436 15.888312573 -0.156733405 -0.804682080 0.073224255 -0.567943305
1.957205334 3.596252699 23.590636037 -0.211737092 -0.148543806 0.856074028 0.447481173
-1.454733198 6.351500212 28.731938324 -0.426254496 0.489267490 -0.448493954 0.614636153
-4.112114728 10.968535692 23.990576401 0.012073338 0.240051349 0.970566302 -0.015186765
-3.013503316 12.332604448 19.095390616 0.352671963 -0.665175281 -0.170467153 0.635692758
-3.306331529 7.459243608 23.469497685 0.520011951 -0.713260802 -0.085862636 -0.462032691
1.875665258 3.343244608 25.480887072 0.366984001 -0.883164910 -0.286482217 -0.057187627
11.585786881 11.175666870 16.841768215 -0.077531245 -0.716505857 -0.692806647 0.025044218
4.700073864 7.498711798 22.442132757 0.236110653 -0.346226800 -0.128870391 -0.898760916
1.259498551 7.303899462 17.121140136 -0.460849052 0.160287335 0.263808275 -0.832064490
2.616026825 11.188141376 30.828966211 0.574997894 0.172678217 0.365223815 -0.711457111
4.602811250 14.154536828 24.554444709 -0.213206574 0.339418784 0.837796486 0.370722124
3.489616450 15.062618027 15.740914181 0.543699078 0.309745310 -0.730537435 -0.273430451
4.801226908 2.455908050 28.332215755 -0.875880393 0.304040864 0.366769271 -0.076635452
7.131449952 1.858577982 21.262896753 0.354424396 -0.165024323 -0.911937814 0.124578262
1.332819741 16.610592940 24.798529846 0.732472422 -0.570585835 0.301282841 0.217128086
12.734623040 10.401526966 20.954119344 -0.181353578 -0.931244152 0.095976899 -0.301137251
12.595404522 16.763544153 25.251344810 0.631705376 -0.098342989 0.658661953 0.396788867
9.926751565 3.631247606 21.695818190 -0.348462276 -0.197942598 0.045333760 -0.915061539
3.402006042 9.424770190 33.346364883 -0.142931505 -0.387381539 0.118823228 -0.902987912
10.700011376 5.175732560 20.608077379 -0.500930593 -0.006747175 -0.575813760 -0.646112630
10.553132374 14.458558914 23.861789128 0.432774602 0.276207827 0.820812944 0.250362717
9.512242549 9.801922401 30.881504270 -0.581382181 -0.697312266 -0.306213036 -0.286328379
3.779836965 17.138396479 21.383574818 0.709817403 0.033135993 0.502571196 -0.492426089
3.461059321 12.850235671 28.441635755 -0.030524162 0.062365189 0.893822146 0.443013351
2.635284653 5.938097273 27.797992677 0.322878695 0.858004157 -0.397654604 0.038066138
-2.107373983 10.807863421 28.807719932 -0.480928995 0.521349523 -0.690308618 -0.142744488
-0.770741724 8.863399049 24.381677667 -0.860389541 -0.343557633 0.366111895 0.087521834
8.758645704 5.979531495 16.886930379 -0.589490405 -0.754904527 -0.222078122 -0.182487054
-1.434771661 10.590120894 20.562926503 -0.654196264 0.470347488 0.049070776 0.590247869
8.680639790 2.672687119 26.340377853 -0.715595648 0.499271138 0.485913450 -0.050391647
3.513126523 18.824271388 28.490880700 0.175088785 0.249600472 -0.752253418 -0.584087594
-0.762667996 15.872755501 19.234416718 -0.624163627 0.383050729 -0.614078138 0.294278688
10.594958606 5.237015484 18.490344441 0.015428520 -0.327554202 0.031136470 -0.944193161
-2.114103636 5.965317854 28.956637140 0.560045705 0.204939722 0.471918899 -0.649338949
1.192384200 4.119665997 30.742463471 0.486618934 0.573294200 -0.107043624 -0.650444030
4.403956591 14.414542546 19.264736853 -0.471434925 0.331972706 -0.036397591 0.816222059
-0.609990209 14.410267364 27.533059007 0.427438898 0.557656246 0.670102426 0.239328724
10.959308141 11.226384432 25.783860866 0.040868719 -0.856175713 0.434009333 0.277360407
13.236061414 10.067157593 25.888428222 0.428023893 0.115118979 0.778707258 -0.444024971
1.667270868 6.305971795 27.259649620 -0.485617498 0.800818383 -0.348938049 0.033283656
8.674900596 5.731994068 28.606310106 -0.110178657 0.461187493 -0.467565348 0.746022389
12.896651113 10.549987827 19.514731841 -0.807254534 0.421946008 0.287857196 0.295702416
13.040676941 7.694178261 20.294249553 0.141399405 0.744661279 0.535667501 0.372217835
