-35.195038301 -11.579269456 21.085058123 -0.492585198 -0.582631711 0.096571503 0.639197980
-23.744659522 -20.570545109 22.687571680 0.173861173 -0.844340730 0.040278262 -0.505211526
-28.448152526 -14.570910382 18.035306817 0.223984851 0.290133753 -0.723004296 -0.585591991
-31.931801548 -15.012800794 21.851306014 -0.059860356 0.271786757 -0.916561247 0.287165767
-28.609739714 -12.380414442 23.320290439 -0.356377661 -0.675296436 0.207326428 -0.611543488
-24.576838063 -17.137635607 23.641652247 0.611666491 -0.458155463 -0.467726241 -0.444060626
-32.242220755 -14.092512008 16.637086098 -0.446009019 0.760121101 -0.352450802 -0.314754347
-31.203245076 -19.092951147 11.414219259 0.589624812 -0.490960987 0.420824270 -0.483949197
-37.088878676 -17.148510591 17.322079816 -0.559743405 -0.221182586 0.740036135 -0.300186781
-25.906433838 -7.185606316 18.508482818 0.539935444 0.151721385 0.616211996 -0.552931383
-32.830287007 -11.463062318 12.275625098 -0.303986179 0.699093805 0.086321291 -0.641411638
-26.237776468 -13.952633570 25.929175781 -0.816885480 0.026716275 0.463757255 -0.341926251
-32.404727044 -12.814956489 23.951046414 0.031634223 0.711766306 -0.492974281 0.499363956
-27.878017540 -20.932177954 11.704865441 0.677451318 0.449082891 -0.172127550 -0.556557612
-33.565166663 -18.709469442 25.642609691 -0.102326573 0.447952869 0.796442225 -0.393125020
-35.272843259 -21.169070715 25.023357157 0.799326124 0.551092496 -0.197818971 -0.135064664
-25.755243280 -20.576322847 25.110564686 -0.459235912 0.071643072 -0.340305882 0.817411497
-34.651476558 -10.116602217 22.822711525 -0.357730785 0.085693764 0.819270706 0.439864496
-19.899752689 -12.124914884 20.006242796 -0.681877767 -0.042732673 0.103417084 -0.722856511
-33.447744767 -14.829248752 22.249517631 -0.302625140 -0.862806333 0.303165070 -0.268466379
-31.771316219 -14.250714376 24.800552905 0.620815839 -0.591058120 -0.223470310 0.464003246
-24.758912046 -20.476192758 27.447376170 0.179549104 -0.169313046 0.620486064 0.744373734
-26.889722698 -26.283197592 18.319918111 -0.895455851 0.167170576 0.117455766 -0.395495842
-29.153887602 -7.901846691 14.979460103 -0.528795684 0.067391068 -0.646346665 -0.545957468
-25.972520429 -11.237551630 15.197507778 0.718688957 0.666405128 0.072804076 -0.184634652
-25.191686936 -20.806572181 24.123375325 -0.327961973 -0.761280808 0.523253864 -0.197731813
-22.903450491 -18.366473736 26.541164286 -0.024056989 0.317904462 -0.943269950 0.092735192
-24.157939061 -9.707946355 15.929216102 0.143474223 0.211499978 -0.380622938 0.888712038
-24.693965004 -11.726340918 22.021310738 -0.399745238 0.004452162 -0.848261612 0.347327166
-35.977599571 -15.374772080 22.771540919 0.964718911 0.236412851 -0.094153063 0.067539519
-24.923149392 -9.900529915 14.877197342 0.108547443 -0.851244416 -0.040564998 -0.511815277
-27.953428042 -15.298969318 26.320318337 -0.565514281 -0.416639702 0.326291900 -0.632565058
-33.291725264 -23.826537920 15.361108368 -0.226997332 0.036251739 0.868361490 0.439438671
-25.749357231 -15.792232461 19.747468961 0.380000737 -0.839920965 -0.168051287 0.349128884
-33.524131906 -21.669324656 21.964789404 0.305431199 0.559873608 0.001900485 0.770227054
-25.830942149 -16.459250352 28.535451893 -0.494470469 0.812575788 0.263202007 -0.161072180
-33.851371859 -9.227210725 16.492504662 0.481979270 -0.451158756 0.281760060 0.696249257
-36.431980260 -16.364182024 23.025697864 0.455632305 -0.002703652 -0.384801337 -0.802695349
-33.658524139 -16.377015794 11.802873427 0.076611494 -0.031781120 0.995431476 -0.047294995
-25.734933842 -8.192501798 19.082254555 0.614009937 0.055061829 -0.474279850 -0.628505065
-23.377864905 -18.617715194 22.688319152 -0.200630671 0.885619720 -0.123285389 0.400282098
-29.227026510 -11.315545023 12.545121536 -0.161866572 0.983944218 -0.071994533 0.021674313
-31.452756550 -12.872749306 26.451456140 -0.177661833 0.965625480 -0.106864067 -0.156792143
-31.167249996 -11.350715393 14.135573989 -0.477774992 -0.742740793 0.292419649 -0.366821373
-28.083503370 -14.819412503 20.992316853 -0.668709241 0.114101683 0.171617084 -0.714392283
-31.040910515 -18.299252298 17.910761930 0.638846987 0.061172309 0.703643838 0.304988237
-32.146987107 -14.452273477 25.479015822 -0.827283731 -0.115121206 0.532835720 0.135774931
-18.865427728 -15.372962265 20.466758200 0.305747794 -0.336964313 -0.319138281 -0.831338737
-34.420561004 -16.154038602 22.461532569 0.256045986 -0.009494216 -0.152617808 0.954493645
-27.967198556 -8.023278057 14.386915052 -0.187305651 -0.047637279 0.933363809 0.302455423
-22.479351791 -17.467702430 21.658546140 -0.332613881 -0.654059654 -0.296498081 -0.611279693
-35.234476404 -13.084511935 18.897046008 -0.331193609 0.340742052 0.748216185 -0.463009922
-24.168514417 -11.603826263 24.299113047 -0.440455041 0.486208072 0.000203097 -0.754719171
-32.940077146 -17.814975590 18.347710825 0.452418464 -0.597599463 -0.070474859 -0.658198837
-32.931922682 -14.987231886 19.170348247 -0.102548754 -0.790421381 -0.182003238 0.575840789
-25.329169460 -20.579643953 12.278018024 0.380768508 0.536449687 0.096490889 -0.746944834
-34.762991223 -13.665207381 18.993539181 -0.967964273 -0.062071355 -0.238307175 0.049010243
-22.938276651 -15.755822778 27.355593662 0.564857868 0.461896798 -0.610463075 0.308093771
-30.079384744 -22.483829033 22.902308949 0.489901838 0.393907667 -0.773533450 -0.080491864
-35.752527162 -18.293501802 23.039218263 -0.262585421 -0.823416790 -0.062080225 0.499179058
-21.714800318 -16.501743545 19.397975030 -0.239640322 0.070803338 0.771447880 -0.585173112
-27.446894934 -23.078048207 18.190091177 -0.137532250 -0.364218602 -0.276447491 0.878638990
-36.205716479 -17.289000718 21.665655230 -0.509480682 0.094608880 0.784670464 0.340251169
-30.067502323 -15.745114019 11.763516606 -0.007949712 -0.300526642 0.083666622 0.950063385
-28.635590847 -20.647467624 10.669277790 0.037222089 0.213113801 0.820240497 0.529530500
-19.407620088 -14.194987238 20.061733978 -0.710551375 -0.699458015 -0.072722121 -0.024222337
-29.562957738 -7.788343040 23.726383921 0.131198022 -0.032326584 -0.282462691 0.949714114
-35.209224511 -19.090686106 15.278003429 0.660584334 0.739191632 -0.070327667 -0.110806531
-29.988468200 -22.308956220 15.575518734 -0.604143131 0.618621768 0.276562475 -0.419322528
-29.940883645 -13.120549519 19.088600011 0.374310305 0.478149274 -0.734809123 -0.302193019
-37.111299929 -13.492214164 18.833174709 0.093186100 0.964864850 -0.070293070 0.235395531
-30.894361278 -22.665177989 23.060723920 0.137327736 -0.969341917 0.196767435 0.052914249
-37.155615949 -12.520523836 17.177913920 0.184488202 -0.001684977 0.275062819 -0.943558006
-23.806094885 -20.739673128 15.034913386 -0.482430539 -0.276228164 0.789624143 0.259716171
-25.430295125 -22.794999327 20.029936287 -0.692094111 -0.091080587 0.643405459 0.314228394
-31.038031063 -19.879662599 12.375129649 0.288985296 -0.165846913 0.500232591 0.799218153
-29.280459630 -12.959143720 19.919858598 0.451736579 0.634937506 0.435583344 0.450616884
-23.578997894 -23.849995320 19.350128843 -0.127848352 0.497154160 0.540669807 0.666459826
-24.114987552 -21.740241708 25.987826758 0.233466249 -0.315438793 0.912877831 -0.112454191
-26.423559848 -15.588436427 21.484797457 0.031881105 -0.244284371 -0.890220633 -0.383165716
-21.723683035 -13.800727432 18.600899103 -0.608299112 0.214846887 0.762445559 -0.049897637
-30.114059148 -16.012957349 20.093160085 0.104593835 0.363052742 0.867625641 -0.323231470
-31.449560031 -14.052627367 28.652558624 0.003620188 -0.156699216 0.987118918 0.032070100
-29.404138413 -21.395627575 24.922701578 -0.341314561 0.346156639 0.760116282 -0.431164921
-28.289836762 -11.713993629 20.939398976 -0.719297530 0.087391195 -0.301708504 0.619633618
-35.394584562 -12.948313995 23.901254056 0.199234935 -0.467864665 0.658326874 -0.554989930
-22.350417992 -14.681931456 26.543390773 0.962407626 -0.169038449 -0.208553110 -0.041269420
-26.715570835 -13.791152456 12.915857915 -0.276685040 0.269712689 -0.659988627 -0.644294549
-27.326003486 -21.256678067 23.053525408 -0.689112371 0.243508676 0.162985523 0.662769481
-25.610489099 -24.853289887 15.126626284 0.546353448 -0.407779314 -0.104943129 -0.724017182
-29.350657276 -12.611564171 22.365177681 0.538731959 -0.556017562 0.610336904 -0.167634155
-32.263121372 -21.803597451 18.412693559 -0.328776038 0.677226638 0.217486983 -0.621264686
-32.865057843 -15.334153872 11.988189189 0.462865618 0.219752018 -0.205214799 0.833877303
-37.794143997 -15.680081315 22.143908565 0.228288451 -0.543481103 -0.721279349 0.363687744
-19.951923414 -15.533448162 19.150885694 0.153373438 0.667942570 0.720332073 0.107009426
-27.854973459 -12.368575639 26.780127628 0.032816480 -0.714543100 -0.697371080 0.044997933
-34.972459129 -18.756573356 14.260434267 0.881846883 -0.091554355 -0.409612505 0.214898747
-27.627168027 -21.924167438 16.245121554 0.124555932 0.734633841 -0.575006290 0.337885641
-21.091751365 -17.763678628 19.063351889 -0.898566232 -0.093358321 -0.291907369 -0.314090813
-32.398733279 -14.084701219 21.321224161 0.147565810 0.976259361 -0.148983054 0.054277448
-28.296074854 -13.394436190 14.763815449 -0.695067416 -0.631866778 -0.326617828 -0.104625312
-28.199510154 -12.042971912 28.376931139 -0.476717383 -0.441125624 0.578761561 0.493136671
-31.521564856 -14.800011105 21.377646143 0.160473384 0.253325307 0.657037822 -0.691647224
-26.733610004 -18.104652086 16.953371677 -0.822140506 0.368980698 0.285085660 -0.326595161
-29.752846071 -14.429168661 23.814958342 -0.385126005 0.341202500 0.621503277 -0.590755864
-21.391640131 -12.032652284 21.111661791 -0.224582392 -0.159138214 -0.603223027 0.748571812
-33.703354342 -9.885372981 20.708441969 -0.938684854 0.086829385 -0.222652518 0.248510079
-25.135170260 -25.424348192 18.053959966 0.120063592 -0.281028970 0.821530493 0.481347172
-30.004236854 -17.677669897 12.721148243 0.940786339 0.171560704 -0.115354483 0.268665838
-24.949781164 -13.609342554 27.691888534 0.281615811 0.595609315 0.098989374 0.745750081
-27.227989794 -22.432875209 19.966281036 -0.196515372 -0.354757393 -0.889898911 0.208827269
-27.030257436 -21.242413172 14.360334371 0.177858818 -0.350900492 -0.208855889 -0.895329159
-25.679791097 -17.963964306 23.014410051 -0.473517045 -0.339032002 -0.024868799 -0.812539508
-28.364588376 -17.364866698 27.961752563 -0.651494807 0.361249299 0.333563161 0.577744820
-28.169232031 -20.288646760 20.003422245 0.568978976 0.235477512 -0.224843278 -0.755154796
-34.624765533 -15.166071458 16.504913378 0.624076541 0.523500077 0.364986194 -0.450845005
-24.652606416 -9.198261739 14.337287026 -0.675018367 -0.306358633 -0.070972776 0.667425993
-30.129789246 -12.793289396 23.666434303 -0.411550640 0.633696779 0.530850628 -0.383734379
-29.790043472 -23.003822268 20.914977712 0.382565407 0.395907638 -0.793399550 -0.259649774
-28.942556310 -9.109375225 18.881734178 0.354866227 0.717376676 -0.379206110 0.464374193
-32.499988727 -8.479340528 18.982169213 -0.574884853 -0.563831308 0.386920011 0.449326793
-34.645422725 -10.259514122 20.403124459 -0.153305770 0.418888413 -0.259931588 -0.856425950
-34.171666587 -15.352453472 23.195781675 -0.263577220 0.477377245 0.764102221 -0.344653176
-28.938478839 -13.166570849 20.956281983 0.748422234 0.037162772 0.660085671 -0.052630741
-35.108447256 -16.558846843 12.418713585 -0.420538361 0.374755799 0.655749259 -0.502691244
-33.344886793 -14.935901204 13.192406350 -0.124600744 0.946030175 -0.292063234 0.064812258
-27.630824890 -14.150207817 22.876935102 -0.320522689 -0.536226759 -0.403055325 0.668784326
-33.743532836 -15.732646232 18.490119290 -0.115302280 -0.678973596 -0.700113509 0.188524044
-35.228906522 -19.347088605 13.637694522 0.163920204 0.584010845 0.142420581 -0.782162309
-25.700033649 -16.837417930 19.744749342 -0.704828825 0.351078696 -0.352411376 0.505733427
-27.077957547 -16.521561769 23.533778118 0.490035357 -0.102559432 0.435542749 -0.748097204
-26.757577228 -9.685941523 25.205004634 0.058451597 -0.535640484 -0.051271031 -0.840859063
-25.761111891 -24.167997374 21.772506328 0.187061701 -0.077970477 0.510933409 0.835389476
-33.795156407 -13.666119013 25.561375126 0.845780873 -0.267888421 -0.118207174 -0.446001762
-33.761516263 -20.106131168 12.707792440 -0.533646741 -0.444035149 0.249284068 0.675212112
-27.109999028 -24.042436633 21.460702451 -0.688580875 -0.590584334 0.404826526 0.114812920
-31.422879350 -12.755518469 25.064307959 -0.478645035 0.070051631 0.728226440 0.485466737
-30.121633885 -20.737271042 22.428144747 -0.308127550 -0.915729288 -0.130422842 0.222457111
-33.895302872 -18.631850416 25.497271199 -0.178864536 -0.570151651 0.441279383 -0.669482695
-22.848083656 -21.672043972 21.959385779 0.034746974 -0.785059380 0.618178885 0.018146157
-37.415923331 -16.517265423 17.101814545 -0.412385880 -0.559106881 0.083708788 -0.714374006
-22.851558385 -15.897153128 21.930895110 0.095569010 0.967192016 0.218215937 -0.088249497
-27.355188138 -25.387056840 16.842889758 0.410002968 0.893355232 -0.107201017 0.149405283
-25.276048518 -10.542519982 25.788293201 0.222456279 0.360408951 -0.896677518 0.128794493
-29.611378473 -19.844608546 17.032395849 0.420415222 0.789351990 -0.215630861 0.392017613
-31.010080452 -18.062694271 25.835991713 0.079270289 0.545486214 -0.772630971 0.314964116
-28.013297164 -15.986760766 10.958312525 0.511259781 0.726279111 -0.334390885 -0.315142547
-36.741415630 -19.902091679 21.502431979 -0.775050676 0.154318059 0.578529765 0.201954691
-27.499349677 -20.281320906 20.050722256 0.074459076 -0.912189315 -0.302516943 0.266176632
-26.758572679 -11.931510533 17.215973801 0.607706166 0.652508804 0.340083856 -0.298778259
-28.224090814 -12.541843759 27.176013170 0.666305861 -0.558310759 -0.491682819 0.050730683
-19.254328346 -18.139154605 20.688191092 0.128501051 -0.936315636 0.010545279 0.326633291
-23.600364011 -13.660227113 23.107719979 -0.661894203 0.275341440 -0.179717556 -0.673635477
-28.636173740 -16.456105797 28.678405616 -0.081398710 0.202242409 0.803132363 -0.554482340
-23.314534691 -22.141001173 24.122672918 0.536097900 0.420191629 -0.132977887 -0.719968692
-27.646926795 -20.753881932 13.136731745 0.096730755 -0.938174266 -0.285553720 0.170091976
-25.217122032 -22.763601764 12.783183862 -0.093503629 0.053746146 -0.959111838 0.261673281
-33.811414193 -14.128673263 14.015536405 0.991894776 -0.020357442 -0.049021256 -0.115443685
-20.744015415 -15.807825946 21.305954355 0.016426185 0.734426450 -0.182206168 -0.653566279
-25.829742270 -19.122504846 22.204883910 -0.734146031 -0.201944255 -0.613236324 -0.210212592
-25.062061130 -20.298334277 21.179473524 -0.294935153 -0.509100916 -0.779999930 0.213142260
-30.745387714 -14.161369103 11.815877285 0.332370550 0.500537648 -0.786416257 0.143322543
-29.404776448 -14.964937050 20.696059910 -0.999172880 0.020684864 -0.009942999 -0.033568269
-29.568094179 -19.045168212 23.603036103 0.483159450 0.401328162 -0.694813665 0.350323597
-33.773671757 -22.434817988 21.923284321 -0.256018731 0.954022563 -0.079497070 0.134073022
-24.553968207 -16.727811001 16.620135624 -0.592943356 0.560411601 0.489556934 0.307719064
-37.164117039 -17.296583969 21.027555190 -0.430862572 0.676521768 0.294483411 0.519572192
-25.179843519 -9.731775699 23.030051799 -0.326740534 0.680842251 0.291161188 0.587298574
-26.902349643 -21.884665402 15.573365628 0.079454553 -0.612293020 0.381876527 -0.687716911
-24.187203654 -14.869129544 22.142754475 -0.046259770 0.086292537 -0.090428646 0.991078348
-32.262636785 -16.744235417 11.203080170 0.313601322 -0.686078827 0.458313534 -0.469998678
-28.937204963 -17.179878546 24.326107548 0.192464895 -0.781991289 -0.374743590 -0.459362743
-26.921841417 -17.139941635 14.184502575 0.569274995 0.365053231 -0.736643143 -0.004358726
-25.106854327 -13.283644128 16.765754932 -0.002560400 0.106457774 0.559726718 -0.821806661
-31.644598133 -24.168283302 17.631879222 -0.442355704 -0.842069801 0.010403657 0.308434181
-28.491944129 -21.844101192 23.356050921 -0.083113048 0.777172475 -0.047543355 0.621960445
-26.056206618 -10.624664474 22.711775350 0.499579015 0.050918284 0.670756472 -0.545814887
-24.491777095 -21.763613428 25.600471341 -0.774221714 0.553610536 0.199261343 -0.233218845
-36.933539267 -17.902863871 23.238157957 0.073417348 0.456980541 -0.602840839 -0.649893530
-24.272531258 -23.504607955 18.954561303 -0.576401232 0.219394301 0.416001887 -0.668259074
-25.254390586 -10.109101993 24.222159560 0.494808116 0.750220481 0.017946821 0.438191819
-33.761384256 -17.095846657 16.080869896 0.733970968 0.229050505 0.015380713 -0.639207257
-23.055208133 -12.763945331 20.028908763 0.021710740 0.555131159 0.567848390 -0.607376528
-21.266090306 -15.701526556 16.226323788 0.425698960 0.422574250 -0.449330302 -0.662052625
-31.064313568 -24.446575602 20.864308644 0.228315046 0.170037409 0.079220496 -0.955344771
-22.170419407 -17.487445926 16.855073901 -0.463597822 -0.057407559 -0.802336705 -0.371533638
-30.180084612 -19.039609434 27.003034217 0.043856977 0.607258341 0.129384204 0.782670812
-26.542636259 -17.699241415 12.934793567 -0.794149667 0.252119024 0.095633810 0.544625081
-19.040889712 -13.063885841 19.553197704 -0.753434195 0.205816702 -0.597130774 -0.182787413
-34.061270478 -18.116492504 24.680130486 0.625113165 -0.073726669 0.654618879 0.418655029
-33.693811815 -12.172143157 19.633822373 0.814823392 0.357371728 -0.165417060 0.425423888
-26.452896317 -12.297697633 17.221053294 0.214171114 -0.378696572 0.781743771 0.446762037
-22.538499311 -19.674507532 23.075228848 -0.945009996 -0.226443200 -0.122441658 -0.201711737
-23.709523460 -20.242385787 14.651894560 0.699757558 -0.364241365 -0.226260331 -0.571378903
-37.107733110 -14.323300356 23.091876557 -0.805887568 0.183723143 0.400777246 0.395181774
-29.343662334 -10.565997674 11.982824867 -0.979772514 -0.112731371 -0.044200459 0.159322875
-33.735908847 -16.442136097 18.337853142 0.704846964 -0.315723546 -0.323267505 0.546815801
-26.803659320 -16.280654361 23.497673646 0.454816423 0.814986766 0.107734659 0.342537349
-28.843836468 -16.801816680 14.494622526 -0.119746720 -0.413374177 -0.902459096 -0.018710770
-35.161570794 -18.064955931 21.989072597 0.634051050 0.355971724 -0.683036434 0.068735926
