27.942535570 -10.306056694 32.245098946 -0.707240525 0.483597700 0.138559791 -0.496734625
27.879650101 -10.360863380 32.149137437 0.177524197 -0.491847238 0.827931945 -0.202731715
27.631759009 -13.219250485 20.581739751 0.425586056 0.122460555 0.857454903 -0.262013380
30.552196185 -10.154679899 32.121874658 0.108845855 -0.088823097 0.128010011 0.981772109
24.223112296 -3.268172146 24.599618155 0.034912891 -0.847972989 0.183716718 0.495954703
18.338509385 -4.059380441 35.019771686 0.283318414 0.100327684 -0.278844645 0.912091386
15.872876052 -12.983254559 33.359211114 0.374466589 0.305827463 -0.457611576 -0.746214434
31.093531353 -6.467226970 30.281099957 0.441398766 0.488702362 -0.676641786 -0.329382792
27.918384228 -8.176454680 32.091775177 -0.738047850 0.533537738 -0.251142497 0.327948624
18.909107151 -6.062736180 21.702864080 0.975207715 0.125907992 0.149866914 0.103232741
22.091348324 -16.398219801 21.722065859 0.711940856 -0.020964228 -0.701893162 -0.006834271
25.009219456 -10.675234936 24.632420105 0.515095697 0.408511009 -0.583833102 -0.476375993
24.757232548 -7.905888767 28.178335971 0.631183943 -0.002353455 0.775488891 0.014773988
29.430274696 -4.441770435 32.567440757 0.697233608 0.707952556 0.102611528 -0.046253092
21.393935213 -13.766903779 34.135627159 0.771886057 -0.580202687 -0.171732924 0.195101409
19.011703798 -3.635175028 22.387068754 0.684318308 -0.602491117 0.400648836 -0.090517497
25.385143474 -2.546415379 21.010277064 -0.498157003 -0.079859663 0.627046473 0.593527384
22.189661108 -5.010395086 21.279198055 -0.671466877 0.698286996 0.161187957 0.188536330
20.456126323 -10.640741848 29.707646439 -0.013803123 -0.470802884 0.882120419 -0.004205301
18.573028255 -10.682836525 31.180392762 -0.713547343 0.053658516 0.571699574 -0.401410700
20.839721131 -14.014878728 22.917885142 0.486317342 -0.273054961 0.683651494 0.470698486
23.357170063 -12.457279277 22.395417183 0.173079424 0.927200073 0.319113471 -0.092250364
18.993263763 -15.858520995 23.939182044 -0.751500446 -0.128530430 -0.632351173 -0.137328083
13.664753059 -9.647792220 25.991082056 -0.104848006 0.103089762 0.223291280 0.963597634
28.238554265 -2.728559998 26.610887240 0.465980086 -0.174218192 -0.065163855 0.865022689
21.307483562 -4.638785644 34.382092084 -0.122604058 0.910320846 -0.075126317 -0.388123999
27.108558997 -11.375319196 20.372461963 0.221950189 -0.167830857 -0.000244895 0.960505522
23.614255003 -3.657121603 24.381524431 -0.978708129 -0.019723371 -0.037020211 -0.200925086
23.347320384 -7.928515592 26.740526660 -0.589756812 0.039251392 -0.250565198 -0.766722448
22.520359769 -12.832519332 35.452078078 0.213899765 0.315064567 -0.324200337 0.865953435
19.815545661 -13.579929035 34.952094644 0.309477958 -0.862939797 0.178730546 -0.357230586
16.269827551 -10.412105904 20.823499417 -0.830707004 -0.070618209 -0.356749027 0.421508095
23.197275256 -0.503086611 22.175165330 -0.541254085 0.629006790 0.459087132 0.317227803
24.672557127 -6.414869767 33.817686534 -0.260124461 0.428023047 -0.786619190 -0.361056487
21.845274051 -13.182774497 35.914536303 -0.103000615 -0.197016833 -0.294781998 -0.929343217
19.373621959 -4.344991811 20.449418079 0.840904411 -0.289936061 -0.400331859 -0.220343495
21.601955363 -11.762681329 29.765266770 -0.639083902 -0.468528181 0.452691624 -0.408807294
29.870249229 -8.473607108 28.197482732 -0.362347817 0.542325460 -0.651223132 0.387937606
19.017862342 -11.347521733 24.520169926 -0.200335595 -0.575651091 0.303957217 0.732189511
27.693011675 -6.622828202 24.384047506 0.404330508 0.874154068 -0.243536168 0.114287531
26.559696291 -13.611391641 22.203676263 -0.694805149 0.203718434 0.156326267 -0.671793646
18.300709650 -8.949141754 26.744603555 0.542773580 -0.722505049 -0.422879797 -0.067497943
26.479121237 -14.759879114 22.082126759 -0.057755063 0.537303350 0.837579627 0.080186221
28.661539133 -14.938581593 25.281724321 0.073668687 0.764656394 0.640166445 -0.007774720
27.610841768 -2.931539661 28.993581247 -0.378284980 -0.787126096 -0.214820250 -0.437247347
26.734727861 -8.163360258 35.271882824 -0.513960475 -0.658202527 -0.395731224 0.382113677
15.002670035 -4.212103523 28.935173876 0.308708353 -0.400867788 0.840037447 -0.195809236
21.316340456 -14.605439679 27.261144674 0.579535102 -0.283282966 0.546026010 0.534551609
28.292393789 -11.963133230 29.072529606 -0.059738016 -0.137931569 0.590343522 -0.793032646
24.759942291 -7.428131871 36.670334918 -0.122365471 0.491966841 -0.039337858 0.861073662
27.841889913 -5.599605826 20.321895039 -0.820911363 0.425871890 0.361547714 0.118409954
18.283437462 -10.744552347 25.410735097 0.769581186 0.287890842 -0.228657020 -0.522091591
28.742216320 -4.781295256 25.054586777 0.583207516 0.110673102 -0.032394787 0.804096409
19.518606122 -13.214590424 25.992019679 -0.239998188 -0.212932851 -0.889241922 -0.326051031
15.827811454 -14.097339382 22.162374829 -0.619822923 0.662333822 0.115953511 0.404584028
19.765010161 -11.557846299 26.263080077 0.242607612 -0.158038308 -0.798868062 -0.527233591
26.737153513 -14.642667645 21.237930757 0.797428997 -0.481341832 -0.163705306 -0.324988627
20.546268597 -9.769864146 30.032537458 -0.045882711 0.132734107 0.897843503 0.417316999
19.462465481 -5.426926050 19.424914261 0.512481444 -0.289552115 -0.707274380 -0.391516658
17.180973233 -12.843092174 29.282801568 0.555983400 0.356323886 -0.683808687 0.310356935
21.946675115 -11.480548329 33.655748325 0.477069332 0.645720390 0.589911876 0.086336602
24.074401757 -0.859366479 22.626155229 -0.495848821 -0.597253791 0.117658664 0.619336981
16.452924277 -15.484682527 32.168386515 0.315254969 -0.502783503 -0.697053703 -0.402416685
19.692958404 -8.052830193 35.553465570 0.764732894 -0.507253101 0.233532316 0.321466250
27.158567363 -16.484215286 23.769305258 0.460827307 0.139698258 0.626252937 -0.613131184
20.065389430 -12.002090596 23.455516425 0.067261170 0.498915565 0.810807510 0.298580600
22.893673350 -7.770852144 34.722119357 -0.360324216 -0.467157686 0.787123105 0.179909350
21.982528676 -7.238516274 25.914277356 -0.591283908 0.364306120 0.706523864 -0.135972133
21.268578777 -0.489316617 23.660485779 -0.784157958 0.448848162 0.322420243 0.282270810
22.704208781 -5.337959920 33.417918901 0.462219576 0.245858413 0.794840381 0.306815047
24.128638478 -4.041063688 25.913143491 0.405275805 -0.850619291 0.245787946 -0.227566757
15.520743435 -6.901365518 22.069435095 -0.081483400 -0.776206788 -0.615183469 -0.111412643
27.587343113 -9.136676530 27.418661115 0.607596226 0.571736803 0.517999665 -0.188733150
16.145324454 -11.980823006 28.068319277 0.065492531 0.295653144 0.035892293 -0.952371613
20.577810198 -7.651580832 33.880831442 0.099743320 0.100722331 -0.178429632 -0.973688425
16.185972111 -11.932562667 30.670905842 0.720026626 -0.481077648 0.006502770 0.500083661
26.266993193 -17.885998706 27.381154589 -0.528894361 -0.431417745 0.301229252 0.665890698
22.724886776 -9.650666913 25.269478425 -0.856738959 -0.481042102 0.152206991 0.106910635
26.681186801 -17.050988887 24.865179374 -0.019556951 -0.659475024 0.241302902 -0.711676280
26.814955892 -16.929062749 28.985977558 -0.195209414 -0.773386948 -0.600054926 0.060827619
25.233840053 -17.401045447 25.000714744 0.385572710 0.251078672 -0.287376436 -0.840064265
23.990188622 -2.795032724 28.672307700 0.482976848 -0.137155602 -0.021327434 0.864561650
16.706249008 -6.691085575 21.281377711 0.726667549 0.358174948 -0.083960754 0.580185807
20.068716938 -8.497247115 34.378191690 0.250821027 0.402648583 0.765402842 0.434880927
24.948023664 -16.349322249 22.244689950 -0.323995764 0.660349156 0.346069396 -0.582410260
25.784848090 -10.690785112 23.003055332 0.951096578 0.243285829 -0.164807545 0.095214378
22.620743442 -9.288553455 26.836405674 -0.491487706 -0.775502632 0.394561176 -0.036837213
24.435046071 -4.080238209 32.027351370 -0.720947416 -0.280801812 -0.558097641 -0.299853613
16.885375729 -10.282838243 32.183886336 0.391920582 -0.040180590 -0.465729266 -0.792388812
19.439686581 -10.437136223 28.809610038 -0.189247203 0.022268725 0.837178902 0.512660791
28.564282950 -8.812142066 22.442382375 -0.238390881 0.917883968 -0.284197711 -0.141033581
20.182034861 -13.982124030 21.315276225 -0.565384290 -0.600125107 -0.022808085 -0.565393891
21.372459121 -12.348899055 26.989381624 0.030481536 -0.482659975 -0.658233637 -0.576921749
21.458787573 -7.127755426 25.377486400 -0.798660014 0.212576450 -0.095706008 -0.554791668
23.902199450 -16.934510927 32.759559323 0.330774211 -0.716133245 -0.090919551 -0.607844743
26.551503319 -8.245061120 28.218800249 0.016084835 -0.291414091 -0.161534348 -0.942722525
17.233537747 -3.347507506 21.220051526 -0.897899184 0.355447092 -0.256559684 -0.040144109
19.626269787 -0.454013254 31.489178188 -0.579248469 0.080421202 0.071202813 0.808043192
16.861229359 -3.552025695 33.752993483 0.544092902 0.218079086 0.799448872 -0.131475957
22.404612616 -17.516743787 28.060863918 0.319745269 0.203415402 -0.154577286 0.912409448
21.880424096 -10.713509745 23.911364224 -0.418087051 0.475998561 -0.306154537 -0.710561741
17.185178690 -2.845755065 26.627391327 0.343078377 0.435795286 -0.087103136 -0.827522048
23.295411842 -2.012514846 30.386028688 -0.245384265 0.396198141 0.201035341 -0.861625433
18.436656425 -9.109983186 35.820023311 0.650485188 0.423950507 0.484975657 -0.402409741
13.218339085 -6.268102987 30.243859589 0.470759147 0.004404269 0.867268154 0.161902371
18.471332346 -14.726809080 29.375442471 0.398850148 -0.700926580 -0.591279240 0.003057770
17.092771094 -10.571345194 35.251671466 0.855450577 0.517837263 -0.006800063 0.001624395
27.962351587 -8.972506566 33.627606848 0.664172260 0.328868940 -0.664786557 0.093697722
28.307077472 -12.207709948 22.159147894 0.731472245 0.295144641 -0.165334052 0.592032640
26.519265060 -7.209676501 35.104205256 0.311103833 0.537838274 0.772400095 0.131690887
24.263785154 -10.361592644 35.751949191 -0.287689585 -0.696865440 0.256124114 0.604990661
22.975924036 -12.151036724 34.756053867 -0.396936520 -0.765329558 0.043342233 0.504810378
20.953199444 -7.136126459 31.240518524 0.078984419 0.316297915 0.799881619 0.503891343
19.118370600 -2.422307247 25.528437302 0.044131506 0.378907119 0.768606880 0.513541886
21.298367957 -8.655699859 34.199756766 -0.943792342 -0.178693783 -0.135759428 0.242680704
28.443356256 -11.056762356 23.364151331 0.255917231 0.577654287 0.172301133 0.755734222
29.221718900 -6.751674439 21.874430185 -0.745503142 0.438514459 0.032183515 0.500893557
25.968628895 -4.677374832 21.288699374 -0.867627231 0.445086543 0.176044254 -0.134645376
27.878308667 -3.284211832 29.214500798 0.003636279 -0.452143699 -0.868984966 0.201042240
17.194661428 -1.213442150 25.255628607 -0.669805476 -0.582416141 0.411475860 -0.206977485
18.022743918 -6.797705487 27.490196561 -0.601265556 0.045697331 0.393206517 -0.694103825
29.119909683 -7.156690913 21.850585617 0.551023715 0.806785714 0.113223370 -0.180693511
23.329360665 -8.502201179 25.436155207 0.460297625 -0.556987200 0.016189896 -0.691107258
18.940658020 -0.950493200 30.315691192 0.524608710 0.640920788 0.483071820 0.283985673
22.582228893 -15.823730802 23.144948750 0.550387446 0.474653310 -0.558732235 -0.399494912
25.025130923 -10.762712613 22.590823248 0.367475749 -0.664456972 -0.643889254 0.094154845
25.549611115 -11.010525049 19.619956537 -0.549281790 -0.216052275 0.603682843 -0.535889872
24.809503578 -5.967115040 31.993769415 -0.091198399 0.708874659 0.303287049 -0.630235301
16.260713019 -16.193781258 30.305314992 -0.366793269 0.589454088 -0.690861997 0.201782746
15.460184551 -9.763395545 29.105813133 0.003322036 0.886628162 0.310396957 -0.342831147
26.671407313 -12.170454321 29.363775857 -0.637887722 -0.147881957 -0.584425053 -0.479246845
15.267160654 -10.272693979 32.886032242 -0.238693170 0.110351098 -0.874088707 -0.408432539
19.609783319 -17.738743045 30.136786908 -0.139596557 0.768580757 0.344337971 0.520795337
22.937960065 -6.852490567 20.424027187 -0.543426598 0.118489019 -0.594267101 0.580942766
22.094152415 -6.799819176 27.384003221 0.518103059 -0.712458615 0.219131559 -0.419467879
25.412173251 -3.875060292 31.156241563 0.086018724 0.302300736 -0.809072900 0.496604558
25.252675000 -2.525132101 30.027120922 -0.297518172 0.682628988 -0.667411026 -0.007945081
24.607661595 -15.231182177 31.084641888 -0.094066682 -0.254022598 0.427144923 0.862653577
17.105545825 -13.428106595 33.757946644 0.488633350 0.479275104 0.725137889 0.075550413
23.921301924 0.539523743 29.946707286 -0.694269251 0.244299753 0.512216462 -0.442653514
22.727706543 -6.653307914 34.609025460 0.572318483 0.166065339 -0.520767187 0.611289943
19.940765860 -12.309669493 20.672109440 0.205912849 0.387116783 0.546160355 0.713757215
17.052475848 -11.466633263 29.280955515 0.379952904 -0.882951682 0.180924353 -0.208082906
31.216398782 -10.542030198 25.674368679 0.671944183 -0.226477658 0.217797334 0.670643874
21.169973401 -15.835399397 26.073365728 0.890436407 0.356905585 0.061697674 0.275562707
26.232104801 -5.442418305 25.488767063 0.308725806 -0.871676865 -0.016798461 -0.380244174
14.416810087 -11.226999590 30.458909782 -0.534388916 0.532837751 -0.653747332 0.055918180
27.831848700 -7.752256230 27.047948393 0.594407121 -0.252245550 0.762294389 -0.044267611
21.054000902 -14.806519523 25.205504090 -0.077626925 0.878591398 -0.090674699 -0.462416818
19.806093909 0.001648508 24.890378801 -0.924909440 -0.246420056 0.274692512 0.091453311
21.643491807 -2.729528240 28.724497025 -0.110407862 0.796047849 0.005679201 -0.595050984
22.433023435 -9.446129939 22.446563232 0.451736292 0.088507624 0.564178845 -0.685421735
13.988027432 -5.764349824 31.325835600 0.104667686 0.817802859 -0.308369454 0.474501253
19.705256970 -11.321358281 18.602562765 -0.676773641 -0.516254292 0.066019868 -0.520672951
29.992356991 -6.890520029 24.960125032 -0.406529156 -0.293107934 -0.123807781 0.856442303
27.371943569 -4.866104068 29.758548602 0.927341535 0.358805158 -0.093330251 0.050852725
28.241154551 -4.610258491 23.027235994 -0.510759363 -0.108708330 0.563288012 0.640323347
26.203486033 -2.789833275 30.292843577 -0.013235739 -0.338264094 0.065524400 -0.938673943
24.209450185 -13.376690722 25.807136347 -0.130169127 -0.553868141 0.417147245 0.708713099
17.750310115 -0.790806507 29.802342577 -0.279490095 -0.342792841 -0.362737895 0.820243607
18.441909926 -12.781734708 33.682306953 -0.232329962 -0.073077079 0.964785590 0.099354384
12.924727676 -7.409718940 30.261554615 0.702668163 0.560468863 -0.432733961 0.069809918
20.125173707 -10.098702937 20.407581837 -0.209708032 0.301364917 0.659121529 -0.656323502
23.154673070 -6.720866567 29.966177557 0.087812306 -0.024355428 0.614016556 0.784014975
27.389087025 -8.892385935 25.269247556 0.869133779 -0.440348464 -0.205951450 -0.091014861
21.366566672 -8.195685721 32.569985400 -0.211630821 -0.740949837 0.266297866 -0.579043332
29.589075694 -6.720141988 24.130218375 -0.716056639 -0.144722146 -0.446371233 0.516789235
26.449051243 -0.185613502 25.868057940 -0.280904105 -0.469715644 -0.835966660 -0.040247254
28.105674631 -7.939173826 34.154307332 0.726364999 0.608634079 -0.145222332 0.284374614
19.621109716 -3.716286809 33.755052947 0.326507400 -0.544908406 0.658020392 0.404322780
19.806822991 -2.906950576 23.022778382 0.284003182 0.040202589 0.919381441 -0.269190843
17.282117214 -4.436158943 34.959845033 -0.228659647 0.244682389 -0.224613116 0.915092478
30.265347455 -7.508570115 33.196615320 -0.845452271 0.264059646 -0.305427042 0.349567279
19.329736267 -14.636396794 32.787077233 -0.781745160 0.071851029 -0.612818189 -0.090364828
20.262813776 -5.534676388 32.008515091 0.361051377 -0.673310199 0.524405024 -0.375891807
19.081837614 -14.947875994 32.632743569 0.530251427 -0.688186407 -0.054370370 0.492216168
18.049603106 -14.744141023 27.730492495 0.110149498 -0.737446979 0.513727277 0.424409385
22.983454516 -3.665318424 21.669888155 -0.181761985 0.125204526 -0.924022072 -0.312201245
26.625657070 -4.014164812 20.341151514 -0.642357865 -0.372104113 0.374727485 -0.555422555
28.714017095 -12.890755026 28.977813583 0.391975831 -0.869912841 -0.295966629 0.044836954
22.539419285 -7.769751643 34.809159806 -0.834141302 -0.045394886 -0.231622102 0.498496534
23.093453370 -16.992131367 26.073712368 -0.268008527 0.377275536 0.885802494 0.034475227
16.065735473 -7.189996574 26.487987124 -0.299288130 0.548575871 0.329215345 0.707890094
23.970377046 -4.246287553 35.639179166 0.870491652 0.182880443 0.451431220 -0.070773450
19.477178695 -7.802321414 27.190303359 0.653214541 -0.637947989 0.067642472 0.402191027
14.107233223 -9.381689075 33.021872339 -0.284712541 -0.555674378 -0.511030682 0.590772712
19.740705632 -15.523584678 31.535314392 0.524756433 -0.744180032 0.192634670 -0.365675609
24.757395448 -10.372696507 27.172894991 -0.145668748 -0.032305346 -0.127048544 0.980609835
24.428018141 -2.480068705 22.803465977 -0.067724805 0.261258340 -0.344488977 -0.899157814
22.672175035 -12.631351984 33.602504487 -0.086092427 0.032679508 -0.969551168 -0.226915573
24.793602192 -8.290909947 18.147324382 -0.869414371 -0.002916500 0.215627124 0.444539186
15.350144720 -8.698872979 26.031759728 0.274924041 0.547094506 0.430729310 0.663005757
21.199230498 -15.558319809 23.256497677 -0.542675389 0.294961230 -0.568903056 -0.543001480
26.376004977 -12.821683043 27.267445801 0.260189069 -0.452236806 0.360560671 -0.773162028
29.227680029 -10.353651504 30.882608242 0.496874176 0.769852910 0.183506798 -0.356044666
20.477936326 -8.153127323 31.678898746 0.037642656 0.013393028 0.677114465 0.734792255
19.592038767 -1.679763730 32.271821539 -0.664241264 -0.208171790 -0.620779607 0.360667060
16.906105121 -16.210928524 30.632018932 0.137665743 0.984007511 0.112749950 0.008050469
24.778019466 -1.643832641 22.178526928 -0.688782807 0.671795295 -0.197678445 -0.187596799
30.217207628 -11.216639514 24.100998592 -0.368284864 -0.897952244 0.083584719 -0.225968185
