-14.525111738 -15.590680117 41.379659372 0.478015813 -0.803988306 0.316499199 -0.157898522
-18.812577964 -5.423892803 41.019409413 0.125311442 0.343179478 0.328074599 0.871144044
-14.343977767 -11.342749912 31.542384413 0.236636833 0.557709271 0.795428904 -0.016007391
-16.150199763 -11.046412671 31.650313643 -0.759116102 0.565007365 0.238211875 -0.218550963
-25.668635664 -7.358520483 39.454955851 -0.446995313 -0.497921654 -0.731268805 0.132344821
-15.395464286 -14.914420493 35.287157606 0.940669871 -0.118009640 0.292312976 0.125566885
-13.181560329 -9.250334679 31.896498775 0.478368864 0.663306866 -0.283671154 0.500717393
-24.380325329 -10.513308099 39.142115832 -0.648815917 -0.092273576 0.631957603 -0.413706517
-29.437468132 -16.795181853 34.389371394 -0.567595300 -0.559725812 0.382322816 -0.467302745
-24.908622174 -8.105065468 29.251388269 0.291982028 -0.040951079 -0.789285110 -0.538607946
-15.775806406 -17.146305591 39.308978746 0.877692988 0.022892467 0.478369256 0.017140852
-16.127219855 -11.501948100 41.605165595 -0.470302907 -0.664073543 -0.260281499 -0.519687451
-20.213229662 -15.872278240 39.302223339 -0.906472680 -0.050711263 -0.279213420 0.312690765
-18.078661428 -11.443523882 38.179798682 -0.005169489 -0.402952476 0.526790471 0.748394534
-25.282020560 -19.407603554 39.929521258 0.325438887 0.561991010 0.496856553 -0.575664139
-18.662979920 -14.640056531 40.052890628 -0.588302450 -0.764224194 -0.097523266 0.245664040
-20.271963595 -18.626421361 28.384610885 -0.389803209 -0.145201078 0.661015663 -0.624522536
-24.647746000 -18.563150302 31.987286066 -0.486690550 -0.738838507 0.272462116 0.378172400
-20.568148488 -12.749490770 26.627638761 0.725076161 -0.477592004 -0.429141399 -0.249014253
-27.442750971 -19.299809089 39.893974904 -0.056509654 0.775947095 -0.504089064 0.374975973
-22.152840789 -16.641520465 27.596567135 0.409355748 0.875126524 0.248863894 -0.068177718
-21.804106052 -5.783206584 33.345759771 -0.452395216 0.485651948 -0.747654492 -0.022215182
-21.841578084 -7.496077096 33.540912422 -0.198929117 -0.187604162 0.917780762 -0.287941588
-13.685403241 -15.543927935 36.749965617 -0.439898042 -0.803615439 -0.195101928 -0.350181633
-26.971163724 -9.297889706 33.113208951 -0.753040064 0.551845248 -0.353263856 -0.060017771
-26.792188131 -19.822184150 37.871562696 -0.351488785 -0.065253330 -0.868800330 -0.342612936
-22.274622888 -14.505069083 42.363614668 -0.405367070 0.190915997 0.893353628 0.033880910
-20.873570883 -4.632306830 34.783490287 0.761981405 0.282135637 -0.022239425 0.582485389
-23.199318959 -13.394426822 39.364612876 -0.036897946 -0.543879540 0.825726999 -0.144943129
-25.836715195 -15.030298994 40.026458300 -0.497016149 -0.295529593 0.652869388 0.489283936
-24.107862821 -19.787432617 39.954266254 0.861820663 0.303504534 -0.404277425 -0.041351004
-19.735280927 -19.961552967 31.034372557 0.803444204 -0.170554658 -0.287976649 0.492400212
-18.132938088 -9.062684474 41.633209370 0.668147983 -0.171707932 0.489060822 0.533773521
-21.121188817 -14.428449629 33.969337405 -0.564072672 -0.333821058 -0.730694534 0.190973876
-22.779926088 -16.007430070 41.982538827 0.393055337 0.801939621 -0.128764322 -0.431068552
-27.977582590 -18.564309515 39.012853733 -0.052706993 0.977740461 0.201707555 0.023656426
-29.479266302 -13.088817680 36.794751051 -0.524414292 -0.279009934 -0.237132061 0.768707677
-26.964612365 -14.977900568 36.365324847 0.758744275 -0.002271689 -0.329054027 -0.562161375
-15.298441566 -16.445267219 30.231570161 -0.517954831 0.292592373 -0.471794445 -0.650786062
-11.353733175 -12.764550860 35.705982189 -0.036475468 0.898123543 0.427352772 -0.097021903
-20.066911850 -17.338878162 40.802347620 -0.763877425 0.625472677 0.004751633 -0.158910770
-16.507441408 -9.238056922 42.926416186 -0.019978770 -0.548555537 0.130097163 0.825689046
-15.866468883 -8.217127463 40.867770497 -0.706637271 0.098759864 0.400165960 0.575132559
-21.073198219 -13.658130009 38.717860281 0.203316744 -0.706772599 -0.659970919 0.153535601
-28.071728342 -10.589102564 31.071237693 -0.321224827 0.232209594 0.184916433 -0.899277059
-23.552375425 -17.900655674 39.367339337 0.566862944 -0.319587719 -0.300231595 -0.697417437
-20.715059447 -11.528631171 40.708299300 -0.196242954 -0.073160445 -0.375497466 -0.902849880
-21.556806477 -16.323016791 34.423243903 0.491668027 -0.170965585 0.692228958 -0.499852368
-18.575809420 -15.364338683 44.007052111 0.508183053 0.437325992 0.733554719 -0.111325807
-24.064174428 -17.368792596 31.812656306 0.043177964 0.250307877 -0.389328903 -0.885383892
-17.917376334 -17.061858211 35.485570009 0.316799686 -0.070526563 0.403160654 -0.855643296
-25.677001717 -15.440746317 36.002826005 0.314450588 0.201302455 -0.927500646 0.018458083
-20.791260531 -12.788329057 28.033945860 -0.025227243 0.954724729 0.261005348 0.140500844
-22.586334764 -19.561424106 40.636356187 -0.897500743 -0.326013219 0.186125192 0.231441590
-16.964847803 -7.713832719 32.751417711 -0.031247595 0.875664071 -0.467924408 0.115250904
-17.811300650 -17.763694937 34.797943238 -0.393672054 -0.147729149 -0.464221482 0.779549119
-14.126824325 -11.519639767 34.164979120 -0.648440020 -0.092208406 0.587089151 0.475761999
-11.623794407 -10.333953794 37.269039716 -0.291283760 -0.048717766 0.560138758 0.773967003
-17.805808279 -16.529559567 39.620044490 -0.224513500 0.128427105 0.121161972 -0.958342289
-27.757193088 -15.321374661 36.947799576 -0.823491060 0.449488065 -0.327648005 -0.111667980
-14.155203255 -16.870830307 37.045189530 0.816078926 -0.353980759 0.058607595 0.453076108
-18.925308234 -9.971849960 37.556285480 0.148888365 0.687082667 -0.708177030 0.065076551
-27.790018314 -16.191375183 30.929800977 0.321832102 0.049963121 -0.492122167 0.807306359
-21.785756974 -21.002323884 35.933585891 -0.419550868 -0.498400088 -0.059669741 -0.756316034
-21.216471857 -3.722644538 35.119321398 0.611799639 -0.522235261 0.299604633 -0.513038593
-14.260239938 -18.337199253 31.098920812 0.004355462 0.056169137 -0.627489503 0.776584176
-21.300856583 -9.652357681 32.229574030 0.253641274 -0.229351002 -0.619752511 -0.706378827
-24.057983158 -20.055513725 37.916457630 -0.377839714 0.321659200 0.001896305 -0.868198660
-22.739143487 -15.180567810 31.132547285 0.200659970 -0.017989313 -0.979494933 -0.001279700
-20.989924257 -12.206090180 42.710271360 0.634588748 -0.330025612 -0.098628527 -0.691847259
-25.265318364 -10.265249843 37.775145643 -0.080361038 -0.041178660 -0.447727248 -0.889599198
-13.718524597 -9.421932408 39.197161455 -0.571082660 -0.588268572 -0.369406552 0.437428259
-30.108925284 -12.714752523 35.914636390 0.962564323 -0.092495382 -0.079793355 -0.241966008
-25.191529357 -12.451962612 27.888571064 -0.002210582 -0.109589034 0.797320234 0.593519841
-12.547650184 -11.864309077 40.098944159 0.398403648 -0.040188527 0.507984911 0.762634084
-24.481366618 -6.788749568 39.313522411 0.475891005 0.252796544 0.606004911 0.585132213
-21.777674783 -7.268838337 35.363501335 0.367948626 0.047649605 0.557116880 -0.742942869
-28.524040922 -8.085773565 36.435422332 0.561857173 0.131011134 0.479325633 0.661361881
-21.967965524 -13.685546439 30.878027318 0.653398852 0.558348654 -0.201064927 -0.469988953
-17.882727541 -11.997004026 40.918228485 0.692107346 -0.650088679 0.133939117 -0.283606142
-25.086645644 -14.424818328 33.722622982 0.440487343 -0.556536153 -0.673354292 -0.206959917
-20.103218243 -16.948226964 30.525502114 0.105872222 -0.656030970 0.126970926 -0.736405339
-27.910968637 -10.637014284 39.033058408 0.757785374 -0.603765318 -0.151954632 0.195290958
-25.584694566 -7.432251724 33.917556838 -0.693539631 0.318728479 0.010376156 -0.645993245
-20.063284769 -9.758784462 33.733951455 -0.760004481 -0.238211399 -0.195992471 -0.572044990
-16.238346380 -11.421692962 30.976745847 -0.708843009 -0.474052997 -0.368706754 -0.369960367
-27.893407008 -11.238223083 33.432035742 0.088746725 -0.165065035 -0.386277189 0.903143115
-15.568000218 -17.215667212 33.693543703 0.434302266 0.875357255 -0.209303402 0.036377253
-22.314421054 -15.734197344 35.837223082 -0.998465348 0.033226467 0.000284845 0.044304292
-19.015232260 -10.202249479 43.901462373 0.758227010 -0.470400511 0.441220663 -0.095600664
-14.991996180 -17.507186567 40.800250052 0.667798435 0.583117322 -0.457641972 0.067699805
-24.182491740 -6.239939502 40.907006399 -0.689779164 -0.150309078 -0.351879273 0.614648569
-20.284548955 -5.715565825 37.714288791 0.447590154 0.502996611 -0.497433916 0.547007278
-12.135846448 -15.739907733 31.642427189 0.115350206 0.557338706 0.513333345 -0.642305825
-15.395118913 -20.952015788 38.022624830 0.326744166 0.368998606 0.850934893 -0.181626226
-26.207797567 -9.896985936 34.999800038 0.438971686 -0.312774746 0.088540802 -0.837637358
-18.152157594 -5.486884409 41.612012750 0.060070840 0.244525136 0.323037418 0.912275057
-15.850790883 -13.269960590 32.920730322 0.315861921 -0.252232975 0.790876592 0.459482307
-27.009415117 -14.780961618 32.181652405 -0.107660792 0.716858171 0.063098133 -0.685960744
-22.343328789 -11.070995637 28.664369168 -0.168611799 -0.468533838 -0.425301855 0.755754216
-19.179901932 -5.942836058 39.516026344 0.003776583 0.813785236 0.568704561 -0.119643008
-19.285473058 -6.399654174 37.672281809 -0.081360027 0.556462417 0.803391438 0.195684242
-22.821988402 -14.602620642 33.927058771 -0.609055182 -0.745142827 0.137914719 0.234080077
-13.303343341 -12.695263028 29.791435314 -0.415214596 0.632901168 0.183426094 0.627206360
-13.070043425 -10.739846356 38.951562972 0.171133855 0.386640235 0.528330948 0.736266896
-18.272377734 -20.570643940 35.075162849 0.045809854 0.552421798 -0.671216951 -0.492137602
-27.636558966 -13.544262895 37.724369183 -0.327811180 0.555764153 -0.432499516 -0.629769962
-21.586483172 -15.048533806 41.103422471 -0.461927307 -0.170828419 0.866496073 -0.081396379
-15.130465133 -8.434549469 32.433269538 0.029584018 0.446628747 0.803551730 -0.392367385
-17.579614625 -20.658562413 40.269633528 0.136794311 0.676431312 -0.534601026 -0.487780422
-21.601729099 -20.602957938 32.355214251 -0.044451041 -0.293281446 -0.022335283 0.954730974
-19.704665724 -20.578717270 36.509460177 -0.301442561 0.099643593 0.903198457 0.288853049
-22.252140115 -16.145740782 38.519450519 -0.136486080 0.621607858 0.515592207 -0.573707153
-20.015845283 -20.191999817 38.952586212 0.437936500 -0.568086263 -0.688904124 -0.104406551
-18.956495832 -11.962293494 37.980650445 0.853102169 -0.408009535 0.031685730 -0.323637025
-25.287830315 -18.263992146 36.243105169 0.012206888 -0.898936712 -0.301209019 0.317863032
-12.679965002 -15.955687394 38.228725855 0.381590214 -0.610536707 0.539623836 -0.436394264
-13.923597163 -12.521170694 29.043606766 0.246315480 -0.923112353 -0.270481044 0.118457895
-29.191053388 -10.612952171 39.733856910 0.362663783 0.804172118 -0.229416162 0.411278992
-18.867865095 -15.237843891 34.246809876 -0.842974826 -0.019197968 -0.519364178 0.138873076
-16.756782270 -18.957696950 30.204502009 0.641949530 0.524933590 0.252876761 0.498396299
-23.806143341 -16.223222797 44.962271550 0.088076093 -0.637560976 0.490541395 0.587475739
-21.935454296 -18.213194900 36.623977977 0.530109181 0.238788153 0.714615102 0.388959805
-26.816559420 -8.234084662 37.958628657 0.664721877 0.201881110 0.389953647 0.604421208
-11.455269470 -15.075612342 36.692783010 0.579778487 -0.810036873 -0.082338212 0.030291747
-27.441971339 -10.701264081 38.379307467 -0.095164909 -0.791930187 0.495807795 -0.343460114
-12.351031335 -8.987577934 40.087828060 0.203895798 0.653456556 -0.088797925 0.723557850
-24.174954038 -10.800302472 39.223640077 0.779919712 -0.423647024 -0.074453392 0.454648364
-28.995409720 -12.671271728 40.657168023 -0.340624026 -0.221027941 0.066861182 -0.911400848
-19.485793690 -4.132980194 37.406719680 -0.800901097 0.037472291 0.437638410 0.406971598
-24.891377390 -14.022506534 30.010884381 0.499841006 -0.683501090 0.527204599 0.070996759
-22.973590668 -21.356459014 33.332821168 0.171532327 0.401096818 0.472544260 -0.765767541
-14.825267601 -15.910281207 38.568105289 -0.337942400 0.150267567 0.216332327 -0.903556814
-24.354221056 -12.507003990 42.468295059 0.618575956 -0.213861161 -0.068241019 0.752974338
-17.015726827 -16.034469590 43.773285309 -0.860321025 0.302382108 -0.408763762 -0.036400308
-17.227903301 -11.110273737 42.148745102 0.138862790 -0.106027585 0.971663758 -0.159200561
-13.373646386 -8.927239254 41.180928941 -0.773801595 -0.066915930 0.616607136 0.128642880
-23.952139771 -7.025835500 39.576367588 0.081939890 -0.958252874 0.231145111 -0.147000754
-21.894509642 -8.328146958 31.409545458 0.306081631 -0.776585542 -0.187409748 -0.517790032
-26.144393015 -16.995454916 35.506274037 0.596968070 0.075485989 -0.612046981 0.513156391
-15.550502498 -16.464270805 34.968343753 0.629809218 0.539233635 -0.559072480 -0.002323406
-12.495809340 -13.816082891 36.437600255 0.163001252 0.502220478 0.492595872 0.691776330
-20.535113546 -13.594169172 41.485305343 0.086554379 -0.266516188 -0.921124614 -0.270197903
-16.839223420 -10.269055325 33.868694000 -0.264675335 0.019369966 -0.953330687 -0.143987404
-16.857076336 -8.858845825 44.229416502 0.302263917 0.466725109 -0.809819636 0.187073127
-24.766116463 -14.993668169 40.276054240 0.185838759 0.977555254 0.094444404 -0.030494849
-25.028747397 -20.131474563 41.768968909 -0.078327248 -0.484636397 -0.282888016 -0.823994403
-23.517733087 -9.164882320 44.397336647 0.110760758 -0.064031681 -0.838103682 -0.530296347
-20.417169868 -19.103071568 38.037574814 0.198296950 -0.799224495 0.064586239 -0.563690646
-18.254771781 -14.467104911 44.562009945 0.113304816 -0.869604060 0.162539797 -0.452251713
-19.819625601 -20.427646358 38.223469656 0.823289802 0.511165536 -0.120846419 -0.215173975
-28.115263844 -8.168157070 38.530073051 0.315404836 -0.502947717 0.183212737 -0.783579272
-19.991543897 -15.784883911 32.334075537 -0.416344924 0.387990907 0.680059393 0.462211188
-26.206594482 -9.119033314 40.295086097 0.575363480 -0.736902682 0.353432539 -0.031886415
-25.653752643 -21.304295844 34.032621775 -0.051668337 -0.315897922 0.212954746 0.923140922
-19.205745941 -16.017538982 34.373066632 0.778673375 -0.321042628 0.514788952 0.159974190
-20.636678648 -17.628653374 42.858949964 0.618032590 -0.605202675 0.468677367 0.179184167
-17.345074810 -11.226372867 35.618519648 -0.703048086 -0.523017625 0.443563462 -0.188221697
-26.385087970 -20.250307167 35.569659054 -0.514681598 -0.269293601 -0.064099658 0.811464752
-24.601397097 -9.261098723 33.614104671 0.287286563 0.792059896 -0.524725641 -0.121534162
-13.250193755 -11.569906196 40.880664642 -0.703031118 -0.356559339 0.237644306 0.567571906
-24.848742854 -17.686435708 34.816468475 0.405726939 0.239264442 -0.688283372 -0.551728355
-19.747088275 -6.103585068 37.237115086 -0.965804415 -0.143687139 -0.204901694 -0.067757898
-18.253807548 -16.184503414 34.553683725 -0.503618013 -0.118440284 -0.464553808 -0.718700602
-19.371989734 -12.598393563 44.553953388 -0.170439013 0.764648835 -0.435119857 -0.443771802
-28.701996865 -13.934109490 31.040516049 0.324604607 0.043401514 0.598548121 -0.731087071
-24.555783778 -9.908053355 44.469161078 -0.809679682 0.185899768 0.002042071 -0.556647032
-20.006814694 -10.833051262 45.257668700 -0.075395572 0.934125783 -0.208415582 0.279798991
-13.851615333 -10.397432307 35.632881978 -0.682156248 -0.160226263 0.569331505 0.429944222
-24.227172645 -18.429583408 39.098143002 -0.187923029 -0.247669382 -0.702718509 0.639946489
-24.701628755 -21.209572861 33.227513118 -0.266706340 0.682205793 0.067836608 -0.677392928
-20.986279914 -21.574838199 31.133527816 0.536027555 -0.702454522 0.348955321 0.312189509
-20.411074099 -5.122555599 38.976046359 0.450427293 -0.589173647 0.057957249 -0.668304291
-11.301957664 -11.036223732 35.667979981 -0.775165830 -0.289961300 -0.545234282 0.133266494
-21.606342381 -19.879172708 30.879437293 -0.987852027 0.067661462 -0.130100366 0.051421737
-25.265462402 -16.540411736 42.425606039 -0.476390626 0.480324563 -0.735088617 -0.044553448
-24.087767283 -13.507725501 37.642532082 -0.403220322 0.502284237 -0.761873732 0.068354470
-25.445042282 -13.366954013 33.026322176 -0.554590329 -0.086193960 0.221584560 0.797433666
-22.350955280 -9.849953573 39.692602967 -0.503638943 0.343353991 0.784757521 -0.112300874
-25.091718285 -20.682693675 34.506864298 0.272686680 -0.152991161 -0.047911877 0.948651744
-24.422941685 -14.141429563 37.162918666 0.478419042 0.609072424 0.344636777 0.530444620
-19.603424978 -14.152818642 37.405650129 0.366123015 -0.415737661 0.694040725 -0.459808229
-16.889284259 -6.029797264 37.773348250 0.393250038 0.086432562 -0.560238144 0.723890214
-18.773326677 -6.224998235 38.937686641 0.409292122 0.544268161 0.663445070 0.309988334
-21.950946073 -17.183876627 29.377266942 -0.134499737 -0.115928872 0.885758331 0.428838544
-25.506014124 -20.873214988 38.981020910 0.843806034 0.314892947 -0.309488765 0.305041822
-27.458676635 -11.426854433 30.849052722 0.406563856 0.547696653 -0.708431485 -0.181270623
-13.188855075 -15.511261240 30.906117702 0.767100853 0.615260395 -0.172285070 -0.057695606
-22.522988718 -17.413681294 39.725753625 0.256191056 -0.852126313 0.032337908 0.455193529
-18.268304415 -4.228058972 39.013301045 -0.041036163 -0.355701170 0.413324002 0.837231139
-15.398383924 -7.746699870 37.205686757 0.308196372 0.208021473 0.338535749 -0.864370065
-15.495682146 -15.791202391 37.998985173 0.181558313 -0.842901576 0.339428522 -0.375954507
-23.920152936 -18.162356537 35.874102021 0.740720407 0.368232538 -0.335262467 -0.450929212
-18.228647421 -12.918336073 32.386661173 0.149004667 -0.751985026 0.138263236 -0.627056144
-12.697230311 -14.107443093 42.069325389 -0.645849802 0.416604749 -0.049465969 -0.637864903
-23.299764785 -6.402129921 33.142528032 -0.848643832 -0.145077551 0.135209329 0.490382084
-19.398809955 -21.872737702 38.993116849 -0.960295503 -0.215256930 0.175820699 -0.024167799
-29.023040124 -11.895216140 40.100144314 0.310070802 0.875641291 0.184965286 -0.320774484
-16.794346131 -8.959898008 35.901032376 0.116332206 -0.122060053 -0.385101156 0.907339661
-28.228366304 -17.159946316 36.412455588 -0.249622207 -0.743470305 0.226604149 0.577573562
