-12.054562684 -18.096885108 38.163077137 -0.668210962 0.248775359 0.428289608 -0.555133266
-16.669989209 -11.560064213 46.935933013 0.249937947 0.248388786 0.843849557 -0.404662771
-9.583722533 -14.454881533 46.713659201 0.817268251 -0.356411650 -0.397495791 0.216888078
-10.553840982 -11.388697875 51.050429454 0.707690230 -0.293052338 0.473679814 -0.434651929
-6.833551220 -13.288357057 42.204790962 0.382801065 -0.309772916 -0.607849496 0.622914982
-3.675602705 -12.919445464 45.984835556 0.137345497 -0.157182635 0.899715183 0.383330697
-10.959233284 -4.910241200 37.803664351 -0.706488077 0.209494941 0.195130525 0.647232991
-15.951917847 -15.631015046 43.479944516 0.177346980 -0.153066693 0.962864879 0.134200823
-18.951906796 -4.540013036 45.420311948 0.306500356 -0.025418964 0.691076359 0.654083232
-11.238285368 -3.840529597 45.040354344 -0.099161049 0.488247993 0.722513361 0.479328099
-14.220325179 -7.197045648 36.905542458 -0.001626900 -0.892078056 0.402983220 -0.204447105
-13.677525133 -18.593738789 40.945856557 0.027066524 -0.019672700 -0.858925601 0.511006067
-7.023863612 -12.130312766 48.655117370 -0.588678890 0.726682340 -0.227594642 -0.271275910
-3.826158056 -11.922163262 46.840734089 0.417258860 0.749024670 -0.476589164 -0.194216007
-7.516316187 -12.745010169 41.712014373 0.777116276 -0.075831465 -0.463603296 -0.418821999
-6.235850668 -6.588029028 48.415502741 0.784501068 -0.515866903 -0.333372124 0.085454310
-14.402751317 -10.262787451 38.098811515 0.693742659 0.095985541 -0.705654657 0.107514670
-12.322602211 -12.933601573 43.584533437 0.224973975 0.251817647 0.650684799 -0.680135189
-8.420589799 -7.793673330 44.537870114 0.028750473 0.338489530 0.149348000 -0.928597557
-12.420789057 -5.713589321 39.692019377 0.411950516 -0.579543634 0.121523777 0.692573405
-16.889854668 -3.747268642 46.365397129 0.672315689 0.190844207 0.433522301 0.568883572
-7.128735726 -16.642941085 48.147649248 -0.363625219 0.265445315 0.387191618 -0.804610549
-21.121354396 -12.212094855 43.866374606 -0.103649431 0.685096228 0.663592466 -0.282037220
-11.081309370 -9.896146067 34.720748995 -0.187886626 -0.790514700 -0.320960003 0.486589972
-11.622518492 -6.840927788 44.167229254 0.525974609 -0.298524323 -0.558705135 0.567523138
-15.772605034 -17.317761378 41.962185169 -0.363649610 -0.818625125 0.420326737 0.144697269
-9.739654260 -9.755788119 48.309136505 -0.501337431 0.118345252 0.669227689 0.535527293
-14.896413825 -13.214254312 38.269479104 0.932672857 0.094735345 0.345159216 -0.044851652
-11.185861455 -9.923407751 43.185055210 -0.092794473 0.176362244 -0.157624970 -0.967181428
-5.423459963 -13.067735891 43.472009997 -0.534991202 -0.588169159 -0.120759769 0.594355561
-9.613474004 -9.100686233 52.267861900 0.079337459 -0.253426796 -0.935832781 -0.231727067
-6.594278694 -13.514049106 36.897432126 0.382246720 -0.785680438 -0.471064820 0.121209036
-15.921367641 -17.991363742 45.400012554 -0.807791164 0.231917829 0.534582895 0.088930783
-6.616946425 -6.799195115 49.822538216 0.191317889 0.722996981 -0.529108461 0.400895333
-11.245706971 -3.386366671 49.561957331 -0.570628995 0.407559756 0.683455364 0.202894950
-20.497133966 -12.589791266 38.399790740 -0.149121236 -0.302932956 -0.535148040 -0.774345567
-12.575323083 -17.630041479 49.958636792 -0.584913041 0.687879178 0.411999807 0.122291168
-8.685804315 -4.465896219 44.413897541 -0.463528732 0.199113385 -0.547438728 0.667686913
-13.902865637 -18.119579180 49.365255671 0.329908086 0.718580279 0.363692918 -0.492473857
-13.306233222 -12.728028615 38.267728094 -0.327884094 0.495378463 0.266323424 -0.759054697
-18.600334374 -13.446526666 47.320316767 0.445627191 -0.717526144 0.144279725 0.515515276
-18.730102127 -14.450661030 45.339013491 0.327924671 -0.510608175 -0.118753267 0.785902261
-14.903476304 -6.596279581 46.471833356 0.380894521 0.558733052 -0.107660310 0.728797639
-8.905648728 -15.753915455 38.398458783 0.280722000 -0.937132243 -0.204932376 0.031321543
-13.446062531 -9.079656511 45.446553034 0.599227097 -0.688602902 0.267245263 0.308760262
-6.454705747 -15.521659480 39.592839043 0.186021529 -0.863630574 0.236506565 -0.404478513
-11.299139493 -10.859319643 49.233022175 0.249248188 0.615172144 -0.705817793 -0.247507205
-17.184288611 -16.189296556 41.784864688 -0.302031848 0.892666529 0.071332961 -0.326855993
-3.615537103 -14.421297702 44.918007541 -0.500229603 -0.248970370 -0.144651853 0.816614928
-9.353777310 -12.015812545 36.949330484 0.433244233 -0.182465460 0.225831425 0.853232652
-19.204591120 -16.812224574 39.455220144 0.534667350 0.225261149 0.598989424 -0.551905708
-10.363142330 -13.485613260 45.186342753 0.213717428 0.495816582 -0.256139774 -0.801799971
-21.056659490 -11.040948859 43.368375919 -0.545256759 0.237003178 -0.031112959 0.803465335
-9.387753112 -16.432733539 36.826669464 0.342332640 0.042980257 -0.118386670 -0.931099166
-11.764435469 -16.576252909 51.888469704 -0.577057366 -0.333051539 0.745537189 -0.015992759
-8.189545396 -8.069685514 46.405415028 -0.471695585 -0.685818169 0.300646721 0.465583787
-4.942010425 -5.480987730 41.395988602 -0.086128128 0.719247191 0.109498682 0.680643418
-14.201920406 -8.922219487 39.605667566 0.087244043 -0.562321829 -0.217436906 -0.793034570
-7.124650744 -13.078419658 40.730690507 -0.332334505 -0.161355986 -0.877585482 -0.305551541
-15.839287505 -3.108996739 42.843952728 0.330710724 -0.038980158 -0.935397038 0.118925799
-13.854138821 -19.322368983 47.042416457 0.777694986 0.223607439 -0.578835343 -0.100696914
-15.251311666 -12.417550969 42.892661247 0.005486532 -0.707937925 -0.657780050 0.257136534
-12.422760411 -18.798203539 48.940894499 -0.109967623 -0.717839053 0.680129982 -0.100186946
-7.110707641 -11.147625835 37.180039171 0.075510615 -0.537127887 -0.334584171 0.770613530
-16.029897668 -8.951230333 49.093543793 -0.037442365 0.633469186 0.764214073 -0.115289678
-10.951840656 -9.350650823 34.024525757 0.000003177 -0.155485271 -0.738418877 0.656172152
-9.128974497 -15.939570947 45.482859876 -0.595784412 0.043477376 0.699159109 -0.392844997
-10.747590811 -9.286511790 52.903874313 0.861451169 -0.147643869 -0.462625804 -0.148595212
-11.887662013 -2.459492940 42.482460052 -0.480740275 0.628094750 0.606822846 -0.078433452
-6.580913751 -11.755462004 42.020289957 0.585630130 0.566478551 0.434486100 -0.383876583
-16.285571529 -15.954853000 45.179727419 0.492794917 0.763122748 -0.415611254 -0.045432660
-17.124027202 -13.868191571 42.068599583 0.073016611 0.930754108 0.117882437 -0.338332818
-4.281764377 -6.623480894 42.052307123 -0.430512985 -0.890080614 -0.014803552 0.148982967
-14.231009354 -10.743348653 49.348756712 -0.018178009 -0.571304136 -0.815497402 -0.090802705
-4.001463152 -14.076009226 40.385027329 0.230378033 0.224059942 -0.223957560 0.920090276
-22.223595605 -11.242021918 44.740926718 0.330040984 0.331724105 0.883044805 0.035551926
-13.448569728 -14.883930388 50.983851862 0.500611249 0.603273524 -0.405399946 -0.470213055
-6.608231293 -11.658475353 49.392307113 0.167435915 -0.559528276 -0.499812355 -0.639594350
-10.734371174 -18.323960153 41.108906951 -0.296237089 0.781018225 -0.126796726 0.534954867
-16.208868992 -12.522946088 38.484482042 -0.023399313 0.291263168 -0.879283881 -0.376135742
-15.893909310 -16.200049502 42.922100854 0.365591538 0.015716177 0.149954298 -0.918482192
-10.403408975 -4.072568759 50.319067525 0.014965854 0.882312139 -0.445153591 -0.152117039
-8.248447648 -14.398300111 42.061523749 -0.703763365 0.059486933 0.067804477 -0.704685025
-6.593733914 -12.663136279 50.234927517 0.057109664 -0.616829762 0.286862418 0.730732156
-13.613038476 -6.530082511 46.996213546 0.823777004 -0.317104046 0.415998587 0.218590133
-11.906422162 -15.315315888 48.955855357 0.512614124 -0.729441616 0.432625833 0.134076760
-16.855099068 -8.894613305 35.877761230 0.147089687 0.691253672 0.411490307 -0.575507352
-10.795148908 -18.791911757 43.930888039 0.238701119 0.379651928 -0.575391552 -0.683966923
-14.787474033 -4.124361658 43.009082587 -0.076596360 -0.008166847 -0.309486795 0.947778573
-10.401768404 -1.816467577 41.413781598 0.820771400 0.203115914 -0.262430054 -0.464982475
-4.460329808 -13.738807174 40.859135987 0.500782141 0.652922645 0.559273219 0.100611795
-13.553296942 -8.261752837 35.778322641 -0.457722719 -0.522073068 0.244539431 -0.676853079
-16.033629479 -5.895030568 50.721633663 -0.846229881 -0.303448030 0.435553571 0.045906079
-10.170415878 -6.185398219 46.906924053 -0.304622196 0.296984248 0.280087026 0.860556176
-18.713250191 -15.676251532 43.420988639 -0.010082752 0.106857894 -0.120590960 -0.986882743
-14.088195810 -5.354672699 43.094097322 -0.199163684 0.929314546 -0.299440552 -0.083926496
-17.693463313 -17.750073592 38.681417233 0.455451760 0.823046083 -0.214446734 0.263004633
-6.045451640 -13.789862306 47.991016973 0.140275419 0.278220079 0.257448570 -0.914678429
-16.214060202 -9.756751717 49.659916913 -0.404149880 0.837526651 0.059058266 -0.362938156
-10.927690034 -12.007605880 37.449751498 -0.598022124 0.788661167 0.110307705 0.090638365
-19.328573932 -10.740225597 50.715279121 -0.260261323 -0.193385541 0.751801462 0.574160811
-7.611404760 -12.290966496 36.151595852 -0.672879229 -0.353999926 -0.227129852 0.608547143
-12.251245292 -20.418489530 45.314688670 -0.856073635 -0.129751515 0.032222893 -0.499263618
-17.993340912 -11.440945999 41.330931184 0.221968673 0.402970365 -0.773242690 0.436394931
-6.460861119 -13.644479128 45.705832262 -0.607295668 -0.627107375 0.458688428 0.165931423
-16.856016892 -4.033975306 48.100141550 -0.116539593 -0.748862319 -0.484133106 -0.437308686
-12.821891303 -16.503727280 41.926884132 -0.584889758 -0.004975763 -0.544195163 -0.601440635
-21.860504927 -11.296785636 40.079542728 -0.666890996 -0.282475666 0.638783481 0.259652773
-15.774608620 -13.782908726 48.411427784 -0.028861017 -0.906982882 -0.114918827 0.404156847
-20.758185354 -14.885250144 40.330191956 0.217010174 0.000214935 0.975485134 0.036541652
-8.507802148 -6.452422901 39.518227063 -0.043862334 0.657774978 -0.511736935 -0.550938730
-17.721039921 -11.914005386 50.441793612 -0.720618337 0.430602717 0.431071958 0.330858701
-21.064223858 -14.818701971 45.526834260 0.262264400 0.831648943 0.028639975 0.488627846
-9.940822587 -12.650313333 50.504394263 -0.309741280 -0.413550342 0.602001187 0.608794732
-14.892737021 -14.988905441 50.708242667 0.162601151 -0.578614541 0.262636065 -0.754843279
-12.396112257 -17.688744376 40.070413240 -0.428566712 0.460575742 0.664571920 -0.403168355
-8.708716927 -12.000380181 44.551238619 0.163278320 -0.263567055 -0.934187150 -0.176541686
-20.960450212 -15.949255619 42.926197864 -0.683462352 0.075147293 0.193878127 -0.699745218
-15.173303587 -8.954885923 37.010114393 -0.823165968 0.284468714 0.350883858 -0.344028862
-10.990291721 -12.940403474 35.459130697 0.041123381 -0.265898126 0.328547154 0.905352871
-14.917362946 -9.364722395 52.133705892 -0.678063751 0.335652589 0.269678950 0.595684609
-11.375617255 -6.125130974 37.627818961 0.823991397 -0.287628790 -0.184661551 -0.451893757
-4.637797038 -13.041525560 40.654633011 0.534567544 0.639848452 0.550734302 0.039028560
-5.300148699 -10.542376910 37.409539406 -0.174816730 -0.065243866 -0.573700467 0.797527506
-12.614653314 -7.727699799 35.308431541 0.110462111 -0.875920429 -0.138270435 -0.448823809
-12.945465052 -6.238348429 40.014053869 0.138408008 0.682111663 0.044117181 -0.716673271
-16.461405111 -12.190489480 50.035624869 0.445959285 -0.270770751 -0.826371325 -0.211929116
-11.631885278 -8.769643331 51.482520641 0.874468183 -0.051338210 -0.475061969 -0.083581756
-17.762335197 -15.709445809 41.816397428 -0.265417712 0.868186781 -0.386934885 0.161513302
-14.749804060 -12.073024974 50.572752162 0.484630347 0.183981726 -0.722168432 -0.457992256
-12.063446615 -18.579754154 47.883334993 -0.107419388 -0.947893296 0.277301299 -0.114295078
-20.035417893 -10.593887737 45.117201548 0.161091149 -0.787293859 0.568628492 -0.175726090
-6.564097936 -16.178946527 42.928135228 -0.616959916 -0.623197582 0.435365744 0.203572848
-16.377991271 -18.038854653 48.822805799 -0.072904172 0.881852426 0.108340893 -0.453082258
-8.771772423 -3.446669525 45.467029115 -0.832403742 0.450124933 -0.051561600 -0.319112764
-15.322420650 -8.045303019 44.002362370 -0.847906275 0.427841518 -0.195931488 0.244166820
-5.138271831 -5.304424415 42.522555025 0.319000376 -0.018263087 0.930639332 0.178369433
-18.181553109 -16.395926000 40.287863146 0.873581376 -0.212943787 0.180706718 -0.398566939
-7.834895950 -11.653021215 40.389575140 -0.351266651 0.850804746 0.080260419 0.382493516
-8.739852377 -19.242095449 42.393754918 -0.052607022 -0.746931606 0.280110269 -0.600719498
-16.255868067 -15.915493938 49.349107027 -0.708194904 0.454736840 0.256351105 0.475350918
-13.415830944 -10.310282764 50.804210881 -0.122295563 0.497097812 -0.417696655 -0.750644433
-8.076744371 -10.863890413 40.674148737 -0.810306451 -0.001992477 -0.473138101 -0.345745315
-5.459442161 -5.484618243 43.135659985 -0.815113541 -0.068842598 0.255182012 -0.515492729
-14.104061982 -11.671981962 34.742065251 0.091063463 0.565082149 -0.115600631 -0.811804228
-16.193922233 -5.049244237 36.738444037 0.752650719 -0.028906839 0.523222264 0.398647403
-11.959635639 -11.505803687 34.962630744 -0.505080231 -0.369325015 0.061760461 0.777610853
-18.156143965 -11.101487265 47.319333244 0.674789246 -0.269211759 -0.590341466 -0.351683743
-9.102931145 -8.986028961 50.068840592 0.294811022 -0.118593318 -0.295702461 0.900878538
-10.750345165 -13.874145049 35.177234336 -0.221823825 -0.834935471 0.379255684 0.331424313
-6.885243801 -11.375002140 42.587457929 0.208009091 0.478281213 0.807026982 -0.276923726
-12.238662446 -13.014665310 52.941346260 0.243032442 0.841641582 0.281872050 -0.391309119
-10.625372817 -5.424244646 48.464162157 0.399476989 0.477558578 0.780269802 -0.059455658
-21.570178486 -15.122676737 41.741695752 -0.168787899 -0.765287484 0.553842851 -0.281253991
-3.503103537 -8.475458976 45.938158104 0.668711810 -0.689420696 -0.131963801 -0.245171724
-5.557115768 -9.049970043 45.557143946 0.306940342 0.852033002 0.320150736 0.278084334
-10.943681717 -8.949318814 47.249498907 -0.021098061 0.230794077 0.489035489 -0.840912158
-16.198111792 -7.414069775 43.854158949 -0.092049991 -0.651237348 0.718174140 0.227250129
-14.242212635 -1.455192910 45.825178172 0.114842166 0.509074195 0.827351261 -0.207712860
-19.589258232 -11.776750629 38.646002186 0.631836250 -0.309626498 0.192262585 -0.684068332
-15.958823968 -8.847095038 37.154028149 -0.405246375 -0.219147718 0.046843808 -0.886315582
-12.668944022 -16.499898178 37.621093085 0.394077588 -0.818208641 0.327754282 -0.260412377
-19.884296125 -7.020580648 43.590084813 0.847823970 0.497589824 -0.083212520 -0.163323479
-3.651840536 -10.349548263 40.192607454 -0.358174307 0.875908785 -0.263571421 -0.187149866
-19.881791840 -7.672936725 41.492183776 0.348780384 -0.372451074 -0.736436009 -0.444178394
-13.398014775 -11.631632028 47.175329209 0.661367100 0.411107881 -0.134966939 0.612672666
-14.552861276 -4.994334545 48.024669977 0.833208409 -0.399135754 -0.360196676 0.129277809
-5.301449995 -4.721330245 42.492713411 -0.117389103 -0.312451920 0.331128254 -0.882580124
-19.544096880 -4.110815879 44.964054306 0.253644640 -0.394003740 -0.883302195 0.014236615
-9.103773993 -8.388253733 50.318312615 -0.881753954 0.074839043 0.189995755 -0.425218409
-9.646851611 -14.404174020 45.030811999 0.024548306 0.672075183 -0.034679976 0.739262895
-12.822785484 -5.576577094 51.528522190 0.823087636 0.199390907 -0.523329040 -0.094322455
-13.216295470 -9.442033511 49.262773182 -0.095761409 -0.745588740 -0.591351021 0.291943750
-5.723194894 -14.213724148 46.744502540 0.705905940 0.027129796 -0.291267904 0.645076574
-14.679803018 -18.344125999 42.459400609 -0.617623942 -0.669143153 0.150097535 0.385043942
-17.413475206 -6.466873863 38.181119681 0.046828679 0.338700276 0.935317255 -0.090944101
-11.065475114 -17.370000350 49.311470069 0.413564420 0.383641666 0.715356645 0.412369267
-4.613183735 -10.528681422 43.283585676 0.382474012 0.395072631 -0.504051949 0.666005164
-11.806296015 -20.854497760 42.830849677 -0.056892991 -0.651233800 -0.084823431 0.751972547
-8.065231433 -11.195152894 40.679455946 0.036559828 -0.475739054 0.227621725 0.848836899
-11.486265209 -14.520897899 50.615463269 -0.451797452 -0.254275516 -0.760042325 -0.391865651
-10.800403248 -7.056783608 48.841894618 -0.404361589 -0.374166723 0.492485718 -0.673757216
-12.051768893 -5.304803915 38.765469051 0.260763622 -0.446793346 0.779974760 -0.352161062
-4.962719207 -7.341610016 46.284245358 0.499790040 0.556348521 0.270387239 -0.606281271
-6.557425935 -6.973809493 43.640008067 0.120796206 0.365983812 0.899527421 0.205704995
-12.545214546 -8.835140733 50.241844497 0.056183110 0.027114439 -0.729669859 0.680947988
-17.171840072 -9.000716610 37.127623640 0.069472272 -0.356298811 -0.636082745 0.680899040
-12.107055644 -15.903300498 35.729874578 0.077264934 -0.541108753 0.404349613 0.733302692
-20.828306460 -14.250292150 47.915238326 0.523332941 -0.091454086 0.827436565 -0.181954703
-19.874253692 -9.364398343 47.622298300 0.286367938 0.074165500 0.311593128 0.902996459
-10.550080700 -8.635503128 45.747354864 0.127155261 -0.907749933 -0.397196884 -0.045345727
-17.089813021 -10.648168823 36.741266755 -0.644083019 -0.239767817 -0.419811484 -0.592812598
-13.237589659 -17.290806025 40.754288113 -0.471263286 0.130548151 0.607870967 0.625588509
-9.222420139 -12.775122043 44.825123734 0.773947752 -0.535848395 0.281669250 -0.185832743
-12.728471926 -14.373444144 47.722668928 -0.693981764 0.322444849 -0.516474546 -0.384282023
-11.469427002 -11.782045708 36.856230995 0.074996858 -0.963551091 0.021680110 -0.255880321
-21.213739455 -9.417925940 44.623915706 0.542148701 -0.092085053 0.808485404 0.209634159
-13.042048100 -10.779369877 36.823178926 0.299749936 0.600261812 -0.059511631 -0.739117108
-14.347528217 -13.904205089 39.121425814 -0.054331807 -0.190520963 -0.651649939 0.732189986
-4.484776905 -8.306682964 41.946060033 -0.731742101 0.615315468 -0.293155810 -0.000207950
