-24.073934821 -3.317054591 45.457761467 0.901459695 0.289050350 -0.159149313 0.280163898
-21.044106381 1.399558677 45.446390417 0.724223181 0.318733599 -0.392973544 -0.468488495
-10.604366225 -3.504463290 37.746183589 0.439412334 -0.013422191 -0.855016356 -0.275106663
-15.998098722 -7.861178804 36.771273660 0.336052590 0.256349378 0.837127363 -0.347233972
-22.209266448 -4.862463520 49.542580148 -0.607179457 -0.001388425 0.762644748 -0.222944315
-14.938071102 -8.642421477 47.658936561 0.527022437 -0.502675696 -0.576638440 0.370206166
-13.555649230 -4.712443518 36.463694803 0.448611554 -0.817423599 -0.299697020 0.201861409
-23.421206418 -10.883148401 45.644898683 -0.611773144 -0.787181097 -0.065055916 0.042979855
-10.765681875 -2.235859779 40.248200068 -0.253286654 -0.361490931 -0.897207204 0.013762640
-12.870729480 -13.503238816 40.476388147 0.379650128 0.306625664 0.101799517 -0.866881388
-18.882238560 -8.143089126 41.768813345 -0.737809972 0.542614012 -0.176773829 -0.360496175
-20.071906690 -6.696315150 36.747843177 -0.243636051 0.689326559 0.278262865 -0.622928685
-22.963428279 0.869007328 42.829666519 0.592439640 -0.311440641 -0.436238681 -0.601428145
-23.554519588 0.581152095 41.573194464 -0.180545094 -0.938619498 0.148041022 0.253930624
-24.964675986 -3.535995372 42.599144337 0.298168701 -0.791412900 0.294037987 0.445311924
-12.653870568 -1.923445910 36.996183027 -0.013489523 0.888117098 -0.044678892 -0.457241567
-20.183682431 -8.980036019 47.813138426 -0.025909876 -0.612160045 0.344053591 0.711488499
-16.232854406 -4.728075591 37.320471121 0.700762682 0.287135273 -0.653035914 -0.005393873
-23.826192023 -11.202614612 38.892986738 -0.555869376 -0.791938112 0.244958419 -0.061956728
-16.913146028 -0.365132331 38.151198742 -0.081688047 -0.520279208 0.143382499 0.837900989
-12.641259729 -6.300181033 39.208053673 0.385848725 -0.605563393 0.483901541 0.500252973
-26.992254947 -5.488831099 41.714140758 0.044291987 0.847137604 0.346127627 -0.400739023
-23.996688890 -4.492500448 47.628493925 -0.339451975 0.898684578 0.085187769 0.264350959
-18.631366875 -5.604308099 39.282373695 0.427261006 -0.007147814 -0.378319355 -0.821140309
-17.256953768 -2.405857957 46.358601978 -0.920165917 0.342081283 0.021800387 0.189208416
-15.957185552 -3.227608374 44.358743115 -0.202235231 -0.559108928 0.772928537 0.221539150
-13.174047009 -10.763084101 34.078266035 -0.496994011 -0.798106309 0.340437438 0.011208173
-17.635669979 -2.396487038 33.915397643 -0.139894066 -0.785519720 0.387509744 -0.461762512
-18.485129266 3.089882263 42.875534580 -0.073148799 -0.633049323 -0.646023126 0.420180829
-18.949958933 -12.380918219 33.460884498 -0.113315705 -0.328281960 0.486251183 -0.801841813
-16.291704164 -6.997901808 45.954933939 0.514310005 0.083540003 0.613573328 0.593324580
-20.931713447 -2.166917461 44.547569780 0.114931858 0.370590643 -0.238873689 0.890164369
-18.772626328 -0.209986798 40.494848283 0.358466852 -0.857991282 0.087041160 0.357458126
-24.579751887 -6.860641628 32.993546477 -0.708166416 -0.032632775 -0.564356715 -0.423009371
-13.021893811 0.403465000 40.975747602 -0.212091704 -0.796790795 0.077601981 0.560463621
-16.469375726 -11.091620288 40.690555305 -0.651299733 -0.644720385 0.356247597 -0.182296277
-20.390672321 -12.952490769 42.950697903 -0.273330795 0.102375047 0.353256460 0.888830411
-27.069609076 -7.492288977 39.594420059 0.544551372 -0.110873584 0.537607208 0.634152460
-18.251343613 -8.767411075 33.521842329 0.197613783 0.621825697 0.728800293 -0.207681796
-15.907605997 0.600725376 35.746908869 -0.899023484 -0.239153784 0.254848711 -0.263845366
-21.351617074 -3.367502470 49.318707268 0.405482765 -0.783518514 -0.429764812 -0.192313996
-19.214561515 -6.194084053 46.925981801 0.090086098 -0.933459999 0.328373681 -0.112728218
-20.210742900 -8.530913155 45.258941333 0.296036472 -0.533709036 -0.485593103 -0.625872519
-18.107459903 -10.857490478 41.420362742 0.399146716 0.017581215 -0.460199961 0.792835920
-20.431726112 -12.138108270 34.087546709 -0.836199718 -0.259547973 0.306958530 -0.373070157
-16.096995901 -2.895817876 32.761906477 0.764501627 -0.037158337 0.527151147 0.369145214
-17.418685918 -12.148960123 42.245214119 -0.010035406 0.229958459 0.320291386 -0.918929718
-11.725137054 0.614076661 38.873258974 0.248871719 0.318484221 -0.162901141 -0.900052158
-13.726407045 -13.576097308 39.947937661 -0.275198673 -0.613353064 0.195457210 -0.714044948
-22.999155562 -2.236123418 35.438740472 0.489588674 -0.300175138 -0.603583827 -0.553068152
-19.623689370 -7.057226838 44.007814611 0.342124267 0.570950414 0.734603206 -0.131623478
-13.875620841 -2.437467221 35.307583896 -0.599667587 0.322370954 0.718155293 0.143974750
-23.330211848 -9.285182133 34.880491994 0.437005562 0.759855774 0.112103411 0.468057867
-21.257534399 -11.617775131 39.627436363 0.369321767 0.548440066 -0.709849574 -0.242751950
-19.088806758 -2.760693187 32.664988346 0.076216943 0.553132304 -0.647439622 -0.518707594
-15.728650832 0.571699030 36.047324174 0.563740624 -0.034788908 0.781906159 -0.263835174
-21.360411165 -9.610527027 33.425778867 -0.476302799 -0.636275973 0.576610781 -0.189231436
-20.551692890 -8.775936012 40.172784459 -0.095851954 -0.974118563 0.137380731 0.151762850
-10.554584289 -5.408762243 44.085289592 -0.148804481 -0.376134365 0.423170336 0.810744740
-12.376480193 -4.294247808 48.271938066 -0.486905557 -0.226256827 0.383655647 0.751358217
-24.241202707 1.333350049 42.015346001 0.373648060 -0.390987077 0.699021372 0.467851850
-17.736650513 0.123867507 35.643110307 0.172140366 -0.964494753 -0.199466697 0.018182500
-13.427327444 -10.868475056 45.283312492 -0.382116965 -0.306772059 -0.561111483 -0.667106762
-19.538550903 -9.124764607 31.671292458 -0.183505915 -0.173312987 0.273115013 0.928276024
-23.734620025 -3.047211172 44.881505282 0.865086088 0.474366047 -0.032242365 -0.159885409
-21.959024748 0.705718036 37.750142717 -0.061084433 -0.399974078 0.908741106 -0.102367139
-25.659164891 -5.217629217 38.369961938 -0.008331130 0.417061639 -0.364621437 -0.832491074
-18.729010653 -5.028377879 38.342225152 -0.524130343 0.487698935 -0.592850443 0.368734979
-17.473364739 1.279232592 41.767972675 -0.356499676 -0.474204908 0.470255718 -0.653373742
-13.701568896 -8.364957476 47.773504972 -0.437747144 -0.452041654 -0.735659860 -0.250679780
-14.251538632 -8.866963684 37.269076525 0.097075319 -0.600311303 -0.676561074 0.415292469
-17.490457765 -0.485698252 35.156004428 0.067576179 0.990323509 0.103496643 0.063097170
-16.352930825 -2.204898955 35.603044236 0.978741068 0.106054808 0.104494643 0.141064416
-21.753578763 -2.446563314 45.443855503 -0.282755031 0.401421369 -0.697666539 -0.521700946
-12.727083446 -0.397199990 43.997609496 0.650064905 0.454703955 -0.593237358 0.136855288
-24.753426834 0.296102368 37.825359186 -0.685459409 -0.706815427 -0.068576568 0.160793674
-20.005708421 -11.288669806 46.583182572 0.229877681 -0.517903938 -0.701551761 -0.432153780
-18.028125046 2.164130734 36.817358302 0.022551811 0.842155887 -0.478170451 -0.248229525
-21.373031016 -5.078399329 35.126096042 -0.252818039 0.834041159 0.310953449 -0.379165317
-27.106610350 -6.921401662 36.880707619 -0.257860477 0.429116774 -0.823416870 -0.267116879
-12.316593537 -7.799544714 40.824619394 -0.015099385 0.337252198 0.691243741 -0.638917095
-19.048492704 2.767059671 46.123340248 0.251566151 -0.749873951 0.432904980 0.432431275
-23.292151086 -10.435017168 46.049126899 -0.072168361 -0.613829272 0.327224037 0.714793524
-21.754707640 -0.864168118 36.578476746 0.675907272 -0.656596317 -0.323385723 0.086326766
-18.468207102 -9.494804911 37.017222628 -0.848025288 -0.007016448 -0.325882957 0.417856648
-19.893863925 0.880590027 43.534450235 -0.195276492 0.355919741 -0.628143155 0.663795456
-19.489303672 -3.914648635 31.014672273 0.528527396 -0.763666221 -0.145026874 0.341232912
-27.698500862 -3.388816646 38.607814116 0.047782665 0.445045563 0.670513416 0.591661240
-15.167774858 -9.921317855 33.630641290 -0.201754689 0.699325211 0.113782942 0.676234232
-23.866200201 -1.415155260 34.008807378 -0.331445104 0.726362023 -0.394426003 -0.454940087
-14.279223178 -8.739046500 33.774950453 -0.301719912 -0.438404763 -0.246913503 0.809814843
-15.682995085 -14.397744087 40.802495007 -0.060264394 0.450128858 -0.093210507 -0.886038382
-10.687252511 -7.186144570 38.249333512 0.174793903 -0.955180418 -0.238829978 0.006140166
-15.438945599 -14.449402816 38.034578667 0.034887093 0.848672915 0.014202898 0.527575068
-14.801640052 -7.197198417 34.895599417 -0.474506104 0.815658497 -0.093425980 0.317516550
-23.735319583 -1.787272796 41.144611034 0.351933577 0.549651324 0.756604821 0.039690357
-21.407665643 -10.459324251 44.344446547 0.561814894 0.275382722 0.650212806 -0.430989197
-23.558053189 -8.243134998 35.357966626 -0.326627613 0.210367826 0.297723023 0.872021090
-12.407817859 -5.219195806 36.689010868 0.242327458 -0.659482112 0.150519312 0.695488809
-15.691021961 -4.979402052 38.302358037 0.257878010 0.058538557 0.870041700 -0.416052412
-23.401417377 -13.484856639 40.476295513 0.105099133 -0.337618861 -0.328011240 0.876000173
-13.955015763 -2.319554701 48.199542319 -0.067188706 0.781765711 -0.536284424 -0.311009754
-27.086732479 -5.731731903 38.185999731 0.537386899 0.788335961 -0.122351940 -0.273444211
-24.173698181 -3.413486129 34.438743807 0.353890128 -0.424497815 -0.593557344 -0.585023984
-21.985784923 -13.721647767 40.764225981 0.168375840 0.768694343 0.455510288 0.416255884
-13.408395647 -5.775891089 43.389056151 -0.472317621 0.859063110 -0.067812633 -0.185278398
-20.314632045 1.655994253 37.622363807 0.666770270 -0.171791170 -0.437322104 0.578493369
-19.272431127 2.066368573 38.314529359 0.669695120 -0.573571043 -0.141254490 0.450079853
-10.397324973 -4.926282202 38.066658810 0.594504935 -0.302105621 -0.137780056 -0.732333757
-18.626360214 2.692012530 46.233581664 0.266950850 0.598600944 -0.562407308 -0.504095401
-15.907594389 -7.727683333 45.643506771 0.710372203 -0.071266215 0.233624462 -0.660084897
-12.698762401 -5.195027752 41.462098488 -0.558874859 0.144023163 -0.676497729 0.457457150
-19.389896618 -10.697471782 36.558803567 0.729216192 -0.221953294 0.541501062 0.354622448
-9.761209721 -9.025704634 38.420822142 -0.562531031 0.276516807 -0.703162732 -0.335647832
-9.383356914 -6.714250241 42.399315686 0.263606816 -0.608295573 0.502211703 -0.555221890
-13.709828627 -7.040237926 41.782607881 -0.680438236 0.721982348 0.125236935 0.007810662
-16.073414620 -10.525735018 34.304670419 -0.507732279 -0.436324296 -0.741279796 0.048304310
-13.506530544 -5.474474396 44.016613142 0.774160301 -0.016518617 0.085554319 -0.626963652
-23.684287000 -8.880983260 38.077226644 -0.268815398 0.123246408 0.257551397 0.919899931
-23.725492060 -5.721078277 46.921513639 -0.291213090 -0.047045248 -0.811908354 -0.503772276
-13.634579910 -9.726152138 33.668846979 0.823114695 0.077087530 -0.457337487 0.327692134
-21.679051691 2.490779353 43.994792657 0.422839454 -0.572106649 -0.245629441 -0.658458014
-16.438883959 -6.297120985 41.134556771 0.864543706 0.153788002 0.019148233 -0.478065660
-24.461292609 -3.631913945 36.946644157 0.052394108 -0.814576977 -0.439803150 -0.374556264
-25.244218970 -9.431925127 44.652893045 0.390019604 -0.632802717 -0.345877302 0.572550714
-21.328540531 0.243915855 35.012773993 -0.906387847 0.375827561 -0.035771474 0.189565600
-18.532636242 -8.480735601 38.858513705 0.426725758 0.219544443 -0.756488674 0.444331240
-12.074903374 -7.548967917 40.236857651 0.195183923 -0.422356251 0.641717261 -0.609686305
-18.718666595 -2.729116920 42.381714005 -0.480176743 0.674720146 0.121518944 0.547189333
-19.088533943 -1.021605745 42.494301564 -0.082697751 0.632464769 -0.283682944 0.716012140
-14.673634445 -7.928602378 35.616773783 0.309722975 -0.473088573 -0.678379241 -0.469106049
-19.135589103 -15.003434532 41.940425089 0.738025120 -0.602460852 -0.170317770 -0.251697639
-16.576070382 -3.586796687 42.778241745 0.018863476 0.045516839 -0.538085518 0.841448965
-13.663011854 -0.259832456 40.349901677 -0.297705876 0.443811215 -0.835362922 0.128730750
-20.248660348 -5.329717281 45.447732272 -0.428539821 -0.508381697 0.517341966 -0.538756867
-17.244827536 -2.177947570 46.102828396 0.490446926 -0.198451538 -0.172009496 0.830958202
-15.335154649 -5.380428351 48.787213215 0.686693649 -0.699915323 -0.034982624 0.193252654
-12.586365434 1.794754100 38.380051972 -0.662961622 -0.221103333 -0.696745514 -0.161681455
-11.832480019 -3.467300271 35.459986385 -0.920090216 -0.174832703 -0.333001721 -0.109441188
-24.377242614 -5.014826118 42.180704318 -0.317418910 0.473529531 -0.672057853 -0.472602646
-26.270288518 -1.100826768 38.449981709 0.218864719 0.789245792 0.562019896 -0.115425085
-17.349618521 2.507633978 44.224408965 0.232084990 -0.635107188 -0.727514588 0.116180640
-21.661411218 -8.627720706 48.610063374 0.040193392 -0.706841291 0.692605552 0.138048648
-11.118326496 -5.081117913 36.034390386 0.832129271 -0.216129760 -0.475976024 -0.185190790
-17.006553947 -10.766052289 40.841221828 -0.861383438 -0.345719161 -0.371193539 -0.026686918
-23.604147120 -5.276099286 48.536103058 0.771611154 -0.423424450 0.431998188 -0.196737202
-14.147976976 -7.647450596 34.676358446 0.575198548 -0.184594081 -0.077588545 0.793127779
-10.629166307 -4.613394472 41.460267172 -0.540728067 0.506414568 0.152947388 -0.654037109
-17.366659906 4.075120648 39.547629582 0.157874631 0.820408367 -0.351562897 -0.422385181
-24.352186657 -12.327514015 44.442772905 0.388220622 0.712261288 0.057556183 -0.581941485
-14.850834977 -11.804263443 38.870193551 0.436653040 0.325396352 -0.460246372 0.701159478
-14.883945289 -1.508252857 42.335449870 -0.360713748 0.744660681 -0.432891595 -0.357730246
-14.766874894 -0.255989417 38.063389806 -0.641841790 -0.414660951 -0.505557285 0.400633554
-15.004313519 -10.396353087 46.640662786 0.589989595 0.424453709 -0.052904072 -0.684801055
-14.129934774 -5.558548215 38.379472776 0.388196844 -0.100335539 -0.248131559 -0.881854137
-21.960825138 -0.418809365 39.219510923 -0.547805708 0.688344240 0.017550594 -0.475166381
-20.260121294 -6.828550844 34.138302056 0.022005119 0.188614570 0.902031963 -0.387657913
-23.129115829 -0.435123665 41.598270512 0.160555359 -0.437068316 -0.247223266 0.849749328
-14.400543782 -1.302188963 36.142676942 0.722903576 0.111442908 0.215207409 0.647052293
-16.901836549 -5.191292737 33.277297039 -0.487746087 0.697551787 0.242849686 0.465348568
-20.392065697 -11.236460936 41.832947866 0.051414171 0.320491457 -0.369360503 -0.870755205
-12.085042292 0.739695990 43.494798134 -0.199626482 0.046440779 -0.846537484 0.491290963
-20.744998744 -9.882025777 38.950557931 -0.825144305 -0.251850136 -0.472962476 0.178927029
-17.796473966 0.189838316 41.762641835 0.638015606 -0.302034876 -0.689046563 0.164090997
-22.779546292 0.073182604 44.665169049 0.777286789 -0.442162071 -0.294464069 0.337059137
-19.353118031 0.871461381 36.351936972 -0.603204464 0.021200367 0.129744673 -0.786677341
-10.910649788 -3.372870188 37.826936414 0.019711217 0.038117807 -0.329606774 0.943142553
-19.543346280 2.345259194 39.980390361 0.074881986 0.159731466 -0.839616505 0.513734047
-22.362006936 -11.736769610 34.954056992 0.266051219 0.710601547 -0.169073339 0.629028136
-26.926456605 -2.082663240 42.111708711 0.508506890 -0.186205508 -0.813169891 -0.213314276
-11.852397360 -11.015700989 45.063607455 -0.091793745 0.808933224 -0.400607583 0.420374252
-14.480418666 -10.982593725 35.127515908 0.222674242 0.743000923 -0.204190226 -0.597220363
-13.762344423 -2.302452504 35.355813814 0.104893698 0.233763425 0.431156128 0.865133728
-18.556920730 -0.808474766 39.356857280 0.053270217 -0.095613005 -0.426126970 0.898017952
-20.962845352 -1.878945449 34.058297087 0.137894949 0.730001662 -0.460281991 0.486027823
-25.243793304 -7.762342968 46.976968089 -0.799111869 0.320981869 -0.306427469 -0.405577448
-9.275039060 -5.066308181 39.341297754 0.253605545 -0.687392376 -0.618519464 0.283918337
-24.339360363 -8.308530855 33.558044594 -0.287572970 0.254795541 -0.548159680 -0.742901060
-19.889498820 -12.148461764 36.661293188 -0.018361738 0.666710839 -0.652182100 0.360302668
-21.611764296 -14.367612988 38.593919779 -0.455873560 0.233137634 -0.858166753 0.037093999
-16.842469981 -1.092010281 44.234706162 0.458924128 -0.181750396 0.073708323 0.866557858
-18.208130618 -9.506850332 38.348422243 0.693912262 -0.638254138 -0.325917032 0.069967964
-13.824088616 2.240523469 43.822694564 -0.532393269 -0.828353453 -0.167383762 0.048689226
-20.879526982 -4.240460029 35.284734352 -0.537265154 -0.360251719 0.521758087 0.556177446
-20.845573317 -7.524664774 39.346193795 0.623923042 0.602019919 0.374221201 0.329014509
-11.541420070 -10.842586394 38.308172709 -0.060425506 -0.689845219 0.696470016 0.188127211
-15.819267523 -2.283341613 34.839136487 -0.358200507 -0.247214537 0.164094140 0.885240353
-11.829777792 -4.785880122 45.683798077 0.196200624 0.119186510 0.862947099 0.450135753
-21.480315416 -3.701964361 31.976808029 0.105830146 0.433030844 0.545122973 -0.710017755
-15.395620126 0.174725598 47.916427309 0.595326108 0.121892200 -0.734845487 0.301216245
-14.018584166 -10.989903268 33.615352985 -0.834296914 -0.141455904 -0.406620547 -0.344381499
-19.023186822 -12.231344847 33.987878641 -0.210708060 0.239195869 0.609298048 -0.726046375
-23.044767296 -6.700803369 45.445479748 0.107294423 0.282368986 0.316313997 0.899278109
-14.337120712 0.422775071 44.889128643 -0.190940371 -0.953087963 0.010030471 -0.234658260
-20.896526691 -3.321909399 41.280612361 -0.281524132 -0.359421873 -0.097791534 0.884305884
-24.071319930 -10.258831846 37.646136878 -0.016148461 -0.909991397 -0.129277222 -0.393627088
-16.079299044 -7.705600455 38.960259947 -0.781933209 0.087789017 0.517974894 0.335522807
-12.089730188 -3.823759165 47.447532740 -0.262940757 0.802161795 0.452403627 0.287627487
-16.197222154 -2.735798535 49.443142196 0.808289838 -0.211011737 0.544465940 -0.075487906
-19.598472474 3.513191435 39.268266556 0.125598960 -0.446720588 -0.195976461 0.863862746
