-31.260731263 -21.347223708 16.388117940 0.280730860 -0.871204008 0.311660859 -0.255071106
-33.228408796 -20.829328397 22.324816680 -0.733763185 -0.387805610 -0.418876696 -0.368430062
-29.074391871 -27.045679526 22.564766957 -0.587132581 -0.389017349 -0.425715120 0.568073474
-22.673602159 -19.348239602 28.898258669 0.450680992 -0.631408647 -0.444729704 0.447688791
-29.992400202 -18.199248486 16.958811076 -0.726365589 0.201413306 0.497658033 0.429141228
-21.614133338 -24.603101692 14.763327250 -0.700127252 -0.484725891 -0.473402334 -0.225283979
-27.553554560 -20.467593158 16.454905847 -0.208510769 0.061546550 0.063316611 -0.974025815
-20.455031518 -28.863379567 24.187504097 0.101409392 0.792422341 0.461306271 0.385978617
-25.854384265 -16.594731600 14.343158863 0.542130020 0.406086753 -0.586962671 -0.443467488
-27.210538936 -19.497696776 16.796071081 0.585860903 0.655092088 0.467836847 0.093541661
-30.121770514 -24.657072954 27.228145888 -0.357255638 -0.452976585 -0.615601719 0.536856728
-24.698026586 -29.366093089 21.175287881 0.788193663 -0.512462512 0.232321372 0.249318478
-26.714355586 -23.942213279 20.831023564 0.034074324 -0.984981910 -0.067205271 0.155348091
-20.729802151 -20.425269134 15.024886739 -0.125516797 -0.047385070 -0.900606922 0.413409435
-32.346230700 -19.234904410 21.923776815 -0.415654001 -0.058094150 0.613213435 0.669198105
-19.172817456 -20.838488895 15.117871189 -0.477661646 -0.637705662 -0.294333749 0.527767453
-29.417119676 -20.964631656 19.899601749 -0.148275172 -0.964417486 -0.114531062 -0.186536919
-28.185114416 -14.042590977 19.538725569 -0.572209420 0.441635698 0.393283496 0.568209804
-25.809386952 -24.782430924 13.959982962 -0.870453863 0.332371449 0.242281835 -0.270441869
-18.725016339 -16.167188243 17.056327473 0.570878744 -0.527184810 0.064843645 0.626074227
-18.950247206 -26.832495752 19.420307113 -0.887062111 -0.370727590 -0.196711623 0.192318494
-19.679042806 -19.464139132 16.020170456 0.329523489 0.013600470 0.680970573 -0.653841247
-17.647928644 -14.163689405 21.522936584 0.092258810 0.983703870 0.085804925 0.128267387
-19.795394719 -21.224434807 27.123603669 -0.692359145 -0.054164381 0.283202850 -0.661438720
-26.948889710 -30.832099085 22.456328406 -0.268175583 0.202689176 -0.941732340 -0.011796363
-25.957747007 -13.646623827 25.214493695 0.321742568 -0.120729629 0.574841866 0.742605484
-23.033791696 -16.115451571 22.862160988 -0.857165198 0.216488342 0.041604965 -0.465477871
-18.138765981 -28.024627335 21.137923178 0.194543462 -0.786383490 -0.325312535 -0.487776182
-25.697793895 -25.388785876 18.914580918 -0.943156897 0.269356930 -0.026596436 0.192858865
-25.960032013 -25.311375609 20.799413279 0.370540415 -0.810668750 0.447865024 -0.070234603
-29.212327315 -19.534175928 27.303161929 0.983368375 0.152193391 0.056838238 0.081198679
-23.762052810 -20.927245740 28.988722905 0.564241038 0.187316407 0.351725890 0.723072274
-22.663318571 -16.666890013 15.992606714 -0.003590078 0.133439957 0.821258255 0.554721342
-19.967508694 -19.331326459 18.268561258 0.757646359 0.278158760 -0.518274046 0.282828062
-17.842994419 -17.608804506 16.719437628 0.763554396 0.351906775 0.477363276 -0.255481133
-20.140067079 -23.009216248 27.669955769 -0.648389582 0.362151452 0.285696354 0.605652432
-18.132312662 -17.775431989 16.557730994 -0.297975282 0.728526238 0.380923065 0.485136961
-26.734760286 -23.910200004 26.208802182 -0.629594477 -0.705879838 -0.313515750 0.083978108
-25.719542296 -18.160571541 16.312077193 0.259720546 0.456554240 -0.781317001 0.337116015
-20.456717407 -24.481128197 23.028286787 -0.284707737 -0.542292649 -0.692704356 0.380816049
-31.249512009 -24.180504444 18.131490712 0.243058769 0.244648621 0.740541303 0.576773842
-22.907435503 -17.846508764 26.634530227 0.602051496 -0.388555746 -0.410077734 -0.564264726
-28.512521288 -26.354461860 26.063527305 0.737958385 -0.064342615 -0.214003470 -0.636773087
-25.525109640 -27.070415625 19.952218324 -0.287699807 -0.529300974 -0.773325002 -0.197579707
-29.112262599 -24.154179950 14.051646148 -0.930006902 -0.329083035 -0.147498843 -0.070962024
-24.610441089 -25.210013785 26.724832721 0.214080486 -0.945683206 0.042469329 0.240933964
-29.085286535 -16.611270023 26.710536216 -0.380698015 -0.538611265 0.295351910 -0.691183171
-19.699040770 -22.352953391 13.940131630 -0.505053756 -0.775443926 0.345114645 0.156535307
-29.098576045 -17.247696253 19.517468875 0.021398330 -0.574123335 0.175135777 -0.799532343
-28.514064466 -26.133912726 26.101158566 0.506166772 -0.073352603 0.467530594 0.720992190
-21.817290749 -19.252283374 27.509745953 -0.536494522 -0.511876809 0.634949377 0.216783413
-28.519370315 -21.840702732 13.173887843 -0.565408517 0.395957872 -0.716247811 -0.102565324
-26.726574143 -20.440750033 20.004673907 -0.357430424 -0.096962844 0.923155112 -0.103084132
-31.126622094 -24.712931983 28.198764190 -0.530288952 0.601432873 0.536672058 0.262783616
-20.519392388 -14.890635662 25.748238992 -0.309065919 -0.598370106 -0.079361012 0.734937619
-30.691963685 -20.794071380 18.620580434 0.321411819 0.621742645 0.582445253 0.413386084
-31.343335407 -20.716126812 21.104399450 -0.010235019 0.392918710 -0.811198567 0.432974614
-24.902660332 -18.672882050 25.025618194 -0.273606618 -0.740014188 0.494584806 -0.364560405
-20.735545291 -22.170280298 13.757505513 0.567768574 -0.594313271 -0.326852727 0.466473876
-29.150973346 -14.683242500 19.227160238 0.120688947 0.662343622 0.727171363 -0.134003412
-25.802528003 -21.121682198 18.362987391 0.525125534 0.634075271 -0.060839253 -0.564349456
-24.850438269 -28.240791054 23.200186096 0.289999943 -0.152760943 0.621556283 -0.711499764
-26.355086333 -22.147842424 15.821572056 0.246387227 -0.555420996 -0.207045390 0.766767929
-22.111751521 -30.976927819 21.564700841 -0.266340347 0.059586876 -0.532589507 0.801162057
-20.393210024 -22.370477748 28.986605675 -0.817375297 -0.537479033 0.042384283 -0.203020898
-18.538428684 -15.695847980 19.348581536 0.226567172 -0.666935849 0.669450145 0.236009309
-23.092737732 -18.979230811 28.172865185 -0.926434744 0.052246878 0.298325405 -0.223586405
-33.403434051 -20.682874703 18.679415954 0.494365003 -0.210316789 0.377204484 0.754378466
-17.540433110 -22.446347047 17.974472536 0.361882383 0.499096962 -0.493156017 0.613791908
-21.850202001 -19.555955748 27.765786075 -0.099632889 -0.380577062 0.350109706 0.850092690
-16.381343061 -26.018234206 24.417735235 -0.693794310 -0.593536182 -0.292712224 0.284048955
-26.112976826 -26.016170936 27.606146069 -0.247501606 -0.468324880 0.209435918 0.821919313
-28.771391877 -20.021692060 13.345609001 -0.317816785 -0.809342052 -0.173877893 0.462303377
-18.275488956 -16.830361453 25.805792355 -0.018174646 0.075570563 -0.996737858 -0.021735114
-28.253756320 -19.752497629 18.298035307 -0.387819907 -0.219265235 -0.850809302 0.278643154
-24.436383414 -20.327523278 19.439959633 -0.481781540 -0.803901491 0.284456985 0.201775033
-20.929023259 -26.095340992 19.683213745 0.020802124 0.256242033 0.387012304 0.885510457
-28.292867004 -20.638520934 29.155101505 -0.765991530 0.457309264 -0.451372207 0.019706414
-25.927266314 -14.523575373 18.965756262 0.046874080 0.568881323 0.006098762 0.821060087
-27.563238631 -17.865318928 23.586679620 -0.385134360 -0.584538101 0.465009307 0.541989924
-16.306926785 -22.642487428 16.340187347 -0.676443098 -0.590267635 -0.436702879 -0.057440832
-21.569892197 -25.662165532 15.885963457 -0.359072974 -0.113550418 -0.062207185 0.924285220
-16.617380500 -25.245283939 25.878586450 0.132957557 0.677285890 0.378415897 0.616771855
-26.097500030 -14.027412803 21.400244329 0.053199265 -0.587190892 0.480890347 0.648938493
-27.205723153 -22.018788931 20.291314444 -0.603740420 -0.128647586 -0.739595011 0.268228492
-24.858312566 -11.794491021 20.595589901 -0.672258164 0.199514558 0.376847675 -0.605184874
-21.804678594 -22.882874085 18.021471765 -0.722160365 -0.081549432 -0.479804943 -0.491549910
-25.601368924 -26.808999006 27.284945673 -0.624998637 0.115070313 -0.441056553 -0.633722845
-22.604657052 -20.767470541 25.359596432 0.443007663 0.222923334 -0.641427519 -0.585337625
-16.931755073 -18.817864797 22.220732588 0.915046963 -0.173403022 0.272281157 -0.241833452
-23.581044090 -13.457391308 24.796898368 -0.341006177 0.477908512 0.734079034 -0.341242162
-20.719050312 -20.492235261 20.936743595 0.403722332 -0.630940571 -0.620028546 0.233424240
-19.017942234 -19.590395165 22.908578126 0.268666351 0.077695085 0.959607967 -0.030568216
-25.927362220 -27.394846759 20.479717608 -0.812763816 -0.053582332 0.544148865 -0.201111724
-21.103181212 -20.491648616 29.602537055 -0.754625965 -0.286616907 -0.266587241 -0.526613373
-19.829018370 -15.451419614 28.769052307 -0.421064018 0.063833472 -0.899208854 0.100268721
-28.182172439 -27.970407121 25.149055802 0.101108604 -0.433881745 0.518677920 0.729723850
-20.676725684 -22.771787479 19.746825453 0.694694187 0.549157564 -0.344424893 -0.311765054
-32.106684009 -23.766539311 20.039719692 0.719266499 0.616993933 -0.196446261 0.251759917
-27.948203928 -24.076756731 30.030923000 -0.038410402 0.068293090 0.774485862 -0.627719956
-26.749213362 -19.110389360 14.439810239 -0.937949138 0.337915611 -0.045470097 -0.063221242
-28.249743799 -13.022478776 18.796651753 -0.631398044 -0.605923833 -0.363773025 0.319158276
-21.603162230 -25.044081007 23.435819353 -0.812918082 0.163862102 0.066971955 0.554822639
-19.281501296 -14.335138844 23.637561204 0.635633041 0.105921098 0.242802514 -0.725119506
-23.881828960 -20.497952535 20.238800646 -0.573169974 0.720441204 -0.165184544 0.353772129
-29.651062075 -25.538841838 21.235675230 0.283984468 -0.347994547 -0.888614287 0.092829232
-21.632435026 -23.117807387 22.546395822 -0.381563643 -0.350557111 -0.695234300 -0.498164798
-28.245097627 -21.188712961 26.765189363 -0.497655601 0.813256469 0.084918964 0.289381388
-21.358612520 -21.169957063 30.217280580 0.295556578 0.602360868 0.601837733 -0.433127045
-33.287147992 -18.898595906 21.780339375 -0.049156657 -0.536326886 -0.801201100 -0.260794732
-23.278710044 -13.430731792 26.746784068 -0.571533634 0.470954121 -0.232173177 -0.630592688
-27.992630346 -21.205500991 31.132670175 -0.295990303 0.356190488 -0.508828986 -0.725679778
-23.632999439 -17.800707155 25.158473920 -0.274486848 0.403134160 0.619103185 -0.615508786
-24.991530728 -22.893077546 15.997177574 0.040134423 0.285647049 0.003298641 -0.957488439
-24.651606682 -26.160498978 23.953000243 -0.742512155 0.351834354 0.561035437 0.100635608
-24.559980396 -21.699958637 14.776559173 0.502706266 0.324212198 0.739859449 -0.307864999
-21.240929079 -30.054239792 18.201814752 -0.057773765 0.141422719 0.986331123 0.061747243
-29.917298371 -22.561207999 24.504038336 -0.776603454 0.575173811 -0.251592530 -0.052567683
-27.089362116 -13.903686854 16.868931529 -0.608555725 -0.784632784 0.115929775 0.023908402
-28.323518736 -23.195689991 15.025298766 0.070105600 -0.626541242 -0.340288505 0.697663967
-18.278410190 -27.057730133 23.968643410 -0.063727648 -0.117053501 0.424787455 0.895428882
-19.983965195 -24.276968800 18.967971477 0.518012953 -0.309229309 0.726316242 -0.329400261
-19.761101557 -20.977622230 23.204179928 -0.693654531 0.643735928 -0.319899650 -0.045952809
-31.350364663 -15.765067634 23.478982236 -0.386405155 -0.441088183 -0.629820468 0.509370641
-22.302862103 -27.484048075 27.614960254 -0.289590064 0.597605305 -0.404272486 -0.628942963
-26.872762113 -24.000221342 23.392639741 0.472430202 -0.593445649 -0.234121519 -0.608127520
-29.266144873 -15.902311070 22.200790592 -0.472875075 0.741202499 0.375582582 0.293165044
-25.229644919 -20.539066717 23.080521773 -0.601425265 -0.624282364 0.283332245 0.410221913
-23.347730124 -20.484956663 12.400963309 0.087434222 -0.232279545 0.959108360 -0.136061105
-28.739308983 -27.262267642 18.662746425 0.042198683 -0.743484599 -0.313763284 -0.589069201
-20.529246063 -20.147578284 27.543642911 0.491418199 -0.642562496 -0.503475177 -0.303536387
-18.020563437 -27.724507726 26.100967641 -0.609085805 0.116001486 0.782608278 0.055519543
-21.539018875 -26.099400613 23.150415932 0.494705917 -0.074489666 0.852724511 -0.150260621
-24.348084122 -24.542359952 28.410840315 -0.412201662 -0.779269691 0.461479385 -0.099324299
-25.308511827 -23.202079448 26.221317469 -0.177048001 0.717101057 -0.622380812 0.258963711
-25.594618914 -15.828540514 19.528312384 -0.368000054 0.430405837 0.588812715 0.576737689
-21.312542861 -25.610042118 13.985109324 -0.218987761 -0.468508676 0.838839915 -0.169975227
-23.066061385 -24.316259527 18.467413535 -0.676619597 -0.081695623 -0.728245540 -0.071903962
-23.642945686 -23.612722460 30.152674728 -0.383054305 0.672770315 0.166029597 0.610805759
-19.322175741 -13.569263668 25.702454175 0.727630360 -0.146724267 0.262299026 -0.616624091
-29.483348044 -23.751228645 27.672051788 -0.532723867 0.432749720 -0.698358119 -0.203049009
-25.589020546 -29.527001154 23.087663302 0.175077881 -0.586768935 0.770036170 -0.179148680
-30.000390122 -28.940757572 21.483881909 -0.228786358 0.501091018 0.727747969 -0.408592080
-23.101400338 -12.907250092 17.739148708 -0.500819649 -0.742894201 -0.013303030 0.443971750
-27.251486312 -24.116280466 20.604699879 -0.475115756 0.341852574 0.703946251 -0.402320161
-23.787372457 -25.846202685 28.118421618 -0.720549781 -0.180140838 -0.378827997 -0.552129189
-19.759149653 -13.966585629 22.193027837 -0.463026575 0.244573648 -0.749731523 0.404589627
-28.542522781 -21.782556783 14.871856049 0.006695797 0.375351689 0.639336992 0.671054756
-22.830381212 -11.588199106 22.638500375 0.315116246 -0.208352296 -0.156132835 0.912641008
-15.548477858 -19.223247037 21.032752074 -0.326557325 -0.205998957 -0.487370759 0.783195050
-18.338223644 -24.934444685 28.308081607 -0.441189072 -0.354627700 0.151616601 0.810310930
-24.346082876 -25.069501770 29.889462788 0.677307877 -0.059238862 -0.487589617 0.547723618
-24.988749253 -25.780387181 23.828765407 -0.971223530 -0.210950913 -0.039015266 -0.103452287
-23.817829789 -26.252777697 19.075573717 0.937133693 -0.189533638 0.058671555 0.287080285
-21.443167392 -14.294304841 28.433859065 0.447666032 0.493686066 0.594393000 0.450073498
-31.977933733 -21.695037847 24.004860792 -0.241885495 -0.520963337 0.617170846 -0.537762732
-22.355267531 -22.699608744 29.059265813 -0.552101573 -0.730917371 0.300457174 0.265836672
-18.566967687 -14.124983236 21.583539525 0.318286371 0.881621869 -0.348395267 0.007576524
-21.195584568 -20.554483785 13.689908376 0.557408755 -0.466904485 -0.660665257 0.186593406
-21.404495302 -17.807314077 28.977085885 -0.566269432 0.315940006 -0.755765465 0.091320339
-21.853796585 -19.593679066 15.686258825 0.610758837 -0.772367537 -0.170764342 0.035518588
-26.231801385 -18.101114552 25.159908485 0.559276643 0.073003768 -0.825201799 -0.030365716
-28.057519275 -25.237916280 23.315282268 0.671084032 0.661561822 0.269853650 0.197891853
-24.254800239 -29.607211083 18.700221056 0.085466832 -0.764862818 -0.461048288 0.441717971
-29.664461539 -19.640832079 25.957060607 -0.918919274 0.346949424 0.177223446 0.061687233
-30.552325899 -23.918819270 24.803104726 0.593737376 -0.478708901 -0.327911922 -0.557483173
-22.058933897 -25.382285556 25.299984780 -0.305300101 0.716622393 0.081980048 -0.621710114
-19.791742563 -25.409669786 16.922968470 -0.105177842 -0.039220776 -0.673527344 -0.730588988
-27.406703395 -24.065019076 17.855141208 0.457214728 0.172300567 -0.689763876 0.534315451
-19.683785847 -22.687837906 30.816435148 -0.064259072 -0.355481604 0.932338764 -0.015748987
-29.480898155 -20.424901425 27.800670259 0.568070710 -0.635196400 -0.404340156 -0.332159961
-20.334773965 -28.949537945 18.206441968 0.267011893 -0.603119560 0.164353528 0.733443497
-27.955671817 -25.324075529 28.731494470 0.409013582 -0.745667333 0.460766361 -0.253737027
-30.447017292 -19.272221362 15.214827090 -0.562703227 0.387629376 0.095777596 -0.723833681
-22.150579390 -25.573103183 28.153738531 -0.772805092 0.059324921 -0.501008667 -0.385023584
-22.279725655 -18.606942126 17.338197129 -0.377496614 0.294204856 -0.590189807 0.650089071
-28.311803541 -26.848005538 27.266493396 -0.804873614 0.507103949 0.152262901 0.268029961
-19.725347030 -25.319842027 26.784439394 0.720623785 0.151522748 -0.425324633 -0.526156986
-29.199130680 -29.059618187 19.655282268 -0.345767390 -0.632858057 -0.679728428 -0.133809028
-27.962399842 -13.619909941 19.539860529 0.547602870 0.772249888 0.043821393 -0.319125199
-18.061903920 -21.952828799 16.720699988 0.295535952 0.472090468 0.828774111 0.054060740
-19.106899990 -13.709427811 19.871441535 0.236057415 -0.570029779 -0.610684949 -0.496393837
-31.828872866 -17.261525285 19.904336294 -0.225739376 0.041481811 -0.097604383 0.968397841
-19.933726080 -19.814855781 14.733940489 0.872602988 0.298994353 0.332274426 -0.196875869
-18.009412091 -15.493091062 22.267494499 -0.455019249 0.013287338 -0.858537219 -0.235997401
-24.404358057 -18.585862609 29.682980301 -0.597255773 -0.578365680 0.255000039 0.493714151
-22.392984885 -17.105041838 16.916640786 0.345401825 0.064260522 0.733794493 -0.581475542
-25.934581383 -23.199976273 26.735991355 -0.682196805 -0.010626514 0.694884955 0.227221250
-25.556976513 -16.888816629 22.878779695 -0.135583264 0.414448946 -0.294327139 0.850423885
-27.311319773 -28.144492151 24.611404260 -0.659059638 0.601595213 -0.250814375 0.375254237
-18.805295325 -20.174421599 20.212282636 0.107092460 -0.394686692 -0.461406777 0.787310235
-15.989153448 -19.517605256 27.029278545 0.459567563 -0.340204452 -0.712804005 -0.406163805
-26.534193717 -22.198997883 22.180217754 0.475288395 0.070174537 0.493267012 0.725164898
-20.808752527 -21.035205058 24.222473586 -0.200890050 0.866985125 -0.392347720 0.232472034
-29.608976611 -16.558105555 16.351544585 0.188704320 -0.085903061 0.872943156 -0.441567197
-16.572406925 -21.094335116 26.224148870 0.102689497 -0.422148445 0.716071016 0.546340422
-24.330052397 -13.322199930 16.426849596 -0.104333972 0.645712759 0.747859306 0.113472083
-25.389868996 -13.025573313 25.936435640 0.094001823 0.391620855 0.862877805 0.305350056
-21.768999968 -29.525602142 22.180182204 0.572535670 -0.734084514 -0.166024699 0.325205524
-16.318670321 -24.470835327 21.731593346 0.488993771 -0.558121289 -0.635156081 0.214388599
