7.701978418 -18.021169999 32.464620099 -0.441840802 -0.795444189 0.372446627 0.182561655
0.921667626 -29.502890876 33.630192492 -0.802640826 -0.172701239 -0.102381010 -0.561658362
5.956466333 -21.302236144 22.484682766 -0.990197401 0.097648867 0.048555758 0.087270529
0.736505061 -28.861180253 26.482365483 0.220813478 -0.822742778 0.249223667 0.460676994
2.239246490 -25.680764788 30.774084552 0.140790027 -0.405696866 -0.024240465 -0.902773848
11.445291551 -23.189512717 26.442411362 0.051381648 0.146412723 -0.796553185 -0.584316921
8.675796097 -14.965117951 31.824073735 -0.435189549 0.233610696 0.532189924 0.687611798
10.955458156 -24.895915157 33.951598454 -0.466469789 -0.654483090 0.000189461 -0.595027549
10.803368028 -26.050424394 30.886776055 -0.266964937 0.059446740 -0.772242777 0.573443023
1.979854595 -23.399773755 28.844454759 0.081065022 0.011009479 0.987875661 0.131942910
0.340792903 -22.404320009 32.414725122 -0.389876685 -0.318682273 0.781072390 -0.369274561
-4.832528050 -22.069636329 33.427555313 0.165868760 0.717856819 0.615440800 0.280003149
6.788058251 -19.971933341 34.275787571 0.149415677 -0.816905790 -0.547917729 0.100628263
1.633977550 -28.084519025 30.939483554 0.156806499 -0.951636172 0.156691503 0.212715985
11.272884520 -14.581343009 29.486442474 0.111059381 -0.181302177 0.624915565 0.751182981
0.153919973 -23.721416995 27.433812205 0.240195555 -0.318133282 0.914576331 0.068172176
12.228051899 -19.829343664 33.164989804 0.220983037 -0.137432784 0.892631542 -0.368086482
-4.386832944 -19.931293755 29.221569472 0.104899547 0.609054468 0.741074745 0.262406102
0.943663149 -23.340993853 26.685783166 0.798813517 -0.244886235 -0.461231189 -0.298652786
0.619684171 -22.361485210 36.851259921 0.699891408 0.496375022 -0.284905655 -0.427308580
10.841593517 -23.002963401 23.775487530 0.654442013 0.118186566 -0.736365464 0.124513015
7.776789798 -21.389614734 25.438703898 0.316576540 -0.901809161 -0.212501441 0.203378142
-3.102807226 -17.772345055 27.108633017 0.065942943 -0.578797901 0.543886823 0.604012948
-0.774088879 -18.307306989 25.093426759 -0.366668089 -0.409099767 0.819913442 0.161039876
5.825936496 -24.296821058 23.475663469 -0.352707763 -0.215244119 -0.233771352 0.880123945
7.165422550 -26.197582986 36.112773949 0.649549898 -0.723196284 -0.193119800 -0.133329695
-0.483069746 -22.081236107 23.797113573 0.353482859 -0.809789209 -0.320478890 0.341444852
8.067074498 -15.631179192 25.822774378 0.541021381 -0.758614431 0.271022693 0.241550637
9.716387182 -19.170907507 35.541097498 0.075942396 0.433963811 -0.189638818 0.877465260
2.319941543 -16.101389457 34.797133003 0.491302822 0.074880229 0.216921062 -0.840214104
8.630275672 -26.022414914 25.742117452 0.518993455 -0.853893643 -0.002918445 0.038767542
3.560463623 -15.254445919 38.809594872 0.757873978 -0.194964802 -0.601339176 -0.161266718
2.034638923 -28.208208922 26.333325252 0.656679260 -0.435012796 -0.021895892 -0.615675877
-5.270528315 -23.326850880 31.236108101 0.525402245 -0.219251992 0.415912502 -0.709152900
7.650075678 -15.475107535 34.927089440 0.153745284 0.828093913 0.233590148 -0.485858521
8.300811845 -22.503707211 27.370560979 -0.795510883 -0.251363621 -0.460814323 0.302702699
5.491532530 -16.892387934 26.189669322 -0.521853020 -0.028297850 0.305458066 -0.795967353
-0.681411620 -27.844987531 35.284132161 -0.160054581 -0.823329332 -0.045067922 0.542660322
11.500655474 -18.829328727 36.152738688 -0.517733654 -0.819755063 -0.208993440 -0.127574457
3.254073976 -25.312248279 36.088695225 0.043541569 -0.713792664 0.681111569 0.157134322
-2.587458340 -22.056647351 29.277720970 0.541804340 0.534522154 -0.531689263 0.371538223
2.090357804 -21.894921735 33.107829727 0.545610608 0.617226580 0.068833285 0.562674322
-3.726634392 -16.511294333 33.664288026 0.695575969 -0.638415171 -0.243819693 -0.221702726
-0.002819199 -25.373017030 26.103604726 0.724502273 0.139181719 -0.623299682 -0.259272852
1.660037218 -28.157226535 36.518713377 -0.327269330 0.712591188 -0.050420687 0.618519473
9.557264045 -16.005953337 27.921170557 -0.034091624 0.773010465 -0.489198519 -0.402464149
5.688492950 -15.120777041 34.869760310 -0.837524221 -0.125927515 0.394273709 -0.356712324
7.551215694 -18.187491481 26.125485209 -0.236967472 0.318619499 -0.054822553 -0.916145469
1.267940534 -25.409855389 23.953055076 0.413635697 0.353573822 0.837615007 0.047876528
2.288702725 -15.175326290 30.469396453 0.004402466 -0.760789684 0.447838689 0.469702228
6.644299732 -23.608907914 31.735384208 0.188817251 -0.834577628 0.391676014 0.338257488
-0.058753307 -26.056739940 37.395987030 0.344484295 -0.317012136 0.584386552 0.662816893
6.492141359 -15.837759159 37.338375796 -0.763666446 -0.509413761 -0.301490912 0.257709932
-0.812599928 -19.490566463 24.934931407 -0.237686210 -0.138026638 0.430316056 -0.859815099
4.749072931 -20.226970894 35.465285400 -0.107709491 -0.651285810 0.002923865 -0.751143735
6.752780362 -28.385643050 33.240680073 -0.020212745 0.569634784 0.804421060 -0.167375076
2.933481976 -19.468735696 29.377216588 0.767425966 -0.312695296 0.554686089 -0.074849054
9.094175425 -18.883158924 31.625022536 -0.488241296 0.488028129 0.181761462 -0.700294048
2.802273163 -15.241702614 34.061979564 -0.668454901 -0.239307638 0.156150701 -0.686670851
8.432711768 -20.823464556 24.828150792 0.644459405 -0.529355094 -0.499442734 0.234546826
10.888471679 -23.447056355 32.528584822 0.241195053 0.167740051 -0.785827412 0.544209060
-0.975985414 -22.157367945 33.063493979 0.110476087 0.501993284 0.857368675 -0.026771859
1.040731670 -27.386473357 24.310288704 0.213588020 -0.407907231 -0.673503136 0.578260645
-0.102144755 -24.026592779 26.946303340 -0.183867687 -0.058612196 -0.376446296 -0.906115594
3.019921359 -14.201363185 25.938402681 -0.057753709 -0.226115509 0.425886972 0.874160496
-2.310766970 -26.971299750 27.286229224 0.074377554 -0.705565843 -0.057235198 -0.702402273
-2.403273927 -26.772910020 26.707989780 0.578827965 0.275834589 0.718893104 -0.268451432
6.412112338 -20.870149944 39.938742314 0.025586329 -0.678579683 -0.434491992 0.591685442
7.871296529 -18.178337153 22.385855128 -0.379712549 -0.398522708 -0.523737809 -0.650151320
9.275293061 -19.330096123 38.067349941 0.684409759 0.383949775 -0.615631648 -0.071857687
4.703285689 -25.344239064 27.074218314 0.419048117 0.096513203 0.676783352 -0.597535080
0.764813178 -18.656797234 39.640725950 0.328172960 -0.001916012 0.457594258 0.826381469
-1.642024609 -20.398274195 28.930434885 -0.075473387 0.758450622 -0.006200554 0.647315977
8.997632099 -17.974961316 36.566800759 0.494563371 -0.253084081 -0.710457823 0.431978242
12.299083019 -17.264786505 27.713512806 0.726257733 0.119662411 0.539894238 -0.408344003
-2.867173432 -18.956414471 33.419558938 -0.203345368 0.819227341 -0.068964427 0.531752887
0.442419841 -29.967431669 32.291083252 0.500246974 -0.514692799 0.189370300 -0.670062070
-0.691603839 -17.809238375 24.306221398 -0.823988900 0.308091639 -0.294016824 -0.373732446
0.913732707 -22.053723179 33.624358712 0.160316236 -0.633005380 -0.243529825 0.717144419
5.816547559 -16.129097263 38.605739970 0.029164506 0.476831547 0.042878174 0.877463714
11.043541655 -26.091623267 29.871595139 0.104163725 0.495640053 -0.807611516 -0.302083590
5.601839597 -19.826989746 38.637997542 -0.817660234 0.202222387 -0.257998407 -0.473259621
1.592578069 -18.946935902 39.560110433 -0.179412794 0.493011204 0.697191489 0.488543786
11.982216197 -24.000362542 31.337733337 -0.226305595 0.084850355 -0.968206451 -0.064517146
-3.344025077 -20.944586238 33.873097320 -0.421940686 0.627916202 0.053490984 -0.651786787
2.094422326 -20.865871940 35.873532848 -0.526239883 -0.182422683 0.080577396 0.826620127
1.335626997 -28.783334851 31.459859523 -0.831490188 -0.546659042 -0.077560538 -0.061419228
0.284063928 -22.883571256 34.809254631 -0.037259799 -0.320739695 0.066338666 0.944106422
-1.216529210 -17.147751274 28.063523365 0.564252473 -0.813704234 -0.078236745 -0.115687418
5.034237534 -24.482580435 39.574915933 -0.393617620 0.390711971 0.095188141 -0.826648984
10.072452110 -21.358278888 24.224993950 0.645208655 0.046200561 -0.762515461 0.011894167
3.740235635 -25.873072579 23.876234575 0.308986940 0.645854643 0.257619424 0.648869080
6.410384241 -18.048930893 24.088621806 -0.459610658 -0.588501280 0.346239009 -0.567928548
1.475309966 -21.991846774 22.150065237 0.145865121 0.160854488 0.593177723 -0.775235055
8.488172412 -27.011015311 35.181893915 -0.772804667 -0.157248176 0.579408958 -0.205745513
-1.463554399 -16.732211552 30.626112413 -0.001374226 0.325448980 -0.666376873 -0.670837488
5.354188383 -12.352541181 32.032125061 0.417683512 0.465869849 0.047841590 0.778599351
6.845250790 -19.251894695 38.699125248 0.918577848 0.335138340 -0.204808448 0.044164806
6.383102801 -25.485640547 26.133375995 -0.427086623 -0.227196160 -0.872983416 -0.062280628
0.303627547 -28.165796507 29.692504848 0.490917944 0.212335522 -0.031934205 0.844330151
-1.184285420 -15.767980106 33.232916250 -0.076550123 0.297180346 -0.024350899 0.951436259
5.903334217 -18.676822216 30.105243335 -0.682358124 0.466535602 -0.022572533 0.562336556
-1.503845312 -28.755080624 29.702356918 0.541371742 -0.227674908 -0.214555986 0.780414314
-4.268696722 -18.271984884 28.702342425 -0.743389279 0.207621678 -0.631550588 0.073549122
-0.037558811 -15.840772542 29.753731990 0.285234567 0.441688889 0.483353436 -0.699944014
4.688642414 -27.342387160 28.007664394 -0.239630457 0.615865627 -0.508936720 -0.551606915
6.367156166 -14.368364378 30.122912969 -0.827268718 0.259210048 0.268744323 0.419777450
11.504456365 -21.056646361 30.923467970 -0.919117757 -0.121632091 -0.362119367 0.096424825
9.436646004 -24.897781975 37.825114600 0.818378093 0.276853132 0.144792565 0.482332617
1.744326190 -24.458050303 29.462332562 0.439389662 0.351218972 -0.386808740 -0.730726322
2.728156333 -16.350214088 38.311168667 0.261902836 0.615334565 0.518450458 -0.532897175
-3.166592285 -27.396680990 28.479616392 0.417976030 0.764297679 0.484233759 -0.081625749
-2.011114713 -19.045909953 25.538231430 0.045527293 0.070971386 0.990279454 0.110620663
0.485352137 -27.520983536 31.938467785 0.310270790 -0.175683554 -0.863403171 -0.356934574
-2.385197345 -22.330536603 28.204732791 0.948438034 0.093980752 0.160326239 0.256765284
7.974495698 -19.907829656 35.478802154 0.375413810 0.616068600 0.315096430 0.616634568
1.871553938 -27.910327246 36.677172092 -0.207578501 0.792086778 -0.362600012 -0.445006667
7.589097515 -25.930128976 28.736836716 0.375931293 0.057824102 0.841165536 -0.384411990
1.686493921 -27.894677833 36.984209227 0.156940871 0.209908347 -0.416674409 -0.870454184
-2.783293035 -18.122515510 26.246191652 -0.262803515 0.621931090 -0.698581311 -0.236896989
1.017051672 -26.245879909 35.650385976 0.216673981 -0.584775529 0.692402631 -0.362861630
8.790218028 -20.745748930 30.732622087 -0.855491309 -0.449043662 -0.049266543 -0.253115028
10.112732440 -15.460945957 27.687622032 0.751080053 -0.213308267 0.575259792 0.243832952
9.852044751 -20.541228619 37.332349310 -0.792512456 0.486660582 -0.028994613 -0.366394321
8.992275577 -23.400639259 38.202696966 0.228984013 0.677540384 -0.660150656 -0.229578879
5.894726574 -20.712447400 28.815474420 -0.551158814 -0.318568114 -0.227359070 0.736916665
5.772614975 -24.249624213 22.482884324 -0.544746257 0.792103328 0.273664683 -0.030520065
5.632887265 -25.912918467 36.969645826 0.154471300 0.980298651 0.087288338 -0.086798146
4.080064959 -30.646599689 27.881865276 -0.049347329 0.814495932 -0.314463139 0.485050670
10.084584067 -24.834286770 31.425028613 -0.603510088 -0.476754408 -0.263517620 -0.582270789
2.192034734 -29.285731839 34.246478976 0.975696869 -0.085832996 -0.155550691 0.128266516
6.355976803 -13.738847062 32.886241385 0.152199008 0.655880965 0.630483008 0.386195285
-1.750823538 -16.703540417 30.613240939 -0.353423758 -0.279548242 -0.884110240 0.123666933
5.805853072 -16.819237753 37.721242374 0.243357721 0.292234537 -0.909970864 0.165314917
2.283402519 -16.968426254 30.723076111 0.393278177 0.357961140 -0.846812347 -0.010244325
0.488336409 -26.505749894 37.202258575 0.545867344 -0.037748431 -0.791989695 0.270843537
-1.768041698 -23.306632281 36.937026901 0.045389563 -0.530650013 0.089936594 -0.841582890
7.381939719 -29.640695301 30.389404617 0.675472830 0.503307788 -0.337825802 0.419870759
4.560030754 -18.865583645 40.093632343 0.747351644 -0.586205858 0.292655795 0.110366648
2.663753687 -29.390621501 34.639545209 0.646353427 0.651639559 -0.315192631 0.241343610
11.506414602 -16.882016241 29.576963170 -0.611969505 0.745337057 0.204659618 0.167572185
2.004913288 -20.157223204 31.497422065 0.428302996 -0.170534158 -0.200438808 -0.864464533
8.611847944 -20.570519484 31.758035346 0.606050058 0.596515111 0.522811303 -0.059509582
12.287130420 -21.769518254 36.206530630 -0.116923347 0.275148982 -0.377604467 0.876377108
-4.461378882 -19.671397676 29.190487984 -0.305593643 -0.556081264 -0.765735007 0.105052618
-1.341539897 -24.632644157 33.682395769 0.845764175 -0.364252565 -0.375256575 0.105761678
2.133550342 -29.249051726 33.023983806 0.774513714 0.538809392 -0.021278804 -0.330696475
12.027934889 -21.360974621 27.794034623 -0.047325000 -0.226304000 -0.945561756 -0.229041066
-1.743375369 -22.862208689 27.222809910 -0.535904574 0.674141113 0.068895949 0.503580575
0.075927603 -27.910668429 32.049134484 0.528415459 0.317295455 -0.598162651 0.512154411
7.412728191 -25.077149996 27.588317315 0.518647476 -0.386105129 -0.269848313 -0.713519105
9.435424076 -15.957500794 34.927575477 -0.528457411 0.149745783 -0.111049436 0.828237278
7.661922534 -18.614917861 31.708582317 0.582046127 0.252187072 0.023093386 0.772716431
6.528919959 -28.835138633 28.699291684 0.077283127 -0.976771825 0.167186803 -0.109511155
10.123627781 -21.927071260 35.201630955 -0.503390849 -0.197449014 0.496249854 0.679225752
5.465139357 -15.473768072 26.808734206 0.784255396 -0.285738868 0.321337206 -0.447257391
8.775890685 -23.249014555 26.653261175 -0.110694099 0.619817930 0.739213900 -0.239030040
2.460621664 -18.152412235 36.739700830 0.161181269 -0.324307619 0.885832189 -0.290080163
0.272998900 -13.102514751 27.219164499 -0.713833883 -0.437311271 0.040400291 0.545497806
2.621920245 -23.255914901 21.323324917 0.211999868 -0.168882623 0.765317712 -0.583800921
7.647883765 -19.045178609 23.813838291 0.232849494 0.583950359 -0.718226483 -0.298217722
3.551463082 -14.322081601 35.479102220 0.630449695 0.322439029 -0.342657258 0.617375298
4.906206879 -27.625352278 36.850030356 0.150378509 0.583597220 0.254770035 -0.756235954
5.028557110 -27.657398728 26.497340248 0.343810142 -0.880628475 0.132446116 -0.297902839
7.004681592 -23.805423539 37.412854738 0.510346690 -0.574359315 -0.523177032 -0.368705068
3.024314478 -21.553493879 26.149627868 0.318169046 -0.428572558 0.095187746 0.840257885
4.644789052 -18.451551488 39.981746307 0.912696855 0.259209047 0.040671954 -0.313274502
1.885877788 -22.533605431 25.951965573 -0.149594272 -0.348513429 0.796618516 -0.470700419
11.632114093 -14.860670348 32.802149834 0.436610692 -0.035877479 0.072868415 0.895976620
3.992684017 -14.874080882 35.312058589 0.533046875 -0.408475551 0.710991820 -0.208565064
11.775493214 -18.480869948 28.934602369 -0.685163471 0.360966443 0.182711157 0.605698670
5.343983818 -21.756327400 36.443115700 0.540694237 -0.023650587 -0.718290416 -0.437206211
6.656808317 -12.144586378 33.533391374 -0.349088774 -0.036817855 -0.308559668 0.884065837
9.013478724 -29.800656012 32.666380951 -0.285598277 0.337224357 0.418458898 -0.793476848
4.665290778 -19.751554749 31.655711881 0.288881862 -0.504911338 -0.524366985 -0.621812733
8.899302765 -21.003758258 37.638053062 -0.380085115 0.796949349 0.253085997 -0.395416892
10.662628369 -26.465749423 28.868247979 0.040301284 -0.460030895 -0.057615651 0.885114579
5.585828171 -14.624536052 33.943784152 -0.351570415 -0.713638611 -0.233468661 0.559115873
7.093685599 -23.157453425 35.253211679 0.653642159 0.710519675 -0.233013507 -0.116698012
3.440722784 -21.827918678 25.326875306 0.658998035 -0.516111974 -0.215447898 -0.502923676
2.606324739 -27.989966278 30.730193080 -0.121683235 -0.028728453 0.401138889 -0.907444466
-3.343277225 -17.259070419 30.938787201 -0.280891791 -0.208390029 -0.439870539 -0.827156156
-2.208988923 -20.887677775 37.572150424 0.482290019 -0.012281310 0.520426275 -0.704558017
10.526367629 -24.593023512 37.204163407 -0.605431260 -0.052942575 -0.278787224 -0.743591122
9.655067468 -14.330661739 28.960634908 0.317077805 -0.442851748 0.837717405 0.039667923
-1.273738936 -15.495817474 31.598499109 0.130449536 -0.822024632 -0.243164027 -0.498126168
7.285657266 -26.022685978 24.836401751 0.325106253 -0.344624049 0.671267226 0.570035526
-1.639146467 -13.822257696 29.153312467 0.109673152 0.777609301 -0.616479830 -0.056992932
9.063513775 -17.452683793 32.419217317 0.291652914 -0.573494493 -0.407186734 -0.648260447
-0.656221769 -25.517044332 32.291353792 0.830253445 -0.342533829 0.133846649 0.418849458
7.394289740 -30.738648887 31.651211635 0.326619206 0.064982054 -0.224646227 0.915768147
5.810519407 -20.050837497 25.429511363 0.536114760 -0.526762827 0.464936166 -0.467906241
4.092584734 -22.855419140 31.802056204 0.318267238 -0.401818269 0.009851702 -0.858574975
-0.075503996 -27.762935876 28.104746021 -0.597188108 0.171578908 0.187229044 -0.760836597
12.703648881 -26.813108529 30.633146294 -0.201031463 -0.838788702 -0.479405373 -0.161834336
5.070068760 -22.538994507 24.139962867 -0.106544216 0.424656677 0.720518323 0.537743790
7.186570422 -18.809910161 39.404660538 0.812136764 0.098185815 -0.050662808 0.572910728
-0.309455697 -20.387474871 29.071289014 -0.235804868 -0.429277029 0.848917613 -0.198635804
12.381199659 -17.254952690 28.706658609 0.200578765 0.904123573 0.369554118 -0.075884638
2.825305576 -13.584554332 27.915244105 -0.232163371 -0.790302892 -0.567028664 0.000035242
