12.547107477 9.755492780 36.996375097 0.012972527 -0.913088820 -0.123844354 0.388282238
18.866815392 6.311253433 27.295071315 -0.000676461 -0.199534015 0.313158129 0.928502938
6.903690255 10.441600966 29.001886910 -0.029807284 -0.811077268 -0.386618299 0.437940045
5.669348536 13.086197761 37.182101503 0.813064497 0.312475048 -0.456211578 0.182089166
9.992217896 15.279091064 27.186226322 -0.787280024 -0.115271967 -0.206343456 0.569495317
12.037743098 4.207474189 31.743436842 0.860591404 -0.042475324 0.280881718 0.422709999
15.822654887 11.348674452 29.458391334 -0.865874843 0.186493545 0.292687048 0.360298773
14.594145527 17.730539624 29.191014817 -0.154327089 0.271105997 -0.020724019 0.949871151
11.251863219 12.861392446 30.027962913 0.327311797 0.055649287 0.758833492 0.560305163
16.277309546 9.648377822 37.482409818 0.483886580 -0.358642273 0.776521436 0.185051227
18.795401321 13.805927638 34.867201677 -0.946573346 0.301956779 -0.112765905 -0.010239826
18.106781261 4.768619483 38.388084131 0.712752899 -0.258983404 -0.542311883 -0.361674886
9.852595479 18.695299453 33.977639195 -0.810207683 -0.291952585 0.101744178 0.497971204
21.156248936 12.683491492 33.705957651 -0.525676861 -0.061046873 0.710063386 -0.464485849
11.302335213 7.699850129 30.174467434 0.499318669 -0.260140536 -0.209715436 -0.799391771
4.351306429 5.278849965 34.119844551 0.137189204 0.379401108 0.901536055 0.156418230
15.803957752 17.907990891 36.562164248 -0.286831479 0.275437643 0.803608709 0.442803399
9.125048302 12.059263004 38.564895011 0.165185659 0.089853908 -0.819432132 -0.541452633
16.852919864 7.317848962 31.834553016 -0.234938924 0.138024711 0.239943832 0.931761686
5.169869822 13.715459150 35.048858513 -0.686509764 -0.184679644 -0.590941099 0.381295672
4.197448342 6.603482925 28.174948596 -0.901488488 0.044466896 -0.083036194 -0.422428919
9.923214131 5.200971050 31.594055929 0.394621444 -0.385847998 0.449243232 -0.702549470
16.593874124 5.929340593 32.727569483 0.536194647 0.034470652 0.750450578 -0.384877909
20.293846371 10.471162152 36.124259077 -0.202923163 0.115831032 -0.374245718 0.897410444
10.760799595 17.300146622 28.373329897 -0.829748131 -0.057976454 0.551077252 0.066862790
10.846076787 12.716419839 36.301733404 0.771094843 0.474179719 0.158218679 0.394376961
19.022654624 8.498267555 35.854070205 0.073576023 0.755973606 0.622315276 -0.189246332
12.270029811 18.961092602 34.291402140 -0.576272837 -0.747257290 -0.054776747 -0.326367382
10.814942139 17.537554570 31.756674123 -0.185904118 -0.539313238 0.385774080 -0.725092580
14.952016651 7.318774202 30.731206759 -0.327405358 -0.906652460 0.118057654 -0.238431205
7.241944520 18.275116765 34.540297368 -0.139465146 0.178861119 -0.808708239 0.542723832
10.373711443 12.393944320 42.728939365 0.192016623 0.508247400 -0.803121002 -0.244562574
5.063794008 11.817526909 31.787579376 -0.046821179 -0.573727145 0.817660332 0.008747678
13.634063301 17.139364291 28.282938104 0.593745994 0.801973279 -0.013009836 0.064306288
10.984339123 2.870387765 38.002748649 0.206219699 -0.675179492 -0.045313117 -0.706790500
4.823874663 4.292891120 30.600714454 -0.512654967 -0.810495732 0.067782480 0.275112866
11.870163772 8.768501556 32.504253323 -0.186607656 -0.921944543 -0.331867980 0.071130074
9.734776470 11.074272795 37.072224760 0.921501623 -0.366786065 -0.072724942 -0.104946770
15.078327401 13.217494963 26.929862361 0.266213956 -0.449607910 0.103946989 0.846272935
10.301956501 16.740654405 30.691083217 -0.279580751 -0.588357081 0.740700949 -0.164416097
16.222349899 13.857875147 27.778090271 0.229424490 -0.662417584 -0.333573499 0.630314261
4.581253955 10.164302934 38.862314056 0.458179089 -0.026224340 0.130684212 0.878809333
4.542000376 12.597995046 35.873395436 -0.032425079 0.698951168 0.452898546 -0.552538492
9.899347130 2.761254983 36.915460313 0.183525997 -0.863329516 -0.093521506 0.460688704
13.692384158 5.046187351 37.557195127 -0.681305441 -0.321276799 0.464994827 -0.465170856
8.328213823 16.223373888 35.193020870 0.792908444 -0.114533578 -0.590513021 -0.097327445
14.959161346 7.412206766 41.990821078 0.502697489 0.638258555 -0.339755862 -0.473800808
12.904644535 17.506316620 37.008462975 0.539666422 -0.318944167 0.761297082 -0.165715190
7.001548906 14.359954705 40.098655329 -0.027416442 0.755509596 0.255409585 0.602676973
8.239792107 13.138229120 39.415150285 0.697686827 -0.452013783 -0.516910958 -0.204253991
14.229296506 6.104027516 24.859520899 -0.207229514 0.054973630 0.543370451 0.811654102
15.242146422 13.749893822 34.242285902 0.595885162 0.141266291 0.682703768 0.398597886
14.368297424 7.635137866 27.363023177 -0.245542808 -0.699910191 0.087966402 -0.664903276
16.712092827 12.491723051 38.987806557 -0.828065265 -0.395455666 -0.388443280 0.083872234
9.655377247 15.045320142 30.714827323 -0.012897537 0.556925765 0.212486765 0.802817987
14.042242440 5.844842665 27.677759230 0.095748512 0.683980561 -0.078893434 0.718873175
7.751892947 5.677616028 33.320429093 0.873888435 -0.401450616 0.220446218 0.162971995
10.685733097 8.118742420 32.909235362 -0.284221967 -0.578694401 0.666747318 -0.373869866
9.609930412 11.429550956 33.051464419 -0.218292664 0.267702563 -0.060671423 -0.936484185
12.297965898 9.565980372 26.294482251 -0.119855649 0.301508074 -0.937379712 -0.126675885
6.717938855 5.133121319 26.688625921 -0.260714742 0.944394976 0.196962643 -0.036765067
10.122998738 0.022935743 34.507536359 -0.522873649 0.404039164 -0.167808872 -0.731570696
6.324252415 9.866584577 36.245412218 -0.030526631 -0.092190939 -0.588408985 0.802710297
14.311537552 6.191428802 26.697685924 -0.140674518 0.580199817 0.414611470 0.686786853
14.717262247 9.324369790 24.393346224 -0.031760205 0.040764857 -0.980401180 -0.190113237
12.401584508 2.362765014 31.950968694 -0.380532007 0.716120767 0.433573021 0.392913317
12.049782761 8.017007285 23.884771012 0.463196502 0.706656017 -0.467257742 -0.260300742
12.779547070 10.624631334 35.296087741 -0.912030208 0.363267007 0.159385052 0.104088358
7.009257664 12.427818269 31.573480101 -0.476790776 -0.298462995 -0.055611077 0.824922908
16.320394503 3.275289455 38.592400568 -0.475599368 -0.130994606 0.702473308 0.513007706
13.049640838 1.081390364 33.535238245 -0.856823605 0.510187663 0.073423865 -0.013068846
12.452097873 15.630209607 26.626676626 -0.028924351 0.419364315 -0.604266269 0.676874604
19.735320606 14.059501940 29.701709070 0.679346161 -0.337210410 -0.173002121 0.628369477
14.009181156 14.929640152 34.272921972 -0.568261296 -0.548805809 -0.175151105 0.587548614
12.533878604 8.101459714 38.298542276 0.852354361 0.119083850 0.106026915 0.498065631
19.021157704 8.412924096 32.486856300 0.304085548 0.411010312 0.504412983 -0.695823286
13.582575230 18.810939666 36.600201828 -0.164769047 -0.729633371 -0.436064331 0.500334092
17.081229378 13.093466291 31.305945337 0.318104456 0.665507512 0.641188225 -0.211629314
11.860122780 5.861164405 28.243210242 -0.444433870 0.513172894 0.593880819 0.431784309
12.829347931 11.923202435 30.361957000 -0.779372882 0.472955727 0.356374245 0.204666041
7.231862305 5.693627800 28.508803948 -0.467704026 -0.489430144 0.679079056 -0.283835716
11.512539160 5.642948416 35.296326755 0.580723469 0.118330046 -0.090386316 0.800367770
19.263108332 12.094721355 30.688845742 0.717666651 -0.438119348 0.294750032 0.454013694
12.205246687 18.281251385 29.520346785 -0.582209714 -0.612744247 -0.460185231 0.271672393
19.057471416 10.658453183 27.892003389 0.518558419 -0.309952725 0.767891553 0.213000085
13.235159756 18.617797541 36.060696553 -0.323739123 0.019815205 0.782127551 0.532049652
8.145561215 13.426252906 40.790024711 -0.123135795 -0.612610992 -0.660308089 -0.416579615
8.551732936 2.331008979 32.958285310 0.053766883 0.541212034 0.216983827 -0.810627335
12.184164942 14.772700661 30.891967948 -0.066809456 0.310624149 -0.536134661 -0.782054192
17.889009808 11.619768497 26.839673075 -0.350469660 0.006100112 0.924553886 -0.149445366
15.735034785 7.850283565 32.684465046 0.611793998 -0.480377278 0.627723017 0.030159387
17.246437504 9.463979430 27.233958750 0.275858816 0.278597520 0.835894853 -0.384142070
7.491447472 10.038885947 37.267210986 -0.516266563 0.798997887 -0.219661918 0.216378961
12.666496386 3.777465499 33.264126151 0.052355176 -0.866320399 0.268676801 0.417804594
7.660815960 2.836803387 37.019380118 -0.623323195 -0.159729600 0.717463556 0.266834585
10.572352609 7.881733457 36.401153656 -0.208794613 0.376599307 -0.070137359 -0.899810270
18.660118635 10.044545479 39.094004537 -0.539947520 -0.259381228 -0.678252230 0.425619510
15.090864888 11.515238662 37.173854598 0.414208739 0.781596866 0.020222175 0.465970517
14.451293643 11.589720346 30.366604436 0.542151633 -0.537140500 -0.168270324 0.623888442
3.212389119 8.791684154 31.125426859 -0.014560254 0.564333587 0.294171746 -0.771218896
4.196168369 8.789683599 35.126334231 0.600173634 -0.786945107 -0.066672273 -0.126743106
11.589845144 13.276160179 41.329334364 0.022737169 -0.980739972 -0.090477268 -0.171598346
16.093354755 3.615860991 28.288015306 -0.786283043 0.434568577 0.110609102 -0.425058532
9.499098417 3.914755618 38.292047214 -0.302856600 -0.408900551 -0.708440248 -0.489071196
15.817546558 10.028642555 42.290958602 -0.457830601 -0.069287601 -0.861997668 0.206277457
12.725882715 14.929591166 31.896212096 0.668468099 0.542276470 -0.041241405 -0.507332019
11.312646047 17.353680458 35.629874608 -0.207801219 0.318009335 -0.749557204 0.542081833
8.533308703 3.869106459 33.235793872 0.210462196 0.782660934 0.457898261 0.365344644
15.063766965 14.738360446 26.652255113 0.842579614 0.308736963 0.126548918 -0.422760514
18.327455911 15.655592227 34.516970188 -0.169434447 0.139736745 0.527052582 -0.820963572
5.596528592 14.485408907 31.795390216 -0.196572768 -0.430026950 0.688064273 0.550457560
9.633543182 3.182438242 26.682621358 -0.069570149 -0.574378343 -0.659251706 0.480246500
11.463974858 3.760875528 29.830041869 0.793045144 -0.419968012 0.079144303 0.434099583
13.227484545 9.944888227 35.960315863 -0.324169409 -0.325642034 -0.753775747 -0.469780357
14.186034918 11.368244314 35.450360989 0.834281578 -0.465025546 0.012720968 -0.295911585
13.411078675 16.732333579 30.136549364 0.132386065 0.866694222 -0.469244032 0.105475560
9.800437125 10.476100167 28.598249168 -0.767907603 -0.541715934 -0.179284812 0.291064799
13.393088911 8.449496727 34.912811935 -0.083694913 0.008274526 0.722093879 0.686663763
14.249231017 3.354665034 38.043897651 0.462824907 -0.476435202 0.282889993 -0.691936309
14.327167933 14.632645846 32.999267965 0.200223371 0.812595494 0.542863460 -0.069988776
16.457070989 10.403798950 30.593951035 -0.486119981 -0.845182572 0.206024977 0.083111322
12.060750000 13.322031820 25.619717054 0.785080801 0.102238439 0.279606504 -0.543153422
10.078750508 12.861013285 25.052749995 -0.403192549 -0.527171930 0.349441768 -0.661374308
18.204382537 7.801472129 31.027663783 0.794127435 -0.462762849 -0.385800134 0.079814909
9.785204814 14.674063718 39.783401090 -0.112429719 0.539315592 -0.157034363 -0.819657525
17.603105172 4.334329290 30.899661172 -0.738819363 0.038674360 -0.369780857 0.562060816
9.276765929 6.058135588 32.972831944 -0.730881456 -0.419983777 -0.537122132 -0.030425959
13.990159959 4.340988932 25.339998178 -0.323391454 -0.560569757 -0.754001005 0.112525546
11.429004639 6.560545856 26.932522541 0.858936234 -0.342255547 0.122614869 0.360631779
11.754620043 6.456882363 42.751092535 -0.119527910 0.964167144 -0.180698066 0.153111087
17.226965761 8.035743148 28.558595917 0.834055369 0.330192178 0.293109994 -0.330773787
18.158168323 12.208110013 26.719554487 -0.168569442 0.557473417 -0.430478752 -0.689562018
12.542406897 10.125642069 39.873350956 -0.779826466 -0.401043296 -0.099904374 0.470163880
4.630335079 5.741013213 32.684983878 -0.134822154 0.540851170 0.608497924 -0.564830306
13.352945049 12.078451768 25.243385754 0.496486600 -0.122528867 0.594944114 -0.620104212
19.348132134 12.139124607 39.386816712 -0.160027555 -0.977669623 -0.106837826 0.084492420
11.118234549 14.880576981 24.985829686 -0.551105965 -0.408621097 -0.063837803 -0.724731502
9.371559660 4.963839259 25.410337400 -0.109656698 0.864376225 0.482273927 -0.090780007
4.749873803 8.039410488 32.598429026 -0.067296804 0.447898327 -0.390121245 -0.801663049
15.559919196 11.648838286 41.516454299 0.090138126 -0.042074853 0.186105941 -0.977481153
20.043018911 6.330988556 36.688396571 0.540395787 0.492023874 0.108901785 0.673813997
4.586372060 11.072009695 31.965714697 0.706206513 0.673832467 -0.203753402 0.075542826
8.068257601 7.410537230 30.506931640 -0.397310603 0.547382753 -0.023781068 -0.736173123
17.832296961 10.902311432 27.414663013 -0.362845566 -0.652546986 -0.660704157 -0.077430898
12.591268313 8.033774701 36.556197712 0.586012569 0.440488199 0.679897747 0.017276252
4.310903805 9.013577848 33.493153680 -0.433236189 -0.017676334 -0.553046742 0.711430427
4.635424520 14.539474313 32.906538656 -0.927929248 0.299887545 -0.177370915 0.132492751
5.309598876 6.361969726 35.109122222 0.335170080 0.068533772 -0.359406350 -0.868211504
9.089698617 7.515251564 25.698125582 -0.606088933 0.491921340 0.533737302 -0.325260041
9.920319203 13.827006999 39.068907217 -0.897580558 -0.299038417 -0.272543230 0.175058147
10.851471156 12.768059595 36.814391405 0.516097661 0.006954931 0.465421746 0.719011427
6.613781351 16.030231593 33.037537296 0.008250342 0.961523934 -0.193566916 -0.194770392
19.861545173 5.650130387 37.970907333 -0.281582225 0.898409248 0.242710823 -0.233802761
13.343611767 0.419595734 33.351115362 0.239926841 -0.931768693 0.271306794 -0.025195987
10.473577838 11.341912512 24.160876656 -0.832261627 -0.068171090 -0.440887407 0.329107249
20.309289562 11.314085117 36.245155051 0.240571080 0.034922166 -0.867811858 0.433368870
12.038115997 2.762089783 26.735852716 0.546547278 -0.494452597 0.245542676 -0.629691588
8.597002055 4.844097369 41.136815024 -0.413965451 0.292261677 -0.280382413 -0.815230900
13.821162452 18.578735122 33.638618123 -0.712722762 0.656463057 -0.233009484 0.082395992
8.955122550 9.271583334 34.913842827 -0.613664893 0.788011723 0.042801264 0.024919379
6.320130193 11.905313684 40.407013910 -0.109951045 0.066817293 0.310958484 0.941674593
10.852742766 16.574970184 39.119793056 0.126409764 -0.200670196 0.907119392 0.347687292
19.569910796 10.043055539 35.454740753 -0.044270346 0.495160481 -0.865877400 0.055790348
14.169872906 0.763847136 30.230444876 0.391076179 -0.744582150 0.531529611 0.100663378
12.598964702 15.763798791 28.407723913 0.246575197 -0.443106304 0.618930682 0.599818544
15.512774001 6.142273753 38.305467592 0.285868961 0.089943203 0.301080461 0.905284327
8.390084075 13.765908171 37.018075258 -0.265718917 0.227862206 0.633927643 0.689643397
8.752286106 1.170146209 33.235652855 -0.216805375 -0.753340025 0.566894674 -0.253188989
11.687454711 8.496944808 36.013018127 0.646350511 -0.566315542 -0.210320099 0.466136439
18.254602288 6.180924103 28.145657703 -0.956071225 -0.277212835 0.038585332 0.087132249
3.728194918 12.294460147 31.726798701 -0.160215721 -0.199849227 0.803747926 0.537010690
8.708924957 7.054820559 39.584661211 0.309137385 -0.105759998 0.377678486 -0.866376282
13.997235444 9.093731670 26.603464323 -0.426547382 -0.439486165 0.147452235 -0.776638320
8.452559374 10.170257388 42.194019726 0.716787581 -0.530477818 0.321448085 -0.318559219
10.773316683 15.961318813 34.642907564 -0.674152174 0.666930002 0.301607548 -0.098773000
18.961462200 6.119673011 37.426578103 -0.029939217 0.516754359 -0.234517810 -0.822842617
8.653597521 7.752996703 31.262257829 -0.588356434 -0.080866151 -0.733765641 0.329977811
11.555321271 9.085812628 27.601762317 0.176008718 0.495452297 -0.849892414 0.035083283
16.582036544 11.817128442 34.196025013 -0.006898669 -0.892007042 -0.410176524 0.189818502
7.604009863 11.485242166 35.556116462 -0.723418169 -0.685870025 0.075216012 0.024310766
14.098130041 11.647788403 38.099073814 0.852780382 -0.334540805 0.261271255 -0.304278492
12.784387588 3.566367416 37.930219743 -0.040967016 0.036185034 -0.996730007 -0.059511672
4.549569595 8.637775949 36.711314600 0.082527561 0.741988529 0.588763095 -0.309839060
12.015867129 5.232522656 35.681298651 -0.394679598 -0.501163805 0.361823110 -0.679813866
13.421791421 10.306395798 37.793932195 0.003615545 0.866735243 -0.183501769 -0.463771546
9.822102392 13.221011958 26.065861951 0.195365956 -0.817738976 0.534554861 -0.085943069
7.515084145 14.540864111 40.512733019 0.678131979 0.570405156 0.452180148 0.101528774
15.801018866 1.927847116 30.207950948 0.529359929 0.251003711 0.121025354 -0.801328937
10.140812512 2.918440892 30.746132102 -0.946140282 0.247166971 0.209031952 0.005718241
15.283631228 7.729487525 41.364346294 -0.231186543 -0.181439073 -0.879625443 0.374021023
5.106362668 11.860162679 33.724619850 0.382761842 -0.063326589 0.349993833 0.852635580
10.597201166 12.441882017 30.601928969 -0.326834445 -0.290739645 0.747462712 0.499949196
9.189509541 6.342373420 40.000884737 0.811623173 0.404267694 0.181672181 -0.380566255
15.569839336 7.330164392 27.168913499 0.655604164 0.514051251 -0.549391570 0.064057747
6.264221180 12.484244972 27.786426316 -0.732662373 -0.552455645 0.021885949 0.396887406
19.777008358 5.702081470 33.704137054 0.687460735 0.293156056 0.629477084 0.212640225
15.463682160 6.987947666 39.350336490 -0.189017850 -0.365663424 -0.651713318 -0.637049657
10.617531726 6.508818486 24.003432019 0.607217205 0.166341682 0.770526536 -0.099531745
12.860178778 9.008689297 33.188082267 -0.042575350 -0.730767035 0.555878005 0.393911823
12.209688745 1.171913939 33.822206389 -0.777352173 -0.611106699 -0.129683604 -0.073853673
