-11.583454285 2.239935430 25.531118324 -0.455160906 -0.419819301 0.734610110 0.277359496
-18.648016473 10.378575222 20.479754145 0.038936524 0.487308369 -0.402574664 -0.773917399
-14.058573136 5.326702736 17.680296294 -0.370630304 -0.274698486 -0.874710545 0.148510545
-13.888383003 5.753975400 24.673146894 -0.518689881 -0.498646415 -0.322342472 -0.615148673
-24.374971662 0.404293639 27.381665253 -0.453340514 -0.686726924 -0.314286447 0.473405259
-15.864479173 3.997138708 30.781406972 -0.143415654 0.232988041 -0.633244984 0.723981570
-19.898357619 10.265884471 18.808133317 0.007611541 -0.372281834 0.914204643 -0.159931768
-25.832820141 5.076951908 19.559891339 -0.859946147 -0.053003067 0.157835904 0.482463602
-29.848951644 7.310810936 22.454191900 -0.359431638 0.644691777 0.413823374 0.532852348
-29.737235249 0.303930911 26.965926587 -0.503508954 -0.179027467 0.383433629 -0.753263933
-23.156423683 -5.210668384 21.664823657 0.324128453 -0.523440029 0.311349114 0.723887430
-22.031008032 0.579214990 20.596642833 0.623522049 -0.448356554 -0.159529045 0.620279887
-24.328253655 5.971769537 25.494673177 0.173004038 0.223791269 0.923730674 0.258280300
-16.508174407 6.122537646 26.440243956 0.400861797 -0.908602019 -0.021879457 -0.115210592
-25.666218305 1.344051468 22.420152527 -0.101365569 0.214815389 0.814625150 -0.529117411
-27.550213546 2.583810657 27.178702669 0.087333209 -0.236962177 -0.891551421 0.375975930
-16.751098409 -4.420436404 20.151847677 0.135126473 0.066730896 -0.783993315 -0.602197896
-16.905137186 -3.260247199 27.262369537 -0.743765341 -0.169045480 0.159829520 0.626650834
-13.994458874 5.726547787 21.791254598 0.043419587 0.790982318 0.476167368 -0.381741208
-26.454748761 3.473142554 31.983152966 -0.671585964 -0.734171152 -0.051180191 -0.085706478
-17.263013699 -1.915979687 19.279114706 -0.346667954 0.816451786 -0.299366354 0.351578720
-28.216918660 1.452431913 21.452486461 -0.001891153 -0.053021924 0.605961636 0.793722619
-23.550681899 2.188474900 23.609605539 -0.688797593 0.145905649 -0.501069343 -0.503188762
-14.663150238 5.548741219 18.402593645 -0.115787110 -0.368491212 -0.921906223 0.029941402
-23.350931687 -3.695469480 24.272088632 0.268664777 0.347907359 0.814319408 -0.379029825
-20.924755095 9.380656401 26.942458591 -0.844232773 0.090437937 0.528233759 0.007816676
-23.263672202 3.873757966 33.742292358 0.330206066 -0.351073684 0.813542287 0.325361598
-20.855003716 -1.293211150 24.518274606 0.233575289 0.668482604 -0.244568789 0.662389387
-21.381919218 3.945089676 30.874040959 0.354246235 0.737255173 -0.397468670 0.415912336
-13.414163702 8.486524905 26.026835310 -0.072666422 -0.041050241 -0.990386778 0.110310916
-21.433185063 -4.431934870 27.881849991 0.336085360 -0.536758408 0.373910596 0.677589779
-17.560751849 -1.561843260 27.751921469 0.368106069 -0.674283578 0.619885062 -0.159944017
-21.350328001 1.067936198 18.802647739 -0.116714008 -0.283014814 -0.944550029 0.118767409
-25.051801529 -2.734852890 18.038746551 0.516801968 0.673825425 0.087487353 0.520788810
-16.776117564 10.039580546 20.052260922 -0.217069011 0.351465268 -0.385180194 0.825220836
-14.562111961 -1.701490547 23.380166174 -0.973540535 -0.015555915 -0.223583047 0.044580945
-23.695094630 10.506007613 25.200389194 -0.188290625 -0.617098618 -0.036922218 0.763133466
-21.215941089 -5.084219078 27.414447919 -0.846658982 0.449082283 -0.257482098 -0.123274653
-19.032906858 9.728308284 23.584506995 0.512731163 0.813720714 0.251910898 0.107267204
-22.799657976 9.323563196 18.317412278 -0.482628231 0.359701278 0.209135147 0.770679877
-15.149236622 7.180885310 21.717540874 0.194973944 -0.176424124 -0.849613042 -0.457184173
-11.088613322 4.043537972 23.828295435 -0.700756701 -0.016441555 0.704091620 -0.113686900
-18.173088807 -1.004057931 17.225499679 0.145858540 -0.295632905 -0.283959195 0.900385277
-18.738222708 0.279159590 27.331705470 -0.350038436 -0.743587504 0.523377240 0.225004404
-30.262185164 2.597435852 21.755957030 0.447027467 -0.395226029 0.125547254 -0.792591141
-19.074456765 3.136704391 22.511234753 -0.254375555 -0.579046513 -0.064700505 -0.771888630
-17.458275969 7.698929142 20.498159302 -0.033051771 0.310732429 -0.017940619 -0.949753164
-25.123831437 8.794737057 24.123384256 0.374909896 0.486698280 0.787322387 0.051873054
-16.738173815 3.260372958 33.246445321 0.419415151 -0.031593101 0.771939001 -0.476658144
-19.604789411 7.891247140 24.273220250 0.019492546 0.188689784 0.926753864 -0.324258356
-27.331798317 6.332897951 20.522731354 -0.816292973 0.130637604 -0.268634313 0.494403888
-20.645830755 -4.932282727 22.502816485 0.138644802 0.559739838 -0.816674118 0.022634437
-26.789973923 6.871367688 28.606328675 -0.804348530 0.294385429 -0.494597367 0.147424915
-22.972665330 11.117342424 25.640863463 -0.110617656 0.716557663 0.268346683 0.634270375
-23.023103769 6.896310414 15.998826668 0.017761576 -0.722445748 0.461306393 0.514735931
-25.309276884 7.724784335 20.036823252 0.804180468 -0.360871181 0.282810483 -0.378264452
-17.362461252 -4.127599923 29.112614038 0.412516990 -0.240824741 0.795040743 0.373822676
-24.686312549 -5.128418910 27.043743092 0.687409599 -0.083130490 0.325227904 0.644037402
-25.365662004 5.380843384 25.885306355 -0.586593354 0.273187054 0.416898082 -0.638336165
-17.542659104 7.224863916 30.066683200 0.665321877 -0.282518679 -0.530518802 0.442808985
-16.115427473 9.027209846 22.119741317 -0.935833775 -0.160052681 0.219594837 0.224446858
-25.997613174 6.197722276 22.608311967 0.076148176 -0.080455319 0.991807197 0.063615099
-12.745736091 5.820786192 19.724148810 -0.495363420 0.157929878 0.789947921 0.325046947
-18.640564428 9.451634655 17.413864572 0.178528487 -0.846147980 0.399674631 -0.304008823
-15.363360420 8.610760829 28.681377171 -0.557071722 0.758057538 -0.172159450 0.292200254
-18.821113812 1.005103390 27.009569143 -0.963192685 0.095546380 -0.200035218 0.152041615
-26.368299327 3.120236470 29.772086806 0.640895177 -0.648704417 -0.335495535 -0.236386754
-19.342879197 5.977066791 26.370989694 -0.233358287 -0.777979596 -0.148578836 0.564106362
-27.530554767 -1.827520247 20.535090184 0.080795415 0.492521988 0.524079016 0.690098093
-24.512311115 5.428009509 23.011937824 0.449165910 -0.136935399 0.876967412 0.102111903
-24.041557295 10.058377903 26.894867019 -0.601761988 -0.673593408 0.114760550 -0.413502656
-23.610975452 3.532772190 27.155093493 -0.350486995 -0.140139580 -0.877161922 -0.296827772
-24.451240844 12.024494507 23.760540213 -0.691863341 -0.506294473 0.354792707 0.372978764
-23.318623417 1.333974105 29.812055152 0.553999112 0.494639781 0.134404205 0.656012180
-26.111494306 -2.652802858 23.549392343 0.782050661 -0.210329024 0.524677916 -0.262433898
-23.018042846 9.083451644 29.489252138 0.109316957 0.003762208 0.632148865 -0.767087649
-29.618716762 -0.049128505 26.204679107 0.640189915 0.334841393 -0.469987805 0.507099179
-18.150653660 11.824203987 24.577542003 -0.114352750 -0.247905315 -0.821243833 0.501023922
-23.767148373 8.194094728 30.585879948 -0.704036403 0.325522261 -0.400591741 0.487744049
-28.346946793 1.667543614 29.052587078 -0.434364358 -0.188043533 0.856350108 -0.206474519
-22.158511245 6.138567812 28.356172416 0.102966797 0.936255782 -0.311798621 0.124918255
-12.543483685 8.090668572 24.189288515 -0.891453147 0.381171740 -0.141431450 -0.200041335
-17.539641296 2.900519806 31.056891738 0.108491114 0.547678136 -0.414545669 0.718630799
-18.548575270 1.812002871 15.801329527 -0.621768065 -0.527095936 0.481873825 0.321515109
-30.728361424 3.493442263 25.094211168 0.384943296 -0.053254317 -0.920525266 -0.040197894
-28.053244772 -2.950579789 23.177574201 -0.601813953 -0.335200268 0.720523082 -0.079418107
-29.365048991 6.386161466 24.693658936 0.281913311 -0.835611036 -0.391247430 0.263067539
-15.707317374 9.644339070 24.838132211 0.412240263 0.303380617 -0.567936368 -0.644566870
-17.645880421 5.497240803 32.796611438 -0.397367499 -0.758789954 -0.151102851 -0.493462059
-18.397259019 -1.306647446 26.811938333 0.750891201 -0.088812404 -0.146959783 0.637712774
-18.228784060 0.021825078 20.290775853 -0.505567183 -0.141504430 0.550857592 0.648794445
-14.102972956 8.106525652 29.215111514 0.102851578 -0.723107822 -0.654083539 -0.196752011
-17.660468565 -1.543764999 19.746698560 0.799845019 -0.147879333 -0.509029243 -0.281547294
-24.781027066 10.336857348 28.416450201 -0.749177220 0.146027673 -0.254155347 -0.593981878
-16.636096766 -2.158739466 27.218454872 -0.526405980 -0.790126858 -0.289858675 0.120740381
-18.035271256 -0.633524470 16.503379322 -0.080663959 -0.817780164 -0.156648734 0.547896069
-21.747030621 -3.865191853 28.374511962 0.393238343 -0.101827336 0.826636170 -0.389445043
-22.929110967 -2.133574274 19.406567262 0.243642793 0.462689736 -0.463108282 -0.715602625
-24.766717624 3.621923680 17.658962761 -0.212218134 -0.484495058 0.451357079 -0.718682677
-12.417923970 5.479688502 23.253268016 0.248319010 0.563242843 0.558861417 0.555669943
-24.799926682 -3.994273473 19.437032943 0.548345570 0.492388049 0.177287891 0.652257732
-25.898540713 0.589705942 20.731451342 0.521344195 0.595521903 0.530922786 -0.302778614
-18.570529004 12.480286367 24.372157893 0.587602392 0.096928908 -0.761091260 0.257037566
-23.811057337 -1.322298130 17.934646860 0.198561743 -0.741708808 0.404631701 0.496703598
-22.942049595 -1.952679764 18.715180175 -0.326852524 0.086012745 0.869565465 -0.360034912
-26.757433083 0.613176675 17.605040631 -0.066419233 -0.832501747 0.395937030 0.381789466
-16.656760823 0.097857237 31.126982656 -0.899161402 -0.285171796 0.075175908 0.323317805
-28.180060834 -0.686837489 24.578334436 0.573333926 0.757336647 -0.037838578 -0.310318633
-16.604663276 -4.271082321 20.691150695 -0.873405336 0.079943383 -0.314045339 -0.363521250
-14.216083046 3.902576751 25.262048205 0.476276830 0.562790695 0.649403533 0.186284906
-18.880991212 -1.426036560 20.668752341 -0.303860901 0.398227892 0.865484075 -0.004518367
-26.839747863 1.155201871 21.290865665 0.203873781 0.509602171 0.541621458 -0.636700326
-15.883459945 -0.248354009 29.271216645 -0.378795491 -0.469085459 0.793758392 -0.080127544
-28.276263615 3.624189671 29.206284624 0.043552188 -0.694379328 -0.532674732 -0.481869469
-16.669147840 3.349353692 33.376509995 -0.135737869 -0.374234437 -0.797575890 0.453206925
-23.736373137 5.433420248 25.015511537 0.957079129 -0.252162915 0.055828244 0.131516586
-19.784307345 0.626327255 28.870963479 -0.723238175 -0.127431643 -0.334919406 -0.590353039
-25.851879360 4.135667305 19.454414719 -0.045832712 0.460220782 -0.262304823 0.846931151
-21.896563011 0.454800149 18.351597687 -0.357034034 -0.089431420 -0.578703983 0.727757116
-15.210378638 3.927452832 21.695344957 0.490227894 -0.654420379 -0.477122982 -0.322124572
-19.358445187 -5.888668183 22.517095575 -0.640053103 -0.537805765 0.547587469 0.035283807
-25.787711456 0.330150279 28.524981506 0.695595603 0.394906903 0.100909503 0.591618599
-26.316784342 5.378160998 27.924601038 0.513549773 0.754139175 0.239273991 0.332097415
-25.010577407 -1.832345025 27.176936201 -0.081606808 -0.964969816 -0.075171899 -0.237745177
-25.770221934 11.744334390 21.705368985 -0.053379852 0.666490425 -0.743488650 -0.012873702
-14.322462681 4.099198985 22.076377950 0.085833417 -0.913136577 -0.279406485 0.284158817
-13.866423434 9.667709643 25.438646288 -0.204221273 -0.681670507 0.303052037 0.633859965
-18.707772300 -2.318288232 30.440282146 -0.557859340 0.779685067 0.171624352 -0.226780147
-19.011008347 5.084808955 28.374276829 -0.777239051 0.241402354 0.528169169 -0.242201754
-25.509676485 11.774268066 22.350923471 0.545245870 0.162209082 -0.816491850 0.098672254
-19.479123012 -3.725779786 29.209738034 0.213660951 -0.224100596 -0.537268529 -0.784519247
-22.485602706 -3.462974772 17.952465453 -0.902073529 -0.371479492 0.105312181 -0.192809956
-16.501622872 0.360937480 30.195913399 -0.258122324 0.825208490 -0.292523076 -0.408453258
-15.363331543 -1.028725932 24.825191578 0.335634164 -0.278534003 -0.200729814 -0.877197845
-23.043571232 2.301916973 21.166889945 0.133099147 0.983965773 0.046980372 0.109035866
-28.296664771 4.661195562 19.917883355 -0.460506756 0.755971845 0.439694893 0.152014796
-12.168726136 1.217163605 22.212363538 0.054223911 -0.075814884 -0.992193927 -0.082843721
-19.298862171 2.370563931 26.306486965 -0.308623692 0.010242454 -0.010729459 -0.951068550
-18.721213520 7.650532377 16.538472506 0.244417171 -0.039797113 0.626824309 0.738760937
-11.925080748 6.031524909 23.504165940 0.631164215 -0.727680403 -0.254869604 0.084583980
-20.799917393 3.641778884 27.308665835 -0.497078630 -0.859970240 -0.051485580 -0.103504861
-24.761542735 9.842930179 29.886813376 0.044871788 0.306972932 -0.008905935 0.950618128
-22.731531705 -1.645692941 26.560986374 -0.451202152 0.575395995 -0.130618634 0.669533300
-22.358436915 2.996838914 17.571601298 0.458371487 -0.378523752 0.451385190 -0.665482351
-17.769045600 4.723960688 31.483934756 0.368328452 0.305690967 0.172988770 -0.860791537
-20.354102390 6.926783828 32.406426409 0.759514892 0.348954479 0.080143334 0.543088342
-27.375835045 8.194865684 26.109056261 0.254898036 0.347646008 0.883608176 0.182772634
-26.226868190 6.125468910 28.449716894 -0.078299262 0.252306387 0.808917833 0.525226286
-15.797850666 2.862118106 21.306608540 0.082338162 -0.605776558 0.660551318 0.435806317
-27.734069669 3.580087436 24.427137542 0.872366398 0.387495320 -0.082532036 -0.286378609
-14.333602910 -2.398149661 27.639241067 0.194785595 0.006485924 -0.296502642 -0.934934590
-21.514241022 5.104751303 16.583507806 0.700419282 -0.682902427 -0.035118439 -0.204508678
-20.826333509 0.450763685 24.427862369 0.572975484 -0.450437046 -0.385199098 0.566062910
-23.244970714 -4.434502429 24.422978559 -0.801026372 -0.007965773 0.507459534 -0.317455695
-27.192011897 10.311544836 24.315320043 -0.143586463 0.135233223 -0.965609164 0.169392578
-23.293163948 9.920115771 23.632140112 -0.616122680 -0.184484246 -0.381191296 0.664117160
-14.433012334 6.353462018 19.417848144 -0.563805979 -0.343829904 0.732669863 -0.164616788
-24.885689082 6.361643117 29.023008305 -0.793368969 0.442951654 -0.060123924 0.413212567
-26.445050340 5.171184870 17.887371673 0.507556776 0.699556633 0.294305339 -0.407910533
-13.621769878 6.679864185 30.049980849 0.016884469 0.659863577 -0.740706101 -0.125097744
-23.025991358 8.623742863 23.820254589 0.474652997 -0.861631689 -0.173580700 -0.046530685
-20.923980313 10.159005717 26.953274132 0.771197676 0.054767970 0.518885629 -0.364708539
-19.999271440 2.237184698 27.161666980 -0.068550847 -0.104008559 0.368182274 0.921371160
-15.278562889 4.757893340 31.789236206 0.420573810 0.753284991 0.422844857 -0.277275349
-26.301675838 2.192935954 24.346997198 0.933022721 0.208680357 0.133987434 -0.260707650
-30.283209323 5.519702610 23.495273327 -0.715812705 0.485758765 0.417498337 -0.278111006
-19.000096060 0.548311786 31.233193259 -0.517758467 -0.589447650 -0.173237219 0.595370896
-12.110635126 0.552908466 27.833758448 0.833273934 0.055208748 0.548692794 -0.039278026
-21.879299961 1.513758719 17.396344900 -0.169836000 0.985112411 -0.021013973 0.016361031
-22.579032905 -4.979958456 22.867637976 0.082189874 0.488936954 -0.698688084 0.515771695
-21.691176892 9.956481009 23.764852461 -0.226112003 0.575288063 0.764645620 0.182302176
-19.170648004 11.128339470 24.949345466 -0.533605158 0.108590309 -0.528157276 0.651554735
-16.759497956 6.908064377 21.576522516 -0.740087427 -0.535712206 -0.144731876 -0.379915408
-13.669575026 -1.716983499 24.204923724 0.545090867 -0.354874378 -0.626054140 -0.430112004
-12.564338283 1.538988808 28.567187222 0.014001126 0.616361630 0.673425305 -0.407922380
-21.982494635 -1.366221603 17.836016736 0.514177696 -0.583552681 0.509657839 0.367881030
-12.973096203 6.818159324 27.562298146 -0.490685103 0.633021041 0.292917728 0.522218054
-26.613621746 7.306446871 26.187194474 0.004868257 -0.719198849 -0.045783539 0.693277133
-16.966383098 10.915513491 19.809682622 0.696231047 -0.583046182 -0.031419328 -0.417531202
-24.098096707 -0.245338797 31.006419312 0.116500478 -0.455268829 -0.505063427 -0.723926009
-27.963130724 0.715865276 24.707163957 -0.629904991 0.520308995 -0.537072869 -0.209883269
-21.075459158 4.244121950 23.747419757 0.786354695 0.171438159 -0.566867094 -0.175832165
-26.022269627 -4.191602964 20.726568417 -0.218811459 -0.085446970 0.970999102 0.044509607
-21.663224739 1.090623022 23.894938141 0.115403226 0.691067658 0.363860921 0.613769352
-19.658823468 2.141439957 19.764119518 0.925723919 -0.136358067 0.036180873 -0.350902620
-12.617205267 1.387869420 23.343432606 0.522942776 -0.340228104 -0.779539268 0.055625711
-21.408111493 0.461991733 30.282442962 0.577609360 -0.570861235 0.580498866 -0.059211008
-16.133581910 10.127024396 19.933685383 -0.714382979 0.163838075 0.264731228 0.626682872
-18.426676939 7.554892677 16.945322039 0.467937832 -0.574335522 0.663428558 0.105049709
-18.617527671 1.628361303 17.912778620 0.701384142 -0.642887879 -0.307811155 0.002784512
-19.713619494 9.832691933 26.298748987 0.624177466 0.564092367 -0.038011387 0.539219275
-16.162630473 -3.374000159 27.064757098 0.708536434 -0.252577913 0.650435601 -0.105423187
-25.206190768 8.758228825 24.961297633 0.095179864 -0.595534073 0.384167480 0.699067457
-23.897980214 0.909715130 30.882605876 0.711521612 0.006820009 0.689524685 -0.135078463
-23.305577112 1.579998394 18.096838252 -0.516969011 0.332904138 0.264290093 0.743013205
-17.271523674 0.407196314 24.684855236 -0.698721956 -0.472195583 0.153147866 0.515135604
-23.808387978 9.370789630 23.804952836 -0.360041304 -0.187734892 0.716775689 0.566884893
-21.047934856 6.895106346 18.777370537 -0.423569991 0.589939760 -0.347090450 -0.593369836
-28.378064936 6.464096415 26.896666171 -0.488118413 -0.235527314 0.139382031 -0.828758076
-19.532917410 3.515245143 21.778126405 -0.256758859 0.146633534 0.782943271 -0.547332924
