-13.038527162 16.916840593 26.524685052 -0.691363813 0.446880646 0.477616712 -0.306913737
-14.445623784 5.649113485 24.142903921 -0.064992237 -0.479712366 0.128521320 0.865525462
-17.229395290 12.688319430 15.798309690 -0.057887336 0.221623823 0.910597306 0.344012331
-14.530311430 5.893884043 26.486630948 -0.325402661 0.503073578 -0.650312730 -0.467036869
-10.263150248 10.360929447 25.211620960 0.010060817 -0.255947599 0.178032981 -0.950102028
-8.084318591 17.081371013 26.571873680 -0.387737104 0.869922594 0.295884237 0.073124120
-9.252592511 17.433440544 25.334141000 -0.442513449 -0.830532494 -0.035253789 0.336384890
-15.016510508 13.569101605 17.741265102 0.178208327 -0.066318768 0.924338030 -0.330821433
-14.673897221 20.093965795 20.363173812 0.660827005 0.006989030 -0.736369281 -0.144979669
-16.419941237 17.189509007 19.997836133 0.425967179 -0.805361904 -0.411479023 0.025083440
-18.377507391 12.228226356 29.188176775 0.165006262 -0.928144212 -0.308048631 -0.128169016
-21.398793763 10.292643736 30.576987283 -0.093801948 -0.614116156 0.677164848 0.394347956
-17.742908233 14.452573176 32.591565544 0.373670118 0.005516431 0.063186228 0.925390573
-8.443069674 20.538356715 21.184915455 -0.740350037 0.633374197 0.213792945 -0.070792126
-11.620256935 14.965971989 29.676625896 0.523397249 -0.268259344 0.725743089 0.356916255
-7.183420540 12.009317646 28.486438833 -0.706707557 0.068911374 0.450523522 -0.541150818
-21.344069595 11.360673852 22.965664837 -0.922533389 0.133864696 0.196079255 0.304245484
-12.377484591 14.464427676 32.627008456 -0.222583536 -0.143889783 0.555203150 0.788353830
-9.486112298 21.486865308 29.263181449 0.020625567 0.185694118 -0.127568033 0.974073240
-11.858550006 11.053175159 18.044575830 0.629197034 0.193814027 -0.218521550 -0.720274634
-15.197717449 8.812336734 19.003283057 0.084576486 -0.982326388 0.043326900 -0.161259002
-19.559037925 11.973368259 18.655269173 -0.780399851 -0.406266166 0.256048970 0.400453243
-18.627551329 16.818309426 27.623855170 -0.171704091 0.777395425 0.150693715 -0.586059265
-8.865535541 20.086974257 26.075958386 -0.792697717 -0.275095440 0.281903926 0.465277341
-10.590600382 16.191274523 22.458922978 0.094176852 0.398516388 -0.879279022 -0.243277231
-21.709306103 11.946905671 23.784003382 -0.309954199 0.722319669 0.516441274 -0.339810389
-13.554479231 10.933643487 31.916754842 0.952692013 0.100496596 0.179044029 -0.224101761
-18.274377382 12.811600358 31.443705079 -0.649601600 0.646548949 -0.309991450 -0.252779587
-8.103655680 13.916476827 24.949058950 -0.936149659 0.337510944 0.035421170 -0.091953895
-18.021425333 18.604260287 20.934886022 -0.427104341 0.904027803 0.013379905 -0.011687219
-20.368067197 14.984718168 30.553624830 -0.192763230 -0.106190838 0.245216684 0.944158155
-12.845419139 16.957828286 20.582850881 -0.009473356 -0.194776064 0.405851105 0.892892727
-8.408035083 14.797039624 31.083297148 -0.805612445 0.126417497 0.301178959 0.494265557
-16.234465809 8.319210353 30.859961020 -0.858576175 0.120717310 0.489297688 0.094138489
-14.951306353 20.222068795 27.478508031 0.825560567 -0.294893693 0.041139537 -0.479369376
-11.657224649 23.957919372 25.268094142 0.429111854 -0.224374819 0.874938568 0.001208185
-11.781750489 9.197477546 26.288786953 -0.287638822 -0.081637514 0.792441850 0.531634403
-14.081764484 15.432588337 28.726501638 0.284177500 -0.404100936 0.693234519 0.524758500
-13.363079620 22.471152395 27.267770780 -0.224896521 0.757225630 -0.592984051 -0.156207606
-14.296819062 7.982731068 26.152418057 0.637369224 0.556215092 -0.495368598 -0.197472015
-15.612861429 10.548578839 23.917122360 -0.160697248 -0.613244134 0.060006356 -0.771042971
-16.097925175 18.676181521 27.005657124 0.927757796 0.226605495 -0.163420628 0.247404770
-20.914702932 16.111844908 29.100152910 0.750369870 -0.035291719 -0.507250427 -0.422370165
-11.574531923 9.924502624 23.264380519 -0.442986659 -0.249284936 0.517052135 -0.688677668
-8.207176182 11.326457256 21.158660780 -0.877643674 0.129948455 0.442556432 -0.130379387
-11.719484732 14.790955952 32.492543179 0.614770929 -0.028731269 0.784677497 -0.074245842
-18.196393137 19.842742000 21.994383157 0.338701869 0.429061423 -0.770833445 -0.327113343
-21.403740383 18.890087932 26.202021589 0.681576619 0.424249725 -0.591744896 -0.072824866
-13.933141170 14.371548969 26.309527828 0.475053217 -0.071100126 0.273102448 -0.833477214
-15.429309041 10.027317832 18.953098219 -0.243686978 0.942240589 0.215255556 0.080401341
-15.423042449 14.745715114 15.404224812 -0.410538219 -0.533031420 0.112140206 0.731273170
-9.061358521 13.370079458 26.579655318 0.026039835 0.200971655 -0.606879348 -0.768524416
-10.256123230 23.159090294 26.005839569 0.264831909 -0.606204187 -0.149001083 0.734968857
-11.846839696 15.430138926 18.508692760 0.676907585 0.117682022 -0.696814567 0.205904158
-16.389878416 22.266687968 24.006571583 0.526355142 0.075338885 0.186740072 -0.826076547
-17.059295865 16.736020558 25.623470015 0.164754273 0.049464892 -0.599205408 0.781896498
-9.006744647 9.210401592 23.704546671 -0.032431403 -0.216841082 -0.839686707 -0.496844426
-8.236081085 10.990400232 27.396818398 0.619048775 -0.629972258 0.273862506 0.380674264
-16.133933106 12.948577131 28.053185869 0.251925470 -0.612892302 0.578788544 0.475289812
-10.647145862 20.314537311 21.798316731 0.149877583 -0.537540308 0.806425037 0.195616428
-16.509983503 11.751961244 31.243463190 0.981296794 -0.032066355 -0.051447095 0.182706176
-17.739504701 12.339333227 21.895780434 -0.287264403 -0.472132735 -0.774327127 -0.308200169
-23.093595630 11.853036245 23.658933274 -0.874554263 -0.221300604 0.393646216 0.176701838
-15.338992720 10.793924413 21.582679243 -0.259735589 -0.272679848 0.244326701 0.893581327
-22.670404154 9.092719266 25.991609764 -0.713867095 0.003447313 -0.319015577 -0.623386676
-13.361407394 16.780828668 26.769146144 0.460320234 0.168848048 -0.838143761 0.238978357
-6.226060310 11.056422012 25.230238177 -0.144155947 0.685010204 0.215901333 -0.680710436
-20.477880609 13.074779349 32.988227603 0.460898027 0.802352775 -0.378946065 -0.014244788
-20.512641179 13.171869912 17.315139063 0.107549771 0.212819406 0.832054943 0.500824839
-9.267131178 21.452208581 26.856301990 0.401583986 0.629090657 0.158064437 0.646522143
-22.414566686 17.915611576 23.205617346 -0.403077607 -0.835071004 -0.069756500 -0.367857162
-12.370601838 12.901421288 16.906095278 0.319922545 0.947207468 0.021154821 0.000224534
-14.295411049 15.997194322 34.927865161 0.143175100 0.451659894 -0.305813844 0.825822090
-9.073851767 21.909711199 24.350287584 -0.150245972 -0.947441342 -0.146283773 0.241623899
-22.393625830 13.996469330 23.620836895 -0.434181992 0.212075148 0.010383219 0.875444069
-7.004567024 19.961541486 23.377164162 0.482205021 -0.102484524 0.196664738 0.847524761
-12.911549499 13.245327907 34.382630444 -0.541859534 0.482037342 0.130729131 -0.675971997
-12.251178111 18.849023104 28.627958818 -0.962168321 0.102749246 0.197048964 -0.157627473
-9.185517672 10.542811992 23.944731275 -0.203427340 -0.255713486 -0.433801743 0.839668969
-22.391654706 10.458565795 28.060323478 -0.728705078 0.593622633 -0.061560346 0.335874087
-16.250244017 20.423753098 21.142288406 0.036946730 -0.524755846 0.012485970 0.850358949
-20.201223126 15.925818577 30.420353206 -0.005992825 -0.195226609 0.016616533 -0.980599076
-11.262323802 10.983175497 20.173151894 0.043799149 0.978600571 0.001495463 0.201048054
-18.315882104 20.629863178 26.708796695 -0.259982299 0.577475775 0.745030824 0.209427804
-14.038387798 16.051851571 30.359571497 -0.793929285 0.434547160 -0.020115653 -0.424782788
-16.957986279 19.582645112 22.373785711 0.338775708 -0.626984998 -0.673739540 0.195437623
-9.404663034 18.682804331 19.549230880 0.765104390 0.283518399 -0.439548528 0.375539187
-8.655372795 14.663611895 28.267557335 0.425253036 0.388141467 0.513171634 -0.636522530
-21.151266295 19.589788351 19.985016062 0.440798831 -0.799150218 -0.200493358 0.356170932
-13.704333688 19.802507881 33.290679963 0.039017971 -0.076889311 0.820089179 0.565702545
-12.588494484 19.276611189 28.191032800 -0.738268666 0.412176517 0.445737270 -0.293918665
-9.467296321 8.508550936 24.678879195 -0.121251008 0.832570792 -0.477123955 -0.253922824
-17.856514556 15.063655419 19.521617485 0.478357284 -0.596269047 0.624111255 0.161625103
-13.223665724 13.404858252 28.344950975 0.050424720 0.835844164 0.265917039 0.477608636
-9.639231752 7.138171090 22.937983777 0.517126090 -0.538139526 -0.532427774 0.399383428
-12.978762080 12.411621260 20.390731321 -0.150653083 -0.819468609 -0.550009623 -0.057133722
-16.823374424 19.102087571 29.981034762 0.747251546 0.029190979 0.238479179 -0.619589133
-22.844941749 10.100935316 28.409345882 -0.015918497 -0.901296552 0.037337005 -0.431296969
-18.324083277 18.172268308 22.064378141 0.840066870 0.502517218 0.168240827 0.116013465
-9.035418097 7.968025405 25.966542617 0.531422776 -0.129812557 -0.799191697 -0.249060564
-10.783167342 17.616263044 16.362285053 0.063875769 0.794387549 -0.282659651 0.533827528
-10.698451677 13.916872678 23.060010517 -0.333539085 -0.298529489 -0.428798785 0.784705948
-10.578756616 12.280877156 25.697326346 0.519249630 0.473613779 -0.679334462 0.211126734
-22.167275822 13.331249400 26.544453368 -0.752475574 -0.068348076 0.113723691 -0.645117023
-9.701971995 20.180972719 29.990330432 -0.595974266 0.047162609 0.788899416 -0.142225434
-22.234240390 19.505934776 24.070375604 -0.186092895 -0.787320526 -0.104323169 -0.578457000
-13.664955380 17.640335887 23.871730993 0.649339309 0.382032057 0.646655830 -0.119357476
-14.505040504 22.095637809 22.551229900 0.483688502 -0.123191139 -0.841163426 0.208118878
-19.609288863 10.676722428 26.659520015 0.725037855 0.501069499 0.106919874 0.460236469
-19.942036322 11.976752333 20.552098983 0.357684130 -0.756641891 0.371860867 0.401590099
-8.713413023 15.294959205 22.620126787 -0.304470580 -0.422684583 0.354579277 0.776472115
-11.204363978 5.978760294 23.657674840 -0.842882267 0.478982265 -0.117092198 0.215441153
-7.965341131 12.631819203 24.314690387 -0.880099760 -0.222291581 0.127381571 0.399730910
-21.262367419 8.422938903 24.579743956 0.086238881 0.101267921 0.048859140 -0.989909313
-16.843942988 13.754675174 29.311649894 -0.031134680 -0.537835313 0.132366628 -0.832011348
-10.641185535 12.995040285 26.665987386 0.112699330 -0.473787412 0.869093504 0.086607333
-13.594197209 17.488772918 19.279101565 -0.990251958 0.043694629 -0.068870251 0.112910265
-10.329255348 6.320629391 24.687818267 -0.056492490 -0.149147035 0.583043097 0.796633233
-13.838745269 14.953645934 27.271287151 0.643607932 0.672250626 0.358629032 -0.072340474
-8.751361511 16.636684747 17.738733420 0.103380785 0.115545670 0.643217097 -0.749822230
-19.675433709 20.640562673 30.406751632 -0.303101492 0.136614913 0.831883985 0.444336457
-6.550927099 11.831502526 23.459328500 0.331862805 -0.895578271 0.108831857 0.275612528
-8.518362485 18.000184850 20.768201998 0.313488761 0.680453062 0.573467172 -0.331426961
-8.504500739 12.064228289 18.262062446 0.286125459 0.156208482 0.921522236 0.211016349
-17.741639931 19.609196002 26.261472256 -0.764666208 -0.520649840 -0.059300176 -0.375090420
-20.878880997 20.082367788 30.134136239 -0.052355080 0.653854854 0.638255691 0.402942241
-24.532396750 14.307763476 24.673256091 0.076558304 0.197056150 -0.859309401 -0.465719930
-9.818524277 13.526366922 27.282049087 0.668523971 -0.400376077 0.276970524 -0.562193940
-24.177790602 14.794847403 22.162564336 0.133831301 -0.741142163 0.607103956 -0.253421117
-9.102773227 10.856831053 25.708858494 0.184300723 -0.434790865 0.121173794 -0.873101975
-21.602146563 19.708622231 20.368983371 -0.611151699 -0.023350642 0.738000413 0.285138105
-17.092360350 12.369522967 21.710569374 0.119731411 0.620373958 0.545826052 0.550340316
-11.302844595 18.454774262 31.926251355 -0.481521382 0.058277768 -0.872320428 0.061627365
-11.103630025 14.200418608 21.468126489 0.607242645 0.102072415 0.766994291 -0.180436554
-12.285358235 10.196810246 19.302091146 0.111085803 -0.403645628 0.871714580 -0.254644542
-17.962637366 16.540100460 16.992206872 0.017176947 -0.874192982 -0.460768231 -0.152263652
-17.387888102 15.497482483 26.200473820 -0.403349645 0.304429307 -0.754697871 -0.418405287
-12.682501549 22.829619783 26.275615484 -0.144513705 0.844885058 0.125103658 -0.499633968
-13.822969796 21.422066642 26.337697514 -0.121236926 -0.296108160 -0.912392722 -0.255266695
-9.657748375 20.530640337 22.464682998 -0.454792175 0.231073846 0.669272936 0.540224668
-12.066682501 13.911639560 19.740276810 0.782295146 -0.291540671 -0.303302309 0.459375719
-13.927059007 13.481362839 28.515917866 0.539677626 0.141163766 -0.324897138 0.763716374
-11.462109109 18.630299889 29.100721468 0.363980886 0.347072537 0.102798309 0.858190583
-9.360616854 12.007670121 20.694683739 0.388011912 -0.473629525 0.658204275 0.438051323
-21.699648636 13.286891521 19.895443604 -0.436728044 -0.309702801 0.413099520 -0.736682820
-19.284720508 15.107611934 18.851305718 -0.029939719 0.514874507 0.721479430 0.462033859
-8.432685449 11.670905258 20.749986835 0.752724958 -0.161897970 -0.556589441 0.312093542
-18.366895162 19.078164073 18.639091780 0.581747031 -0.188623293 0.769435635 -0.184283609
-12.703070131 9.932821619 24.360012272 0.109182384 0.751810033 0.498042790 0.418107953
-19.885035077 17.566501302 20.674469370 0.730783933 0.379564715 0.359612973 0.438821125
-7.243347033 17.577014918 27.909610416 0.071008647 -0.572836728 -0.579958491 -0.574859987
-10.790059083 21.342929630 23.725318463 0.779014113 -0.416953820 0.467896088 0.018967706
-21.668047388 21.698250760 23.296949691 0.008488265 0.959508415 -0.205763524 0.192179402
-10.068265384 9.371706632 22.184783160 -0.100877379 -0.143775760 -0.267758459 0.947342437
-13.166593494 20.634412768 24.010995537 -0.088866854 0.747735552 0.641180241 0.147926076
-22.197159332 15.636800198 24.952303221 -0.826486139 -0.410386713 0.278368446 -0.266485301
-9.622491618 17.236438494 20.109889518 -0.084850529 -0.916000989 0.020419944 0.391568132
-12.039766369 20.690532691 21.626668949 -0.132664320 -0.783737392 0.403076266 -0.453525526
-15.778755499 18.923962130 21.019932453 -0.393687157 -0.251179226 0.720602563 -0.512495235
-10.971987491 20.186335580 20.357644811 0.415177420 -0.606720838 -0.287516750 0.613882442
-11.241531270 20.889210438 28.350052434 0.089472606 0.881740168 -0.124892696 0.446016528
-16.640273609 19.062387836 29.994499309 0.213104041 -0.918003180 -0.178197173 -0.283024023
-14.716187377 19.203621403 16.739400465 0.091614757 -0.329917970 -0.202980309 -0.917365720
-17.478871539 16.366146236 28.808161892 -0.917366126 0.269416939 0.284247140 -0.071115878
-15.874760174 7.258064709 24.771268208 0.236483368 0.517339964 0.313797824 0.760240688
-16.993398965 23.887195877 20.886775315 -0.630836201 -0.698983055 0.081321652 -0.326887083
-10.495183384 11.920444524 24.419335317 0.480618968 0.511927813 0.292657018 0.649066400
-14.001782447 12.160728103 27.502051933 -0.218170397 0.418352668 0.814967742 0.336467386
-11.798907450 22.210073583 20.014529285 -0.580617192 0.021171029 0.416240859 -0.699413334
-18.677241430 9.781094595 28.675689383 0.868039965 0.461841715 0.055226207 0.173663221
-14.570527647 10.387771673 29.999998653 -0.192934644 -0.926290434 -0.311807912 0.086822127
-17.470642933 6.019479326 22.390050341 -0.714295115 0.149092841 -0.479625061 0.487353686
-21.036529242 12.917513677 26.087260879 0.313877689 -0.662422348 -0.427955775 -0.528707182
-23.392152787 14.588871627 23.276959591 -0.654974715 -0.027568901 -0.579666152 -0.483978544
-10.839639428 15.915893257 17.338658053 0.378749794 -0.777364026 -0.498373266 -0.062272400
-11.385135151 16.351441364 29.847132382 -0.059552013 0.390713268 -0.578506923 0.713530967
-11.298901810 10.810365711 30.244139606 -0.533071268 0.676546576 0.497332282 0.103828483
-15.746735149 7.427370566 24.997415751 -0.024999557 -0.547250906 0.503754273 0.667924472
-21.552521603 15.564174713 17.654163329 0.258733653 0.057838353 -0.684087598 0.679511427
-19.093991808 13.159438156 33.698092782 -0.753969169 0.268654238 0.102325894 -0.590664714
-12.892365332 14.419373480 19.410036150 0.588799211 -0.807864691 -0.021681506 0.014143665
-17.975177070 11.355597148 23.146100754 -0.920885879 0.242793277 -0.119182288 -0.280742238
-22.820595211 15.238800572 21.919101080 -0.497095835 0.569806655 -0.455891444 0.469445522
-13.599578063 23.031861640 28.759283979 -0.434105183 -0.075978905 0.756538278 -0.483145661
-16.553293118 14.845926218 19.294036248 -0.257915479 0.346013975 -0.426132459 0.795088085
-9.575548812 14.245871295 19.598991215 0.746931640 0.511460694 0.424428682 -0.019009937
-15.539147400 22.392047839 21.681289719 -0.685896621 0.396261936 0.171775748 0.585675162
-21.845171789 11.647350535 20.732275606 -0.468816186 -0.881757379 0.042626850 0.029970991
-23.066649673 16.406013272 30.554050687 0.887625900 -0.380898237 -0.172799803 0.192813437
-20.485969753 14.285860753 29.497566700 0.087147771 0.358320609 0.727475355 -0.578611454
-14.713906447 19.341957174 16.544544553 0.677371329 0.682600986 -0.259288795 0.089405247
-11.785328400 16.565073188 19.406920749 0.291481265 0.231123737 -0.210192369 0.904123697
-14.206917513 16.428408853 20.741883609 0.325600140 -0.800302260 -0.413396343 0.287409647
-8.945768782 13.913859503 25.574443951 0.592381005 -0.499059644 0.289998753 0.562072006
-17.078222638 20.009626798 29.114584553 -0.633751614 0.732479541 -0.220830083 0.114309614
-7.908491804 17.492710007 19.434102924 0.186999784 0.129474635 0.591300054 0.773712896
-13.959516855 18.957566128 21.487351222 0.051674261 -0.988806712 0.134719385 -0.037970316
-14.531044049 16.010426441 25.525717201 -0.236940874 -0.916304820 0.037593657 -0.320673068
-9.908189028 16.177760562 30.715557033 -0.043291477 -0.060750714 0.724504123 0.685221844
-8.214752013 9.799881189 25.578758571 -0.719749046 0.495706133 0.111830678 0.473001734
