9.407538963 -15.030305335 29.904279890 -0.204839996 -0.761720090 0.533609154 0.305097282
13.312830385 -20.614626817 32.571246122 -0.290215628 -0.366145618 0.438960114 -0.767480485
13.740300170 -17.611740723 29.230883147 -0.554703679 -0.160629189 -0.161416987 -0.800279106
16.575625823 -14.858005921 27.849546350 0.820491797 -0.326752323 -0.439873974 -0.162901865
22.902444682 -6.058922076 35.542906233 -0.590033807 -0.039307533 0.597008766 -0.542121350
16.551870883 -4.597349757 27.378836167 -0.459650352 0.006433893 0.321041967 0.828017038
12.860448240 -14.918733348 31.195378477 0.293440891 -0.507490391 0.576799945 0.568900493
8.486693629 -18.117003268 32.932447254 0.069441575 0.480479396 -0.142360971 -0.862583777
23.906386518 -15.612327064 32.626541780 0.788332443 0.196216629 -0.267122603 -0.518340148
19.100119039 -10.348335524 25.731976812 -0.161063842 0.460419666 -0.851403649 0.192831525
23.682726740 -12.246737673 27.893257196 0.115574310 0.966612210 -0.196565890 0.116898530
20.118061781 -5.325728860 36.083449962 0.348838722 0.210260884 0.178671624 -0.895644102
13.657242044 -14.278249775 37.399241092 0.305089506 0.371171750 0.450418569 -0.752512484
11.459918906 -6.630419857 32.963471687 -0.661411567 0.237759174 -0.690726059 -0.170008314
16.021146177 -16.654307837 38.034137114 0.195164813 0.606698771 0.086684970 -0.765710790
16.016094660 -13.148968245 41.890948757 -0.424340427 -0.784539433 0.102065013 -0.440472262
16.137837213 -14.283191579 33.399084779 0.745076404 0.178279877 0.628861078 -0.132707129
13.558836682 -18.951304411 36.514561117 -0.025100897 0.932581469 0.255102362 0.254134872
10.378227416 -5.653453093 38.055348784 0.024331672 0.897738252 -0.439047987 0.026662081
12.674821050 -16.526639874 38.247146178 0.507779886 0.593284292 -0.479134689 0.400753399
15.015276708 -11.720170225 37.434669968 -0.533420694 -0.465418782 0.644601311 -0.288681261
15.409730497 -13.718644739 36.955187014 0.688343313 -0.682464978 0.160118085 -0.186513369
14.524773670 -15.039705729 40.282274436 -0.099685239 -0.701723936 0.210597373 -0.673271949
23.426369791 -12.880936843 29.919434646 -0.687082034 -0.544227719 0.228877583 0.423496776
8.281787117 -8.989257803 35.827895828 0.118299944 -0.700719806 -0.600661159 0.366337343
18.266027906 -18.179254687 39.034803588 -0.368840289 0.181361736 0.910379712 -0.047681670
19.697329832 -10.973698422 26.545881838 0.327514213 -0.147135522 0.689028803 0.629543395
24.671101916 -10.972462165 29.888052058 0.836001253 0.046547961 0.169541382 0.519798916
13.129325787 -12.622492186 33.768707625 0.143815965 -0.341143830 -0.899184505 -0.233248971
19.902559674 -10.490501055 35.392569570 0.442189894 -0.615669367 -0.587469241 -0.283371168
13.571016815 -19.593419761 27.479493432 0.569498517 -0.762831836 0.069879613 0.298120560
17.101208757 -17.658880326 35.300999675 -0.428319137 0.658293290 0.370013649 0.496268637
17.686969419 -9.873054928 38.497841466 0.155890267 -0.365676127 0.415711044 -0.818024158
17.104193230 -16.012686538 29.127233292 0.727373940 0.248578542 -0.376412071 -0.517155501
21.860323425 -4.979112133 35.789131452 -0.399287010 0.089539692 -0.779740279 -0.473875114
22.039586707 -10.535795104 32.981587055 0.055828912 0.307824360 -0.419064533 -0.852356858
20.565582376 -17.505128894 27.302991230 -0.069639538 -0.816716555 -0.572402112 -0.021914062
7.558051890 -13.358278796 36.381351659 -0.580240897 -0.807072089 -0.080829871 -0.073632038
9.635063098 -16.767804093 34.541747429 -0.449824785 -0.709217552 0.528588869 -0.123539202
21.138316945 -14.099958356 38.002069624 0.102593851 0.296747029 -0.713421345 0.626454857
21.809927516 -10.048282520 33.957312192 0.145737229 0.885703692 0.056959642 0.437087211
16.649142488 -6.999061886 40.368220810 -0.379858341 0.917366527 -0.111897469 -0.040314423
17.635607959 -4.958143372 27.637752234 0.280987716 -0.940084021 -0.065915371 0.181502342
15.672147549 -16.662443412 28.804895635 -0.389960385 -0.636654801 -0.079912965 0.660466109
9.450698988 -11.533040013 32.140362368 -0.088463908 0.447631627 -0.784308202 -0.420310252
20.393762030 -16.117778456 41.176900647 0.391887740 0.873567493 -0.202155958 -0.206001949
18.226284748 -6.088402187 39.095249883 0.036485266 -0.833279960 0.522069340 -0.178204765
15.860374841 -8.273655623 37.423570574 0.862480508 -0.465317934 0.187772740 -0.065939296
8.647998702 -15.495231025 32.742469364 0.529677634 -0.742817263 0.365777707 0.184040175
23.369612944 -6.276314521 34.616448725 -0.421609389 -0.209051113 -0.737596288 -0.484246705
15.665067043 -17.162711481 41.780849589 -0.876033817 -0.272522036 0.371818296 -0.141589708
19.987510857 -11.755746818 31.316984888 -0.094987083 0.890490420 -0.086445246 -0.436499124
21.238592619 -11.459642405 31.133256170 0.894030450 0.181437066 -0.408439910 0.031096379
14.509281911 -14.707788757 24.667130010 -0.394349304 -0.786094964 0.472451678 -0.057729940
22.567482086 -6.336749902 33.317065774 -0.305151387 -0.671347204 0.646178865 0.196541185
14.136239298 -12.055232758 41.834091777 0.086503125 0.983759746 -0.110418628 0.111989727
17.435656518 -13.433382276 41.041776704 -0.189775039 -0.645004898 0.004413359 -0.740226073
24.433611255 -11.445092919 32.545348023 0.598261513 0.397716619 0.462782474 0.519362142
18.220489076 -15.047410263 42.146783175 0.428301390 0.636652895 0.577207566 0.279396556
13.474921560 -17.050740097 25.158469200 -0.155411388 -0.530751205 0.735553062 0.391295479
16.974612057 -8.549232343 35.610784557 0.208816986 0.091448463 0.455404137 0.860604275
14.057776649 -6.357394469 25.981675111 0.151378577 0.710008419 0.314184260 -0.611768601
20.053731804 -6.047409350 35.254567579 -0.516723137 -0.032706908 -0.705598702 0.483795338
19.331864103 -3.384117417 32.273331626 0.390162926 0.653243522 0.642234380 0.092632574
13.003293075 -13.805707541 40.525634567 -0.140560090 0.471284053 -0.450195863 0.745290471
18.959094391 -12.119588601 42.662340731 0.643715809 -0.356298878 -0.515056971 -0.439769694
9.719562129 -8.455653331 27.687452438 0.178108082 -0.126545330 0.910817759 -0.350249625
11.710304178 -14.717512952 31.560299284 0.432815161 -0.542429505 0.553664229 -0.460322919
8.257482209 -10.561617985 35.320148739 0.501493495 0.381549990 -0.496446951 -0.597046317
14.495163060 -5.564243289 39.360275181 0.646033803 -0.541530402 0.536201400 0.043280565
22.129854599 -7.377188480 36.323136514 -0.113656894 -0.439030251 -0.407180443 -0.792804286
17.953585010 -13.874710457 37.875376679 0.222006953 0.934303712 0.278376152 0.017210613
20.953432837 -13.699104570 26.921781916 0.782331834 -0.459753963 0.367393611 0.203973354
13.575668118 -16.445337991 37.922172001 -0.375977512 0.654749727 -0.334774790 0.563799206
9.808061081 -15.384043291 33.759531945 0.748369905 -0.209823406 0.629190384 0.006006998
17.569257610 -13.324559972 30.411883809 -0.662724813 0.233902796 -0.691354223 0.167674216
20.273231973 -14.873848178 35.711055571 0.622633889 0.562770148 0.133773163 0.526992924
25.420342171 -8.824917505 34.647622946 0.836684251 -0.356091855 0.219965329 -0.353232655
23.182791667 -14.120181911 28.893289934 0.096155656 -0.420355360 0.148633208 0.889923385
11.244341327 -15.493801372 32.048328929 0.067613657 0.709397329 -0.462163989 -0.527814617
23.135631805 -9.103201433 38.357561815 -0.227718636 -0.293386854 0.886646500 0.275547382
9.663014011 -8.797765929 37.244252571 0.138327628 0.671073167 0.710910786 -0.158531151
23.964432001 -8.753430970 37.520634574 -0.845594358 -0.361191271 -0.160793485 0.358687192
17.017079497 -14.510799522 25.349549295 0.192185875 0.352332961 -0.261223559 -0.877888562
12.257524528 -7.498235013 39.409732603 -0.551277730 0.207648818 0.731832145 0.342631792
14.150051908 -13.290206176 37.728237499 0.629377773 -0.549388229 -0.157250733 0.526619787
22.598097992 -5.653865107 30.304284245 -0.599324885 -0.263239506 -0.170827018 -0.736432464
23.509428974 -9.741651362 39.595966237 -0.182259279 0.492431647 0.667177891 0.528361893
15.961235280 -19.226205446 28.312648090 0.066888113 -0.813444900 -0.461827797 0.347200892
21.344564992 -10.746266419 35.752048618 -0.018148413 0.449200053 -0.758601293 -0.471607916
22.467856114 -12.166160944 30.485361235 0.206499877 0.119995049 0.966166246 -0.097374403
21.734515408 -10.532946767 38.079482285 0.386531086 -0.726628677 -0.552708375 -0.130835540
19.701844561 -20.948326946 33.201221866 -0.245212165 -0.543340137 -0.557769633 0.577534005
15.594204968 -11.953798235 39.552262790 -0.315634326 0.602349659 -0.353396773 0.642386628
24.592315938 -15.740801013 35.798965374 0.916008869 -0.183348052 0.170819138 -0.313260381
10.623686217 -4.478236445 34.966081095 -0.551757777 0.154286882 0.014850135 0.819474458
10.520452922 -9.550339092 36.899753070 0.089263998 -0.150249128 0.716690076 -0.675138855
18.364329111 -16.664764831 25.778517029 -0.361639929 -0.209704532 -0.907450723 0.042115987
12.527455674 -12.963727520 26.139709805 0.592463717 -0.634899322 -0.470801927 -0.155676398
21.329466950 -5.767074294 37.032132944 -0.959423820 -0.043177033 -0.225824570 -0.163232783
9.878285848 -5.720192262 29.952220600 0.017278600 0.848332622 -0.334163242 0.410326870
23.173920188 -5.927818411 31.000919947 0.799916147 -0.273448438 0.232973491 -0.480711412
21.942945089 -19.665794039 35.034834615 0.756755075 -0.166284748 -0.228134591 -0.589597955
10.157472752 -16.749065358 32.131136770 -0.435886082 0.568877843 -0.686282121 -0.124089380
16.215249884 -9.447596183 23.938434277 0.653440794 -0.731408905 0.142732869 0.132979213
18.379854667 -12.686692356 33.529731173 0.603022286 -0.202744185 -0.633563058 -0.440291687
15.869423534 -13.600742449 36.392243336 0.858875880 0.472168009 -0.148781471 -0.131353218
9.636080992 -18.287553251 31.960958941 -0.261238621 0.596501367 -0.452379536 0.609338376
13.485397747 -12.264750164 40.636360998 -0.274422534 0.130092450 -0.731796956 -0.610115926
21.084429762 -18.530226106 28.509889767 -0.516760094 0.085222907 -0.764202024 0.376419086
14.043548305 -14.325746615 31.354578454 -0.578939584 -0.133942005 0.186350044 0.782407924
14.899824222 -6.203527973 26.902443921 0.591581389 -0.579067200 -0.453012373 -0.330896402
7.682222538 -10.564348171 29.855671294 -0.805791996 0.437961497 -0.393593027 -0.063035822
23.113815708 -11.934984188 26.989885209 -0.312852405 -0.041503800 -0.368765442 0.874307072
17.382340950 -6.119697282 41.164954284 -0.366648291 0.184280163 0.200165312 0.889687417
22.551398906 -17.015430171 31.002233093 0.428048157 -0.601395030 -0.659321425 0.142807742
12.572173706 -11.731186782 42.722872053 -0.286737610 0.458717638 0.432991892 0.721025446
18.237823833 -21.277851583 36.283667818 -0.803675111 0.364872955 -0.457110514 0.109654098
18.412158350 -11.263710808 36.020284087 0.205952710 -0.031868271 0.965291063 0.157420004
17.533059404 -9.860789160 40.451193654 -0.002535843 0.591543318 0.045702574 0.804972886
19.220506913 -16.117870434 35.486434711 0.191404884 0.753790789 -0.390139108 -0.492904751
18.509014534 -7.767512004 26.971550194 0.525271387 0.763818793 0.138361998 0.348606913
14.173805594 -10.634382243 39.121535587 0.684662556 -0.509259615 -0.289012118 0.434009015
22.754194539 -15.168919100 34.147975693 -0.597540972 -0.136758439 -0.762123953 0.208348260
18.753317033 -15.731156775 30.929800049 -0.204065237 0.542439472 0.795486620 0.176968457
14.048142041 -11.298557550 37.448126793 -0.575812783 0.600589179 0.143036696 -0.535978339
16.146178576 -19.496608388 33.478406536 -0.245337659 0.886584343 -0.104900596 0.377853808
21.286840262 -14.681934354 35.185717843 -0.557360717 0.430318113 0.335873683 -0.625591097
14.283646936 -5.581439366 26.864452571 0.198732997 0.336552300 0.843867545 -0.367593949
15.790434450 -16.864384321 29.377291519 0.584737170 0.215333761 -0.100575926 0.775627679
16.018216051 -5.772223404 34.146225065 0.690713767 -0.385735840 0.258738433 0.554235309
21.968862591 -12.063103273 34.976942775 -0.675263924 0.608929243 0.265515682 0.320507774
13.679187422 -10.445525700 40.688668846 0.553601807 -0.642009895 0.395560213 -0.353384284
22.728806148 -15.177613760 37.800534281 -0.391246528 0.725036893 -0.408526801 -0.392878495
18.103531197 -5.838234090 35.303933794 -0.671346434 0.671923255 0.186404036 -0.251130726
6.927884443 -12.723083428 31.341754644 -0.854866556 -0.297398034 -0.222002873 -0.362591100
13.707388858 -17.883049491 37.506451125 -0.394157658 -0.284803910 -0.395080440 0.779383038
7.797937732 -10.549627285 36.718188318 -0.674615036 0.158315386 -0.608316285 0.387016909
17.298420010 -10.748762794 37.057066821 -0.537241899 -0.627585164 0.561268796 0.049853205
18.527078856 -12.062568067 25.885515408 -0.211455159 0.712591636 0.243813589 0.622940454
22.392967905 -10.387120346 39.242240155 -0.413443555 0.150226113 -0.852268415 -0.283081421
16.187724117 -7.681714794 42.157544168 0.406905882 0.389528192 -0.762526347 0.318196419
8.364620510 -14.224675966 28.965033506 0.014575865 -0.132235978 0.102226862 0.985824964
11.165858257 -5.253199726 38.531815383 0.302908517 0.090425871 0.947932851 0.038638077
15.777507517 -11.275196339 34.104099974 -0.277359653 -0.052840837 -0.190308810 0.940245726
11.713467706 -19.640162655 34.778002820 0.373895520 -0.923915534 -0.032822514 0.074195072
11.404912619 -8.744038281 33.145318728 -0.337282093 -0.371140584 0.485600118 -0.716022334
16.721787446 -6.907141463 33.209574928 0.527287864 0.359102044 0.592530117 -0.491854950
9.631524590 -8.914789454 31.940718467 0.422857373 -0.669653470 -0.419236817 0.443842725
9.371662235 -7.166600151 30.634745469 -0.039463341 -0.523528645 0.834256479 0.168453347
19.532566907 -9.555005332 36.431316615 -0.679081190 0.357395397 -0.341736936 0.542524778
10.452287754 -4.788117928 34.306698415 -0.170867814 0.751083990 0.146856024 0.620572589
11.375986637 -16.777049829 36.879052975 0.734511253 0.445371733 -0.504959736 0.084574843
25.002563823 -11.034946863 34.005822775 0.681250747 -0.460444178 0.535600715 -0.192406997
14.309567839 -4.249357378 36.678743593 0.022129633 0.868447491 0.482148586 0.113322443
8.390167277 -18.357485110 32.276886504 0.550191014 0.519718388 -0.072097304 0.649603436
15.722663019 -6.522850740 28.990536558 -0.506900692 -0.420257083 0.447397627 -0.605203301
12.355884028 -16.289822740 27.828993622 0.224105969 0.257161451 0.939298875 -0.036906990
18.990681494 -14.164391453 32.646297953 0.506825918 -0.101969932 -0.326261593 -0.791380436
21.416660205 -13.462656472 30.247931093 -0.323614090 -0.733954027 0.377957486 -0.462313256
23.737852880 -7.399752184 29.390129738 -0.223992520 -0.954457935 0.159139449 -0.116241287
14.919598055 -14.857197907 38.552261309 0.013087593 0.057290299 0.837219955 -0.543699627
20.490171618 -17.021198639 39.630107419 0.106587267 0.885158528 0.334430438 -0.305433818
14.048284897 -15.344958485 39.330848875 0.407499255 0.635146054 0.439691229 0.487037443
17.482752546 -3.754935035 37.059558262 -0.197583047 -0.246265065 -0.088508414 0.944711976
20.815503417 -17.073131359 34.642066983 0.914468740 -0.297567853 0.223263214 0.159228870
8.678906908 -11.891261373 31.499175671 0.518418491 -0.173070531 0.531665887 0.647008689
10.920754770 -9.854473808 35.727293905 -0.094797539 -0.916663437 0.075829461 0.380777445
20.232621357 -18.767809830 35.920912656 0.671231743 -0.180891363 -0.654453922 -0.297348830
9.537292746 -12.798552650 38.685308461 -0.327173195 -0.835485823 0.441487837 -0.003103236
21.864738374 -20.201411696 35.248169623 -0.931551939 -0.294421066 -0.153822504 -0.147871086
10.522192296 -6.605047222 36.303285486 -0.056573998 -0.881308033 0.455584293 -0.111975377
15.736432061 -17.495119743 36.168692973 0.697750728 0.377333285 0.555705754 0.248906867
11.951877349 -11.639239852 35.698881973 0.600189831 -0.589897281 0.510343636 0.177038805
10.019639416 -6.576931581 28.928839649 0.776777485 0.473382500 -0.410613196 0.062630275
8.086667579 -14.145830687 31.904768075 -0.842502497 0.441927850 0.010279719 -0.307869526
12.612928291 -12.144214614 33.069249217 -0.595659279 -0.179733395 -0.778276111 0.084688990
19.104739659 -19.068020570 27.074954374 -0.485838741 -0.206200217 -0.832808409 0.166950118
9.346108050 -13.338334189 36.971332930 0.392977875 -0.364632378 -0.810846846 -0.234816971
22.683485783 -8.876289480 35.367764942 0.210607674 -0.205544752 0.390131454 0.872463874
10.876603021 -6.310225944 39.303203173 -0.756774562 -0.015775826 -0.156444639 -0.634482829
13.200243545 -16.191302335 28.826727176 -0.510226976 0.238221565 -0.546378531 0.619991468
13.077095413 -13.373358497 25.366141400 0.627498021 0.725612281 -0.220960511 -0.175810987
21.913340118 -16.065221731 39.617120646 0.798082373 0.229205162 -0.543630668 0.122454957
10.831611523 -17.750918854 31.448670820 0.465661768 -0.747069341 0.424450223 -0.211869127
24.654422790 -8.353480275 32.330602851 0.397901027 0.489359904 0.490615325 0.601247253
18.320862531 -4.132203253 35.821597660 -0.129130871 -0.757757699 0.510473796 -0.385415350
21.824883777 -15.010886813 37.767517149 -0.268379138 0.359644758 -0.409777999 0.794172700
21.775794345 -5.442587448 32.352326328 0.181710361 -0.027657156 -0.892824848 0.411193650
10.550694837 -13.220293984 37.053072877 0.038280485 0.498408466 -0.054128191 0.864403693
10.481679174 -7.435711919 37.966195455 -0.263741296 0.597865308 -0.109555689 -0.748996097
17.011629950 -15.415848934 41.175530374 0.616051803 0.146428478 -0.011770745 -0.773886507
13.222660901 -15.689004361 29.332634432 -0.345389879 0.378268712 0.840420083 -0.176953942
24.352102461 -6.771669632 33.522311074 -0.735070008 0.569452574 -0.220953963 -0.294236631
17.904911764 -16.187672160 37.707770251 0.001717235 0.953537930 -0.259420891 -0.153177245
11.645010901 -14.512583960 31.196145642 -0.338732399 0.430170360 -0.021158335 0.836520262
12.655164137 -11.362719807 31.948964357 0.146930937 0.384072173 -0.840081951 -0.353782676
18.480997833 -9.356697356 39.488615318 -0.321786437 -0.261384855 -0.877085918 -0.242593772
24.429673616 -14.137738843 32.754744612 0.496321342 -0.435018572 0.317677258 0.680812109
15.733144083 -15.172079444 28.208793130 -0.069031035 -0.721687738 -0.194678069 -0.660682960
