-10.490057828 -2.388041590 44.420061096 0.164960398 0.409306308 0.014641397 -0.897241352
-7.585204087 2.893807603 40.904535519 0.080370902 0.615066952 -0.749070686 -0.232650531
-10.152479367 -0.113701264 34.587671552 -0.283813192 0.025259606 -0.850517815 -0.442076319
-17.642378979 0.057790354 44.852370786 -0.484726462 0.446404813 0.064669902 0.749386952
-8.910743198 -1.338506032 42.846202097 0.772243337 0.122674700 0.046754136 -0.621614992
-16.120908303 10.772868103 45.575646255 0.476120678 -0.759752416 0.308212450 0.317947246
-19.839819895 6.967885287 45.240772193 -0.680139739 0.044067368 -0.731176191 0.029144126
-8.483834257 4.488004950 40.745954992 -0.418325522 -0.107889522 0.892850940 0.127203803
-11.436334662 -4.462584228 47.987797304 0.749659685 0.339818504 0.542166901 -0.169082205
-20.499355229 -2.999730389 43.132134966 0.439451354 -0.114666429 -0.884603042 -0.105884728
-14.052147168 3.016443432 50.256404538 0.025621499 -0.435790173 -0.748493626 -0.499187095
-11.748603687 10.976199120 44.400458830 -0.180398819 0.434388363 0.708762852 0.525754920
-14.594454604 2.279786823 49.623087738 0.470882111 0.259948139 -0.773884442 -0.334364880
-11.369796707 3.830990515 36.489729982 0.110579046 0.152545985 0.505331467 0.842105757
-7.696563184 0.359507395 46.677882266 -0.763146650 0.249923899 -0.116534334 -0.584435611
-12.761394276 3.673476981 33.986276399 0.220747996 0.915552425 -0.334548037 0.033342025
-16.301978433 8.467277353 43.428571681 0.583551205 0.611997102 -0.153551644 0.511223464
-10.750505897 9.428022881 46.686650045 0.647611050 0.008677407 0.189871115 0.737884537
-14.919993410 2.455902438 47.223259455 0.688537755 0.361141381 0.247810855 0.577998653
-22.847329636 3.547224219 40.472369183 -0.449106655 -0.575142598 0.675836623 0.103725909
-7.607687000 2.553370109 35.977450716 -0.298553287 -0.508927861 0.393315159 0.705096839
-18.644643926 -4.705057194 39.205071202 0.365889661 0.694663520 0.528027592 0.323657552
-6.299705810 -0.376757118 41.419969544 0.897041151 -0.388093223 0.144589895 0.154254937
-19.107233263 -3.681858577 41.833838569 0.301008937 -0.777153956 0.016081202 0.552418993
-23.467792730 5.485777601 39.639391251 0.368096431 0.857225762 0.111947209 -0.342252585
-20.189645049 0.568529826 38.976965681 -0.445323688 -0.194330236 -0.043600330 0.872938476
-17.019307679 7.148519821 36.154123205 0.055272588 0.448403537 -0.613947159 -0.647261999
-12.628614885 -1.561545071 39.314572393 0.820299308 0.080191315 -0.546330640 -0.149000770
-11.841415393 -1.361404960 44.855587448 0.587031456 -0.091435417 -0.236464466 0.768842110
-7.850870395 6.061910180 36.929665184 0.468433544 -0.618040983 0.274169723 -0.568705830
-15.731634771 6.217449621 43.564621917 -0.156020223 0.447690667 0.857392618 0.200271454
-13.799936937 -5.774220696 42.660234515 0.086191077 0.647114937 -0.741949533 0.152722774
-15.994748492 -2.752513305 39.957111080 -0.731823233 -0.551958774 0.255746684 -0.307196843
-14.255798312 10.216675679 42.559733448 -0.502444224 0.008396325 -0.863285349 -0.047092561
-16.217693007 -1.962326382 38.514400006 0.512788124 0.785070675 0.346165804 -0.029691935
-10.911842304 -5.220554012 43.503888809 -0.227137620 -0.704519533 -0.609219731 0.284450431
-8.196061570 4.079025325 46.512533601 0.288133277 -0.640478557 0.097307300 -0.705193393
-10.960198223 3.899179929 49.973809653 -0.033123632 0.575174499 -0.817355401 0.002696327
-19.460407186 8.237216020 37.598081119 -0.375813921 -0.659445173 0.646533947 0.076745134
-12.087176979 7.674325756 48.379241556 -0.772433406 0.273419329 -0.531142375 -0.215583581
-11.802403687 6.483027222 40.612211029 0.605614901 0.134024086 -0.610753583 -0.492187157
-15.520156161 -2.492682511 39.984557835 0.038618621 -0.819274898 0.346418470 -0.455292749
-15.899028117 -0.191863158 38.439257712 0.528405176 -0.577610909 -0.564591538 0.261514824
-18.568089152 5.269923846 45.580710524 -0.836796388 0.486624811 0.250930760 -0.001361161
-21.130432422 -0.672190864 41.971625674 0.142590209 -0.347200216 -0.539546863 0.753663867
-5.825472831 -0.561390860 41.979677085 -0.656793634 0.678801927 0.098344159 0.313334473
-19.719781277 4.392678992 37.786958046 0.074899713 -0.669578321 -0.690713626 -0.262620625
-15.504772933 -6.605578854 45.198639934 -0.409922533 -0.030208454 -0.856264423 -0.312829352
-14.371708496 -5.131705725 37.109315163 -0.784986308 0.114277264 -0.398755234 -0.460142876
-15.158655259 0.487912376 38.623172564 -0.759226731 0.247919027 0.327691792 -0.504706862
-11.604703794 5.304133394 33.214064986 -0.516530323 0.174948107 0.163457056 0.822113968
-9.477937009 -1.505687603 35.336935220 0.896961790 -0.093040178 -0.165805548 0.399138564
-23.187535869 7.334318500 40.375781140 -0.839964156 -0.241190625 0.249209197 0.417351261
-6.980043842 2.172919281 40.469232414 -0.752327907 0.254707029 0.537004617 -0.284170885
-14.191729278 7.577110710 43.695940601 -0.592405679 0.034155038 0.271129397 -0.757877164
-13.888937313 1.484251440 37.700542760 -0.624574023 0.532794510 -0.565668891 0.077820339
-23.136169574 -0.674425749 37.928799247 0.802367962 0.156643015 -0.370539460 0.440873142
-19.617000450 2.839123521 33.835797720 -0.804548509 -0.492841998 0.327436731 0.050927876
-13.105556507 7.928679726 36.571859644 -0.471141230 -0.090341487 -0.239303135 -0.844155416
-14.900005386 -0.571481076 34.985707998 -0.300636162 -0.606339118 0.057372326 -0.733947674
-18.664068083 3.288284249 46.301812918 0.092931287 0.707246369 0.571837392 0.405176933
-17.841651179 -0.074888263 44.239920369 -0.072017398 -0.843496259 0.423493620 0.322460400
-17.801380520 -3.744612570 39.840733369 0.461087161 -0.049278851 0.265171830 -0.845372181
-16.993545420 -1.128087764 50.114158955 0.282582947 -0.822497568 -0.202527569 -0.450141324
-15.884023447 0.246395604 35.738062501 0.788664331 -0.133806509 -0.349184343 -0.488031439
-20.299570176 8.298281125 46.714207313 -0.493768459 0.411138229 0.578410253 0.502592922
-11.952464906 9.314787002 40.007670501 -0.202867704 -0.130965800 -0.906563959 -0.346171116
-14.120275435 7.612030021 47.050877619 -0.624261752 0.317509016 -0.713145893 -0.030136777
-12.674358007 6.518060033 48.103425129 0.730120774 0.222274100 -0.209901164 0.611113231
-10.840118323 8.688790806 37.304313243 0.547611819 -0.377396845 0.260765549 -0.699781570
-19.022087768 1.258462877 42.810324272 -0.731573255 -0.087124166 0.570605549 -0.362793687
-14.961945369 1.808917052 43.816199003 -0.182177754 -0.152878091 -0.181970253 -0.954110257
-14.539648767 9.562182330 46.463569657 -0.315948172 -0.820837060 -0.398818504 -0.259513150
-12.738061620 7.494017741 38.531646644 -0.848223175 -0.181334344 0.009597966 -0.497537115
-8.920204031 4.425542022 45.676093076 -0.064703731 -0.562264683 -0.761379906 0.316184270
-16.638246123 3.007243929 36.010922616 -0.682770439 -0.437993644 0.137212738 0.568470545
-18.948751296 -5.336065026 44.712591877 0.416354850 -0.060248024 -0.470232976 -0.775821992
-10.429572695 6.713078444 39.911118054 0.871003279 -0.442011468 -0.019349737 0.213552656
-7.943203243 2.660306505 36.208842450 -0.808197475 0.119332394 -0.498738962 0.289544589
-20.631393710 8.815372780 39.425568511 -0.701834428 0.069726397 -0.439272253 -0.556422999
-15.766674886 -1.364121601 34.522772807 0.239566265 0.126808322 0.145195583 -0.951549209
-7.070557038 7.547329278 38.540344331 -0.357885723 0.906407497 -0.163193532 0.153984189
-11.509865624 8.993250900 46.521528026 0.100466432 0.378409293 -0.861013236 -0.324606086
-13.795027321 10.722059183 38.359853821 -0.520312053 -0.140972273 0.544210790 0.642834972
-17.537261339 -3.341538547 45.463654304 0.115477844 -0.537446181 0.759900373 -0.346940763
-22.535742838 3.188948693 37.896015620 0.638184813 0.583865156 0.082734699 0.494951102
-13.980223857 6.071425795 50.830391918 -0.126546254 -0.300791619 -0.493725579 0.806067925
-12.211389728 -3.535742914 38.084233449 -0.311622135 -0.327546059 -0.538484643 -0.711083338
-18.310843601 2.221106517 38.983501255 -0.493276233 0.722456276 -0.348585880 0.336486807
-18.272663524 5.822418409 37.216158548 0.921272896 -0.214426814 0.039369118 0.322067486
-13.270673748 7.010331175 39.980008486 -0.302059795 0.405367795 0.830676422 0.233267042
-15.506351876 -7.244267157 39.874637008 -0.362634629 0.805750553 0.177458501 -0.433325112
-6.943531245 6.958000617 39.651306856 0.415934143 0.041061658 0.110633248 0.901705614
-10.976876534 0.386743946 32.615219570 -0.402301287 0.484156404 0.285050594 0.722836365
-6.861336961 4.851466691 42.706403815 -0.651497697 0.105039960 0.460419613 0.593743326
-16.015905275 -3.018451281 37.740022899 -0.242454734 0.734311677 -0.510755546 0.375673842
-13.512862327 -6.769287149 38.419584627 -0.568197558 -0.793662321 0.186894979 -0.111004156
-19.563964067 3.116202241 45.389975263 -0.026095301 0.113876230 -0.115238136 0.986443821
-9.574893198 9.591035111 39.698981885 -0.247460700 0.457830342 0.709801674 0.474695863
-19.032188556 5.131570993 45.950474631 -0.032462594 0.894697360 -0.165087376 -0.413774060
-15.567228080 -6.222000308 42.544881717 0.168532570 0.200567212 -0.619635091 -0.739879666
-12.623839581 -5.015937476 37.230963690 0.400972611 -0.635473924 0.380341822 -0.539197511
-11.576757508 8.788680261 43.142652953 0.399172428 -0.651741306 0.179739498 -0.619345103
-15.936523889 7.762060790 38.004793609 -0.679273425 -0.662482270 -0.138681102 0.283676591
-10.657415076 -6.247852629 39.931963741 -0.034401064 -0.101371877 -0.168158450 -0.979930123
-15.494641299 1.455526095 51.172343695 0.253395016 0.361804166 0.894289930 0.071653555
-13.833311512 9.092024052 37.918216670 -0.065782652 -0.422361260 0.792174169 0.435595792
-13.635305195 -0.868419939 47.423268158 -0.721465456 0.572705300 0.302311546 -0.245161099
-13.629866268 4.295168517 36.984383870 0.455359278 -0.369701510 0.470893136 0.658960072
-9.216634500 -3.901180306 40.536578446 0.245935578 -0.644262376 -0.469967854 -0.550973592
-18.755832445 4.809080048 42.576566517 0.663981205 -0.214315698 -0.713474798 0.064431772
-20.404764433 1.209806189 33.724399688 0.771768378 0.506763177 0.310941127 -0.225566551
-8.334148891 5.325333679 38.432289017 0.370408998 0.569748081 -0.207408975 -0.703680194
-13.397889144 9.003003424 35.172607899 0.241605329 0.850913047 -0.370287376 0.283656676
-11.012566330 5.651599879 41.473326527 0.805804746 0.249608561 0.200578383 0.498139127
-14.813577283 0.688601173 43.090553554 -0.699330766 -0.680967983 0.168807812 -0.136832044
-16.477390413 9.236907985 37.262386688 0.513816222 0.744268228 0.200631970 0.376569391
-8.286000487 -3.808173344 43.894958337 -0.223383610 0.100161512 0.717856801 0.651727740
-17.604700154 -2.104746075 37.940545815 -0.782172243 -0.606272917 0.049562037 0.134845602
-14.672182333 6.325584525 35.428642773 -0.585269405 -0.547582425 -0.509376191 -0.313287580
-14.841849970 3.147596089 39.994424153 -0.714740110 0.520888780 0.104066154 0.454963394
-18.930555491 10.248707645 40.477886853 -0.894734146 -0.061306720 -0.266519628 0.353071639
-20.502472351 -2.042637407 36.747018718 -0.378851289 -0.468601134 0.020740884 0.797780981
-14.800106314 -2.896418347 35.835628100 0.232903870 0.899934671 0.249286842 0.271531667
-19.910062458 -0.039569301 41.101454519 -0.295655175 -0.158509192 0.534723972 0.775585667
-9.845999439 7.897812637 37.896598054 -0.091140503 0.394393406 0.725890115 0.556085238
-13.804458671 3.973346351 38.525198049 0.614600727 0.156511417 -0.422699041 0.647375967
-6.932003350 0.664430514 37.504351077 -0.256336237 0.291132084 0.418358631 -0.821285517
-12.811086827 3.021147807 39.948688039 -0.199628992 -0.871873511 -0.421915899 0.148228942
-16.714258792 1.456964012 44.177936251 -0.389149897 -0.758719406 0.325753722 -0.408401436
-6.247693391 2.968160433 45.350317465 0.271425968 -0.005066815 0.875162942 0.400489820
-11.619537912 -1.275602221 32.829363551 0.305870071 0.696542807 -0.040223111 -0.647806853
-11.332244440 7.267495870 47.729882387 -0.683096237 -0.142572166 0.494162395 0.518513487
-16.462216529 6.830469881 35.548358244 -0.412559527 -0.470359631 0.702383426 0.339431846
-17.270367905 6.721852535 34.060664243 0.734827152 0.665245799 -0.060734697 0.117423933
-15.293382873 5.747227014 35.195589509 -0.069718104 0.685574807 -0.308847073 0.655545617
-10.851862881 10.500480656 39.601374450 -0.397927760 -0.596314722 0.003647070 0.697172108
-14.336019911 11.294473567 39.275518131 0.125589238 -0.621864134 0.120616793 -0.763520747
-7.011530024 4.763000462 39.061099265 0.363622311 -0.613640858 -0.339757570 0.613015910
-8.241948084 -0.362371462 43.705896807 0.635500535 0.598635232 -0.296548074 -0.387084189
-10.020454019 -4.526003271 41.928391374 0.070521006 0.862865518 -0.250223373 0.433449132
-17.592518084 -3.581161451 44.699160564 0.317413879 0.360441886 -0.812886034 -0.329463763
-14.752624375 -1.562824272 32.903956208 -0.322262621 0.059454844 0.938981242 -0.104528233
-14.644291472 10.611763838 36.215562114 -0.212831097 -0.924687903 0.252123395 -0.189971047
-14.946430624 9.346120453 37.010313915 0.737898368 -0.608408760 0.104083494 0.272967775
-18.045196640 1.941263573 49.594926396 0.685399301 -0.122139645 -0.073070280 0.714122146
-17.865982084 7.274010206 38.496318776 -0.166607478 0.583622167 -0.781978289 -0.141905141
-14.121894820 5.050884044 42.729487160 0.129251416 0.692717847 -0.061844024 -0.706831926
-10.418715210 1.201813491 45.423394240 -0.641064122 -0.203410442 0.006690409 -0.740010961
-14.364595120 -7.107534701 43.107268783 0.277015306 -0.058251835 -0.956839523 0.065782764
-15.033085618 6.262344779 37.433351007 0.426502257 -0.764483460 0.415125405 0.247652503
-17.540504611 -1.724485090 39.638112816 -0.207582675 0.085901437 0.592471497 0.773632924
-9.925990488 5.574855494 43.677726374 -0.388706358 0.909105712 -0.148836493 -0.016789005
-6.538282849 -1.027955872 44.087830116 -0.055156622 0.750409600 0.635609450 -0.172753600
-14.061923028 -1.441338447 39.387653455 0.540220398 0.368212720 -0.606162801 -0.452932636
-11.720963927 4.242422894 41.773294104 -0.104248007 -0.799735315 0.503394803 -0.310079749
-10.236165003 7.537091704 35.725743317 -0.444810292 -0.673968791 0.009970007 0.589754586
-10.806511787 3.260436323 50.187278108 -0.692452908 -0.101556548 -0.698579787 0.148934615
-20.292707724 0.099322047 38.564116628 -0.657900022 0.447898935 0.079655163 -0.600174275
-7.162349091 5.691375337 45.253001307 0.570375328 -0.179353774 0.784185896 0.166002074
-14.392749279 3.484914314 38.967826795 0.611961534 -0.422955323 0.248970579 -0.620181849
-17.817174594 -0.727883665 43.485703893 -0.454053834 0.251145274 -0.746171619 -0.417119984
-8.445112120 1.033580505 37.818517680 -0.745536712 -0.454106146 -0.208458207 -0.441030379
-8.983850419 -2.438371342 44.203017876 -0.705786809 0.245379539 -0.557692918 0.361431143
-16.170811288 7.322492270 38.796130572 -0.081274912 -0.814673354 -0.052849778 -0.571759229
-8.864458426 7.066043917 37.249043179 0.843484375 -0.213205213 0.184522962 -0.457196810
-14.024593038 2.842090406 37.001335385 -0.517835559 0.616126975 0.507397687 0.307865996
-20.740461983 3.475208955 36.630339573 0.296913201 0.191922969 0.934352723 0.044644304
-6.344648152 -1.619186526 37.930240013 -0.421662448 0.352590525 -0.779947458 0.299270220
-8.011641692 -0.399600813 38.922388145 -0.055306543 0.278692569 -0.811251221 -0.511021619
-10.201900167 -1.853559753 36.141450312 0.425628261 -0.551118183 -0.504076754 -0.510897209
-9.898445469 3.083562432 35.351846108 0.257312697 0.691995321 0.620784041 -0.263741970
-20.631980175 4.258345010 38.660757088 0.301583543 -0.852262321 -0.094026907 -0.416959522
-13.618252166 -3.300129516 43.039668715 0.772381954 -0.366609364 -0.015835331 -0.518433152
-20.372862055 2.919630774 43.733931976 0.043924309 -0.874948234 0.002565696 -0.482213294
-10.277369627 -2.735319874 48.001462771 0.767648626 -0.080810503 0.354260994 0.527905672
-18.028526715 10.619595216 38.001318702 -0.825293736 -0.339507816 0.248462081 -0.376684598
-17.213515531 6.345345218 42.826761533 0.109494720 0.092495704 -0.949254107 0.279950158
-14.159842134 -1.880047747 32.664394650 0.604410394 -0.121178221 0.786134692 0.044678418
-18.263712637 -2.750920907 47.914149298 -0.492501996 -0.225215090 -0.515988717 0.663683352
-16.841363536 -2.025872059 39.239169294 -0.197932687 0.458085947 -0.595856087 0.629234011
-16.675450428 0.536060945 47.793388812 -0.094676973 -0.814185641 0.452279246 -0.351541599
-11.456648818 6.630155187 41.589142343 0.612429757 -0.036112409 0.625945215 -0.481475102
-17.842307804 0.089248018 44.755366851 0.415604526 -0.687216747 0.319292943 0.503048743
-11.145983231 9.174013872 46.956835231 -0.357075625 0.550177072 -0.630420990 -0.415176544
-18.715056345 2.056161866 38.928301013 0.013309729 0.505080723 -0.504543834 -0.700108444
-20.031759824 -1.144338601 42.292282804 0.384803788 0.694909905 -0.574510495 -0.197392909
-21.498394438 2.720794729 44.154651289 -0.155737087 0.425648974 -0.667069275 -0.591259243
-7.214738364 1.813084725 35.328907622 0.026527066 0.039677189 -0.600748994 -0.798011706
-17.631825681 6.868398285 49.610335187 -0.763128307 0.543773461 -0.043901141 0.346436574
-5.798467075 0.317862743 43.303505260 0.084937102 -0.735471099 -0.596171103 0.310560732
-19.245950038 -4.198741775 38.831554077 0.026188591 -0.501378470 -0.045265522 -0.863646235
-18.645871990 -3.923899874 36.354481721 0.079932701 -0.118436294 -0.420158639 -0.896130752
-15.166311763 -4.694430699 45.090940200 0.941422683 -0.263406106 -0.002308964 -0.210559310
-20.480050203 4.914967774 40.815441357 -0.412724513 0.527278742 -0.130413987 0.731182465
-10.031924388 -1.116981518 46.822994489 0.090808702 -0.882254935 0.443580072 -0.128905889
-9.512913861 9.630419661 40.658485590 -0.801271384 0.421402001 -0.346698206 0.245326064
-21.720855151 -1.278078077 38.376097378 0.334422119 -0.773901896 0.429972408 -0.323050198
-15.857300800 0.565669383 33.608815676 0.254830424 -0.424859600 -0.617878056 -0.610559157
-10.683325933 -4.541796837 46.590921498 -0.642581084 0.392181963 -0.272758772 -0.599070539
