20.907669273 -5.356271122 14.638146358 -0.215550300 0.504146150 -0.829136792 -0.109118774
30.102401116 -10.156440743 22.979691532 -0.012965633 0.738228692 -0.521874817 -0.427196636
23.323663304 -0.479912872 20.221163294 0.013725251 -0.978948601 0.122809636 -0.162447060
21.882473383 -4.939018817 16.324044364 -0.238996834 -0.927043847 0.137226165 -0.254242400
27.338412610 -6.032820170 26.773135020 -0.647696701 -0.193761365 0.642792478 -0.360226800
30.081742738 1.244412220 20.532494404 -0.972606714 0.202438315 -0.110973161 -0.027200472
27.381903210 -8.836514006 17.475055487 0.013730916 0.847492853 -0.179099281 -0.499490514
25.005215568 -12.052399685 21.665363823 -0.737277577 0.513861676 -0.139424430 -0.415847064
26.324710783 -12.878838555 25.378437127 0.307669095 0.887120925 -0.042000706 -0.341455902
21.738631919 -7.319777689 21.667457262 0.828612752 -0.263984823 -0.428078093 -0.245890355
28.745112030 -7.225239549 23.455750508 0.217337488 0.733679717 -0.614786490 0.191091759
24.475091447 -12.749354889 17.094584410 0.872230989 -0.318531497 -0.209162362 0.306597282
33.032896472 -7.007999873 18.014821890 -0.260260771 0.777893309 -0.524906915 -0.227198289
20.470446262 1.382040932 22.886651049 0.230674598 0.693537137 0.459505622 0.504628628
23.860876183 -6.536018617 13.060367369 -0.419655288 0.488146809 0.427064434 0.634994568
17.026471160 -4.276607583 21.673522010 -0.534638004 0.103873886 -0.144067562 -0.826206366
22.128673184 1.699371502 13.683481479 0.149372373 -0.874040123 0.294156121 0.356670625
16.784441881 -7.395963688 19.630013611 0.641406030 -0.209829498 0.607164203 0.419429990
20.538122385 -4.876137057 23.968480955 -0.807860900 -0.339781556 -0.331459959 -0.349347328
18.020896409 -7.222815584 22.118553297 0.469093197 0.869566088 -0.153337473 -0.017146768
25.410190264 -5.850823182 26.847250682 -0.379473439 0.135544971 0.016306482 -0.915074624
27.495287756 -1.501743109 22.169725162 0.053912101 0.324388297 0.695349650 0.639026277
24.379179989 -0.888216610 12.956623608 0.559012068 -0.369951064 0.741268638 0.034095820
21.943515806 -8.282679545 24.037978000 0.468498713 0.776256996 -0.380575032 -0.181924924
27.050888267 2.553403508 14.338633535 0.781300738 -0.406041880 -0.017182107 -0.473712913
18.971910159 -9.482090787 21.565292477 -0.283328138 0.274768634 0.909156749 0.132896082
24.542608183 -11.684306637 24.165683860 0.116721999 0.941929541 -0.291915353 0.118026016
25.949826790 -8.661584428 14.925368996 -0.352004496 0.291028572 -0.887528031 0.060738774
20.822447103 -1.448007138 26.306440764 0.297667018 -0.213639001 -0.845168895 -0.389155834
17.917832611 -11.742710833 19.956933934 -0.724170943 -0.224728729 -0.423740012 -0.495497574
32.811715066 -8.324095354 20.590586581 0.763523738 -0.470526956 -0.295605692 0.329018479
34.337823290 -6.499888626 19.690406316 0.739548168 0.376390632 0.555551783 -0.052543462
25.545409109 -5.938304287 29.334066729 -0.606426874 0.067919092 -0.784032858 0.113692220
22.868412602 -11.136573226 20.907027184 0.733637258 0.642258529 0.121461160 -0.185815881
26.080083659 -14.907983433 21.232025520 0.341414755 -0.663710082 -0.447696886 0.492435164
19.071161471 -1.193604110 20.866921572 -0.261727200 -0.423271639 0.858790785 -0.121730766
21.105798371 -6.362835397 15.196958806 0.251155877 0.485805510 0.540142941 -0.639655638
24.942902795 0.690921334 18.863711161 -0.342232156 -0.023675068 -0.263871709 -0.901492298
29.230697003 -12.280443787 18.475184591 0.435447411 -0.583531636 0.076914307 -0.681146512
21.541206775 2.616890208 19.195860710 0.266915417 -0.668839015 0.584518261 0.373830089
33.850938088 -3.446257001 22.529541434 0.109903306 0.858533938 -0.202297372 0.458166469
24.728154140 -0.699014900 13.572535111 -0.383520198 0.115363173 0.139423103 -0.905629502
28.802342170 -8.751933765 14.466338816 -0.485401022 0.727097605 -0.482058922 0.057741804
22.529913552 -12.347622590 23.781782685 -0.837565343 0.292447272 -0.440889954 -0.136289901
25.429104560 -4.550590268 19.839381592 0.143007576 0.183848043 0.853031715 -0.466996385
22.508452485 -0.737843728 21.502624218 -0.626869607 0.771387955 0.101303863 -0.041625064
27.386151742 -1.845738391 14.699362753 -0.037040173 0.756484362 -0.607878019 -0.238419274
27.870700269 -0.363247873 24.257301551 0.331513982 0.775077225 0.292436460 -0.451480554
25.918322889 -4.420827958 20.978956964 0.177230539 -0.493784934 0.799778069 -0.291754716
21.668879950 3.691147296 18.137648831 0.122962287 -0.085367464 0.430129929 -0.890270137
30.155325810 -0.176474535 25.182356376 0.159611154 -0.381992763 0.249256337 0.875486771
22.460675586 -0.697282905 22.874017439 -0.542993402 0.047050000 0.450915614 -0.706837726
31.868635109 -1.894276878 17.027191976 -0.014604537 0.386381755 0.804746949 -0.450420021
24.111853255 2.088432196 20.171878182 -0.493986223 0.590152840 0.534351505 -0.349522111
31.754627292 -4.491397764 22.476942114 0.674037915 -0.623368861 0.353901741 -0.178431251
20.085275152 -9.049089274 24.911841721 -0.107603386 0.791498453 0.594199027 -0.094229650
16.792764377 -5.790145074 16.818795573 0.251844680 0.249396981 -0.234574408 0.905179678
21.131304861 -9.811649007 15.047439332 -0.258485198 -0.367210527 0.426569565 0.785098871
20.479996283 -12.975453429 17.728790245 -0.170801857 0.097177214 0.028519782 -0.980086699
23.615241716 -6.567049291 25.053128257 -0.879554858 0.424103438 -0.074655092 0.202351534
16.879737766 -4.705535918 13.508235569 0.342086344 -0.635002248 0.630926005 0.285799677
27.746049495 -4.419726967 17.663412322 -0.419680017 0.602885284 0.132012073 0.665560538
17.073525351 -2.122189444 16.275267064 -0.102710365 -0.686248048 -0.676005322 -0.248054433
18.753380551 -5.248958527 16.942893993 -0.044757085 0.289933081 0.955723438 0.022985260
30.180227005 -8.186470612 11.900653318 0.042582105 -0.603962503 0.708826206 -0.361913620
21.153505731 -7.077623796 19.239955036 -0.162416518 0.652465810 0.623646182 -0.398716292
25.206378478 -12.014291201 23.885107132 0.644274100 -0.751002104 0.133296807 -0.056023976
23.881016974 -0.802163047 20.018725035 -0.681657993 0.514838849 -0.519631688 -0.016317156
21.268695959 -4.228292848 23.715198054 -0.122659199 0.431417701 0.893433114 0.024713541
27.108912301 -13.234591088 24.521561837 -0.823753623 0.275590836 0.113893780 -0.482190695
26.554506042 -9.266565136 10.798480595 0.035794453 -0.867000454 -0.125141059 -0.481007989
26.633560257 -7.740691068 18.213659494 -0.143782498 -0.615900232 -0.476168516 -0.610947659
21.422177882 -0.077428013 12.130459721 0.257577474 -0.830130417 -0.187343105 -0.457646039
20.501423407 -5.788111197 18.912198059 -0.549561124 -0.022250547 0.095149524 0.829719261
21.914667523 -8.253697991 25.537919015 0.699290233 -0.000834711 0.286592533 0.654871890
25.290086254 -7.207751429 18.527580528 -0.454879728 -0.833334740 -0.289717059 0.121250440
19.865622285 -6.079313331 12.923773878 -0.118226383 -0.948567367 0.121365638 0.267418875
27.310694707 -11.240645968 15.700460832 0.367940792 0.635444717 -0.237277235 -0.636026021
24.013440475 -5.699073907 19.114652821 0.839142122 0.167037427 0.021020874 -0.517201238
26.956784955 -5.662221488 18.731854783 -0.075069353 0.676178191 0.584364757 0.442340906
30.526567233 -9.551026964 19.633607357 0.538835702 -0.367987770 0.655579508 -0.380074462
27.249448139 -4.233677579 23.429990875 -0.253577774 0.733147688 0.470365960 -0.420652640
29.396353456 -3.682258057 17.217312697 -0.763203466 0.294773271 0.176067153 -0.547384276
30.599677726 2.368244506 20.974265885 -0.165834054 -0.541967207 -0.569654136 0.595201461
29.570305021 -7.947479366 11.568654508 -0.041995306 0.938561182 -0.162158790 0.301734701
17.546525469 -7.674229792 14.256803488 -0.835247435 -0.219081260 0.479951214 0.154957918
21.761347126 -4.451052851 15.143780869 -0.570933030 0.300523304 -0.409597840 -0.644942500
33.381427291 -0.820259009 19.340273724 0.682203973 0.571366843 -0.295079596 -0.347944970
30.705839106 -11.148986741 18.639878406 0.263471173 0.662933918 -0.698253294 -0.059530648
26.990887439 -8.621961554 28.600532055 -0.578107880 0.654384651 0.362969710 0.325307543
20.448328746 -9.582302919 26.391380847 -0.503250434 0.794116911 0.329528703 0.086765003
22.128106924 -9.220895206 18.211886521 0.328368974 -0.196761353 -0.140246510 -0.913120859
22.238979007 -1.517417481 18.548559893 -0.366835361 0.419206230 0.328118826 -0.762912833
23.771828639 -7.692395207 24.750833120 0.095158714 0.357586448 0.566444653 -0.736353995
32.368894908 0.586228734 21.819868763 -0.243999543 0.324306198 0.777155280 0.480956737
23.857150155 3.783465999 20.115735406 0.410955388 -0.137379540 0.898718805 -0.067431750
24.592465975 -12.059904729 19.148886062 0.839349340 0.368468654 0.124250608 0.379849080
25.740346038 -1.588324158 27.480489347 -0.635057165 0.653675972 0.194346947 0.362821423
30.477982181 -8.985723853 23.056592150 0.189428080 -0.413907376 -0.564448525 0.688618580
23.743648230 -9.967701433 24.067716356 0.209777639 -0.019605599 0.370938189 0.904441166
19.794289642 -10.534827679 25.508924251 -0.219139347 0.303151327 0.445045869 -0.813640826
31.597610092 -0.103307635 14.963827031 0.873865992 0.274193321 -0.093748575 -0.390368359
32.097913299 -3.201020802 22.185355509 -0.563081703 0.218445541 0.619635258 -0.501271072
20.439156907 -8.255540255 20.125948298 0.639906458 0.284295749 0.700298718 0.138842924
31.726924309 -10.100422140 19.024012544 0.477608718 0.071780316 -0.737734414 -0.471683616
28.911540506 -1.294186479 21.957712702 -0.032931321 -0.260308720 -0.642082972 -0.720336279
27.071950453 -1.067848249 20.741048503 -0.709492085 -0.043983789 0.355943666 -0.606622217
30.090300898 -11.979607171 23.669531683 0.519305430 -0.704757493 0.483204251 -0.012344968
25.943306060 -6.926889590 11.944708706 -0.183477996 -0.554056656 -0.805142997 0.105365087
22.772678338 -13.673816050 15.366597168 -0.147303479 -0.190397586 0.587909730 0.772277537
19.348975450 -9.082512776 25.903316750 0.523148318 -0.143010049 -0.764799675 0.347772081
28.026102097 1.148937473 19.950302336 -0.623399350 -0.444388346 -0.626864153 -0.144684424
23.767935230 -0.435863192 21.950524603 0.177442686 -0.399185041 0.212310933 -0.874122111
24.423181794 0.790560507 11.852501297 -0.355694425 -0.690752879 -0.427696446 -0.461971520
16.914081783 -10.244305699 16.230051314 -0.678976355 -0.131477982 -0.714751313 0.104092310
26.783369837 -5.780274344 14.060147106 -0.214622005 -0.841955863 0.072231545 0.489724742
16.486075261 -1.604051309 18.335951633 0.371701716 0.116959375 0.870727109 -0.299987734
27.371523017 -8.057597910 16.832249482 0.227570901 0.811229149 -0.426199909 -0.329351470
23.200644672 -11.407424412 23.085162434 -0.593868704 -0.364025549 0.418991069 -0.582453299
26.602008571 -6.898640162 20.507654144 0.759167249 -0.621280425 -0.052763252 -0.186793362
25.674754053 -12.503638433 23.991288333 -0.498045387 -0.047571993 -0.107287101 0.859172378
22.309784439 -9.393387659 15.163358257 -0.123448743 0.607094802 0.779822694 -0.089849175
30.621148652 -9.266753817 20.403263196 0.374251487 -0.757661429 -0.481211543 0.233067445
29.855486707 -13.281821885 16.622738406 -0.519320857 -0.511563176 0.564133357 -0.387766064
22.979207349 4.327243168 19.821982425 -0.682831777 -0.273179525 0.194326884 -0.649115378
22.746005912 -0.795838358 21.676581681 0.178578738 0.132428381 -0.488930847 -0.843515847
15.161168495 -4.596922905 19.012482323 0.414009463 0.333736179 0.227628506 -0.815721515
18.535218839 -3.311255994 12.652482029 0.150192798 -0.100872614 0.944138846 -0.275442697
32.333522805 -3.269726428 23.983845761 0.499220043 -0.371028480 0.638426094 0.453353437
34.347071433 -4.610496575 20.008152155 0.200870658 -0.358259293 -0.708732974 -0.573584195
27.490805300 -3.148952867 18.519417670 0.298046347 0.367210748 0.318411107 -0.821546717
22.270995434 -7.660701768 20.427235571 -0.174352247 0.549768869 0.503678674 0.643166602
20.390693227 -4.352619383 26.355213690 0.202685599 -0.461033040 0.597595631 0.623896262
20.028924695 -1.205592695 15.342588038 0.599681428 0.015403363 0.206731088 0.772921198
22.822364449 1.013143466 26.682835028 -0.005717784 -0.676968324 0.393204641 -0.622150549
17.544606017 -5.655457354 14.341811331 -0.339218316 0.492753212 0.399467077 -0.694659097
26.667533049 -3.192225956 11.120997635 0.120553545 0.955501896 -0.059791191 -0.262503300
24.782463012 -8.855558063 27.873245693 0.462664088 -0.617260701 -0.314684064 0.553086890
20.102354221 -11.421166808 18.039551529 0.466738210 -0.820398134 0.256761224 -0.207788399
18.290788319 -9.974669227 20.412992115 -0.322297079 -0.890231214 -0.196785565 0.254732056
23.951835326 -1.205214130 13.008720911 0.514620834 -0.726327041 -0.170493851 0.422547362
25.261012837 -0.975491677 21.597502749 -0.677947522 -0.074391119 0.250384226 -0.687139621
22.896480806 0.143751926 20.581021649 -0.149940918 0.432849339 0.759354137 -0.462104389
19.799639587 -2.238367518 12.889866641 0.799191791 -0.349071526 0.097240959 0.479568293
25.166088637 -1.912348450 10.452599109 -0.131040034 -0.453525724 -0.118341170 -0.873577870
30.730509332 -9.990452728 18.676468545 -0.212521320 -0.119632002 0.122744844 0.962006536
28.785471830 -9.900370711 15.122834696 -0.964142562 -0.027223033 -0.030396007 -0.262229115
21.216482208 -9.343543301 16.137561528 -0.207082290 -0.422967642 -0.872274313 -0.131730113
28.815404621 -5.091849597 11.243297687 -0.745767573 -0.238131116 0.595353410 0.180772277
29.721925558 -5.461318204 24.343724379 0.859156506 0.370119446 -0.313590179 -0.162858505
26.765839541 -10.682601820 18.327413466 -0.875035101 0.374676527 -0.114027796 -0.284479759
19.886298181 -9.260051641 24.910490913 -0.004837056 -0.724836360 -0.163117859 0.669314140
21.364810917 -6.191875431 17.061625131 -0.985465060 -0.011846666 -0.077814271 -0.150543053
19.816788943 -3.716041492 25.643274821 -0.161126632 0.173401835 0.960012515 0.149485728
22.322306510 -12.179269222 16.195256303 -0.124445909 -0.967576189 -0.115787711 0.186822749
25.710197597 0.408969501 16.971658211 -0.301798967 0.793162627 -0.468136409 0.246289939
19.373995026 -2.937495381 17.597808550 0.188650300 0.712695141 0.662689276 -0.131604045
23.769428749 -9.992105739 20.204883804 -0.553510167 -0.688611063 -0.453048995 0.119113002
31.134281282 -7.292921004 23.077530321 0.025597604 0.704608368 0.084876724 0.704036755
28.850765928 -0.124140863 23.187350909 -0.564329661 -0.064828746 -0.398718726 -0.719967114
21.645346819 -11.141309560 20.777213943 -0.558351803 -0.376988401 0.456898522 -0.580832808
18.340605897 -4.753594190 18.174386546 -0.670400782 -0.151824022 -0.020217304 -0.726018952
24.525779276 -5.043493671 25.802626158 -0.767820902 -0.481350292 0.321790373 -0.274233322
28.190371416 -2.725415339 12.322881150 -0.183882640 0.358325227 0.850053183 -0.339410948
19.598605547 -7.475797583 22.010251356 -0.271038877 -0.807194651 -0.498689314 0.162122452
18.004130242 -2.552949539 15.021705209 0.863876975 0.042537231 -0.451083260 -0.220070553
26.376433933 -13.710326983 23.034942971 0.579796717 0.462032489 0.284271944 -0.607907236
27.709779184 -7.854329825 22.197227795 0.907012081 -0.006675447 -0.290821442 -0.304478920
25.995292413 -11.776619014 25.495652123 -0.625240985 0.202160142 0.243287956 -0.713453543
19.000269304 1.607393774 15.622001117 -0.401895583 -0.157382778 0.268213004 0.861262089
25.967889376 2.969044788 23.811699956 -0.019847045 0.513600874 -0.233446295 0.825422961
20.314342825 -3.596694775 25.597276025 -0.367341679 -0.267659893 -0.733212125 -0.505784789
20.543522903 -12.371583963 14.018900847 0.708716765 0.518566833 -0.277587833 0.389556135
18.944179655 -0.856129669 19.302874914 0.395062338 -0.180766024 -0.869732936 -0.234123929
21.515709567 1.877737917 20.516896798 0.100966905 -0.307008169 0.811234898 0.487288014
25.313691847 -5.592415331 18.132274622 0.892904070 0.403139400 0.166315277 0.111982922
16.978960186 -1.648186730 15.659933455 -0.905873020 -0.255251961 -0.202641358 0.270512455
17.516319111 -0.761876448 16.053616908 0.437733880 0.821094520 0.166202278 0.326450060
19.517409614 -5.392357680 25.123541775 -0.550370541 0.079801297 -0.631038928 -0.540845534
23.745863385 -8.313309066 22.700334778 -0.604609140 0.345891729 0.660540855 0.280165090
33.052853834 -4.044528800 23.508275911 -0.036477168 -0.617847105 0.403051044 0.674154453
26.226315586 -9.867066288 22.880109949 -0.613705518 0.541579723 0.012045756 -0.574379527
26.991312112 -11.082322576 12.221901416 0.648422210 -0.096167031 0.083021043 0.750605120
24.791114778 -2.223340100 21.563220130 -0.220691034 0.645738221 -0.650453030 -0.333509330
27.122927382 -9.929544792 23.465795197 0.712149667 0.455137120 -0.373289040 0.382555023
25.000572823 0.735694785 26.955759194 -0.200564080 -0.614364484 -0.380856354 0.661270572
23.003836668 -3.587536993 27.809206680 -0.004043884 0.838603666 0.534436826 -0.105379400
20.276528530 -4.023903932 19.479511668 -0.545524104 -0.681925838 -0.108871632 0.474897433
15.902560362 -3.369462888 23.364340170 0.467746027 0.546023683 -0.597769672 -0.354602892
22.998900426 -11.082101643 16.507071277 -0.475589123 0.260770873 0.665274063 0.513053563
29.378949577 0.512530652 20.085732971 0.805567821 -0.187535813 -0.501548683 0.253652760
20.392069596 -9.789480849 17.664718557 -0.416727984 0.542985569 -0.726696057 0.058457683
27.594153460 2.352789498 16.138311766 -0.234983104 -0.513099364 -0.498992345 -0.657661481
22.280517304 -2.207941318 20.633638235 0.193463258 0.468451500 0.417470844 0.754216981
25.385355465 -13.669330637 21.369017960 -0.487232614 0.594537850 0.198509411 -0.608048632
28.000067539 -6.207230578 18.560105953 -0.318138395 0.895815674 0.070776128 -0.302147281
16.144359416 -8.833676880 21.768018551 0.049901689 -0.761516478 0.622908056 -0.172011712
27.978540989 -5.178866958 14.558217934 -0.371516036 0.350182836 0.337763494 -0.790736137
18.224308526 -5.276788118 25.504436029 0.051802188 0.276775290 0.953066862 0.111245358
27.274488999 -8.279842528 12.830018269 -0.182971069 0.129317507 -0.253381151 0.941061402
