19.562794147 -13.180100502 20.157400823 -0.465138666 0.655497620 -0.008818414 -0.594887491
15.895742142 -14.925202761 21.494566842 0.335676131 -0.078660758 0.715111928 0.608069857
17.781251194 -11.120617027 27.797996422 -0.363147079 -0.158549907 0.893762779 0.210176642
28.383686426 -9.966998755 24.307572531 0.481287877 0.044486420 0.698753913 -0.527376438
29.612393387 -17.076594647 22.257572893 0.111270946 0.606801898 0.607645054 -0.500177690
32.340014782 -11.962303342 22.373299524 0.942404732 -0.054585235 0.322574877 0.069564518
17.765530153 -12.624841317 26.283422186 0.017458397 0.759214130 0.650582641 -0.005597964
16.979077991 -12.836662419 24.809477952 -0.281799487 -0.555611436 0.665089062 0.411754199
23.635021679 -18.761485118 28.335110437 0.152294154 -0.944013516 -0.247795981 -0.155698823
28.259025335 -20.847810263 22.145456225 -0.110288397 0.259751761 -0.049588760 -0.958074343
30.410605503 -8.140618318 20.236635859 -0.442617233 -0.165532965 0.712098185 -0.519235011
27.297891310 -8.070081902 22.533119507 -0.609611275 -0.459541269 0.362948599 -0.534288527
25.062705461 -16.369973571 24.135066728 -0.839759331 -0.267597356 0.007601182 -0.472375002
18.606650219 -17.522198932 23.965237276 -0.648188437 -0.281656250 0.408731081 -0.577460310
23.058209405 -20.274937723 27.749177726 0.395501212 0.353008405 -0.754195748 -0.387495330
29.580638020 -14.884404917 27.464759411 0.890527900 0.102187986 0.175850639 -0.406932707
24.991343258 -18.573565243 25.638554099 0.542424236 0.169260334 -0.610544124 -0.551690820
27.178840967 -5.679541947 27.740067978 -0.000850355 -0.711579247 -0.536991268 -0.453094505
17.435710688 -9.436321264 26.193436784 0.105579330 -0.415187051 0.896261098 -0.114842337
29.899122034 -4.971890232 24.209112262 -0.562796036 -0.261897574 0.371800739 0.690242344
23.238645724 -2.531057304 21.027889997 -0.562502732 -0.671846706 0.016327992 0.481607804
14.373097885 -11.661608257 19.968168503 -0.794449779 0.186820002 0.521628982 0.248698697
29.665811958 -12.816784842 14.570212968 -0.093825943 -0.499176712 -0.842895047 0.177615435
16.674623041 -13.523559564 23.953148279 -0.662342015 -0.208591638 -0.645688754 0.317613942
32.033294855 -13.622735008 21.842639121 0.241336856 0.094202095 0.384210338 -0.886151739
26.608814977 -10.682190895 22.985965273 0.602002569 0.077684429 0.772379604 -0.187050219
23.542811684 -6.328757658 20.257513907 0.562398214 0.395521801 0.387207466 0.614280988
14.593728933 -10.071939114 19.824716325 0.238027958 -0.231878045 0.408554537 -0.850093203
24.937435688 -13.868278956 24.540906392 0.035988216 0.466880242 0.438291455 -0.767221147
20.297172180 -10.735384749 21.088946297 0.262318607 0.565178962 -0.515746497 -0.588019761
27.767082275 -14.918081990 30.126035654 -0.609711842 0.391008497 -0.602642153 0.334942174
25.322179438 -16.000128338 16.523761289 -0.796654377 -0.500407983 -0.129649040 0.313248751
28.394193595 -9.470897239 15.478650591 -0.026713267 -0.926125594 -0.353813286 0.128038838
21.831090277 -8.579315166 13.752732360 -0.813355767 0.200340243 0.253616531 -0.483730129
28.875844338 -9.982305578 21.983049459 0.268604058 0.286915793 0.813813799 -0.428063417
28.804574127 -13.273575849 27.832408324 0.294743602 0.424501978 -0.671542414 -0.530994412
24.968216398 -20.583727811 25.853077991 0.577665997 -0.292230975 -0.295953066 -0.702363749
17.525292321 -11.421182512 14.948990585 -0.711644407 0.311539769 -0.457150688 -0.433034016
28.918905033 -5.920822708 16.796617524 -0.795162600 -0.575348813 0.189706666 0.026487042
31.989521889 -12.929169944 27.010109834 -0.239688697 0.887743418 0.392975018 0.005620260
20.932898131 -11.556775984 31.017188970 0.526358284 0.642968147 -0.034236763 -0.555307809
22.430348746 -10.331099037 19.470637332 0.155979142 -0.467007121 0.038333911 0.869543195
25.169045751 -19.328655785 22.941596883 0.819064826 0.474668954 -0.134627609 -0.292741526
21.458937337 -16.128237751 13.979965944 0.084360416 0.959432007 0.199992893 0.179934397
30.923251087 -16.870421205 21.041444008 -0.016695104 -0.331722247 -0.745116453 0.578345135
25.262615619 -8.217554684 17.339683955 0.434230447 0.260858638 -0.371610007 -0.778012013
26.697871019 -11.517819800 19.121839918 0.709426862 0.130378015 -0.511219353 -0.467300625
25.895115032 -21.440190070 20.923493367 0.362376156 0.837306540 -0.315231379 0.261209605
20.715575653 -8.410929337 15.106698194 0.277283316 -0.365437552 -0.351845858 0.815949662
17.694586502 -12.769871554 22.062141518 -0.377897045 0.315333496 0.843418707 -0.215414702
27.158866094 -20.201018785 24.261878446 -0.961824737 -0.140973323 -0.169958406 0.161659636
31.836440875 -15.670722814 19.579118557 -0.678879837 -0.583244462 0.336866396 0.292350980
19.956502390 -11.848465807 13.676076077 -0.751605591 -0.079328145 0.131825571 0.641418817
31.718561021 -7.695668825 21.152735787 -0.559507143 0.488543039 -0.619962827 0.252831068
26.801579686 -12.212419720 21.937598230 0.075753782 0.129753037 -0.899473876 0.410331890
31.540184377 -10.086540851 17.834838716 0.076226774 -0.982575388 -0.084225369 -0.147109390
19.877779046 -4.497396142 26.644179627 -0.501384110 -0.842064203 -0.114854610 0.162327665
18.679926886 -8.725217407 22.990242800 -0.420434280 -0.832226158 0.352112158 0.081557753
16.581526219 -13.682715278 27.141439517 -0.341269833 0.688827324 0.227711443 -0.597661541
17.834832915 -13.259100785 22.577959735 0.432440849 -0.408169749 0.679982416 0.428971189
19.237126971 -16.335289618 27.717402566 -0.067433882 0.522174705 -0.683832842 -0.505132551
15.719595059 -11.485348893 16.952607683 -0.529214298 -0.441836290 -0.667555476 -0.281216297
21.050648326 -10.612221032 18.727012175 0.363312150 0.447142833 0.710187267 0.404600562
29.169015859 -7.041814713 21.269516897 -0.489969411 -0.017910516 -0.850412517 0.190808124
30.923536525 -15.047486268 28.351337452 0.626866067 -0.533291120 -0.029850169 0.567228775
22.305214573 -6.615564500 25.102640574 -0.061610189 0.451684697 0.023400628 -0.889740147
26.404547570 -19.517330081 25.271142486 -0.468197010 -0.220684680 -0.771157025 -0.370684063
27.162746327 -18.606111366 23.623022197 -0.250984409 -0.071909149 -0.957301701 0.124134417
21.453477817 -12.349399578 30.176957089 0.130845221 -0.420834722 -0.157351075 0.883752400
27.322849683 -10.262721084 14.491548744 0.075909977 -0.233252206 0.936587447 0.250269931
31.219588223 -6.540800416 21.491405350 -0.126405058 0.336689759 -0.598766187 -0.715640148
25.583535893 -10.799740229 17.896236384 -0.424538484 -0.040382784 0.898808162 0.101391293
15.228891245 -10.647099118 18.454821115 0.754402642 0.583212207 0.016657202 -0.300770200
22.924094402 -7.618632832 19.494387986 0.493289456 -0.699829134 0.340158314 -0.388840606
20.600504990 -15.838049437 27.624292386 0.073048559 0.455463449 0.004656218 -0.887240257
19.302259574 -3.889035449 25.742076183 -0.358654296 -0.923344172 -0.107191635 -0.085513676
29.581196999 -6.323806000 27.488125941 -0.944975913 -0.271038744 -0.174814559 0.054757586
26.521457830 -19.006119796 23.386615290 0.958982312 -0.069620603 0.093378328 -0.258430619
24.982976348 -18.356544412 17.284730779 0.935838604 0.052385671 0.084826196 -0.338033084
25.121591077 -13.889936824 27.187022715 -0.170896870 0.918715092 -0.014510467 -0.355733449
20.591800861 -7.181874001 23.156637111 -0.363911031 -0.623739464 -0.585997456 0.367593286
28.368859021 -12.136862067 20.332234229 0.301815106 0.544276943 -0.765671689 0.162533429
32.957072034 -10.025489349 19.442357825 -0.781155931 0.088883669 0.093781432 -0.610819243
29.088105815 -12.109500353 26.104548820 -0.307471326 -0.815934294 0.282209288 0.400088151
27.564051101 -11.688171759 29.266767539 -0.977089687 0.064925157 -0.202359769 -0.011445184
28.898527025 -13.612805899 13.788510964 0.969763094 0.106819725 -0.044617553 0.214844974
28.491983156 -16.781512168 21.363930830 -0.049725064 -0.942344821 0.186507591 0.273365279
14.794521463 -10.714706325 18.653982296 0.773072300 -0.122451315 -0.086281573 0.616376821
24.071386431 -11.375326154 28.796856458 0.132592773 -0.327150778 -0.786855404 0.506211515
17.461806425 -9.283231695 16.960277831 -0.067636114 0.631356667 0.529858034 -0.562196211
31.321085633 -15.546144689 16.967649249 -0.636779075 -0.156264594 0.263440121 -0.707596700
25.460247735 -14.438449819 24.397427928 -0.297955219 0.231995392 0.024111349 -0.925645433
23.905431633 -17.645196829 15.967310564 -0.985905415 -0.155388190 -0.034790914 0.051328512
23.044034394 -17.502475507 22.541444068 0.732639553 -0.180057355 -0.629293346 0.186570415
28.618801025 -13.163940415 18.685619307 -0.395964147 0.701351930 -0.455948136 -0.378720427
26.922442216 -19.173139865 24.514073557 -0.893029503 -0.019692157 0.299361934 0.335399700
23.178288669 -8.440537731 16.652495552 0.151645318 0.666627672 0.653527954 -0.324826811
29.061833993 -11.300998516 24.187566663 0.065389298 0.012216182 -0.943561801 0.324447427
19.098831377 -17.340449015 23.240686916 -0.517945273 -0.672325749 -0.486799373 0.206729660
28.504595662 -17.573000164 23.949663515 0.483961425 0.499089442 0.137186477 0.705599701
25.977752839 -16.351652906 15.058723874 0.126740087 -0.750749151 -0.429793184 0.485376638
17.202021968 -14.728192767 23.191720798 -0.186800717 0.366884119 -0.021498937 -0.911064943
17.087467686 -7.831360725 18.419738498 0.353573076 -0.068714919 -0.912982281 -0.191644707
25.969958068 -17.299122057 16.172370298 -0.840412991 -0.426106958 0.012581890 -0.334634967
16.751112435 -15.653780820 23.032520812 -0.225916050 0.065522107 0.452332123 0.860269982
14.379502064 -13.677346953 23.638087963 0.855978544 -0.153374356 -0.470885350 0.148472309
20.121871257 -14.163129372 19.408812544 -0.295848193 0.889929551 -0.168670621 0.303396544
28.406469659 -15.634129455 25.208285214 0.618354378 0.415303453 0.576034148 0.336668332
28.983088579 -4.101826309 24.902340394 -0.113057042 0.342859021 -0.632075240 -0.685672435
22.929896806 -15.392857450 21.708598471 -0.552565238 0.525615251 0.627250637 -0.157977542
23.886932021 -6.909992536 21.061734925 0.539380267 0.045683184 -0.759226695 -0.361326445
19.157569621 -12.754750703 26.612756187 -0.434956617 0.314267787 0.800801146 0.266018842
25.607397027 -14.793123693 23.941005303 0.330946851 -0.588045257 -0.737618657 -0.024406444
21.193736040 -11.797130283 17.359876741 -0.417300377 0.703442573 -0.444512477 0.365291117
24.164167648 -10.694955225 17.579286687 0.407328153 -0.368832961 -0.040415434 0.834513400
28.200673097 -18.651730633 20.050689152 -0.292112731 -0.125421758 0.900421560 0.296952099
19.120724112 -19.993323124 19.708036832 -0.713343125 0.514026676 0.337977019 0.335692860
26.856248587 -7.657305837 30.513527580 -0.043587384 0.726881618 -0.355851913 -0.585758200
23.107912102 -16.968011026 13.631923547 -0.734063552 0.388524495 -0.535686505 0.152444703
24.479838565 -9.516826669 23.738776915 0.469314832 -0.299739469 -0.115402293 -0.822546138
19.221288870 -16.994291779 24.194652869 -0.988163002 0.018542895 0.119037873 -0.094973824
25.909483043 -7.866769378 23.208037119 0.641576635 -0.711214927 -0.147468476 -0.246588318
24.121050788 -6.220891008 24.963795193 0.167408820 -0.020677188 0.052801895 -0.984255404
22.539500730 -21.538047020 22.717827256 -0.047131950 0.199982063 -0.848554681 0.487586614
17.102831338 -8.286169394 25.969501192 0.936063424 -0.012756255 -0.261473035 0.235062536
27.904844054 -5.756592520 26.293937049 0.374740139 -0.727892062 0.569866367 0.070677420
19.110958503 -7.851079856 28.853623901 -0.712833420 0.091582107 0.147411938 -0.679522592
20.796247858 -8.250526120 17.334763912 0.466886389 -0.372947173 -0.132532424 0.790798750
14.828241414 -9.082789605 21.784916215 0.895771244 -0.190008873 0.282758877 -0.285548462
26.047918626 -6.870882274 22.803732593 0.305178905 0.007070575 0.143662482 0.941369712
16.443733154 -10.663114635 24.782912031 -0.765505340 -0.024825257 0.574698666 0.288282369
32.754581318 -14.301229153 23.803586277 -0.237869521 -0.242171144 -0.897227959 -0.282406121
21.644216756 -5.655131471 15.060877849 -0.216176484 -0.836144766 -0.480342390 0.152973353
28.915675454 -11.890947435 17.590367469 -0.389013260 -0.306983150 -0.456318563 0.739055748
18.422455150 -9.942238667 26.223615480 0.097911485 0.066449151 -0.975257690 -0.186735880
23.484694153 -7.445661324 24.977856896 0.332635072 0.059227302 -0.941091670 0.013874550
20.771871500 -13.587963004 19.853189937 -0.796155519 0.101937779 -0.506727319 -0.314598956
20.325300155 -15.079037807 20.950118040 0.026116425 0.488057521 0.234449999 0.840327904
30.654591004 -5.180037115 21.580174826 0.402661210 -0.018704713 -0.896891522 -0.181933177
22.318548053 -7.069342292 27.618221268 0.298004933 0.425888451 0.318634563 -0.792643743
14.092733323 -13.869907850 23.921126056 -0.703969140 0.324345101 -0.313382288 0.548652210
28.916994919 -18.466290921 20.345051124 0.133756211 -0.789878845 -0.470325765 -0.370127493
22.377650639 -6.356102022 15.019081495 -0.759918656 -0.404628575 0.381247775 -0.336822634
26.887097452 -14.701965633 13.228053317 -0.893898517 -0.285400422 0.027475743 -0.344582535
18.529231101 -14.424383460 29.109280966 0.519110580 -0.237679197 0.225431121 0.789438797
25.200617080 -3.541941494 19.920618881 0.016433568 -0.592906426 -0.229137940 0.771808080
31.061308044 -11.630314181 27.205819092 0.643306725 -0.086430386 -0.649213885 0.396494108
25.539345844 -19.791944110 28.167750665 -0.334163331 0.565101899 0.145456400 -0.740160218
23.765739811 -6.838359540 23.811094188 0.777250664 0.542749875 -0.219758914 -0.230239004
28.485648666 -13.531943328 23.078112681 0.387291885 0.439305406 -0.756982165 -0.289816766
19.600228072 -4.643499032 17.724429191 -0.352754653 -0.054958514 0.807820002 0.469010193
20.274717178 -7.206873222 28.761435023 -0.779481547 -0.228961449 -0.537039166 0.227099334
29.596462500 -15.114349555 18.097035912 0.908419372 0.268551274 -0.112345484 0.300054912
20.151790067 -10.036159428 20.083921348 -0.162312841 -0.358562329 -0.908424267 0.140900493
20.771309481 -8.433319001 17.826148088 0.729395842 0.144096613 0.503229119 0.440429705
20.811392323 -20.675661225 19.442190745 0.228941791 0.832439005 -0.498390961 0.078977274
18.078007276 -13.898600787 30.176055447 -0.600836946 0.542591234 -0.371498176 -0.454509430
27.631676757 -10.962048176 29.218168429 0.844083861 -0.461822197 0.191367726 -0.193961563
22.106675348 -5.581316739 22.005492478 0.845639442 -0.395038949 -0.062650774 0.353430394
16.322051472 -17.975530388 21.734519238 -0.272442829 0.517873230 0.490301763 0.645899686
24.579358928 -7.894250249 14.591878145 -0.754308487 0.034940006 -0.344343738 0.557875696
25.132082284 -17.407699418 30.025145476 -0.814689764 0.337716970 -0.309721906 0.355387362
18.451389960 -9.297015229 15.948020352 -0.882516140 -0.424146408 0.125353903 0.159848324
19.828840708 -15.688806496 17.628884482 0.046486412 -0.425229344 -0.653249156 0.624727588
23.719180778 -11.049425329 25.984095100 0.177158528 0.948256233 0.218449152 0.147325966
21.962316329 -14.574308143 26.899033755 -0.349174923 0.751514873 -0.179048194 -0.530324442
25.183940040 -10.053636441 25.774642770 -0.773471558 -0.501837593 -0.323407174 0.212858121
25.366889052 -3.861705378 16.665476859 -0.451384507 0.768351268 0.411973828 0.190173399
19.385327376 -17.340934449 28.936072676 0.307280239 0.421006501 0.801382594 0.293459229
16.670109784 -7.883515482 26.236880775 0.486097763 -0.556043017 -0.672020644 0.053975762
21.496485355 -8.062414374 20.949050693 -0.683183201 -0.476651013 -0.552663891 -0.025042957
17.286500823 -9.613682652 18.478914595 0.412780442 -0.256871783 0.399701619 0.777089319
24.464734414 -19.323086981 25.564461161 0.844113136 0.026115133 0.500165721 0.191377284
24.978793943 -20.412872049 16.988076236 -0.693024593 0.426538678 -0.578683447 -0.053917880
27.343678951 -7.864806908 13.865448306 -0.605337805 -0.251208208 -0.728067469 0.200943620
27.977945445 -13.052593786 24.770794120 0.205388575 -0.752027932 0.170912521 0.602543304
33.427448722 -11.095368400 22.613102096 -0.321400822 0.139431413 -0.841301061 -0.411670885
26.969513943 -13.683459982 25.261843075 -0.673593065 0.151803389 0.003675465 -0.723335748
16.977602989 -14.189311208 26.966787688 -0.108104654 -0.762745047 0.191973773 0.608012703
32.542627804 -9.462403668 20.741526210 0.084272561 -0.911502748 -0.249805060 0.315687040
26.235042088 -17.158878168 21.837512900 0.075876757 0.796782406 -0.238213564 -0.550122544
24.975341708 -8.204787753 21.133219673 -0.130462663 0.564587819 0.580711152 0.571834457
29.159749684 -7.149928016 17.326838980 -0.868961317 -0.417344757 -0.173800823 0.201302900
26.916562425 -6.573444890 25.569329773 0.607108125 -0.683797588 -0.401713792 0.049665005
27.275986656 -20.027062881 22.039255125 -0.792060614 0.171252348 -0.474882332 -0.343219153
19.510640954 -9.987525583 15.759532381 -0.931966306 -0.260620324 -0.249530314 0.035362038
25.163211282 -12.409280794 22.295280269 0.965671644 -0.038331700 0.242956966 -0.083551595
28.740771431 -4.168913063 23.570003912 0.242527095 -0.416160424 0.865600111 -0.136848664
27.240856363 -15.653125172 28.617446417 -0.139186699 -0.612692202 0.161617688 -0.760996092
25.944677755 -10.404962331 28.043471345 0.063267178 -0.510396053 -0.258248108 -0.817802573
27.970160578 -13.242525619 20.475055837 -0.861895529 -0.293300069 -0.356709414 0.209450616
27.689312302 -6.921714688 15.226921558 -0.554306286 -0.033601156 -0.824660922 0.107470308
28.995644135 -19.859399705 19.050766935 -0.419961377 0.154800133 -0.894212725 -0.007277564
24.408451321 -18.070960134 18.303292935 0.712531535 0.411233518 -0.514579552 -0.241647862
28.661492671 -19.897954266 25.493786263 -0.923665137 -0.054417269 0.194560799 -0.325618751
26.279760299 -7.913936160 29.763737130 0.028157334 0.386539325 0.113378513 0.914844155
19.153493379 -8.826191361 26.268377238 -0.625900992 -0.504479379 -0.546205231 0.235389783
26.702508728 -5.344997958 15.814699634 -0.649016717 -0.409776955 -0.267866309 -0.582329622
26.479244501 -9.039786477 22.783276795 0.644929105 0.269537726 -0.304485116 -0.647073935
22.364738783 -2.873031521 20.857283599 -0.474805535 0.068527377 0.521613650 -0.705537315
