19.846800469 5.818722406 37.767794068 -0.495821916 -0.412719704 -0.707262168 0.289142351
18.941424576 4.631134654 38.553744131 0.546414446 0.022944607 -0.351651572 -0.759767050
26.591289244 7.449004139 32.728731686 0.480158668 -0.099631673 0.807388395 0.328093223
13.433232876 -1.470599120 33.056623956 0.130521092 0.619219854 -0.245312297 -0.734406491
17.401713523 1.538296858 31.577753964 -0.295088534 0.040780565 0.843857095 -0.446278956
22.567140830 -0.097252063 32.556740426 -0.356218342 0.805357672 -0.063858018 0.469499379
21.289334003 -2.991548393 25.575458182 -0.446504966 -0.013099105 -0.504831555 -0.738652036
16.843891842 4.549361381 23.496961960 0.869612463 -0.168525010 -0.062403808 0.459868731
23.455715698 0.120170677 39.277495650 -0.368118933 -0.795386540 -0.469029324 -0.108904527
28.736649247 0.066067004 36.584661415 0.521846940 -0.374476496 -0.011849912 0.766356774
26.591508583 7.165082461 30.714462757 -0.910270135 0.403874715 0.022581041 0.088224672
19.821930702 -4.611617789 24.723323281 -0.011533023 0.174862682 0.450371515 -0.875474460
26.880850319 3.890439893 24.878565204 0.880399337 -0.408519944 -0.124310823 -0.206289316
17.900191124 -7.403385078 31.200095831 0.860510065 0.153960104 -0.266220322 -0.406134774
25.302025657 -1.052911336 37.588398377 -0.378146105 0.880418665 -0.159306280 0.237676265
22.135500102 5.567593830 35.593946678 -0.307883625 -0.461218076 -0.038201543 0.831279858
25.477470839 -3.051930717 22.582433041 0.305834660 0.542844037 -0.586134401 -0.517911167
19.434615932 -2.222861128 25.949077175 -0.521287738 0.583896442 0.455354970 0.424235654
19.336867341 11.001427567 31.229986808 0.340094062 0.166715709 -0.386880830 -0.840752713
16.607518644 4.029605857 31.344939252 0.782406476 -0.120456896 0.503516411 -0.346123483
27.548765306 -3.665008030 24.428408377 -0.511333854 -0.843404096 0.097021876 0.133394063
14.859392894 -0.170993197 26.891822591 -0.484064875 -0.165862419 0.243422222 0.823963881
21.546731003 1.552316152 31.702483127 -0.375787054 -0.616074206 0.143978560 -0.677131329
25.817476789 6.124302080 38.400959680 -0.451345052 0.878554427 -0.138192300 -0.073025006
22.318577652 -1.860440708 27.726131289 -0.380940532 -0.623147224 0.246747132 0.636936184
17.212969577 6.291061049 26.580075367 -0.042943436 -0.826936989 -0.155972754 0.538519802
20.855313131 -4.325351631 28.196237391 0.011511012 0.304195686 -0.063349003 0.950431157
15.904541704 -4.493355474 34.453796110 -0.893498729 0.276924670 0.243805012 0.255991923
20.729119004 9.983247380 27.989423107 -0.232362005 0.292420732 -0.754314369 0.539914666
19.495379191 3.768905657 22.110682553 0.808425267 -0.583612604 -0.005515528 -0.076252834
22.090019082 -0.531079914 23.031507445 0.754619520 0.638242970 0.147302572 0.038694242
19.048061429 -5.956429758 35.105274782 -0.452288519 -0.410401688 0.742397590 -0.275411273
27.992650485 -3.157145224 36.081302021 0.425435706 0.694719217 0.091929486 -0.572641807
27.582357071 -4.313831362 36.078288443 -0.865487955 -0.413925304 -0.017873552 0.281561678
21.173792918 -2.598664992 38.492370363 0.924537562 -0.353674818 0.141552885 0.010353712
24.860302558 -5.107086754 31.787787791 0.594651162 -0.589972543 -0.104807024 -0.536039067
27.307013440 0.699180894 34.985900891 -0.204405152 0.757577618 -0.612001724 -0.098734877
26.220056210 5.493021273 25.494360198 0.949006267 -0.133031332 -0.196873117 0.207197359
16.589391136 8.908584880 33.072186124 -0.503279598 -0.824186922 -0.257364957 0.034479604
18.709720505 1.034431591 30.346379224 -0.457984118 -0.287410284 0.729878500 -0.418238272
28.528420989 8.197375587 30.258944906 0.441196654 0.209653678 0.351294173 0.798738538
20.102531363 2.779626112 36.141053689 0.635180799 -0.071739111 -0.443521980 0.628241280
14.430541925 1.613807497 29.723878810 -0.572075912 0.169196565 -0.666182385 -0.447551900
19.938826978 2.668541869 22.078168100 -0.697550211 0.047724150 0.701813126 -0.136398111
27.259966246 9.343983965 29.774445030 0.474157067 0.722220368 -0.489051527 0.120005915
24.519812281 3.373222958 39.033691568 0.251586509 0.699212959 0.642223884 0.188026461
16.899298715 1.297455384 35.850239249 0.023740443 -0.243500703 -0.912733761 -0.327201590
20.822084204 4.335433250 29.788943339 -0.141809213 -0.134055457 -0.616866438 -0.762492675
20.672366732 1.597427006 29.364092331 0.636410255 -0.392310512 -0.438865427 0.498469244
29.446462711 -2.889209201 28.729853832 0.529354820 -0.069861007 0.844334005 0.044754907
15.907276162 2.177297361 24.627581842 0.615436534 0.754968196 0.114674063 -0.195219760
22.628022010 -4.083792398 32.566471991 0.416105580 -0.193508929 0.610621827 0.645407953
18.578344186 -4.986067066 31.305033216 0.830033963 0.540913418 -0.126648893 0.049156409
17.783344157 -1.630232510 31.996412348 -0.061117415 -0.549081659 -0.779479717 0.295271679
25.796087563 7.785577234 32.016905088 0.856686731 -0.158862784 0.341758948 0.352209147
20.711899507 -1.438277362 32.556378837 -0.252225040 0.157172162 -0.742287084 0.600574164
16.822241951 7.005776555 26.534574780 -0.355192908 -0.314644357 -0.687265510 0.550002769
26.959738486 0.532383353 34.403163792 -0.523661378 -0.091370830 -0.299355156 0.792348802
27.021919699 6.477924897 36.316734258 0.172506054 0.650713347 -0.523272661 0.522493563
22.705443382 6.808773952 25.650860325 -0.324404761 -0.747128349 0.043736965 0.578487561
25.221983331 7.117082255 32.005686096 0.506312597 -0.655815375 0.392664614 0.399209531
21.599059428 0.476550846 25.236434370 0.026133144 0.657272415 0.751236350 0.054350500
23.508247469 4.874610833 25.157323249 -0.042306713 -0.219648297 0.972225325 0.068867157
18.729200415 7.355638954 29.470497949 0.843471696 -0.401433290 0.174459519 0.311401170
25.371480274 -0.072719936 23.240132677 0.659661673 0.346758014 0.636725741 -0.197953749
22.819733914 3.861427183 21.255554829 -0.263091106 0.321910427 0.876842804 0.241461061
22.061885662 -2.735147235 27.104423435 0.301903254 0.079249540 -0.036494173 -0.949337722
24.848389572 -5.939048683 32.592366418 0.480933317 0.826456749 0.062237635 -0.286005007
20.007941595 0.442398535 34.274236412 0.594411554 -0.407064722 0.588011501 -0.367716863
21.048043801 -3.690634565 35.002935762 -0.203332805 -0.407592431 0.859543827 -0.231751137
17.182566787 9.759711788 27.794783856 -0.121167068 0.060650219 -0.989807586 -0.043829607
23.644741493 -2.077221827 27.517042473 -0.548980054 -0.589050842 0.169712026 0.568188203
18.896800396 6.490646630 35.985724684 0.479508861 0.525570184 -0.675061955 -0.195291040
26.668501992 1.462290762 25.981164890 0.355864714 0.200124066 0.231534478 0.883007615
27.903271443 -2.553217103 36.103856666 -0.038091185 -0.824336888 0.561231181 0.063539892
24.598972639 0.908276221 38.950054413 0.554027032 -0.307689471 -0.596449972 0.492573516
23.435656336 -1.514940535 30.510839693 -0.273456017 0.901477327 -0.084555821 0.324670215
22.410887137 6.226052669 35.627809082 0.587412800 -0.663828899 -0.432956960 -0.163785429
24.754844337 -7.269355757 32.880385817 -0.389913218 -0.464941601 0.711353013 -0.354646134
25.611471746 3.346319748 37.237003398 0.079940282 -0.132410291 0.962818862 0.221487935
13.951899225 5.861759360 34.830480899 -0.031577723 -0.485188987 0.795908189 -0.360727944
25.804968280 6.251059217 29.005755422 -0.689197058 -0.149632440 -0.664654143 -0.246682830
25.743852286 -0.870550689 31.718656219 0.308281763 0.443809414 0.675079537 0.502258078
20.161580660 2.648197615 35.980328281 -0.340751620 0.559607467 0.731779387 -0.187687891
25.006406476 2.245010103 29.165363104 -0.293194079 -0.497029869 -0.739967907 -0.345609661
29.860008264 3.251553978 26.647129387 -0.668728195 -0.640873992 0.370950355 -0.066925043
25.059954644 8.062766867 34.351203785 0.364313287 -0.288568950 0.230393416 -0.854940152
18.415487975 -1.215535687 27.240057337 -0.036320403 0.391517398 -0.906904066 -0.151393427
17.640505438 6.951075367 36.112980254 0.161189152 0.332154756 0.921360128 -0.121600946
20.158526824 11.189015563 30.612960165 0.922083723 0.281407464 -0.040235128 -0.262588236
18.591842980 -2.193927945 35.360714145 0.117073142 -0.398500488 -0.051872260 -0.908185284
15.377821976 -1.639693669 27.669577507 -0.486133406 0.454551640 -0.270524018 0.695610432
17.419776336 -1.413208132 35.309135268 -0.102890000 -0.147387977 -0.983118273 -0.034189093
21.196287955 -3.246695608 22.880569567 -0.713565222 0.203721450 -0.107618716 0.661619571
16.925851379 8.671959858 30.352492228 0.519053375 -0.589765320 0.296791943 0.542839758
16.545289055 7.006510642 32.178235540 -0.068923886 0.953517284 0.250719922 0.152295134
20.196995377 -0.430176047 22.005579539 -0.375394587 0.263736648 -0.143302828 0.876918573
18.237140388 2.508983578 31.663733977 -0.638537975 0.232085553 0.729074498 0.082800525
26.598556221 4.467025179 30.233873857 -0.654313594 -0.027730983 -0.536787020 0.531943991
19.045287969 3.914575982 34.819580026 0.755330980 -0.295939213 -0.413369568 0.413546483
25.327731768 5.798541758 32.308652182 0.486459534 0.863177985 -0.118483157 -0.065135468
20.417979427 6.592143025 24.769521543 -0.510407677 -0.742114945 0.416180695 -0.124671736
24.603444681 -0.707867956 24.986925105 -0.902823361 0.096747999 0.171263546 0.382385410
19.340301131 2.667063810 21.940697303 -0.931273691 -0.181139195 0.122809609 -0.291265693
28.180072644 0.352086596 34.103154768 0.205311858 0.343234563 0.394228424 -0.827418289
23.795753725 -5.866288297 27.038723542 0.552880530 -0.667569317 -0.497449391 0.034906006
19.483794948 -3.351839924 37.850486865 0.681439592 -0.448599453 -0.537339185 -0.213694206
25.721190960 2.986342409 22.662269872 -0.398601896 0.074411802 -0.659286851 0.633182644
23.673105858 -1.638854480 22.468237740 -0.315158054 0.445972098 -0.015986345 0.837573117
25.881360900 9.733826912 30.677287378 0.511998996 0.242782444 -0.823161531 -0.036315391
23.015737304 8.096098184 31.790617169 -0.269179977 0.408165239 -0.371163037 0.789418316
29.266756916 0.305324704 26.273447298 0.085536004 0.064277666 -0.832310402 0.543885437
19.155928854 -2.331075937 35.991749416 -0.411186950 -0.362459592 0.423118912 0.721469835
28.056632001 1.439321962 37.756881790 0.445221916 0.356630085 0.377592119 0.729394694
27.707285358 0.144556590 32.309547765 -0.347111805 0.822240499 0.196298296 0.406079962
16.391785432 -2.091358517 32.140446641 0.557558674 -0.108690997 0.800623189 0.190570463
18.669859814 2.553762649 31.788275849 -0.049591338 0.208980284 0.652176580 0.727003197
21.371685685 4.528317596 26.051412858 -0.437448318 -0.692990147 0.321952062 -0.474078575
18.246637953 -1.475058303 23.211837451 -0.370328881 0.829380968 -0.353198621 0.224130464
18.581953421 1.328314018 36.889193182 -0.499229022 0.354832127 -0.651420142 0.447790513
30.990996434 1.414349467 30.318740509 0.784894191 -0.341224130 -0.384564651 0.345857242
19.862697160 -1.223741762 21.649124324 0.200795625 0.342069347 0.837183640 -0.376554420
15.294895513 0.261376879 23.419781925 -0.002866830 0.357687961 0.926481556 0.116974486
28.574458038 2.781001887 28.829620500 0.406016447 -0.599488310 -0.022054461 -0.689404100
29.365844534 -1.181223170 32.013344234 0.880668245 0.445244823 0.135598698 0.088280704
18.555669875 4.324217634 33.767488261 0.763732795 0.576953126 -0.071791444 -0.280505432
22.698001015 4.049532869 22.271795270 -0.461174088 -0.198014263 0.794842553 -0.341077893
19.687564525 2.404210798 37.485275387 -0.479772421 0.527773522 0.063957413 -0.697984945
25.751797740 6.881636001 23.265061754 0.542318241 -0.308096303 -0.536461190 0.568486574
17.863160540 -1.707934904 34.698353256 0.096535058 0.650201243 0.372730032 0.654974541
29.310363848 5.281843766 26.994965201 0.968050241 0.203106658 -0.146068751 -0.017039286
27.044185204 4.858352578 24.638466219 0.572602313 -0.053547148 0.813276659 -0.088545862
22.847003115 0.892132966 39.386397943 0.920921239 0.062952190 0.359055972 -0.137912661
25.154055416 4.897639073 33.452282952 -0.045078240 0.298307682 0.374574169 0.876740937
29.062450106 -3.325609721 30.799875595 -0.996502324 -0.051629112 0.062945270 -0.018853302
28.925619615 -1.400216201 24.245564232 0.114265639 -0.444132282 0.094705247 0.883584063
18.120863138 -2.678362807 30.400231706 -0.249695777 -0.103672812 0.332837787 -0.903395248
20.901167898 2.154930873 21.253015099 -0.421913235 0.844816895 -0.228692683 -0.236586755
17.479638174 9.419146686 34.486151237 -0.279221891 0.320624000 0.061134617 0.903049248
27.553065615 5.006456312 32.488778209 0.074052582 0.172154288 0.408222097 0.893439330
22.943387964 0.055597880 37.129613989 -0.122138938 -0.931914593 0.048819961 -0.337985033
28.477286413 2.959327413 28.963124089 -0.195794968 0.407849617 0.119438015 -0.883774621
29.160009661 -4.812803978 29.979925397 0.173503113 -0.314654028 -0.631365754 0.687216703
21.935217491 4.535053871 26.982511986 0.375467121 -0.551640155 0.740521591 -0.079657730
23.623047489 7.275713056 36.696017679 0.507324904 0.755065308 0.389462367 0.144280584
21.148842015 10.375524580 34.515629144 -0.414448637 -0.727275753 -0.531868466 0.128133683
15.080360610 -1.747040867 27.276033179 0.738336497 0.141947223 -0.352037441 0.557476316
26.713321916 -4.709334009 28.008456328 0.194981435 -0.917473816 0.311825614 -0.151620655
16.990073276 1.486983124 29.876599625 -0.473285107 0.079072663 -0.628382153 0.612278198
17.957759477 4.615946699 27.965847748 -0.404947504 0.903879642 0.051049166 -0.128113595
17.320071397 -4.694247718 25.439390939 -0.176085972 0.102407726 0.418970222 0.884856113
19.711059789 4.768965632 22.472613941 0.273072912 -0.806111052 -0.506212466 -0.139158529
22.962189991 3.902269869 39.695442475 0.397352836 -0.115424410 -0.833447277 -0.366269800
18.665142361 7.487890964 32.763235971 -0.494357584 0.122159014 -0.532803538 -0.675875835
24.788560177 6.813839509 34.202999768 -0.157564131 0.404845593 0.613231046 0.659713025
20.513128220 2.784810209 29.743842804 0.459268530 -0.199188489 -0.640626982 0.582231427
28.839050233 -2.128740331 29.532049797 -0.629489674 0.036504690 0.580879894 0.514770538
25.129350718 3.912732485 35.010598436 -0.279904222 0.907523153 -0.313078423 0.006103690
19.199468307 0.711909285 34.963675195 0.350609323 -0.867895122 -0.350868637 -0.026876747
15.577549353 3.097789660 26.378475102 -0.119294625 -0.291670306 0.931396211 -0.182204069
17.392589463 1.192010973 29.457117800 0.815515862 0.116246389 -0.501705310 -0.264031131
22.349859305 1.898941660 36.243133266 -0.606660818 -0.745765972 -0.234260921 0.144629141
27.190639599 -2.235168607 31.307304494 0.525296095 0.701015700 0.472591955 0.096425330
17.274201794 5.627841103 26.458530341 0.445347779 -0.513932776 -0.694596028 -0.234680240
18.914965085 0.785866509 26.405416271 -0.088912808 -0.148746031 -0.913133636 -0.368993353
20.244462615 -2.773886678 30.244577064 -0.551046339 -0.119545911 -0.032481375 0.825228252
19.887531337 4.462831642 39.303743652 0.652379822 -0.522121025 -0.459130859 0.301643925
19.185445788 -4.761528327 37.462776986 0.858035213 -0.498761521 -0.110917846 -0.052055268
23.568148174 3.312921431 30.059372036 0.141434419 -0.818880119 0.408149994 -0.377948724
21.039224245 2.520616305 28.332275910 0.017643149 -0.676965597 0.730551757 0.087752096
16.287134873 -3.367294471 28.320540553 0.725632866 0.507346743 0.430530665 0.175212932
26.258424219 -4.993690063 34.458778036 0.232727789 -0.480866019 -0.352948354 0.768136125
29.178433385 3.319244924 29.580161318 0.627618429 0.101179907 0.662321329 -0.396469660
29.268843333 -1.427109498 27.247098019 0.142211748 0.441736775 -0.767592679 -0.442092659
28.506329526 2.759220545 30.417950188 -0.142295810 0.085414491 -0.526350570 0.833913272
19.444099163 3.063588048 38.901363818 0.158818286 0.075302190 0.960454467 -0.215948022
15.493747555 4.000080830 26.478480315 0.637674207 -0.391628906 -0.294781039 0.594224322
28.369930057 4.901647237 26.901810626 0.954050752 -0.024471109 0.233481310 -0.186211724
24.616756144 3.639130073 27.418317327 -0.202603328 0.084597896 -0.972658241 0.075703595
20.479229365 6.850990016 30.925445154 0.436563788 0.194264285 -0.357331315 -0.802488491
22.185881410 -0.340085795 25.148611281 -0.554603546 -0.377856573 -0.621484757 -0.404222729
14.278370124 -2.365117555 29.772407338 -0.761831851 -0.024423905 -0.381117124 0.523225994
25.977003817 0.129776903 33.742553712 -0.500188342 0.771622017 -0.108567498 0.377656171
17.671681191 7.234811236 25.433938182 0.216057588 -0.853591435 -0.411328942 -0.235604079
20.495122284 -5.182474893 34.304269947 0.302869221 -0.678890335 0.090814538 -0.662669501
19.160519488 7.259616947 29.047258568 0.525929639 -0.162514985 0.604902444 -0.575395453
19.272941827 -1.164390231 28.030143716 -0.492234367 -0.191011018 -0.320141864 -0.786593482
20.553049701 2.201264892 32.572805467 -0.053504607 -0.042501504 -0.801930469 0.593496758
13.239837884 5.719992434 28.232076146 -0.771272562 -0.215658721 -0.412931468 -0.433725205
19.791358117 -6.390868490 33.325018181 0.581014168 -0.041056314 0.329730662 -0.742976854
18.746429180 8.828130609 27.198812933 0.857382135 -0.299579392 -0.355271498 -0.221201774
19.223045640 9.880199423 31.680170939 0.700732937 0.288572773 -0.490310510 0.430458719
17.651460770 0.510538715 36.069125193 -0.317733119 -0.828117209 -0.459281212 0.048252693
16.408171696 4.071685784 36.187072348 -0.507232094 -0.110883892 -0.846069638 -0.120774721
14.232012356 6.040909168 33.010286479 -0.235775081 0.317563011 0.103667041 0.912588072
21.576988824 5.497968556 24.116082871 -0.253038758 0.583094651 -0.421164721 -0.646987089
13.493294275 3.310464995 32.832826852 0.580442732 -0.731437600 -0.342692415 -0.103185180
28.295004105 -0.908451416 24.727010459 0.114871432 -0.130416504 -0.041864439 0.983891995
16.745704658 5.353230020 29.451065479 0.058097844 -0.575220395 0.713398311 -0.395991146
29.366368580 3.317346722 36.894992819 0.002958870 0.599023028 0.484637824 -0.637407905
