9.401325118 11.427283328 32.116340573 0.360339058 0.480008001 0.746889918 -0.286187933
-0.272292685 1.305918952 32.745117126 0.064826503 -0.529427722 -0.810256537 0.242874777
-0.003211088 15.706457507 32.054587151 -0.095523899 0.499156680 0.860228632 0.041527017
-0.669107485 6.066390476 30.220496502 -0.876522170 -0.236681954 -0.419060955 -0.008857396
2.755408427 10.157965186 35.708562361 0.643035870 0.627342082 0.438229829 -0.030023308
4.536737362 0.839651464 27.407704945 0.181441628 -0.698698688 0.531744506 -0.442884702
-0.110046059 4.334484879 33.610138786 -0.465017565 0.589912133 -0.635891201 -0.177213767
1.203220875 0.877395096 35.599786299 0.016835516 -0.929654684 0.335449907 -0.151433466
5.924801851 6.247469596 36.761306638 0.302651161 0.090238956 -0.785656446 -0.531980408
5.510672741 6.678195261 33.584006298 0.244573583 -0.441913961 0.416716118 -0.755806517
6.535509972 1.415373032 38.783356639 -0.775416229 0.377421107 -0.341496029 0.373715724
3.625265471 9.122238363 35.243378014 0.674621202 -0.275707981 0.257363152 -0.634535697
1.208921300 15.182097478 33.349386251 0.516457160 0.842802825 0.103714406 -0.110447821
-0.706623173 1.020767705 29.027923417 -0.722232052 0.572850731 0.296419897 0.249716133
-4.542188882 7.059364929 32.200026370 -0.136624566 0.452064355 0.029410246 -0.880969117
0.713986894 5.567459214 28.078385244 -0.818111653 0.499265594 -0.219113417 0.182801804
4.114315541 12.052452097 33.053148663 0.907649595 -0.162209736 0.385060456 0.039857996
-4.969158467 3.405661741 34.153243652 -0.234268867 -0.128632064 0.304088979 -0.914386014
-3.350506493 3.891426059 30.857769444 -0.659020775 0.238380819 -0.003370006 0.713340624
4.511083265 11.813250630 42.423070436 -0.060753595 0.378728557 0.588778765 -0.711486646
2.815952367 -1.151263875 34.175181654 -0.335149652 -0.690856128 0.219665932 -0.601780192
4.363686109 7.738197956 26.893690542 -0.006693865 0.235159888 0.525770529 -0.817447472
9.300622775 10.523496360 30.753643272 -0.208515807 -0.581390822 0.532637610 -0.578621679
-3.386901392 7.734967492 34.511553903 0.278896509 0.592308895 -0.128929526 0.744824870
3.643018386 1.646976508 34.669913093 -0.707952755 0.212152731 -0.672770719 -0.034258944
11.899113608 2.981453371 32.619198748 -0.842822138 -0.300569417 -0.175993424 0.410286710
12.074973560 4.200953913 31.818993182 0.018183120 0.918642247 0.335195525 -0.208350081
9.296221647 5.368637294 36.060432214 -0.073115008 -0.928769887 -0.345697886 -0.111953846
4.942142073 4.374710890 32.600612365 0.556109111 0.405688431 0.655763371 -0.310054759
6.576799854 3.591792640 32.338742907 -0.921909260 0.090112755 -0.057944622 0.372297499
0.289942419 4.633425429 33.645445004 0.692770050 0.289225672 -0.392582517 0.531316417
6.613231988 8.898530559 30.420978598 0.332292525 -0.055402801 -0.130902246 0.932403780
0.992100586 3.741497147 28.909082183 -0.062133150 -0.289007033 -0.605768487 0.738687313
2.400157710 0.860873403 34.171618091 0.331914115 -0.286847119 -0.648384548 -0.622213170
0.757054957 1.199362672 40.258298165 -0.232605074 0.091365370 -0.825217489 -0.506520823
-5.675956884 7.483589652 35.781735845 -0.058270144 0.279373339 -0.775610184 0.563013295
3.991830798 15.563997892 36.158102782 0.252967106 -0.677341957 -0.379042376 -0.577531293
0.240024300 3.279750091 33.911754120 0.060182759 -0.413593738 -0.485740378 -0.767707327
5.259210169 7.796470493 36.880280544 -0.357768935 0.876841391 0.253512988 -0.197184504
4.954368833 3.583435612 40.833099333 -0.683518949 0.537339810 -0.064361718 0.489821746
8.599748917 5.523450040 40.795025675 0.080001757 -0.751885424 -0.640542471 0.134064802
4.663294106 4.541460862 40.379286208 0.042044063 0.711431326 -0.453481605 0.535212294
-2.408048130 10.428345133 40.459832943 0.841894317 0.070602292 -0.044393335 -0.533158989
-1.039149117 0.896711345 31.285765560 -0.197127566 -0.096897156 -0.239998687 -0.945596264
10.314572503 10.562255001 32.892658796 -0.181604092 -0.052970788 0.327466063 0.925732157
8.390956689 6.303548318 35.467676127 -0.559466851 -0.695344160 -0.370414489 -0.257461549
11.238212534 13.874697145 34.741506360 -0.493287729 0.819633407 0.061849438 0.284680418
5.907434671 2.063096863 37.136518697 0.308089518 0.787099621 0.113262378 -0.522232389
2.217539550 11.646963278 29.353233616 0.197085450 -0.904729660 0.320596215 0.199598686
4.195569522 3.870059872 31.822392094 -0.526811453 0.466058410 -0.540279384 0.461906308
6.435314591 4.038345813 39.228955666 -0.078462061 -0.108982587 -0.545027348 0.827593917
-4.285722476 2.974241634 37.901017001 -0.066557484 0.202624092 -0.965996343 0.146166494
0.279378819 6.331219050 28.278455402 0.002732706 0.095565549 0.911129157 0.400878307
0.106961662 8.810957458 35.030980567 0.177273681 0.825631127 0.111254889 -0.523955755
6.349025621 9.207589311 31.429872982 -0.797687656 -0.434536586 -0.398248896 -0.127554598
5.797663130 6.216199557 25.465555123 0.388828792 0.609526770 0.069692364 0.687337080
-0.901153627 5.928826452 34.882996006 -0.570987006 -0.493088691 0.621338080 -0.211604282
2.243689716 0.083999604 34.343484505 0.509371535 0.582266516 -0.623937241 -0.110492819
-0.930698473 10.004306327 26.398329470 -0.934345763 0.338513087 0.022675891 -0.109053611
6.965777595 12.305150172 35.211151553 -0.281997668 -0.272966388 0.363046081 -0.845082368
8.408693968 8.539780732 29.351187946 0.107375198 0.174918950 0.287742695 -0.935456076
5.343792129 8.168303336 39.937454225 -0.488739408 0.815265141 -0.309104105 -0.030515465
3.786383179 4.299402687 34.460917898 -0.160130634 -0.749970163 0.553852867 0.324268311
3.264356071 16.257763147 32.018325716 0.941894107 0.104519447 0.169050867 -0.270800627
6.176275382 3.865041701 35.674456983 0.278720275 0.492998497 0.090193276 0.819226869
8.917408972 8.231557242 25.837933027 -0.207274408 -0.065663253 0.935649104 0.278004338
0.698131557 5.391101372 42.636082738 0.417541784 0.501344827 0.407886220 0.638702634
1.586964560 11.470792401 30.531449123 0.903500878 0.178030683 0.141631713 0.363224032
-2.369802187 0.383180225 31.847345229 -0.046767512 0.673965165 -0.456123550 -0.579253886
8.839681631 14.620291579 34.737759338 0.475787183 0.460146544 0.101635543 -0.742672156
3.740167953 5.277119200 28.929918276 -0.368657187 -0.316695845 -0.734217180 0.474047205
4.613487121 -2.663123295 34.605016196 0.723172591 0.630216963 0.281018031 0.029611633
8.443890522 8.735948674 37.280231109 0.689633423 -0.616822638 -0.158254982 -0.344805650
0.391623664 12.807036536 31.340067712 0.878737287 -0.336518272 0.312685105 0.129631237
2.824677926 4.980883270 41.407143670 -0.076044016 -0.145083579 -0.256927736 -0.952447480
5.937453323 9.217267413 36.053223841 -0.622282892 -0.710718416 -0.153488288 0.289973587
7.447304196 1.310278668 31.769220706 0.118180062 0.766213440 -0.594830457 -0.212431553
0.006041083 5.342072154 38.575538150 -0.143169712 0.949378450 -0.169512822 -0.222369953
0.842562580 11.165174894 33.378013499 -0.721393986 -0.166895455 -0.569170059 0.357466177
1.101516512 16.483314630 34.457320319 0.530863474 0.281182333 0.426079962 0.676443888
9.279358526 1.383811965 30.552713572 0.726404293 0.393840034 -0.557292634 0.081558269
7.754819201 6.114892901 33.472793380 -0.087028726 -0.534292231 0.688736282 0.482286375
3.413473622 7.312134516 41.490652173 -0.365528843 -0.209543667 0.071295123 -0.904100173
7.089773529 8.510801798 32.903501253 -0.750422785 0.290942848 -0.543833954 -0.237618462
7.009901572 6.857967601 31.079845225 0.134368526 -0.346901238 0.392105548 0.841342897
-4.848312141 4.401583408 35.328076095 -0.732846917 0.407969103 -0.542475426 0.047085241
-1.140119748 12.864572529 30.457635804 -0.090928290 0.283485147 -0.912123676 -0.281777601
7.496973118 2.605090711 42.560386012 0.582022720 0.350169299 -0.639212505 -0.360608360
8.322729417 1.008699634 36.272595226 -0.368218390 0.893630614 -0.008265307 -0.256459018
2.207430687 6.220659565 34.499865977 0.747102355 0.214487209 -0.463365286 0.425588909
9.450421415 1.434494635 38.683132375 -0.288803101 -0.493309808 -0.578052788 0.582317076
4.410813918 -0.114911914 41.400250624 -0.605348163 0.309229431 -0.324573469 -0.657710288
13.169114312 4.273863378 36.731549973 -0.263859187 -0.322719515 -0.066370764 -0.906545843
7.495100093 7.396674848 31.364330089 -0.588909145 0.247112257 -0.315198365 0.701976882
10.339948555 11.410805048 32.519419371 0.256335982 0.873329413 -0.072298958 0.407873094
7.071930379 10.902229173 26.258248954 0.886893761 0.315900260 -0.152929338 -0.300398235
5.185983377 5.903111406 40.181588911 -0.423344395 0.192392853 -0.587745789 -0.662056947
3.303756028 6.016546319 43.453388720 0.232889235 0.603487000 0.469641568 -0.600835121
6.428675303 12.858707845 33.019535491 -0.277682171 -0.769252618 -0.071743267 0.570960529
1.704924579 3.571884874 34.468096606 0.127883519 0.328660425 0.787549115 -0.505365731
0.754281967 8.450308382 25.636710053 -0.565023948 0.103694937 0.071213887 -0.815428648
11.228050880 8.864717524 37.180017472 -0.550535903 -0.302041017 0.732936642 0.261697005
4.878564590 11.507943719 37.170174006 0.776594422 -0.307967476 0.080148376 0.543721781
9.678567171 13.114253341 39.268815044 -0.540243319 0.689427648 0.429787506 0.219338493
5.061037725 12.266565181 38.412717560 0.297511773 -0.356420932 0.883433232 -0.063218572
7.106763651 14.750452352 36.940799347 0.026152689 0.176637590 0.972874782 0.147070925
-1.701482513 7.261978501 36.024911943 0.719740349 0.041852866 -0.443061449 0.532840239
3.737424250 11.810209676 27.701151199 -0.134663953 0.083100353 -0.987018431 0.027469414
1.845336341 11.355298695 36.255462498 0.182112965 0.161646135 0.039802592 0.969082633
6.560039314 11.183253968 28.386326042 -0.909005979 0.190653208 0.111896721 0.353325074
12.167939572 7.260263131 32.751699113 -0.677614136 -0.641546928 -0.348933450 0.086614483
3.708228428 15.148752673 34.788241305 0.292277666 0.163123336 -0.788466860 -0.516027668
2.004882987 -0.288947200 34.016453609 -0.704970724 -0.634283969 0.311444842 0.060845989
2.629883867 16.662326848 32.810818172 -0.704560846 0.468155761 -0.042396984 -0.531626461
11.282208483 1.686840060 36.487951950 0.499133222 0.452820581 -0.113582863 -0.730012658
2.928682364 4.508840009 26.035904114 0.238318493 -0.281746407 -0.632135084 0.681343154
4.566018814 3.870185284 29.233514736 0.310976673 0.043811397 0.598886366 -0.736687987
11.650299350 6.051308778 30.262087850 0.465928728 0.160085348 0.345458394 0.798712464
1.750520609 11.054423963 38.758332106 0.002770945 0.928160632 0.356542534 -0.106712624
-2.770269403 7.541284418 39.626327655 -0.641388107 0.204820621 0.702638755 -0.230149059
-1.023639596 15.010521556 32.352449463 -0.697875271 0.056720660 0.444578632 -0.558661537
1.165389609 1.960578980 32.986293124 0.156690368 0.964143847 -0.041447403 0.210135395
8.307538407 12.772788377 38.244107512 -0.819434269 -0.141675244 -0.542765030 0.117735830
6.091190430 6.922494172 32.178818017 0.598667411 -0.030179882 -0.208432171 0.772814684
7.731100962 13.657392697 34.354458205 0.217202134 -0.490828524 -0.221654810 0.814112853
5.536980031 3.894625151 25.967724442 0.397396660 -0.483393617 0.740865557 0.243976909
5.024166799 3.422767716 37.205550614 -0.731208659 0.180011607 -0.604733690 0.259281474
5.391168441 0.080850049 39.343563506 -0.470540266 0.055046685 0.862448155 0.178170985
3.623298085 8.023117758 32.170535525 -0.525274557 -0.469711160 -0.324578200 -0.630957255
9.994944473 4.816073967 37.463669877 -0.295163092 -0.466990020 0.823693005 0.127784603
12.778732523 7.653416778 39.329294608 0.804037303 0.327439697 0.462371050 0.180333779
3.075240644 14.260250332 40.830996282 -0.544235435 -0.060157671 -0.445039303 -0.708610516
6.520596407 5.146763480 39.119280177 -0.694061252 -0.127967709 -0.613976975 0.353462188
8.014556476 4.128259469 32.999237246 0.929444252 0.289076718 0.013119743 -0.228901519
1.719325926 1.184383781 34.588172871 0.670851264 0.033425509 0.278906309 -0.686332709
11.520176597 12.814059483 32.637282704 0.488939716 -0.579222635 -0.378321080 -0.531330645
7.330067956 11.508826524 29.581122798 -0.001077912 0.174198146 -0.720119031 -0.671626700
2.770494432 0.013019515 36.560963630 -0.091163043 0.902299115 0.175836894 0.382919044
8.470740346 2.695343950 41.621321380 -0.416406261 -0.229653178 -0.332792517 0.814318356
0.281157174 -0.975911795 36.259656113 -0.846659605 -0.249919058 0.436564081 -0.173550511
-0.371624631 5.176951328 40.813058344 -0.019965470 -0.618602977 0.099465621 -0.779126644
5.236401645 10.393829556 35.930753976 -0.458797171 -0.033098988 0.847266637 -0.265610352
5.198116494 -2.267755041 33.159435287 0.437423352 0.722003187 0.158757059 -0.512023833
9.317813102 9.527135065 38.869448102 -0.839140268 0.357427424 0.116943498 0.392954787
0.997019407 2.126708608 28.019208851 0.456384887 -0.312652911 0.322056648 0.768271116
5.079349235 7.537795978 36.669884424 -0.745598608 0.389323633 0.138696606 -0.522755274
2.944393645 8.307175506 29.273729282 -0.072358328 0.524307828 0.567368381 -0.630839674
4.991887991 5.022009104 37.088227139 0.536381487 0.536942064 0.035641899 -0.650167497
13.422771268 5.421868319 35.582038809 -0.586848347 0.670334260 0.192974729 -0.411122551
0.239397262 12.336117452 33.950194748 -0.103456230 -0.092486655 0.661945868 0.736593983
10.333858034 12.282468072 28.931073124 -0.231025050 -0.922012832 0.050430675 0.306555886
5.896586255 13.974441301 37.051873322 0.509803617 0.051893067 0.582068691 -0.631350474
8.276091710 12.092944208 28.529027335 0.668620303 -0.273907345 0.168026358 0.670588398
7.183881991 2.976284667 30.504311596 -0.747030213 -0.485101834 -0.417079208 0.180740157
1.673952375 4.332407104 30.710116146 -0.032089614 0.071359053 -0.154438642 0.984899410
7.013304328 3.104746100 26.103170292 -0.177272472 0.973939893 0.118931395 -0.076621656
5.962564344 -1.141737757 29.442999464 -0.345500421 -0.890111732 -0.091662067 -0.282716517
10.447643644 0.090842235 32.174564067 0.447348835 -0.685367539 -0.567348222 0.090919475
2.934149383 10.931007785 41.218753590 0.438507678 0.686857518 -0.339347520 0.469873415
-1.003706093 3.065973417 31.626549307 0.298024716 -0.554471335 0.479126517 -0.611703023
-2.499147008 8.789365413 40.750110320 0.230578214 0.453708579 -0.505353937 0.696849776
-4.501501746 7.527508205 37.493538608 -0.506125770 0.122198422 0.642311204 -0.562441613
8.190315625 10.736501348 42.579029513 0.449945452 0.745637840 -0.299626012 -0.389612058
-3.337272570 9.430052182 37.922408278 0.696820227 -0.653088967 -0.036286698 -0.294278182
0.464020764 7.640486846 31.103059635 0.343867084 -0.429312846 0.002024600 -0.835129816
3.986542811 12.339557384 27.005490829 0.897707549 -0.021309016 -0.325154841 -0.296549173
-0.617699418 8.633357234 30.153623487 -0.297301971 0.127189889 0.267081191 0.907800588
5.271665260 12.614954047 40.342841584 0.451227643 0.271556022 -0.136153127 -0.839114573
10.277139843 13.675035284 37.422274127 -0.444416459 0.416458239 0.786195836 0.104654923
2.239465627 2.128879589 38.344433772 0.084831420 0.654125172 0.096232784 -0.745428159
0.521243193 2.721438756 28.370321294 -0.188733763 0.065799478 0.978491174 -0.051039367
10.960513069 2.586131877 31.571878889 -0.441104313 -0.281733158 0.525162097 0.671012805
3.141335056 -1.772515794 30.732880330 -0.204251906 0.956549775 -0.047467401 -0.202584629
-1.524155625 10.276032395 35.466971138 -0.072773193 0.191827351 0.887066045 -0.413545839
1.639338027 4.446198210 34.290131008 0.044925067 0.687326312 0.389255669 -0.611591615
-3.243056427 10.183856095 30.021922501 0.567796209 -0.010625337 0.085487850 -0.818649128
2.542211720 11.626823189 32.032149962 0.873610426 -0.259937314 0.305759703 0.275224310
6.812805835 11.044893839 35.009791475 0.226104303 -0.384926055 -0.488238696 -0.749887827
8.409635858 6.621698581 42.388602876 0.165524977 -0.962715488 -0.194467205 -0.089234958
8.019834831 3.279690892 38.753298923 0.757312756 0.218739649 -0.548157416 -0.279560017
5.413158858 6.299791622 41.835202927 -0.696029534 -0.043338081 -0.612389340 -0.372349292
-0.065739708 7.761190383 42.706636286 -0.212164407 0.315707737 0.738153683 0.557175045
3.190588321 5.998959154 27.886583211 -0.245792995 0.263533769 0.517686173 -0.775974731
6.806587658 8.486524966 28.377919560 0.641890215 0.486108241 0.069496903 0.588936253
3.929430600 5.130716965 30.092821420 -0.248273160 -0.477353017 -0.745287275 0.393752984
0.397186940 3.999615916 40.645181786 -0.103626216 0.336992006 -0.495476138 0.793852248
9.680733330 11.170783459 36.943222872 0.299569698 0.340094555 0.758857544 -0.467684635
-3.526212287 10.620342949 33.853484291 0.696354838 -0.470860484 -0.120154700 0.528150729
7.208160193 12.692106975 32.576909339 -0.739625660 0.502610437 -0.441707533 0.072326255
7.758099876 10.658792632 35.572153341 -0.379529928 -0.376121965 -0.643738929 0.547804246
4.118100398 -0.150916226 37.973538287 0.209299256 0.478771378 0.157759599 -0.837904349
-2.493994526 13.264866550 30.349943180 0.091504008 0.433837043 -0.619254875 0.648024565
-1.203341187 8.341249000 31.218911919 0.484537148 0.636493840 0.414407556 0.434011199
3.205532122 -1.699148961 36.928807739 0.098992140 0.348727333 0.809515356 0.461816730
3.706683785 11.120234405 31.937095113 -0.596273183 0.172548847 0.636376260 0.457941526
2.486795373 8.195431134 28.790973482 0.938240548 -0.217920621 -0.125256237 0.237752291
3.644473749 3.184191174 34.520984819 -0.552050700 0.524870323 0.511129503 -0.398117822
10.286231450 2.725874844 28.391040466 -0.157907585 0.431965183 0.538654054 0.705920028
-0.744212763 10.714229957 32.646139250 0.793915152 -0.559410325 -0.102000823 0.215301303
3.319861204 2.693751101 38.965194805 -0.845996817 0.209702510 0.340216730 0.352940249
