-12.729294227 17.180342906 15.418422004 0.017206337 -0.203092582 0.616857621 0.760226296
0.835412873 25.765370599 16.042377311 -0.344568631 -0.409033551 0.226993168 0.813903013
0.945001164 24.144858436 21.975096649 -0.217705713 0.450511223 -0.172950164 -0.848370262
-3.856116960 23.455310212 15.424672233 -0.065394287 -0.264246813 0.633867245 0.723954090
-8.012050494 20.212488132 26.955288424 -0.552199770 -0.478620962 0.309681828 0.608353971
-1.724068281 22.945335411 18.905565397 0.083372574 -0.480310036 0.449818055 0.748341500
-5.222712885 13.397454135 13.434397943 0.932701005 0.159298210 -0.230488472 -0.227085843
1.321138636 21.174055560 20.219558907 -0.871006358 -0.445665108 -0.028281926 0.204769791
-10.229001054 17.373006983 21.103018595 -0.088595521 0.145999948 -0.200393771 0.964716116
-7.390511965 14.200193845 19.026399953 0.086276041 0.872849848 -0.006479130 -0.480257856
-11.034615643 12.675766458 19.495206794 -0.857312422 0.404535175 0.093864762 0.304230357
-4.775980943 21.804655714 18.856609771 0.269453234 -0.551792596 -0.682070089 0.397114945
-8.868888074 18.078191773 24.658776527 -0.115475594 -0.082967535 -0.971285180 -0.190753437
0.097764425 28.154188789 20.540482609 0.568734324 -0.275903956 0.343932975 0.694354653
-1.281730378 23.410821359 11.209789418 0.141041684 0.584523972 0.798101691 -0.038375259
-1.874888664 13.597000803 17.239844160 0.714581560 0.031850204 0.058399318 -0.696382278
-11.414798764 18.056201394 22.074785115 0.877515953 -0.168128389 0.165721473 -0.417414650
-2.615070766 21.526762920 21.628669677 0.667893766 -0.675786520 -0.308368666 -0.046252166
-8.276226426 24.506099765 17.633848915 -0.319263162 0.179818077 -0.275796882 -0.888635230
1.036850136 18.389470957 27.280795609 0.365687642 0.167178818 -0.902539083 -0.154100599
-2.251361630 20.983570625 21.122429103 0.068318545 0.768647443 0.632355715 -0.068117058
-4.505855100 12.879715555 24.926434361 0.066995076 0.358170801 0.846113607 0.388994989
-12.111860073 18.462423634 25.862785351 0.825243770 -0.263797130 0.252470675 0.430862335
-7.880235876 28.450923673 16.361945327 -0.016185346 0.282773293 0.955737632 -0.079642187
-1.295429676 22.967738814 12.204335478 -0.417819563 -0.655886279 -0.584793079 0.230774904
0.059436507 13.863734609 13.860260142 -0.031676768 -0.138411196 0.924080461 0.354843944
4.052558088 21.415046471 16.952701328 0.123522715 0.184867700 0.346127332 0.911461432
1.921150519 26.281830137 20.882811503 -0.979403038 0.129140396 0.131213821 0.082917911
2.858997660 18.780846600 26.301379070 0.563545869 -0.639863598 -0.520679326 0.043401254
-2.795074394 14.497634679 27.306499088 -0.493968138 0.260779212 0.676152907 0.480423695
1.835891914 21.962811050 17.296894678 -0.620303633 0.118211313 -0.255647821 0.732047594
-2.179579899 27.768974371 15.547687264 -0.118173895 -0.680338056 0.031478098 0.722623131
-10.661240530 16.597353401 17.297047256 -0.184099096 0.002291583 -0.483197602 -0.855933612
-9.878518223 25.167065239 18.164584664 0.080796987 0.390194056 0.809326418 0.431521952
-5.494857923 15.330829860 23.388016155 -0.535170659 -0.230730976 0.770063525 0.259533717
-2.188603922 23.882674806 26.356923133 -0.695542590 -0.177632598 0.226505255 0.658302769
-0.895816289 21.722421018 12.760212526 -0.270811242 -0.323099936 -0.219985874 0.879701039
-10.063745129 13.659690764 21.400962805 0.111024234 -0.077396553 0.066162593 0.988587833
-8.956284590 24.454155782 16.547239423 -0.917464394 -0.187205796 -0.265031380 0.230155259
3.846692062 16.649670729 15.965617239 -0.018782808 0.798349034 -0.257387463 -0.544093484
-0.578169665 13.250279501 25.030596059 -0.482970968 0.632865803 0.587957937 -0.143266825
-4.260334807 19.034235987 12.251149064 -0.480781245 -0.349369119 -0.738111532 -0.319346177
0.717697551 24.373233133 23.460813807 -0.911573259 0.407518035 -0.007845116 0.053867414
-0.776905322 23.423284132 15.573892682 -0.776096425 0.128785266 -0.326712536 0.523782027
-5.219617534 20.129648637 20.962034186 0.509467191 -0.064807543 0.205476087 -0.833080273
-8.435088602 11.840616123 18.079676124 -0.048842107 -0.201526832 -0.965186669 -0.159424210
-1.266952556 16.057297097 21.359534949 0.197896350 0.191138962 0.643666118 0.714140644
-3.451619675 22.096639692 13.761527966 -0.025647308 0.444039452 0.040230726 0.894736089
-9.394143636 25.712966423 19.865853684 -0.325758784 -0.347609689 0.437778244 -0.762495198
-4.539724402 15.312795353 27.266770415 0.173000142 -0.829695572 0.244501521 0.471057550
-1.635810662 27.109006270 14.396128700 -0.010451894 -0.035681399 -0.816264274 0.576480903
-5.072181080 18.062033938 13.306999924 0.722310272 -0.436382508 0.330139925 0.422901652
-3.529971006 18.191033880 18.165612100 0.960718447 -0.214032729 0.163916125 -0.065890512
-12.669632024 18.803114126 21.805933627 0.470196786 -0.525293129 -0.708173240 0.038376743
-2.898145747 10.771278115 23.431045453 0.598535962 0.785050510 -0.144103126 0.068444770
-10.098405450 15.659794068 19.244245109 0.366130885 -0.849912767 0.107556307 0.363356717
0.682360883 17.474227502 14.747821722 0.395047254 -0.002620202 -0.376070364 0.838153854
-2.333593447 14.706883758 15.009232077 0.245184265 -0.767236270 -0.169462811 -0.567904515
-10.140979627 16.683742614 18.344586139 -0.828267083 0.558703260 -0.020823279 -0.037292049
-0.544421164 16.671060763 14.027643016 -0.056449742 0.139960133 -0.148580080 -0.977317015
-4.350307889 28.091974872 17.387408773 0.704977510 -0.426449849 0.348225896 0.447086079
-6.099738435 17.190123518 13.696786848 0.322636393 0.025631467 0.116595805 -0.938964432
-8.795202188 26.650891439 17.744926759 0.010493986 -0.057937339 0.926601133 0.371407434
-0.258459748 18.662760330 25.558191086 -0.357082235 0.547435888 0.088515933 -0.751645632
-7.387987153 19.902308828 12.960848042 -0.451733899 -0.250960829 -0.581154974 -0.628660515
-4.595999585 19.699009154 19.418236622 0.447297188 0.001044861 0.450634254 0.772562556
1.130827116 13.787807247 20.066466215 0.513732460 0.206477253 0.832706304 -0.006805508
-7.090988910 23.418190955 21.790167150 -0.655969458 0.341089931 0.567981312 0.361606083
-3.638168666 21.191187455 20.900006171 0.531929813 -0.689041298 0.225840762 0.437342789
-9.279108512 21.822011237 11.492974469 -0.146014369 0.253023222 -0.831633347 0.472276433
-0.299390576 26.633722489 21.349778698 -0.030088411 0.019094669 -0.987457619 0.153810050
-7.931548250 17.550096502 17.075323843 -0.131019523 -0.152574221 0.979221110 -0.026096142
-8.690664676 23.311257223 14.338073494 0.425915844 -0.515943558 0.699982531 0.249844742
-2.584570190 18.498544037 18.353669013 -0.008373673 0.729631826 -0.550527764 -0.405569305
-2.240030132 17.441299547 11.668422696 0.438539482 0.428026341 0.663731335 0.428879108
-4.379151878 20.552942731 26.165336428 -0.974925272 -0.190434961 -0.114368879 0.013228749
-11.341702145 18.048484881 26.234249205 0.745160605 0.077051875 0.504135373 0.429704790
-4.265728279 19.444992301 26.569848937 -0.135781222 0.054968643 -0.623330643 0.768115107
-6.445031057 29.168847305 19.854979144 0.164585446 -0.518291572 0.022408132 -0.838917965
-9.497110971 17.645016250 18.378830181 0.392994428 -0.662142558 0.315507811 0.554596640
-6.504159060 17.028091642 18.263354130 0.267055690 0.780719450 0.246366962 -0.508391305
-4.657118589 17.956070168 26.798898546 0.114868399 -0.764994617 -0.127992297 0.620650029
-11.268522297 24.580664073 16.925943767 -0.694105590 0.687295579 -0.087127481 0.195578677
-0.056031271 19.612458777 10.940842641 0.261302588 -0.593978978 0.449239466 -0.614079663
-4.749343702 10.496838569 19.380064289 0.012737088 0.291382818 0.511658930 -0.808170131
2.445455317 24.894269048 21.498097682 -0.456918239 0.377110346 -0.074808117 -0.802132942
1.094300584 24.563961662 21.278334032 0.353703758 -0.018307502 0.905322811 -0.234412234
-13.500584394 21.022442632 23.121242312 -0.349600455 0.905682597 0.203056368 0.127619224
-3.508524337 22.853200688 28.334299494 0.467891278 0.217942013 -0.856394553 -0.012938344
1.791500804 22.896902172 26.349432251 0.603223281 -0.318571612 0.333327706 -0.650789092
-12.361603643 25.578945715 20.297064381 -0.737690796 -0.352230224 -0.308150211 0.486610323
-1.932603319 20.041081291 23.069439077 -0.028471688 -0.811386316 -0.582450522 -0.039912386
-10.646218728 21.772034446 25.485516673 -0.339494263 -0.690560486 0.129147671 0.625452428
-1.514327708 21.678860053 27.539964734 -0.515211675 0.790209587 -0.018670505 0.331326349
-0.782652387 17.001478884 27.534527442 -0.185593204 -0.066252158 -0.913705936 0.355397351
-0.315592141 25.154737320 19.018228793 0.110133558 0.366245064 -0.911855046 0.149182863
-3.605688274 11.842206976 15.689392470 -0.322037741 -0.533748887 0.265513343 -0.735463448
-13.325334434 20.241569937 22.653560350 -0.875800821 0.435852908 -0.046963024 0.201989206
-6.553673445 22.375679030 15.737138451 -0.254401685 0.965117520 -0.061688590 0.004740525
-12.847702731 19.630071301 15.243503818 -0.172224097 0.206027577 0.029432139 0.962821503
0.430856614 14.577922566 24.293663023 0.115455052 0.914782524 -0.370550370 0.111961994
-3.205137279 17.618526499 20.526794716 -0.251460477 -0.770195931 -0.496777521 0.311091548
-6.028979520 16.514063730 14.840261423 0.780575913 -0.256131170 -0.260661113 0.507103395
-12.026681108 22.009197499 14.381784393 -0.369738816 -0.803291021 0.289763482 -0.366133676
-2.815907014 20.270081233 25.533563772 0.652207997 0.238882259 -0.656692507 0.293794055
-4.118424709 24.704186181 13.258786488 0.836503683 0.279302243 -0.416330442 -0.221180489
-4.367199019 12.731793954 26.522566744 -0.159177399 0.455834383 -0.846044577 0.226022443
3.835741192 18.498921783 14.452465056 0.168452634 -0.664368450 -0.727828199 -0.022458532
-10.663702984 18.852853998 26.343391937 0.671790919 -0.361327772 0.640804717 -0.086651697
-7.816398867 27.835456546 17.234315427 -0.228910498 0.091821966 0.817898448 -0.519818082
-10.979458812 19.996296835 24.819198870 0.233158577 0.004867544 0.802059796 -0.549830400
-3.758061142 20.527395729 26.267802183 -0.906504509 -0.365026345 -0.156628931 -0.143082916
-1.460508531 16.795989280 17.991193911 0.523945572 -0.236403764 -0.812340584 0.098473721
3.900159614 24.970871364 21.499447014 0.213014457 -0.753598753 0.585525162 -0.209461321
-7.797656349 28.483471000 23.393965960 -0.409568246 0.561756096 -0.440627067 -0.567918768
-2.199272857 26.998093283 17.168423032 -0.396501196 0.679697859 -0.393648910 -0.475224323
-6.253277108 10.339178194 21.210346953 0.770184470 0.001479433 0.375568310 0.515521230
-4.398618173 18.261173847 13.612531012 0.571738852 0.275497004 0.073956045 0.769250668
-1.643778462 14.920866697 26.321423403 0.225274424 -0.307844831 0.886289351 -0.262629358
-8.658794606 18.001965837 14.619064720 -0.076040123 -0.422383599 0.051889900 -0.901730244
-8.901009153 14.554939574 20.905347509 0.509397202 0.122192281 -0.766785456 -0.370976551
-13.217276145 22.670423556 22.665761530 -0.294500937 -0.814058053 0.391464367 0.311984510
-0.813493688 13.962497712 13.302013282 -0.801520117 -0.002112952 -0.217813226 0.556882784
3.729316940 15.863613227 15.847879217 -0.805855073 0.408567710 0.092579562 0.418448386
-4.982709572 24.010102258 24.327314673 0.094728719 -0.947992068 -0.187779076 0.238906942
1.775316521 22.649880255 16.672771872 0.211096245 0.149969409 -0.458647948 0.850052711
-0.411193392 24.262207092 13.391418918 -0.728039488 0.096619835 -0.603398329 -0.310698516
-11.175189699 20.268051947 25.470140500 0.131861871 0.577724738 0.780773045 0.198090955
-6.143665734 22.150344948 26.122299196 0.142766896 0.070074879 -0.923152564 -0.349994955
-0.395755031 18.283339154 28.184944910 0.475967519 -0.281147670 0.403391214 0.729168319
-9.026603840 12.761161653 17.853393792 -0.312202374 0.086544332 0.263595926 -0.908601642
-0.587126871 15.752511469 27.304177412 -0.249731569 -0.000252742 0.515884746 0.819449211
-5.081760463 27.534309970 22.754067236 -0.032275444 -0.601973134 0.750989950 0.269445239
-3.168733332 20.844564498 17.498452349 -0.173256343 0.781718082 -0.273152563 -0.533185481
-3.255730574 27.061190468 19.342320971 -0.733747164 0.081882843 -0.118638515 0.663954217
-9.352443408 25.054511097 20.256207917 0.095552558 0.001357681 -0.348003927 0.932609850
-3.811833275 21.351681591 20.331612408 -0.428031825 -0.368565131 -0.528950609 -0.633371734
2.319631504 26.046695847 18.154056304 -0.260047854 0.511769429 -0.813513050 0.093078904
2.001930816 22.624911072 26.350352162 0.237243633 0.188527633 -0.801504415 0.515522515
-5.803456100 16.163303782 11.333287696 0.788760028 -0.546704657 -0.025551709 0.279854865
-1.778163240 24.992122441 22.867154309 0.417899275 -0.870757920 0.181068432 0.185351188
-7.389357172 22.389610280 15.164880195 0.090591337 -0.013079727 0.419673945 0.903048122
-0.764951340 24.571014491 16.219617507 0.111842741 -0.696726588 0.694101407 0.142430687
-9.389459594 22.924605322 17.601084651 0.058717487 0.056578052 0.875254520 -0.476739663
0.571730260 20.989656352 17.960505532 -0.383997387 -0.897864145 0.215077181 -0.011304380
-2.883509971 21.676779601 18.558320881 0.281983510 -0.715367500 -0.605287054 -0.205820851
-2.032507335 16.773106001 10.816064193 0.025399800 -0.778357204 -0.213690322 0.589789250
-6.024571195 18.464567808 26.210722831 -0.912577048 0.085019348 -0.373242978 -0.143751594
-8.508938655 18.972923355 24.655697088 -0.737328949 -0.580372303 -0.245363852 -0.243537658
-5.152964285 20.094671617 12.599179310 0.909003585 -0.211635069 0.197019375 -0.300177356
-3.093958191 24.310916634 11.359822160 0.770800527 0.035643112 0.493698318 -0.401071175
-2.415933728 19.210755264 13.046860711 0.352914807 -0.404797590 -0.620985113 0.570935671
-2.174440262 19.295979939 14.100983331 0.878902889 -0.075417820 -0.097390542 -0.460822033
-8.308706971 11.384221660 17.232098622 0.575837509 -0.253209721 0.187211318 0.754485204
-7.719266810 14.312680245 14.333250429 0.799238236 -0.031543497 -0.407212211 0.440909815
-11.698670688 19.082084314 16.842046426 -0.809612108 -0.239451214 -0.467677549 -0.261665935
0.129160815 23.896486168 14.893276274 0.324372408 -0.908534143 -0.126689629 -0.230863576
-0.377639476 22.770362463 16.897563676 0.244568668 -0.963410457 -0.093906689 -0.056639140
-6.001459300 20.969437499 26.415270629 0.901808007 -0.393043658 0.120905647 0.132818773
-3.053183762 22.780017766 22.894110170 0.821910267 0.170369536 0.449880710 -0.305032919
-0.103077174 26.967254018 17.532944864 -0.192153081 0.620991106 -0.343775690 0.677691312
-1.262512646 12.909417954 26.210388339 -0.235755123 -0.774986155 -0.575678887 -0.111399284
-1.551054793 13.843037445 15.395896294 0.340477313 -0.503594069 -0.767853292 -0.202162151
-3.307631832 11.103964106 18.408100314 -0.316939135 -0.475714692 -0.587028326 -0.573273810
-1.205850582 20.755141399 26.528494215 -0.680778378 0.246107428 -0.269191529 -0.635222681
1.324197188 22.856783020 14.702961786 -0.116687436 -0.846078888 0.448836125 0.262832059
-2.596788470 25.290392330 22.595732971 0.736205936 -0.203605237 0.604610933 -0.225812638
-2.604767421 15.709837935 25.915863186 0.821109545 0.545184941 -0.077802054 -0.149997787
2.089600671 14.523713898 19.418239783 -0.476293199 -0.204524601 0.765275426 0.381664773
0.416298923 12.482047612 16.288184142 -0.780191909 -0.372730452 -0.321437778 -0.386070395
1.103401361 21.648176416 19.430864487 -0.199704232 0.522322125 0.399433569 -0.726464480
-3.833596997 19.076229534 17.762484883 0.217070899 0.675831054 -0.507586739 0.488352653
-13.977294840 20.355364079 20.690785895 -0.059168157 0.613226167 0.230837061 0.753104939
1.904027941 15.630946516 15.152919081 0.253077023 -0.421149502 -0.672756478 0.553158059
-9.533962856 26.113251446 23.253563444 0.427622325 -0.794212362 0.426941329 -0.063929430
-2.785879065 18.131472026 22.569837241 -0.410315365 -0.853286619 -0.228464726 -0.226599023
-3.287534216 21.077640469 19.857448357 -0.137840185 0.545640387 -0.172618939 -0.808380698
-9.983556039 23.207531255 22.338471807 0.050820429 -0.736302066 0.667589573 0.097983225
-2.023353387 16.369813830 24.055577746 -0.632964513 0.564900580 0.490143467 0.200006604
-4.718325093 24.786007586 11.574743066 -0.691292959 -0.575480331 0.436807817 -0.011634628
-10.154788256 25.169569704 22.871703721 -0.221975550 0.024337263 -0.970499939 -0.090908860
-1.955794729 27.925539007 15.060878659 -0.075651885 0.254999478 0.812565550 0.518641770
-6.669966282 11.881495158 23.167431752 -0.259772664 -0.692427435 0.588415146 -0.326848630
0.648366598 26.816546830 14.748687750 0.306802440 -0.657363804 -0.389438856 0.567523100
-2.920523418 17.825311790 14.224189967 -0.029282630 -0.200976135 -0.547659360 0.811677489
-3.600221048 25.977669826 14.500938278 -0.403392504 0.411323320 -0.294177702 0.762592351
-0.401447209 22.764128378 21.899488765 -0.862658010 -0.249394354 -0.313125419 0.309153823
-12.854631204 21.080862110 20.267400870 0.278201146 -0.706285399 0.550173711 -0.347956816
-10.735268940 12.804655217 20.313789428 -0.264197277 -0.943232089 -0.184061769 0.081451149
-0.388006251 24.964598483 26.427065394 -0.801956559 0.357210416 -0.110098682 0.465987851
-5.427450648 28.178330241 23.647137626 -0.244087656 -0.263324597 -0.220307136 -0.906943294
-4.521145383 14.061211490 16.685377545 0.045895279 0.344928921 0.645719854 -0.679678993
-5.867171984 15.145709595 14.384833524 0.463375973 -0.190971032 -0.845542038 -0.184041937
-4.169353981 18.899309942 28.833517914 -0.270484454 -0.408730496 0.768074328 0.412115722
-3.915291071 18.655540488 10.979695353 -0.311753441 0.548181451 0.767769930 -0.113297056
1.030860162 18.374499794 11.962634047 -0.045131769 0.585672188 -0.628627697 -0.509684637
0.440760280 16.456220266 16.140643896 -0.143462230 -0.784639414 -0.600492300 0.056290111
4.948273139 18.691762168 17.042697721 0.180229873 -0.547819303 -0.676245180 0.458370658
-4.586127110 26.528455460 24.915484080 -0.044157111 -0.463658091 0.253693752 0.847768131
-11.550914273 23.741010061 23.822267129 -0.673765331 0.306008484 0.360068193 -0.568110889
