complex.1.pdb	0	23.683	46.322
complex.2.pdb	0	19.337	46.820
complex.3.pdb	0	21.644	43.630
complex.4.pdb	0	25.488	49.641
complex.5.pdb	0	24.738	49.848
complex.6.pdb	0	27.329	57.121
complex.7.pdb	0	23.511	47.448
complex.8.pdb	0	25.587	55.903
complex.9.pdb	0	20.856	42.117
complex.10.pdb	0	20.832	44.095
complex.11.pdb	0	23.083	47.951
complex.12.pdb	0	26.614	55.481
complex.13.pdb	0	26.150	50.522
complex.14.pdb	0	24.489	50.008
complex.15.pdb	0	27.817	53.446
complex.16.pdb	0	21.304	43.689
complex.17.pdb	0	28.166	55.740
complex.18.pdb	0.0568182	18.225	45.941
complex.19.pdb	0.0568182	16.938	43.380
complex.20.pdb	0	24.317	46.775
complex.21.pdb	0	21.754	44.537
complex.22.pdb	0	22.991	55.144
complex.23.pdb	0.0227273	17.738	44.248
complex.24.pdb	0.0227273	18.389	46.316
complex.25.pdb	0	20.865	44.231
complex.26.pdb	0.0568182	19.096	44.916
complex.27.pdb	0.0795455	19.542	45.079
complex.28.pdb	0.0113636	21.008	44.811
complex.29.pdb	0	26.097	59.580
complex.30.pdb	0	28.513	68.007
complex.31.pdb	0	19.728	47.403
complex.32.pdb	0	25.752	50.630
complex.33.pdb	0.0681818	19.618	41.194
complex.34.pdb	0.0227273	19.262	46.231
complex.35.pdb	0	20.027	46.546
complex.36.pdb	0	26.674	62.995
complex.37.pdb	0	24.341	57.891
complex.38.pdb	0	21.474	45.144
complex.39.pdb	0	23.179	48.081
complex.40.pdb	0	26.086	50.311
complex.41.pdb	0	23.186	47.440
complex.42.pdb	0.0227273	21.370	46.254
complex.43.pdb	0	27.059	56.982
complex.44.pdb	0	21.720	51.763
complex.45.pdb	0	20.494	45.824
complex.46.pdb	0	16.294	37.707
complex.47.pdb	0	22.058	47.480
complex.48.pdb	0	26.974	51.302
complex.49.pdb	0	18.923	40.700
complex.50.pdb	0.0909091	18.390	47.106
complex.51.pdb	0.147727	13.583	31.383
complex.52.pdb	0	20.558	45.833
complex.53.pdb	0.0340909	20.091	40.583
complex.54.pdb	0	28.859	57.234
complex.55.pdb	0.0227273	17.376	43.940
complex.56.pdb	0.0113636	19.122	49.409
complex.57.pdb	0	26.404	61.871
complex.58.pdb	0	22.235	47.466
complex.59.pdb	0	25.965	49.408
complex.60.pdb	0	25.065	58.291
complex.61.pdb	0	19.969	48.055
complex.62.pdb	0	27.426	64.129
complex.63.pdb	0	22.746	44.332
complex.64.pdb	0	24.897	56.996
complex.65.pdb	0	27.789	62.826
complex.66.pdb	0.0227273	20.663	46.030
complex.67.pdb	0	20.946	42.890
complex.68.pdb	0	27.169	57.412
complex.69.pdb	0	21.963	47.830
complex.70.pdb	0	20.997	51.077
complex.71.pdb	0	21.427	46.966
complex.72.pdb	0.0568182	19.712	42.511
complex.73.pdb	0	19.086	44.047
complex.74.pdb	0	19.897	42.766
complex.75.pdb	0	22.371	46.405
complex.76.pdb	0	25.185	51.038
complex.77.pdb	0.0681818	17.069	42.797
complex.78.pdb	0	25.124	47.916
complex.79.pdb	0.0227273	17.687	42.608
complex.80.pdb	0	19.372	46.376
complex.81.pdb	0	25.256	55.895
complex.82.pdb	0	21.754	52.528
complex.83.pdb	0	22.026	42.978
complex.84.pdb	0.0113636	19.642	43.774
complex.85.pdb	0.0113636	18.947	41.936
complex.86.pdb	0	29.249	63.040
complex.87.pdb	0	25.179	55.268
complex.88.pdb	0	27.695	66.577
complex.89.pdb	0	21.140	46.362
complex.90.pdb	0	27.365	53.603
complex.91.pdb	0.0340909	20.807	47.856
complex.92.pdb	0	22.304	47.803
complex.93.pdb	0	27.805	61.087
complex.94.pdb	0	25.080	53.379
complex.95.pdb	0	27.447	53.899
complex.96.pdb	0	28.005	53.393
complex.97.pdb	0	27.749	56.141
complex.98.pdb	0	25.250	60.195
complex.99.pdb	0	19.936	39.480
complex.100.pdb	0	21.274	49.910
complex.101.pdb	0	22.696	44.960
complex.102.pdb	0	27.488	53.702
complex.103.pdb	0	21.878	47.731
complex.104.pdb	0.0113636	20.563	43.713
complex.105.pdb	0	21.497	47.517
complex.106.pdb	0	19.291	44.228
complex.107.pdb	0	28.500	51.625
complex.108.pdb	0	27.402	63.153
complex.109.pdb	0.0113636	16.222	35.962
complex.110.pdb	0	21.136	45.022
complex.111.pdb	0	26.626	52.214
complex.112.pdb	0	22.196	53.965
complex.113.pdb	0	23.127	44.907
complex.114.pdb	0	21.490	43.669
complex.115.pdb	0	27.962	57.303
complex.116.pdb	0	18.821	42.694
complex.117.pdb	0	23.394	51.034
complex.118.pdb	0	22.484	47.858
complex.119.pdb	0.0113636	20.254	44.823
complex.120.pdb	0	28.929	65.158
complex.121.pdb	0	23.341	44.323
complex.122.pdb	0.113636	14.678	35.430
complex.123.pdb	0	21.000	44.440
complex.124.pdb	0	28.097	57.955
complex.125.pdb	0.0113636	16.240	37.243
complex.126.pdb	0	29.129	64.499
complex.127.pdb	0	29.470	58.836
complex.128.pdb	0	22.958	46.391
complex.129.pdb	0.0227273	20.540	45.555
complex.130.pdb	0	27.178	62.029
complex.131.pdb	0.0568182	15.205	32.077
complex.132.pdb	0.0113636	20.595	41.468
complex.133.pdb	0.0568182	19.516	48.569
complex.134.pdb	0.0454545	17.353	43.503
complex.135.pdb	0	20.858	45.688
complex.136.pdb	0	20.017	48.586
complex.137.pdb	0	20.915	44.591
complex.138.pdb	0	26.872	62.420
complex.139.pdb	0	19.406	48.003
complex.140.pdb	0	24.708	58.373
complex.141.pdb	0.125	15.700	31.793
complex.142.pdb	0	24.350	51.793
complex.143.pdb	0	24.944	58.405
complex.144.pdb	0	25.061	61.208
complex.145.pdb	0.181818	14.151	31.524
complex.146.pdb	0	23.979	47.026
complex.147.pdb	0.0227273	19.839	39.611
complex.148.pdb	0	21.152	44.269
complex.149.pdb	0	19.558	41.301
complex.150.pdb	0	27.740	51.152
complex.151.pdb	0	21.806	45.693
complex.152.pdb	0	23.644	57.484
complex.153.pdb	0	27.486	54.712
complex.154.pdb	0	27.089	52.869
complex.155.pdb	0	28.547	58.839
complex.156.pdb	0	29.814	58.703
complex.157.pdb	0.0340909	18.823	44.288
complex.158.pdb	0.0681818	13.817	32.913
complex.159.pdb	0.0681818	18.973	44.603
complex.160.pdb	0	28.025	58.562
complex.161.pdb	0	27.489	52.242
complex.162.pdb	0	23.193	45.754
complex.163.pdb	0	28.070	65.079
complex.164.pdb	0	28.862	62.647
complex.165.pdb	0.0340909	20.431	45.298
complex.166.pdb	0	20.049	44.108
complex.167.pdb	0	20.343	46.063
complex.168.pdb	0	22.575	46.361
complex.169.pdb	0	23.326	53.467
complex.170.pdb	0.113636	14.895	34.914
complex.171.pdb	0	20.323	48.846
complex.172.pdb	0.0227273	20.897	41.078
complex.173.pdb	0	25.283	58.806
complex.174.pdb	0	26.089	48.379
complex.175.pdb	0	27.523	63.524
complex.176.pdb	0	25.736	50.575
complex.177.pdb	0	26.576	53.277
complex.178.pdb	0	22.297	48.245
complex.179.pdb	0.0681818	20.509	43.089
complex.180.pdb	0	29.610	56.937
complex.181.pdb	0.0113636	21.078	47.547
complex.182.pdb	0	27.625	61.100
complex.183.pdb	0	21.047	41.007
complex.184.pdb	0	19.913	40.735
complex.185.pdb	0	16.139	34.767
complex.186.pdb	0.0113636	19.314	46.429
complex.187.pdb	0	23.524	46.765
complex.188.pdb	0	22.645	44.261
complex.189.pdb	0	15.749	32.524
complex.190.pdb	0	27.199	64.573
complex.191.pdb	0	27.106	54.273
complex.192.pdb	0	18.967	41.051
complex.193.pdb	0	23.978	53.188
complex.194.pdb	0	29.068	56.032
complex.195.pdb	0	20.106	38.543
complex.196.pdb	0	27.105	63.168
complex.197.pdb	0.170455	14.523	33.627
complex.198.pdb	0	21.801	45.788
complex.199.pdb	0	17.807	41.041
complex.200.pdb	0	21.747	48.592
complex.201.pdb	0.0909091	17.056	42.555
complex.202.pdb	0	26.550	51.868
complex.203.pdb	0	20.741	41.564
complex.204.pdb	0	21.400	53.712
complex.205.pdb	0.0454545	19.406	38.773
complex.206.pdb	0	18.517	44.749
complex.207.pdb	0	27.845	63.673
complex.208.pdb	0	22.096	43.178
complex.209.pdb	0	20.848	40.473
complex.210.pdb	0.0909091	17.794	46.775
complex.211.pdb	0	23.690	46.083
complex.212.pdb	0.0568182	19.172	50.603
complex.213.pdb	0.0795455	14.361	33.674
complex.214.pdb	0.0795455	18.462	43.427
complex.215.pdb	0.0340909	12.956	28.263
complex.216.pdb	0.193182	19.239	41.497
complex.217.pdb	0.0454545	20.959	45.411
complex.218.pdb	0	19.093	45.778
complex.219.pdb	0	23.189	48.156
complex.220.pdb	0	28.635	67.622
complex.221.pdb	0.0113636	20.371	43.797
complex.222.pdb	0	29.151	53.194
complex.223.pdb	0	29.267	68.485
complex.224.pdb	0	19.499	48.079
complex.225.pdb	0.0454545	17.797	42.293
complex.226.pdb	0.113636	14.601	33.540
complex.227.pdb	0	17.363	36.064
complex.228.pdb	0	24.483	45.709
complex.229.pdb	0	28.488	57.662
complex.230.pdb	0	26.369	48.467
complex.231.pdb	0	18.741	40.051
complex.232.pdb	0.0681818	19.156	44.620
complex.233.pdb	0.0113636	17.976	44.206
complex.234.pdb	0	22.678	52.375
complex.235.pdb	0	17.080	38.652
complex.236.pdb	0	26.290	52.476
complex.237.pdb	0	22.610	44.379
complex.238.pdb	0	20.880	42.946
complex.239.pdb	0	26.134	53.524
complex.240.pdb	0	25.256	58.807
complex.241.pdb	0.0113636	19.988	46.603
complex.242.pdb	0.0454545	18.753	42.920
complex.243.pdb	0	25.218	55.652
complex.244.pdb	0	20.943	46.866
complex.245.pdb	0.0227273	26.089	55.227
complex.246.pdb	0	21.387	42.901
complex.247.pdb	0	25.773	59.986
complex.248.pdb	0	27.572	57.474
complex.249.pdb	0.0795455	15.450	31.526
complex.250.pdb	0	22.845	46.536
complex.251.pdb	0	28.654	66.876
complex.252.pdb	0	29.447	52.363
complex.253.pdb	0	24.564	57.864
complex.254.pdb	0	20.657	50.703
complex.255.pdb	0	27.054	63.998
complex.256.pdb	0	22.106	54.444
complex.257.pdb	0	25.230	48.744
complex.258.pdb	0	25.831	53.704
complex.259.pdb	0.113636	17.486	47.252
complex.260.pdb	0	24.394	44.593
complex.261.pdb	0	27.839	65.342
complex.262.pdb	0.0227273	17.424	38.051
complex.263.pdb	0	23.854	47.096
complex.264.pdb	0	25.914	63.662
complex.265.pdb	0.0227273	27.709	51.094
complex.266.pdb	0	19.271	40.074
complex.267.pdb	0	26.390	57.305
complex.268.pdb	0	20.861	41.248
complex.269.pdb	0	15.488	34.154
complex.270.pdb	0.0568182	20.612	47.556
complex.271.pdb	0	22.533	45.842
complex.272.pdb	0	25.724	54.105
complex.273.pdb	0	27.516	54.413
complex.274.pdb	0.125	25.821	50.356
complex.275.pdb	0	26.757	53.917
complex.276.pdb	0.125	16.998	43.712
complex.277.pdb	0	21.843	45.892
complex.278.pdb	0	27.878	65.645
complex.279.pdb	0	23.158	47.520
complex.280.pdb	0	21.649	42.283
complex.281.pdb	0.272727	12.690	31.087
complex.282.pdb	0	19.601	41.163
complex.283.pdb	0	20.160	43.973
complex.284.pdb	0	26.399	61.415
complex.285.pdb	0.0795455	27.920	51.837
complex.286.pdb	0	21.624	44.062
complex.287.pdb	0	23.676	57.823
complex.288.pdb	0.0795455	18.113	40.731
complex.289.pdb	0	17.950	45.982
complex.290.pdb	0.0113636	21.451	49.478
complex.291.pdb	0	18.944	46.439
complex.292.pdb	0	24.228	56.575
complex.293.pdb	0	20.730	52.637
complex.294.pdb	0	19.700	44.328
complex.295.pdb	0	22.969	49.346
complex.296.pdb	0.0340909	18.934	45.819
complex.297.pdb	0.0227273	21.280	48.159
complex.298.pdb	0	25.268	47.513
complex.299.pdb	0	21.890	45.421
complex.300.pdb	0	20.150	48.922
complex.301.pdb	0	25.103	49.131
complex.302.pdb	0	23.826	55.198
complex.303.pdb	0	27.477	65.430
complex.304.pdb	0	28.598	58.295
complex.305.pdb	0	26.831	62.026
complex.306.pdb	0	19.867	45.451
complex.307.pdb	0	28.050	58.389
complex.308.pdb	0	19.548	43.096
complex.309.pdb	0.0681818	17.585	45.669
complex.310.pdb	0	26.263	57.809
complex.311.pdb	0.0227273	17.563	44.958
complex.312.pdb	0	21.214	42.416
complex.313.pdb	0	23.422	48.314
complex.314.pdb	0.0681818	18.954	40.771
complex.315.pdb	0	14.640	31.197
complex.316.pdb	0	25.285	54.699
complex.317.pdb	0	26.725	51.843
complex.318.pdb	0	19.117	42.493
complex.319.pdb	0	25.746	50.110
complex.320.pdb	0	23.581	54.896
complex.321.pdb	0	28.861	58.939
complex.322.pdb	0.0227273	22.472	44.381
complex.323.pdb	0	19.906	47.213
complex.324.pdb	0.0681818	24.496	50.959
complex.325.pdb	0.0113636	19.379	45.801
complex.326.pdb	0.0227273	22.124	46.964
complex.327.pdb	0.0227273	20.156	47.295
complex.328.pdb	0	27.501	50.746
complex.329.pdb	0	26.615	58.444
complex.330.pdb	0	20.313	43.013
complex.331.pdb	0	32.153	68.755
complex.332.pdb	0	22.617	54.050
complex.333.pdb	0	17.441	38.850
complex.334.pdb	0	31.415	62.028
complex.335.pdb	0	26.049	49.876
complex.336.pdb	0	20.712	43.915
complex.337.pdb	0	28.697	62.783
complex.338.pdb	0	25.862	52.516
complex.339.pdb	0.295455	15.046	31.316
complex.340.pdb	0.0113636	13.851	30.370
complex.341.pdb	0	21.593	47.703
complex.342.pdb	0	27.599	61.243
complex.343.pdb	0	19.062	42.195
complex.344.pdb	0.0568182	14.410	31.025
complex.345.pdb	0	25.063	56.632
complex.346.pdb	0.0227273	19.106	49.307
complex.347.pdb	0	20.219	45.583
complex.348.pdb	0.102273	18.657	39.468
complex.349.pdb	0	28.704	54.222
complex.350.pdb	0	28.649	64.226
complex.351.pdb	0.113636	20.143	42.744
complex.352.pdb	0	19.080	45.757
complex.353.pdb	0	21.285	42.800
complex.354.pdb	0	22.166	45.591
complex.355.pdb	0.0113636	12.603	26.315
complex.356.pdb	0.0568182	18.534	47.867
complex.357.pdb	0	26.835	58.472
complex.358.pdb	0	25.661	65.137
complex.359.pdb	0	27.448	53.889
complex.360.pdb	0	27.071	62.487
complex.361.pdb	0.0227273	21.172	47.031
complex.362.pdb	0	29.905	52.009
complex.363.pdb	0.0795455	20.301	42.300
complex.364.pdb	0	26.053	52.000
complex.365.pdb	0.102273	15.565	34.142
complex.366.pdb	0	25.361	55.291
complex.367.pdb	0	22.272	53.304
complex.368.pdb	0	16.791	37.999
complex.369.pdb	0	23.542	50.470
complex.370.pdb	0	20.948	40.678
complex.371.pdb	0	29.947	67.236
complex.372.pdb	0	29.741	50.612
complex.373.pdb	0	29.444	64.568
complex.374.pdb	0	24.067	59.601
complex.375.pdb	0	10.691	21.572
complex.376.pdb	0	28.500	64.278
complex.377.pdb	0	28.220	50.689
complex.378.pdb	0	30.436	57.877
complex.379.pdb	0.215909	11.603	28.876
complex.380.pdb	0	24.511	52.815
complex.381.pdb	0	16.042	33.173
complex.382.pdb	0	22.003	46.473
complex.383.pdb	0	29.559	61.499
complex.384.pdb	0	31.261	64.688
complex.385.pdb	0	21.643	47.020
complex.386.pdb	0.125	11.758	26.810
complex.387.pdb	0	27.382	54.828
complex.388.pdb	0	18.040	39.683
complex.389.pdb	0	29.288	54.570
complex.390.pdb	0	28.316	58.163
complex.391.pdb	0.0227273	19.725	39.966
complex.392.pdb	0	24.217	48.730
complex.393.pdb	0	25.783	53.478
complex.394.pdb	0	23.449	51.861
complex.395.pdb	0	22.946	49.589
complex.396.pdb	0	26.337	63.684
complex.397.pdb	0	32.014	68.171
complex.398.pdb	0	21.714	45.120
complex.399.pdb	0	29.137	55.460
complex.400.pdb	0.0113636	20.741	48.154
complex.401.pdb	0	28.119	63.275
complex.402.pdb	0	25.483	63.446
complex.403.pdb	0	22.893	46.829
complex.404.pdb	0	24.867	54.158
complex.405.pdb	0.193182	13.843	32.144
complex.406.pdb	0.0113636	17.641	43.097
complex.407.pdb	0	16.822	39.378
complex.408.pdb	0	24.703	54.471
complex.409.pdb	0	19.744	43.961
complex.410.pdb	0	23.732	48.051
complex.411.pdb	0	20.893	45.291
complex.412.pdb	0	28.159	59.447
complex.413.pdb	0.113636	17.540	38.682
complex.414.pdb	0.0227273	20.382	45.152
complex.415.pdb	0	22.852	44.349
complex.416.pdb	0	17.639	42.730
complex.417.pdb	0	24.107	47.402
complex.418.pdb	0	24.998	53.243
complex.419.pdb	0	27.894	57.703
complex.420.pdb	0	22.933	44.910
complex.421.pdb	0.0568182	16.804	34.564
complex.422.pdb	0	28.329	53.772
complex.423.pdb	0	22.499	48.335
complex.424.pdb	0	27.229	61.604
complex.425.pdb	0.0795455	18.802	47.063
complex.426.pdb	0	22.485	47.468
complex.427.pdb	0	27.763	54.891
complex.428.pdb	0	25.501	55.561
complex.429.pdb	0	23.048	55.761
complex.430.pdb	0.0454545	20.403	42.696
complex.431.pdb	0	21.336	41.422
complex.432.pdb	0	27.433	51.643
complex.433.pdb	0	25.714	50.693
complex.434.pdb	0	19.848	40.176
complex.435.pdb	0	24.239	56.974
complex.436.pdb	0	21.399	45.989
complex.437.pdb	0	23.703	58.927
complex.438.pdb	0	28.810	53.211
complex.439.pdb	0	26.578	57.039
complex.440.pdb	0.159091	12.387	33.584
complex.441.pdb	0	25.734	61.156
complex.442.pdb	0	29.142	64.289
complex.443.pdb	0.0795455	12.603	28.495
complex.444.pdb	0.125	17.820	36.742
complex.445.pdb	0	17.571	39.464
complex.446.pdb	0.0568182	19.535	40.966
complex.447.pdb	0	28.666	57.769
complex.448.pdb	0.204545	13.330	30.648
complex.449.pdb	0	21.739	43.476
complex.450.pdb	0	22.260	56.827
complex.451.pdb	0	25.898	62.252
complex.452.pdb	0.0227273	19.032	45.700
complex.453.pdb	0	18.316	38.908
complex.454.pdb	0	23.975	53.342
complex.455.pdb	0	20.669	44.551
complex.456.pdb	0.0113636	13.837	30.322
complex.457.pdb	0.0681818	13.720	28.400
complex.458.pdb	0	21.415	46.626
complex.459.pdb	0	25.963	64.364
complex.460.pdb	0	16.682	34.541
complex.461.pdb	0	23.463	54.978
complex.462.pdb	0	23.870	54.514
complex.463.pdb	0	28.718	50.890
complex.464.pdb	0.0227273	22.247	44.570
complex.465.pdb	0.0909091	13.447	29.794
complex.466.pdb	0	25.540	58.488
complex.467.pdb	0	22.259	52.413
complex.468.pdb	0	29.815	55.255
complex.469.pdb	0.0568182	16.196	39.813
complex.470.pdb	0	18.475	42.678
complex.471.pdb	0.0113636	18.399	42.661
complex.472.pdb	0	24.748	57.387
complex.473.pdb	0	27.533	63.863
complex.474.pdb	0	21.414	42.166
complex.475.pdb	0	25.459	63.926
complex.476.pdb	0	20.678	44.515
complex.477.pdb	0	25.087	48.969
complex.478.pdb	0	29.255	54.283
complex.479.pdb	0.0227273	13.957	30.834
complex.480.pdb	0	24.936	61.983
complex.481.pdb	0	18.543	43.793
complex.482.pdb	0.0113636	15.998	34.358
complex.483.pdb	0.215909	13.988	29.963
complex.484.pdb	0	29.001	65.692
complex.485.pdb	0	21.315	43.999
complex.486.pdb	0	21.669	43.575
complex.487.pdb	0.0113636	18.003	46.016
complex.488.pdb	0	14.690	32.105
complex.489.pdb	0	25.969	58.979
complex.490.pdb	0	27.077	51.085
complex.491.pdb	0	20.945	52.462
complex.492.pdb	0	21.100	51.715
complex.493.pdb	0	19.272	43.622
complex.494.pdb	0	23.386	57.723
complex.495.pdb	0.0340909	21.755	45.822
complex.496.pdb	0	23.328	59.198
complex.497.pdb	0	22.686	44.894
complex.498.pdb	0	28.507	52.926
complex.499.pdb	0.0113636	21.786	47.485
complex.500.pdb	0	20.444	49.062
complex.501.pdb	0	23.293	56.486
complex.502.pdb	0	28.434	63.185
complex.503.pdb	0	20.264	50.899
complex.504.pdb	0	28.911	52.440
complex.505.pdb	0	21.454	54.449
complex.506.pdb	0	28.296	62.912
complex.507.pdb	0.0340909	12.369	25.218
complex.508.pdb	0	17.980	39.990
complex.509.pdb	0	13.850	30.315
complex.510.pdb	0.0113636	17.121	43.091
complex.511.pdb	0.0227273	15.655	35.954
complex.512.pdb	0	21.378	43.379
complex.513.pdb	0	18.967	46.115
complex.514.pdb	0	22.145	44.614
complex.515.pdb	0.0454545	21.402	47.149
complex.516.pdb	0	27.828	58.149
complex.517.pdb	0	17.748	38.024
complex.518.pdb	0.0340909	17.896	43.098
complex.519.pdb	0	12.754	25.640
complex.520.pdb	0	22.546	50.446
complex.521.pdb	0	23.231	50.522
complex.522.pdb	0	27.237	58.753
complex.523.pdb	0.0113636	18.705	45.548
complex.524.pdb	0.0681818	27.173	57.020
complex.525.pdb	0	20.819	45.025
complex.526.pdb	0	28.149	57.411
complex.527.pdb	0	12.436	25.577
complex.528.pdb	0	27.631	62.816
complex.529.pdb	0	15.742	32.372
complex.530.pdb	0	26.343	53.229
complex.531.pdb	0	20.440	47.967
complex.532.pdb	0	26.430	60.841
complex.533.pdb	0	26.607	51.861
complex.534.pdb	0	24.730	55.651
complex.535.pdb	0	22.600	47.955
complex.536.pdb	0	25.036	56.586
complex.537.pdb	0.136364	28.783	54.630
complex.538.pdb	0	16.354	33.176
complex.539.pdb	0	20.805	46.497
complex.540.pdb	0	14.906	31.102
complex.541.pdb	0	24.059	57.228
complex.542.pdb	0	20.956	51.985
complex.543.pdb	0	27.217	50.324
complex.544.pdb	0	27.329	54.773
complex.545.pdb	0.0227273	18.477	41.960
complex.546.pdb	0.0227273	25.173	53.663
complex.547.pdb	0	23.835	53.924
complex.548.pdb	0	29.211	54.045
complex.549.pdb	0	25.473	48.264
complex.550.pdb	0	21.374	42.878
complex.551.pdb	0	21.779	52.767
complex.552.pdb	0.0681818	22.827	48.595
complex.553.pdb	0.0568182	18.504	45.867
complex.554.pdb	0	20.745	52.969
complex.555.pdb	0	24.887	55.151
complex.556.pdb	0	25.963	49.611
complex.557.pdb	0	22.445	57.522
complex.558.pdb	0	23.180	46.447
complex.559.pdb	0	23.412	52.553
complex.560.pdb	0	24.204	50.087
complex.561.pdb	0	22.281	43.211
complex.562.pdb	0.125	18.767	39.895
complex.563.pdb	0	19.128	40.024
complex.564.pdb	0	22.095	49.559
complex.565.pdb	0	23.579	49.585
complex.566.pdb	0	21.844	47.772
complex.567.pdb	0	20.932	42.550
complex.568.pdb	0	21.735	42.915
complex.569.pdb	0	28.736	53.635
complex.570.pdb	0.0568182	17.427	44.260
complex.571.pdb	0	26.408	50.608
complex.572.pdb	0	27.363	51.360
complex.573.pdb	0	24.260	47.577
complex.574.pdb	0	31.043	64.527
complex.575.pdb	0	23.421	55.199
complex.576.pdb	0	26.231	53.730
complex.577.pdb	0.0568182	27.011	58.246
complex.578.pdb	0	20.503	43.757
complex.579.pdb	0	20.664	44.732
complex.580.pdb	0	22.448	51.464
complex.581.pdb	0.0227273	21.376	47.766
complex.582.pdb	0	26.393	56.435
complex.583.pdb	0.0227273	26.856	55.111
complex.584.pdb	0	26.839	57.386
complex.585.pdb	0.125	22.366	45.505
complex.586.pdb	0	23.900	52.214
complex.587.pdb	0	26.227	58.197
complex.588.pdb	0	21.790	57.976
complex.589.pdb	0.0795455	25.031	53.120
complex.590.pdb	0	27.058	61.247
complex.591.pdb	0.0113636	28.540	54.108
complex.592.pdb	0	23.645	53.585
complex.593.pdb	0	24.369	50.466
complex.594.pdb	0	31.275	61.795
complex.595.pdb	0	27.885	61.852
complex.596.pdb	0.0340909	21.089	46.953
complex.597.pdb	0	24.748	62.168
complex.598.pdb	0	11.306	23.186
complex.599.pdb	0	17.001	36.098
complex.600.pdb	0	24.840	45.737
complex.601.pdb	0	26.501	56.391
complex.602.pdb	0.0795455	21.684	44.260
complex.603.pdb	0.0113636	19.106	48.367
complex.604.pdb	0	30.235	64.222
complex.605.pdb	0.102273	28.775	55.228
complex.606.pdb	0	30.029	62.213
complex.607.pdb	0	28.328	62.524
complex.608.pdb	0	23.545	44.805
complex.609.pdb	0	30.320	50.511
complex.610.pdb	0.0113636	27.081	51.386
complex.611.pdb	0.0454545	15.732	32.546
complex.612.pdb	0	26.950	65.829
complex.613.pdb	0	23.446	52.699
complex.614.pdb	0	30.796	50.621
complex.615.pdb	0	24.944	64.275
complex.616.pdb	0.136364	21.576	45.509
complex.617.pdb	0.0113636	22.301	46.696
complex.618.pdb	0	22.154	55.921
complex.619.pdb	0	21.445	49.246
complex.620.pdb	0	23.844	49.066
complex.621.pdb	0	25.466	63.593
complex.622.pdb	0.0681818	24.814	47.780
complex.623.pdb	0	24.969	51.070
complex.624.pdb	0	28.468	54.186
complex.625.pdb	0.0113636	25.271	44.944
complex.626.pdb	0	27.240	51.053
complex.627.pdb	0	21.185	41.979
complex.628.pdb	0	21.911	50.365
complex.629.pdb	0.0909091	14.308	32.981
complex.630.pdb	0	11.306	23.679
complex.631.pdb	0.0227273	29.102	55.724
complex.632.pdb	0	24.651	56.741
complex.633.pdb	0	22.550	43.554
complex.634.pdb	0	27.897	60.602
complex.635.pdb	0	27.947	62.047
complex.636.pdb	0	11.124	23.294
complex.637.pdb	0	28.088	63.689
complex.638.pdb	0	25.376	53.891
complex.639.pdb	0.0227273	17.743	43.080
complex.640.pdb	0	21.036	43.692
complex.641.pdb	0	20.679	46.669
complex.642.pdb	0	26.095	54.656
complex.643.pdb	0.0681818	17.191	42.860
complex.644.pdb	0.0227273	23.553	46.959
complex.645.pdb	0	24.699	45.856
complex.646.pdb	0	24.321	55.421
complex.647.pdb	0	27.608	52.101
complex.648.pdb	0.0113636	18.411	38.885
complex.649.pdb	0	22.625	42.510
complex.650.pdb	0.0454545	19.592	43.045
complex.651.pdb	0.0454545	18.660	46.429
complex.652.pdb	0	24.843	55.013
complex.653.pdb	0	25.907	62.668
complex.654.pdb	0	28.539	67.062
complex.655.pdb	0	28.352	53.902
complex.656.pdb	0	25.427	60.927
complex.657.pdb	0	20.282	44.810
complex.658.pdb	0.159091	11.661	33.443
complex.659.pdb	0	22.100	45.860
complex.660.pdb	0	24.252	47.685
complex.661.pdb	0	21.718	45.873
complex.662.pdb	0.147727	13.445	29.485
complex.663.pdb	0	27.937	50.872
complex.664.pdb	0.0113636	15.377	32.090
complex.665.pdb	0	24.646	52.949
complex.666.pdb	0	18.588	37.096
complex.667.pdb	0	23.444	57.274
complex.668.pdb	0	28.504	61.749
complex.669.pdb	0	24.362	60.419
complex.670.pdb	0	27.265	52.294
complex.671.pdb	0.113636	26.742	55.415
complex.672.pdb	0	20.917	47.564
complex.673.pdb	0	21.810	45.746
complex.674.pdb	0	21.340	44.789
complex.675.pdb	0	30.846	66.015
complex.676.pdb	0	28.888	47.821
complex.677.pdb	0.113636	12.399	30.495
complex.678.pdb	0	18.212	41.717
complex.679.pdb	0	24.948	47.201
complex.680.pdb	0.0681818	18.845	46.437
complex.681.pdb	0	21.333	44.589
complex.682.pdb	0	24.007	45.025
complex.683.pdb	0	23.198	45.643
complex.684.pdb	0	31.052	70.385
complex.685.pdb	0	21.458	50.800
complex.686.pdb	0.0113636	17.686	44.031
complex.687.pdb	0	20.014	43.379
complex.688.pdb	0	24.660	53.420
complex.689.pdb	0	29.854	63.981
complex.690.pdb	0.0340909	17.663	40.773
complex.691.pdb	0.0909091	28.455	57.016
complex.692.pdb	0	16.936	36.092
complex.693.pdb	0	26.377	61.525
complex.694.pdb	0.0795455	29.185	55.724
complex.695.pdb	0	24.900	51.474
complex.696.pdb	0	21.654	55.151
complex.697.pdb	0.113636	18.209	40.278
complex.698.pdb	0	25.558	63.679
complex.699.pdb	0	24.471	50.126
complex.700.pdb	0	19.354	50.124
complex.701.pdb	0.238636	15.003	31.002
complex.702.pdb	0	18.388	46.807
complex.703.pdb	0	27.509	56.006
complex.704.pdb	0	25.271	47.421
complex.705.pdb	0	29.756	48.892
complex.706.pdb	0	17.691	43.387
complex.707.pdb	0	18.300	47.767
complex.708.pdb	0	21.724	52.323
complex.709.pdb	0	27.782	62.028
complex.710.pdb	0.0454545	23.091	47.310
complex.711.pdb	0.0909091	18.943	40.797
complex.712.pdb	0	20.929	45.577
complex.713.pdb	0	20.791	49.525
complex.714.pdb	0.0909091	17.505	38.947
complex.715.pdb	0	17.910	37.180
complex.716.pdb	0	25.767	53.053
complex.717.pdb	0	29.554	52.075
complex.718.pdb	0	30.261	70.117
complex.719.pdb	0	20.354	46.212
complex.720.pdb	0	27.952	63.206
complex.721.pdb	0	17.458	42.561
complex.722.pdb	0	23.834	48.127
complex.723.pdb	0	23.699	52.046
complex.724.pdb	0	27.629	56.343
complex.725.pdb	0	23.555	48.171
complex.726.pdb	0	22.451	46.302
complex.727.pdb	0	23.980	54.868
complex.728.pdb	0	30.224	51.302
complex.729.pdb	0	25.183	52.361
complex.730.pdb	0	23.158	45.247
complex.731.pdb	0.0795455	18.774	40.054
complex.732.pdb	0	14.836	30.134
complex.733.pdb	0.147727	12.576	30.232
complex.734.pdb	0	21.319	45.268
complex.735.pdb	0	26.159	64.269
complex.736.pdb	0.0795455	27.113	55.705
complex.737.pdb	0	26.971	54.348
complex.738.pdb	0	23.524	55.001
complex.739.pdb	0.0227273	28.554	58.280
complex.740.pdb	0	25.880	59.283
complex.741.pdb	0.0909091	21.098	45.148
complex.742.pdb	0.0681818	30.038	62.288
complex.743.pdb	0	22.415	56.515
complex.744.pdb	0.147727	27.550	53.021
complex.745.pdb	0	28.743	61.618
complex.746.pdb	0.0113636	25.926	57.375
complex.747.pdb	0.113636	12.622	31.696
complex.748.pdb	0	22.613	59.485
complex.749.pdb	0.261364	12.697	31.647
complex.750.pdb	0.0681818	13.256	29.380
complex.751.pdb	0	20.034	41.342
complex.752.pdb	0	22.031	48.916
complex.753.pdb	0	23.049	55.229
complex.754.pdb	0	24.903	54.232
complex.755.pdb	0	18.351	40.278
complex.756.pdb	0	23.902	55.249
complex.757.pdb	0	22.307	49.904
complex.758.pdb	0	24.347	55.119
complex.759.pdb	0	17.840	40.871
complex.760.pdb	0	21.291	57.516
complex.761.pdb	0	22.611	43.975
complex.762.pdb	0	14.967	29.653
complex.763.pdb	0	22.020	47.614
complex.764.pdb	0	16.558	37.809
complex.765.pdb	0	19.106	41.711
complex.766.pdb	0.0227273	24.399	47.741
complex.767.pdb	0	17.904	36.812
complex.768.pdb	0	22.013	54.671
complex.769.pdb	0.125	20.205	44.907
complex.770.pdb	0	29.350	59.523
complex.771.pdb	0	22.824	58.643
complex.772.pdb	0	18.630	39.217
complex.773.pdb	0	22.121	46.026
complex.774.pdb	0.0113636	24.633	54.446
complex.775.pdb	0	18.681	38.590
complex.776.pdb	0	23.980	52.922
complex.777.pdb	0	21.466	56.013
complex.778.pdb	0	16.037	33.733
complex.779.pdb	0	21.470	46.187
complex.780.pdb	0	28.641	55.061
complex.781.pdb	0	28.229	52.850
complex.782.pdb	0	24.753	63.289
complex.783.pdb	0	26.895	50.682
complex.784.pdb	0	30.828	66.819
complex.785.pdb	0	26.046	55.166
complex.786.pdb	0	24.690	49.199
complex.787.pdb	0.0795455	18.675	37.594
complex.788.pdb	0	21.796	54.531
complex.789.pdb	0	28.328	47.903
complex.790.pdb	0	21.284	47.286
complex.791.pdb	0	27.011	59.337
complex.792.pdb	0	22.674	51.272
complex.793.pdb	0	19.231	45.169
complex.794.pdb	0	24.740	57.502
complex.795.pdb	0	26.500	52.249
complex.796.pdb	0	30.605	59.157
complex.797.pdb	0	27.581	54.436
complex.798.pdb	0	27.760	54.120
complex.799.pdb	0	25.161	55.262
complex.800.pdb	0	20.529	43.115
complex.801.pdb	0	23.277	54.610
complex.802.pdb	0	26.701	50.471
complex.803.pdb	0	23.540	59.711
complex.804.pdb	0	29.253	68.889
complex.805.pdb	0	22.361	53.380
complex.806.pdb	0.136364	16.523	43.217
complex.807.pdb	0.0909091	20.569	42.366
complex.808.pdb	0.0681818	29.715	60.126
complex.809.pdb	0	31.737	60.921
complex.810.pdb	0	24.589	59.809
complex.811.pdb	0.0227273	23.490	48.248
complex.812.pdb	0.0113636	20.095	39.189
complex.813.pdb	0.0113636	24.148	44.842
complex.814.pdb	0	24.696	47.296
complex.815.pdb	0.0681818	25.788	47.459
complex.816.pdb	0	19.986	43.101
complex.817.pdb	0	22.740	55.738
complex.818.pdb	0	23.619	59.523
complex.819.pdb	0	26.582	65.962
complex.820.pdb	0	22.131	45.026
complex.821.pdb	0	29.534	60.153
complex.822.pdb	0	11.767	23.590
complex.823.pdb	0.0340909	20.377	44.354
complex.824.pdb	0	16.550	37.538
complex.825.pdb	0	21.191	45.673
complex.826.pdb	0	24.563	57.204
complex.827.pdb	0	25.510	57.191
complex.828.pdb	0	25.179	61.978
complex.829.pdb	0	21.115	42.369
complex.830.pdb	0	23.448	48.718
complex.831.pdb	0	24.932	62.421
complex.832.pdb	0	24.726	54.627
complex.833.pdb	0.147727	19.090	38.708
complex.834.pdb	0	23.620	56.082
complex.835.pdb	0.0113636	25.383	54.114
complex.836.pdb	0.0568182	29.008	55.002
complex.837.pdb	0	20.010	50.092
complex.838.pdb	0.102273	29.573	55.712
complex.839.pdb	0	29.729	59.257
complex.840.pdb	0.113636	25.126	51.027
complex.841.pdb	0	28.053	62.042
complex.842.pdb	0	25.117	55.660
complex.843.pdb	0	24.524	47.474
complex.844.pdb	0	18.164	39.449
complex.845.pdb	0.102273	13.941	31.471
complex.846.pdb	0	21.023	41.783
complex.847.pdb	0.102273	13.517	31.453
complex.848.pdb	0	26.689	58.074
complex.849.pdb	0	31.308	67.116
complex.850.pdb	0	24.022	59.383
complex.851.pdb	0	25.650	64.919
complex.852.pdb	0.159091	26.548	51.951
complex.853.pdb	0.125	21.378	45.288
complex.854.pdb	0	20.548	44.155
complex.855.pdb	0	19.959	41.608
complex.856.pdb	0	25.056	57.316
complex.857.pdb	0.0454545	27.084	54.249
complex.858.pdb	0.0795455	12.629	28.660
complex.859.pdb	0	24.339	46.380
complex.860.pdb	0	29.581	64.929
complex.861.pdb	0	16.912	36.247
complex.862.pdb	0	19.570	44.758
complex.863.pdb	0	24.363	61.600
complex.864.pdb	0.284091	11.678	25.363
complex.865.pdb	0	27.435	50.875
complex.866.pdb	0.0113636	20.048	44.686
complex.867.pdb	0	22.989	59.700
complex.868.pdb	0	26.366	63.784
complex.869.pdb	0	24.194	55.817
complex.870.pdb	0	20.209	41.566
complex.871.pdb	0	13.349	28.113
complex.872.pdb	0	22.292	56.449
complex.873.pdb	0.0340909	18.778	46.714
complex.874.pdb	0.0113636	14.106	29.299
complex.875.pdb	0.0795455	27.355	51.789
complex.876.pdb	0	31.387	61.622
complex.877.pdb	0	23.306	54.428
complex.878.pdb	0	24.171	46.757
complex.879.pdb	0.0681818	15.976	33.014
complex.880.pdb	0	26.427	60.798
complex.881.pdb	0	29.057	67.779
complex.882.pdb	0	13.932	27.921
complex.883.pdb	0.0454545	15.182	31.468
complex.884.pdb	0	22.880	44.729
complex.885.pdb	0	26.236	63.988
complex.886.pdb	0	22.002	46.470
complex.887.pdb	0.0227273	18.386	41.741
complex.888.pdb	0	25.276	60.203
complex.889.pdb	0	21.527	43.146
complex.890.pdb	0.125	16.600	43.534
complex.891.pdb	0	28.454	58.088
complex.892.pdb	0	28.527	62.012
complex.893.pdb	0	25.936	54.767
complex.894.pdb	0	19.964	37.895
complex.895.pdb	0	23.373	44.946
complex.896.pdb	0	18.874	38.548
complex.897.pdb	0	27.208	54.487
complex.898.pdb	0	15.955	33.904
complex.899.pdb	0.113636	27.176	53.848
complex.900.pdb	0	18.193	40.236
complex.901.pdb	0.0340909	22.016	51.599
complex.902.pdb	0	30.839	66.789
complex.903.pdb	0	20.770	46.730
complex.904.pdb	0.0340909	16.938	34.157
complex.905.pdb	0	22.545	49.439
complex.906.pdb	0	21.480	45.890
complex.907.pdb	0	26.059	47.764
complex.908.pdb	0.0113636	21.823	47.917
complex.909.pdb	0	16.180	34.548
complex.910.pdb	0	21.779	53.206
complex.911.pdb	0	24.544	51.385
complex.912.pdb	0.0227273	23.111	50.396
complex.913.pdb	0	24.296	56.778
complex.914.pdb	0	24.707	58.421
complex.915.pdb	0	29.003	62.286
complex.916.pdb	0	22.893	57.325
complex.917.pdb	0.0113636	21.336	46.065
complex.918.pdb	0	15.875	34.569
complex.919.pdb	0	15.100	32.442
complex.920.pdb	0	26.178	54.178
complex.921.pdb	0	24.355	46.176
complex.922.pdb	0	14.733	30.297
complex.923.pdb	0	26.831	54.926
complex.924.pdb	0	24.427	48.903
complex.925.pdb	0	24.336	50.378
complex.926.pdb	0	28.086	53.473
complex.927.pdb	0.0454545	19.415	50.851
complex.928.pdb	0	25.015	57.032
complex.929.pdb	0	26.374	60.559
complex.930.pdb	0	20.391	50.361
complex.931.pdb	0	22.628	46.138
complex.932.pdb	0	26.396	58.455
complex.933.pdb	0	29.296	59.510
complex.934.pdb	0	27.476	51.301
complex.935.pdb	0.0227273	21.309	45.207
complex.936.pdb	0	19.217	48.597
complex.937.pdb	0	30.740	51.407
complex.938.pdb	0	30.277	61.450
complex.939.pdb	0.113636	25.617	51.089
complex.940.pdb	0	22.734	46.339
complex.941.pdb	0.0340909	17.049	40.089
complex.942.pdb	0	29.267	64.558
complex.943.pdb	0	14.779	29.799
complex.944.pdb	0	26.757	51.763
complex.945.pdb	0	23.829	56.936
complex.946.pdb	0	24.203	59.957
complex.947.pdb	0	27.254	53.071
complex.948.pdb	0	22.646	61.465
complex.949.pdb	0	22.514	54.910
complex.950.pdb	0	23.358	54.094
complex.951.pdb	0	25.641	59.955
complex.952.pdb	0.0113636	14.837	32.863
complex.953.pdb	0	23.336	54.295
complex.954.pdb	0	13.999	30.052
complex.955.pdb	0.147727	20.207	42.512
complex.956.pdb	0.113636	27.384	53.116
complex.957.pdb	0	24.582	48.828
complex.958.pdb	0	22.551	45.485
complex.959.pdb	0	22.200	53.190
complex.960.pdb	0.0113636	25.925	47.594
complex.961.pdb	0	25.996	56.224
complex.962.pdb	0	29.996	65.863
complex.963.pdb	0	24.136	46.686
complex.964.pdb	0	30.673	62.737
complex.965.pdb	0	22.635	55.112
complex.966.pdb	0	23.103	60.503
complex.967.pdb	0	19.015	51.513
complex.968.pdb	0	21.955	51.798
complex.969.pdb	0	26.631	47.779
complex.970.pdb	0	18.313	40.633
complex.971.pdb	0	20.217	39.074
complex.972.pdb	0	24.470	49.916
complex.973.pdb	0	26.504	56.271
complex.974.pdb	0	31.043	68.845
complex.975.pdb	0	27.365	51.100
complex.976.pdb	0.0340909	24.096	46.551
complex.977.pdb	0.0681818	29.083	60.529
complex.978.pdb	0.0113636	13.674	27.973
complex.979.pdb	0	27.295	60.075
complex.980.pdb	0	21.237	47.716
complex.981.pdb	0.102273	24.716	50.624
complex.982.pdb	0	24.701	47.540
complex.983.pdb	0	25.479	56.209
complex.984.pdb	0	28.363	69.049
complex.985.pdb	0	19.371	38.070
complex.986.pdb	0	28.535	52.309
complex.987.pdb	0	25.524	51.774
complex.988.pdb	0.136364	13.563	35.735
complex.989.pdb	0	28.867	60.234
complex.990.pdb	0	24.653	60.441
complex.991.pdb	0	24.220	62.598
complex.992.pdb	0	22.702	44.015
complex.993.pdb	0	26.531	65.188
complex.994.pdb	0	28.436	58.681
complex.995.pdb	0.0113636	28.384	59.281
complex.996.pdb	0	22.730	52.017
complex.997.pdb	0	25.898	63.446
complex.998.pdb	0	22.449	53.727
complex.999.pdb	0	29.042	54.208
complex.1000.pdb	0.181818	28.343	56.609
complex.1001.pdb	0	20.089	43.518
complex.1002.pdb	0.193182	20.280	40.924
complex.1003.pdb	0	25.364	61.241
complex.1004.pdb	0	16.224	34.141
complex.1005.pdb	0	14.242	32.001
complex.1006.pdb	0	28.574	55.489
complex.1007.pdb	0	25.651	62.350
complex.1008.pdb	0	29.245	62.187
complex.1009.pdb	0	18.640	49.734
complex.1010.pdb	0	29.800	61.510
complex.1011.pdb	0	26.149	54.767
complex.1012.pdb	0	23.051	46.287
complex.1013.pdb	0	27.267	57.660
complex.1014.pdb	0	21.188	49.669
complex.1015.pdb	0	15.766	32.529
complex.1016.pdb	0	25.494	61.958
complex.1017.pdb	0.0113636	18.110	45.448
complex.1018.pdb	0.0340909	19.011	43.576
complex.1019.pdb	0	28.384	63.682
complex.1020.pdb	0	26.349	48.158
complex.1021.pdb	0	22.141	49.926
complex.1022.pdb	0.0681818	27.754	52.095
complex.1023.pdb	0.0568182	24.555	48.006
complex.1024.pdb	0	19.834	43.425
complex.1025.pdb	0.0113636	25.117	48.554
complex.1026.pdb	0	29.008	59.287
complex.1027.pdb	0.0909091	26.367	55.916
complex.1028.pdb	0	19.911	39.017
complex.1029.pdb	0	26.805	56.465
complex.1030.pdb	0.0681818	16.758	37.434
complex.1031.pdb	0	25.146	57.048
complex.1032.pdb	0	23.221	53.059
complex.1033.pdb	0	24.170	46.102
complex.1034.pdb	0.159091	15.418	37.953
complex.1035.pdb	0	22.638	49.423
complex.1036.pdb	0.102273	22.865	50.241
complex.1037.pdb	0	11.865	23.986
complex.1038.pdb	0	22.625	48.044
complex.1039.pdb	0	23.002	54.843
complex.1040.pdb	0.113636	24.784	48.487
complex.1041.pdb	0	26.028	66.728
complex.1042.pdb	0	21.917	51.973
complex.1043.pdb	0	24.541	59.453
complex.1044.pdb	0	20.945	44.182
complex.1045.pdb	0	29.382	68.510
complex.1046.pdb	0	26.856	49.792
complex.1047.pdb	0	23.705	49.952
complex.1048.pdb	0.0113636	17.176	40.749
complex.1049.pdb	0	20.029	44.740
complex.1050.pdb	0	29.700	63.085
complex.1051.pdb	0	30.315	62.994
complex.1052.pdb	0	24.804	58.373
complex.1053.pdb	0	29.412	49.329
complex.1054.pdb	0	23.921	56.143
complex.1055.pdb	0	21.078	42.526
complex.1056.pdb	0.0454545	28.758	56.413
complex.1057.pdb	0.0113636	14.847	33.038
complex.1058.pdb	0	24.093	53.898
complex.1059.pdb	0	24.813	47.195
complex.1060.pdb	0	27.573	51.405
complex.1061.pdb	0	22.788	54.100
complex.1062.pdb	0	25.614	56.458
complex.1063.pdb	0	24.725	54.987
complex.1064.pdb	0.0227273	27.723	57.510
complex.1065.pdb	0	19.250	40.652
complex.1066.pdb	0	24.093	47.337
complex.1067.pdb	0	30.050	51.315
complex.1068.pdb	0.0227273	17.029	36.653
complex.1069.pdb	0	20.772	52.494
complex.1070.pdb	0	24.371	48.261
complex.1071.pdb	0	23.443	46.683
complex.1072.pdb	0	22.557	45.206
complex.1073.pdb	0	26.040	57.223
complex.1074.pdb	0	28.957	51.824
complex.1075.pdb	0.0795455	26.158	50.975
complex.1076.pdb	0	21.540	57.288
complex.1077.pdb	0	20.917	42.059
complex.1078.pdb	0	15.002	34.437
complex.1079.pdb	0	30.522	66.293
complex.1080.pdb	0.0113636	16.186	37.765
complex.1081.pdb	0	22.674	52.105
complex.1082.pdb	0	24.115	48.904
complex.1083.pdb	0	31.027	50.309
complex.1084.pdb	0	31.727	52.384
complex.1085.pdb	0.0227273	25.218	50.119
complex.1086.pdb	0	25.734	48.382
complex.1087.pdb	0	26.978	51.538
complex.1088.pdb	0	19.173	50.606
complex.1089.pdb	0.0454545	20.771	43.372
complex.1090.pdb	0	20.955	41.165
complex.1091.pdb	0.0340909	25.915	56.389
complex.1092.pdb	0.0113636	27.859	55.441
complex.1093.pdb	0	18.414	37.422
complex.1094.pdb	0.0113636	26.702	58.490
complex.1095.pdb	0	26.863	52.654
complex.1096.pdb	0	20.231	45.044
complex.1097.pdb	0	23.365	52.308
complex.1098.pdb	0.261364	12.425	29.176
complex.1099.pdb	0	30.060	62.473
complex.1100.pdb	0	31.705	66.439
complex.1101.pdb	0	24.948	60.214
complex.1102.pdb	0.0113636	24.412	46.287
complex.1103.pdb	0	25.634	48.582
complex.1104.pdb	0	26.109	49.782
complex.1105.pdb	0.0113636	20.455	48.204
complex.1106.pdb	0.0227273	30.203	61.238
complex.1107.pdb	0	22.918	44.243
complex.1108.pdb	0.0340909	24.106	52.640
complex.1109.pdb	0.0681818	15.495	33.503
complex.1110.pdb	0.0568182	17.543	45.392
complex.1111.pdb	0.0113636	17.962	43.298
complex.1112.pdb	0	21.729	51.499
complex.1113.pdb	0	23.515	56.927
complex.1114.pdb	0	26.821	68.511
complex.1115.pdb	0	19.076	42.559
complex.1116.pdb	0.125	14.501	32.080
complex.1117.pdb	0	23.745	46.471
complex.1118.pdb	0	23.240	55.174
complex.1119.pdb	0	27.349	48.870
complex.1120.pdb	0	28.623	48.110
complex.1121.pdb	0	24.731	63.609
complex.1122.pdb	0	23.584	54.818
complex.1123.pdb	0	27.898	51.083
complex.1124.pdb	0	23.523	60.720
complex.1125.pdb	0	26.912	52.865
complex.1126.pdb	0.0568182	17.897	44.357
complex.1127.pdb	0.0568182	14.693	36.468
complex.1128.pdb	0	30.934	51.495
complex.1129.pdb	0	28.662	65.103
complex.1130.pdb	0	24.130	45.968
complex.1131.pdb	0	22.964	52.211
complex.1132.pdb	0.0568182	20.550	42.904
complex.1133.pdb	0.0568182	26.323	50.566
complex.1134.pdb	0.125	14.729	38.515
complex.1135.pdb	0	23.360	54.664
complex.1136.pdb	0	26.233	66.913
complex.1137.pdb	0.0113636	28.264	53.068
complex.1138.pdb	0	13.236	27.206
complex.1139.pdb	0	20.634	51.560
complex.1140.pdb	0.102273	14.410	32.507
complex.1141.pdb	0	26.414	50.665
complex.1142.pdb	0.0681818	16.513	39.139
complex.1143.pdb	0.0909091	19.406	51.175
complex.1144.pdb	0	28.690	60.546
complex.1145.pdb	0.113636	24.040	49.747
complex.1146.pdb	0.0340909	19.155	40.980
complex.1147.pdb	0	20.084	48.142
complex.1148.pdb	0.0227273	20.113	45.080
complex.1149.pdb	0	27.272	53.724
complex.1150.pdb	0	25.251	59.616
complex.1151.pdb	0	19.586	45.562
complex.1152.pdb	0	21.454	58.642
complex.1153.pdb	0	25.143	48.792
complex.1154.pdb	0	26.901	61.668
complex.1155.pdb	0.0340909	20.414	41.055
complex.1156.pdb	0	21.048	53.846
complex.1157.pdb	0	26.384	46.975
complex.1158.pdb	0	21.978	53.727
complex.1159.pdb	0.0340909	19.945	46.759
complex.1160.pdb	0	24.944	54.134
complex.1161.pdb	0	28.847	51.448
complex.1162.pdb	0	24.449	59.621
complex.1163.pdb	0	18.178	35.906
complex.1164.pdb	0	30.237	51.294
complex.1165.pdb	0	28.154	48.264
complex.1166.pdb	0	26.069	62.220
complex.1167.pdb	0	23.793	59.209
complex.1168.pdb	0	26.849	54.092
complex.1169.pdb	0	26.595	67.005
complex.1170.pdb	0	30.561	65.779
complex.1171.pdb	0	24.426	58.852
complex.1172.pdb	0.0113636	18.422	37.426
complex.1173.pdb	0.170455	15.057	35.982
complex.1174.pdb	0.0454545	26.548	53.955
complex.1175.pdb	0	28.654	64.287
complex.1176.pdb	0.0113636	15.358	36.403
complex.1177.pdb	0	20.970	56.863
complex.1178.pdb	0	22.190	46.480
complex.1179.pdb	0	21.571	52.386
complex.1180.pdb	0	27.233	52.213
complex.1181.pdb	0	24.668	54.720
complex.1182.pdb	0.0113636	16.196	36.819
complex.1183.pdb	0	30.700	62.418
complex.1184.pdb	0	21.625	54.648
complex.1185.pdb	0	29.599	50.737
complex.1186.pdb	0	24.385	55.921
complex.1187.pdb	0	30.960	67.133
complex.1188.pdb	0.0340909	24.542	47.599
complex.1189.pdb	0.0795455	17.042	44.641
complex.1190.pdb	0	29.337	62.094
complex.1191.pdb	0.0568182	16.401	38.703
complex.1192.pdb	0	29.062	49.886
complex.1193.pdb	0.0568182	25.771	55.324
complex.1194.pdb	0	30.278	65.747
complex.1195.pdb	0.295455	12.857	30.732
complex.1196.pdb	0	27.366	64.926
complex.1197.pdb	0	30.590	50.887
complex.1198.pdb	0	26.340	60.454
complex.1199.pdb	0	26.828	58.011
complex.1200.pdb	0	27.837	47.476
complex.1201.pdb	0	21.481	41.577
complex.1202.pdb	0	29.522	58.353
complex.1203.pdb	0.0113636	19.891	47.584
complex.1204.pdb	0	27.293	54.301
complex.1205.pdb	0	26.953	54.297
complex.1206.pdb	0	23.581	43.796
complex.1207.pdb	0	23.873	55.925
complex.1208.pdb	0.0227273	21.837	44.608
complex.1209.pdb	0	20.573	40.766
complex.1210.pdb	0.0340909	27.120	53.904
complex.1211.pdb	0	29.731	56.019
complex.1212.pdb	0	22.188	46.770
complex.1213.pdb	0	26.367	65.005
complex.1214.pdb	0	20.714	50.916
complex.1215.pdb	0	24.802	58.832
complex.1216.pdb	0	18.574	40.170
complex.1217.pdb	0	18.507	39.163
complex.1218.pdb	0	12.999	26.948
complex.1219.pdb	0	21.161	44.384
complex.1220.pdb	0	11.726	23.663
complex.1221.pdb	0	27.585	52.907
complex.1222.pdb	0	20.660	48.348
complex.1223.pdb	0	26.455	64.009
complex.1224.pdb	0.0227273	20.700	44.644
complex.1225.pdb	0	20.496	40.087
complex.1226.pdb	0	19.090	49.411
complex.1227.pdb	0	24.460	56.473
complex.1228.pdb	0	26.883	49.948
complex.1229.pdb	0	23.578	62.415
complex.1230.pdb	0	26.922	57.565
complex.1231.pdb	0	18.851	39.443
complex.1232.pdb	0	19.551	39.903
complex.1233.pdb	0	28.096	53.851
complex.1234.pdb	0	24.303	63.349
complex.1235.pdb	0	27.679	62.503
complex.1236.pdb	0	25.041	57.894
complex.1237.pdb	0	24.458	52.245
complex.1238.pdb	0.125	18.425	36.778
complex.1239.pdb	0	21.396	56.485
complex.1240.pdb	0.102273	14.501	37.221
complex.1241.pdb	0	25.950	51.699
complex.1242.pdb	0	27.031	63.973
complex.1243.pdb	0.0795455	26.684	50.523
complex.1244.pdb	0	27.634	50.656
complex.1245.pdb	0.0340909	13.637	28.811
complex.1246.pdb	0	29.906	69.984
complex.1247.pdb	0.170455	12.538	29.432
complex.1248.pdb	0.0113636	22.190	45.906
complex.1249.pdb	0	25.045	50.413
complex.1250.pdb	0.102273	30.640	62.277
complex.1251.pdb	0.0340909	30.529	61.986
complex.1252.pdb	0	25.324	61.835
complex.1253.pdb	0	24.171	50.827
complex.1254.pdb	0	20.181	50.083
complex.1255.pdb	0.0340909	24.295	56.999
complex.1256.pdb	0.0227273	22.570	48.086
complex.1257.pdb	0	17.942	38.965
complex.1258.pdb	0.0340909	26.209	52.470
complex.1259.pdb	0	22.250	48.314
complex.1260.pdb	0	12.422	28.458
complex.1261.pdb	0	27.987	59.039
complex.1262.pdb	0	27.159	64.402
complex.1263.pdb	0	27.285	64.244
complex.1264.pdb	0	23.603	62.522
complex.1265.pdb	0	18.939	39.231
complex.1266.pdb	0	26.196	57.712
complex.1267.pdb	0	20.054	44.842
complex.1268.pdb	0	27.962	51.766
complex.1269.pdb	0	28.780	64.404
complex.1270.pdb	0	29.190	49.235
complex.1271.pdb	0	25.699	59.683
complex.1272.pdb	0	21.954	50.128
complex.1273.pdb	0	21.065	41.554
complex.1274.pdb	0	20.173	41.368
complex.1275.pdb	0	25.088	46.949
complex.1276.pdb	0	22.009	45.912
complex.1277.pdb	0	23.337	53.640
complex.1278.pdb	0	30.649	50.917
complex.1279.pdb	0	20.551	45.966
complex.1280.pdb	0	27.596	53.183
complex.1281.pdb	0	29.327	49.236
complex.1282.pdb	0	24.642	52.188
complex.1283.pdb	0	20.870	49.168
complex.1284.pdb	0	21.703	48.571
complex.1285.pdb	0	26.102	52.129
complex.1286.pdb	0	18.629	39.081
complex.1287.pdb	0	30.391	63.681
complex.1288.pdb	0	25.809	61.438
complex.1289.pdb	0	23.208	55.876
complex.1290.pdb	0	23.817	44.853
complex.1291.pdb	0	20.067	45.738
complex.1292.pdb	0	27.259	57.270
complex.1293.pdb	0.113636	15.412	30.711
complex.1294.pdb	0	20.902	44.161
complex.1295.pdb	0	25.430	57.154
complex.1296.pdb	0	22.056	45.846
complex.1297.pdb	0	25.623	47.601
complex.1298.pdb	0.159091	13.540	33.241
complex.1299.pdb	0	30.515	48.376
complex.1300.pdb	0	24.671	46.332
complex.1301.pdb	0	30.122	49.824
complex.1302.pdb	0.0454545	22.854	44.256
complex.1303.pdb	0	25.142	51.312
complex.1304.pdb	0	25.151	47.956
complex.1305.pdb	0	20.755	52.312
complex.1306.pdb	0.0113636	16.557	37.989
complex.1307.pdb	0	26.231	51.858
complex.1308.pdb	0	11.404	22.935
complex.1309.pdb	0	27.064	60.011
complex.1310.pdb	0	15.029	30.151
complex.1311.pdb	0	26.580	63.214
complex.1312.pdb	0.0454545	28.749	60.019
complex.1313.pdb	0	20.979	50.152
complex.1314.pdb	0.0454545	21.484	48.231
complex.1315.pdb	0	30.008	61.256
complex.1316.pdb	0	25.580	60.945
complex.1317.pdb	0.0795455	17.194	41.904
complex.1318.pdb	0	28.772	53.541
complex.1319.pdb	0	25.770	63.821
complex.1320.pdb	0.147727	14.480	32.776
complex.1321.pdb	0	20.315	46.185
complex.1322.pdb	0	30.438	59.918
complex.1323.pdb	0.0113636	21.134	43.229
complex.1324.pdb	0	18.559	44.452
complex.1325.pdb	0	26.708	62.681
complex.1326.pdb	0	18.302	41.999
complex.1327.pdb	0.0795455	18.461	46.849
complex.1328.pdb	0	12.229	26.842
complex.1329.pdb	0.0113636	21.709	47.858
complex.1330.pdb	0	27.225	49.624
complex.1331.pdb	0	18.752	44.110
complex.1332.pdb	0	22.098	49.823
complex.1333.pdb	0	27.544	51.449
complex.1334.pdb	0	14.594	33.659
complex.1335.pdb	0	13.082	27.390
complex.1336.pdb	0	24.211	53.537
complex.1337.pdb	0.0568182	19.462	40.027
complex.1338.pdb	0.0113636	19.240	44.345
complex.1339.pdb	0	20.655	47.058
complex.1340.pdb	0	23.513	54.067
complex.1341.pdb	0.0681818	18.016	44.423
complex.1342.pdb	0	19.274	42.919
complex.1343.pdb	0	26.768	64.984
complex.1344.pdb	0	27.667	51.106
complex.1345.pdb	0.0227273	18.193	47.525
complex.1346.pdb	0	25.028	53.676
complex.1347.pdb	0	24.802	56.195
complex.1348.pdb	0	27.812	61.787
complex.1349.pdb	0	21.698	45.095
complex.1350.pdb	0	17.842	39.730
complex.1351.pdb	0.0454545	18.657	39.957
complex.1352.pdb	0.113636	11.965	24.605
complex.1353.pdb	0	23.760	53.193
complex.1354.pdb	0.0227273	29.731	61.781
complex.1355.pdb	0.147727	25.760	57.849
complex.1356.pdb	0	19.178	36.965
complex.1357.pdb	0.0454545	17.548	39.508
complex.1358.pdb	0	17.326	37.709
complex.1359.pdb	0.102273	18.384	39.523
complex.1360.pdb	0	25.861	48.957
complex.1361.pdb	0	28.678	50.926
complex.1362.pdb	0	22.904	57.435
complex.1363.pdb	0	29.057	60.898
complex.1364.pdb	0	28.512	51.453
complex.1365.pdb	0	24.949	46.480
complex.1366.pdb	0	24.220	58.631
complex.1367.pdb	0	26.839	53.191
complex.1368.pdb	0	20.014	48.664
complex.1369.pdb	0	22.165	51.371
complex.1370.pdb	0	27.184	52.860
complex.1371.pdb	0	20.705	41.926
complex.1372.pdb	0	27.735	56.234
complex.1373.pdb	0	21.967	46.546
complex.1374.pdb	0	25.904	49.420
complex.1375.pdb	0.0568182	24.809	45.574
complex.1376.pdb	0	20.295	44.574
complex.1377.pdb	0.125	11.335	31.739
complex.1378.pdb	0	22.233	43.296
complex.1379.pdb	0.0113636	18.678	42.728
complex.1380.pdb	0	24.231	57.071
complex.1381.pdb	0	19.266	47.933
complex.1382.pdb	0.0909091	26.361	55.216
complex.1383.pdb	0	29.139	53.524
complex.1384.pdb	0	24.613	50.583
complex.1385.pdb	0	23.200	61.420
complex.1386.pdb	0	26.861	50.626
complex.1387.pdb	0	23.404	59.796
complex.1388.pdb	0	20.855	47.273
complex.1389.pdb	0	20.373	44.929
complex.1390.pdb	0	21.942	50.175
complex.1391.pdb	0.0340909	21.643	44.141
complex.1392.pdb	0	28.286	61.948
complex.1393.pdb	0.0568182	23.619	48.271
complex.1394.pdb	0	26.166	58.084
complex.1395.pdb	0	23.689	47.427
complex.1396.pdb	0	18.971	36.980
complex.1397.pdb	0	26.672	62.055
complex.1398.pdb	0	24.609	47.701
complex.1399.pdb	0.170455	12.956	30.648
complex.1400.pdb	0	26.808	55.567
complex.1401.pdb	0	26.634	57.721
complex.1402.pdb	0	19.654	46.012
complex.1403.pdb	0	19.561	49.749
complex.1404.pdb	0.0795455	30.533	64.941
complex.1405.pdb	0	22.464	57.372
complex.1406.pdb	0	29.756	65.774
complex.1407.pdb	0	27.842	53.100
complex.1408.pdb	0	22.540	45.864
complex.1409.pdb	0	26.053	50.416
complex.1410.pdb	0	25.313	45.153
complex.1411.pdb	0.204545	17.940	40.298
complex.1412.pdb	0	29.978	54.018
complex.1413.pdb	0.125	14.907	35.101
complex.1414.pdb	0.193182	28.130	55.762
complex.1415.pdb	0	21.866	47.739
complex.1416.pdb	0.0227273	18.677	44.582
complex.1417.pdb	0	21.606	44.239
complex.1418.pdb	0	25.775	54.263
complex.1419.pdb	0.0795455	27.671	59.934
complex.1420.pdb	0	22.312	47.257
complex.1421.pdb	0	27.057	63.571
complex.1422.pdb	0	24.674	50.197
complex.1423.pdb	0	29.746	50.701
complex.1424.pdb	0.102273	27.515	51.805
complex.1425.pdb	0	25.056	50.539
complex.1426.pdb	0	29.500	49.532
complex.1427.pdb	0	14.233	28.865
complex.1428.pdb	0.0340909	23.760	47.552
complex.1429.pdb	0	29.829	61.430
complex.1430.pdb	0	29.844	64.950
complex.1431.pdb	0	21.726	49.404
complex.1432.pdb	0.0795455	24.499	48.907
complex.1433.pdb	0	27.729	60.773
complex.1434.pdb	0	24.216	48.453
complex.1435.pdb	0	19.939	48.995
complex.1436.pdb	0	31.180	61.643
complex.1437.pdb	0	24.471	55.071
complex.1438.pdb	0	27.522	64.200
complex.1439.pdb	0	22.006	50.090
complex.1440.pdb	0.125	12.435	33.287
complex.1441.pdb	0	27.244	55.261
complex.1442.pdb	0.0340909	24.035	48.713
complex.1443.pdb	0	24.912	61.462
complex.1444.pdb	0	26.047	56.251
complex.1445.pdb	0	25.312	48.608
complex.1446.pdb	0	23.840	45.681
complex.1447.pdb	0	24.248	46.169
complex.1448.pdb	0	28.658	59.840
complex.1449.pdb	0	26.522	54.421
complex.1450.pdb	0	22.063	52.561
complex.1451.pdb	0.0227273	26.803	56.170
complex.1452.pdb	0	21.057	57.667
complex.1453.pdb	0	27.027	69.417
complex.1454.pdb	0	30.875	65.634
complex.1455.pdb	0	12.227	30.091
complex.1456.pdb	0.0568182	13.760	27.270
complex.1457.pdb	0	24.336	57.269
complex.1458.pdb	0.0681818	27.343	50.694
complex.1459.pdb	0	23.978	45.794
complex.1460.pdb	0	27.418	64.878
complex.1461.pdb	0.0340909	29.125	54.354
complex.1462.pdb	0	25.783	53.646
complex.1463.pdb	0	24.439	54.271
complex.1464.pdb	0	28.689	48.559
complex.1465.pdb	0	22.805	57.285
complex.1466.pdb	0	14.218	29.532
complex.1467.pdb	0.0681818	25.969	52.169
complex.1468.pdb	0.0909091	25.300	56.931
complex.1469.pdb	0	26.460	59.427
complex.1470.pdb	0.170455	11.761	31.635
complex.1471.pdb	0	29.548	50.212
complex.1472.pdb	0	27.303	63.400
complex.1473.pdb	0.0454545	14.400	31.546
complex.1474.pdb	0.147727	12.504	30.190
complex.1475.pdb	0	27.677	56.712
complex.1476.pdb	0	22.956	60.641
complex.1477.pdb	0	19.091	44.351
complex.1478.pdb	0	22.463	59.903
complex.1479.pdb	0.102273	20.534	41.491
complex.1480.pdb	0	28.987	54.071
complex.1481.pdb	0	18.564	40.797
complex.1482.pdb	0	20.213	51.514
complex.1483.pdb	0	26.406	49.357
complex.1484.pdb	0	24.895	60.714
complex.1485.pdb	0	26.015	62.344
complex.1486.pdb	0	26.239	62.894
complex.1487.pdb	0	28.564	60.642
complex.1488.pdb	0.0113636	25.087	44.058
complex.1489.pdb	0.0340909	20.451	43.439
complex.1490.pdb	0	13.770	28.014
complex.1491.pdb	0	28.241	60.755
complex.1492.pdb	0	20.975	47.373
complex.1493.pdb	0	24.674	56.813
complex.1494.pdb	0	20.002	40.596
complex.1495.pdb	0.0454545	22.901	44.424
complex.1496.pdb	0	20.982	46.947
complex.1497.pdb	0	21.847	49.642
complex.1498.pdb	0	24.736	54.667
complex.1499.pdb	0.0340909	22.853	45.002
complex.1500.pdb	0	19.476	49.734
complex.1501.pdb	0	28.051	65.453
complex.1502.pdb	0	16.549	34.539
complex.1503.pdb	0	20.104	47.182
complex.1504.pdb	0.0113636	18.589	41.417
complex.1505.pdb	0	13.617	28.359
complex.1506.pdb	0	20.995	44.468
complex.1507.pdb	0	30.681	52.515
complex.1508.pdb	0.0113636	18.107	42.346
complex.1509.pdb	0.0227273	15.138	32.786
complex.1510.pdb	0.0113636	27.021	48.860
complex.1511.pdb	0	28.877	62.695
complex.1512.pdb	0	24.152	60.159
complex.1513.pdb	0	22.262	51.460
complex.1514.pdb	0	28.437	67.055
complex.1515.pdb	0	30.107	50.422
complex.1516.pdb	0	27.363	57.033
complex.1517.pdb	0.0227273	19.814	45.485
complex.1518.pdb	0	25.934	66.403
complex.1519.pdb	0	19.834	42.383
complex.1520.pdb	0	27.355	51.333
complex.1521.pdb	0	18.033	50.593
complex.1522.pdb	0.0340909	29.811	61.468
complex.1523.pdb	0.0340909	21.207	44.033
complex.1524.pdb	0	16.181	33.876
complex.1525.pdb	0	10.182	23.125
complex.1526.pdb	0	20.561	50.342
complex.1527.pdb	0	29.417	64.936
complex.1528.pdb	0	27.251	63.538
complex.1529.pdb	0	11.696	22.738
complex.1530.pdb	0.0113636	18.564	43.052
complex.1531.pdb	0	31.415	69.933
complex.1532.pdb	0.0454545	27.852	52.657
complex.1533.pdb	0	18.789	37.054
complex.1534.pdb	0.0909091	13.380	28.200
complex.1535.pdb	0	30.607	70.152
complex.1536.pdb	0	13.781	27.403
complex.1537.pdb	0	18.857	38.141
complex.1538.pdb	0.0227273	23.475	51.158
complex.1539.pdb	0	22.138	52.177
complex.1540.pdb	0	19.296	40.399
complex.1541.pdb	0.0113636	22.999	52.679
complex.1542.pdb	0	26.157	65.260
complex.1543.pdb	0.0454545	30.265	61.073
complex.1544.pdb	0	28.001	55.822
complex.1545.pdb	0.0113636	18.109	39.935
complex.1546.pdb	0	26.616	53.326
complex.1547.pdb	0	21.635	46.649
complex.1548.pdb	0.0113636	20.234	42.615
complex.1549.pdb	0	25.272	59.172
complex.1550.pdb	0	29.537	62.028
complex.1551.pdb	0	30.237	69.556
complex.1552.pdb	0	18.943	37.064
complex.1553.pdb	0.0113636	26.245	49.027
complex.1554.pdb	0	26.168	60.232
complex.1555.pdb	0	20.754	48.087
complex.1556.pdb	0.136364	16.108	36.542
complex.1557.pdb	0	19.422	40.392
complex.1558.pdb	0.0568182	19.149	41.118
complex.1559.pdb	0	11.515	25.654
complex.1560.pdb	0	21.693	49.427
complex.1561.pdb	0	28.250	49.295
complex.1562.pdb	0	20.550	42.617
complex.1563.pdb	0.0113636	18.210	39.025
complex.1564.pdb	0	26.579	45.925
complex.1565.pdb	0	23.046	51.332
complex.1566.pdb	0.0340909	21.123	43.529
complex.1567.pdb	0	27.110	57.990
complex.1568.pdb	0.0909091	24.722	50.543
complex.1569.pdb	0	29.713	58.324
complex.1570.pdb	0.0340909	22.013	47.639
complex.1571.pdb	0	23.994	46.871
complex.1572.pdb	0	26.758	66.152
complex.1573.pdb	0	25.550	47.625
complex.1574.pdb	0	26.616	63.501
complex.1575.pdb	0	29.760	66.330
complex.1576.pdb	0.0681818	17.566	44.111
complex.1577.pdb	0	21.231	49.298
complex.1578.pdb	0.159091	12.443	30.331
complex.1579.pdb	0	25.300	58.743
complex.1580.pdb	0	27.071	51.868
complex.1581.pdb	0	26.735	54.298
complex.1582.pdb	0	28.608	49.300
complex.1583.pdb	0	26.748	50.569
complex.1584.pdb	0	26.114	56.115
complex.1585.pdb	0	17.973	44.421
complex.1586.pdb	0	15.537	31.912
complex.1587.pdb	0	20.445	54.669
complex.1588.pdb	0.0113636	25.886	49.082
complex.1589.pdb	0.0454545	15.954	37.799
complex.1590.pdb	0	25.593	60.008
complex.1591.pdb	0	27.638	60.936
complex.1592.pdb	0	12.924	29.621
complex.1593.pdb	0	23.306	48.476
complex.1594.pdb	0	27.623	49.104
complex.1595.pdb	0.147727	17.344	40.143
complex.1596.pdb	0	20.914	40.446
complex.1597.pdb	0.0113636	26.026	53.897
complex.1598.pdb	0	13.893	28.551
complex.1599.pdb	0	28.246	68.259
complex.1600.pdb	0	21.176	46.156
complex.1601.pdb	0.0113636	20.535	47.663
complex.1602.pdb	0	25.383	56.816
complex.1603.pdb	0	23.505	52.035
complex.1604.pdb	0	25.024	47.407
complex.1605.pdb	0	21.551	44.061
complex.1606.pdb	0	20.338	51.344
complex.1607.pdb	0	24.634	58.730
complex.1608.pdb	0	18.168	46.251
complex.1609.pdb	0.113636	27.534	51.963
complex.1610.pdb	0	18.679	42.367
complex.1611.pdb	0.0909091	14.563	34.705
complex.1612.pdb	0.0113636	14.562	30.417
complex.1613.pdb	0.0340909	24.825	44.275
complex.1614.pdb	0	28.578	59.073
complex.1615.pdb	0	24.825	46.729
complex.1616.pdb	0.0227273	11.432	23.211
complex.1617.pdb	0	25.157	59.395
complex.1618.pdb	0	24.717	47.543
complex.1619.pdb	0	26.656	57.385
complex.1620.pdb	0	22.902	43.533
complex.1621.pdb	0	22.498	48.269
complex.1622.pdb	0	21.801	44.911
complex.1623.pdb	0	28.278	65.485
complex.1624.pdb	0	23.617	47.694
complex.1625.pdb	0	23.609	47.100
complex.1626.pdb	0	25.233	56.470
complex.1627.pdb	0	22.431	61.156
complex.1628.pdb	0	20.855	46.325
complex.1629.pdb	0	27.104	64.168
complex.1630.pdb	0.0909091	10.766	26.614
complex.1631.pdb	0	22.557	51.196
complex.1632.pdb	0	16.638	34.581
complex.1633.pdb	0.0454545	20.718	42.004
complex.1634.pdb	0.0568182	22.574	45.163
complex.1635.pdb	0	24.550	55.511
complex.1636.pdb	0	30.185	65.354
complex.1637.pdb	0	22.311	41.508
complex.1638.pdb	0	27.925	66.290
complex.1639.pdb	0	25.809	48.769
complex.1640.pdb	0.125	13.836	31.354
complex.1641.pdb	0	28.393	56.146
complex.1642.pdb	0	21.606	44.051
complex.1643.pdb	0	26.298	62.965
complex.1644.pdb	0	16.595	35.296
complex.1645.pdb	0	26.734	55.312
complex.1646.pdb	0.0113636	18.505	41.870
complex.1647.pdb	0.0113636	23.533	45.487
complex.1648.pdb	0	19.075	44.579
complex.1649.pdb	0	26.440	62.954
complex.1650.pdb	0	22.653	49.579
complex.1651.pdb	0	28.857	59.619
complex.1652.pdb	0	22.671	55.352
complex.1653.pdb	0	23.145	51.715
complex.1654.pdb	0	28.219	48.447
complex.1655.pdb	0	24.754	56.741
complex.1656.pdb	0.0113636	20.224	45.454
complex.1657.pdb	0	26.533	60.173
complex.1658.pdb	0	21.156	41.993
complex.1659.pdb	0.0113636	30.507	62.173
complex.1660.pdb	0	27.405	53.130
complex.1661.pdb	0.0568182	13.565	30.075
complex.1662.pdb	0	15.476	32.225
complex.1663.pdb	0.0113636	26.077	48.649
complex.1664.pdb	0.0227273	13.802	31.694
complex.1665.pdb	0	23.949	50.883
complex.1666.pdb	0.0227273	14.714	35.053
complex.1667.pdb	0	22.882	56.639
complex.1668.pdb	0	23.366	48.060
complex.1669.pdb	0	21.369	41.607
complex.1670.pdb	0	21.673	43.346
complex.1671.pdb	0	27.803	48.941
complex.1672.pdb	0.0681818	19.986	45.373
complex.1673.pdb	0	27.594	64.761
complex.1674.pdb	0	20.861	41.366
complex.1675.pdb	0	29.219	50.777
complex.1676.pdb	0	26.972	62.118
complex.1677.pdb	0	20.583	42.669
complex.1678.pdb	0.25	13.039	31.208
complex.1679.pdb	0	24.150	56.769
complex.1680.pdb	0	30.595	66.626
complex.1681.pdb	0	20.937	50.122
complex.1682.pdb	0	21.183	54.730
complex.1683.pdb	0	29.739	51.599
complex.1684.pdb	0	22.374	45.683
complex.1685.pdb	0	24.968	62.524
complex.1686.pdb	0	25.055	61.383
complex.1687.pdb	0	22.813	59.167
complex.1688.pdb	0	25.842	54.902
complex.1689.pdb	0	25.959	51.290
complex.1690.pdb	0	26.771	50.153
complex.1691.pdb	0	27.778	54.191
complex.1692.pdb	0	24.985	51.856
complex.1693.pdb	0.0568182	14.927	34.171
complex.1694.pdb	0.0340909	27.948	58.554
complex.1695.pdb	0.0227273	23.748	55.980
complex.1696.pdb	0	21.851	52.506
complex.1697.pdb	0	27.752	56.801
complex.1698.pdb	0	18.077	48.211
complex.1699.pdb	0.0113636	14.942	30.602
complex.1700.pdb	0	30.758	67.231
complex.1701.pdb	0	23.904	60.419
complex.1702.pdb	0	28.060	64.196
complex.1703.pdb	0	22.606	45.037
complex.1704.pdb	0	24.927	62.296
complex.1705.pdb	0	21.600	50.948
complex.1706.pdb	0	30.684	53.883
complex.1707.pdb	0	20.977	45.156
complex.1708.pdb	0.125	11.322	31.819
complex.1709.pdb	0	19.348	47.104
complex.1710.pdb	0.0454545	26.164	50.323
complex.1711.pdb	0	23.557	48.804
complex.1712.pdb	0	20.305	53.520
complex.1713.pdb	0	25.374	61.535
complex.1714.pdb	0	30.329	50.875
complex.1715.pdb	0	24.440	51.219
complex.1716.pdb	0	22.362	50.134
complex.1717.pdb	0	26.812	63.906
complex.1718.pdb	0.0340909	25.269	58.694
complex.1719.pdb	0	24.878	55.039
complex.1720.pdb	0.0227273	20.413	41.849
complex.1721.pdb	0	20.961	42.507
complex.1722.pdb	0	22.282	46.795
complex.1723.pdb	0.204545	13.143	30.609
complex.1724.pdb	0	19.479	44.342
complex.1725.pdb	0	20.557	52.415
complex.1726.pdb	0.0340909	10.013	23.906
complex.1727.pdb	0	20.857	48.899
complex.1728.pdb	0	19.668	47.920
complex.1729.pdb	0	18.666	39.333
complex.1730.pdb	0	25.066	48.383
complex.1731.pdb	0	25.434	57.606
complex.1732.pdb	0	25.869	48.670
complex.1733.pdb	0	28.872	62.300
complex.1734.pdb	0	24.904	51.305
complex.1735.pdb	0	26.527	64.000
complex.1736.pdb	0	24.224	47.784
complex.1737.pdb	0	23.091	57.577
complex.1738.pdb	0	27.544	60.776
complex.1739.pdb	0	28.467	53.371
complex.1740.pdb	0	25.089	52.416
complex.1741.pdb	0	21.086	54.354
complex.1742.pdb	0	24.508	56.385
complex.1743.pdb	0.125	16.038	38.369
complex.1744.pdb	0	29.599	50.511
complex.1745.pdb	0	26.327	60.653
complex.1746.pdb	0.102273	25.549	46.526
complex.1747.pdb	0	27.275	53.474
complex.1748.pdb	0	26.294	48.957
complex.1749.pdb	0	18.425	39.653
complex.1750.pdb	0.136364	17.338	35.083
complex.1751.pdb	0	30.044	53.223
complex.1752.pdb	0	24.637	43.367
complex.1753.pdb	0	24.349	52.260
complex.1754.pdb	0	25.520	59.505
complex.1755.pdb	0	24.878	48.495
complex.1756.pdb	0	27.414	52.089
complex.1757.pdb	0	27.814	54.761
complex.1758.pdb	0	24.950	59.163
complex.1759.pdb	0	24.852	55.282
complex.1760.pdb	0	20.669	45.302
complex.1761.pdb	0	22.762	48.479
complex.1762.pdb	0	12.254	28.575
complex.1763.pdb	0	26.743	61.320
complex.1764.pdb	0.0568182	25.395	49.010
complex.1765.pdb	0	22.092	49.985
complex.1766.pdb	0	20.299	48.892
complex.1767.pdb	0	25.088	56.186
complex.1768.pdb	0.125	12.144	30.423
complex.1769.pdb	0	22.362	47.164
complex.1770.pdb	0.0227273	24.831	49.409
complex.1771.pdb	0.0113636	23.166	43.087
complex.1772.pdb	0.0227273	21.344	43.320
complex.1773.pdb	0	28.898	66.019
complex.1774.pdb	0	30.904	63.163
complex.1775.pdb	0	25.291	57.587
complex.1776.pdb	0.0113636	16.278	37.884
complex.1777.pdb	0	25.453	64.423
complex.1778.pdb	0	16.172	38.399
complex.1779.pdb	0	20.802	43.529
complex.1780.pdb	0.0113636	21.216	53.087
complex.1781.pdb	0	27.773	48.965
complex.1782.pdb	0	29.121	50.834
complex.1783.pdb	0	26.287	48.727
complex.1784.pdb	0	19.198	46.416
complex.1785.pdb	0	21.250	48.032
complex.1786.pdb	0	20.792	43.983
complex.1787.pdb	0.136364	13.718	32.681
complex.1788.pdb	0.0795455	24.280	57.471
complex.1789.pdb	0	27.384	50.478
complex.1790.pdb	0.0340909	21.014	42.815
complex.1791.pdb	0	29.143	50.718
complex.1792.pdb	0	26.225	54.927
complex.1793.pdb	0	24.394	58.906
complex.1794.pdb	0.0681818	25.891	58.193
complex.1795.pdb	0.193182	17.820	36.497
complex.1796.pdb	0	17.642	39.184
complex.1797.pdb	0	29.331	64.782
complex.1798.pdb	0	26.954	49.606
complex.1799.pdb	0.113636	19.827	41.662
complex.1800.pdb	0.0113636	11.481	28.155
complex.1801.pdb	0.0454545	24.100	47.153
complex.1802.pdb	0.0340909	26.820	49.536
complex.1803.pdb	0	21.141	44.742
complex.1804.pdb	0	28.473	49.847
complex.1805.pdb	0	24.885	47.357
complex.1806.pdb	0	25.113	50.156
complex.1807.pdb	0	20.268	51.526
complex.1808.pdb	0	27.630	48.185
complex.1809.pdb	0.0795455	12.426	25.175
complex.1810.pdb	0.0227273	19.534	43.492
complex.1811.pdb	0	13.250	27.039
complex.1812.pdb	0	25.735	54.269
complex.1813.pdb	0	24.899	57.102
complex.1814.pdb	0	26.139	55.495
complex.1815.pdb	0.0113636	14.201	33.049
complex.1816.pdb	0.215909	11.189	24.609
complex.1817.pdb	0	27.487	56.685
complex.1818.pdb	0.193182	11.432	26.783
complex.1819.pdb	0	29.699	62.368
complex.1820.pdb	0	21.533	42.873
complex.1821.pdb	0	15.909	34.661
complex.1822.pdb	0	25.455	50.040
complex.1823.pdb	0	22.872	54.526
complex.1824.pdb	0.0909091	24.992	55.180
complex.1825.pdb	0	21.331	45.994
complex.1826.pdb	0	26.359	60.924
complex.1827.pdb	0	24.372	48.019
complex.1828.pdb	0	28.507	47.947
complex.1829.pdb	0	27.844	55.236
complex.1830.pdb	0.0227273	24.483	55.134
complex.1831.pdb	0	31.684	70.857
complex.1832.pdb	0	27.006	49.141
complex.1833.pdb	0	26.771	52.025
complex.1834.pdb	0.0909091	18.308	46.421
complex.1835.pdb	0	27.421	62.700
complex.1836.pdb	0	24.722	57.499
complex.1837.pdb	0.147727	13.298	34.221
complex.1838.pdb	0	12.109	25.124
complex.1839.pdb	0	26.299	52.440
complex.1840.pdb	0.0227273	22.233	44.128
complex.1841.pdb	0	30.262	67.624
complex.1842.pdb	0.147727	12.520	29.995
complex.1843.pdb	0	13.759	28.157
complex.1844.pdb	0	21.983	42.585
complex.1845.pdb	0	25.064	54.926
complex.1846.pdb	0	25.852	50.528
complex.1847.pdb	0	31.426	70.742
complex.1848.pdb	0	23.381	59.029
complex.1849.pdb	0	27.569	51.430
complex.1850.pdb	0	20.018	39.195
complex.1851.pdb	0	27.405	56.483
complex.1852.pdb	0	26.922	55.811
complex.1853.pdb	0	24.549	62.307
complex.1854.pdb	0	26.166	45.550
complex.1855.pdb	0	22.526	54.856
complex.1856.pdb	0	24.399	52.986
complex.1857.pdb	0.0227273	26.744	49.834
complex.1858.pdb	0.0113636	28.238	55.604
complex.1859.pdb	0	26.717	63.960
complex.1860.pdb	0	25.999	46.873
complex.1861.pdb	0.0454545	26.638	52.133
complex.1862.pdb	0	26.999	67.755
complex.1863.pdb	0	26.440	67.165
complex.1864.pdb	0.0568182	12.023	24.442
complex.1865.pdb	0.0113636	28.423	59.120
complex.1866.pdb	0.0113636	25.146	48.258
complex.1867.pdb	0	22.015	54.054
complex.1868.pdb	0	17.551	35.914
complex.1869.pdb	0	22.172	55.794
complex.1870.pdb	0	20.305	40.797
complex.1871.pdb	0	25.196	52.938
complex.1872.pdb	0	15.471	32.123
complex.1873.pdb	0	19.867	41.241
complex.1874.pdb	0	24.079	46.152
complex.1875.pdb	0	26.916	50.939
complex.1876.pdb	0	26.851	48.304
complex.1877.pdb	0	29.771	49.832
complex.1878.pdb	0.204545	18.124	36.473
complex.1879.pdb	0	19.512	45.681
complex.1880.pdb	0	22.925	53.903
complex.1881.pdb	0	18.046	41.105
complex.1882.pdb	0	16.130	32.151
complex.1883.pdb	0	26.301	65.829
complex.1884.pdb	0	21.525	50.066
complex.1885.pdb	0	29.381	50.337
complex.1886.pdb	0	27.467	62.991
complex.1887.pdb	0	17.268	36.069
complex.1888.pdb	0.0909091	27.035	50.918
complex.1889.pdb	0	24.572	57.172
complex.1890.pdb	0.102273	11.136	32.527
complex.1891.pdb	0	20.324	46.751
complex.1892.pdb	0	29.407	67.377
complex.1893.pdb	0	26.996	60.399
complex.1894.pdb	0	24.245	54.149
complex.1895.pdb	0	28.860	58.228
complex.1896.pdb	0	11.774	25.494
complex.1897.pdb	0	28.113	49.396
complex.1898.pdb	0	23.168	59.113
complex.1899.pdb	0	26.905	61.941
complex.1900.pdb	0	19.948	47.700
complex.1901.pdb	0	28.053	47.846
complex.1902.pdb	0	28.183	66.407
complex.1903.pdb	0	19.791	45.043
complex.1904.pdb	0	22.628	49.247
complex.1905.pdb	0	22.641	53.607
complex.1906.pdb	0.0113636	27.419	51.779
complex.1907.pdb	0	28.668	64.015
complex.1908.pdb	0	22.987	49.336
complex.1909.pdb	0.0227273	20.148	48.393
complex.1910.pdb	0	25.941	50.828
complex.1911.pdb	0	21.530	55.684
complex.1912.pdb	0.102273	15.242	28.329
complex.1913.pdb	0	18.895	42.804
complex.1914.pdb	0	18.419	41.208
complex.1915.pdb	0	27.358	62.980
complex.1916.pdb	0	22.458	50.112
complex.1917.pdb	0	29.310	66.041
complex.1918.pdb	0	14.247	31.351
complex.1919.pdb	0	23.449	60.624
complex.1920.pdb	0	25.950	48.545
complex.1921.pdb	0.0681818	23.021	52.694
complex.1922.pdb	0	21.861	52.371
complex.1923.pdb	0	22.034	50.832
complex.1924.pdb	0	28.768	63.369
complex.1925.pdb	0.147727	10.865	31.389
complex.1926.pdb	0	19.262	42.325
complex.1927.pdb	0	21.609	45.521
complex.1928.pdb	0	26.356	58.311
complex.1929.pdb	0.136364	9.447	23.648
complex.1930.pdb	0	27.950	64.925
complex.1931.pdb	0.136364	16.240	39.750
complex.1932.pdb	0	25.027	54.360
complex.1933.pdb	0	19.698	42.567
complex.1934.pdb	0	23.198	55.829
complex.1935.pdb	0	20.646	41.535
complex.1936.pdb	0.0113636	20.754	45.386
complex.1937.pdb	0	29.276	67.358
complex.1938.pdb	0	17.793	40.958
complex.1939.pdb	0	23.387	55.376
complex.1940.pdb	0	19.105	41.587
complex.1941.pdb	0	23.777	46.044
complex.1942.pdb	0	25.454	61.537
complex.1943.pdb	0	24.712	47.575
complex.1944.pdb	0.0568182	14.814	34.554
complex.1945.pdb	0	17.539	38.138
complex.1946.pdb	0	28.858	50.144
complex.1947.pdb	0	23.620	51.224
complex.1948.pdb	0.0340909	26.371	51.054
complex.1949.pdb	0	25.109	50.803
complex.1950.pdb	0	23.910	48.609
complex.1951.pdb	0.0227273	25.836	49.160
complex.1952.pdb	0	27.776	55.364
complex.1953.pdb	0.0340909	28.587	63.545
complex.1954.pdb	0	20.176	47.798
complex.1955.pdb	0	14.461	29.484
complex.1956.pdb	0	23.851	53.050
complex.1957.pdb	0.0340909	26.214	54.596
complex.1958.pdb	0	24.147	58.634
complex.1959.pdb	0	25.835	59.077
complex.1960.pdb	0	24.075	52.555
complex.1961.pdb	0	22.418	57.464
complex.1962.pdb	0	27.949	65.648
complex.1963.pdb	0.0113636	16.751	37.474
complex.1964.pdb	0	21.709	45.313
complex.1965.pdb	0.0795455	10.176	28.224
complex.1966.pdb	0.0227273	18.099	41.284
complex.1967.pdb	0	27.078	58.811
complex.1968.pdb	0	19.268	45.090
complex.1969.pdb	0	28.981	48.239
complex.1970.pdb	0	30.510	65.585
complex.1971.pdb	0	26.435	57.678
complex.1972.pdb	0	25.324	63.686
complex.1973.pdb	0	23.220	45.529
complex.1974.pdb	0	28.711	67.362
complex.1975.pdb	0	23.842	49.896
complex.1976.pdb	0.0113636	13.426	31.749
complex.1977.pdb	0	18.507	39.019
complex.1978.pdb	0	25.808	64.888
complex.1979.pdb	0	13.441	27.287
complex.1980.pdb	0	21.986	53.534
complex.1981.pdb	0	18.077	39.615
complex.1982.pdb	0	21.791	47.160
complex.1983.pdb	0	20.914	47.177
complex.1984.pdb	0	28.301	50.837
complex.1985.pdb	0	28.777	65.640
complex.1986.pdb	0	22.488	49.317
complex.1987.pdb	0	29.194	50.376
complex.1988.pdb	0	22.422	43.280
complex.1989.pdb	0	22.839	46.243
complex.1990.pdb	0	24.517	49.571
complex.1991.pdb	0	25.443	49.955
complex.1992.pdb	0	19.326	40.603
complex.1993.pdb	0	25.694	49.546
complex.1994.pdb	0	22.677	55.563
complex.1995.pdb	0	23.917	48.636
complex.1996.pdb	0	13.433	31.933
complex.1997.pdb	0	25.182	53.505
complex.1998.pdb	0	28.836	64.893
complex.1999.pdb	0	24.962	51.134
complex.2000.pdb	0	23.886	47.665
