swarm_133_1.pdb	0.0238095	8.450	23.032	40.078
swarm_34_24.pdb	0	25.491	70.391	32.837
swarm_26_1.pdb	0	12.060	30.930	28.850
swarm_29_90.pdb	0	16.925	49.691	28.387
swarm_58_89.pdb	0	30.933	59.808	24.521
swarm_136_171.pdb	0	22.417	94.019	22.298
swarm_5_111.pdb	0.00595238	12.017	44.544	20.436
swarm_154_37.pdb	0.0357143	15.011	53.350	20.400
swarm_65_150.pdb	0	31.667	93.943	19.490
swarm_134_99.pdb	0	26.359	57.946	19.457
swarm_88_148.pdb	0	27.248	96.521	17.063
swarm_138_63.pdb	0	26.619	73.392	14.560
swarm_86_155.pdb	0	29.102	65.527	14.376
swarm_17_9.pdb	0	28.935	88.630	14.369
swarm_131_186.pdb	0	25.166	84.490	12.997
swarm_38_111.pdb	0.0357143	22.092	40.152	9.669
swarm_78_138.pdb	0	33.178	76.907	1.652
swarm_62_167.pdb	0	30.341	67.434	0.994
