swarm_16_171.pdb	0	24.685	39.870	36.920
swarm_150_166.pdb	0.0353982	22.036	44.576	35.749
swarm_63_48.pdb	0	24.222	39.670	35.589
swarm_55_166.pdb	0	26.115	42.557	35.578
swarm_27_130.pdb	0	23.136	38.833	34.609
swarm_73_26.pdb	0	23.152	37.593	33.263
swarm_93_97.pdb	0	23.664	46.535	32.697
swarm_15_62.pdb	0.0176991	18.598	44.857	32.457
swarm_64_34.pdb	0	23.024	38.856	31.217
swarm_75_198.pdb	0	26.235	45.103	31.215
swarm_58_51.pdb	0	23.437	40.370	31.139
swarm_71_165.pdb	0	23.204	42.631	30.935
swarm_66_27.pdb	0	27.036	46.519	30.688
swarm_135_187.pdb	0.00884956	27.904	50.459	30.569
swarm_36_83.pdb	0	22.336	34.887	30.436
swarm_76_192.pdb	0	23.322	39.011	30.348
swarm_70_131.pdb	0	27.490	42.937	30.077
swarm_74_51.pdb	0	26.943	47.665	29.874
swarm_70_60.pdb	0	23.362	37.749	29.871
swarm_38_81.pdb	0	22.945	37.808	29.118
swarm_56_42.pdb	0	23.391	43.786	28.968
swarm_40_3.pdb	0	19.650	37.237	28.913
swarm_10_138.pdb	0	21.686	38.450	28.879
swarm_56_46.pdb	0	26.166	45.410	28.830
swarm_25_97.pdb	0	25.876	40.872	28.503
swarm_33_7.pdb	0	24.556	46.732	28.492
swarm_135_10.pdb	0	24.061	42.908	28.478
swarm_82_189.pdb	0	23.179	39.260	28.384
swarm_66_131.pdb	0	22.590	42.000	28.209
swarm_39_33.pdb	0.00884956	23.300	49.953	28.184
swarm_163_124.pdb	0	23.988	44.860	28.043
swarm_155_83.pdb	0.168142	7.824	18.805	27.909
swarm_166_172.pdb	0	23.449	39.299	27.865
swarm_154_136.pdb	0	25.163	50.201	27.796
swarm_10_19.pdb	0.0530973	18.989	36.499	27.674
swarm_17_123.pdb	0	21.881	34.753	27.647
swarm_111_143.pdb	0.0176991	19.508	44.962	27.531
swarm_49_15.pdb	0	17.208	36.178	27.485
swarm_163_52.pdb	0	21.715	42.717	27.419
swarm_38_98.pdb	0	25.763	40.753	27.235
swarm_56_57.pdb	0	26.196	47.656	27.205
swarm_31_155.pdb	0	23.803	43.200	27.177
swarm_55_2.pdb	0.00884956	23.338	40.414	27.028
swarm_64_189.pdb	0	23.113	43.456	26.956
swarm_47_174.pdb	0	26.709	40.946	26.741
swarm_16_41.pdb	0	20.801	30.424	26.734
swarm_120_101.pdb	0	11.524	28.817	26.692
swarm_140_97.pdb	0.00884956	24.730	48.524	26.672
swarm_58_183.pdb	0	15.262	34.522	26.595
swarm_150_188.pdb	0	24.275	48.523	26.577
swarm_58_148.pdb	0	20.122	36.740	26.525
swarm_120_178.pdb	0	24.223	47.346	26.513
swarm_17_47.pdb	0	23.915	38.698	26.351
swarm_48_79.pdb	0.0353982	7.638	22.440	26.188
swarm_25_150.pdb	0	16.243	33.555	26.099
swarm_33_117.pdb	0	21.335	33.671	26.043
swarm_14_18.pdb	0	22.857	41.497	26.038
swarm_150_35.pdb	0	24.361	43.467	25.893
swarm_75_13.pdb	0	18.794	34.663	25.890
swarm_71_112.pdb	0	24.996	41.288	25.824
swarm_4_77.pdb	0	23.835	45.573	25.645
swarm_16_33.pdb	0	22.784	35.311	25.601
swarm_36_31.pdb	0	22.243	35.405	25.570
swarm_166_40.pdb	0	23.709	46.484	25.534
swarm_11_67.pdb	0	20.943	33.904	25.523
swarm_25_131.pdb	0.0619469	18.362	33.505	25.432
swarm_40_182.pdb	0	25.456	40.290	25.320
swarm_107_164.pdb	0.0265487	28.127	50.842	25.304
swarm_105_20.pdb	0	23.849	46.687	25.229
swarm_70_135.pdb	0.0530973	9.688	19.604	25.188
swarm_163_17.pdb	0	25.438	49.811	25.178
swarm_29_13.pdb	0	23.093	38.862	25.122
swarm_63_22.pdb	0.0176991	11.851	22.026	25.087
swarm_166_88.pdb	0	19.916	32.044	25.045
swarm_25_18.pdb	0	17.623	26.209	25.017
swarm_27_70.pdb	0	9.970	15.689	25.002
swarm_3_96.pdb	0	23.821	37.623	24.949
swarm_56_110.pdb	0	25.015	39.754	24.840
swarm_141_52.pdb	0	16.590	37.643	24.737
swarm_65_50.pdb	0	25.432	44.350	24.669
swarm_131_91.pdb	0	23.849	43.919	24.616
swarm_16_141.pdb	0	14.991	25.233	24.605
swarm_0_73.pdb	0	28.038	50.454	24.569
swarm_120_92.pdb	0	15.188	33.861	24.554
swarm_71_16.pdb	0	21.969	38.546	24.446
swarm_18_13.pdb	0	9.727	16.669	24.412
swarm_164_174.pdb	0	18.215	31.079	24.412
swarm_48_27.pdb	0	22.571	34.931	24.320
swarm_47_163.pdb	0	18.497	27.015	24.312
swarm_25_58.pdb	0	22.463	41.465	24.302
swarm_48_126.pdb	0	27.393	43.884	24.274
swarm_70_69.pdb	0	21.140	41.504	24.238
swarm_50_153.pdb	0	27.343	52.953	24.206
swarm_73_105.pdb	0	20.458	29.659	24.185
swarm_120_115.pdb	0	22.593	41.829	24.171
swarm_64_38.pdb	0	21.432	35.617	24.137
swarm_11_104.pdb	0	23.439	39.005	24.133
swarm_122_3.pdb	0	22.989	43.606	24.115
swarm_27_59.pdb	0	14.868	21.602	24.088
swarm_154_32.pdb	0	26.583	54.323	24.083
swarm_73_181.pdb	0	18.452	36.274	24.074
swarm_63_156.pdb	0.141593	6.124	14.443	24.055
swarm_135_177.pdb	0	12.943	27.543	24.033
swarm_82_22.pdb	0	25.362	42.419	23.978
swarm_29_160.pdb	0.0442478	9.157	16.039	23.971
swarm_76_112.pdb	0.00884956	21.478	43.630	23.880
swarm_149_192.pdb	0.0265487	15.204	32.301	23.875
swarm_105_198.pdb	0	14.288	36.755	23.821
swarm_55_89.pdb	0	23.919	37.835	23.814
swarm_120_137.pdb	0	24.920	48.400	23.802
swarm_70_151.pdb	0.00884956	15.784	27.407	23.792
swarm_36_75.pdb	0.0265487	10.663	20.067	23.774
swarm_50_165.pdb	0	24.041	51.501	23.767
swarm_55_121.pdb	0	20.563	30.667	23.750
swarm_168_99.pdb	0	20.548	36.933	23.704
swarm_119_182.pdb	0	24.457	47.598	23.690
swarm_3_8.pdb	0	21.211	31.170	23.683
swarm_164_136.pdb	0	23.461	38.885	23.668
swarm_40_110.pdb	0	23.321	36.521	23.633
swarm_25_169.pdb	0.0176991	15.194	32.530	23.614
swarm_49_196.pdb	0	22.990	39.235	23.574
swarm_48_16.pdb	0	20.072	34.489	23.569
swarm_70_22.pdb	0.0442478	14.532	31.534	23.525
swarm_98_22.pdb	0	26.188	52.664	23.520
swarm_36_72.pdb	0	23.897	37.439	23.464
swarm_67_64.pdb	0	24.205	39.711	23.457
swarm_49_62.pdb	0	21.243	34.227	23.441
swarm_47_125.pdb	0	14.134	24.606	23.423
swarm_63_141.pdb	0	22.452	36.511	23.372
swarm_29_147.pdb	0	12.199	20.417	23.318
swarm_59_2.pdb	0	25.979	43.158	23.298
swarm_74_106.pdb	0	26.243	44.214	23.172
swarm_64_36.pdb	0	23.148	41.364	23.155
swarm_71_36.pdb	0	23.859	41.975	23.111
swarm_119_3.pdb	0.00884956	12.939	38.346	23.061
swarm_54_84.pdb	0	24.555	41.845	23.020
swarm_163_49.pdb	0	18.442	35.332	22.952
swarm_80_0.pdb	0	16.692	37.182	22.873
swarm_49_118.pdb	0.0707965	11.165	23.615	22.872
swarm_65_86.pdb	0.0176991	22.129	44.531	22.854
swarm_15_8.pdb	0	21.530	38.936	22.853
swarm_102_46.pdb	0	24.604	48.679	22.832
swarm_14_174.pdb	0	20.373	37.918	22.764
swarm_66_88.pdb	0	28.873	54.656	22.760
swarm_166_74.pdb	0	22.923	41.832	22.728
swarm_165_142.pdb	0	19.546	33.252	22.720
swarm_135_127.pdb	0	26.537	48.945	22.715
swarm_65_179.pdb	0	26.163	47.113	22.681
swarm_65_71.pdb	0	23.853	42.888	22.652
swarm_141_187.pdb	0	21.080	37.451	22.628
swarm_74_156.pdb	0	18.275	38.307	22.620
swarm_119_19.pdb	0	25.690	48.709	22.609
swarm_140_172.pdb	0	24.399	48.810	22.598
swarm_65_40.pdb	0	25.788	48.256	22.537
swarm_163_87.pdb	0	23.605	40.328	22.528
swarm_107_139.pdb	0	13.410	39.700	22.491
swarm_165_46.pdb	0.0176991	10.863	23.077	22.488
swarm_164_86.pdb	0	19.726	40.771	22.477
swarm_153_19.pdb	0	17.175	39.139	22.461
swarm_111_138.pdb	0	20.482	48.474	22.458
swarm_120_134.pdb	0	28.048	50.599	22.402
swarm_67_165.pdb	0	26.480	46.424	22.396
swarm_120_22.pdb	0	26.075	49.309	22.368
swarm_55_97.pdb	0.0353982	12.236	27.047	22.346
swarm_10_102.pdb	0	18.020	39.869	22.296
swarm_63_101.pdb	0	18.679	36.213	22.274
swarm_139_145.pdb	0	26.464	48.013	22.266
swarm_97_158.pdb	0	16.100	38.616	22.224
swarm_55_83.pdb	0	19.648	29.460	22.177
swarm_36_183.pdb	0	11.033	18.738	22.122
swarm_168_30.pdb	0	23.443	37.555	22.097
swarm_49_29.pdb	0.00884956	21.487	39.480	22.092
swarm_75_12.pdb	0	24.040	40.085	22.080
swarm_33_13.pdb	0	22.052	37.457	22.067
swarm_71_102.pdb	0.0353982	13.980	29.208	22.012
swarm_25_42.pdb	0	25.989	42.715	21.981
swarm_49_53.pdb	0	24.384	40.018	21.977
swarm_10_168.pdb	0	18.912	41.727	21.955
swarm_109_98.pdb	0.0265487	16.967	38.651	21.936
swarm_17_93.pdb	0	15.723	30.462	21.932
swarm_15_31.pdb	0	26.933	47.025	21.887
swarm_17_90.pdb	0	17.799	34.056	21.745
swarm_140_49.pdb	0	24.027	40.218	21.701
swarm_38_134.pdb	0	19.725	30.949	21.695
swarm_105_45.pdb	0.0442478	21.065	49.369	21.690
swarm_135_31.pdb	0	26.347	48.704	21.672
swarm_80_94.pdb	0	18.947	42.378	21.643
swarm_111_178.pdb	0	17.561	45.194	21.641
swarm_71_52.pdb	0	24.500	39.946	21.612
swarm_151_67.pdb	0	26.827	50.822	21.604
swarm_135_125.pdb	0	26.145	50.817	21.594
swarm_40_106.pdb	0	23.414	39.355	21.579
swarm_139_86.pdb	0	25.906	48.494	21.536
swarm_66_192.pdb	0	18.544	41.624	21.488
swarm_11_94.pdb	0.0265487	23.194	46.383	21.484
swarm_64_57.pdb	0	11.079	27.670	21.469
swarm_67_8.pdb	0	27.337	47.635	21.465
swarm_18_181.pdb	0	23.852	37.427	21.448
swarm_20_152.pdb	0	23.505	46.938	21.441
swarm_120_136.pdb	0	20.143	46.445	21.439
swarm_67_131.pdb	0	23.788	41.497	21.411
swarm_141_125.pdb	0	27.174	49.617	21.392
swarm_37_149.pdb	0.00884956	19.879	49.263	21.360
swarm_96_154.pdb	0	25.510	53.824	21.345
swarm_33_49.pdb	0	20.570	36.160	21.305
swarm_38_0.pdb	0	24.164	38.636	21.276
swarm_27_109.pdb	0	25.141	40.597	21.264
swarm_17_26.pdb	0	21.045	33.859	21.245
swarm_154_41.pdb	0	29.428	56.605	21.245
swarm_18_8.pdb	0	21.554	39.024	21.233
swarm_135_19.pdb	0	25.575	41.678	21.230
swarm_152_96.pdb	0	18.148	41.985	21.223
swarm_75_68.pdb	0	12.350	27.981	21.214
swarm_31_195.pdb	0	25.624	46.759	21.189
swarm_50_95.pdb	0.00884956	27.927	50.100	21.115
swarm_76_95.pdb	0	24.049	41.191	21.034
swarm_150_126.pdb	0	21.602	40.171	21.030
swarm_75_3.pdb	0	26.651	45.227	20.917
swarm_3_10.pdb	0	24.963	37.295	20.894
swarm_40_51.pdb	0	23.795	37.952	20.889
swarm_119_50.pdb	0	19.514	44.917	20.880
swarm_74_191.pdb	0	20.683	41.094	20.872
swarm_166_199.pdb	0.00884956	27.179	48.624	20.872
swarm_3_16.pdb	0	20.214	38.074	20.858
swarm_141_162.pdb	0.00884956	17.307	37.616	20.849
swarm_63_196.pdb	0.106195	10.926	20.228	20.812
swarm_63_109.pdb	0	20.893	31.579	20.810
swarm_88_58.pdb	0	27.666	57.516	20.782
swarm_33_134.pdb	0	24.918	41.036	20.747
swarm_36_51.pdb	0.0176991	14.532	26.297	20.738
swarm_31_138.pdb	0	25.845	45.139	20.732
swarm_105_27.pdb	0.00884956	21.680	46.873	20.727
swarm_134_29.pdb	0.00884956	26.006	51.458	20.721
swarm_152_156.pdb	0	26.517	49.079	20.718
swarm_89_157.pdb	0	27.932	54.908	20.694
swarm_16_32.pdb	0	22.984	35.566	20.684
swarm_165_28.pdb	0	24.206	41.510	20.664
swarm_131_49.pdb	0	26.052	50.537	20.660
swarm_16_56.pdb	0	26.067	40.045	20.651
swarm_111_27.pdb	0	21.599	46.853	20.628
swarm_147_68.pdb	0	21.908	51.215	20.624
swarm_76_139.pdb	0	24.117	37.487	20.591
swarm_70_155.pdb	0	20.504	31.058	20.473
swarm_135_124.pdb	0	21.568	37.021	20.473
swarm_58_98.pdb	0	29.337	48.819	20.464
swarm_3_182.pdb	0	18.731	35.252	20.460
swarm_67_71.pdb	0	26.007	45.919	20.434
swarm_29_183.pdb	0	26.569	41.582	20.422
swarm_70_197.pdb	0	19.604	36.139	20.411
swarm_15_83.pdb	0	27.195	46.463	20.389
swarm_100_7.pdb	0	28.910	53.926	20.379
swarm_140_145.pdb	0	23.031	39.669	20.373
swarm_47_179.pdb	0	27.420	44.306	20.362
swarm_65_198.pdb	0	23.231	41.048	20.354
swarm_119_146.pdb	0	26.915	49.385	20.341
swarm_78_186.pdb	0	26.451	49.567	20.320
swarm_73_153.pdb	0	22.936	39.039	20.286
swarm_56_5.pdb	0	22.282	42.971	20.245
swarm_135_65.pdb	0	13.778	40.073	20.240
swarm_150_162.pdb	0	24.621	47.918	20.227
swarm_56_83.pdb	0	23.979	38.437	20.207
swarm_56_122.pdb	0	24.250	44.099	20.142
swarm_73_126.pdb	0.00884956	25.312	41.471	20.128
swarm_122_100.pdb	0	27.397	52.274	20.123
swarm_70_106.pdb	0	22.772	42.555	20.113
swarm_56_45.pdb	0	17.505	39.091	20.082
swarm_1_25.pdb	0	27.974	49.491	20.069
swarm_138_196.pdb	0.0353982	28.333	52.381	20.062
swarm_73_145.pdb	0	24.466	46.192	20.059
swarm_122_173.pdb	0	26.774	45.973	20.047
swarm_64_195.pdb	0	24.373	45.750	20.043
swarm_150_125.pdb	0	13.162	33.833	20.037
swarm_14_170.pdb	0.0353982	15.450	35.344	20.023
swarm_140_108.pdb	0	25.333	49.129	20.012
swarm_131_21.pdb	0	27.273	50.807	19.992
swarm_152_193.pdb	0	25.729	43.944	19.991
swarm_97_121.pdb	0	25.093	42.937	19.972
swarm_3_190.pdb	0	24.652	39.963	19.971
swarm_64_21.pdb	0	25.190	43.253	19.962
swarm_67_133.pdb	0	25.457	44.092	19.958
swarm_27_35.pdb	0	23.852	37.154	19.952
swarm_134_179.pdb	0	17.366	40.622	19.946
swarm_74_140.pdb	0	21.430	39.659	19.937
swarm_155_27.pdb	0	15.848	28.600	19.922
swarm_40_34.pdb	0	25.405	40.582	19.921
swarm_164_133.pdb	0	21.649	38.949	19.916
swarm_18_37.pdb	0	20.928	33.028	19.904
swarm_96_156.pdb	0	22.902	49.892	19.890
swarm_64_198.pdb	0.00884956	22.814	43.863	19.883
swarm_122_132.pdb	0	21.671	46.366	19.881
swarm_74_163.pdb	0	25.417	45.578	19.875
swarm_47_6.pdb	0	18.042	35.432	19.857
swarm_78_96.pdb	0	12.446	36.013	19.791
swarm_96_40.pdb	0	15.819	42.500	19.782
swarm_66_90.pdb	0.0353982	24.894	47.356	19.777
swarm_37_162.pdb	0	25.855	46.157	19.755
swarm_153_154.pdb	0	25.373	45.579	19.750
swarm_10_41.pdb	0.0176991	11.545	33.755	19.735
swarm_29_173.pdb	0	21.666	32.485	19.733
swarm_165_101.pdb	0	23.051	41.909	19.707
swarm_39_94.pdb	0	24.327	52.465	19.706
swarm_150_55.pdb	0	10.692	31.865	19.701
swarm_76_121.pdb	0	26.339	44.207	19.672
swarm_31_76.pdb	0	25.593	44.240	19.665
swarm_27_87.pdb	0.00884956	24.098	39.734	19.647
swarm_88_64.pdb	0	26.619	49.395	19.633
swarm_11_37.pdb	0	23.926	40.188	19.632
swarm_99_181.pdb	0	25.271	42.073	19.616
swarm_37_87.pdb	0	24.614	46.450	19.596
swarm_51_183.pdb	0	26.740	50.604	19.575
swarm_3_13.pdb	0	25.078	41.143	19.546
swarm_38_31.pdb	0	24.383	40.203	19.472
swarm_29_199.pdb	0	23.245	36.779	19.470
swarm_64_114.pdb	0	13.977	33.451	19.441
swarm_2_116.pdb	0	28.724	55.831	19.438
swarm_119_112.pdb	0	27.245	49.220	19.394
swarm_81_182.pdb	0	21.202	40.971	19.393
swarm_36_179.pdb	0.0353982	20.521	35.604	19.381
swarm_155_105.pdb	0	10.988	24.377	19.374
swarm_109_38.pdb	0	23.199	39.416	19.365
swarm_64_46.pdb	0	23.825	39.226	19.349
swarm_49_60.pdb	0	16.944	28.010	19.345
swarm_131_1.pdb	0	22.439	42.888	19.338
swarm_98_3.pdb	0	26.491	46.594	19.329
swarm_150_59.pdb	0.00884956	27.558	49.283	19.325
swarm_96_56.pdb	0	22.660	53.127	19.314
swarm_122_52.pdb	0	29.909	54.882	19.308
swarm_49_136.pdb	0	20.745	30.108	19.303
swarm_96_23.pdb	0	25.083	55.636	19.301
swarm_10_100.pdb	0	25.088	42.005	19.290
swarm_15_133.pdb	0	24.816	43.949	19.286
swarm_98_181.pdb	0	21.814	44.192	19.261
swarm_149_91.pdb	0.0442478	24.919	47.228	19.239
swarm_48_130.pdb	0	22.202	35.256	19.169
swarm_140_58.pdb	0.0442478	23.940	47.384	19.154
swarm_119_37.pdb	0	23.433	41.433	19.149
swarm_166_23.pdb	0	23.259	41.259	19.141
swarm_149_141.pdb	0.00884956	20.360	41.784	19.127
swarm_164_16.pdb	0.00884956	21.302	44.250	19.100
swarm_4_42.pdb	0.00884956	27.520	57.237	19.078
swarm_38_198.pdb	0	21.126	31.746	19.058
swarm_131_109.pdb	0	25.451	54.099	19.056
swarm_114_33.pdb	0	28.702	53.816	19.055
swarm_31_147.pdb	0	24.575	43.057	19.049
swarm_84_121.pdb	0	28.890	50.777	19.028
swarm_146_134.pdb	0	26.290	53.484	19.022
swarm_78_80.pdb	0	28.853	52.851	19.018
swarm_154_88.pdb	0	18.148	41.221	19.014
swarm_81_37.pdb	0	28.086	50.779	19.010
swarm_109_105.pdb	0	27.495	48.894	18.992
swarm_38_35.pdb	0.00884956	11.472	25.158	18.978
swarm_39_19.pdb	0	21.232	42.715	18.958
swarm_76_143.pdb	0	23.559	43.163	18.929
swarm_81_89.pdb	0	23.810	46.048	18.920
swarm_15_21.pdb	0.0265487	22.635	43.476	18.916
swarm_131_139.pdb	0	26.532	51.067	18.891
swarm_109_48.pdb	0	17.862	35.636	18.887
swarm_14_134.pdb	0	24.389	44.925	18.880
swarm_17_60.pdb	0	21.174	30.944	18.864
swarm_131_158.pdb	0	28.988	53.297	18.863
swarm_142_179.pdb	0	26.240	57.652	18.832
swarm_114_112.pdb	0	26.424	46.729	18.809
swarm_141_126.pdb	0.0176991	24.303	48.972	18.793
swarm_96_32.pdb	0	29.651	55.284	18.790
swarm_74_91.pdb	0	24.668	38.110	18.778
swarm_73_100.pdb	0	25.982	41.126	18.771
swarm_88_129.pdb	0.0353982	24.793	51.499	18.733
swarm_74_147.pdb	0	22.055	41.287	18.724
swarm_37_102.pdb	0	19.723	43.228	18.724
swarm_168_95.pdb	0	23.253	44.375	18.720
swarm_48_97.pdb	0	19.148	27.354	18.714
swarm_166_176.pdb	0	20.361	40.916	18.714
swarm_66_168.pdb	0	26.804	46.938	18.708
swarm_14_93.pdb	0	18.485	40.478	18.699
swarm_99_59.pdb	0	17.533	35.975	18.646
swarm_163_60.pdb	0.0265487	28.285	52.092	18.634
swarm_139_28.pdb	0	21.120	47.799	18.633
swarm_152_153.pdb	0	28.360	48.133	18.625
swarm_64_123.pdb	0	17.676	35.798	18.624
swarm_18_81.pdb	0	21.105	32.610	18.585
swarm_109_6.pdb	0.0353982	25.188	52.110	18.547
swarm_151_123.pdb	0	28.978	56.952	18.531
swarm_146_92.pdb	0	20.240	45.964	18.530
swarm_3_35.pdb	0	20.396	29.614	18.521
swarm_150_198.pdb	0	23.999	40.454	18.514
swarm_131_98.pdb	0.00884956	18.578	39.278	18.491
swarm_31_58.pdb	0	19.511	36.455	18.483
swarm_105_67.pdb	0	27.449	51.964	18.466
swarm_27_23.pdb	0.00884956	18.831	34.554	18.453
swarm_131_118.pdb	0	17.183	40.239	18.430
swarm_75_125.pdb	0	23.855	41.543	18.421
swarm_49_156.pdb	0	23.903	36.211	18.397
swarm_107_165.pdb	0	19.899	42.455	18.373
swarm_150_103.pdb	0	18.394	36.837	18.367
swarm_139_193.pdb	0	23.907	50.895	18.336
swarm_109_34.pdb	0	28.014	50.391	18.327
swarm_38_45.pdb	0	23.416	38.265	18.311
swarm_25_7.pdb	0	24.007	37.598	18.308
swarm_93_44.pdb	0	21.113	51.815	18.306
swarm_11_173.pdb	0	27.173	47.586	18.289
swarm_84_94.pdb	0	26.961	48.693	18.280
swarm_63_185.pdb	0.0176991	12.777	29.374	18.233
swarm_165_6.pdb	0.00884956	23.390	37.304	18.231
swarm_140_147.pdb	0	19.217	33.339	18.227
swarm_109_17.pdb	0.00884956	19.904	44.303	18.227
swarm_17_41.pdb	0	17.349	26.429	18.226
swarm_141_113.pdb	0	23.008	38.895	18.226
swarm_47_164.pdb	0	25.512	40.995	18.185
swarm_153_105.pdb	0	25.129	46.463	18.182
swarm_140_109.pdb	0.0265487	27.971	48.864	18.169
swarm_56_52.pdb	0	29.258	48.075	18.159
swarm_16_111.pdb	0	17.566	28.271	18.137
swarm_149_129.pdb	0	10.864	23.823	18.134
swarm_168_72.pdb	0.00884956	23.375	48.953	18.123
swarm_3_188.pdb	0.00884956	20.077	32.339	18.120
swarm_38_79.pdb	0	23.091	37.542	18.102
swarm_163_100.pdb	0	28.748	54.360	18.090
swarm_76_124.pdb	0	21.784	34.316	18.084
swarm_97_145.pdb	0.0353982	23.384	46.858	18.066
swarm_31_197.pdb	0	26.394	44.286	18.044
swarm_97_27.pdb	0	25.313	46.688	18.031
swarm_39_41.pdb	0	26.338	48.685	18.019
swarm_168_196.pdb	0	24.706	40.473	17.997
swarm_31_34.pdb	0	24.138	39.092	17.994
swarm_36_128.pdb	0	20.798	32.703	17.982
swarm_70_102.pdb	0	22.548	39.645	17.975
swarm_105_8.pdb	0	27.857	52.920	17.964
swarm_119_6.pdb	0	24.547	47.750	17.925
swarm_107_195.pdb	0	22.059	38.344	17.920
swarm_116_74.pdb	0	27.966	50.428	17.916
swarm_20_125.pdb	0	27.105	49.530	17.912
swarm_163_199.pdb	0	13.757	38.857	17.900
swarm_80_41.pdb	0	24.675	43.431	17.885
swarm_149_170.pdb	0.0176991	18.582	43.910	17.858
swarm_2_26.pdb	0	28.310	62.188	17.831
swarm_134_183.pdb	0	25.482	58.871	17.801
swarm_11_54.pdb	0	22.302	40.738	17.788
swarm_18_44.pdb	0	9.472	21.020	17.783
swarm_20_169.pdb	0	26.274	46.714	17.772
swarm_46_22.pdb	0	27.924	58.354	17.767
swarm_80_23.pdb	0	24.243	49.106	17.763
swarm_18_82.pdb	0	27.654	46.205	17.743
swarm_154_86.pdb	0	28.569	52.353	17.729
swarm_27_135.pdb	0	10.456	17.108	17.724
swarm_29_122.pdb	0.0442478	23.812	37.752	17.707
swarm_99_57.pdb	0	27.252	46.345	17.685
swarm_0_102.pdb	0	26.056	47.963	17.652
swarm_80_145.pdb	0	27.056	47.846	17.647
swarm_75_140.pdb	0	23.770	44.323	17.611
swarm_135_17.pdb	0	23.105	43.127	17.593
swarm_102_36.pdb	0	29.592	55.705	17.578
swarm_163_159.pdb	0	16.699	36.371	17.505
swarm_81_190.pdb	0.00884956	22.987	46.887	17.499
swarm_48_182.pdb	0	26.737	43.851	17.492
swarm_11_50.pdb	0.00884956	16.220	35.543	17.491
swarm_20_101.pdb	0	25.835	44.034	17.473
swarm_99_143.pdb	0	26.552	44.071	17.467
swarm_107_74.pdb	0	26.509	48.733	17.467
swarm_109_153.pdb	0	23.433	48.501	17.466
swarm_17_120.pdb	0	27.864	44.689	17.458
swarm_29_2.pdb	0	25.836	41.614	17.450
swarm_129_21.pdb	0	29.685	55.393	17.447
swarm_46_77.pdb	0	22.217	54.339	17.438
swarm_140_133.pdb	0	13.984	32.794	17.435
swarm_148_33.pdb	0	23.644	42.742	17.411
swarm_7_197.pdb	0	26.905	53.181	17.395
swarm_76_172.pdb	0	22.919	38.044	17.380
swarm_138_20.pdb	0	29.072	53.380	17.371
swarm_122_63.pdb	0	27.517	55.857	17.365
swarm_154_78.pdb	0	23.376	49.862	17.362
swarm_29_165.pdb	0	19.334	32.491	17.349
swarm_107_89.pdb	0	25.888	46.206	17.335
swarm_97_24.pdb	0.00884956	19.488	39.053	17.333
swarm_70_74.pdb	0.141593	8.029	20.687	17.328
swarm_11_157.pdb	0	26.507	47.229	17.315
swarm_111_191.pdb	0	24.156	51.558	17.290
swarm_148_162.pdb	0	28.817	52.235	17.269
swarm_18_90.pdb	0	20.916	33.702	17.195
swarm_33_114.pdb	0	24.037	40.254	17.189
swarm_166_136.pdb	0	18.345	31.050	17.189
swarm_17_191.pdb	0	25.249	40.801	17.186
swarm_63_28.pdb	0.00884956	22.915	41.081	17.178
swarm_40_128.pdb	0	25.461	43.382	17.178
swarm_33_85.pdb	0	26.376	42.895	17.166
swarm_163_197.pdb	0	26.259	50.938	17.147
swarm_122_166.pdb	0.0176991	26.172	53.557	17.127
swarm_1_31.pdb	0	28.646	52.851	17.124
swarm_139_140.pdb	0	26.150	51.767	17.116
swarm_110_138.pdb	0.0176991	17.165	46.336	17.105
swarm_26_59.pdb	0	27.671	53.056	17.069
swarm_54_196.pdb	0	25.061	43.351	17.036
swarm_82_30.pdb	0	21.203	44.569	17.026
swarm_33_31.pdb	0	25.275	43.043	17.023
swarm_93_27.pdb	0	27.457	55.675	17.020
swarm_4_22.pdb	0	19.342	42.652	16.982
swarm_10_22.pdb	0	24.198	40.475	16.976
swarm_17_61.pdb	0	20.878	29.961	16.959
swarm_102_150.pdb	0.00884956	27.325	57.900	16.951
swarm_37_16.pdb	0	29.716	57.872	16.922
swarm_40_136.pdb	0	26.691	44.681	16.919
swarm_155_124.pdb	0	25.540	41.286	16.907
swarm_87_28.pdb	0	27.712	59.316	16.906
swarm_137_51.pdb	0	25.603	45.977	16.891
swarm_68_193.pdb	0	27.933	56.581	16.883
swarm_76_65.pdb	0	21.927	38.478	16.864
swarm_67_185.pdb	0	19.909	37.369	16.863
swarm_139_186.pdb	0	29.756	55.731	16.850
swarm_111_164.pdb	0	27.502	61.229	16.833
swarm_39_192.pdb	0	25.245	51.846	16.809
swarm_14_3.pdb	0	23.815	42.530	16.800
swarm_39_83.pdb	0	29.117	53.702	16.790
swarm_149_56.pdb	0	23.605	39.154	16.777
swarm_2_23.pdb	0	26.279	54.842	16.776
swarm_90_164.pdb	0	23.748	48.452	16.775
swarm_153_175.pdb	0	26.545	52.172	16.771
swarm_67_84.pdb	0.00884956	18.104	37.847	16.758
swarm_55_188.pdb	0	20.045	36.163	16.740
swarm_102_174.pdb	0	19.354	53.145	16.737
swarm_3_9.pdb	0	21.958	35.051	16.733
swarm_86_138.pdb	0	27.192	52.269	16.727
swarm_131_132.pdb	0	28.715	54.195	16.719
swarm_7_70.pdb	0	27.385	56.191	16.706
swarm_37_66.pdb	0	29.484	58.134	16.702
swarm_80_40.pdb	0	9.993	26.970	16.701
swarm_119_13.pdb	0	25.853	46.635	16.698
swarm_74_182.pdb	0	28.359	52.737	16.680
swarm_164_194.pdb	0.0530973	18.429	38.964	16.658
swarm_165_190.pdb	0	26.097	43.354	16.655
swarm_15_70.pdb	0	25.384	46.492	16.618
swarm_24_156.pdb	0	26.351	59.636	16.611
swarm_64_138.pdb	0	27.458	47.428	16.605
swarm_138_130.pdb	0	26.203	58.609	16.605
swarm_85_4.pdb	0	29.135	53.574	16.571
swarm_75_72.pdb	0.00884956	27.287	46.927	16.559
swarm_18_194.pdb	0	22.220	35.544	16.559
swarm_107_146.pdb	0	19.569	39.061	16.535
swarm_1_199.pdb	0	31.326	56.795	16.525
swarm_63_77.pdb	0.00884956	17.538	35.808	16.520
swarm_95_33.pdb	0	33.007	65.155	16.509
swarm_99_114.pdb	0	25.660	42.786	16.508
swarm_99_117.pdb	0	27.921	45.230	16.497
swarm_37_197.pdb	0	25.464	54.275	16.474
swarm_76_17.pdb	0	13.849	28.879	16.454
swarm_164_117.pdb	0	23.040	38.353	16.454
swarm_29_124.pdb	0	25.510	38.474	16.434
swarm_116_135.pdb	0	30.401	61.312	16.414
swarm_29_172.pdb	0	24.712	38.611	16.398
swarm_163_105.pdb	0.0353982	26.837	56.614	16.389
swarm_67_50.pdb	0	23.737	47.204	16.342
swarm_138_11.pdb	0	24.985	51.692	16.332
swarm_54_3.pdb	0	21.464	38.595	16.314
swarm_46_35.pdb	0	27.828	53.657	16.300
swarm_85_38.pdb	0	23.762	52.784	16.281
swarm_92_178.pdb	0	28.123	49.050	16.272
swarm_109_120.pdb	0.00884956	26.957	50.141	16.268
swarm_93_35.pdb	0.0265487	31.251	66.320	16.255
swarm_58_24.pdb	0	28.842	48.943	16.251
swarm_17_139.pdb	0	22.112	35.102	16.249
swarm_3_107.pdb	0	24.382	38.160	16.248
swarm_40_21.pdb	0	22.891	38.420	16.243
swarm_168_90.pdb	0	17.040	33.597	16.237
swarm_153_85.pdb	0	20.841	48.440	16.219
swarm_4_184.pdb	0	28.686	52.560	16.216
swarm_80_11.pdb	0	16.737	37.851	16.211
swarm_141_73.pdb	0	20.336	44.633	16.184
swarm_114_57.pdb	0	25.070	53.866	16.183
swarm_75_145.pdb	0	24.516	43.410	16.176
swarm_82_59.pdb	0	24.943	42.495	16.150
swarm_20_195.pdb	0	23.387	49.600	16.150
swarm_58_105.pdb	0	26.074	48.942	16.141
swarm_55_168.pdb	0.00884956	13.539	26.780	16.124
swarm_84_110.pdb	0	26.725	44.310	16.106
swarm_3_131.pdb	0	23.055	34.623	16.106
swarm_14_111.pdb	0	24.506	44.081	16.099
swarm_84_190.pdb	0	27.727	49.713	16.088
swarm_100_42.pdb	0	28.077	56.490	16.087
swarm_129_193.pdb	0	24.649	54.166	16.081
swarm_141_5.pdb	0.0442478	16.200	44.545	16.080
swarm_89_4.pdb	0.0442478	29.187	54.007	16.052
swarm_37_13.pdb	0	18.160	43.492	16.045
swarm_148_125.pdb	0	23.103	40.702	15.975
swarm_146_91.pdb	0	25.300	48.465	15.963
swarm_149_24.pdb	0	28.362	47.727	15.954
swarm_35_111.pdb	0	23.829	53.571	15.924
swarm_153_65.pdb	0	28.381	55.326	15.909
swarm_88_6.pdb	0	29.669	56.955	15.889
swarm_155_94.pdb	0	23.649	40.246	15.886
swarm_78_28.pdb	0	26.299	49.020	15.867
swarm_155_143.pdb	0	24.477	44.457	15.847
swarm_47_35.pdb	0.0265487	22.227	39.909	15.840
swarm_26_86.pdb	0	22.015	52.006	15.823
swarm_111_51.pdb	0	27.646	52.321	15.806
swarm_73_0.pdb	0.0265487	22.489	41.178	15.792
swarm_155_122.pdb	0	26.400	43.712	15.789
swarm_84_168.pdb	0.0265487	25.430	49.231	15.783
swarm_47_4.pdb	0	18.393	29.069	15.749
swarm_149_20.pdb	0.0176991	19.293	39.727	15.728
swarm_165_91.pdb	0	23.372	39.532	15.717
swarm_115_96.pdb	0	28.056	54.579	15.717
swarm_98_74.pdb	0	26.444	53.576	15.715
swarm_131_174.pdb	0	27.016	49.918	15.710
swarm_71_119.pdb	0	10.378	22.836	15.678
swarm_99_137.pdb	0	26.791	46.248	15.676
swarm_149_68.pdb	0.0265487	22.309	40.887	15.667
swarm_134_191.pdb	0	25.768	58.540	15.663
swarm_107_26.pdb	0	26.495	45.753	15.654
swarm_51_62.pdb	0	28.040	56.496	15.647
swarm_146_27.pdb	0	23.255	55.252	15.635
swarm_152_161.pdb	0	26.923	45.634	15.633
swarm_131_111.pdb	0	25.195	47.955	15.626
swarm_97_2.pdb	0	26.212	44.586	15.612
swarm_168_31.pdb	0	22.176	43.553	15.610
swarm_114_32.pdb	0	26.464	54.066	15.603
swarm_149_17.pdb	0	25.343	45.132	15.576
swarm_137_156.pdb	0.00884956	20.906	47.722	15.563
swarm_100_96.pdb	0	28.188	60.087	15.549
swarm_154_83.pdb	0	29.793	59.530	15.548
swarm_78_78.pdb	0	26.782	51.230	15.536
swarm_165_2.pdb	0	19.357	31.250	15.536
swarm_115_111.pdb	0	22.986	49.379	15.529
swarm_11_43.pdb	0	26.770	47.163	15.526
swarm_78_41.pdb	0	22.692	43.343	15.522
swarm_93_156.pdb	0	31.564	61.334	15.516
swarm_16_140.pdb	0.0176991	12.897	22.377	15.513
swarm_11_186.pdb	0	24.780	42.015	15.510
swarm_24_124.pdb	0	29.401	63.283	15.500
swarm_99_31.pdb	0	19.244	39.132	15.495
swarm_80_62.pdb	0	26.495	47.730	15.488
swarm_96_195.pdb	0	24.281	52.088	15.484
swarm_114_188.pdb	0	16.255	39.124	15.476
swarm_39_131.pdb	0	30.672	56.950	15.475
swarm_155_127.pdb	0	21.866	31.635	15.458
swarm_125_34.pdb	0	25.171	50.291	15.422
swarm_66_181.pdb	0	25.116	48.441	15.356
swarm_166_37.pdb	0	20.825	31.064	15.345
swarm_148_23.pdb	0	23.519	39.104	15.344
swarm_105_60.pdb	0	17.526	41.404	15.328
swarm_107_61.pdb	0	24.037	50.482	15.297
swarm_98_8.pdb	0	27.708	51.509	15.295
swarm_80_25.pdb	0	25.143	42.046	15.295
swarm_18_164.pdb	0	23.487	35.269	15.289
swarm_16_15.pdb	0	20.927	29.872	15.285
swarm_33_53.pdb	0	19.075	32.098	15.257
swarm_150_92.pdb	0	23.894	47.770	15.254
swarm_102_66.pdb	0	27.834	53.684	15.254
swarm_27_92.pdb	0	24.407	38.809	15.249
swarm_168_199.pdb	0	27.830	48.242	15.244
swarm_140_168.pdb	0	24.950	46.079	15.232
swarm_82_65.pdb	0	21.183	33.403	15.227
swarm_109_41.pdb	0	26.741	50.896	15.218
swarm_78_75.pdb	0	23.570	50.532	15.187
swarm_51_28.pdb	0	25.599	50.377	15.180
swarm_108_184.pdb	0.00884956	24.358	58.608	15.179
swarm_10_16.pdb	0	26.239	47.399	15.163
swarm_166_180.pdb	0.0619469	16.469	41.246	15.149
swarm_27_32.pdb	0	22.112	36.053	15.135
swarm_35_126.pdb	0	30.057	66.078	15.128
swarm_111_116.pdb	0	26.357	51.220	15.108
swarm_86_19.pdb	0	26.083	54.921	15.076
swarm_90_97.pdb	0	17.191	41.751	15.057
swarm_85_49.pdb	0	24.673	55.057	15.053
swarm_149_99.pdb	0	20.674	34.660	15.048
swarm_37_145.pdb	0	27.135	52.266	15.046
swarm_113_198.pdb	0	19.741	49.217	15.029
swarm_99_45.pdb	0	28.463	48.794	15.013
swarm_19_134.pdb	0	26.778	51.971	15.001
swarm_129_118.pdb	0	22.316	55.412	15.000
swarm_51_53.pdb	0	25.504	46.512	14.994
swarm_125_83.pdb	0	29.771	59.945	14.973
swarm_98_175.pdb	0	27.000	47.997	14.970
swarm_81_82.pdb	0	27.972	48.731	14.965
swarm_96_59.pdb	0	26.659	49.063	14.940
swarm_97_120.pdb	0	27.323	50.456	14.939
swarm_110_110.pdb	0	26.745	59.558	14.931
swarm_19_187.pdb	0	26.550	52.710	14.926
swarm_120_102.pdb	0	23.178	38.893	14.910
swarm_69_191.pdb	0	24.090	45.131	14.890
swarm_122_156.pdb	0	24.518	55.491	14.890
swarm_134_42.pdb	0	24.281	48.313	14.881
swarm_86_129.pdb	0	25.972	48.248	14.818
swarm_137_124.pdb	0.00884956	28.912	52.715	14.807
swarm_141_59.pdb	0	26.634	51.560	14.790
swarm_166_163.pdb	0	24.434	46.441	14.781
swarm_49_138.pdb	0	26.375	42.482	14.780
swarm_11_53.pdb	0	13.242	33.275	14.774
swarm_93_66.pdb	0	30.856	59.865	14.767
swarm_15_7.pdb	0	26.949	44.147	14.735
swarm_75_21.pdb	0	19.099	39.484	14.717
swarm_49_183.pdb	0	21.060	34.618	14.707
swarm_36_82.pdb	0	20.992	38.746	14.704
swarm_153_100.pdb	0	27.104	56.516	14.692
swarm_90_170.pdb	0.0176991	23.597	52.751	14.630
swarm_54_199.pdb	0	20.624	29.204	14.597
swarm_84_38.pdb	0	23.350	47.260	14.594
swarm_129_187.pdb	0	23.422	46.613	14.578
swarm_122_134.pdb	0	25.736	54.153	14.577
swarm_68_199.pdb	0	25.295	55.442	14.558
swarm_168_168.pdb	0	24.052	45.098	14.549
swarm_84_14.pdb	0	29.497	48.988	14.545
swarm_134_61.pdb	0	20.566	52.190	14.543
swarm_11_119.pdb	0	25.789	47.919	14.522
swarm_85_130.pdb	0	26.897	56.613	14.521
swarm_95_172.pdb	0	25.697	54.985	14.500
swarm_144_193.pdb	0.0619469	23.352	58.638	14.482
swarm_89_197.pdb	0	25.681	50.431	14.474
swarm_164_14.pdb	0	27.200	47.002	14.467
swarm_134_145.pdb	0	25.359	52.596	14.460
swarm_142_166.pdb	0	28.998	55.714	14.447
swarm_119_71.pdb	0	25.789	53.847	14.433
swarm_69_163.pdb	0	27.417	52.163	14.421
swarm_49_155.pdb	0	22.146	40.647	14.411
swarm_89_107.pdb	0	30.297	58.891	14.408
swarm_75_53.pdb	0	18.312	39.620	14.397
swarm_29_102.pdb	0	20.499	28.393	14.382
swarm_155_72.pdb	0	23.753	38.495	14.363
swarm_68_64.pdb	0.0353982	28.171	61.282	14.362
swarm_58_78.pdb	0	29.221	54.188	14.339
swarm_105_90.pdb	0	26.555	59.614	14.329
swarm_150_75.pdb	0	26.631	48.238	14.326
swarm_108_31.pdb	0	30.148	64.081	14.317
swarm_154_199.pdb	0	21.799	48.831	14.305
swarm_139_154.pdb	0.00884956	27.968	51.984	14.266
swarm_166_125.pdb	0	22.296	41.456	14.256
swarm_0_74.pdb	0	25.683	54.112	14.252
swarm_46_65.pdb	0	21.203	52.183	14.226
swarm_80_59.pdb	0	15.102	33.610	14.221
swarm_166_82.pdb	0	26.509	45.054	14.202
swarm_78_29.pdb	0	25.671	51.124	14.201
swarm_17_7.pdb	0.150442	9.320	21.313	14.194
swarm_146_171.pdb	0	29.588	57.822	14.191
swarm_138_170.pdb	0	29.974	55.942	14.175
swarm_84_28.pdb	0	24.151	42.005	14.155
swarm_59_176.pdb	0.0265487	23.548	48.682	14.152
swarm_165_138.pdb	0	20.796	31.018	14.138
swarm_18_165.pdb	0	16.057	33.262	14.136
swarm_148_174.pdb	0.0176991	13.367	33.169	14.098
swarm_163_179.pdb	0	19.758	49.967	14.095
swarm_124_128.pdb	0	29.018	55.606	14.087
swarm_110_13.pdb	0	25.694	52.656	14.029
swarm_96_43.pdb	0	28.909	60.624	14.019
swarm_37_100.pdb	0	26.394	44.166	14.003
swarm_115_68.pdb	0	30.147	58.729	13.997
swarm_60_32.pdb	0	25.605	49.793	13.984
swarm_90_92.pdb	0	29.816	55.083	13.981
swarm_14_51.pdb	0	20.762	38.262	13.980
swarm_78_26.pdb	0	21.560	41.172	13.979
swarm_50_78.pdb	0	26.141	50.606	13.979
swarm_150_173.pdb	0	22.861	48.686	13.965
swarm_40_105.pdb	0.00884956	24.838	42.700	13.962
swarm_143_102.pdb	0	24.685	57.750	13.961
swarm_114_169.pdb	0	15.612	37.282	13.960
swarm_90_195.pdb	0	24.676	54.112	13.943
swarm_138_74.pdb	0	26.253	57.552	13.940
swarm_149_11.pdb	0.0353982	24.735	44.169	13.922
swarm_127_172.pdb	0	29.618	60.315	13.921
swarm_110_160.pdb	0	29.694	56.532	13.920
swarm_146_137.pdb	0	27.504	54.329	13.914
swarm_82_143.pdb	0	25.819	42.438	13.892
swarm_29_19.pdb	0	23.523	36.469	13.892
swarm_2_137.pdb	0	19.101	44.020	13.883
swarm_81_175.pdb	0	26.933	52.162	13.881
swarm_115_69.pdb	0	30.014	57.686	13.875
swarm_13_185.pdb	0	30.382	65.104	13.872
swarm_98_170.pdb	0	28.128	51.101	13.867
swarm_135_101.pdb	0	24.870	45.841	13.855
swarm_51_82.pdb	0.00884956	17.970	38.692	13.841
swarm_0_33.pdb	0	23.452	45.143	13.837
swarm_129_144.pdb	0	24.296	54.969	13.794
swarm_75_109.pdb	0	23.294	38.813	13.785
swarm_166_114.pdb	0	16.243	39.879	13.769
swarm_134_192.pdb	0	25.776	48.744	13.765
swarm_150_108.pdb	0	21.525	47.655	13.761
swarm_2_134.pdb	0	27.809	49.745	13.757
swarm_155_37.pdb	0	25.813	46.170	13.755
swarm_129_147.pdb	0	25.901	59.977	13.747
swarm_93_147.pdb	0	28.986	57.105	13.735
swarm_118_173.pdb	0	32.541	62.960	13.716
swarm_155_35.pdb	0	24.514	38.574	13.707
swarm_58_20.pdb	0	24.504	41.024	13.689
swarm_148_197.pdb	0	25.657	47.840	13.677
swarm_47_154.pdb	0	23.928	40.126	13.675
swarm_155_32.pdb	0	25.521	40.270	13.666
swarm_102_7.pdb	0	26.756	59.153	13.646
swarm_114_29.pdb	0	26.665	48.523	13.605
swarm_116_82.pdb	0	25.278	56.904	13.589
swarm_51_133.pdb	0	27.915	55.333	13.574
swarm_99_104.pdb	0	24.006	41.220	13.531
swarm_47_33.pdb	0	24.399	38.396	13.526
swarm_119_131.pdb	0	26.296	47.151	13.499
swarm_31_82.pdb	0	16.234	34.935	13.498
swarm_141_135.pdb	0	23.626	48.310	13.488
swarm_86_22.pdb	0	21.274	44.404	13.474
swarm_98_13.pdb	0	28.117	51.781	13.465
swarm_119_101.pdb	0.00884956	27.797	61.233	13.459
swarm_20_103.pdb	0.0176991	27.931	54.255	13.457
swarm_148_165.pdb	0.00884956	18.437	45.140	13.457
swarm_46_114.pdb	0	25.623	58.047	13.449
swarm_81_86.pdb	0	18.224	41.778	13.445
swarm_3_85.pdb	0	21.328	34.461	13.442
swarm_55_171.pdb	0	21.382	33.072	13.407
swarm_0_34.pdb	0	26.643	44.858	13.404
swarm_0_133.pdb	0	28.842	51.946	13.377
swarm_163_37.pdb	0	28.190	52.676	13.366
swarm_33_145.pdb	0	23.085	41.648	13.333
swarm_137_181.pdb	0	22.505	40.968	13.332
swarm_105_110.pdb	0.00884956	26.374	59.746	13.284
swarm_97_128.pdb	0	22.533	44.692	13.275
swarm_165_34.pdb	0	20.354	33.668	13.257
swarm_135_73.pdb	0	27.254	49.092	13.246
swarm_92_48.pdb	0	27.772	48.097	13.229
swarm_114_37.pdb	0	31.067	55.156	13.229
swarm_146_148.pdb	0	26.481	53.987	13.219
swarm_51_98.pdb	0	20.774	48.527	13.201
swarm_107_171.pdb	0	27.537	50.465	13.198
swarm_1_144.pdb	0	23.661	47.747	13.197
swarm_166_15.pdb	0.0176991	8.139	20.678	13.196
swarm_3_149.pdb	0	15.640	28.593	13.195
swarm_78_180.pdb	0	29.849	53.277	13.182
swarm_105_191.pdb	0	25.698	49.436	13.161
swarm_118_21.pdb	0	27.514	53.640	13.151
swarm_138_100.pdb	0	25.176	54.031	13.117
swarm_10_34.pdb	0	12.167	29.974	13.116
swarm_114_133.pdb	0.0442478	26.821	54.875	13.112
swarm_51_139.pdb	0	28.423	52.987	13.099
swarm_0_115.pdb	0	19.820	43.987	13.084
swarm_137_84.pdb	0	28.814	52.206	13.076
swarm_125_127.pdb	0	26.779	56.520	13.061
swarm_59_86.pdb	0	30.100	55.866	13.052
swarm_92_100.pdb	0	27.576	54.162	13.051
swarm_84_93.pdb	0	27.082	53.427	13.035
swarm_89_19.pdb	0	22.018	46.335	13.013
swarm_15_17.pdb	0	22.068	41.658	13.012
swarm_14_96.pdb	0	25.418	44.522	13.001
swarm_118_120.pdb	0	31.284	61.721	12.997
swarm_85_132.pdb	0	30.492	60.515	12.994
swarm_97_30.pdb	0	23.052	48.184	12.963
swarm_115_174.pdb	0	28.108	57.708	12.950
swarm_1_166.pdb	0	27.404	49.392	12.948
swarm_125_84.pdb	0	16.803	48.769	12.948
swarm_58_147.pdb	0	22.689	47.462	12.941
swarm_19_178.pdb	0	27.008	53.219	12.938
swarm_114_10.pdb	0	27.391	54.914	12.934
swarm_146_35.pdb	0	29.617	55.338	12.931
swarm_38_29.pdb	0	21.165	42.925	12.923
swarm_90_21.pdb	0	30.202	55.081	12.918
swarm_93_136.pdb	0	26.583	48.732	12.916
swarm_138_57.pdb	0	23.953	50.067	12.908
swarm_2_104.pdb	0	28.698	57.475	12.899
swarm_142_139.pdb	0	28.645	54.939	12.870
swarm_89_109.pdb	0	27.033	46.267	12.840
swarm_54_69.pdb	0	27.237	45.475	12.840
swarm_136_104.pdb	0	31.222	67.404	12.833
swarm_56_173.pdb	0	27.330	43.700	12.788
swarm_88_140.pdb	0	26.671	51.136	12.782
swarm_80_142.pdb	0	18.789	38.094	12.778
swarm_113_93.pdb	0	29.203	64.041	12.759
swarm_89_73.pdb	0.0176991	18.486	51.023	12.753
swarm_82_105.pdb	0	21.485	42.803	12.740
swarm_84_32.pdb	0	23.939	48.970	12.725
swarm_118_81.pdb	0	32.191	63.665	12.725
swarm_78_151.pdb	0	30.617	54.185	12.718
swarm_78_158.pdb	0	28.549	51.157	12.703
swarm_2_57.pdb	0	27.306	50.357	12.700
swarm_138_158.pdb	0	29.303	54.958	12.693
swarm_148_128.pdb	0.00884956	16.463	41.681	12.684
swarm_99_154.pdb	0	25.000	50.097	12.680
swarm_92_82.pdb	0	29.030	54.960	12.676
swarm_97_159.pdb	0	28.142	48.178	12.663
swarm_99_79.pdb	0	21.552	44.233	12.655
swarm_88_110.pdb	0	30.431	58.298	12.652
swarm_165_57.pdb	0	20.821	37.316	12.649
swarm_39_171.pdb	0	27.703	49.887	12.636
swarm_114_164.pdb	0	26.822	54.120	12.631
swarm_26_100.pdb	0	27.970	57.240	12.629
swarm_98_43.pdb	0	26.465	51.570	12.628
swarm_84_63.pdb	0	26.667	50.736	12.628
swarm_137_94.pdb	0	26.305	44.139	12.606
swarm_87_132.pdb	0	27.568	59.582	12.581
swarm_68_25.pdb	0	23.964	56.584	12.567
swarm_25_40.pdb	0	27.041	45.040	12.555
swarm_60_194.pdb	0	23.548	48.909	12.476
swarm_0_148.pdb	0	26.785	46.884	12.473
swarm_81_124.pdb	0	26.687	52.244	12.472
swarm_4_33.pdb	0.00884956	31.784	63.977	12.471
swarm_92_180.pdb	0	29.724	53.178	12.469
swarm_11_0.pdb	0	24.122	39.701	12.463
swarm_108_137.pdb	0	28.154	56.939	12.430
swarm_46_31.pdb	0	29.156	62.747	12.415
swarm_120_192.pdb	0	23.508	39.895	12.415
swarm_80_102.pdb	0	24.890	41.685	12.402
swarm_152_110.pdb	0	23.012	47.532	12.399
swarm_97_98.pdb	0	28.867	53.462	12.397
swarm_98_144.pdb	0	27.608	53.513	12.392
swarm_165_71.pdb	0	21.007	38.773	12.392
swarm_153_122.pdb	0	27.867	51.500	12.391
swarm_86_111.pdb	0	27.089	53.062	12.386
swarm_93_131.pdb	0	29.632	59.542	12.368
swarm_93_129.pdb	0	27.303	50.880	12.365
swarm_116_153.pdb	0	27.968	51.802	12.355
swarm_114_80.pdb	0	25.259	45.127	12.353
swarm_46_169.pdb	0	27.786	56.791	12.349
swarm_99_18.pdb	0	16.014	32.110	12.341
swarm_89_5.pdb	0	15.888	38.959	12.334
swarm_90_152.pdb	0	29.536	56.415	12.332
swarm_99_109.pdb	0	19.628	37.696	12.316
swarm_16_106.pdb	0.00884956	17.281	33.488	12.312
swarm_81_149.pdb	0	27.472	50.253	12.310
swarm_99_43.pdb	0	24.750	42.302	12.292
swarm_1_188.pdb	0	25.802	52.295	12.286
swarm_84_140.pdb	0	24.516	46.542	12.267
swarm_2_179.pdb	0	17.487	47.073	12.223
swarm_75_96.pdb	0	25.065	40.154	12.213
swarm_59_99.pdb	0.00884956	31.341	57.904	12.179
swarm_142_95.pdb	0	27.127	53.108	12.175
swarm_50_15.pdb	0	29.662	52.402	12.170
swarm_81_71.pdb	0	26.759	55.477	12.158
swarm_42_77.pdb	0	25.410	52.598	12.158
swarm_106_32.pdb	0	24.056	47.778	12.151
swarm_80_112.pdb	0	27.328	51.898	12.143
swarm_90_75.pdb	0	18.797	51.351	12.142
swarm_163_133.pdb	0	16.436	39.233	12.134
swarm_0_192.pdb	0	22.198	48.322	12.109
swarm_148_140.pdb	0	27.597	48.627	12.108
swarm_99_53.pdb	0	21.993	39.627	12.102
swarm_50_105.pdb	0	30.231	57.079	12.101
swarm_153_188.pdb	0	27.090	54.960	12.088
swarm_35_64.pdb	0	29.492	60.518	12.086
swarm_110_26.pdb	0	27.769	57.235	12.079
swarm_92_164.pdb	0	26.337	53.949	12.069
swarm_165_97.pdb	0	26.893	44.815	12.068
swarm_10_61.pdb	0	25.671	45.815	12.068
swarm_113_173.pdb	0	22.847	59.379	12.056
swarm_108_172.pdb	0	27.027	55.133	12.048
swarm_92_92.pdb	0	27.987	61.577	12.030
swarm_59_58.pdb	0	22.627	47.896	12.029
swarm_81_136.pdb	0	28.093	49.567	12.025
swarm_13_13.pdb	0	30.977	58.839	12.020
swarm_0_3.pdb	0	21.942	44.596	12.018
swarm_107_191.pdb	0	28.339	54.299	12.015
swarm_136_157.pdb	0	26.851	55.059	11.992
swarm_27_171.pdb	0	24.486	38.330	11.985
swarm_13_192.pdb	0	30.083	65.491	11.978
swarm_131_70.pdb	0	27.021	51.089	11.964
swarm_92_110.pdb	0	29.345	51.783	11.935
swarm_93_46.pdb	0	26.111	55.201	11.931
swarm_24_131.pdb	0	30.107	64.505	11.924
swarm_125_141.pdb	0	18.286	45.144	11.909
swarm_168_144.pdb	0	6.745	16.056	11.896
swarm_120_97.pdb	0.00884956	24.480	55.659	11.895
swarm_79_184.pdb	0	32.662	65.232	11.884
swarm_18_93.pdb	0	23.660	35.962	11.878
swarm_39_168.pdb	0	30.164	55.706	11.876
swarm_88_88.pdb	0	24.909	53.703	11.875
swarm_81_191.pdb	0	28.304	52.491	11.875
swarm_87_52.pdb	0	27.730	54.648	11.872
swarm_139_65.pdb	0	29.340	57.685	11.827
swarm_2_188.pdb	0	28.091	57.825	11.821
swarm_51_177.pdb	0	26.328	55.027	11.819
swarm_114_81.pdb	0.00884956	23.746	52.539	11.806
swarm_3_95.pdb	0	24.973	39.120	11.805
swarm_89_10.pdb	0.0265487	27.722	53.204	11.803
swarm_67_29.pdb	0	13.855	35.488	11.797
swarm_135_47.pdb	0	25.819	47.634	11.768
swarm_58_191.pdb	0	10.587	28.043	11.765
swarm_96_149.pdb	0	29.527	55.508	11.751
swarm_106_41.pdb	0	31.248	57.726	11.739
swarm_122_17.pdb	0	26.273	47.358	11.729
swarm_48_71.pdb	0	25.063	41.454	11.710
swarm_149_78.pdb	0	25.257	47.149	11.697
swarm_107_75.pdb	0	25.378	44.558	11.694
swarm_63_91.pdb	0	17.045	28.046	11.688
swarm_168_65.pdb	0.159292	9.432	25.585	11.676
swarm_109_158.pdb	0	20.332	44.632	11.674
swarm_96_111.pdb	0	28.161	62.719	11.671
swarm_40_78.pdb	0.0176991	27.534	44.363	11.650
swarm_51_120.pdb	0	23.929	47.009	11.619
swarm_76_187.pdb	0.0176991	23.728	43.278	11.617
swarm_70_160.pdb	0	9.402	19.580	11.557
swarm_8_180.pdb	0	27.076	52.687	11.556
swarm_150_187.pdb	0	24.374	45.764	11.520
swarm_110_101.pdb	0.0265487	28.372	53.965	11.497
swarm_99_86.pdb	0	25.916	46.038	11.488
swarm_4_168.pdb	0	27.869	49.322	11.485
swarm_2_105.pdb	0.00884956	30.863	65.778	11.477
swarm_81_65.pdb	0	21.349	41.166	11.476
swarm_98_154.pdb	0	26.701	45.964	11.444
swarm_86_42.pdb	0	31.675	54.402	11.438
swarm_102_126.pdb	0	27.521	59.177	11.414
swarm_98_158.pdb	0.0353982	17.788	43.358	11.412
swarm_92_80.pdb	0	31.446	56.157	11.404
swarm_1_90.pdb	0	16.685	42.022	11.404
swarm_89_25.pdb	0	28.329	53.248	11.358
swarm_136_144.pdb	0	31.393	61.962	11.349
swarm_149_139.pdb	0	25.608	41.781	11.339
swarm_29_162.pdb	0	22.911	35.647	11.327
swarm_47_95.pdb	0.00884956	25.216	40.190	11.318
swarm_136_112.pdb	0	31.354	62.526	11.290
swarm_115_116.pdb	0	26.377	57.234	11.287
swarm_137_2.pdb	0	28.309	53.015	11.281
swarm_118_9.pdb	0	24.927	56.607	11.276
swarm_12_69.pdb	0	30.833	58.606	11.263
swarm_73_137.pdb	0	21.323	36.551	11.262
swarm_68_58.pdb	0	32.351	65.507	11.261
swarm_87_127.pdb	0	30.988	61.936	11.255
swarm_116_40.pdb	0	19.008	42.207	11.235
swarm_50_156.pdb	0	28.983	54.735	11.199
swarm_111_163.pdb	0	27.585	56.201	11.198
swarm_87_125.pdb	0	28.449	60.325	11.192
swarm_118_142.pdb	0.00884956	24.988	58.081	11.192
swarm_142_15.pdb	0.00884956	28.788	64.500	11.183
swarm_15_99.pdb	0	22.837	44.774	11.163
swarm_109_22.pdb	0	18.773	45.007	11.156
swarm_101_159.pdb	0	28.835	56.290	11.154
swarm_86_91.pdb	0	27.322	49.114	11.149
swarm_136_22.pdb	0	24.815	50.412	11.145
swarm_86_31.pdb	0	26.237	52.774	11.139
swarm_125_78.pdb	0	29.954	64.752	11.135
swarm_94_23.pdb	0	24.402	57.271	11.132
swarm_59_12.pdb	0	30.024	53.477	11.123
swarm_152_133.pdb	0	30.040	52.577	11.090
swarm_137_121.pdb	0	25.998	52.470	11.068
swarm_153_109.pdb	0	20.548	50.651	11.062
swarm_118_17.pdb	0	27.217	56.727	11.057
swarm_39_67.pdb	0	30.394	57.821	11.027
swarm_36_88.pdb	0	16.695	28.183	11.023
swarm_114_48.pdb	0	28.237	52.739	11.023
swarm_116_45.pdb	0	33.400	62.109	11.016
swarm_20_112.pdb	0	28.804	50.884	11.015
swarm_58_99.pdb	0	24.879	48.652	10.970
swarm_124_31.pdb	0	21.752	51.611	10.961
swarm_128_24.pdb	0	26.427	57.994	10.939
swarm_87_193.pdb	0	32.325	65.204	10.929
swarm_71_176.pdb	0.0176991	25.870	48.468	10.926
swarm_136_195.pdb	0	18.154	48.467	10.905
swarm_97_31.pdb	0	26.839	54.317	10.900
swarm_141_130.pdb	0	28.455	51.944	10.897
swarm_122_14.pdb	0	27.837	48.735	10.871
swarm_42_154.pdb	0	29.282	58.542	10.860
swarm_119_199.pdb	0	26.140	49.726	10.855
swarm_2_155.pdb	0	29.445	54.306	10.850
swarm_118_105.pdb	0	32.566	64.169	10.847
swarm_0_31.pdb	0	23.955	48.021	10.847
swarm_1_10.pdb	0	30.429	58.997	10.835
swarm_95_73.pdb	0	33.353	66.687	10.828
swarm_142_54.pdb	0	30.004	56.799	10.821
swarm_125_53.pdb	0.0265487	23.080	61.640	10.808
swarm_132_79.pdb	0	24.445	57.451	10.794
swarm_82_74.pdb	0	25.194	40.076	10.788
swarm_147_186.pdb	0	31.552	65.626	10.787
swarm_58_46.pdb	0	25.608	45.931	10.785
swarm_80_134.pdb	0	23.965	46.616	10.778
swarm_31_133.pdb	0	24.881	48.322	10.762
swarm_108_65.pdb	0	29.219	65.454	10.753
swarm_118_161.pdb	0	24.793	49.649	10.750
swarm_155_18.pdb	0	28.694	49.535	10.728
swarm_143_115.pdb	0	21.647	49.638	10.709
swarm_50_163.pdb	0	24.522	47.792	10.685
swarm_97_64.pdb	0	26.988	45.386	10.662
swarm_152_65.pdb	0	30.759	55.856	10.660
swarm_1_48.pdb	0	29.919	52.327	10.643
swarm_81_170.pdb	0	26.938	47.720	10.642
swarm_46_34.pdb	0	28.896	61.370	10.630
swarm_31_3.pdb	0.00884956	31.055	52.402	10.600
swarm_81_73.pdb	0	24.516	42.366	10.579
swarm_109_135.pdb	0	26.064	47.510	10.579
swarm_141_14.pdb	0	28.322	47.275	10.578
swarm_132_186.pdb	0	26.329	60.003	10.568
swarm_90_48.pdb	0	24.443	51.292	10.562
swarm_153_152.pdb	0.0176991	28.027	57.255	10.555
swarm_106_146.pdb	0	32.044	61.332	10.539
swarm_84_66.pdb	0	26.800	45.144	10.537
swarm_123_191.pdb	0	26.158	56.385	10.534
swarm_111_38.pdb	0	27.435	57.009	10.528
swarm_90_177.pdb	0	30.053	56.354	10.511
swarm_138_135.pdb	0	22.809	47.068	10.508
swarm_154_31.pdb	0.00884956	32.067	63.329	10.502
swarm_82_119.pdb	0	27.166	50.453	10.491
swarm_152_76.pdb	0.0442478	17.597	44.079	10.477
swarm_20_162.pdb	0	28.227	53.250	10.466
swarm_17_169.pdb	0	28.302	45.481	10.465
swarm_105_130.pdb	0	29.853	58.481	10.454
swarm_137_110.pdb	0	26.949	50.281	10.451
swarm_125_50.pdb	0	29.613	60.401	10.437
swarm_36_140.pdb	0	26.753	42.483	10.415
swarm_128_198.pdb	0	33.802	64.302	10.412
swarm_36_156.pdb	0	22.228	35.363	10.406
swarm_102_119.pdb	0	26.179	51.394	10.387
swarm_66_68.pdb	0.0176991	21.402	46.626	10.371
swarm_90_41.pdb	0	27.571	54.612	10.362
swarm_144_191.pdb	0	30.220	62.972	10.356
swarm_101_117.pdb	0	27.374	62.184	10.321
swarm_102_85.pdb	0	28.885	59.747	10.303
swarm_31_107.pdb	0.0176991	18.016	40.135	10.285
swarm_99_63.pdb	0	26.912	45.074	10.237
swarm_127_161.pdb	0	31.713	63.326	10.229
swarm_127_84.pdb	0	23.751	51.975	10.220
swarm_59_27.pdb	0	25.518	53.846	10.207
swarm_148_187.pdb	0	29.491	51.385	10.199
swarm_81_36.pdb	0	27.277	48.087	10.189
swarm_42_96.pdb	0	28.451	51.052	10.185
swarm_19_195.pdb	0	28.333	55.354	10.162
swarm_125_46.pdb	0	31.330	64.440	10.159
swarm_111_181.pdb	0	28.873	57.534	10.151
swarm_147_103.pdb	0	29.703	71.523	10.150
swarm_54_140.pdb	0	23.451	43.164	10.147
swarm_119_185.pdb	0	24.922	56.372	10.122
swarm_132_129.pdb	0	26.723	53.354	10.119
swarm_123_50.pdb	0	28.223	61.444	10.108
swarm_57_150.pdb	0	25.259	61.331	10.086
swarm_110_79.pdb	0	23.219	53.056	10.081
swarm_95_34.pdb	0	31.960	62.641	10.079
swarm_24_86.pdb	0	32.730	69.417	10.067
swarm_127_142.pdb	0	28.462	59.767	10.042
swarm_86_133.pdb	0	29.092	52.293	10.036
swarm_0_64.pdb	0	19.521	38.337	10.007
swarm_90_169.pdb	0	27.053	53.037	9.993
swarm_136_97.pdb	0	32.800	64.930	9.955
swarm_125_22.pdb	0	30.707	57.959	9.953
swarm_82_184.pdb	0	25.311	40.949	9.943
swarm_57_51.pdb	0	29.350	71.342	9.934
swarm_100_54.pdb	0	23.203	57.071	9.904
swarm_86_121.pdb	0	29.017	51.322	9.895
swarm_127_90.pdb	0	27.910	60.663	9.883
swarm_113_161.pdb	0	28.705	55.520	9.882
swarm_1_192.pdb	0	31.446	57.896	9.879
swarm_26_56.pdb	0	21.970	49.531	9.877
swarm_1_38.pdb	0	25.756	56.322	9.875
swarm_90_194.pdb	0	28.429	52.783	9.874
swarm_24_130.pdb	0	30.615	64.563	9.870
swarm_119_139.pdb	0	24.604	51.103	9.866
swarm_80_183.pdb	0	25.798	42.639	9.862
swarm_98_17.pdb	0	29.516	52.214	9.855
swarm_152_0.pdb	0	28.955	50.908	9.840
swarm_114_63.pdb	0.0265487	23.978	54.855	9.795
swarm_106_110.pdb	0	25.209	59.497	9.788
swarm_81_53.pdb	0	28.847	51.793	9.786
swarm_0_128.pdb	0	26.762	56.162	9.781
swarm_49_107.pdb	0	20.694	38.182	9.773
swarm_1_78.pdb	0	26.012	57.172	9.751
swarm_71_23.pdb	0	25.662	42.742	9.739
swarm_105_2.pdb	0	30.853	58.860	9.728
swarm_1_16.pdb	0	28.286	53.652	9.718
swarm_65_158.pdb	0	27.831	51.599	9.698
swarm_18_15.pdb	0	24.986	39.994	9.694
swarm_140_82.pdb	0	24.786	39.935	9.690
swarm_110_85.pdb	0	32.025	59.457	9.685
swarm_54_165.pdb	0	15.670	31.793	9.680
swarm_118_199.pdb	0	30.144	55.479	9.670
swarm_137_119.pdb	0	27.497	53.544	9.647
swarm_100_101.pdb	0	32.936	61.977	9.646
swarm_48_178.pdb	0	20.271	38.644	9.528
swarm_165_124.pdb	0	24.123	40.912	9.515
swarm_148_185.pdb	0	25.882	41.875	9.511
swarm_153_97.pdb	0	26.617	53.055	9.510
swarm_89_139.pdb	0	27.991	50.316	9.504
swarm_24_83.pdb	0	25.210	58.112	9.493
swarm_84_135.pdb	0	27.771	53.909	9.489
swarm_97_195.pdb	0	26.296	48.021	9.486
swarm_110_183.pdb	0.0442478	23.873	55.323	9.379
swarm_2_29.pdb	0	30.723	60.416	9.340
swarm_39_95.pdb	0	27.317	52.946	9.327
swarm_123_109.pdb	0	19.623	52.251	9.325
swarm_125_82.pdb	0	31.414	61.172	9.317
swarm_139_120.pdb	0	21.243	50.269	9.301
swarm_86_94.pdb	0	29.654	60.554	9.299
swarm_79_34.pdb	0	29.642	60.740	9.285
swarm_125_164.pdb	0	29.509	54.990	9.283
swarm_90_187.pdb	0	25.744	52.025	9.259
swarm_102_193.pdb	0	26.654	58.536	9.243
swarm_71_164.pdb	0	24.156	38.591	9.224
swarm_51_72.pdb	0	14.662	36.888	9.222
swarm_24_53.pdb	0	33.710	67.192	9.221
swarm_61_39.pdb	0	30.088	56.676	9.211
swarm_97_191.pdb	0	25.990	52.023	9.189
swarm_82_128.pdb	0	22.386	36.961	9.174
swarm_118_113.pdb	0	28.509	59.325	9.121
swarm_11_71.pdb	0	20.267	41.747	9.119
swarm_50_130.pdb	0	17.175	41.503	9.065
swarm_106_117.pdb	0	28.289	51.219	9.022
swarm_104_141.pdb	0	26.355	58.379	9.008
swarm_0_154.pdb	0	33.870	59.912	9.002
swarm_87_60.pdb	0	29.617	60.842	8.987
swarm_37_65.pdb	0	26.197	46.006	8.953
swarm_29_33.pdb	0.00884956	14.971	29.040	8.880
swarm_66_19.pdb	0	21.349	45.425	8.877
swarm_0_172.pdb	0	25.958	48.657	8.875
swarm_107_17.pdb	0	24.003	44.845	8.870
swarm_164_49.pdb	0	21.855	40.815	8.863
swarm_107_56.pdb	0	26.511	48.474	8.859
swarm_87_25.pdb	0	30.214	65.441	8.847
swarm_126_147.pdb	0	30.976	60.978	8.844
swarm_120_188.pdb	0	12.785	30.815	8.834
swarm_148_100.pdb	0	26.372	46.112	8.812
swarm_107_43.pdb	0	30.991	61.101	8.805
swarm_139_133.pdb	0	28.949	51.848	8.803
swarm_10_156.pdb	0	26.494	48.350	8.801
swarm_104_124.pdb	0	32.044	66.231	8.801
swarm_164_197.pdb	0.0265487	14.307	34.276	8.768
swarm_107_179.pdb	0	20.001	45.860	8.761
swarm_40_88.pdb	0	25.645	41.463	8.758
swarm_4_179.pdb	0	25.039	51.025	8.734
swarm_109_160.pdb	0	24.511	44.478	8.648
swarm_143_171.pdb	0	30.720	65.136	8.641
swarm_97_16.pdb	0	17.055	40.124	8.634
swarm_110_114.pdb	0	29.216	53.734	8.523
swarm_7_82.pdb	0	31.418	58.049	8.510
swarm_122_70.pdb	0	24.195	48.632	8.484
swarm_1_129.pdb	0	31.620	54.581	8.477
swarm_47_120.pdb	0.0176991	25.971	41.569	8.451
swarm_86_23.pdb	0	19.039	44.677	8.446
swarm_10_73.pdb	0	28.663	49.852	8.444
swarm_66_195.pdb	0	26.028	53.956	8.387
swarm_128_76.pdb	0	28.534	58.053	8.375
swarm_1_87.pdb	0	23.332	49.321	8.374
swarm_48_145.pdb	0	24.488	45.722	8.372
swarm_89_62.pdb	0	22.301	51.193	8.364
swarm_79_115.pdb	0	33.618	68.028	8.325
swarm_85_61.pdb	0	34.302	64.418	8.273
swarm_1_168.pdb	0	31.541	61.223	8.265
swarm_14_5.pdb	0	28.421	50.116	8.256
swarm_82_9.pdb	0.0442478	17.041	38.238	8.225
swarm_111_93.pdb	0	26.515	54.598	8.221
swarm_85_62.pdb	0	27.787	57.490	8.211
swarm_116_170.pdb	0	30.421	56.952	8.190
swarm_143_40.pdb	0	19.189	49.957	8.168
swarm_54_172.pdb	0	21.514	34.396	8.101
swarm_92_75.pdb	0	32.815	60.450	8.028
swarm_128_138.pdb	0	30.307	58.184	8.027
swarm_139_55.pdb	0	32.939	60.174	8.003
swarm_152_117.pdb	0	19.749	47.915	7.996
swarm_147_99.pdb	0	29.700	60.741	7.933
swarm_86_89.pdb	0	31.092	59.116	7.929
swarm_164_103.pdb	0	15.775	40.209	7.865
swarm_12_70.pdb	0	32.381	64.193	7.833
swarm_14_112.pdb	0	27.350	47.115	7.825
swarm_90_153.pdb	0.0707965	16.343	42.311	7.819
swarm_166_101.pdb	0	12.843	33.170	7.795
swarm_92_146.pdb	0	29.364	53.477	7.754
swarm_79_23.pdb	0	31.212	62.942	7.742
swarm_152_14.pdb	0	26.598	52.337	7.740
swarm_95_198.pdb	0	29.972	62.948	7.719
swarm_144_160.pdb	0	30.732	66.552	7.700
swarm_151_112.pdb	0	27.320	58.247	7.696
swarm_87_117.pdb	0	32.019	67.263	7.667
swarm_104_168.pdb	0	34.002	67.536	7.630
swarm_67_120.pdb	0	26.588	44.968	7.618
swarm_101_119.pdb	0	29.820	64.745	7.599
swarm_142_68.pdb	0	25.232	54.704	7.594
swarm_128_140.pdb	0.0176991	19.982	48.994	7.556
swarm_89_182.pdb	0	26.092	47.261	7.551
swarm_97_8.pdb	0	20.756	39.959	7.508
swarm_113_155.pdb	0.00884956	31.439	69.313	7.501
swarm_164_99.pdb	0	26.335	43.345	7.417
swarm_140_80.pdb	0	14.976	30.588	7.416
swarm_49_154.pdb	0	11.666	23.427	7.365
swarm_119_64.pdb	0	25.919	57.543	7.365
swarm_57_146.pdb	0	28.500	67.122	7.313
swarm_128_132.pdb	0	22.445	52.911	7.294
swarm_144_73.pdb	0	30.652	58.087	7.241
swarm_64_79.pdb	0	18.739	32.703	7.229
swarm_42_138.pdb	0	24.690	53.217	7.221
swarm_84_184.pdb	0	28.462	49.345	7.213
swarm_79_104.pdb	0	33.031	68.001	7.148
swarm_39_108.pdb	0	31.078	55.369	7.147
swarm_140_29.pdb	0	24.510	40.877	7.100
swarm_151_58.pdb	0	25.712	55.762	7.099
swarm_127_101.pdb	0	16.823	47.478	7.090
swarm_116_81.pdb	0	30.019	54.386	7.072
swarm_110_130.pdb	0	21.210	53.632	7.060
swarm_20_19.pdb	0	24.697	52.545	7.053
swarm_78_128.pdb	0	28.194	51.655	7.049
swarm_100_30.pdb	0	26.983	57.261	7.033
swarm_115_193.pdb	0	24.919	57.758	7.029
swarm_118_23.pdb	0	30.700	58.367	7.018
swarm_129_101.pdb	0.00884956	28.944	57.771	6.976
swarm_115_149.pdb	0	28.426	56.922	6.915
swarm_71_41.pdb	0	23.134	46.697	6.914
swarm_90_90.pdb	0	30.269	58.217	6.830
swarm_29_39.pdb	0.00884956	7.790	16.626	6.826
swarm_127_106.pdb	0	27.093	57.540	6.823
swarm_80_107.pdb	0	22.126	39.925	6.790
swarm_50_67.pdb	0	27.750	49.973	6.774
swarm_118_182.pdb	0	31.242	59.425	6.731
swarm_93_58.pdb	0	22.697	54.151	6.730
swarm_0_44.pdb	0	29.625	52.993	6.729
swarm_152_26.pdb	0	25.893	41.904	6.696
swarm_115_28.pdb	0	21.946	50.619	6.692
swarm_168_156.pdb	0	22.202	44.023	6.674
swarm_35_154.pdb	0	27.995	59.917	6.655
swarm_78_157.pdb	0	27.844	50.357	6.648
swarm_165_33.pdb	0	19.309	36.313	6.622
swarm_100_73.pdb	0	28.705	54.939	6.622
swarm_110_105.pdb	0.0176991	27.912	59.339	6.584
swarm_147_116.pdb	0	28.837	67.265	6.583
swarm_167_10.pdb	0	22.760	60.442	6.578
swarm_134_58.pdb	0	29.925	58.817	6.577
swarm_49_77.pdb	0	25.192	41.573	6.549
swarm_98_120.pdb	0	28.347	57.657	6.482
swarm_164_172.pdb	0	21.341	39.261	6.453
swarm_59_102.pdb	0	24.125	42.549	6.432
swarm_84_109.pdb	0	18.607	38.039	6.398
swarm_108_162.pdb	0	23.025	57.342	6.158
swarm_87_68.pdb	0	16.967	49.906	6.124
swarm_139_31.pdb	0	27.630	49.592	6.117
swarm_7_61.pdb	0	29.914	57.913	6.056
swarm_81_45.pdb	0	30.142	50.303	6.055
swarm_78_19.pdb	0	28.902	55.280	6.048
swarm_115_138.pdb	0	32.578	65.825	6.012
swarm_26_126.pdb	0	19.779	48.003	5.947
swarm_31_124.pdb	0	15.627	36.018	5.926
swarm_148_70.pdb	0	25.668	48.378	5.870
swarm_0_92.pdb	0	29.742	49.105	5.855
swarm_123_149.pdb	0	29.699	57.078	5.787
swarm_98_91.pdb	0	32.678	61.071	5.774
swarm_124_154.pdb	0	30.941	59.496	5.742
swarm_71_9.pdb	0	22.430	38.461	5.731
swarm_123_188.pdb	0	25.071	63.231	5.718
swarm_97_125.pdb	0	24.142	49.007	5.717
swarm_167_107.pdb	0.0176991	32.140	70.694	5.712
swarm_86_27.pdb	0	33.566	59.820	5.681
swarm_117_98.pdb	0	31.206	69.768	5.681
swarm_109_67.pdb	0	25.430	50.577	5.675
swarm_106_95.pdb	0	29.858	62.836	5.614
swarm_98_195.pdb	0	29.782	53.628	5.571
swarm_116_176.pdb	0	33.828	66.083	5.557
swarm_134_2.pdb	0	25.781	59.811	5.507
swarm_95_53.pdb	0	23.997	56.655	5.503
swarm_92_182.pdb	0	31.842	56.952	5.495
swarm_92_158.pdb	0	25.946	58.564	5.492
swarm_26_153.pdb	0	20.400	50.517	5.458
swarm_129_120.pdb	0.0176991	22.672	55.803	5.433
swarm_0_46.pdb	0	16.281	40.264	5.377
swarm_99_129.pdb	0	30.450	49.697	5.366
swarm_76_161.pdb	0	22.570	36.856	5.356
swarm_26_120.pdb	0	23.223	54.908	5.324
swarm_47_183.pdb	0	18.165	30.347	5.322
swarm_106_48.pdb	0.0176991	18.122	47.985	5.304
swarm_79_84.pdb	0	27.669	55.124	5.248
swarm_93_194.pdb	0	16.505	49.335	5.222
swarm_101_132.pdb	0	31.888	65.698	5.222
swarm_94_192.pdb	0	29.380	61.790	5.220
swarm_155_114.pdb	0	24.040	41.810	5.155
swarm_125_16.pdb	0	23.053	58.793	5.126
swarm_101_98.pdb	0	28.659	71.220	5.051
swarm_35_156.pdb	0	30.506	63.266	5.022
swarm_46_24.pdb	0	23.472	57.432	4.760
swarm_124_13.pdb	0	25.981	58.607	4.691
swarm_65_136.pdb	0	21.978	48.777	4.688
swarm_100_120.pdb	0	17.260	44.443	4.642
swarm_115_94.pdb	0	25.152	60.424	4.625
swarm_154_96.pdb	0	24.973	55.624	4.616
swarm_94_106.pdb	0	29.834	66.486	4.490
swarm_95_74.pdb	0	31.680	62.311	4.200
swarm_38_94.pdb	0	23.588	41.982	4.193
swarm_67_26.pdb	0	12.139	34.465	4.157
swarm_95_95.pdb	0	27.367	60.087	4.134
swarm_118_96.pdb	0.00884956	19.449	52.958	4.126
swarm_118_91.pdb	0	24.186	58.086	4.097
swarm_48_57.pdb	0	23.636	40.127	4.005
swarm_120_116.pdb	0	24.367	40.461	4.000
swarm_134_178.pdb	0	25.387	60.429	3.997
swarm_138_141.pdb	0	16.489	46.360	3.993
swarm_150_140.pdb	0	22.232	47.389	3.906
swarm_125_136.pdb	0	26.309	56.724	3.867
swarm_123_62.pdb	0	29.289	58.507	3.826
swarm_79_140.pdb	0	27.481	65.412	3.817
swarm_12_173.pdb	0	23.243	49.100	3.794
swarm_8_65.pdb	0	29.815	60.454	3.748
swarm_132_180.pdb	0	27.044	52.122	3.713
swarm_103_51.pdb	0	26.947	69.612	3.698
swarm_67_129.pdb	0	13.579	31.994	3.613
swarm_103_196.pdb	0	35.853	70.174	3.585
swarm_42_10.pdb	0	27.249	49.063	3.543
swarm_95_9.pdb	0	36.216	70.507	3.519
swarm_87_159.pdb	0	21.497	58.285	3.461
swarm_47_69.pdb	0	25.309	41.205	3.427
swarm_129_65.pdb	0	21.151	51.758	3.361
swarm_28_31.pdb	0	25.366	66.049	3.237
swarm_126_151.pdb	0	20.984	53.589	3.174
swarm_109_58.pdb	0	27.060	49.450	3.145
swarm_158_18.pdb	0	34.075	66.747	3.033
swarm_4_41.pdb	0	21.742	51.055	2.932
swarm_96_165.pdb	0	33.317	63.058	2.884
swarm_50_157.pdb	0.0176991	30.065	54.802	2.882
swarm_34_0.pdb	0	32.985	69.828	2.878
swarm_93_22.pdb	0	23.477	59.040	2.838
swarm_116_49.pdb	0	29.864	58.956	2.838
swarm_116_107.pdb	0	27.916	51.374	2.763
swarm_143_15.pdb	0	30.553	63.052	2.739
swarm_148_121.pdb	0.00884956	17.402	38.839	2.696
swarm_12_165.pdb	0	25.103	60.608	2.633
swarm_21_87.pdb	0	31.378	60.664	2.569
swarm_40_125.pdb	0	12.103	21.661	2.460
swarm_92_187.pdb	0	29.921	54.120	2.442
swarm_85_186.pdb	0	31.281	59.888	2.415
swarm_158_35.pdb	0	38.571	77.466	2.368
swarm_117_73.pdb	0.0176991	21.886	58.962	2.361
swarm_124_178.pdb	0	27.555	67.636	2.330
swarm_68_154.pdb	0	25.678	65.883	2.313
swarm_151_89.pdb	0.00884956	18.948	47.773	2.175
swarm_128_172.pdb	0	26.963	59.787	2.040
swarm_112_133.pdb	0	29.994	65.740	1.986
swarm_13_27.pdb	0	32.240	65.709	1.952
swarm_154_26.pdb	0	24.423	57.174	1.929
swarm_7_8.pdb	0	30.058	58.513	1.767
swarm_91_63.pdb	0	29.544	72.342	1.715
swarm_113_31.pdb	0	30.607	60.261	1.684
swarm_159_177.pdb	0	33.648	63.677	1.683
swarm_112_136.pdb	0	31.378	74.173	1.661
swarm_49_104.pdb	0	24.691	38.778	1.608
swarm_13_59.pdb	0	28.217	56.089	1.562
swarm_94_56.pdb	0.0176991	32.307	66.509	1.517
swarm_12_103.pdb	0	30.054	62.257	1.458
swarm_79_167.pdb	0	22.494	56.927	1.444
swarm_101_121.pdb	0	28.360	65.189	1.408
swarm_156_69.pdb	0	26.968	67.341	1.317
swarm_6_14.pdb	0	26.463	60.080	1.263
swarm_127_159.pdb	0.00884956	31.124	68.057	1.258
swarm_20_4.pdb	0	29.186	51.428	1.219
swarm_101_36.pdb	0	21.205	54.803	1.113
swarm_166_70.pdb	0	21.186	35.061	1.063
swarm_39_64.pdb	0	25.691	49.430	1.062
swarm_95_46.pdb	0	26.244	62.321	0.993
swarm_42_106.pdb	0	31.831	56.520	0.856
swarm_144_53.pdb	0	28.365	62.292	0.597
swarm_4_149.pdb	0	14.903	41.158	0.539
swarm_167_102.pdb	0	29.708	60.913	0.515
swarm_129_13.pdb	0	25.609	56.303	0.501
swarm_13_175.pdb	0	31.455	69.061	0.430
swarm_151_198.pdb	0	20.793	50.859	0.302
swarm_57_15.pdb	0	31.002	65.535	0.297
swarm_61_111.pdb	0	27.947	50.014	0.258
swarm_113_43.pdb	0	17.948	52.681	0.123
swarm_38_128.pdb	0.0176991	20.960	39.113	0.110
swarm_51_4.pdb	0	12.619	37.124	-0.064
swarm_96_39.pdb	0	31.590	60.523	-0.264
swarm_34_59.pdb	0	32.444	66.933	-0.444
swarm_7_199.pdb	0	31.513	62.677	-0.485
swarm_143_88.pdb	0	21.277	57.825	-0.490
swarm_167_138.pdb	0	28.103	68.311	-0.511
swarm_143_74.pdb	0	18.943	53.274	-0.520
swarm_115_141.pdb	0	27.520	58.904	-0.637
swarm_13_100.pdb	0.00884956	23.004	62.589	-0.703
swarm_134_108.pdb	0	22.819	55.348	-0.756
swarm_121_94.pdb	0	26.611	70.424	-0.821
swarm_112_179.pdb	0	32.008	65.455	-0.929
swarm_153_17.pdb	0	23.506	50.462	-1.057
swarm_87_48.pdb	0	31.070	60.209	-1.140
swarm_69_91.pdb	0	16.524	43.526	-1.186
swarm_94_35.pdb	0	34.258	73.511	-1.358
swarm_117_137.pdb	0	24.471	56.955	-1.482
swarm_61_19.pdb	0	25.407	57.265	-1.518
swarm_85_33.pdb	0	31.179	60.861	-1.534
swarm_132_52.pdb	0	32.014	62.037	-1.564
swarm_28_61.pdb	0	26.545	61.284	-1.575
swarm_118_89.pdb	0	18.574	50.143	-1.603
swarm_156_121.pdb	0	30.763	61.501	-1.625
swarm_94_136.pdb	0	22.036	56.406	-1.665
swarm_57_139.pdb	0	27.256	63.107	-1.675
swarm_54_168.pdb	0	21.633	36.978	-1.794
swarm_102_80.pdb	0	21.695	55.005	-1.803
swarm_94_13.pdb	0	27.276	63.089	-1.948
swarm_79_37.pdb	0	33.994	65.758	-1.993
swarm_1_156.pdb	0	27.520	48.081	-1.998
swarm_4_14.pdb	0	28.197	55.826	-2.061
swarm_148_68.pdb	0	17.524	41.860	-2.101
swarm_94_142.pdb	0	31.184	70.120	-2.112
swarm_26_15.pdb	0	26.884	60.461	-2.112
swarm_126_14.pdb	0	27.441	61.949	-2.283
swarm_94_130.pdb	0	32.461	68.321	-2.333
swarm_50_83.pdb	0	25.974	55.673	-2.388
swarm_166_144.pdb	0	25.250	45.445	-2.400
swarm_24_49.pdb	0	30.510	70.580	-2.419
swarm_147_74.pdb	0	17.915	51.481	-2.431
swarm_137_109.pdb	0	25.257	44.772	-2.531
swarm_103_100.pdb	0	36.903	77.554	-2.539
swarm_107_178.pdb	0	26.614	50.722	-2.570
swarm_91_14.pdb	0	32.354	69.511	-2.653
swarm_112_150.pdb	0	19.967	57.312	-2.670
swarm_8_190.pdb	0	29.791	57.220	-2.699
swarm_126_5.pdb	0	36.087	68.677	-2.947
swarm_136_100.pdb	0	29.591	53.866	-2.988
swarm_46_0.pdb	0	32.176	63.878	-3.021
swarm_144_139.pdb	0	27.340	61.050	-3.076
swarm_154_56.pdb	0.0176991	29.582	61.374	-3.191
swarm_147_156.pdb	0	21.656	60.441	-3.217
swarm_144_39.pdb	0	28.361	55.041	-3.244
swarm_50_181.pdb	0	15.952	40.332	-3.508
swarm_103_112.pdb	0	35.932	70.567	-3.655
swarm_69_89.pdb	0	32.570	58.951	-3.692
swarm_46_193.pdb	0	19.561	51.192	-3.749
swarm_100_195.pdb	0	29.999	58.845	-3.763
swarm_44_40.pdb	0	24.507	61.638	-3.843
swarm_26_130.pdb	0	21.844	54.462	-3.871
swarm_123_107.pdb	0.0176991	30.743	66.580	-4.038
swarm_126_46.pdb	0.00884956	27.391	59.562	-4.046
swarm_57_67.pdb	0	30.912	75.155	-4.123
swarm_113_171.pdb	0	24.335	59.314	-4.145
swarm_21_110.pdb	0	33.202	60.811	-4.202
swarm_151_81.pdb	0	18.210	50.406	-4.255
swarm_60_19.pdb	0	16.814	44.438	-4.349
swarm_167_55.pdb	0	22.266	56.092	-4.376
swarm_68_0.pdb	0	30.282	64.732	-4.512
swarm_135_8.pdb	0	17.375	43.874	-4.513
swarm_143_100.pdb	0	23.609	57.440	-4.591
swarm_13_146.pdb	0	18.298	53.840	-4.712
swarm_106_97.pdb	0	27.684	50.344	-4.729
swarm_123_175.pdb	0	30.298	61.907	-4.792
swarm_117_87.pdb	0	27.519	55.355	-4.802
swarm_8_56.pdb	0	15.700	46.284	-4.807
swarm_96_98.pdb	0	27.220	50.390	-4.906
swarm_112_95.pdb	0	34.250	72.666	-4.971
swarm_104_7.pdb	0	31.281	62.181	-5.023
swarm_118_99.pdb	0	31.158	62.662	-5.107
swarm_46_8.pdb	0	26.182	54.887	-5.133
swarm_101_52.pdb	0	25.654	65.103	-5.192
swarm_116_96.pdb	0	25.669	58.858	-5.270
swarm_79_182.pdb	0	23.093	60.785	-5.291
swarm_117_158.pdb	0	31.899	66.816	-5.308
swarm_167_190.pdb	0	29.854	56.516	-5.361
swarm_93_43.pdb	0	24.565	58.283	-5.372
swarm_132_87.pdb	0	30.380	58.091	-5.403
swarm_124_75.pdb	0	24.602	56.239	-5.425
swarm_143_54.pdb	0	28.349	54.031	-5.498
swarm_128_143.pdb	0	23.179	55.494	-5.550
swarm_79_46.pdb	0	31.790	69.537	-5.567
swarm_100_39.pdb	0	25.411	58.897	-5.614
swarm_146_198.pdb	0	18.674	52.881	-5.693
swarm_51_59.pdb	0	24.799	52.587	-5.728
swarm_124_136.pdb	0	27.128	52.076	-5.874
swarm_58_59.pdb	0	16.184	38.277	-5.880
swarm_34_110.pdb	0	20.532	53.230	-5.907
swarm_113_162.pdb	0	28.364	58.570	-5.982
swarm_50_88.pdb	0	27.866	53.742	-5.983
swarm_91_75.pdb	0	30.833	69.077	-5.988
swarm_126_128.pdb	0	29.003	61.354	-6.013
swarm_91_17.pdb	0	27.437	73.419	-6.032
swarm_160_155.pdb	0	30.314	60.702	-6.037
swarm_155_23.pdb	0	23.062	34.763	-6.150
swarm_37_63.pdb	0	28.398	56.797	-6.240
swarm_110_118.pdb	0	17.701	50.432	-6.357
swarm_126_190.pdb	0	30.852	61.676	-6.527
swarm_60_162.pdb	0	26.923	51.870	-6.531
swarm_86_183.pdb	0	24.540	47.268	-6.577
swarm_121_145.pdb	0	30.344	69.364	-6.578
swarm_26_197.pdb	0	24.405	57.992	-6.588
swarm_103_31.pdb	0	27.308	72.366	-6.616
swarm_74_19.pdb	0.0707965	15.586	33.425	-6.664
swarm_112_137.pdb	0	31.077	67.690	-6.692
swarm_112_97.pdb	0	27.767	70.832	-6.758
swarm_35_16.pdb	0	32.072	64.920	-6.795
swarm_87_77.pdb	0	26.592	55.933	-6.832
swarm_68_74.pdb	0	24.031	60.065	-6.905
swarm_28_101.pdb	0	27.313	67.583	-6.976
swarm_167_36.pdb	0	26.704	60.790	-7.000
swarm_132_76.pdb	0	30.704	58.625	-7.038
swarm_104_104.pdb	0	31.776	68.250	-7.061
swarm_101_4.pdb	0	26.940	61.094	-7.084
swarm_85_85.pdb	0	34.137	70.289	-7.159
swarm_104_169.pdb	0	32.578	63.257	-7.181
swarm_5_151.pdb	0.00884956	26.460	65.179	-7.190
swarm_24_101.pdb	0.00884956	26.429	66.567	-7.272
swarm_59_179.pdb	0	28.844	53.246	-7.363
swarm_156_70.pdb	0	30.832	61.474	-7.445
swarm_12_21.pdb	0	22.154	54.597	-7.448
swarm_98_63.pdb	0	24.520	52.133	-7.461
swarm_113_133.pdb	0	21.775	53.047	-7.475
swarm_21_106.pdb	0	29.424	59.924	-7.488
swarm_132_123.pdb	0	26.601	61.852	-7.508
swarm_147_9.pdb	0	34.225	67.844	-7.564
swarm_28_147.pdb	0	33.153	70.003	-7.583
swarm_8_199.pdb	0	22.407	58.073	-7.606
swarm_22_83.pdb	0.00884956	22.175	62.830	-7.658
swarm_38_181.pdb	0	22.236	36.543	-7.671
swarm_115_21.pdb	0	32.514	62.636	-7.675
swarm_127_54.pdb	0	26.063	57.623	-7.789
swarm_79_40.pdb	0	29.484	68.263	-7.844
swarm_103_47.pdb	0	34.192	70.246	-7.861
swarm_85_123.pdb	0	24.425	51.454	-7.927
swarm_12_190.pdb	0	25.601	58.319	-8.007
swarm_156_149.pdb	0	20.598	58.374	-8.091
swarm_124_117.pdb	0	20.752	56.759	-8.105
swarm_142_50.pdb	0	25.854	60.133	-8.113
swarm_21_8.pdb	0	31.230	63.373	-8.114
swarm_139_97.pdb	0	27.203	52.697	-8.197
swarm_69_87.pdb	0	28.631	56.248	-8.225
swarm_74_80.pdb	0	20.668	45.230	-8.242
swarm_103_48.pdb	0	34.113	69.913	-8.242
swarm_34_70.pdb	0	27.344	62.400	-8.285
swarm_60_161.pdb	0	28.182	53.507	-8.437
swarm_57_162.pdb	0	22.630	58.731	-8.482
swarm_150_101.pdb	0	17.981	35.716	-8.490
swarm_112_9.pdb	0	28.208	69.969	-8.509
swarm_108_197.pdb	0	27.515	65.415	-8.513
swarm_100_180.pdb	0	27.769	48.322	-8.532
swarm_35_12.pdb	0	29.607	70.949	-8.591
swarm_166_32.pdb	0	20.454	30.517	-8.609
swarm_12_6.pdb	0	31.572	62.012	-8.642
swarm_161_120.pdb	0	28.901	63.346	-8.701
swarm_20_71.pdb	0	27.840	48.166	-8.805
swarm_21_173.pdb	0	31.912	59.318	-8.910
swarm_7_71.pdb	0	26.807	46.180	-8.915
swarm_101_46.pdb	0.0176991	23.762	62.965	-8.991
swarm_7_192.pdb	0	18.098	44.585	-9.118
swarm_8_134.pdb	0	24.695	62.302	-9.166
swarm_103_42.pdb	0	36.467	78.937	-9.205
swarm_93_196.pdb	0.00884956	27.706	62.338	-9.216
swarm_162_170.pdb	0	26.425	69.385	-9.266
swarm_128_64.pdb	0	26.902	60.765	-9.293
swarm_145_128.pdb	0	27.273	58.553	-9.294
swarm_13_31.pdb	0	26.927	70.845	-9.302
swarm_127_123.pdb	0	32.877	64.698	-9.302
swarm_5_14.pdb	0	23.491	54.614	-9.369
swarm_12_84.pdb	0	17.422	50.644	-9.385
swarm_35_175.pdb	0	25.244	63.073	-9.405
swarm_60_160.pdb	0	23.461	55.473	-9.434
swarm_20_128.pdb	0	27.138	47.313	-9.534
swarm_42_135.pdb	0	29.912	59.323	-9.732
swarm_97_26.pdb	0	25.839	47.258	-9.849
swarm_158_53.pdb	0	31.593	69.365	-9.941
swarm_123_28.pdb	0	29.755	58.393	-9.986
swarm_121_150.pdb	0	33.564	75.538	-10.040
swarm_8_167.pdb	0	26.565	58.181	-10.073
swarm_54_138.pdb	0.0619469	6.531	13.776	-10.099
swarm_78_169.pdb	0	27.606	51.506	-10.103
swarm_37_182.pdb	0	20.524	50.528	-10.141
swarm_2_103.pdb	0	29.228	55.119	-10.162
swarm_91_76.pdb	0	26.767	66.619	-10.253
swarm_106_188.pdb	0.00884956	20.492	52.035	-10.339
swarm_52_4.pdb	0	29.068	57.395	-10.349
swarm_104_152.pdb	0	25.451	56.474	-10.455
swarm_62_164.pdb	0	25.705	49.112	-10.462
swarm_61_90.pdb	0	26.560	55.444	-10.477
swarm_91_171.pdb	0	30.505	68.791	-10.488
swarm_8_126.pdb	0	29.532	61.806	-10.691
swarm_123_124.pdb	0	30.146	63.520	-10.728
swarm_91_13.pdb	0	20.441	59.260	-10.739
swarm_136_110.pdb	0	22.329	54.080	-10.751
swarm_35_53.pdb	0	33.432	67.774	-10.823
swarm_159_167.pdb	0	25.761	63.515	-10.831
swarm_42_117.pdb	0	27.497	48.136	-11.047
swarm_121_121.pdb	0	27.663	66.450	-11.162
swarm_42_47.pdb	0	26.767	50.194	-11.371
swarm_102_157.pdb	0	29.134	58.203	-11.456
swarm_13_90.pdb	0	31.055	69.441	-11.564
swarm_147_109.pdb	0	25.971	63.770	-11.652
swarm_26_53.pdb	0	33.087	65.090	-11.702
swarm_68_98.pdb	0	32.951	65.837	-11.724
swarm_60_59.pdb	0	29.031	49.555	-11.751
swarm_69_52.pdb	0	31.647	59.191	-11.764
swarm_91_148.pdb	0	26.261	76.671	-11.946
swarm_69_44.pdb	0	27.471	49.050	-12.015
swarm_19_185.pdb	0	23.482	55.585	-12.078
swarm_78_187.pdb	0	25.126	53.713	-12.281
swarm_104_39.pdb	0	34.106	70.210	-12.340
swarm_59_137.pdb	0	26.713	51.066	-12.382
swarm_95_159.pdb	0	33.236	65.463	-12.384
swarm_83_191.pdb	0	26.540	66.985	-12.452
swarm_125_29.pdb	0.0176991	21.751	59.813	-12.459
swarm_44_97.pdb	0	29.246	67.450	-12.502
swarm_62_189.pdb	0	29.153	60.646	-12.554
swarm_91_61.pdb	0	22.817	64.234	-12.607
swarm_157_25.pdb	0	25.588	60.893	-12.666
swarm_53_135.pdb	0	27.450	64.327	-12.673
swarm_91_82.pdb	0	21.513	62.343	-12.712
swarm_105_155.pdb	0	13.210	40.186	-12.746
swarm_59_161.pdb	0	25.065	48.108	-12.924
swarm_5_180.pdb	0	31.201	67.888	-12.976
swarm_35_128.pdb	0	30.280	59.998	-13.000
swarm_103_162.pdb	0	31.638	75.352	-13.424
swarm_69_169.pdb	0	27.602	51.786	-13.469
swarm_124_121.pdb	0	23.916	61.035	-13.473
swarm_159_93.pdb	0	31.929	66.281	-13.498
swarm_125_49.pdb	0	20.867	55.533	-13.529
swarm_52_96.pdb	0	24.747	59.010	-13.534
swarm_19_194.pdb	0	24.867	56.073	-13.585
swarm_151_174.pdb	0	24.494	47.996	-13.607
swarm_157_42.pdb	0.00884956	30.566	68.362	-13.697
swarm_8_123.pdb	0	30.659	67.177	-13.709
swarm_96_189.pdb	0	26.526	60.190	-13.733
swarm_112_25.pdb	0	27.717	72.153	-13.738
swarm_106_105.pdb	0.0176991	18.725	52.007	-13.754
swarm_42_169.pdb	0	26.805	53.761	-13.766
swarm_143_193.pdb	0	32.495	66.836	-13.793
swarm_89_87.pdb	0.00884956	26.678	52.522	-13.879
swarm_112_170.pdb	0	32.464	70.751	-13.929
swarm_69_42.pdb	0	25.651	53.464	-13.932
swarm_117_138.pdb	0	25.483	64.565	-13.944
swarm_51_143.pdb	0	25.667	48.512	-13.951
swarm_22_126.pdb	0	18.511	55.720	-13.993
swarm_115_82.pdb	0	25.715	64.192	-14.145
swarm_99_1.pdb	0	22.266	34.511	-14.184
swarm_6_137.pdb	0	31.789	63.358	-14.189
swarm_79_18.pdb	0	26.755	64.643	-14.201
swarm_34_39.pdb	0	17.161	48.375	-14.287
swarm_161_186.pdb	0	34.370	70.941	-14.306
swarm_43_181.pdb	0	33.986	66.298	-14.307
swarm_143_81.pdb	0	29.856	58.335	-14.341
swarm_128_33.pdb	0	25.862	60.214	-14.376
swarm_123_12.pdb	0	22.265	56.671	-14.473
swarm_167_74.pdb	0	23.393	59.532	-14.501
swarm_52_21.pdb	0	26.861	56.885	-14.510
swarm_160_51.pdb	0	30.527	56.751	-14.530
swarm_129_137.pdb	0	19.812	52.773	-14.536
swarm_147_20.pdb	0	19.449	56.846	-14.590
swarm_61_65.pdb	0	24.342	56.131	-14.649
swarm_69_113.pdb	0	30.442	57.721	-14.711
swarm_158_7.pdb	0	21.642	59.629	-14.730
swarm_160_81.pdb	0	28.726	58.156	-14.745
swarm_62_146.pdb	0	18.032	49.363	-14.900
swarm_123_173.pdb	0	24.480	58.627	-14.918
swarm_104_183.pdb	0	29.778	58.218	-14.947
swarm_85_86.pdb	0	30.360	57.440	-14.985
swarm_157_61.pdb	0	25.763	56.569	-15.081
swarm_158_69.pdb	0	32.046	72.065	-15.157
swarm_45_178.pdb	0	31.169	65.380	-15.196
swarm_103_1.pdb	0	25.811	65.369	-15.211
swarm_13_115.pdb	0	29.144	62.072	-15.325
swarm_19_129.pdb	0	30.860	64.570	-15.367
swarm_94_135.pdb	0	32.714	73.412	-15.503
swarm_167_52.pdb	0	30.056	64.120	-15.509
swarm_5_1.pdb	0	31.196	61.073	-15.515
swarm_130_191.pdb	0	20.949	59.117	-15.529
swarm_161_32.pdb	0	32.848	70.961	-15.549
swarm_118_135.pdb	0.00884956	19.229	52.583	-15.578
swarm_85_70.pdb	0	29.127	52.505	-15.581
swarm_154_66.pdb	0	31.808	60.849	-16.013
swarm_34_78.pdb	0	34.819	67.344	-16.050
swarm_19_176.pdb	0	28.038	61.552	-16.114
swarm_32_117.pdb	0	30.049	62.935	-16.220
swarm_130_112.pdb	0	25.228	62.901	-16.361
swarm_158_68.pdb	0	34.019	72.345	-16.459
swarm_157_143.pdb	0	27.523	60.141	-16.468
swarm_117_116.pdb	0	24.737	68.122	-16.498
swarm_13_78.pdb	0	30.131	72.531	-16.538
swarm_28_116.pdb	0	25.631	63.471	-16.539
swarm_93_40.pdb	0	28.447	66.618	-16.545
swarm_46_153.pdb	0	18.029	55.438	-16.576
swarm_145_137.pdb	0	20.103	56.670	-16.788
swarm_30_132.pdb	0	20.375	54.128	-16.838
swarm_34_183.pdb	0	24.340	57.500	-16.841
swarm_158_104.pdb	0	35.762	73.681	-16.850
swarm_95_22.pdb	0	25.836	62.030	-16.890
swarm_157_81.pdb	0.00884956	26.159	57.662	-16.957
swarm_46_59.pdb	0	29.928	59.988	-17.133
swarm_35_80.pdb	0	30.869	60.677	-17.157
swarm_124_48.pdb	0	19.397	49.568	-17.175
swarm_7_58.pdb	0	26.821	57.859	-17.185
swarm_72_120.pdb	0	27.389	52.612	-17.221
swarm_79_114.pdb	0	21.738	53.573	-17.234
swarm_161_12.pdb	0	28.450	65.083	-17.235
swarm_85_97.pdb	0	30.376	56.486	-17.335
swarm_60_159.pdb	0	26.108	46.876	-17.435
swarm_23_68.pdb	0	31.415	62.814	-17.438
swarm_26_76.pdb	0	29.572	57.621	-17.701
swarm_133_30.pdb	0	23.558	65.188	-17.908
swarm_19_126.pdb	0	30.055	59.358	-17.951
swarm_142_39.pdb	0	22.818	51.580	-17.961
swarm_61_126.pdb	0	16.200	46.273	-18.067
swarm_57_197.pdb	0.0176991	27.876	64.692	-18.111
swarm_160_107.pdb	0	22.137	55.722	-18.138
swarm_22_42.pdb	0	32.212	65.749	-18.171
swarm_160_83.pdb	0	27.507	52.068	-18.406
swarm_32_96.pdb	0	28.442	62.148	-18.500
swarm_134_123.pdb	0.0176991	27.140	60.713	-18.577
swarm_57_105.pdb	0	32.212	63.882	-18.629
swarm_52_142.pdb	0	19.100	52.589	-18.659
swarm_157_89.pdb	0	18.155	49.627	-18.674
swarm_101_87.pdb	0	32.822	68.420	-18.739
swarm_134_26.pdb	0	30.145	58.279	-18.783
swarm_124_131.pdb	0	29.575	56.117	-18.820
swarm_121_169.pdb	0	36.216	71.202	-18.847
swarm_6_107.pdb	0	31.984	60.157	-18.853
swarm_147_123.pdb	0	29.495	69.597	-18.869
swarm_128_158.pdb	0	16.542	45.706	-18.905
swarm_96_108.pdb	0	29.520	57.769	-18.967
swarm_5_6.pdb	0	25.419	61.185	-18.998
swarm_22_183.pdb	0	29.415	63.641	-19.007
swarm_23_173.pdb	0	27.884	58.747	-19.039
swarm_162_80.pdb	0	30.369	68.772	-19.102
swarm_104_63.pdb	0	20.074	55.276	-19.116
swarm_101_38.pdb	0.0265487	27.103	62.836	-19.192
swarm_79_172.pdb	0	32.842	67.611	-19.370
swarm_5_173.pdb	0	25.062	58.795	-19.386
swarm_13_186.pdb	0	31.954	64.397	-19.386
swarm_104_150.pdb	0	31.870	64.267	-19.400
swarm_35_198.pdb	0	26.269	67.556	-19.408
swarm_23_75.pdb	0	30.635	61.442	-19.458
swarm_21_91.pdb	0	27.567	52.651	-19.498
swarm_103_20.pdb	0	23.599	63.942	-19.509
swarm_44_45.pdb	0	28.908	60.944	-19.514
swarm_45_173.pdb	0	31.191	63.566	-19.760
swarm_94_159.pdb	0	25.996	67.273	-19.825
swarm_83_22.pdb	0	38.675	75.796	-19.828
swarm_157_108.pdb	0	32.382	66.454	-19.922
swarm_59_51.pdb	0	13.522	39.835	-19.965
swarm_34_56.pdb	0	21.810	58.398	-20.035
swarm_116_182.pdb	0.0353982	19.993	47.540	-20.135
swarm_35_26.pdb	0	31.972	62.780	-20.161
swarm_42_172.pdb	0	31.652	58.279	-20.393
swarm_160_121.pdb	0	29.839	62.379	-20.483
swarm_60_90.pdb	0	22.391	55.977	-20.603
swarm_44_103.pdb	0	31.476	64.890	-20.616
swarm_112_127.pdb	0	27.101	64.783	-20.696
swarm_87_87.pdb	0	28.564	56.575	-20.703
swarm_121_100.pdb	0	26.814	68.226	-20.703
swarm_6_148.pdb	0	35.333	69.506	-20.788
swarm_142_198.pdb	0	27.374	52.786	-20.815
swarm_167_58.pdb	0	29.983	58.333	-20.858
swarm_94_179.pdb	0	30.924	63.721	-20.872
swarm_23_123.pdb	0	24.735	64.060	-20.888
swarm_160_48.pdb	0	29.383	59.253	-20.923
swarm_126_192.pdb	0	23.787	59.971	-20.929
swarm_69_31.pdb	0	27.340	55.719	-20.976
swarm_44_73.pdb	0	25.392	57.870	-21.020
swarm_156_141.pdb	0	33.032	70.398	-21.059
swarm_158_135.pdb	0	37.408	73.979	-21.075
swarm_101_123.pdb	0	21.092	57.959	-21.163
swarm_103_164.pdb	0	34.750	73.481	-21.214
swarm_117_186.pdb	0	30.087	60.662	-21.261
swarm_83_57.pdb	0	33.457	73.156	-21.322
swarm_72_103.pdb	0	31.962	62.758	-21.391
swarm_60_26.pdb	0	30.098	62.747	-21.405
swarm_57_188.pdb	0	34.539	71.476	-21.611
swarm_13_162.pdb	0	26.672	68.189	-21.690
swarm_128_111.pdb	0	27.559	63.532	-21.831
swarm_144_173.pdb	0	15.950	48.163	-22.078
swarm_61_141.pdb	0	31.905	59.880	-22.156
swarm_8_40.pdb	0	22.657	53.739	-22.210
swarm_32_75.pdb	0	28.020	59.739	-22.268
swarm_156_18.pdb	0	32.007	67.726	-22.304
swarm_158_182.pdb	0	33.633	62.800	-22.339
swarm_85_25.pdb	0	29.978	57.811	-22.453
swarm_144_104.pdb	0	21.794	55.300	-22.490
swarm_157_177.pdb	0	34.731	71.191	-22.543
swarm_21_162.pdb	0	26.125	61.274	-22.601
swarm_69_185.pdb	0	26.647	50.377	-22.707
swarm_57_21.pdb	0	28.118	68.331	-22.707
swarm_160_76.pdb	0	31.987	61.594	-22.770
swarm_34_117.pdb	0	24.975	56.572	-22.771
swarm_21_76.pdb	0	26.912	61.739	-22.808
swarm_53_131.pdb	0	24.433	60.134	-22.990
swarm_161_36.pdb	0	32.132	66.335	-22.993
swarm_151_149.pdb	0	29.073	60.026	-22.999
swarm_143_130.pdb	0	28.689	59.779	-23.025
swarm_24_20.pdb	0	33.563	69.022	-23.099
swarm_44_16.pdb	0	31.848	70.389	-23.121
swarm_157_171.pdb	0	29.117	66.156	-23.155
swarm_9_108.pdb	0	30.770	62.529	-23.156
swarm_38_21.pdb	0	20.624	31.914	-23.214
swarm_156_63.pdb	0	31.708	64.046	-23.229
swarm_68_85.pdb	0	31.038	60.159	-23.271
swarm_145_174.pdb	0	28.421	58.340	-23.304
swarm_45_105.pdb	0	29.203	63.632	-23.323
swarm_133_7.pdb	0	21.453	59.230	-23.477
swarm_103_43.pdb	0	24.582	66.147	-23.480
swarm_144_180.pdb	0	27.379	61.868	-23.565
swarm_72_148.pdb	0	23.337	51.295	-23.583
swarm_5_48.pdb	0	29.598	58.709	-23.623
swarm_117_140.pdb	0	23.796	58.088	-23.782
swarm_130_72.pdb	0	29.823	58.261	-23.815
swarm_126_63.pdb	0	32.049	64.200	-23.837
swarm_160_176.pdb	0	24.571	58.088	-23.909
swarm_158_91.pdb	0	25.860	67.401	-24.022
swarm_130_26.pdb	0	29.986	67.363	-24.047
swarm_157_129.pdb	0	30.987	59.667	-24.051
swarm_160_174.pdb	0	21.465	53.844	-24.101
swarm_53_89.pdb	0	27.507	66.908	-24.155
swarm_83_16.pdb	0	27.575	66.787	-24.289
swarm_43_6.pdb	0	23.208	60.868	-24.331
swarm_21_30.pdb	0	28.593	52.804	-24.421
swarm_71_72.pdb	0	24.257	42.370	-24.465
swarm_133_9.pdb	0	33.177	67.280	-24.557
swarm_106_22.pdb	0	33.281	68.029	-24.574
swarm_119_52.pdb	0.00884956	30.240	59.917	-24.655
swarm_145_102.pdb	0	19.079	53.209	-24.697
swarm_44_18.pdb	0.00884956	24.996	67.381	-24.717
swarm_121_125.pdb	0	32.280	74.039	-24.718
swarm_19_107.pdb	0	33.508	64.887	-24.763
swarm_34_173.pdb	0	28.542	62.198	-24.830
swarm_22_48.pdb	0	31.116	63.697	-24.839
swarm_69_138.pdb	0	30.821	54.530	-24.874
swarm_72_95.pdb	0	29.107	56.623	-24.917
swarm_6_57.pdb	0	26.808	56.540	-24.940
swarm_79_123.pdb	0	33.781	65.226	-24.951
swarm_13_163.pdb	0	35.229	73.641	-24.999
swarm_28_185.pdb	0.00884956	25.074	67.183	-25.058
swarm_6_103.pdb	0	32.065	59.299	-25.093
swarm_52_132.pdb	0	26.266	55.127	-25.112
swarm_62_91.pdb	0	17.057	42.790	-25.204
swarm_132_71.pdb	0	25.524	65.940	-25.242
swarm_117_115.pdb	0	31.295	62.673	-25.367
swarm_22_24.pdb	0	29.970	68.266	-25.571
swarm_157_50.pdb	0	20.524	55.717	-25.599
swarm_147_47.pdb	0	25.003	64.156	-25.608
swarm_45_26.pdb	0	30.079	71.398	-25.652
swarm_104_75.pdb	0	28.690	61.355	-25.675
swarm_143_165.pdb	0.00884956	23.418	59.789	-25.817
swarm_96_90.pdb	0	16.057	43.477	-25.825
swarm_127_89.pdb	0	27.258	51.030	-25.874
swarm_130_5.pdb	0	29.514	71.604	-25.927
swarm_147_134.pdb	0	32.822	67.820	-25.939
swarm_35_179.pdb	0	25.592	67.127	-26.022
swarm_34_187.pdb	0	19.321	55.724	-26.044
swarm_43_158.pdb	0	21.420	55.151	-26.048
swarm_94_43.pdb	0	26.836	66.194	-26.061
swarm_133_179.pdb	0	32.329	65.858	-26.140
swarm_162_155.pdb	0	26.290	64.334	-26.155
swarm_104_42.pdb	0	26.603	68.294	-26.174
swarm_68_77.pdb	0	22.177	59.828	-26.286
swarm_9_30.pdb	0	26.149	57.486	-26.354
swarm_91_27.pdb	0	33.392	71.074	-26.365
swarm_37_122.pdb	0	22.395	55.869	-26.366
swarm_83_36.pdb	0	34.556	77.411	-26.380
swarm_45_37.pdb	0	27.239	67.678	-26.392
swarm_5_188.pdb	0	26.330	60.714	-26.431
swarm_76_176.pdb	0.0353982	12.150	28.332	-26.467
swarm_145_180.pdb	0	24.402	65.923	-26.484
swarm_21_80.pdb	0	28.997	51.452	-26.805
swarm_72_158.pdb	0	18.316	54.685	-26.947
swarm_130_20.pdb	0	31.173	66.020	-26.984
swarm_128_93.pdb	0	31.579	62.360	-27.036
swarm_94_6.pdb	0	22.378	64.213	-27.053
swarm_52_122.pdb	0	21.072	60.684	-27.083
swarm_32_121.pdb	0	22.032	60.194	-27.134
swarm_124_58.pdb	0	28.672	65.694	-27.155
swarm_121_5.pdb	0	29.035	71.572	-27.192
swarm_7_53.pdb	0	28.599	60.985	-27.215
swarm_159_57.pdb	0	19.326	48.899	-27.222
swarm_52_102.pdb	0	26.747	59.628	-27.334
swarm_145_77.pdb	0	24.439	64.695	-27.379
swarm_41_154.pdb	0	19.870	53.305	-27.558
swarm_12_11.pdb	0	30.087	61.742	-27.582
swarm_129_22.pdb	0	21.639	53.933	-27.593
swarm_145_120.pdb	0	25.915	67.884	-27.616
swarm_163_80.pdb	0	24.860	43.802	-27.627
swarm_159_138.pdb	0	26.473	60.570	-27.627
swarm_62_102.pdb	0	28.464	50.682	-27.666
swarm_79_19.pdb	0	34.876	71.438	-27.690
swarm_32_106.pdb	0	29.711	65.569	-27.727
swarm_93_82.pdb	0	21.703	56.811	-27.745
swarm_25_189.pdb	0	20.314	39.338	-27.777
swarm_21_43.pdb	0	17.420	47.542	-27.865
swarm_130_14.pdb	0	26.957	61.039	-27.968
swarm_69_118.pdb	0.00884956	29.878	55.434	-28.006
swarm_66_180.pdb	0	28.150	51.302	-28.087
swarm_45_154.pdb	0	30.270	65.697	-28.257
swarm_41_191.pdb	0	27.327	53.322	-28.295
swarm_6_15.pdb	0	23.365	60.954	-28.303
swarm_157_38.pdb	0	28.421	54.221	-28.377
swarm_22_107.pdb	0	28.430	68.528	-28.436
swarm_159_65.pdb	0	30.358	61.409	-28.438
swarm_61_120.pdb	0	28.794	58.913	-28.560
swarm_133_99.pdb	0	32.610	74.500	-28.638
swarm_130_178.pdb	0	34.262	70.997	-28.713
swarm_32_109.pdb	0	27.569	59.794	-28.759
swarm_23_66.pdb	0	36.118	72.898	-29.033
swarm_8_142.pdb	0	24.076	61.521	-29.074
swarm_32_199.pdb	0	30.963	67.765	-29.167
swarm_50_4.pdb	0	15.867	44.766	-29.178
swarm_83_11.pdb	0	26.072	60.662	-29.206
swarm_53_34.pdb	0	28.810	62.553	-29.252
swarm_5_169.pdb	0	32.071	63.619	-29.269
swarm_30_16.pdb	0	19.579	53.778	-29.298
swarm_132_142.pdb	0	27.231	61.157	-29.300
swarm_156_86.pdb	0	25.591	59.906	-29.474
swarm_35_51.pdb	0	26.457	67.584	-29.498
swarm_117_121.pdb	0	32.401	65.969	-29.533
swarm_52_29.pdb	0	29.796	57.397	-29.541
swarm_132_163.pdb	0	32.136	67.081	-29.617
swarm_144_197.pdb	0	24.285	58.494	-29.618
swarm_127_178.pdb	0	18.226	48.712	-29.640
swarm_45_38.pdb	0.00884956	23.779	60.516	-29.735
swarm_28_198.pdb	0	25.453	61.197	-29.783
swarm_45_141.pdb	0	22.935	60.693	-29.794
swarm_117_144.pdb	0	29.156	67.391	-29.812
swarm_52_123.pdb	0	28.147	56.286	-29.848
swarm_104_103.pdb	0	32.116	68.437	-29.976
swarm_62_4.pdb	0	25.362	59.953	-30.038
swarm_133_116.pdb	0	30.969	67.788	-30.096
swarm_8_137.pdb	0	25.205	58.063	-30.123
swarm_157_2.pdb	0	22.764	56.419	-30.126
swarm_159_26.pdb	0	21.825	56.977	-30.143
swarm_45_45.pdb	0	25.020	58.945	-30.245
swarm_142_125.pdb	0	22.704	53.102	-30.371
swarm_34_86.pdb	0	32.226	67.538	-30.411
swarm_60_77.pdb	0	16.658	49.821	-30.494
swarm_156_106.pdb	0	27.022	59.601	-30.517
swarm_44_136.pdb	0	19.330	55.059	-30.736
swarm_53_25.pdb	0	26.934	53.603	-30.884
swarm_37_123.pdb	0	30.761	57.330	-30.912
swarm_23_131.pdb	0	29.408	65.558	-30.912
swarm_30_91.pdb	0	32.370	68.425	-31.075
swarm_133_149.pdb	0	33.194	70.270	-31.163
swarm_61_51.pdb	0	27.079	57.192	-31.298
swarm_59_154.pdb	0	25.951	55.612	-31.411
swarm_44_148.pdb	0	19.547	57.221	-31.502
swarm_123_162.pdb	0	23.075	56.119	-31.656
swarm_112_84.pdb	0	27.534	68.629	-31.696
swarm_128_68.pdb	0	27.668	57.071	-31.788
swarm_115_49.pdb	0	34.810	67.647	-31.920
swarm_6_146.pdb	0	31.030	66.423	-32.016
swarm_106_62.pdb	0	28.866	63.446	-32.072
swarm_53_55.pdb	0	28.329	59.744	-32.088
swarm_30_164.pdb	0	24.685	48.773	-32.182
swarm_30_140.pdb	0	30.970	61.602	-32.184
swarm_159_55.pdb	0	22.938	58.788	-32.247
swarm_5_88.pdb	0	26.456	66.722	-32.290
swarm_116_64.pdb	0	21.594	52.861	-32.360
swarm_44_99.pdb	0	23.132	66.102	-32.366
swarm_62_153.pdb	0	29.953	58.206	-32.451
swarm_52_45.pdb	0	26.395	54.837	-32.459
swarm_30_175.pdb	0	32.470	66.283	-32.502
swarm_24_174.pdb	0	29.983	61.709	-32.578
swarm_108_195.pdb	0	31.983	63.803	-32.630
swarm_5_162.pdb	0	26.586	54.888	-32.638
swarm_26_27.pdb	0	25.762	51.048	-32.643
swarm_162_187.pdb	0	28.311	53.948	-32.654
swarm_62_60.pdb	0	30.543	59.391	-32.667
swarm_21_191.pdb	0	28.228	50.242	-32.720
swarm_62_43.pdb	0	29.960	60.963	-32.758
swarm_30_112.pdb	0	29.545	60.408	-32.908
swarm_101_74.pdb	0	32.516	67.398	-32.922
swarm_127_50.pdb	0	29.239	65.377	-32.936
swarm_43_21.pdb	0	30.249	57.772	-32.955
swarm_83_93.pdb	0	26.222	69.544	-33.052
swarm_121_76.pdb	0	34.616	77.463	-33.093
swarm_24_113.pdb	0	22.577	60.082	-33.100
swarm_123_71.pdb	0	28.943	57.639	-33.112
swarm_45_148.pdb	0	22.356	57.049	-33.138
swarm_94_114.pdb	0	33.517	72.516	-33.176
swarm_95_91.pdb	0	20.952	55.461	-33.297
swarm_83_124.pdb	0	35.966	66.932	-33.397
swarm_8_26.pdb	0	25.312	63.384	-33.512
swarm_126_33.pdb	0	27.798	58.613	-33.554
swarm_161_0.pdb	0	25.670	68.239	-33.571
swarm_28_168.pdb	0	27.463	67.469	-33.600
swarm_158_171.pdb	0	34.350	71.417	-33.605
swarm_30_71.pdb	0	31.827	65.620	-33.716
swarm_162_120.pdb	0	32.313	65.553	-33.783
swarm_130_164.pdb	0	30.342	59.979	-33.845
swarm_162_59.pdb	0	27.741	66.287	-33.901
swarm_129_172.pdb	0	26.997	55.545	-33.971
swarm_59_105.pdb	0	28.619	53.608	-33.999
swarm_77_13.pdb	0	21.056	54.907	-34.095
swarm_133_40.pdb	0	27.434	65.195	-34.202
swarm_53_172.pdb	0	28.282	67.775	-34.295
swarm_117_176.pdb	0	29.211	59.897	-34.301
swarm_12_128.pdb	0	19.818	59.179	-34.314
swarm_132_191.pdb	0	30.972	69.531	-34.359
swarm_162_189.pdb	0	32.816	66.963	-34.401
swarm_21_63.pdb	0	23.546	58.334	-34.457
swarm_9_134.pdb	0	25.604	66.717	-34.502
swarm_22_34.pdb	0	22.646	63.065	-34.508
swarm_162_8.pdb	0.00884956	26.636	65.319	-34.521
swarm_72_152.pdb	0	31.378	56.299	-34.602
swarm_62_62.pdb	0	25.228	56.663	-34.630
swarm_32_17.pdb	0	19.205	59.666	-34.680
swarm_9_114.pdb	0	26.000	66.043	-34.743
swarm_8_35.pdb	0	26.238	59.602	-34.876
swarm_21_140.pdb	0	31.562	61.028	-34.889
swarm_160_110.pdb	0	18.588	53.135	-35.006
swarm_41_59.pdb	0	17.836	49.716	-35.094
swarm_53_70.pdb	0	26.289	60.631	-35.100
swarm_60_147.pdb	0	32.296	61.696	-35.130
swarm_133_176.pdb	0	33.484	67.214	-35.130
swarm_65_11.pdb	0	15.992	42.506	-35.169
swarm_22_170.pdb	0	33.196	72.930	-35.282
swarm_160_99.pdb	0	33.313	64.862	-35.318
swarm_83_121.pdb	0	30.789	73.819	-35.488
swarm_44_150.pdb	0.0176991	24.804	59.579	-35.521
swarm_91_143.pdb	0	31.432	79.473	-35.583
swarm_121_28.pdb	0	35.415	71.838	-35.624
swarm_35_116.pdb	0	24.115	60.696	-35.658
swarm_115_110.pdb	0	30.286	58.258	-35.943
swarm_45_87.pdb	0	28.905	61.934	-35.951
swarm_60_103.pdb	0	28.318	52.977	-36.015
swarm_43_178.pdb	0	23.979	63.116	-36.082
swarm_53_103.pdb	0	27.071	66.018	-36.088
swarm_121_59.pdb	0	28.280	67.135	-36.163
swarm_53_149.pdb	0	26.993	65.911	-36.191
swarm_23_38.pdb	0	28.404	65.308	-36.233
swarm_5_112.pdb	0	22.667	61.591	-36.385
swarm_32_16.pdb	0	27.360	69.064	-36.441
swarm_43_154.pdb	0	26.273	63.465	-36.481
swarm_53_147.pdb	0	27.112	58.037	-36.599
swarm_149_64.pdb	0	22.649	41.238	-36.644
swarm_22_35.pdb	0	25.891	64.651	-36.785
swarm_72_19.pdb	0	27.282	50.790	-36.930
swarm_72_68.pdb	0	28.093	56.506	-37.027
swarm_52_99.pdb	0	32.767	58.576	-37.083
swarm_100_29.pdb	0	28.676	53.047	-37.135
swarm_8_157.pdb	0	20.187	57.969	-37.187
swarm_62_134.pdb	0	25.543	59.549	-37.205
swarm_22_37.pdb	0	28.904	64.790	-37.252
swarm_167_92.pdb	0	27.684	54.687	-37.294
swarm_44_94.pdb	0.00884956	21.362	57.897	-37.373
swarm_32_137.pdb	0	26.021	62.235	-37.426
swarm_144_61.pdb	0	20.588	56.952	-37.434
swarm_121_118.pdb	0	33.641	73.453	-37.593
swarm_129_129.pdb	0	15.642	41.729	-37.644
swarm_121_16.pdb	0	26.933	68.443	-37.772
swarm_77_72.pdb	0	28.216	51.135	-37.802
swarm_45_78.pdb	0	22.868	62.146	-38.016
swarm_42_42.pdb	0	30.017	52.630	-38.119
swarm_23_25.pdb	0	28.458	62.281	-38.132
swarm_96_10.pdb	0	24.185	42.873	-38.138
swarm_100_99.pdb	0	28.805	63.548	-38.468
swarm_43_73.pdb	0	32.023	68.711	-38.525
swarm_104_1.pdb	0	23.264	61.247	-38.534
swarm_9_168.pdb	0	30.491	67.326	-38.600
swarm_84_30.pdb	0	23.591	48.179	-38.682
swarm_145_37.pdb	0	28.916	56.118	-38.692
swarm_23_88.pdb	0	21.765	61.829	-38.699
swarm_161_50.pdb	0	32.136	65.442	-38.721
swarm_77_41.pdb	0	22.016	60.612	-38.809
swarm_34_142.pdb	0	30.725	65.085	-38.899
swarm_41_16.pdb	0	32.126	62.916	-38.902
swarm_72_26.pdb	0	28.618	61.295	-38.926
swarm_159_1.pdb	0	30.553	59.511	-38.976
swarm_7_129.pdb	0	25.116	53.938	-39.070
swarm_130_48.pdb	0	33.447	66.434	-39.135
swarm_108_92.pdb	0	25.909	66.895	-39.142
swarm_61_48.pdb	0	27.805	51.746	-39.283
swarm_156_157.pdb	0	27.377	54.848	-39.345
swarm_43_64.pdb	0	22.500	57.031	-39.417
swarm_102_158.pdb	0	27.416	55.851	-39.693
swarm_77_78.pdb	0	31.168	56.618	-39.836
swarm_42_122.pdb	0	19.913	52.037	-39.970
swarm_160_17.pdb	0	22.843	56.244	-40.104
swarm_160_70.pdb	0	28.155	62.972	-40.109
swarm_83_67.pdb	0	29.473	67.018	-40.275
swarm_124_162.pdb	0	25.379	53.101	-40.360
swarm_52_128.pdb	0.00884956	25.136	60.198	-40.473
swarm_21_126.pdb	0	17.972	49.959	-40.688
swarm_94_96.pdb	0	23.350	65.995	-40.719
swarm_45_118.pdb	0	30.776	67.164	-40.767
swarm_157_181.pdb	0	32.494	64.813	-40.804
swarm_160_136.pdb	0	26.008	50.169	-40.996
swarm_41_74.pdb	0	22.692	60.929	-41.026
swarm_161_44.pdb	0	22.399	61.572	-41.030
swarm_43_62.pdb	0	20.785	55.546	-41.039
swarm_44_66.pdb	0	29.158	64.132	-41.269
swarm_9_133.pdb	0	33.515	70.863	-41.321
swarm_26_49.pdb	0	25.506	56.304	-41.391
swarm_41_73.pdb	0	27.520	66.633	-41.564
swarm_58_85.pdb	0	22.520	38.872	-41.611
swarm_104_54.pdb	0	21.443	55.021	-41.658
swarm_133_54.pdb	0	30.213	71.302	-41.712
swarm_9_112.pdb	0	25.161	70.680	-41.958
swarm_78_21.pdb	0	23.503	47.054	-41.977
swarm_108_11.pdb	0	27.439	52.989	-42.111
swarm_83_48.pdb	0	27.731	67.879	-42.189
swarm_160_194.pdb	0	30.615	58.216	-42.197
swarm_8_95.pdb	0	22.622	56.848	-42.263
swarm_160_191.pdb	0	31.507	59.668	-42.310
swarm_43_139.pdb	0	32.024	63.664	-42.666
swarm_104_173.pdb	0	36.440	73.792	-42.714
swarm_60_94.pdb	0	29.159	61.630	-42.725
swarm_161_118.pdb	0	30.972	64.272	-42.749
swarm_6_195.pdb	0	30.133	69.431	-42.826
swarm_167_37.pdb	0	26.973	57.161	-42.965
swarm_62_19.pdb	0	31.347	64.260	-42.973
swarm_162_193.pdb	0	22.307	62.567	-43.049
swarm_6_170.pdb	0	31.154	66.454	-43.072
swarm_32_93.pdb	0	30.402	59.743	-43.084
swarm_5_197.pdb	0	25.599	54.676	-43.308
swarm_83_118.pdb	0	33.105	73.685	-43.393
swarm_77_66.pdb	0	25.330	57.001	-43.436
swarm_94_197.pdb	0	30.252	70.528	-43.456
swarm_21_64.pdb	0	27.704	53.084	-43.552
swarm_21_95.pdb	0	20.639	46.051	-43.634
swarm_130_77.pdb	0	21.720	63.842	-43.910
swarm_162_158.pdb	0	29.576	60.478	-44.045
swarm_158_74.pdb	0	25.105	66.253	-44.123
swarm_62_108.pdb	0	23.797	59.304	-44.389
swarm_41_13.pdb	0	28.946	54.811	-44.392
swarm_127_22.pdb	0	30.008	58.018	-44.423
swarm_53_90.pdb	0	26.099	68.429	-44.485
swarm_30_104.pdb	0	25.631	63.146	-44.490
swarm_22_182.pdb	0	27.130	66.687	-44.641
swarm_132_192.pdb	0	32.330	66.750	-44.760
swarm_145_63.pdb	0	27.908	65.837	-44.873
swarm_62_41.pdb	0	21.088	57.022	-45.032
swarm_41_4.pdb	0	29.153	70.366	-45.190
swarm_162_166.pdb	0	23.095	66.996	-45.474
swarm_79_6.pdb	0	28.229	68.528	-45.509
swarm_41_125.pdb	0	31.781	63.313	-45.739
swarm_130_22.pdb	0	32.177	68.035	-45.912
swarm_72_61.pdb	0	27.653	65.451	-45.984
swarm_32_57.pdb	0	25.905	66.459	-45.990
swarm_6_93.pdb	0	27.132	59.208	-46.175
swarm_30_31.pdb	0	26.834	63.267	-46.215
swarm_24_48.pdb	0	25.119	65.847	-46.588
swarm_30_170.pdb	0	28.840	70.968	-46.609
swarm_45_174.pdb	0	33.006	63.883	-46.665
swarm_41_146.pdb	0	21.125	56.619	-46.826
swarm_35_70.pdb	0	31.545	65.036	-46.977
swarm_32_28.pdb	0	26.970	62.087	-47.011
swarm_5_181.pdb	0	29.262	57.988	-47.098
swarm_77_79.pdb	0	27.178	66.079	-47.103
swarm_5_158.pdb	0	30.559	60.194	-47.151
swarm_58_152.pdb	0	18.211	36.321	-47.164
swarm_83_169.pdb	0	30.056	65.575	-47.277
swarm_162_141.pdb	0	28.352	55.894	-47.372
swarm_162_38.pdb	0	30.111	70.751	-47.566
swarm_95_66.pdb	0	36.772	67.988	-47.834
swarm_61_95.pdb	0	30.026	57.462	-47.843
swarm_77_11.pdb	0	29.423	58.674	-47.892
swarm_144_194.pdb	0	18.082	50.185	-47.896
swarm_159_129.pdb	0	31.086	64.835	-48.228
swarm_28_83.pdb	0	26.018	61.742	-48.521
swarm_145_113.pdb	0	23.446	67.129	-48.688
swarm_62_67.pdb	0	31.298	63.895	-49.028
swarm_60_97.pdb	0	26.443	53.070	-49.029
swarm_98_49.pdb	0	29.486	56.237	-49.208
swarm_53_194.pdb	0	28.846	57.137	-49.240
swarm_77_87.pdb	0	28.208	52.445	-49.514
swarm_142_134.pdb	0	25.783	50.109	-49.641
swarm_41_140.pdb	0	27.814	66.145	-49.692
swarm_162_39.pdb	0	20.795	58.029	-50.058
swarm_9_41.pdb	0	30.832	72.889	-50.275
swarm_30_4.pdb	0	23.626	62.022	-50.330
swarm_159_27.pdb	0	28.406	68.334	-50.492
swarm_91_146.pdb	0	26.634	57.370	-50.648
swarm_22_155.pdb	0	26.545	57.698	-51.093
swarm_120_60.pdb	0.00884956	25.366	49.501	-51.323
swarm_72_102.pdb	0	22.279	64.018	-51.541
swarm_167_167.pdb	0.00884956	27.265	69.318	-51.726
swarm_43_104.pdb	0	27.218	49.591	-52.085
swarm_6_121.pdb	0	21.355	60.211	-52.108
swarm_21_16.pdb	0	27.887	53.143	-52.308
swarm_104_20.pdb	0	22.911	57.435	-52.611
swarm_34_98.pdb	0.00884956	19.628	54.630	-52.766
swarm_161_103.pdb	0	24.418	61.109	-53.149
swarm_32_116.pdb	0	25.621	69.329	-53.356
swarm_133_198.pdb	0	30.743	61.312	-53.463
swarm_23_102.pdb	0	30.104	66.930	-53.525
swarm_74_164.pdb	0	18.232	38.533	-53.664
swarm_72_124.pdb	0	29.330	58.992	-53.761
swarm_161_71.pdb	0	23.321	62.935	-53.908
swarm_32_171.pdb	0	29.978	59.865	-54.727
swarm_21_100.pdb	0	27.121	53.451	-55.004
swarm_147_128.pdb	0	22.222	61.441	-55.040
swarm_9_45.pdb	0	29.382	62.416	-55.116
swarm_137_61.pdb	0.0530973	27.572	50.675	-55.181
swarm_53_156.pdb	0	31.673	63.388	-55.241
swarm_137_44.pdb	0	26.317	49.095	-55.882
swarm_5_73.pdb	0	22.711	59.200	-55.965
swarm_43_91.pdb	0	33.265	67.383	-56.031
swarm_77_30.pdb	0	32.475	60.568	-56.041
swarm_44_152.pdb	0	20.560	60.630	-56.109
swarm_23_5.pdb	0	30.030	70.589	-56.411
swarm_30_19.pdb	0	32.642	68.129	-56.432
swarm_23_113.pdb	0	28.036	60.461	-56.488
swarm_23_152.pdb	0	21.987	60.814	-56.501
swarm_6_132.pdb	0	29.355	58.945	-56.562
swarm_127_112.pdb	0	27.847	59.699	-56.745
swarm_157_103.pdb	0	24.160	61.308	-56.754
swarm_153_78.pdb	0	18.416	47.659	-57.021
swarm_19_167.pdb	0	30.907	53.910	-57.385
swarm_159_43.pdb	0	23.280	63.513	-57.921
swarm_157_140.pdb	0	30.442	60.810	-58.379
swarm_132_32.pdb	0	18.096	51.914	-58.445
swarm_9_175.pdb	0	27.434	70.550	-58.468
swarm_77_8.pdb	0	27.592	49.156	-58.473
swarm_28_102.pdb	0	25.421	58.689	-58.526
swarm_9_98.pdb	0	28.286	67.422	-58.550
swarm_41_126.pdb	0	23.337	59.151	-58.830
swarm_39_149.pdb	0	27.375	53.105	-59.104
swarm_60_20.pdb	0	25.184	49.632	-59.701
swarm_81_142.pdb	0	28.500	50.495	-59.975
swarm_24_139.pdb	0.0442478	26.854	65.755	-60.047
swarm_43_90.pdb	0	31.365	61.526	-60.122
swarm_30_114.pdb	0	31.148	62.602	-60.149
swarm_87_82.pdb	0	29.397	58.734	-60.165
swarm_156_139.pdb	0	26.410	66.867	-60.260
swarm_133_103.pdb	0	30.964	70.638	-60.405
swarm_156_173.pdb	0	30.032	63.930	-60.757
swarm_62_84.pdb	0	29.836	61.823	-60.762
swarm_159_95.pdb	0	21.077	55.629	-60.896
swarm_43_87.pdb	0	29.588	59.013	-60.947
swarm_159_176.pdb	0	25.574	51.445	-61.303
swarm_162_161.pdb	0	24.835	65.860	-61.463
swarm_53_168.pdb	0	28.468	66.778	-61.786
swarm_117_4.pdb	0	23.508	59.968	-61.965
swarm_51_60.pdb	0	23.456	53.727	-61.994
swarm_22_28.pdb	0	31.747	68.983	-62.001
swarm_83_58.pdb	0	27.368	74.815	-62.588
swarm_23_86.pdb	0	28.393	61.431	-62.774
swarm_145_96.pdb	0	22.190	62.071	-62.932
swarm_5_166.pdb	0	24.001	55.502	-63.017
swarm_145_130.pdb	0	32.521	68.262	-63.802
swarm_145_83.pdb	0	31.877	67.864	-63.819
swarm_77_168.pdb	0	23.181	57.066	-64.102
swarm_9_88.pdb	0	30.179	74.614	-64.509
swarm_32_80.pdb	0	24.046	65.553	-64.805
swarm_19_186.pdb	0	19.669	54.609	-65.178
swarm_133_1.pdb	0	31.003	67.931	-66.116
swarm_23_52.pdb	0	31.452	62.277	-66.367
swarm_43_34.pdb	0	23.290	59.548	-66.379
swarm_44_156.pdb	0.0353982	23.378	58.783	-66.579
swarm_32_78.pdb	0	26.529	59.334	-66.865
swarm_77_31.pdb	0	24.295	62.422	-66.990
swarm_83_85.pdb	0	36.404	76.805	-67.097
swarm_121_153.pdb	0	22.589	64.150	-67.243
swarm_155_128.pdb	0	23.553	45.487	-68.104
swarm_76_96.pdb	0	16.368	32.700	-68.382
swarm_23_10.pdb	0	25.299	62.839	-69.091
swarm_130_10.pdb	0	27.857	66.314	-69.470
swarm_156_58.pdb	0	25.465	63.291	-69.491
swarm_80_176.pdb	0	19.215	31.546	-71.860
swarm_41_127.pdb	0	30.841	65.781	-72.189
swarm_69_106.pdb	0.00884956	22.408	59.234	-72.252
swarm_43_141.pdb	0	29.937	63.501	-72.589
swarm_97_190.pdb	0	23.169	43.213	-75.354
swarm_167_79.pdb	0	25.037	61.367	-77.875
swarm_133_144.pdb	0	25.849	68.215	-79.940
swarm_47_191.pdb	0	20.244	30.802	-79.973
swarm_61_133.pdb	0	16.822	48.301	-80.203
swarm_41_121.pdb	0	24.312	50.835	-80.210
swarm_114_149.pdb	0	24.489	46.257	-83.040
swarm_2_180.pdb	0	25.220	48.677	-83.914
swarm_41_198.pdb	0	27.698	57.955	-84.109
swarm_77_172.pdb	0	32.131	60.195	-84.542
swarm_23_3.pdb	0	22.910	65.166	-86.960
swarm_30_179.pdb	0	32.586	64.446	-90.053
swarm_59_180.pdb	0	20.023	40.336	-91.197
swarm_53_37.pdb	0.0265487	25.468	55.341	-95.089
swarm_51_122.pdb	0	20.258	50.539	-96.872
swarm_90_129.pdb	0.0707965	20.798	48.856	-97.329
swarm_56_193.pdb	0	17.557	43.983	-97.427
swarm_77_57.pdb	0	27.768	55.581	-98.172
swarm_39_97.pdb	0	30.900	55.017	-98.444
swarm_43_35.pdb	0	30.288	57.037	-99.684
swarm_12_1.pdb	0	24.554	56.497	-101.344
swarm_133_96.pdb	0	28.349	67.085	-103.629
swarm_72_168.pdb	0	26.886	51.267	-104.556
swarm_97_167.pdb	0.0442478	26.486	49.245	-105.562
swarm_53_91.pdb	0	28.330	59.468	-106.545
swarm_145_15.pdb	0	32.159	64.316	-107.178
swarm_52_22.pdb	0	18.197	52.048	-112.652
swarm_43_16.pdb	0	24.523	50.807	-113.689
swarm_77_161.pdb	0	27.577	57.877	-114.787
swarm_77_170.pdb	0	22.697	55.936	-114.815
swarm_28_11.pdb	0	27.187	60.228	-116.733
swarm_49_72.pdb	0.0353982	24.823	42.515	-119.480
swarm_69_92.pdb	0	22.954	58.500	-120.369
swarm_120_171.pdb	0	22.710	45.362	-121.293
swarm_62_16.pdb	0	25.643	49.719	-123.135
swarm_62_38.pdb	0	29.565	58.243	-124.076
swarm_21_85.pdb	0	18.314	47.409	-126.973
swarm_10_169.pdb	0	21.363	39.395	-129.765
swarm_143_104.pdb	0	25.701	55.634	-130.491
swarm_5_152.pdb	0	24.781	53.847	-146.748
swarm_43_23.pdb	0	28.686	55.344	-155.431
swarm_155_29.pdb	0	27.059	47.670	-157.325
swarm_60_155.pdb	0	27.817	51.250	-164.309
swarm_38_61.pdb	0	21.120	33.978	-172.334
swarm_143_53.pdb	0	24.884	51.495	-179.305
swarm_74_93.pdb	0	18.274	40.402	-187.045
swarm_47_76.pdb	0.0353982	16.379	27.740	-187.493
swarm_8_107.pdb	0	18.112	48.966	-215.197
swarm_58_197.pdb	0	19.589	42.833	-241.460
swarm_160_55.pdb	0	24.655	54.112	-249.123
