swarm_39_113.pdb	0.254902	4.342	18.425	31.399
swarm_54_73.pdb	0.352941	3.505	14.527	30.774
swarm_41_4.pdb	0.215686	4.942	20.940	30.684
swarm_49_65.pdb	0.313725	3.747	15.608	30.528
swarm_53_107.pdb	0.137255	5.216	21.667	29.217
swarm_58_188.pdb	0.490196	3.365	13.638	28.956
swarm_52_97.pdb	0.137255	6.122	25.720	28.381
swarm_59_143.pdb	0	7.878	17.893	27.578
swarm_51_147.pdb	0	7.740	16.160	27.037
swarm_26_3.pdb	0.45098	2.501	8.877	26.905
swarm_54_119.pdb	0.411765	1.815	5.293	26.723
swarm_50_116.pdb	0	6.817	13.416	26.647
swarm_60_157.pdb	0	7.722	17.697	26.611
swarm_61_127.pdb	0	8.465	19.762	26.550
swarm_47_138.pdb	0	8.508	28.317	26.123
swarm_62_112.pdb	0.392157	3.457	12.711	26.044
swarm_56_199.pdb	0.54902	2.070	7.281	25.867
swarm_50_164.pdb	0.0588235	5.776	17.799	25.784
swarm_58_16.pdb	0.333333	4.247	19.632	25.612
swarm_60_161.pdb	0	8.848	29.283	25.598
swarm_55_102.pdb	0.0980392	5.263	14.748	25.549
swarm_50_25.pdb	0.215686	3.531	15.436	25.320
swarm_55_154.pdb	0.333333	4.796	22.267	25.299
swarm_12_87.pdb	0.490196	2.603	9.755	25.265
swarm_50_92.pdb	0	7.996	23.035	25.261
swarm_58_83.pdb	0.0392157	5.609	18.214	25.183
swarm_57_97.pdb	0.372549	3.238	14.115	24.913
swarm_30_67.pdb	0	9.222	31.709	24.913
swarm_59_96.pdb	0.0196078	5.839	19.576	24.851
swarm_59_114.pdb	0.27451	5.872	27.612	24.808
swarm_14_180.pdb	0.588235	1.571	4.077	24.800
swarm_48_174.pdb	0.0784314	7.158	29.534	24.709
swarm_24_149.pdb	0.431373	2.467	9.102	24.670
swarm_49_23.pdb	0.27451	4.260	19.483	24.588
swarm_44_49.pdb	0.0196078	6.352	15.584	24.577
swarm_27_72.pdb	0.0980392	5.483	22.290	24.147
swarm_49_159.pdb	0.0588235	5.770	16.790	24.125
swarm_57_30.pdb	0.215686	4.490	17.518	24.051
swarm_50_148.pdb	0.27451	5.890	26.701	23.951
swarm_43_7.pdb	0.137255	5.342	21.343	23.893
swarm_31_196.pdb	0.352941	3.588	13.366	23.732
swarm_61_113.pdb	0	6.862	20.193	23.207
swarm_51_167.pdb	0.196078	5.919	27.140	23.202
swarm_32_152.pdb	0.0784314	5.184	19.075	22.976
swarm_35_35.pdb	0	8.051	29.221	22.975
swarm_9_138.pdb	0	9.586	30.752	22.795
swarm_46_38.pdb	0	8.922	33.980	22.648
swarm_47_170.pdb	0.0980392	8.815	39.394	22.567
swarm_36_52.pdb	0	7.714	24.819	22.523
swarm_42_137.pdb	0.0196078	8.471	34.058	22.448
swarm_33_148.pdb	0	8.945	23.236	22.428
swarm_65_128.pdb	0.313725	3.578	12.608	22.214
swarm_37_82.pdb	0	7.967	26.615	22.056
swarm_51_159.pdb	0.0196078	6.508	22.045	22.014
swarm_43_116.pdb	0.0784314	4.618	19.349	21.932
swarm_32_17.pdb	0	8.622	20.753	21.801
swarm_0_157.pdb	0.392157	2.782	9.052	21.650
swarm_64_109.pdb	0.254902	3.967	14.926	21.249
swarm_32_180.pdb	0.372549	5.719	27.052	21.080
swarm_15_176.pdb	0	9.783	33.289	20.402
swarm_33_68.pdb	0.313725	7.864	36.184	20.348
swarm_40_133.pdb	0.0196078	10.166	40.108	19.623
swarm_39_16.pdb	0	8.277	12.830	19.407
swarm_8_117.pdb	0.294118	4.112	18.393	18.832
swarm_27_197.pdb	0	10.439	18.598	18.749
swarm_61_184.pdb	0	10.268	32.311	18.627
swarm_63_144.pdb	0.0392157	7.959	31.320	18.614
swarm_3_141.pdb	0	9.895	35.815	18.174
swarm_31_17.pdb	0.0196078	6.623	24.230	18.146
swarm_12_125.pdb	0.176471	4.568	8.584	18.120
swarm_35_126.pdb	0	7.755	26.933	18.112
swarm_12_70.pdb	0.0980392	8.716	16.821	18.103
swarm_39_55.pdb	0.0980392	4.835	16.492	17.873
swarm_6_55.pdb	0.156863	5.232	20.599	17.777
swarm_46_88.pdb	0	9.645	41.111	17.764
swarm_53_56.pdb	0	8.639	14.216	17.755
swarm_47_8.pdb	0	10.180	40.405	17.741
swarm_21_7.pdb	0	9.489	32.785	17.644
swarm_4_107.pdb	0.196078	5.121	19.037	17.594
swarm_27_137.pdb	0	10.898	17.083	17.558
swarm_15_91.pdb	0	9.415	26.484	17.497
swarm_44_12.pdb	0.0392157	6.875	27.598	17.459
swarm_18_90.pdb	0	9.691	33.583	17.293
swarm_8_149.pdb	0.0196078	9.698	33.224	17.203
swarm_37_187.pdb	0	10.147	37.750	16.993
swarm_65_107.pdb	0.0980392	6.236	25.399	16.987
swarm_10_20.pdb	0.0588235	10.282	37.250	16.919
swarm_29_63.pdb	0	7.843	28.537	16.805
swarm_26_40.pdb	0.470588	3.779	11.824	16.617
swarm_18_110.pdb	0	10.347	38.027	16.613
swarm_21_36.pdb	0	7.767	30.263	16.535
swarm_13_71.pdb	0.0392157	8.159	30.613	16.524
swarm_25_183.pdb	0	9.827	39.579	16.506
swarm_27_109.pdb	0	7.042	12.419	16.489
swarm_15_115.pdb	0	11.304	37.585	16.479
swarm_17_49.pdb	0	10.102	35.251	16.468
swarm_20_190.pdb	0	10.144	37.839	16.418
swarm_8_20.pdb	0	10.700	21.838	16.297
swarm_63_45.pdb	0	9.620	31.783	16.246
swarm_30_120.pdb	0	9.936	37.158	16.012
swarm_48_17.pdb	0	9.153	17.661	15.901
swarm_19_6.pdb	0.0196078	10.882	40.199	15.787
swarm_27_30.pdb	0.0392157	5.998	21.572	15.586
swarm_38_191.pdb	0	11.014	24.248	15.522
swarm_24_105.pdb	0.0784314	6.381	22.903	15.517
swarm_12_36.pdb	0	8.845	17.165	15.510
swarm_9_177.pdb	0	9.099	34.847	15.476
swarm_46_163.pdb	0	10.201	44.283	15.387
swarm_2_100.pdb	0.0196078	9.761	36.024	15.363
swarm_16_118.pdb	0.0196078	8.478	32.970	15.319
swarm_24_100.pdb	0.176471	6.425	26.291	15.292
swarm_3_68.pdb	0	11.515	30.415	15.132
swarm_28_184.pdb	0	11.689	41.297	15.089
swarm_41_66.pdb	0	9.376	17.467	15.025
swarm_6_105.pdb	0	8.457	15.970	14.893
swarm_65_27.pdb	0	11.724	30.009	14.884
swarm_22_145.pdb	0	8.883	24.080	14.861
swarm_15_45.pdb	0	10.139	36.279	14.838
swarm_29_36.pdb	0.0196078	11.250	41.432	14.644
swarm_10_81.pdb	0	10.563	33.280	14.573
swarm_1_56.pdb	0	10.048	37.755	14.455
swarm_38_110.pdb	0	9.458	26.841	14.301
swarm_6_129.pdb	0	8.866	20.425	14.287
swarm_5_110.pdb	0	10.421	34.010	14.219
swarm_21_51.pdb	0	8.819	22.608	14.136
swarm_25_82.pdb	0	11.831	34.347	14.099
swarm_45_37.pdb	0.0196078	10.666	42.318	14.042
swarm_61_100.pdb	0	8.891	33.537	13.956
swarm_52_40.pdb	0	9.310	19.686	13.826
swarm_29_84.pdb	0	10.912	31.217	13.822
swarm_22_68.pdb	0.0196078	5.580	21.135	13.803
swarm_33_123.pdb	0.0980392	6.037	22.624	13.744
swarm_63_66.pdb	0	8.600	22.179	13.662
swarm_5_132.pdb	0	10.964	30.614	13.661
swarm_51_184.pdb	0	9.382	33.286	13.641
swarm_48_60.pdb	0	12.269	30.612	13.637
swarm_13_67.pdb	0	11.032	18.033	13.621
swarm_0_68.pdb	0.0588235	7.230	20.413	13.489
swarm_15_131.pdb	0.0980392	6.596	26.021	13.447
swarm_8_83.pdb	0.0588235	6.622	24.467	13.412
swarm_34_16.pdb	0	11.430	28.198	13.404
swarm_20_2.pdb	0.0196078	12.587	46.207	13.374
swarm_21_20.pdb	0	10.771	35.937	13.265
swarm_17_159.pdb	0	12.477	37.722	13.196
swarm_43_188.pdb	0	10.023	16.921	13.159
swarm_42_163.pdb	0	11.341	35.490	13.130
swarm_16_55.pdb	0	11.998	33.411	13.101
swarm_44_22.pdb	0	10.580	28.484	12.955
swarm_18_109.pdb	0	10.785	28.658	12.922
swarm_36_179.pdb	0	10.219	32.703	12.781
swarm_16_16.pdb	0	11.813	32.147	12.768
swarm_19_33.pdb	0	14.591	37.936	12.754
swarm_39_6.pdb	0.607843	2.392	4.501	12.671
swarm_37_195.pdb	0	11.119	32.189	12.644
swarm_34_63.pdb	0	13.678	41.106	12.605
swarm_12_33.pdb	0	9.823	23.435	12.516
swarm_33_119.pdb	0.0588235	9.844	41.537	12.497
swarm_34_159.pdb	0	10.249	21.578	12.404
swarm_0_199.pdb	0	8.546	14.198	12.377
swarm_65_194.pdb	0	9.293	26.012	12.368
swarm_4_54.pdb	0.0392157	8.176	13.493	12.353
swarm_12_197.pdb	0.0196078	6.304	19.398	12.349
swarm_28_48.pdb	0	14.125	45.739	12.318
swarm_7_52.pdb	0	9.206	19.724	12.309
swarm_65_180.pdb	0	10.470	30.626	12.254
swarm_4_193.pdb	0	10.795	19.983	12.225
swarm_64_97.pdb	0	9.171	29.673	12.156
swarm_40_159.pdb	0	10.330	32.395	12.141
swarm_18_9.pdb	0	11.890	33.928	12.090
swarm_2_39.pdb	0	10.336	24.640	12.039
swarm_56_22.pdb	0	9.222	19.156	11.988
swarm_35_42.pdb	0	11.044	32.583	11.973
swarm_20_105.pdb	0	14.802	48.100	11.972
swarm_38_108.pdb	0	11.511	35.043	11.965
swarm_29_69.pdb	0	13.727	39.834	11.780
swarm_2_22.pdb	0.117647	6.023	21.707	11.760
swarm_38_105.pdb	0	12.219	31.565	11.695
swarm_7_47.pdb	0	9.084	25.649	11.686
swarm_19_88.pdb	0	14.272	45.851	11.607
swarm_0_192.pdb	0	9.281	17.593	11.554
swarm_5_138.pdb	0	10.402	22.189	11.514
swarm_17_139.pdb	0	10.724	30.113	11.511
swarm_24_35.pdb	0	11.939	33.029	11.493
swarm_28_136.pdb	0	12.496	28.607	11.435
swarm_34_12.pdb	0.0784314	8.316	32.973	11.412
swarm_43_52.pdb	0	10.934	27.899	11.283
swarm_4_198.pdb	0	8.731	21.810	11.256
swarm_11_149.pdb	0	9.097	19.744	11.211
swarm_64_144.pdb	0	9.822	23.279	11.208
swarm_4_119.pdb	0.0196078	8.508	24.933	11.200
swarm_28_111.pdb	0	14.279	35.720	11.192
swarm_2_98.pdb	0	12.954	22.842	11.059
swarm_61_118.pdb	0.196078	7.287	34.381	11.029
swarm_7_58.pdb	0.176471	6.325	25.457	10.999
swarm_5_116.pdb	0	9.448	32.343	10.954
swarm_17_168.pdb	0	12.270	23.770	10.943
swarm_40_68.pdb	0	11.344	37.356	10.888
swarm_13_160.pdb	0	11.248	24.911	10.799
swarm_46_151.pdb	0.117647	10.098	42.077	10.658
swarm_52_180.pdb	0.215686	4.601	18.541	10.608
swarm_11_147.pdb	0.0980392	7.112	30.216	10.566
swarm_20_128.pdb	0	13.908	37.306	10.551
swarm_0_100.pdb	0	10.994	24.553	10.486
swarm_30_71.pdb	0	14.974	45.881	10.458
swarm_19_89.pdb	0	15.309	46.696	10.426
swarm_35_97.pdb	0	10.816	29.259	10.413
swarm_33_188.pdb	0	8.980	38.326	10.386
swarm_65_129.pdb	0	10.004	19.300	10.380
swarm_56_5.pdb	0	8.024	14.200	10.250
swarm_31_187.pdb	0.0980392	7.508	28.946	10.249
swarm_34_5.pdb	0	10.415	33.387	10.243
swarm_1_174.pdb	0	12.985	35.732	10.171
swarm_23_138.pdb	0	9.481	21.788	10.134
swarm_6_76.pdb	0.0392157	8.911	33.153	10.107
swarm_19_27.pdb	0	13.080	28.643	10.095
swarm_6_54.pdb	0.0196078	9.855	34.475	10.090
swarm_10_180.pdb	0	11.633	29.139	10.028
swarm_64_11.pdb	0	10.650	24.061	9.980
swarm_38_114.pdb	0	14.565	36.577	9.913
swarm_46_156.pdb	0	12.507	39.184	9.850
swarm_16_134.pdb	0	14.366	25.841	9.850
swarm_11_119.pdb	0	9.665	36.452	9.647
swarm_13_187.pdb	0.0196078	8.649	29.618	9.493
swarm_23_151.pdb	0.0196078	10.479	38.898	9.480
swarm_3_120.pdb	0	13.332	46.350	9.037
swarm_18_167.pdb	0	12.913	27.186	9.010
swarm_37_146.pdb	0	14.174	42.301	8.999
swarm_42_9.pdb	0	15.182	33.248	8.848
swarm_22_96.pdb	0	11.888	33.884	8.800
swarm_4_142.pdb	0	12.533	19.468	8.788
swarm_10_90.pdb	0	11.442	27.531	8.720
swarm_0_82.pdb	0	7.851	25.145	8.668
swarm_8_188.pdb	0	11.983	26.630	8.551
swarm_23_61.pdb	0	10.367	36.923	8.522
swarm_1_23.pdb	0.0196078	12.426	47.413	8.464
swarm_5_99.pdb	0	13.007	43.026	8.108
swarm_23_52.pdb	0	11.912	40.803	7.861
swarm_45_189.pdb	0.0196078	12.056	49.569	7.773
swarm_45_8.pdb	0	11.910	45.078	7.727
swarm_34_176.pdb	0.0196078	10.654	40.558	7.657
swarm_34_168.pdb	0	9.878	30.380	7.597
swarm_40_168.pdb	0	13.161	22.977	7.490
swarm_42_193.pdb	0	13.868	43.720	7.378
swarm_3_79.pdb	0.0588235	10.474	41.659	7.358
swarm_1_24.pdb	0	12.878	42.920	6.409
swarm_1_22.pdb	0.0392157	10.724	40.205	6.354
swarm_7_112.pdb	0	9.876	32.362	5.339
swarm_11_103.pdb	0.0588235	9.523	37.037	4.808
swarm_46_138.pdb	0	8.281	26.653	2.499
swarm_24_157.pdb	0.0196078	6.636	12.612	2.484
swarm_2_85.pdb	0	9.826	18.709	2.258
swarm_33_93.pdb	0.0196078	8.693	27.985	-0.160
swarm_31_150.pdb	0	7.807	20.650	-9.612
swarm_38_189.pdb	0	13.576	26.644	-12.185
swarm_4_121.pdb	0	9.061	19.954	-41.548
swarm_42_118.pdb	0	12.682	31.179	-53.345
