3p0g_92w.pdb	0.294118	3.592	11.372	-155.4894
3p0g_98w.pdb	0.509804	3.263	13.199	-140.5385
3p0g_95w.pdb	0.254902	3.611	13.062	-139.648
3p0g_88w.pdb	0.254902	4.422	18.583	-130.3312
3p0g_80w.pdb	0	6.738	13.169	-128.9342
3p0g_37w.pdb	0.0588235	6.863	20.635	-123.5184
3p0g_70w.pdb	0.372549	3.291	14.542	-121.55726
3p0g_12w.pdb	0.0784314	5.839	18.415	-112.2603
3p0g_53w.pdb	0.313725	3.631	14.810	-110.7748
3p0g_52w.pdb	0.27451	4.763	19.762	-108.2669
3p0g_33w.pdb	0.313725	3.560	14.639	-108.2407
3p0g_100w.pdb	0.352941	3.910	17.879	-107.1106
3p0g_65w.pdb	0.294118	3.091	12.075	-104.9783
3p0g_21w.pdb	0.254902	4.450	20.101	-104.8019
3p0g_77w.pdb	0.156863	4.450	18.951	-98.7881
3p0g_97w.pdb	0.215686	6.157	29.254	-98.37658
3p0g_86w.pdb	0.0196078	6.296	17.311	-97.79669
3p0g_62w.pdb	0.176471	5.564	23.267	-97.5083
3p0g_44w.pdb	0.254902	4.039	16.444	-97.1184
3p0g_48w.pdb	0.490196	2.102	7.200	-96.3215
3p0g_54w.pdb	0.0392157	5.450	17.020	-95.9608
3p0g_1w.pdb	0.333333	2.930	9.675	-95.7731
3p0g_94w.pdb	0	8.321	18.261	-95.4768
3p0g_26w.pdb	0.352941	3.226	12.693	-94.7778
3p0g_32w.pdb	0.45098	2.517	9.059	-94.6683
3p0g_87w.pdb	0.568627	2.235	7.944	-94.41716
3p0g_34w.pdb	0.254902	4.105	17.854	-93.3231
3p0g_63w.pdb	0.215686	5.090	22.715	-93.147
3p0g_78w.pdb	0.176471	4.670	17.950	-92.48118
3p0g_56w.pdb	0.27451	4.370	19.861	-91.32892
3p0g_51w.pdb	0.470588	1.602	3.851	-90.56126
3p0g_60w.pdb	0.254902	4.915	20.792	-86.9076
3p0g_99w.pdb	0.215686	3.810	14.242	-86.7183
3p0g_69w.pdb	0.117647	4.595	16.607	-86.70222
3p0g_50w.pdb	0	8.675	14.360	-86.61965
3p0g_61w.pdb	0	6.344	21.025	-86.51578
3p0g_84w.pdb	0	8.525	30.671	-85.58677
3p0g_66w.pdb	0.490196	2.698	10.260	-84.61786
3p0g_76w.pdb	0	8.199	12.820	-84.10603
3p0g_13w.pdb	0.215686	4.449	17.538	-82.78374
3p0g_81w.pdb	0.509804	1.635	4.056	-82.12562
3p0g_41w.pdb	0	7.523	17.997	-81.43163
3p0g_3w.pdb	0.254902	4.415	20.022	-80.97074
3p0g_71w.pdb	0.196078	4.482	20.103	-80.61269
3p0g_47w.pdb	0.392157	1.890	5.492	-77.2786
3p0g_85w.pdb	0	6.313	19.189	-77.04872
3p0g_82w.pdb	0	6.949	21.845	-76.65635
3p0g_38w.pdb	0.294118	3.620	14.991	-76.3116
3p0g_4w.pdb	0.27451	3.572	13.505	-75.72886
3p0g_91w.pdb	0.137255	5.539	23.054	-74.8457
3p0g_59w.pdb	0	12.029	24.601	-74.19751
3p0g_42w.pdb	0	6.371	20.391	-73.27718
3p0g_5w.pdb	0	11.353	24.921	-68.99537
3p0g_57w.pdb	0.0784314	6.974	27.895	-68.4316
3p0g_75w.pdb	0.156863	4.862	17.152	-65.9633
3p0g_64w.pdb	0	7.749	25.183	-64.15042
3p0g_28w.pdb	0.0196078	7.993	11.635	-64.04664
3p0g_30w.pdb	0	8.045	13.919	-61.78409
3p0g_96w.pdb	0.0588235	6.362	22.189	-59.76808
3p0g_58w.pdb	0	9.161	32.028	-59.44514
3p0g_39w.pdb	0	6.334	13.701	-59.25155
3p0g_55w.pdb	0.0588235	6.094	22.916	-55.515702
3p0g_16w.pdb	0.117647	6.552	28.282	-55.24036
3p0g_14w.pdb	0	8.295	31.644	-54.93662
3p0g_31w.pdb	0	9.013	22.666	-54.21988
3p0g_67w.pdb	0	9.103	18.918	-53.2664
3p0g_19w.pdb	0	8.697	17.918	-53.02562
3p0g_22w.pdb	0.0980392	7.096	28.389	-51.86309
3p0g_27w.pdb	0	8.452	27.663	-51.50888
3p0g_83w.pdb	0	8.426	13.411	-51.17426
3p0g_25w.pdb	0.156863	4.398	16.129	-51.16366
3p0g_6w.pdb	0.0196078	6.053	21.572	-49.4554
3p0g_35w.pdb	0	8.971	15.387	-46.895847
3p0g_73w.pdb	0.117647	7.964	32.086	-46.50658
3p0g_49w.pdb	0	11.317	22.385	-44.5259
3p0g_7w.pdb	0	9.204	27.443	-43.66425
3p0g_40w.pdb	0	9.917	23.286	-43.649
3p0g_15w.pdb	0	9.812	29.677	-43.10397
3p0g_17w.pdb	0	9.314	29.466	-42.35069
3p0g_8w.pdb	0	8.863	29.768	-42.06983
3p0g_79w.pdb	0.0196078	7.908	28.814	-41.84974
3p0g_18w.pdb	0	9.865	22.109	-41.58102
3p0g_36w.pdb	0.0196078	7.883	29.536	-41.0985
3p0g_45w.pdb	0.0196078	8.723	31.093	-38.7013
3p0g_43w.pdb	0.0588235	6.801	27.927	-37.901985
3p0g_9w.pdb	0	9.193	31.603	-37.32949
3p0g_89w.pdb	0.0196078	7.723	25.621	-36.53052
3p0g_90w.pdb	0	9.910	16.446	-36.353802
3p0g_10w.pdb	0	10.103	27.261	-35.97918
3p0g_46w.pdb	0	10.431	26.529	-34.2516988
3p0g_74w.pdb	0	11.672	32.351	-33.62458
3p0g_11w.pdb	0	8.510	18.640	-28.7624
3p0g_2w.pdb	0	9.327	17.621	-28.23503
3p0g_23w.pdb	0	148.823	138.766	41.85598
3p0g_20w.pdb	0	114.838	117.622	78.1940858
3p0g_72w.pdb	0	139.410	161.505	313.06697
3p0g_93w.pdb	0.0196078	6.995	18.112	1418.5664
3p0g_29w.pdb	0	7.660	28.912	1448.61899
3p0g_68w.pdb	0	135.620	133.483	1931114.50621
3p0g_24w.pdb	0.176471	6.943	26.214	16126047.1311
				
				
