swarm_91_188.pdb	0.137615	4.462	14.845	27.860
swarm_93_84.pdb	0.110092	5.126	17.220	27.752
swarm_42_72.pdb	0.137615	4.261	15.619	27.403
swarm_107_87.pdb	0.174312	3.591	11.289	27.332
swarm_39_173.pdb	0.0825688	5.584	17.527	25.590
swarm_76_15.pdb	0.00917431	10.189	23.007	25.526
swarm_105_21.pdb	0.0458716	6.431	23.356	24.690
swarm_9_188.pdb	0.137615	4.819	11.761	24.237
swarm_67_134.pdb	0.0366972	6.440	21.093	23.942
swarm_88_141.pdb	0.00917431	8.671	29.102	23.888
swarm_102_188.pdb	0.0183486	8.466	28.600	23.829
swarm_7_140.pdb	0.0183486	7.342	27.141	23.674
swarm_8_165.pdb	0.0275229	6.822	25.271	23.455
swarm_17_32.pdb	0.0183486	6.847	25.194	23.446
swarm_116_151.pdb	0.0275229	7.807	28.113	23.396
swarm_107_50.pdb	0	8.655	22.841	23.178
swarm_9_81.pdb	0.0642202	5.897	19.712	23.109
swarm_94_72.pdb	0.146789	3.480	9.901	23.052
swarm_107_147.pdb	0.0550459	6.458	19.717	23.046
swarm_68_167.pdb	0	11.336	22.879	22.939
swarm_42_25.pdb	0	8.072	17.670	22.810
swarm_92_162.pdb	0.0733945	5.745	16.346	22.471
swarm_91_161.pdb	0.0458716	5.546	15.204	22.310
swarm_96_99.pdb	0	14.609	41.217	22.147
swarm_86_176.pdb	0	13.421	41.875	22.061
swarm_81_22.pdb	0.0275229	6.506	20.484	22.034
swarm_103_89.pdb	0.0183486	8.052	29.909	21.846
swarm_66_103.pdb	0.0733945	7.465	26.008	21.749
swarm_106_63.pdb	0.0733945	4.557	17.908	21.480
swarm_7_190.pdb	0.0642202	5.392	18.131	21.416
swarm_91_102.pdb	0.12844	6.239	19.388	21.079
swarm_78_98.pdb	0.0550459	5.631	17.241	21.067
swarm_101_197.pdb	0.00917431	8.600	29.467	20.837
swarm_36_10.pdb	0.0275229	7.740	20.986	20.684
swarm_92_18.pdb	0.201835	2.748	5.109	20.352
swarm_64_48.pdb	0.0458716	9.152	33.605	20.307
swarm_81_148.pdb	0	11.970	26.607	20.302
swarm_7_135.pdb	0.100917	7.816	27.265	20.168
swarm_88_79.pdb	0.0366972	8.333	30.231	19.759
swarm_96_181.pdb	0	14.381	31.392	19.694
swarm_17_153.pdb	0.0458716	8.301	30.011	19.615
swarm_54_93.pdb	0	8.125	25.532	19.539
swarm_102_191.pdb	0	9.612	26.814	19.353
swarm_101_54.pdb	0.0825688	7.582	27.542	19.223
swarm_105_161.pdb	0.137615	4.434	13.138	19.222
swarm_8_99.pdb	0.110092	7.003	24.410	19.102
swarm_102_168.pdb	0.0550459	7.963	28.042	19.100
swarm_112_3.pdb	0	10.929	22.714	18.928
swarm_90_13.pdb	0.0183486	7.036	23.695	18.919
swarm_97_116.pdb	0	12.786	38.358	18.913
swarm_36_172.pdb	0.00917431	8.033	19.840	18.857
swarm_38_185.pdb	0.00917431	8.272	23.119	18.816
swarm_111_197.pdb	0	12.205	25.359	18.707
swarm_63_122.pdb	0.00917431	9.564	35.138	18.582
swarm_69_110.pdb	0	12.552	23.282	18.534
swarm_11_41.pdb	0.00917431	7.727	27.155	18.484
swarm_33_115.pdb	0	12.726	24.097	18.435
swarm_77_154.pdb	0	10.372	29.092	18.361
swarm_108_133.pdb	0.0642202	4.452	16.232	18.300
swarm_108_153.pdb	0.00917431	7.582	28.061	18.263
swarm_110_178.pdb	0	12.969	27.007	18.245
swarm_94_66.pdb	0.0366972	6.059	12.444	18.173
swarm_25_69.pdb	0.00917431	8.815	27.810	18.075
swarm_63_124.pdb	0	10.639	32.335	17.925
swarm_17_5.pdb	0	11.297	32.875	17.869
swarm_119_174.pdb	0.00917431	7.503	27.961	17.823
swarm_88_89.pdb	0.0183486	9.516	30.148	17.752
swarm_66_75.pdb	0.0825688	5.531	17.307	17.625
swarm_93_176.pdb	0.0642202	5.735	13.648	17.618
swarm_11_82.pdb	0	12.564	30.911	17.583
swarm_116_40.pdb	0.0366972	8.759	31.984	17.489
swarm_80_65.pdb	0.00917431	8.304	21.235	17.444
swarm_34_38.pdb	0.0183486	10.067	29.519	17.407
swarm_55_24.pdb	0	11.264	20.899	17.366
swarm_79_46.pdb	0.0550459	4.049	13.760	17.352
swarm_88_11.pdb	0.0550459	7.577	28.941	17.336
swarm_56_141.pdb	0	13.342	24.919	17.314
swarm_101_166.pdb	0	11.485	33.993	17.314
swarm_118_13.pdb	0.00917431	8.281	28.051	17.303
swarm_110_186.pdb	0	7.570	25.407	17.257
swarm_82_122.pdb	0	13.031	28.147	17.244
swarm_15_83.pdb	0	13.353	39.168	17.164
swarm_42_141.pdb	0.00917431	7.623	17.203	17.068
swarm_68_63.pdb	0	10.722	19.410	17.023
swarm_112_169.pdb	0	13.579	26.618	16.886
swarm_84_157.pdb	0	13.852	41.118	16.841
swarm_8_86.pdb	0.0183486	7.621	24.621	16.821
swarm_19_183.pdb	0	12.214	24.737	16.772
swarm_71_171.pdb	0	13.962	31.158	16.743
swarm_79_70.pdb	0	12.442	25.895	16.632
swarm_36_137.pdb	0.0550459	8.390	24.310	16.610
swarm_65_45.pdb	0	9.057	29.711	16.537
swarm_99_79.pdb	0	12.087	38.590	16.346
swarm_74_135.pdb	0	13.282	42.244	16.342
swarm_3_140.pdb	0	8.074	27.970	16.335
swarm_21_17.pdb	0	13.767	42.802	16.326
swarm_45_62.pdb	0	9.703	16.905	16.292
swarm_106_175.pdb	0	8.277	28.691	16.263
swarm_52_163.pdb	0	9.620	18.286	16.237
swarm_95_107.pdb	0	10.581	28.674	16.211
swarm_119_107.pdb	0	12.440	32.746	16.070
swarm_102_121.pdb	0.0275229	8.723	31.321	16.021
swarm_68_50.pdb	0	9.422	17.029	15.951
swarm_67_186.pdb	0	11.999	21.779	15.943
swarm_66_67.pdb	0	8.120	24.524	15.914
swarm_22_51.pdb	0	13.569	43.267	15.902
swarm_16_47.pdb	0	13.590	40.919	15.898
swarm_22_36.pdb	0	15.100	35.076	15.891
swarm_45_138.pdb	0	13.722	25.439	15.877
swarm_38_172.pdb	0.110092	5.749	19.574	15.862
swarm_6_99.pdb	0	14.272	32.185	15.792
swarm_69_65.pdb	0	11.603	24.773	15.783
swarm_39_108.pdb	0.0642202	8.218	28.746	15.775
swarm_4_136.pdb	0	15.037	30.191	15.722
swarm_44_82.pdb	0	11.342	19.625	15.710
swarm_34_78.pdb	0	9.763	33.826	15.687
swarm_57_131.pdb	0	9.419	24.227	15.686
swarm_82_44.pdb	0	14.695	29.250	15.665
swarm_25_10.pdb	0	8.812	27.583	15.638
swarm_25_139.pdb	0	9.522	16.726	15.610
swarm_83_112.pdb	0	13.749	28.527	15.588
swarm_4_141.pdb	0	8.058	27.933	15.575
swarm_52_86.pdb	0.0275229	6.558	16.278	15.552
swarm_79_164.pdb	0	8.588	28.037	15.545
swarm_44_13.pdb	0	9.817	17.619	15.480
swarm_58_198.pdb	0	13.243	27.071	15.399
swarm_64_192.pdb	0	10.031	36.746	15.379
swarm_77_166.pdb	0	7.803	30.863	15.306
swarm_55_143.pdb	0	8.834	25.459	15.301
swarm_4_159.pdb	0	13.617	31.210	15.281
swarm_77_104.pdb	0.0458716	7.763	27.049	15.277
swarm_22_147.pdb	0	14.790	34.979	15.201
swarm_110_4.pdb	0	13.038	30.035	15.181
swarm_25_175.pdb	0.0366972	6.742	25.001	15.153
swarm_113_169.pdb	0	13.975	38.538	15.063
swarm_80_124.pdb	0	7.112	21.490	15.025
swarm_57_51.pdb	0	10.604	18.696	14.964
swarm_33_126.pdb	0	9.265	28.743	14.947
swarm_52_30.pdb	0.0366972	6.454	20.752	14.939
swarm_21_105.pdb	0	14.501	32.349	14.916
swarm_5_0.pdb	0	14.055	30.474	14.894
swarm_68_183.pdb	0.00917431	7.903	15.513	14.854
swarm_14_47.pdb	0	13.193	45.640	14.853
swarm_41_95.pdb	0	13.234	35.168	14.842
swarm_118_70.pdb	0.0642202	5.679	24.150	14.812
swarm_15_135.pdb	0	13.658	35.971	14.765
swarm_116_77.pdb	0	9.457	25.804	14.754
swarm_77_152.pdb	0.00917431	11.565	42.468	14.749
swarm_81_26.pdb	0	12.776	22.760	14.687
swarm_115_10.pdb	0	15.769	41.841	14.678
swarm_64_14.pdb	0	11.230	31.471	14.651
swarm_64_151.pdb	0	9.464	23.624	14.625
swarm_42_84.pdb	0	7.541	13.098	14.565
swarm_112_114.pdb	0	8.734	22.923	14.565
swarm_54_149.pdb	0	9.597	25.398	14.523
swarm_66_186.pdb	0.00917431	10.712	29.474	14.483
swarm_55_37.pdb	0	8.999	16.010	14.463
swarm_10_89.pdb	0.0183486	7.618	29.656	14.337
swarm_80_43.pdb	0.0917431	5.534	12.690	14.283
swarm_81_64.pdb	0.0183486	6.238	18.229	14.256
swarm_52_176.pdb	0	13.173	22.824	14.211
swarm_12_113.pdb	0	13.986	31.281	14.145
swarm_13_176.pdb	0.0733945	9.253	33.946	14.143
swarm_15_91.pdb	0	12.289	38.445	14.037
swarm_13_146.pdb	0	10.303	26.800	14.036
swarm_14_162.pdb	0	12.452	31.519	14.017
swarm_20_172.pdb	0	13.555	42.570	13.996
swarm_65_185.pdb	0	13.302	26.265	13.991
swarm_33_44.pdb	0	9.068	23.052	13.976
swarm_112_183.pdb	0	13.475	24.605	13.957
swarm_67_101.pdb	0.00917431	4.601	10.050	13.940
swarm_108_104.pdb	0	10.900	32.390	13.933
swarm_56_83.pdb	0	9.861	30.413	13.926
swarm_114_33.pdb	0	11.369	43.696	13.918
swarm_100_159.pdb	0.00917431	10.853	40.819	13.896
swarm_51_9.pdb	0.0183486	10.884	33.928	13.864
swarm_79_190.pdb	0	9.296	24.052	13.711
swarm_71_10.pdb	0	12.168	31.532	13.618
swarm_27_58.pdb	0	12.138	32.915	13.570
swarm_34_117.pdb	0.0183486	9.660	36.340	13.543
swarm_103_121.pdb	0	9.684	24.573	13.533
swarm_103_99.pdb	0.0183486	8.662	30.700	13.475
swarm_78_185.pdb	0	13.102	27.263	13.367
swarm_104_107.pdb	0	9.003	34.991	13.332
swarm_54_132.pdb	0.00917431	11.138	20.611	13.313
swarm_3_115.pdb	0	13.489	27.213	13.237
swarm_14_153.pdb	0	16.207	34.476	13.234
swarm_46_39.pdb	0	11.478	19.860	13.135
swarm_116_24.pdb	0	10.295	31.531	13.131
swarm_109_17.pdb	0	13.267	34.150	13.108
swarm_84_141.pdb	0	13.931	30.332	13.098
swarm_46_91.pdb	0	11.077	28.475	13.095
swarm_34_87.pdb	0	7.459	16.636	13.092
swarm_25_158.pdb	0	12.344	24.113	13.070
swarm_0_130.pdb	0	14.798	29.137	13.002
swarm_75_185.pdb	0	10.112	30.969	12.987
swarm_113_32.pdb	0	15.156	37.709	12.976
swarm_87_181.pdb	0.00917431	10.798	28.274	12.973
swarm_89_34.pdb	0.00917431	9.207	33.836	12.972
swarm_90_77.pdb	0	9.365	34.452	12.967
swarm_55_40.pdb	0	13.362	24.155	12.916
swarm_14_140.pdb	0	13.047	37.277	12.915
swarm_17_145.pdb	0	12.163	33.755	12.893
swarm_65_82.pdb	0.0733945	7.164	26.915	12.844
swarm_13_167.pdb	0	11.705	23.139	12.803
swarm_57_171.pdb	0	9.814	21.007	12.789
swarm_80_68.pdb	0	13.276	22.796	12.765
swarm_57_130.pdb	0	13.308	27.286	12.744
swarm_119_30.pdb	0.00917431	8.571	30.847	12.727
swarm_38_123.pdb	0	8.376	19.483	12.726
swarm_96_15.pdb	0	13.019	26.977	12.711
swarm_15_184.pdb	0	15.826	33.263	12.680
swarm_55_129.pdb	0	13.082	27.729	12.621
swarm_21_43.pdb	0	13.066	38.805	12.616
swarm_78_32.pdb	0.0183486	8.399	26.716	12.551
swarm_29_113.pdb	0	11.497	22.140	12.508
swarm_15_84.pdb	0.00917431	10.354	33.540	12.462
swarm_87_69.pdb	0	10.158	26.938	12.414
swarm_38_100.pdb	0.0366972	7.538	23.074	12.381
swarm_76_8.pdb	0	7.718	17.860	12.379
swarm_23_39.pdb	0	15.094	40.740	12.369
swarm_10_135.pdb	0	11.545	40.791	12.362
swarm_53_44.pdb	0	12.497	27.902	12.350
swarm_34_30.pdb	0	9.500	25.861	12.302
swarm_118_67.pdb	0	13.461	30.502	12.270
swarm_54_71.pdb	0.00917431	10.006	25.322	12.249
swarm_95_16.pdb	0	13.644	25.536	12.226
swarm_45_32.pdb	0	13.700	24.356	12.225
swarm_76_85.pdb	0.0183486	7.584	26.252	12.222
swarm_69_72.pdb	0	13.943	24.756	12.162
swarm_40_164.pdb	0	10.038	39.814	12.149
swarm_108_192.pdb	0	13.925	26.750	12.147
swarm_90_22.pdb	0	12.574	36.360	12.127
swarm_116_146.pdb	0	8.837	29.968	12.096
swarm_2_3.pdb	0	11.695	25.350	12.087
swarm_6_8.pdb	0	15.530	30.470	12.076
swarm_95_39.pdb	0	14.189	29.984	12.041
swarm_62_141.pdb	0.0183486	9.147	37.377	12.036
swarm_57_107.pdb	0	10.908	23.559	12.012
swarm_112_181.pdb	0	14.203	28.687	12.010
swarm_118_162.pdb	0	11.346	31.896	11.984
swarm_111_177.pdb	0	11.131	27.844	11.981
swarm_47_190.pdb	0	10.462	24.278	11.949
swarm_26_52.pdb	0	10.662	30.806	11.948
swarm_54_186.pdb	0	13.465	24.518	11.936
swarm_32_181.pdb	0	15.512	36.376	11.928
swarm_1_174.pdb	0.0458716	10.766	39.537	11.911
swarm_3_142.pdb	0.00917431	10.523	30.271	11.907
swarm_3_131.pdb	0	10.989	38.623	11.887
swarm_39_2.pdb	0.00917431	9.729	23.328	11.847
swarm_0_66.pdb	0	13.627	25.359	11.832
swarm_4_77.pdb	0.00917431	9.041	26.989	11.801
swarm_48_32.pdb	0	12.770	27.480	11.779
swarm_70_154.pdb	0	15.597	30.578	11.763
swarm_82_162.pdb	0	11.396	30.292	11.753
swarm_72_1.pdb	0	11.653	32.044	11.749
swarm_18_102.pdb	0	13.720	40.417	11.655
swarm_20_128.pdb	0.00917431	16.313	41.069	11.627
swarm_6_198.pdb	0	15.859	33.310	11.574
swarm_109_72.pdb	0	10.666	38.793	11.568
swarm_44_111.pdb	0	9.954	26.990	11.560
swarm_24_166.pdb	0	11.967	29.042	11.551
swarm_60_15.pdb	0	11.693	35.385	11.524
swarm_109_59.pdb	0	8.864	27.501	11.500
swarm_64_128.pdb	0.0183486	11.391	34.216	11.495
swarm_58_7.pdb	0	13.759	28.600	11.458
swarm_83_186.pdb	0	12.193	34.453	11.444
swarm_0_32.pdb	0	16.158	33.989	11.413
swarm_63_26.pdb	0	10.507	37.375	11.347
swarm_115_149.pdb	0	9.835	38.608	11.337
swarm_1_62.pdb	0	9.769	28.869	11.328
swarm_98_99.pdb	0	16.280	35.244	11.313
swarm_53_150.pdb	0	10.070	31.380	11.308
swarm_63_102.pdb	0.0642202	6.588	29.207	11.305
swarm_11_17.pdb	0	9.725	32.858	11.259
swarm_24_42.pdb	0	10.793	35.332	11.235
swarm_47_35.pdb	0	16.322	31.364	11.227
swarm_61_89.pdb	0	11.044	38.504	11.180
swarm_18_117.pdb	0.0183486	10.314	35.290	11.160
swarm_1_75.pdb	0.0183486	11.531	30.510	11.141
swarm_109_1.pdb	0.0733945	11.294	35.258	11.138
swarm_98_154.pdb	0	12.307	40.761	11.127
swarm_47_106.pdb	0	12.119	32.343	11.085
swarm_16_42.pdb	0.0275229	10.411	30.195	11.045
swarm_36_191.pdb	0	10.784	26.272	11.043
swarm_103_41.pdb	0	11.835	42.985	11.007
swarm_65_198.pdb	0	11.080	24.424	10.994
swarm_71_197.pdb	0	11.982	30.256	10.988
swarm_25_174.pdb	0	9.291	24.262	10.980
swarm_95_151.pdb	0	12.275	34.097	10.973
swarm_33_166.pdb	0	9.233	19.328	10.916
swarm_72_186.pdb	0	14.843	31.747	10.881
swarm_5_156.pdb	0.00917431	10.971	35.792	10.875
swarm_58_165.pdb	0	13.992	30.958	10.814
swarm_23_16.pdb	0	12.523	37.316	10.792
swarm_72_75.pdb	0	13.069	28.737	10.758
swarm_0_85.pdb	0	12.492	39.296	10.703
swarm_87_102.pdb	0.00917431	9.620	31.318	10.700
swarm_72_17.pdb	0	14.006	40.847	10.666
swarm_48_172.pdb	0	16.737	29.733	10.644
swarm_69_137.pdb	0	14.957	27.592	10.544
swarm_10_61.pdb	0.0183486	9.966	29.504	10.519
swarm_6_131.pdb	0.0183486	9.800	29.453	10.506
swarm_29_199.pdb	0	10.758	25.847	10.500
swarm_12_33.pdb	0.0183486	10.104	34.840	10.489
swarm_108_135.pdb	0.0183486	9.254	26.802	10.482
swarm_29_153.pdb	0	14.011	32.863	10.443
swarm_44_76.pdb	0	13.498	25.145	10.431
swarm_2_164.pdb	0.00917431	12.676	33.523	10.431
swarm_24_120.pdb	0.00917431	11.661	29.672	10.384
swarm_34_50.pdb	0.0183486	12.219	35.303	10.342
swarm_5_11.pdb	0	15.793	34.790	10.318
swarm_62_38.pdb	0	16.502	44.494	10.313
swarm_28_16.pdb	0	10.580	32.973	10.305
swarm_2_65.pdb	0.0366972	11.096	41.750	10.284
swarm_106_94.pdb	0	10.131	25.593	10.279
swarm_13_7.pdb	0	9.783	27.420	10.255
swarm_50_83.pdb	0	11.117	36.843	10.146
swarm_10_57.pdb	0	16.316	33.826	10.112
swarm_65_197.pdb	0	10.140	29.980	10.110
swarm_93_53.pdb	0	11.282	20.361	10.105
swarm_100_0.pdb	0	12.341	33.871	10.090
swarm_70_130.pdb	0	12.844	28.502	10.076
swarm_90_67.pdb	0	11.271	38.446	10.039
swarm_14_86.pdb	0	10.985	35.494	9.969
swarm_44_193.pdb	0	8.614	20.073	9.960
swarm_118_128.pdb	0	9.458	33.771	9.937
swarm_117_90.pdb	0	13.383	39.161	9.902
swarm_104_133.pdb	0	14.108	33.225	9.886
swarm_32_163.pdb	0	12.195	41.430	9.871
swarm_11_15.pdb	0.0183486	9.077	29.905	9.867
swarm_85_175.pdb	0	15.634	35.365	9.863
swarm_60_55.pdb	0.0183486	12.741	44.764	9.841
swarm_41_30.pdb	0	11.782	30.802	9.770
swarm_71_160.pdb	0	15.034	31.909	9.708
swarm_51_65.pdb	0.0458716	12.832	44.497	9.660
swarm_19_72.pdb	0	13.951	33.159	9.639
swarm_109_156.pdb	0	11.100	39.349	9.631
swarm_40_38.pdb	0	13.007	47.167	9.622
swarm_2_106.pdb	0.00917431	11.949	32.956	9.503
swarm_54_70.pdb	0	11.897	29.708	9.464
swarm_76_177.pdb	0.0825688	10.259	33.843	9.450
swarm_48_118.pdb	0	12.637	25.444	9.417
swarm_28_5.pdb	0	11.817	43.240	9.392
swarm_87_129.pdb	0.0275229	10.812	22.694	9.390
swarm_113_85.pdb	0	11.283	35.559	9.363
swarm_77_92.pdb	0	12.517	38.683	9.300
swarm_46_180.pdb	0	13.788	27.549	9.288
swarm_82_75.pdb	0	13.216	25.809	9.241
swarm_87_88.pdb	0.0183486	9.914	34.495	9.219
swarm_33_146.pdb	0	12.458	24.689	9.202
swarm_43_53.pdb	0	15.833	37.785	9.104
swarm_13_15.pdb	0	14.085	29.603	9.046
swarm_84_125.pdb	0	12.803	27.843	9.032
swarm_52_193.pdb	0	7.591	15.252	9.009
swarm_83_175.pdb	0	15.094	36.524	8.994
swarm_21_122.pdb	0	10.787	36.304	8.988
swarm_10_95.pdb	0	13.415	36.115	8.965
swarm_37_5.pdb	0	16.093	42.213	8.909
swarm_103_107.pdb	0	12.592	35.228	8.832
swarm_51_11.pdb	0	13.274	39.273	8.749
swarm_43_179.pdb	0	14.782	35.586	8.723
swarm_11_75.pdb	0	14.184	35.290	8.723
swarm_18_176.pdb	0.00917431	8.527	32.672	8.706
swarm_39_46.pdb	0	13.849	30.301	8.705
swarm_27_32.pdb	0.0275229	12.371	39.454	8.703
swarm_58_131.pdb	0	10.314	27.867	8.695
swarm_69_11.pdb	0	9.339	21.800	8.660
swarm_76_86.pdb	0.0275229	10.750	31.342	8.608
swarm_28_155.pdb	0	13.151	33.193	8.604
swarm_80_96.pdb	0	13.258	22.128	8.597
swarm_70_119.pdb	0	13.797	27.480	8.585
swarm_59_43.pdb	0	13.446	42.740	8.582
swarm_56_52.pdb	0	10.239	22.333	8.577
swarm_18_16.pdb	0	14.521	42.901	8.547
swarm_1_113.pdb	0	10.719	34.491	8.542
swarm_45_21.pdb	0	10.098	24.371	8.461
swarm_0_186.pdb	0	11.834	31.400	8.443
swarm_62_125.pdb	0	13.232	36.978	8.320
swarm_45_168.pdb	0	11.516	24.954	8.286
swarm_113_199.pdb	0	13.445	31.948	8.245
swarm_103_182.pdb	0	15.070	39.702	8.223
swarm_0_84.pdb	0	13.423	27.695	8.220
swarm_59_23.pdb	0	17.071	45.247	8.139
swarm_42_198.pdb	0	11.465	20.222	8.092
swarm_87_26.pdb	0.0275229	13.118	35.847	8.076
swarm_61_185.pdb	0	11.115	34.144	8.045
swarm_4_50.pdb	0	12.080	35.048	8.032
swarm_12_30.pdb	0	15.133	39.754	7.932
swarm_76_146.pdb	0.00917431	13.551	35.544	7.850
swarm_38_115.pdb	0	13.129	28.607	7.848
swarm_62_87.pdb	0	12.984	47.615	7.824
swarm_20_5.pdb	0	12.762	38.030	7.766
swarm_100_53.pdb	0	15.614	38.115	7.747
swarm_89_166.pdb	0	15.136	37.437	7.596
swarm_65_86.pdb	0	12.375	32.580	7.580
swarm_98_35.pdb	0	16.385	32.791	7.574
swarm_67_67.pdb	0	12.528	20.531	7.564
swarm_84_113.pdb	0	14.511	35.642	7.561
swarm_32_37.pdb	0	14.344	41.548	7.548
swarm_51_171.pdb	0	11.191	33.449	7.526
swarm_0_73.pdb	0	14.838	38.074	7.461
swarm_45_106.pdb	0	15.997	31.487	7.430
swarm_110_139.pdb	0	14.672	31.461	7.284
swarm_27_14.pdb	0	11.787	44.082	7.234
swarm_114_91.pdb	0	14.790	44.465	7.179
swarm_49_161.pdb	0	12.798	47.648	7.164
swarm_57_187.pdb	0	14.051	28.442	7.148
swarm_72_118.pdb	0	14.204	34.182	7.057
swarm_85_28.pdb	0	13.169	31.652	7.040
swarm_16_5.pdb	0	13.747	35.877	6.993
swarm_109_91.pdb	0.00917431	10.555	28.583	6.962
swarm_96_125.pdb	0	16.400	33.294	6.941
swarm_16_110.pdb	0	15.381	37.784	6.891
swarm_71_185.pdb	0	14.150	35.273	6.824
swarm_117_174.pdb	0.00917431	12.176	37.598	6.701
swarm_83_127.pdb	0	13.994	30.632	6.588
swarm_56_170.pdb	0	11.697	27.204	6.579
swarm_32_98.pdb	0	14.073	30.922	6.557
swarm_116_54.pdb	0	13.179	30.377	6.499
swarm_105_166.pdb	0	9.998	22.008	6.492
swarm_11_55.pdb	0	16.411	34.262	6.484
swarm_61_62.pdb	0	14.239	38.854	6.418
swarm_104_64.pdb	0	12.872	39.528	6.404
swarm_47_52.pdb	0	14.892	30.804	6.270
swarm_30_184.pdb	0	14.989	40.246	6.267
swarm_113_142.pdb	0	11.691	29.984	6.070
swarm_104_136.pdb	0	15.461	42.019	5.989
swarm_69_189.pdb	0.00917431	8.134	22.339	5.953
swarm_27_158.pdb	0	13.256	40.463	5.953
swarm_48_142.pdb	0	14.618	32.688	5.923
swarm_73_57.pdb	0	11.909	39.115	5.910
swarm_10_76.pdb	0	14.561	41.047	5.871
swarm_28_45.pdb	0.00917431	11.874	42.623	5.865
swarm_43_188.pdb	0	16.192	43.318	5.848
swarm_14_13.pdb	0	12.962	36.701	5.841
swarm_21_73.pdb	0	10.922	36.371	5.819
swarm_12_126.pdb	0	11.146	36.692	5.792
swarm_31_115.pdb	0	15.256	35.681	5.775
swarm_99_132.pdb	0.00917431	11.991	41.649	5.761
swarm_30_182.pdb	0	14.740	48.240	5.752
swarm_0_67.pdb	0.00917431	8.849	33.215	5.709
swarm_73_119.pdb	0	15.195	46.224	5.675
swarm_74_22.pdb	0	11.444	38.664	5.590
swarm_23_179.pdb	0	14.776	36.009	5.503
swarm_74_25.pdb	0	16.943	47.274	5.443
swarm_70_68.pdb	0	16.900	33.997	5.374
swarm_89_190.pdb	0	14.187	35.153	5.353
swarm_95_153.pdb	0	14.330	30.420	5.262
swarm_75_193.pdb	0	13.630	44.279	5.201
swarm_115_192.pdb	0	11.190	42.651	5.188
swarm_47_24.pdb	0	14.356	30.960	5.140
swarm_78_109.pdb	0	10.786	24.541	5.095
swarm_45_11.pdb	0	13.701	27.521	5.067
swarm_56_195.pdb	0	17.137	33.175	5.008
swarm_37_36.pdb	0	14.425	35.591	4.942
swarm_12_158.pdb	0	13.436	33.528	4.941
swarm_48_111.pdb	0	18.384	36.354	4.914
swarm_25_151.pdb	0	16.853	32.695	4.876
swarm_5_172.pdb	0	11.775	34.403	4.851
swarm_43_61.pdb	0	15.735	39.954	4.803
swarm_72_181.pdb	0	14.920	31.330	4.793
swarm_65_93.pdb	0	18.211	36.744	4.775
swarm_6_73.pdb	0	13.393	32.117	4.682
swarm_86_135.pdb	0	12.233	43.071	4.590
swarm_119_65.pdb	0	15.423	41.571	4.342
swarm_35_50.pdb	0	12.091	38.756	4.331
swarm_53_32.pdb	0	13.574	33.502	4.324
swarm_100_91.pdb	0	13.928	43.576	4.298
swarm_7_49.pdb	0.0275229	9.644	26.952	4.296
swarm_16_157.pdb	0	12.717	37.398	4.280
swarm_115_118.pdb	0.00917431	13.185	40.929	4.233
swarm_26_57.pdb	0	12.890	25.880	4.215
swarm_96_154.pdb	0	12.357	30.674	4.199
swarm_84_58.pdb	0	13.095	31.241	4.137
swarm_35_125.pdb	0	13.709	39.961	4.113
swarm_96_60.pdb	0	12.589	41.977	3.997
swarm_24_187.pdb	0.00917431	13.403	40.848	3.794
swarm_0_148.pdb	0	14.023	36.060	3.559
swarm_85_57.pdb	0	15.279	31.849	3.424
swarm_40_161.pdb	0	15.318	39.950	3.422
swarm_119_111.pdb	0	12.619	39.030	3.397
swarm_30_142.pdb	0	13.979	36.497	3.354
swarm_26_37.pdb	0	13.417	39.634	3.316
swarm_89_108.pdb	0	14.149	44.054	3.233
swarm_26_118.pdb	0	12.191	29.320	3.129
swarm_57_88.pdb	0	13.786	24.495	3.048
swarm_98_79.pdb	0	15.015	43.368	2.888
swarm_58_147.pdb	0	12.007	34.244	2.740
swarm_37_180.pdb	0	14.085	45.279	2.701
swarm_20_60.pdb	0	15.261	42.123	2.698
swarm_26_65.pdb	0	14.353	36.259	2.682
swarm_72_69.pdb	0	13.239	29.437	2.642
swarm_49_139.pdb	0	16.035	48.372	2.571
swarm_83_151.pdb	0	13.244	32.964	2.553
swarm_30_165.pdb	0	14.707	38.446	2.103
swarm_85_114.pdb	0	13.714	37.110	2.086
swarm_106_67.pdb	0	14.568	30.391	2.058
swarm_96_73.pdb	0	13.890	33.220	2.013
swarm_41_8.pdb	0	10.717	33.583	1.862
swarm_97_173.pdb	0	11.731	40.730	1.849
swarm_21_103.pdb	0	16.286	40.619	1.686
swarm_83_111.pdb	0	14.998	35.339	1.643
swarm_41_39.pdb	0	12.283	36.886	1.546
swarm_18_161.pdb	0	11.205	39.615	1.405
swarm_18_68.pdb	0	12.539	45.331	1.197
swarm_35_26.pdb	0	17.947	43.094	1.140
swarm_113_116.pdb	0	16.270	38.627	1.120
swarm_50_50.pdb	0	14.859	47.354	0.996
swarm_98_82.pdb	0	13.483	37.118	0.957
swarm_29_27.pdb	0.0733945	8.437	30.081	0.876
swarm_82_196.pdb	0	8.857	27.621	0.794
swarm_40_40.pdb	0	11.954	35.193	0.657
swarm_111_140.pdb	0	13.030	33.944	0.655
swarm_111_181.pdb	0	15.107	37.392	0.100
swarm_31_105.pdb	0	14.930	45.365	0.028
swarm_31_54.pdb	0	13.083	36.458	-0.253
swarm_31_71.pdb	0	14.737	42.860	-0.301
swarm_77_89.pdb	0	14.808	37.476	-0.499
swarm_32_148.pdb	0	15.542	37.291	-0.560
swarm_31_158.pdb	0	13.411	36.892	-0.660
swarm_75_109.pdb	0.00917431	10.331	37.766	-1.084
swarm_16_107.pdb	0	11.685	25.068	-1.266
swarm_70_87.pdb	0	12.359	38.063	-1.479
swarm_64_0.pdb	0	14.545	36.493	-1.673
swarm_50_126.pdb	0.00917431	10.743	38.898	-1.724
swarm_48_98.pdb	0	13.193	30.198	-2.001
swarm_77_122.pdb	0.00917431	8.055	31.817	-2.102
swarm_117_165.pdb	0	18.288	44.026	-2.161
swarm_20_51.pdb	0	16.267	47.611	-2.247
swarm_20_94.pdb	0.00917431	10.103	38.689	-2.563
swarm_73_5.pdb	0	12.557	43.366	-2.572
swarm_71_92.pdb	0	17.758	36.504	-3.407
swarm_24_149.pdb	0	12.488	32.290	-3.479
swarm_116_18.pdb	0	13.744	31.495	-3.627
swarm_84_138.pdb	0	15.907	40.626	-4.042
swarm_21_141.pdb	0	15.105	38.707	-4.298
swarm_46_172.pdb	0	12.820	24.048	-4.352
swarm_53_117.pdb	0	13.721	34.448	-4.588
swarm_111_179.pdb	0	12.892	26.959	-4.803
swarm_62_143.pdb	0	13.383	43.483	-5.267
swarm_41_57.pdb	0	14.326	41.822	-5.533
swarm_18_4.pdb	0	15.437	36.236	-5.649
swarm_60_81.pdb	0	14.045	37.722	-5.882
swarm_102_129.pdb	0.0733945	7.200	22.374	-5.915
swarm_13_3.pdb	0	12.133	27.693	-6.158
swarm_32_195.pdb	0	18.634	46.891	-6.213
swarm_85_94.pdb	0	15.192	36.673	-6.275
swarm_15_36.pdb	0	12.731	31.999	-6.380
swarm_94_145.pdb	0.00917431	7.114	13.076	-6.807
swarm_24_136.pdb	0.0366972	11.619	25.713	-6.923
swarm_113_36.pdb	0	14.151	43.190	-6.975
swarm_72_30.pdb	0	14.744	34.819	-7.008
swarm_13_125.pdb	0	14.562	34.202	-7.710
swarm_71_150.pdb	0	12.513	28.455	-7.754
swarm_90_3.pdb	0	10.041	26.081	-8.012
swarm_114_163.pdb	0	11.379	39.895	-8.358
swarm_48_151.pdb	0	10.558	24.249	-8.478
swarm_3_11.pdb	0	12.041	30.758	-8.541
swarm_98_90.pdb	0.00917431	10.622	36.592	-8.570
swarm_46_55.pdb	0	12.314	27.218	-8.692
swarm_46_20.pdb	0	12.014	25.655	-8.799
swarm_119_32.pdb	0	17.053	37.991	-8.833
swarm_49_190.pdb	0	12.517	39.738	-8.924
swarm_58_28.pdb	0	10.340	20.981	-10.495
swarm_78_46.pdb	0.0183486	9.373	24.877	-10.834
swarm_10_157.pdb	0	17.992	38.399	-10.952
swarm_40_173.pdb	0	13.124	46.471	-11.200
swarm_115_117.pdb	0	13.570	42.380	-11.383
swarm_113_171.pdb	0	13.247	29.488	-11.944
swarm_2_79.pdb	0	12.375	31.588	-12.601
swarm_92_47.pdb	0	9.555	19.897	-12.731
swarm_84_45.pdb	0	13.045	26.946	-13.099
swarm_104_114.pdb	0	16.305	46.154	-14.724
swarm_60_14.pdb	0.00917431	9.290	29.739	-14.955
swarm_60_144.pdb	0.0366972	9.968	37.558	-15.732
swarm_11_112.pdb	0.00917431	12.018	32.635	-16.868
swarm_29_197.pdb	0	9.950	29.383	-18.405
swarm_22_20.pdb	0	13.705	37.831	-20.395
swarm_32_170.pdb	0	11.136	34.962	-20.504
swarm_6_39.pdb	0.00917431	11.054	24.861	-24.301
swarm_51_122.pdb	0.00917431	9.534	35.357	-24.882
swarm_104_175.pdb	0	17.379	47.660	-25.713
swarm_104_155.pdb	0.0366972	10.484	37.714	-25.718
swarm_110_0.pdb	0.0183486	10.407	21.861	-26.572
swarm_27_40.pdb	0.0183486	9.965	37.026	-31.730
swarm_64_193.pdb	0.00917431	9.133	33.692	-33.513
swarm_23_67.pdb	0	14.450	34.950	-33.710
swarm_29_26.pdb	0.0642202	7.672	27.249	-35.573
swarm_5_121.pdb	0.0183486	11.097	24.201	-38.264
swarm_118_171.pdb	0.0458716	10.131	34.746	-41.462
swarm_15_105.pdb	0	11.635	24.932	-43.733
swarm_16_125.pdb	0.00917431	10.294	29.641	-58.576
swarm_110_100.pdb	0	9.575	21.131	-61.812
swarm_116_183.pdb	0.0366972	8.877	24.760	-62.247
swarm_85_68.pdb	0	9.157	26.108	-62.709
swarm_11_104.pdb	0	11.756	30.450	-64.574
swarm_15_183.pdb	0	10.686	35.680	-67.460
swarm_69_95.pdb	0	8.926	21.186	-68.326
swarm_102_131.pdb	0.0183486	7.123	21.377	-70.319
swarm_111_95.pdb	0.0366972	10.632	27.019	-73.146
swarm_32_132.pdb	0.100917	10.575	31.067	-78.629
swarm_80_44.pdb	0.0183486	9.761	18.838	-79.501
swarm_93_178.pdb	0.0275229	7.279	15.160	-90.684
