3x29_87w.pdb	0	11.155	19.297	-167.0492
3x29_74w.pdb	0.0266667	14.134	24.665	-153.59587
3x29_96w.pdb	0.64	1.360	3.004	-152.08678
3x29_88w.pdb	0.0533333	11.493	22.301	-150.6239
3x29_39w.pdb	0	16.202	25.692	-145.35642
3x29_46w.pdb	0.533333	1.697	5.002	-143.0977
3x29_52w.pdb	0	9.281	15.823	-131.21098
3x29_83w.pdb	0.0533333	8.828	17.033	-127.4859
3x29_58w.pdb	0.346667	2.262	7.497	-126.18588
3x29_82w.pdb	0.0133333	9.715	22.987	-123.541327
3x29_42w.pdb	0.146667	4.313	13.652	-120.82204
3x29_67w.pdb	0.706667	1.002	2.027	-120.77807
3x29_23w.pdb	0.106667	8.210	15.571	-116.50755
3x29_81w.pdb	0	14.966	23.727	-114.71381
3x29_78w.pdb	0	13.812	20.967	-114.60583
3x29_72w.pdb	0.04	5.521	15.796	-113.79608
3x29_97w.pdb	0.0133333	15.951	25.874	-113.03909
3x29_4w.pdb	0	14.101	20.906	-110.30545
3x29_94w.pdb	0.0266667	15.985	31.246	-109.88858
3x29_99w.pdb	0.0133333	10.284	17.820	-109.66027
3x29_56w.pdb	0	14.917	22.350	-108.62268
3x29_43w.pdb	0.0266667	15.248	27.526	-108.42566
3x29_84w.pdb	0	15.726	24.703	-106.99202
3x29_86w.pdb	0.0133333	9.862	18.952	-106.38968
3x29_75w.pdb	0.133333	3.639	10.992	-105.8263
3x29_60w.pdb	0	18.441	27.323	-104.945605
3x29_59w.pdb	0.0666667	13.505	22.965	-104.3466
3x29_100w.pdb	0	11.664	20.607	-104.31083
3x29_37w.pdb	0.106667	8.082	15.540	-102.14183
3x29_48w.pdb	0.0133333	15.550	23.859	-102.055096
3x29_89w.pdb	0.0533333	14.345	26.242	-101.80508
3x29_41w.pdb	0	13.541	22.225	-101.7992
3x29_15w.pdb	0.08	9.824	15.495	-101.20759
3x29_54w.pdb	0.0133333	16.427	24.195	-100.82537
3x29_7w.pdb	0	15.734	26.038	-100.11962
3x29_24w.pdb	0	13.438	26.874	-99.81858
3x29_33w.pdb	0	18.272	28.556	-99.39388
3x29_79w.pdb	0.0666667	7.372	14.659	-98.5977
3x29_40w.pdb	0	14.591	24.111	-97.01666
3x29_29w.pdb	0.0133333	15.533	27.975	-95.901801
3x29_26w.pdb	0	8.038	16.795	-93.2857
3x29_92w.pdb	0.453333	1.773	5.050	-92.22273
3x29_73w.pdb	0.0266667	14.578	24.471	-91.82184
3x29_98w.pdb	0	18.623	29.518	-89.75824
3x29_2w.pdb	0.04	14.107	23.637	-89.27155
3x29_91w.pdb	0.0533333	16.879	25.630	-89.0506
3x29_80w.pdb	0.04	13.822	21.376	-88.05738
3x29_22w.pdb	0.04	13.852	32.817	-87.06702
3x29_30w.pdb	0	15.701	24.075	-84.937378
3x29_17w.pdb	0	15.504	27.054	-83.84785
3x29_64w.pdb	0	16.096	22.706	-83.40756
3x29_68w.pdb	0	16.553	31.533	-81.5451
3x29_50w.pdb	0	14.087	22.664	-81.10322
3x29_85w.pdb	0	17.890	26.059	-80.57671
3x29_66w.pdb	0.0133333	16.276	25.303	-79.96001
3x29_69w.pdb	0.106667	9.362	17.357	-79.54283
3x29_10w.pdb	0.0133333	13.506	33.111	-78.82288
3x29_55w.pdb	0	14.245	25.354	-78.0016
3x29_93w.pdb	0	11.000	18.094	-77.523578
3x29_38w.pdb	0	10.371	19.135	-76.96549
3x29_3w.pdb	0	15.418	23.035	-76.40982
3x29_9w.pdb	0.0133333	15.914	23.147	-75.66372
3x29_25w.pdb	0	7.087	22.297	-74.73849
3x29_27w.pdb	0.04	13.397	21.096	-74.4454
3x29_77w.pdb	0	13.791	20.338	-74.34132
3x29_61w.pdb	0	17.203	26.667	-74.14883
3x29_14w.pdb	0	14.197	23.237	-72.95105
3x29_1w.pdb	0	11.111	20.719	-71.40549
3x29_90w.pdb	0	17.116	27.664	-70.43148
3x29_57w.pdb	0	16.238	28.504	-69.9142
3x29_31w.pdb	0	13.876	20.822	-69.8888
3x29_28w.pdb	0	6.952	12.527	-69.88647
3x29_21w.pdb	0	15.207	22.237	-69.831524
3x29_12w.pdb	0	12.412	18.693	-69.60962
3x29_11w.pdb	0	16.177	22.663	-68.68101
3x29_32w.pdb	0.106667	6.174	12.738	-68.48792
3x29_62w.pdb	0.0666667	16.652	25.622	-67.26409
3x29_53w.pdb	0.0533333	18.438	28.304	-65.81789
3x29_19w.pdb	0.0133333	12.543	33.732	-64.87726
3x29_44w.pdb	0	14.633	22.303	-64.38999
3x29_35w.pdb	0	14.874	28.170	-62.9362
3x29_76w.pdb	0	15.424	28.840	-62.91167
3x29_36w.pdb	0	11.415	28.190	-62.29665
3x29_13w.pdb	0.0133333	10.897	28.717	-61.86452
3x29_63w.pdb	0.16	7.626	24.253	-60.15416
3x29_49w.pdb	0.0266667	10.106	34.924	-56.41981
3x29_8w.pdb	0	8.088	16.465	-55.77199
3x29_65w.pdb	0.146667	6.149	12.293	-53.9459
3x29_34w.pdb	0.0133333	13.142	40.559	-52.89503
3x29_16w.pdb	0.0666667	11.398	36.735	-49.0612
3x29_47w.pdb	0	16.798	23.398	-46.06595
3x29_6w.pdb	0.0133333	12.031	37.724	-44.19444
3x29_18w.pdb	0.08	12.590	36.443	-41.41188
3x29_5w.pdb	0.0266667	11.123	37.417	-41.15543
3x29_45w.pdb	0	85.820	110.119	24.42871
3x29_71w.pdb	0	80.398	99.881	70.674592
3x29_51w.pdb	0.186667	4.439	12.415	1573.7628
3x29_95w.pdb	0.12	6.521	12.059	1574.29018
3x29_20w.pdb	0	13.039	20.216	1655.22213
3x29_70w.pdb	0	145.946	135.824	3192983.68042
				
				
