swarm_144_94.pdb	0	20.689	32.788	41.108
swarm_134_14.pdb	0	28.731	32.157	39.433
swarm_43_40.pdb	0	26.585	33.475	38.570
swarm_75_67.pdb	0	14.796	41.051	35.690
swarm_33_124.pdb	0	33.504	38.334	35.217
swarm_42_68.pdb	0	26.547	35.342	34.689
swarm_144_41.pdb	0	23.697	36.691	34.585
swarm_32_153.pdb	0	25.253	44.902	34.536
swarm_10_69.pdb	0	19.729	29.898	34.465
swarm_106_189.pdb	0	21.240	33.047	34.223
swarm_42_43.pdb	0	24.987	45.02	34.021
swarm_108_77.pdb	0	33.314	36.454	33.899
swarm_42_28.pdb	0	27.412	37.12	33.746
swarm_96_47.pdb	0	22.111	34.898	33.518
swarm_40_111.pdb	0	24.798	41.562	33.283
swarm_43_6.pdb	0	16.724	43.748	33.255
swarm_40_166.pdb	0	19.298	27.916	32.677
swarm_42_97.pdb	0	33.840	50.223	32.628
swarm_76_68.pdb	0	22.318	40.275	31.434
swarm_127_21.pdb	0	23.234	40.912	31.251
swarm_40_144.pdb	0	25.818	47.768	31.168
swarm_134_50.pdb	0	38.338	45.527	31.167
swarm_60_147.pdb	0	17.400	45.992	31.041
swarm_39_129.pdb	0	22.022	35.435	30.951
swarm_74_64.pdb	0	35.955	48.518	30.882
swarm_127_146.pdb	0	25.520	45.662	30.811
swarm_26_71.pdb	0	28.221	43.367	30.784
swarm_45_81.pdb	0	15.565	37.479	30.307
swarm_119_176.pdb	0	10.414	46.571	30.220
swarm_8_119.pdb	0	18.281	28.465	30.156
swarm_119_190.pdb	0	25.388	37.032	30.106
swarm_106_149.pdb	0	13.273	44.398	29.789
swarm_106_168.pdb	0	25.425	46.926	29.499
swarm_23_32.pdb	0	37.169	49.677	29.367
swarm_137_197.pdb	0	28.661	38.209	29.347
swarm_10_25.pdb	0	19.117	36.292	29.011
swarm_87_26.pdb	0	26.375	45.811	28.850
swarm_146_194.pdb	0	20.639	41.194	28.838
swarm_134_101.pdb	0	22.228	38.643	28.816
swarm_87_103.pdb	0	18.048	35.888	28.813
swarm_26_81.pdb	0	32.784	47.353	28.734
swarm_134_184.pdb	0	25.553	34.808	28.658
swarm_26_69.pdb	0	24.273	46.415	28.611
swarm_39_158.pdb	0	22.009	43.039	28.533
swarm_96_167.pdb	0	33.233	50.013	28.364
swarm_26_176.pdb	0	13.244	21.781	28.295
swarm_8_45.pdb	0	19.532	34.356	28.081
swarm_8_158.pdb	0	30.856	43.394	28.036
swarm_106_151.pdb	0	25.365	42.677	28.016
swarm_77_191.pdb	0	15.089	43.12	27.967
swarm_32_185.pdb	0	20.140	34.698	27.821
swarm_10_48.pdb	0	19.695	39.54	27.642
swarm_106_1.pdb	0	18.776	45.492	27.642
swarm_87_193.pdb	0.0217391	26.831	49.87	27.509
swarm_32_56.pdb	0	21.142	41.162	27.489
swarm_23_134.pdb	0	17.448	31.156	27.467
swarm_2_66.pdb	0	24.549	49.218	27.375
swarm_96_8.pdb	0	16.820	38.238	27.203
swarm_76_190.pdb	0	34.649	45.738	27.100
swarm_124_120.pdb	0	21.354	33.657	26.959
swarm_97_150.pdb	0	15.002	42.76	26.946
swarm_124_174.pdb	0	26.362	43.184	26.877
swarm_106_174.pdb	0	26.745	36.11	26.846
swarm_124_105.pdb	0	22.024	46.698	26.816
swarm_119_147.pdb	0	21.550	37.171	26.799
swarm_45_129.pdb	0	23.116	38.839	26.784
swarm_137_101.pdb	0	20.194	45.096	26.739
swarm_76_141.pdb	0	33.623	51.435	26.729
swarm_108_0.pdb	0	13.604	45.03	26.500
swarm_43_77.pdb	0	11.137	41.821	26.251
swarm_96_125.pdb	0	31.218	45.213	26.129
swarm_76_187.pdb	0	22.034	39.774	25.939
swarm_71_60.pdb	0	22.621	48.968	25.911
swarm_45_156.pdb	0	28.444	40.995	25.897
swarm_40_38.pdb	0	31.145	46.042	25.892
swarm_144_49.pdb	0	33.448	44.421	25.829
swarm_127_28.pdb	0	29.385	43.837	25.826
swarm_23_65.pdb	0	33.243	46.332	25.796
swarm_144_16.pdb	0	16.095	37.248	25.721
swarm_91_34.pdb	0	24.634	35.829	25.485
swarm_42_102.pdb	0	32.146	40.881	25.390
swarm_58_18.pdb	0	15.757	49.529	25.382
swarm_60_20.pdb	0	18.903	44.398	25.342
swarm_145_144.pdb	0	20.402	29.931	25.299
swarm_146_122.pdb	0	39.540	45.642	25.250
swarm_39_2.pdb	0	28.830	43.674	25.212
swarm_87_166.pdb	0	26.652	41.79	25.191
swarm_43_155.pdb	0	23.587	35.278	25.148
swarm_23_103.pdb	0	18.013	45.862	25.021
swarm_46_96.pdb	0	23.285	46.677	24.983
swarm_74_6.pdb	0	12.387	44.421	24.949
swarm_106_97.pdb	0	21.891	44.189	24.866
swarm_8_101.pdb	0	6.679	17.684	24.490
swarm_106_195.pdb	0	31.246	49.142	24.431
swarm_115_75.pdb	0	30.784	41.475	24.303
swarm_101_69.pdb	0	22.785	43.837	24.287
swarm_5_98.pdb	0	15.642	44.471	24.251
swarm_136_29.pdb	0	15.749	45.292	24.128
swarm_87_147.pdb	0	20.522	31.685	24.101
swarm_127_109.pdb	0	16.544	32.398	23.943
swarm_39_14.pdb	0	22.949	34.207	23.888
swarm_40_181.pdb	0	26.908	44.925	23.754
swarm_119_137.pdb	0	17.077	43.998	23.640
swarm_95_115.pdb	0.0217391	20.636	46.438	23.560
swarm_43_34.pdb	0	26.485	40.501	23.538
swarm_8_37.pdb	0	19.290	33.675	23.427
swarm_145_58.pdb	0.0217391	21.221	45.156	23.225
swarm_2_4.pdb	0	24.222	48.839	23.176
swarm_39_19.pdb	0	24.601	47.206	23.150
swarm_127_34.pdb	0	27.409	47.079	23.062
swarm_74_172.pdb	0	19.811	39.142	23.022
swarm_87_128.pdb	0	20.218	49.334	22.958
swarm_124_92.pdb	0	12.595	19.613	22.924
swarm_106_172.pdb	0	26.680	47.941	22.923
swarm_46_130.pdb	0	27.889	50.497	22.912
swarm_87_33.pdb	0	30.831	43.032	22.911
swarm_119_12.pdb	0	23.788	40.571	22.821
swarm_23_6.pdb	0	29.570	44.413	22.816
swarm_117_15.pdb	0	39.721	40.32	22.809
swarm_8_152.pdb	0	24.418	36.524	22.801
swarm_117_35.pdb	0.0652174	18.777	48.26	22.670
swarm_75_137.pdb	0	35.272	44.889	22.647
swarm_124_166.pdb	0	30.683	45.011	22.571
swarm_23_9.pdb	0	28.977	41.333	22.513
swarm_87_150.pdb	0	28.545	48.214	22.453
swarm_5_162.pdb	0	17.111	47.889	22.437
swarm_32_182.pdb	0	24.913	45.631	22.339
swarm_40_61.pdb	0	23.817	44.766	22.285
swarm_74_51.pdb	0	22.144	47.463	22.175
swarm_32_184.pdb	0	25.182	38.981	22.121
swarm_146_3.pdb	0	39.556	40.817	22.000
swarm_10_197.pdb	0	30.589	43.806	21.942
swarm_76_30.pdb	0	32.498	51.832	21.884
swarm_127_5.pdb	0	27.712	48.619	21.843
swarm_8_147.pdb	0	18.472	37.197	21.767
swarm_108_85.pdb	0	17.555	45.089	21.745
swarm_119_26.pdb	0	22.016	30.109	21.718
swarm_77_28.pdb	0	15.468	47.836	21.673
swarm_96_41.pdb	0	31.855	46.093	21.668
swarm_40_4.pdb	0	22.331	34.697	21.661
swarm_120_8.pdb	0	13.846	40.723	21.644
swarm_101_146.pdb	0	23.557	51.104	21.566
swarm_119_170.pdb	0	38.987	45.593	21.496
swarm_124_56.pdb	0	8.661	23.824	21.467
swarm_106_100.pdb	0	26.936	35.26	21.398
swarm_23_64.pdb	0	13.582	43.205	21.221
swarm_116_98.pdb	0	34.401	47.595	21.164
swarm_80_51.pdb	0	22.515	51.155	21.110
swarm_145_158.pdb	0	41.489	43.663	21.052
swarm_144_149.pdb	0	29.848	46.774	21.023
swarm_119_109.pdb	0	17.689	44.044	21.016
swarm_125_64.pdb	0	14.369	51.158	20.996
swarm_99_71.pdb	0	26.641	39.621	20.963
swarm_117_29.pdb	0	31.040	47.511	20.924
swarm_2_171.pdb	0	26.208	43.723	20.918
swarm_80_97.pdb	0	27.780	37.439	20.867
swarm_127_66.pdb	0	25.203	44.585	20.845
swarm_35_166.pdb	0	8.989	28.819	20.831
swarm_91_97.pdb	0	22.384	44.033	20.743
swarm_96_141.pdb	0	27.639	47.786	20.627
swarm_74_0.pdb	0	24.687	44.465	20.615
swarm_76_16.pdb	0	17.326	42.951	20.586
swarm_119_169.pdb	0	21.507	46.307	20.574
swarm_128_78.pdb	0	34.358	45.675	20.526
swarm_35_66.pdb	0	22.235	48.913	20.501
swarm_127_191.pdb	0	13.885	31.29	20.396
swarm_39_177.pdb	0	32.276	47.75	20.336
swarm_146_150.pdb	0	24.053	34.924	20.288
swarm_46_142.pdb	0	35.742	53.198	20.215
swarm_10_114.pdb	0	28.852	43.622	20.213
swarm_76_161.pdb	0	30.991	45.994	20.188
swarm_96_178.pdb	0	25.201	41.892	20.151
swarm_125_90.pdb	0	24.025	45.546	20.140
swarm_95_62.pdb	0.0434783	17.887	48.749	20.128
swarm_144_147.pdb	0	23.226	40.972	20.114
swarm_128_150.pdb	0	20.282	28.068	20.114
swarm_97_130.pdb	0	35.449	48.569	20.111
swarm_145_74.pdb	0	26.713	29.998	20.021
swarm_7_118.pdb	0	21.826	49.429	20.011
swarm_87_194.pdb	0	30.791	45.465	19.997
swarm_144_115.pdb	0	31.892	40.564	19.942
swarm_101_172.pdb	0	22.720	33.037	19.935
swarm_46_175.pdb	0	29.396	51.563	19.908
swarm_17_54.pdb	0	26.986	43.123	19.881
swarm_108_20.pdb	0	29.709	42.887	19.867
swarm_116_162.pdb	0	27.125	46.051	19.849
swarm_95_36.pdb	0	28.039	51.15	19.848
swarm_23_83.pdb	0	13.649	40.978	19.824
swarm_118_33.pdb	0	21.971	38.997	19.813
swarm_40_137.pdb	0	25.275	36.747	19.605
swarm_77_46.pdb	0	14.891	48.293	19.463
swarm_128_113.pdb	0	22.842	43.746	19.451
swarm_80_78.pdb	0	36.285	46.999	19.361
swarm_137_186.pdb	0	36.128	46.203	19.309
swarm_95_20.pdb	0	29.310	42.862	19.276
swarm_26_42.pdb	0	27.732	45.67	19.272
swarm_2_29.pdb	0	17.999	48.503	19.264
swarm_106_111.pdb	0	31.680	43.692	19.222
swarm_77_41.pdb	0	28.652	46.436	19.217
swarm_42_192.pdb	0	24.660	43.28	19.216
swarm_108_82.pdb	0	23.343	37.429	19.197
swarm_97_177.pdb	0	17.641	49.431	19.110
swarm_74_63.pdb	0	17.413	49.837	19.022
swarm_124_86.pdb	0	21.706	40.559	18.999
swarm_26_130.pdb	0	17.194	30.406	18.977
swarm_137_170.pdb	0	25.662	37.01	18.970
swarm_33_121.pdb	0	32.187	43.705	18.945
swarm_98_130.pdb	0	27.796	61.344	18.938
swarm_57_120.pdb	0	23.419	44.147	18.878
swarm_101_44.pdb	0	13.895	39.907	18.858
swarm_106_4.pdb	0	12.971	46.439	18.850
swarm_74_94.pdb	0	15.994	44.273	18.799
swarm_99_148.pdb	0	24.046	28.618	18.792
swarm_35_193.pdb	0	20.454	46.954	18.748
swarm_146_40.pdb	0	29.098	41.903	18.741
swarm_114_100.pdb	0	20.735	56.043	18.719
swarm_76_159.pdb	0	22.352	35.162	18.693
swarm_96_108.pdb	0	31.017	47.906	18.634
swarm_124_194.pdb	0	14.771	22.23	18.601
swarm_115_14.pdb	0	34.189	47.595	18.538
swarm_17_21.pdb	0	26.226	44.469	18.506
swarm_137_28.pdb	0	35.766	45.774	18.481
swarm_61_81.pdb	0	27.483	53.8	18.476
swarm_32_46.pdb	0	27.077	36.682	18.462
swarm_5_196.pdb	0	35.073	44.092	18.424
swarm_23_21.pdb	0	34.024	42.664	18.422
swarm_7_188.pdb	0	24.816	46.534	18.390
swarm_136_56.pdb	0	19.068	49.01	18.387
swarm_5_74.pdb	0	22.381	35.766	18.375
swarm_134_177.pdb	0	19.871	35.27	18.361
swarm_137_33.pdb	0	15.936	48.305	18.351
swarm_101_22.pdb	0	25.945	44.602	18.349
swarm_75_97.pdb	0	24.032	47.842	18.336
swarm_96_163.pdb	0	32.578	44.833	18.296
swarm_26_157.pdb	0	29.744	44.23	18.250
swarm_61_11.pdb	0	15.455	45.643	18.210
swarm_101_41.pdb	0	25.104	50.49	18.128
swarm_17_130.pdb	0	28.106	37.929	18.106
swarm_136_199.pdb	0	14.611	26.402	18.087
swarm_116_81.pdb	0	25.672	36.892	18.074
swarm_60_77.pdb	0	29.924	41.682	17.975
swarm_146_37.pdb	0	34.998	40.692	17.967
swarm_145_185.pdb	0	38.260	45.079	17.956
swarm_77_124.pdb	0	20.909	42.46	17.950
swarm_84_191.pdb	0	40.206	66.767	17.948
swarm_137_195.pdb	0	16.920	43.441	17.900
swarm_118_60.pdb	0	27.578	42.535	17.886
swarm_26_136.pdb	0	20.791	28.599	17.879
swarm_127_132.pdb	0	29.724	44.932	17.874
swarm_17_157.pdb	0	29.003	30.022	17.873
swarm_119_1.pdb	0	28.138	35.332	17.849
swarm_33_90.pdb	0	26.516	39.398	17.836
swarm_86_11.pdb	0	18.177	46.883	17.820
swarm_67_88.pdb	0	25.514	43.054	17.817
swarm_99_52.pdb	0	32.235	39.704	17.738
swarm_136_96.pdb	0	18.364	32.716	17.699
swarm_117_153.pdb	0	36.665	43.688	17.637
swarm_102_122.pdb	0.0217391	19.969	59.104	17.594
swarm_10_31.pdb	0	26.529	37.279	17.569
swarm_58_177.pdb	0	28.360	55.68	17.524
swarm_87_6.pdb	0	25.278	47.361	17.518
swarm_58_19.pdb	0	19.632	53.234	17.516
swarm_125_162.pdb	0	27.327	51.074	17.509
swarm_33_18.pdb	0	33.789	47.782	17.491
swarm_128_32.pdb	0	26.907	37.528	17.453
swarm_86_73.pdb	0	22.507	47.577	17.426
swarm_77_127.pdb	0	15.454	48.468	17.382
swarm_60_36.pdb	0	18.173	40.938	17.378
swarm_96_50.pdb	0	23.908	45.411	17.370
swarm_117_71.pdb	0.0217391	22.878	46.243	17.332
swarm_74_150.pdb	0	28.817	37.797	17.309
swarm_13_12.pdb	0	24.522	29.646	17.222
swarm_101_87.pdb	0	18.663	38.77	17.201
swarm_60_83.pdb	0	21.467	46.959	17.195
swarm_39_22.pdb	0	26.564	44.735	17.168
swarm_74_173.pdb	0	31.738	46.515	17.121
swarm_91_35.pdb	0	21.172	42.562	17.113
swarm_7_12.pdb	0	21.156	38.282	17.037
swarm_61_76.pdb	0	27.053	53.562	16.997
swarm_75_7.pdb	0	24.189	44.697	16.995
swarm_77_70.pdb	0	21.241	49.845	16.951
swarm_33_123.pdb	0	26.123	42.8	16.920
swarm_93_155.pdb	0	22.465	51.701	16.874
swarm_71_119.pdb	0	37.110	54.14	16.815
swarm_146_93.pdb	0	37.280	43.34	16.815
swarm_134_94.pdb	0	23.325	37.1	16.805
swarm_96_173.pdb	0	29.821	45.983	16.746
swarm_120_197.pdb	0	24.669	42.012	16.735
swarm_130_79.pdb	0	23.561	42.448	16.724
swarm_118_173.pdb	0	32.165	48.478	16.664
swarm_74_81.pdb	0	21.380	42.123	16.598
swarm_138_84.pdb	0	25.382	46.381	16.532
swarm_46_49.pdb	0	8.565	42.794	16.524
swarm_75_99.pdb	0	18.387	25.786	16.490
swarm_43_0.pdb	0	41.659	40.581	16.473
swarm_114_23.pdb	0	15.524	55.554	16.436
swarm_75_173.pdb	0	34.865	48.589	16.318
swarm_45_149.pdb	0	26.828	30.073	16.287
swarm_73_37.pdb	0	7.553	31.786	16.275
swarm_136_128.pdb	0	27.112	46.383	16.237
swarm_137_98.pdb	0	19.001	47.543	16.226
swarm_74_114.pdb	0	19.228	49.718	16.223
swarm_103_55.pdb	0	29.911	57.957	16.199
swarm_75_79.pdb	0	19.541	28.774	16.184
swarm_60_68.pdb	0	25.587	52.427	16.105
swarm_101_67.pdb	0	23.127	42.811	16.103
swarm_71_46.pdb	0	30.465	52.93	16.079
swarm_145_170.pdb	0	34.063	41.57	16.057
swarm_117_93.pdb	0	32.353	27.512	16.034
swarm_17_34.pdb	0	40.122	46.067	16.032
swarm_101_59.pdb	0	27.970	47.207	16.011
swarm_118_196.pdb	0	23.701	43.649	15.959
swarm_59_165.pdb	0	39.191	56.8	15.882
swarm_146_38.pdb	0	25.278	32.256	15.875
swarm_32_194.pdb	0	26.245	45.59	15.868
swarm_119_29.pdb	0	19.122	32.899	15.861
swarm_103_62.pdb	0	25.967	57.869	15.827
swarm_120_121.pdb	0	28.283	41.923	15.814
swarm_128_89.pdb	0	34.457	46.706	15.801
swarm_125_18.pdb	0	28.140	51.521	15.773
swarm_116_25.pdb	0	20.079	44.287	15.751
swarm_83_57.pdb	0	32.910	59.368	15.748
swarm_98_0.pdb	0	26.192	59.583	15.737
swarm_39_104.pdb	0	18.250	32.004	15.729
swarm_132_123.pdb	0	24.588	40.32	15.639
swarm_103_144.pdb	0	31.368	59.702	15.636
swarm_46_27.pdb	0	37.845	53.601	15.561
swarm_93_11.pdb	0	40.730	53.301	15.555
swarm_108_123.pdb	0	27.118	44.687	15.547
swarm_118_191.pdb	0	29.306	47.928	15.478
swarm_119_99.pdb	0	28.724	36.671	15.461
swarm_96_77.pdb	0	18.377	45.37	15.456
swarm_26_100.pdb	0	26.845	34.029	15.446
swarm_81_181.pdb	0	39.769	58.8	15.435
swarm_146_162.pdb	0	26.595	35.575	15.376
swarm_43_28.pdb	0	26.786	38.875	15.299
swarm_124_29.pdb	0	19.649	37.77	15.269
swarm_96_105.pdb	0	30.452	41.523	15.223
swarm_60_196.pdb	0	27.237	42.735	15.180
swarm_145_21.pdb	0.0434783	35.045	31.11	15.107
swarm_133_65.pdb	0	33.099	38.196	15.098
swarm_60_128.pdb	0	32.618	53.42	15.083
swarm_108_24.pdb	0	25.546	28.081	15.047
swarm_136_82.pdb	0	35.364	54.694	15.043
swarm_71_69.pdb	0	32.309	48.496	15.029
swarm_128_171.pdb	0	20.598	45.805	14.981
swarm_136_150.pdb	0	18.605	49.425	14.975
swarm_66_188.pdb	0	29.265	62.65	14.934
swarm_86_64.pdb	0	26.029	53.958	14.923
swarm_71_152.pdb	0	33.921	57.678	14.922
swarm_84_74.pdb	0	19.417	59.273	14.915
swarm_71_88.pdb	0	26.202	51.45	14.909
swarm_91_114.pdb	0	27.095	38.052	14.903
swarm_59_157.pdb	0	26.247	56.853	14.897
swarm_118_148.pdb	0	25.195	37.868	14.896
swarm_26_84.pdb	0	31.108	45.324	14.885
swarm_17_137.pdb	0	32.215	39.564	14.821
swarm_133_177.pdb	0	36.361	43.619	14.809
swarm_74_55.pdb	0	34.690	48.507	14.803
swarm_118_167.pdb	0	24.460	39.803	14.783
swarm_74_23.pdb	0	29.093	45.513	14.778
swarm_26_186.pdb	0	18.111	36.602	14.730
swarm_59_128.pdb	0	27.272	53.102	14.729
swarm_130_146.pdb	0	21.393	43.232	14.723
swarm_7_83.pdb	0	30.812	52.634	14.722
swarm_136_92.pdb	0	33.032	52.422	14.717
swarm_13_171.pdb	0	26.948	48.659	14.695
swarm_54_175.pdb	0	20.019	45.153	14.683
swarm_67_145.pdb	0	38.078	53.67	14.654
swarm_138_18.pdb	0	41.619	53.999	14.651
swarm_7_125.pdb	0	29.470	46.801	14.637
swarm_59_185.pdb	0	28.199	61.587	14.611
swarm_116_150.pdb	0	19.062	34.055	14.593
swarm_32_156.pdb	0	27.706	45.82	14.556
swarm_61_64.pdb	0	23.695	51.927	14.548
swarm_118_199.pdb	0	34.905	47.711	14.531
swarm_8_55.pdb	0	25.650	39.875	14.505
swarm_45_159.pdb	0	29.019	33.109	14.500
swarm_86_194.pdb	0	33.913	55.777	14.495
swarm_77_84.pdb	0	27.351	46.036	14.487
swarm_71_99.pdb	0	24.923	52.749	14.484
swarm_72_161.pdb	0	32.365	64.99	14.476
swarm_94_137.pdb	0	15.658	33.287	14.448
swarm_134_56.pdb	0	25.313	37.813	14.432
swarm_81_51.pdb	0	37.862	59.593	14.403
swarm_5_130.pdb	0	17.143	52.092	14.335
swarm_8_74.pdb	0	24.084	32.794	14.323
swarm_132_168.pdb	0	25.869	42.686	14.305
swarm_58_148.pdb	0	18.938	61.941	14.303
swarm_103_121.pdb	0	18.048	49.118	14.293
swarm_108_135.pdb	0	38.584	50.407	14.277
swarm_118_177.pdb	0	18.471	44.97	14.257
swarm_93_99.pdb	0.0217391	22.901	61.2	14.247
swarm_97_2.pdb	0	24.775	45.684	14.210
swarm_54_4.pdb	0	27.639	59.235	14.190
swarm_74_137.pdb	0	18.097	36.824	14.185
swarm_57_57.pdb	0	19.854	47.662	14.171
swarm_97_97.pdb	0	16.818	36.273	14.125
swarm_2_191.pdb	0	31.968	55.163	14.100
swarm_120_44.pdb	0	21.874	40.355	14.067
swarm_61_4.pdb	0	11.393	50.576	14.043
swarm_66_34.pdb	0	32.664	62.943	14.034
swarm_75_48.pdb	0	21.484	39.045	13.989
swarm_114_109.pdb	0	38.038	57.111	13.967
swarm_61_125.pdb	0	35.508	55.267	13.960
swarm_87_57.pdb	0	29.029	47.42	13.916
swarm_133_137.pdb	0	22.761	38.95	13.887
swarm_32_19.pdb	0	24.954	50.93	13.821
swarm_134_62.pdb	0	43.072	42.045	13.812
swarm_74_38.pdb	0	28.072	45.197	13.789
swarm_87_102.pdb	0	24.667	47.508	13.755
swarm_125_11.pdb	0	14.528	49.175	13.748
swarm_114_177.pdb	0	36.841	58.684	13.736
swarm_60_109.pdb	0	20.392	53.393	13.722
swarm_101_133.pdb	0	24.667	49.059	13.643
swarm_125_98.pdb	0	26.041	51.076	13.635
swarm_58_72.pdb	0	25.335	54.833	13.626
swarm_67_45.pdb	0	37.440	49.07	13.603
swarm_83_175.pdb	0	21.698	53.981	13.593
swarm_7_183.pdb	0	34.579	50.507	13.583
swarm_59_10.pdb	0	28.927	50.951	13.572
swarm_136_126.pdb	0	23.237	52.091	13.543
swarm_7_134.pdb	0	27.109	45.472	13.531
swarm_140_91.pdb	0	39.777	55.137	13.512
swarm_96_86.pdb	0	35.533	51.375	13.480
swarm_76_186.pdb	0	22.180	40.167	13.465
swarm_86_139.pdb	0	25.595	51.59	13.459
swarm_46_119.pdb	0	24.120	47.543	13.449
swarm_97_47.pdb	0	24.523	44.764	13.447
swarm_87_190.pdb	0	30.425	44.923	13.444
swarm_91_71.pdb	0	18.060	36.867	13.422
swarm_71_91.pdb	0	27.410	49.82	13.399
swarm_2_59.pdb	0	25.983	50.093	13.385
swarm_125_158.pdb	0	36.970	56.695	13.385
swarm_84_87.pdb	0	31.903	61.738	13.380
swarm_33_71.pdb	0	35.889	40.673	13.377
swarm_67_115.pdb	0	47.372	54.662	13.373
swarm_134_100.pdb	0	39.120	42.755	13.340
swarm_75_114.pdb	0	28.085	42.809	13.338
swarm_86_151.pdb	0	30.912	54.415	13.333
swarm_54_125.pdb	0	23.754	53.857	13.290
swarm_108_187.pdb	0	29.940	34.69	13.283
swarm_136_164.pdb	0	38.965	57.229	13.277
swarm_103_189.pdb	0	24.355	52.234	13.277
swarm_61_143.pdb	0	35.141	51.308	13.272
swarm_103_7.pdb	0	39.059	63.983	13.247
swarm_132_48.pdb	0	43.326	43.418	13.244
swarm_114_45.pdb	0	36.988	59.892	13.239
swarm_77_65.pdb	0	15.382	49.857	13.181
swarm_106_102.pdb	0	18.890	34.231	13.175
swarm_62_22.pdb	0	26.236	29.956	13.168
swarm_136_32.pdb	0	31.442	53.564	13.154
swarm_71_139.pdb	0	25.578	50.938	13.143
swarm_78_121.pdb	0	30.553	62.155	13.123
swarm_103_21.pdb	0	22.548	57.039	13.107
swarm_23_43.pdb	0.0217391	33.083	36.073	13.096
swarm_80_129.pdb	0	35.343	58.985	13.088
swarm_83_124.pdb	0	19.738	59.358	13.048
swarm_99_39.pdb	0	42.991	40.498	13.045
swarm_117_176.pdb	0	31.655	42.319	13.017
swarm_138_46.pdb	0	35.033	59.39	13.016
swarm_114_71.pdb	0	34.345	58.459	13.000
swarm_74_112.pdb	0	28.773	42.281	12.989
swarm_119_116.pdb	0	23.387	36.418	12.962
swarm_10_42.pdb	0	25.244	37.448	12.946
swarm_125_38.pdb	0	38.357	52.459	12.944
swarm_103_49.pdb	0	18.958	54.275	12.890
swarm_136_160.pdb	0	34.234	46.832	12.869
swarm_16_143.pdb	0	36.077	47.915	12.840
swarm_19_64.pdb	0	23.688	58.405	12.824
swarm_72_197.pdb	0	26.731	58.187	12.816
swarm_76_110.pdb	0	34.760	53.339	12.787
swarm_83_109.pdb	0	19.471	59.054	12.786
swarm_33_161.pdb	0	39.636	46.65	12.775
swarm_78_6.pdb	0	25.438	63.36	12.741
swarm_137_47.pdb	0	27.295	42.085	12.738
swarm_78_82.pdb	0	23.362	50.971	12.709
swarm_114_175.pdb	0	23.176	51.773	12.690
swarm_133_172.pdb	0	32.548	42.344	12.688
swarm_94_171.pdb	0	21.347	34.2	12.685
swarm_133_138.pdb	0	26.632	41.931	12.601
swarm_98_194.pdb	0	16.159	55.189	12.556
swarm_103_74.pdb	0	23.774	43.107	12.461
swarm_125_43.pdb	0	28.871	52.25	12.458
swarm_81_160.pdb	0	10.500	42.592	12.434
swarm_2_61.pdb	0	16.914	51.151	12.409
swarm_61_122.pdb	0	35.428	49.292	12.393
swarm_5_26.pdb	0	41.071	52.777	12.377
swarm_72_6.pdb	0	19.775	61.32	12.375
swarm_8_127.pdb	0	24.193	33.653	12.366
swarm_130_136.pdb	0	33.856	52.119	12.358
swarm_71_20.pdb	0	30.263	54.788	12.354
swarm_60_182.pdb	0	19.840	26.24	12.332
swarm_65_138.pdb	0	37.976	66.137	12.326
swarm_58_105.pdb	0	21.168	52.742	12.320
swarm_132_169.pdb	0	44.014	45.041	12.319
swarm_116_89.pdb	0.0217391	26.818	46.538	12.310
swarm_114_10.pdb	0	31.109	51.453	12.296
swarm_137_125.pdb	0	23.123	44.29	12.283
swarm_97_54.pdb	0	36.899	50.699	12.278
swarm_13_63.pdb	0	35.401	38.092	12.259
swarm_45_152.pdb	0	32.807	43.191	12.256
swarm_98_72.pdb	0	39.009	59.006	12.255
swarm_5_78.pdb	0	28.854	50.567	12.233
swarm_91_87.pdb	0	23.992	34.897	12.229
swarm_46_24.pdb	0	23.423	44.728	12.193
swarm_59_14.pdb	0	19.092	49.157	12.162
swarm_74_72.pdb	0	14.259	45.726	12.153
swarm_118_154.pdb	0.0217391	26.535	45.063	12.141
swarm_59_52.pdb	0	30.076	56.862	12.106
swarm_135_27.pdb	0	27.601	59.676	12.097
swarm_59_147.pdb	0	27.328	61.593	12.088
swarm_119_48.pdb	0	36.121	41.887	12.038
swarm_59_27.pdb	0	14.413	47.641	12.020
swarm_58_155.pdb	0.0217391	38.120	54.164	11.955
swarm_97_93.pdb	0	31.353	50.96	11.952
swarm_138_44.pdb	0	39.479	51.16	11.940
swarm_76_181.pdb	0	17.611	27.446	11.931
swarm_95_87.pdb	0	34.159	37.482	11.912
swarm_103_9.pdb	0	28.714	51.51	11.902
swarm_127_27.pdb	0	24.478	45.551	11.876
swarm_125_168.pdb	0	31.716	49.302	11.864
swarm_138_64.pdb	0	18.357	53.44	11.862
swarm_67_28.pdb	0	38.602	57.098	11.850
swarm_114_19.pdb	0	37.417	59.952	11.846
swarm_59_180.pdb	0	23.828	59.254	11.829
swarm_128_172.pdb	0	21.534	44.292	11.815
swarm_99_82.pdb	0	41.067	45.693	11.810
swarm_127_107.pdb	0	28.500	43.101	11.798
swarm_60_18.pdb	0	27.707	43.871	11.797
swarm_136_188.pdb	0	36.648	53.385	11.797
swarm_77_37.pdb	0	33.081	51.421	11.787
swarm_119_160.pdb	0	36.713	43.32	11.764
swarm_96_81.pdb	0	31.484	42.201	11.756
swarm_59_177.pdb	0	32.356	48.939	11.753
swarm_138_127.pdb	0	21.836	51.324	11.735
swarm_101_40.pdb	0	32.212	50.611	11.724
swarm_127_158.pdb	0	20.151	32.925	11.714
swarm_134_143.pdb	0	31.880	41.645	11.655
swarm_94_151.pdb	0	17.793	24.626	11.649
swarm_66_35.pdb	0	40.626	64.66	11.637
swarm_134_52.pdb	0	37.023	43.042	11.634
swarm_105_31.pdb	0	29.451	56.207	11.602
swarm_61_95.pdb	0	38.412	57.684	11.549
swarm_72_133.pdb	0	29.143	55.141	11.538
swarm_105_15.pdb	0	29.509	55.279	11.536
swarm_78_156.pdb	0	24.580	68.765	11.533
swarm_93_69.pdb	0	21.499	60.768	11.528
swarm_54_36.pdb	0	26.293	57.679	11.527
swarm_87_61.pdb	0	34.062	52.607	11.519
swarm_78_81.pdb	0	39.583	59.673	11.506
swarm_35_104.pdb	0	21.999	44.854	11.402
swarm_124_47.pdb	0	11.022	30.601	11.384
swarm_46_88.pdb	0	32.637	46.544	11.383
swarm_91_10.pdb	0	29.497	46.3	11.319
swarm_46_81.pdb	0	20.306	42.439	11.319
swarm_16_175.pdb	0	22.849	48.757	11.307
swarm_136_75.pdb	0	29.026	45.132	11.299
swarm_136_153.pdb	0	22.762	47.649	11.292
swarm_132_103.pdb	0	35.219	46.402	11.275
swarm_78_101.pdb	0	35.368	63.246	11.169
swarm_134_182.pdb	0	37.835	45.225	11.150
swarm_61_172.pdb	0	18.044	44.752	11.106
swarm_65_54.pdb	0	32.083	61.641	11.069
swarm_116_29.pdb	0	28.575	46.091	11.068
swarm_74_52.pdb	0	24.991	35.19	11.042
swarm_23_23.pdb	0	30.315	39.959	11.017
swarm_104_44.pdb	0	23.087	48.955	10.980
swarm_66_102.pdb	0	25.815	71.512	10.978
swarm_99_48.pdb	0	35.383	35.576	10.930
swarm_125_107.pdb	0	40.142	57.87	10.910
swarm_59_84.pdb	0	15.926	58.456	10.858
swarm_66_68.pdb	0	32.035	59.97	10.840
swarm_118_42.pdb	0	19.896	43.052	10.810
swarm_75_196.pdb	0	31.339	51.203	10.808
swarm_86_29.pdb	0	32.684	62.788	10.805
swarm_60_199.pdb	0	29.121	44.14	10.769
swarm_93_76.pdb	0	24.609	41.28	10.752
swarm_84_113.pdb	0	34.700	65.97	10.750
swarm_43_14.pdb	0	32.927	47.072	10.733
swarm_95_174.pdb	0	39.972	54.597	10.705
swarm_2_164.pdb	0	30.410	42.972	10.682
swarm_71_199.pdb	0	18.732	45.164	10.679
swarm_102_134.pdb	0	26.145	42.936	10.668
swarm_54_70.pdb	0	27.754	51.552	10.657
swarm_66_53.pdb	0	15.382	59.167	10.656
swarm_66_83.pdb	0	35.236	65.851	10.646
swarm_45_14.pdb	0	35.592	39.577	10.617
swarm_80_162.pdb	0	34.491	47.383	10.578
swarm_65_146.pdb	0	39.469	70.269	10.567
swarm_78_31.pdb	0	34.895	65.114	10.512
swarm_129_130.pdb	0	21.792	47.872	10.507
swarm_78_60.pdb	0	26.818	64.4	10.499
swarm_138_198.pdb	0	25.657	47.139	10.487
swarm_105_126.pdb	0	37.545	55.275	10.465
swarm_8_38.pdb	0	19.630	27.018	10.457
swarm_95_147.pdb	0	36.746	55.182	10.440
swarm_94_73.pdb	0	17.228	27.154	10.440
swarm_72_99.pdb	0	36.933	61.176	10.431
swarm_35_16.pdb	0	30.381	41.537	10.427
swarm_35_90.pdb	0	20.933	37.619	10.405
swarm_103_108.pdb	0	24.738	50.786	10.375
swarm_130_157.pdb	0	30.402	49.864	10.372
swarm_137_108.pdb	0	38.460	49.712	10.362
swarm_103_24.pdb	0	33.576	53.939	10.340
swarm_13_103.pdb	0	24.115	41.875	10.335
swarm_130_116.pdb	0	37.797	53.128	10.310
swarm_99_50.pdb	0	15.671	42.788	10.302
swarm_128_31.pdb	0	30.588	41.222	10.259
swarm_59_141.pdb	0	32.829	61.215	10.252
swarm_86_82.pdb	0	21.383	51.505	10.225
swarm_77_139.pdb	0	33.922	42.801	10.203
swarm_59_191.pdb	0	24.151	52.807	10.189
swarm_124_71.pdb	0	28.704	43.703	10.175
swarm_102_86.pdb	0	33.316	45.375	10.165
swarm_58_113.pdb	0	31.138	62.688	10.157
swarm_94_162.pdb	0	21.737	43.767	10.109
swarm_117_135.pdb	0	41.286	47.267	10.095
swarm_125_36.pdb	0	27.935	54.249	10.058
swarm_76_63.pdb	0	26.940	35.916	10.006
swarm_80_196.pdb	0	20.972	54.29	9.952
swarm_46_169.pdb	0	25.878	53.116	9.926
swarm_5_0.pdb	0	40.205	47.304	9.923
swarm_114_166.pdb	0	35.049	56.226	9.921
swarm_67_65.pdb	0	28.644	51.726	9.908
swarm_133_148.pdb	0	22.839	44.621	9.890
swarm_84_117.pdb	0	29.834	62.881	9.884
swarm_60_58.pdb	0	24.836	32.199	9.869
swarm_46_68.pdb	0	34.809	58.709	9.834
swarm_2_122.pdb	0	32.863	51.551	9.825
swarm_0_110.pdb	0	30.014	53.379	9.819
swarm_136_7.pdb	0	26.349	49.046	9.803
swarm_130_88.pdb	0.0434783	22.891	54.947	9.794
swarm_80_169.pdb	0	25.585	43.97	9.791
swarm_57_103.pdb	0	23.017	46.099	9.777
swarm_103_163.pdb	0	34.129	56.458	9.768
swarm_124_191.pdb	0	32.104	44.071	9.671
swarm_7_108.pdb	0	20.790	42.129	9.651
swarm_59_39.pdb	0	33.153	62.169	9.621
swarm_81_163.pdb	0	24.556	51.943	9.616
swarm_54_158.pdb	0	38.012	51.729	9.615
swarm_71_68.pdb	0	37.360	47.595	9.580
swarm_57_42.pdb	0	21.634	45.284	9.573
swarm_80_12.pdb	0	22.300	54.578	9.530
swarm_144_33.pdb	0	33.649	47.115	9.520
swarm_91_60.pdb	0	27.618	43.009	9.518
swarm_114_129.pdb	0	21.419	45.582	9.509
swarm_136_198.pdb	0	19.013	49.836	9.508
swarm_80_135.pdb	0	34.595	59.336	9.458
swarm_78_177.pdb	0	20.882	67.271	9.454
swarm_136_57.pdb	0	23.959	44.784	9.427
swarm_97_193.pdb	0	33.645	50.976	9.426
swarm_90_103.pdb	0	43.647	73.89	9.425
swarm_0_116.pdb	0	26.988	51.021	9.419
swarm_13_56.pdb	0	32.057	38.74	9.396
swarm_103_42.pdb	0	30.876	57.693	9.380
swarm_72_194.pdb	0	24.107	55.912	9.378
swarm_7_172.pdb	0	33.747	48.521	9.377
swarm_57_67.pdb	0	32.190	48.184	9.374
swarm_107_119.pdb	0	27.439	48.763	9.323
swarm_95_137.pdb	0	35.916	54.537	9.308
swarm_101_25.pdb	0	32.817	48.568	9.294
swarm_65_89.pdb	0	24.850	68.689	9.243
swarm_66_181.pdb	0	26.401	66.264	9.225
swarm_13_157.pdb	0	26.086	40.42	9.220
swarm_93_128.pdb	0.0434783	17.864	64.229	9.209
swarm_118_127.pdb	0	24.694	43.944	9.087
swarm_54_40.pdb	0	28.303	51.067	9.078
swarm_58_75.pdb	0	26.955	57.736	9.033
swarm_2_183.pdb	0	39.092	55.306	8.904
swarm_114_91.pdb	0	24.240	42.116	8.885
swarm_94_157.pdb	0	28.005	51.45	8.881
swarm_65_167.pdb	0	32.105	69.956	8.866
swarm_2_138.pdb	0	25.963	53.026	8.850
swarm_86_4.pdb	0	29.742	56.659	8.845
swarm_78_45.pdb	0	23.260	46.844	8.832
swarm_136_94.pdb	0	21.742	53.635	8.828
swarm_120_155.pdb	0	30.289	53.85	8.800
swarm_46_41.pdb	0	32.186	51.632	8.745
swarm_104_7.pdb	0	32.932	48.653	8.739
swarm_66_179.pdb	0	24.889	60.679	8.715
swarm_58_48.pdb	0	20.357	55.309	8.679
swarm_138_169.pdb	0	41.347	56.86	8.673
swarm_35_43.pdb	0	32.195	46.157	8.667
swarm_46_148.pdb	0	26.113	50.52	8.638
swarm_13_92.pdb	0	21.611	51.661	8.625
swarm_71_150.pdb	0	18.230	50.564	8.617
swarm_120_23.pdb	0	25.301	55.416	8.570
swarm_54_28.pdb	0	20.248	58.011	8.568
swarm_86_199.pdb	0	29.360	61.729	8.563
swarm_104_50.pdb	0	35.855	53.308	8.500
swarm_46_91.pdb	0	26.477	46.892	8.471
swarm_136_180.pdb	0	38.865	56.929	8.456
swarm_95_123.pdb	0	20.117	38.001	8.449
swarm_58_119.pdb	0	36.782	56.061	8.443
swarm_66_22.pdb	0	37.928	63.806	8.415
swarm_99_86.pdb	0	43.549	47.056	8.410
swarm_108_97.pdb	0	43.748	51.173	8.398
swarm_127_169.pdb	0	23.259	44.236	8.388
swarm_75_39.pdb	0	30.680	49.47	8.387
swarm_92_158.pdb	0	36.015	58.695	8.364
swarm_111_102.pdb	0	35.687	62.493	8.347
swarm_103_4.pdb	0	30.488	59.915	8.336
swarm_51_164.pdb	0	28.270	72.949	8.326
swarm_108_73.pdb	0	41.475	50.469	8.282
swarm_125_163.pdb	0	38.507	57.643	8.233
swarm_59_135.pdb	0	34.083	57.544	8.217
swarm_103_131.pdb	0	33.114	65.313	8.213
swarm_0_11.pdb	0	38.420	58.58	8.212
swarm_35_143.pdb	0	30.696	37.002	8.156
swarm_115_60.pdb	0	29.155	56.047	8.155
swarm_108_71.pdb	0	35.224	36.551	8.150
swarm_118_47.pdb	0	18.001	33.825	8.143
swarm_84_33.pdb	0	36.572	61.815	8.142
swarm_108_37.pdb	0	42.592	47.178	8.129
swarm_66_175.pdb	0	19.508	67.658	8.127
swarm_103_82.pdb	0	41.323	66.454	8.121
swarm_13_23.pdb	0	29.519	44.503	8.111
swarm_62_164.pdb	0	26.741	34.779	8.092
swarm_8_19.pdb	0	24.781	43.549	8.055
swarm_133_82.pdb	0	35.043	47.694	8.009
swarm_133_144.pdb	0	27.843	36.171	7.955
swarm_45_183.pdb	0	23.646	32.369	7.948
swarm_120_45.pdb	0	34.944	54.465	7.938
swarm_115_1.pdb	0	21.911	31.703	7.915
swarm_94_145.pdb	0	20.554	47.098	7.844
swarm_2_169.pdb	0	19.910	54.417	7.842
swarm_46_118.pdb	0	21.578	44.199	7.839
swarm_66_130.pdb	0	17.081	61.282	7.837
swarm_77_11.pdb	0	23.471	51.464	7.701
swarm_103_40.pdb	0	20.864	54.624	7.687
swarm_57_66.pdb	0	29.011	52.272	7.679
swarm_43_125.pdb	0	35.923	35.02	7.664
swarm_58_40.pdb	0	33.704	60.672	7.636
swarm_139_80.pdb	0	18.996	58.296	7.634
swarm_0_87.pdb	0	22.150	52.588	7.625
swarm_94_194.pdb	0	26.161	46.884	7.623
swarm_132_16.pdb	0	42.248	41.08	7.576
swarm_138_191.pdb	0	29.341	47.722	7.572
swarm_83_47.pdb	0	28.925	67.799	7.561
swarm_125_102.pdb	0	22.251	37.542	7.544
swarm_104_82.pdb	0	31.619	45.488	7.508
swarm_45_51.pdb	0	30.214	41.165	7.496
swarm_108_153.pdb	0	30.427	42.61	7.489
swarm_120_177.pdb	0	20.380	57.71	7.476
swarm_83_88.pdb	0	29.910	59.892	7.472
swarm_107_162.pdb	0	32.464	46.064	7.445
swarm_13_90.pdb	0	25.690	47.35	7.410
swarm_81_112.pdb	0	32.842	53.95	7.365
swarm_83_164.pdb	0	29.465	69.015	7.356
swarm_71_166.pdb	0	19.809	41.547	7.263
swarm_133_163.pdb	0	23.422	37.083	7.238
swarm_108_126.pdb	0	20.182	41.744	7.229
swarm_93_30.pdb	0	20.629	61.427	7.152
swarm_138_85.pdb	0	34.930	47.601	7.117
swarm_123_8.pdb	0	25.636	66.557	7.102
swarm_137_131.pdb	0	38.788	47.883	7.080
swarm_54_186.pdb	0	36.282	62.857	7.054
swarm_106_80.pdb	0	23.629	50.267	7.050
swarm_75_49.pdb	0	34.367	50.177	6.972
swarm_99_60.pdb	0	24.410	34.885	6.874
swarm_2_108.pdb	0	24.815	47.956	6.834
swarm_81_125.pdb	0	25.509	51.868	6.792
swarm_60_13.pdb	0	36.939	47.865	6.789
swarm_84_39.pdb	0	20.623	54.759	6.780
swarm_125_86.pdb	0	39.010	52.505	6.746
swarm_115_166.pdb	0	27.213	39.951	6.713
swarm_14_7.pdb	0	35.228	46.659	6.678
swarm_13_72.pdb	0	39.794	45.362	6.657
swarm_120_96.pdb	0	23.866	42.665	6.649
swarm_65_33.pdb	0	34.957	62.483	6.641
swarm_101_94.pdb	0	17.549	41.205	6.628
swarm_72_148.pdb	0	22.826	68.183	6.621
swarm_138_172.pdb	0	39.238	57.687	6.564
swarm_84_45.pdb	0	34.872	61.969	6.494
swarm_80_115.pdb	0	25.073	62.164	6.488
swarm_103_56.pdb	0	35.551	65.614	6.480
swarm_99_99.pdb	0	40.153	43.225	6.429
swarm_65_99.pdb	0	37.459	66.2	6.378
swarm_17_69.pdb	0	28.758	42.701	6.373
swarm_137_193.pdb	0	36.832	52.546	6.252
swarm_83_39.pdb	0	24.565	66.32	6.248
swarm_65_84.pdb	0	43.119	69.949	6.239
swarm_115_195.pdb	0	38.755	52.921	6.216
swarm_107_46.pdb	0	30.990	48.454	6.214
swarm_129_98.pdb	0	24.962	50.481	6.077
swarm_13_182.pdb	0	35.766	51.016	6.052
swarm_88_43.pdb	0	18.000	67.915	6.033
swarm_100_59.pdb	0	30.971	61.334	6.010
swarm_77_87.pdb	0	34.186	51.679	6.008
swarm_54_149.pdb	0	32.018	56.575	5.983
swarm_123_3.pdb	0	35.901	68.832	5.964
swarm_62_197.pdb	0	26.280	42.78	5.875
swarm_92_92.pdb	0	28.661	53.104	5.874
swarm_77_173.pdb	0	33.940	40.957	5.839
swarm_0_154.pdb	0	22.974	50.998	5.748
swarm_5_127.pdb	0	35.881	51.354	5.712
swarm_108_35.pdb	0	38.758	47.142	5.674
swarm_35_155.pdb	0	19.547	38.097	5.615
swarm_72_93.pdb	0	26.277	68.683	5.601
swarm_94_54.pdb	0	31.279	50.579	5.600
swarm_128_104.pdb	0	30.071	44.587	5.600
swarm_103_110.pdb	0	32.566	49.63	5.583
swarm_81_45.pdb	0	39.217	54.583	5.573
swarm_65_176.pdb	0	32.680	65.629	5.568
swarm_58_143.pdb	0	18.577	56.935	5.519
swarm_117_18.pdb	0	29.214	38.887	5.464
swarm_58_0.pdb	0	23.326	52.775	5.462
swarm_73_8.pdb	0	32.198	49.5	5.457
swarm_35_122.pdb	0	34.079	49.39	5.450
swarm_13_38.pdb	0	35.676	44.036	5.431
swarm_77_151.pdb	0	23.939	47.609	5.381
swarm_2_135.pdb	0	25.265	53.757	5.324
swarm_33_174.pdb	0	30.081	44.877	5.270
swarm_38_154.pdb	0	23.202	66.637	5.192
swarm_16_180.pdb	0	25.274	57.513	5.190
swarm_75_6.pdb	0	29.213	48.412	5.179
swarm_144_50.pdb	0	29.536	45.904	5.135
swarm_116_51.pdb	0	24.523	48.675	5.120
swarm_132_198.pdb	0	38.248	48.583	5.066
swarm_114_90.pdb	0	19.666	57.563	5.064
swarm_139_158.pdb	0	27.579	61.34	5.063
swarm_0_70.pdb	0	27.896	48.389	5.055
swarm_111_73.pdb	0	40.204	72.926	5.024
swarm_105_65.pdb	0	16.219	49.671	5.013
swarm_67_93.pdb	0	46.436	56.158	4.994
swarm_134_181.pdb	0	43.480	43.358	4.992
swarm_2_64.pdb	0	22.954	47.188	4.978
swarm_91_186.pdb	0	20.785	30.515	4.936
swarm_94_141.pdb	0	33.478	49.571	4.831
swarm_65_24.pdb	0	23.488	66.919	4.804
swarm_105_86.pdb	0	24.173	54.156	4.785
swarm_7_156.pdb	0	32.431	56.487	4.749
swarm_86_128.pdb	0	20.297	47.971	4.669
swarm_86_144.pdb	0	26.056	53.756	4.656
swarm_83_182.pdb	0	25.228	61.452	4.593
swarm_65_17.pdb	0	24.763	68.427	4.585
swarm_57_187.pdb	0	31.615	52.243	4.556
swarm_57_65.pdb	0	19.310	37.148	4.515
swarm_66_99.pdb	0	33.660	69.179	4.448
swarm_73_196.pdb	0	31.566	44.369	4.447
swarm_128_64.pdb	0	16.518	31.108	4.438
swarm_102_113.pdb	0	42.571	52.032	4.430
swarm_94_81.pdb	0	25.698	47.139	4.402
swarm_84_121.pdb	0	37.103	71.988	4.395
swarm_129_154.pdb	0	24.679	43.996	4.359
swarm_128_164.pdb	0	24.172	39.568	4.263
swarm_88_52.pdb	0	18.690	67.527	4.227
swarm_129_71.pdb	0	19.240	41.009	4.166
swarm_80_14.pdb	0	34.134	53.203	4.082
swarm_130_47.pdb	0	39.556	51.882	4.072
swarm_138_147.pdb	0	36.899	48.929	4.041
swarm_121_66.pdb	0	24.899	63.598	3.971
swarm_129_43.pdb	0	32.081	47.925	3.905
swarm_71_143.pdb	0	34.801	55.415	3.871
swarm_0_33.pdb	0	25.322	46.927	3.855
swarm_33_130.pdb	0	31.515	42.997	3.826
swarm_101_23.pdb	0	14.906	39.444	3.777
swarm_111_134.pdb	0	36.767	66.083	3.773
swarm_109_114.pdb	0	34.081	55.687	3.740
swarm_93_16.pdb	0	30.240	65.102	3.738
swarm_75_90.pdb	0	26.179	50.177	3.718
swarm_0_65.pdb	0	27.077	53.267	3.668
swarm_139_147.pdb	0	22.369	63.013	3.608
swarm_67_118.pdb	0	35.629	46.422	3.563
swarm_99_167.pdb	0	45.941	47.044	3.554
swarm_128_10.pdb	0	21.248	35.947	3.543
swarm_105_40.pdb	0	16.398	55.386	3.511
swarm_5_121.pdb	0	30.255	47.13	3.504
swarm_132_180.pdb	0	38.501	47.392	3.446
swarm_139_58.pdb	0	28.531	59.276	3.442
swarm_83_103.pdb	0	23.049	63.832	3.419
swarm_78_51.pdb	0	34.816	65.67	3.394
swarm_54_6.pdb	0	25.590	51.1	3.379
swarm_125_8.pdb	0	33.886	59.736	3.354
swarm_133_3.pdb	0	23.176	49.195	3.341
swarm_62_140.pdb	0	36.595	52.55	3.305
swarm_91_47.pdb	0	16.846	23.335	3.266
swarm_75_178.pdb	0	20.716	50.912	3.263
swarm_146_61.pdb	0	31.173	40.74	3.259
swarm_23_129.pdb	0	22.465	35.804	3.221
swarm_128_189.pdb	0	33.184	43.316	3.213
swarm_81_8.pdb	0	38.279	57.527	3.210
swarm_0_62.pdb	0	33.555	54.797	3.191
swarm_129_112.pdb	0	19.708	48.797	3.183
swarm_120_111.pdb	0	23.216	59.606	3.175
swarm_145_1.pdb	0	22.855	43.027	3.136
swarm_66_95.pdb	0	39.584	74.776	3.041
swarm_129_17.pdb	0	32.095	48.347	2.998
swarm_140_56.pdb	0	26.659	60.317	2.905
swarm_139_181.pdb	0	39.587	66.628	2.898
swarm_140_129.pdb	0	31.715	58.397	2.872
swarm_99_147.pdb	0	26.847	35.076	2.831
swarm_139_63.pdb	0	37.246	53.399	2.816
swarm_101_7.pdb	0	35.581	48.82	2.661
swarm_91_30.pdb	0	32.647	45.454	2.653
swarm_7_21.pdb	0	26.611	48.668	2.596
swarm_109_107.pdb	0	24.866	70.285	2.454
swarm_0_38.pdb	0	37.109	56.691	2.448
swarm_35_38.pdb	0	26.118	47.682	2.368
swarm_0_102.pdb	0	34.955	57.043	2.233
swarm_138_150.pdb	0	36.294	55.151	2.090
swarm_78_178.pdb	0	35.592	66.277	2.037
swarm_140_24.pdb	0	33.764	56.716	1.926
swarm_67_77.pdb	0	35.008	46.609	1.895
swarm_108_107.pdb	0	41.924	48.367	1.878
swarm_109_123.pdb	0	21.752	67.351	1.834
swarm_35_15.pdb	0	30.776	53.163	1.831
swarm_145_13.pdb	0.0217391	36.723	36.311	1.823
swarm_33_35.pdb	0	33.414	33.223	1.686
swarm_132_110.pdb	0	41.232	52.053	1.672
swarm_83_14.pdb	0	37.226	68.851	1.664
swarm_42_62.pdb	0	31.766	48.116	1.628
swarm_57_107.pdb	0	28.677	48.623	1.610
swarm_17_50.pdb	0	27.169	24.794	1.569
swarm_13_21.pdb	0	39.546	51.984	1.529
swarm_86_16.pdb	0	30.968	58.164	1.448
swarm_35_120.pdb	0	25.279	50.361	1.389
swarm_105_196.pdb	0	18.352	57.344	1.365
swarm_90_150.pdb	0	18.087	59.708	1.320
swarm_138_141.pdb	0	23.658	58.194	1.280
swarm_65_22.pdb	0	26.679	66.336	1.195
swarm_0_27.pdb	0	38.120	56.968	1.190
swarm_99_81.pdb	0	32.545	36.477	1.183
swarm_120_136.pdb	0	30.505	56.339	1.167
swarm_90_128.pdb	0	25.022	69.192	1.116
swarm_139_49.pdb	0	32.596	63.145	1.116
swarm_138_94.pdb	0	27.222	49.216	1.016
swarm_123_181.pdb	0	32.687	69.541	0.953
swarm_13_10.pdb	0	43.021	53.637	0.944
swarm_139_142.pdb	0	37.440	66.687	0.924
swarm_99_73.pdb	0	44.921	51.051	0.921
swarm_75_117.pdb	0	28.850	49.832	0.864
swarm_30_58.pdb	0	27.331	65.638	0.843
swarm_100_129.pdb	0	23.769	61.579	0.706
swarm_92_156.pdb	0	24.272	54.606	0.687
swarm_94_52.pdb	0	20.617	47.584	0.669
swarm_102_154.pdb	0	33.046	56.502	0.556
swarm_73_18.pdb	0	23.874	49.845	0.383
swarm_32_96.pdb	0	18.196	45.678	0.371
swarm_54_15.pdb	0	38.136	59.695	0.315
swarm_71_137.pdb	0	19.300	48.376	0.313
swarm_132_57.pdb	0	30.807	29.982	0.293
swarm_90_3.pdb	0	35.314	75.993	0.292
swarm_95_132.pdb	0	28.878	52.142	0.254
swarm_76_117.pdb	0	27.828	46.124	0.228
swarm_94_113.pdb	0	22.467	49.061	0.219
swarm_145_113.pdb	0	32.612	39.78	0.134
swarm_19_98.pdb	0	26.948	61.829	0.125
swarm_115_112.pdb	0	25.049	55.198	0.080
swarm_14_194.pdb	0.0217391	33.745	33.841	0.062
swarm_90_107.pdb	0	30.271	67.312	-0.013
swarm_84_1.pdb	0	39.388	63.043	-0.023
swarm_0_199.pdb	0	35.596	57.057	-0.097
swarm_142_116.pdb	0	33.522	54.75	-0.365
swarm_139_81.pdb	0	43.397	67.271	-0.384
swarm_16_92.pdb	0	32.317	61.682	-0.393
swarm_13_45.pdb	0	40.625	48.742	-0.474
swarm_109_194.pdb	0	32.423	70.429	-0.528
swarm_105_92.pdb	0	28.246	49.378	-0.612
swarm_57_40.pdb	0	17.976	39.951	-0.625
swarm_101_183.pdb	0	23.555	38.273	-0.638
swarm_16_139.pdb	0	25.599	58.035	-0.711
swarm_39_50.pdb	0	26.960	41.436	-0.761
swarm_65_114.pdb	0	30.686	74.352	-0.869
swarm_100_106.pdb	0	21.360	54.728	-0.914
swarm_62_132.pdb	0	38.019	46.468	-0.945
swarm_128_9.pdb	0	32.855	48.466	-1.228
swarm_111_162.pdb	0.0434783	22.800	72.462	-1.384
swarm_130_69.pdb	0	31.270	33.623	-1.406
swarm_138_167.pdb	0	22.867	55.369	-1.408
swarm_88_141.pdb	0	35.237	67.724	-1.450
swarm_86_168.pdb	0	23.165	50.171	-1.453
swarm_94_105.pdb	0	24.941	37.048	-1.496
swarm_19_47.pdb	0	23.028	55.997	-1.576
swarm_97_116.pdb	0	19.885	53.907	-1.656
swarm_84_149.pdb	0	34.931	69.665	-1.670
swarm_81_185.pdb	0	32.772	57.131	-1.681
swarm_109_185.pdb	0	31.650	74.811	-1.818
swarm_88_82.pdb	0	24.563	69.74	-2.046
swarm_72_78.pdb	0	31.897	69.587	-2.100
swarm_92_150.pdb	0	24.352	54.954	-2.248
swarm_70_102.pdb	0	40.482	51.914	-2.313
swarm_62_14.pdb	0	29.763	47.678	-2.324
swarm_107_134.pdb	0	39.870	48.602	-2.355
swarm_27_55.pdb	0	22.899	66.12	-2.372
swarm_13_122.pdb	0	50.815	57.267	-2.374
swarm_7_89.pdb	0	32.830	51.484	-2.383
swarm_54_68.pdb	0	35.510	63.812	-2.419
swarm_59_98.pdb	0	10.683	44.347	-2.443
swarm_62_65.pdb	0	41.827	49.502	-2.498
swarm_102_20.pdb	0	24.163	61.095	-2.514
swarm_70_126.pdb	0	44.427	58.434	-2.528
swarm_70_170.pdb	0	28.246	56.163	-2.539
swarm_78_114.pdb	0	31.628	67.999	-2.589
swarm_26_178.pdb	0	26.465	41.36	-2.626
swarm_10_183.pdb	0	21.485	35.113	-2.653
swarm_65_92.pdb	0	33.220	68.239	-2.656
swarm_3_62.pdb	0	24.853	57.644	-2.679
swarm_48_55.pdb	0	35.038	69.805	-2.771
swarm_104_49.pdb	0	10.664	46.566	-2.787
swarm_129_15.pdb	0	34.053	51.699	-2.804
swarm_140_21.pdb	0	44.833	54.871	-2.849
swarm_13_64.pdb	0	22.426	52.157	-2.888
swarm_145_171.pdb	0	41.086	48.799	-2.890
swarm_130_120.pdb	0	30.357	48.856	-2.925
swarm_70_66.pdb	0	34.369	53.345	-3.213
swarm_134_80.pdb	0	29.591	36.184	-3.247
swarm_45_92.pdb	0.0217391	33.192	33.326	-3.284
swarm_88_109.pdb	0	38.262	66.503	-3.287
swarm_102_9.pdb	0.0217391	31.997	59.002	-3.302
swarm_95_18.pdb	0	25.493	59.967	-3.404
swarm_4_124.pdb	0	38.036	35.976	-3.408
swarm_102_68.pdb	0	23.537	56.145	-3.495
swarm_73_120.pdb	0	18.657	41.16	-3.560
swarm_8_81.pdb	0	25.524	41.904	-3.652
swarm_14_72.pdb	0	26.549	49.477	-3.652
swarm_67_41.pdb	0	47.172	62.638	-3.666
swarm_0_187.pdb	0	18.934	51.153	-3.709
swarm_62_57.pdb	0	29.786	51.865	-3.742
swarm_14_190.pdb	0	45.924	46.682	-3.743
swarm_104_153.pdb	0	21.003	49.21	-3.787
swarm_83_178.pdb	0	36.639	63.645	-3.831
swarm_123_110.pdb	0	28.402	66.358	-3.906
swarm_94_106.pdb	0	22.373	42.762	-3.938
swarm_104_57.pdb	0	18.677	55.779	-3.950
swarm_117_28.pdb	0	23.687	46.986	-3.987
swarm_104_52.pdb	0	25.526	40.029	-3.996
swarm_73_62.pdb	0	22.554	52.956	-4.023
swarm_5_66.pdb	0	42.152	51.583	-4.046
swarm_62_157.pdb	0	22.273	49.13	-4.133
swarm_9_197.pdb	0	21.619	34.191	-4.173
swarm_7_131.pdb	0	12.652	39.512	-4.178
swarm_105_137.pdb	0	21.618	52.627	-4.183
swarm_70_134.pdb	0	51.813	59.482	-4.188
swarm_104_157.pdb	0	31.802	50.338	-4.245
swarm_92_63.pdb	0	25.270	50.506	-4.268
swarm_102_46.pdb	0	28.838	39.859	-4.335
swarm_78_23.pdb	0	32.707	63.439	-4.344
swarm_88_190.pdb	0	24.817	77.037	-4.356
swarm_70_171.pdb	0	47.622	61.21	-4.369
swarm_133_89.pdb	0	37.054	47.176	-4.374
swarm_16_111.pdb	0	24.606	55.825	-4.377
swarm_90_70.pdb	0	34.900	69.028	-4.434
swarm_104_113.pdb	0	23.754	45.332	-4.458
swarm_123_31.pdb	0	38.007	61.583	-4.675
swarm_43_81.pdb	0	34.344	46.131	-4.711
swarm_107_196.pdb	0	32.041	48.723	-4.790
swarm_101_110.pdb	0	29.626	51.333	-4.842
swarm_131_13.pdb	0	46.075	53.009	-4.917
swarm_115_159.pdb	0	42.311	47.9	-4.945
swarm_63_53.pdb	0	33.166	55.809	-4.948
swarm_88_98.pdb	0	32.000	68.499	-4.984
swarm_54_56.pdb	0	22.445	52.961	-4.993
swarm_35_61.pdb	0	27.204	44.972	-5.004
swarm_104_41.pdb	0	32.260	55.758	-5.065
swarm_75_50.pdb	0	28.099	39.151	-5.070
swarm_93_125.pdb	0	34.373	63.561	-5.178
swarm_32_49.pdb	0	19.716	41.415	-5.276
swarm_54_197.pdb	0	31.665	65.014	-5.308
swarm_84_6.pdb	0	30.946	66.501	-5.321
swarm_81_13.pdb	0	34.081	54.455	-5.323
swarm_97_110.pdb	0	32.107	55.006	-5.370
swarm_19_128.pdb	0	26.088	55.454	-5.406
swarm_81_23.pdb	0	27.379	60.521	-5.453
swarm_60_186.pdb	0	39.182	55.036	-5.457
swarm_140_165.pdb	0	32.703	43.825	-5.471
swarm_111_90.pdb	0	38.877	68.043	-5.491
swarm_137_111.pdb	0	29.262	42.785	-5.493
swarm_84_174.pdb	0	37.463	62.031	-5.531
swarm_88_91.pdb	0	40.050	69.116	-5.562
swarm_138_31.pdb	0	29.493	50.461	-5.564
swarm_121_8.pdb	0	21.943	69.145	-5.574
swarm_72_51.pdb	0	24.282	68.748	-5.596
swarm_51_56.pdb	0	22.480	69.743	-5.604
swarm_73_81.pdb	0	21.607	34.758	-5.669
swarm_100_46.pdb	0	19.269	59.169	-5.669
swarm_108_87.pdb	0	42.862	45.276	-5.672
swarm_130_199.pdb	0	41.131	44.417	-5.674
swarm_70_129.pdb	0	37.080	58.652	-5.722
swarm_104_23.pdb	0	21.860	40.017	-5.731
swarm_88_155.pdb	0	35.657	76.133	-5.742
swarm_7_93.pdb	0	23.687	43.227	-5.743
swarm_109_5.pdb	0	30.117	75.017	-5.748
swarm_16_28.pdb	0	29.380	61.324	-5.815
swarm_67_36.pdb	0	42.899	54.96	-5.841
swarm_143_11.pdb	0	22.793	62.534	-5.900
swarm_120_128.pdb	0	32.142	56.139	-5.929
swarm_100_91.pdb	0	34.980	61.045	-5.943
swarm_48_5.pdb	0	26.443	68.65	-5.976
swarm_70_15.pdb	0	31.008	53.369	-6.009
swarm_130_12.pdb	0	42.159	47.261	-6.018
swarm_92_183.pdb	0	31.713	55.603	-6.036
swarm_66_169.pdb	0	27.161	68.943	-6.036
swarm_0_81.pdb	0	38.545	59.703	-6.105
swarm_84_5.pdb	0	35.514	69.379	-6.131
swarm_79_39.pdb	0	41.790	50.783	-6.229
swarm_3_144.pdb	0	24.723	56.164	-6.231
swarm_90_92.pdb	0	36.244	68.781	-6.266
swarm_88_8.pdb	0	20.779	68.047	-6.481
swarm_13_183.pdb	0	28.229	45.641	-6.481
swarm_80_22.pdb	0	23.553	47.652	-6.553
swarm_100_120.pdb	0	24.214	53.87	-6.562
swarm_90_155.pdb	0.0217391	21.582	71.629	-6.570
swarm_105_26.pdb	0	17.136	55.306	-6.592
swarm_19_37.pdb	0	28.920	56.75	-6.769
swarm_63_191.pdb	0	40.190	52.191	-6.912
swarm_16_9.pdb	0	34.277	52.608	-6.929
swarm_146_169.pdb	0	34.743	41.973	-6.959
swarm_81_35.pdb	0	30.148	61.192	-6.981
swarm_10_117.pdb	0	25.170	43.508	-6.993
swarm_130_54.pdb	0	42.627	44.884	-6.999
swarm_104_73.pdb	0	23.413	59.056	-7.139
swarm_142_69.pdb	0	30.034	48.404	-7.152
swarm_65_183.pdb	0	38.943	59.669	-7.207
swarm_105_171.pdb	0	36.182	58.893	-7.229
swarm_83_184.pdb	0	30.942	61.464	-7.267
swarm_30_132.pdb	0	31.864	70.508	-7.319
swarm_104_168.pdb	0	29.352	56.999	-7.319
swarm_88_78.pdb	0	40.154	70.195	-7.347
swarm_65_182.pdb	0	32.137	65.034	-7.355
swarm_131_34.pdb	0	26.447	37.529	-7.367
swarm_9_165.pdb	0	31.632	45.875	-7.453
swarm_51_153.pdb	0	21.582	70.455	-7.458
swarm_3_4.pdb	0	28.886	55.416	-7.469
swarm_131_157.pdb	0	44.719	56.703	-7.476
swarm_63_168.pdb	0	38.544	51.984	-7.515
swarm_0_41.pdb	0	26.565	58.22	-7.521
swarm_13_117.pdb	0	30.358	46.8	-7.575
swarm_135_112.pdb	0	31.372	63.601	-7.617
swarm_111_47.pdb	0	24.373	56.803	-7.627
swarm_84_23.pdb	0	28.662	59.019	-7.636
swarm_0_107.pdb	0	35.632	58.15	-7.640
swarm_131_135.pdb	0	30.684	51.344	-7.700
swarm_131_27.pdb	0	44.606	47.825	-7.739
swarm_98_188.pdb	0	28.657	54.782	-7.766
swarm_91_169.pdb	0	29.630	46.068	-7.824
swarm_104_188.pdb	0	18.537	42.269	-7.835
swarm_142_196.pdb	0	28.611	48.461	-7.885
swarm_64_106.pdb	0	25.411	61.077	-7.890
swarm_98_199.pdb	0	34.110	54.319	-7.898
swarm_140_131.pdb	0	16.815	54.951	-7.966
swarm_41_198.pdb	0	30.918	69.399	-8.060
swarm_62_44.pdb	0	47.554	53.667	-8.078
swarm_139_12.pdb	0	37.881	62.844	-8.092
swarm_88_51.pdb	0	25.910	62.606	-8.162
swarm_107_73.pdb	0	39.252	37.111	-8.187
swarm_135_132.pdb	0	27.584	65.348	-8.209
swarm_5_160.pdb	0	27.390	49.948	-8.264
swarm_98_123.pdb	0	31.652	64.289	-8.284
swarm_92_187.pdb	0	20.133	39.487	-8.352
swarm_131_128.pdb	0	37.835	41.174	-8.388
swarm_123_99.pdb	0	19.606	64.164	-8.410
swarm_104_148.pdb	0	24.850	40.011	-8.497
swarm_95_38.pdb	0	39.584	53.102	-8.512
swarm_67_15.pdb	0	36.853	48.413	-8.550
swarm_13_149.pdb	0	27.016	47.917	-8.594
swarm_121_35.pdb	0	37.015	68.936	-8.639
swarm_115_137.pdb	0.0217391	21.555	54.536	-8.653
swarm_92_134.pdb	0	36.177	56.518	-8.672
swarm_142_173.pdb	0	37.726	45.715	-8.796
swarm_92_85.pdb	0	35.782	55.166	-8.811
swarm_111_128.pdb	0	19.908	72.39	-8.910
swarm_100_96.pdb	0	33.345	60.345	-8.917
swarm_12_106.pdb	0	18.945	55.709	-8.937
swarm_140_15.pdb	0	18.169	58.582	-9.013
swarm_92_107.pdb	0	20.633	52.22	-9.022
swarm_142_61.pdb	0	22.981	53.463	-9.028
swarm_52_10.pdb	0	27.517	75.955	-9.073
swarm_17_190.pdb	0	37.435	46.548	-9.104
swarm_140_50.pdb	0	29.469	58.432	-9.199
swarm_96_79.pdb	0	14.007	31.212	-9.208
swarm_140_61.pdb	0	36.581	60.589	-9.214
swarm_35_98.pdb	0	27.187	48.525	-9.367
swarm_28_28.pdb	0	38.878	65.353	-9.648
swarm_33_166.pdb	0	22.634	24.384	-9.684
swarm_44_127.pdb	0	38.546	69.74	-9.749
swarm_100_52.pdb	0	26.479	64.703	-9.845
swarm_64_128.pdb	0	36.510	67.685	-9.852
swarm_75_8.pdb	0	28.426	45.227	-9.865
swarm_3_104.pdb	0	21.853	48.019	-9.905
swarm_63_189.pdb	0	43.588	61.581	-9.996
swarm_143_114.pdb	0	20.275	43.898	-10.015
swarm_4_85.pdb	0	24.089	46.628	-10.037
swarm_1_34.pdb	0	13.119	53.053	-10.069
swarm_54_132.pdb	0	39.848	55.076	-10.096
swarm_102_59.pdb	0	33.486	61.105	-10.117
swarm_11_129.pdb	0	24.024	62.449	-10.178
swarm_0_155.pdb	0	29.827	53.301	-10.181
swarm_130_153.pdb	0	44.301	57.265	-10.192
swarm_56_5.pdb	0	35.090	57.924	-10.210
swarm_146_42.pdb	0	33.090	40.231	-10.252
swarm_80_152.pdb	0	35.933	61.043	-10.304
swarm_123_101.pdb	0	33.889	74.404	-10.364
swarm_70_173.pdb	0	31.893	54.732	-10.391
swarm_22_131.pdb	0	37.174	63.767	-10.393
swarm_11_107.pdb	0	26.929	51.901	-10.414
swarm_143_1.pdb	0	28.358	58.451	-10.417
swarm_63_90.pdb	0	22.690	60.534	-10.425
swarm_80_96.pdb	0	25.893	49.981	-10.433
swarm_34_169.pdb	0	26.297	73.98	-10.433
swarm_113_161.pdb	0	33.781	64.059	-10.481
swarm_107_195.pdb	0	40.803	50.691	-10.558
swarm_140_155.pdb	0	40.592	62.096	-10.584
swarm_15_77.pdb	0	26.389	60.974	-10.662
swarm_104_71.pdb	0	33.625	55.729	-10.726
swarm_70_79.pdb	0	41.135	49.93	-10.729
swarm_135_123.pdb	0	31.272	65.395	-10.877
swarm_65_106.pdb	0	27.299	61.495	-10.896
swarm_93_199.pdb	0	26.472	66.268	-10.933
swarm_0_8.pdb	0	35.639	58.685	-10.999
swarm_6_54.pdb	0	25.627	68.989	-11.003
swarm_65_93.pdb	0	27.681	65.559	-11.065
swarm_64_39.pdb	0	27.579	63.706	-11.202
swarm_1_28.pdb	0	28.009	61.176	-11.232
swarm_111_151.pdb	0	21.779	61.235	-11.345
swarm_121_90.pdb	0	27.224	63.021	-11.418
swarm_143_131.pdb	0	22.722	54.631	-11.426
swarm_63_67.pdb	0	50.856	62.88	-11.448
swarm_21_120.pdb	0	34.130	47.584	-11.472
swarm_41_78.pdb	0	22.149	65.15	-11.568
swarm_79_151.pdb	0	35.430	34.632	-11.571
swarm_64_195.pdb	0	20.698	57.604	-11.677
swarm_15_146.pdb	0	20.550	51.78	-11.677
swarm_30_42.pdb	0	26.421	66.409	-11.761
swarm_60_91.pdb	0	38.665	54.656	-11.866
swarm_123_183.pdb	0	26.481	69.036	-12.105
swarm_79_36.pdb	0	32.225	40.944	-12.110
swarm_129_91.pdb	0	34.172	55.01	-12.130
swarm_63_81.pdb	0	29.903	56.587	-12.174
swarm_142_199.pdb	0	35.432	60.492	-12.254
swarm_81_81.pdb	0	21.074	53.393	-12.279
swarm_54_84.pdb	0	32.965	60.774	-12.299
swarm_121_198.pdb	0	36.758	60.853	-12.309
swarm_84_133.pdb	0	24.812	60.174	-12.396
swarm_103_27.pdb	0	32.149	57.447	-12.404
swarm_55_149.pdb	0	34.321	55.203	-12.414
swarm_144_133.pdb	0	30.029	43.574	-12.441
swarm_143_149.pdb	0	10.901	46.995	-12.582
swarm_145_116.pdb	0	31.793	46.512	-12.589
swarm_79_47.pdb	0	36.640	50.201	-12.639
swarm_105_36.pdb	0	29.935	61.486	-12.724
swarm_92_55.pdb	0	31.973	57.314	-12.776
swarm_143_42.pdb	0	27.986	55.512	-12.884
swarm_104_182.pdb	0	30.515	51.19	-12.894
swarm_32_62.pdb	0	28.831	45.716	-12.917
swarm_60_165.pdb	0	36.437	48.091	-12.919
swarm_21_194.pdb	0	42.829	62.059	-12.986
swarm_70_154.pdb	0	34.414	45.394	-12.996
swarm_135_67.pdb	0	28.172	70.921	-13.030
swarm_63_3.pdb	0	17.592	60.527	-13.299
swarm_140_16.pdb	0	36.273	59.978	-13.310
swarm_40_56.pdb	0	17.493	35.336	-13.321
swarm_12_5.pdb	0	21.503	64.973	-13.333
swarm_46_90.pdb	0	34.109	49.815	-13.344
swarm_105_96.pdb	0	26.642	41.497	-13.505
swarm_121_49.pdb	0	21.287	47.61	-13.513
swarm_57_114.pdb	0	27.179	51.734	-13.514
swarm_22_18.pdb	0	34.632	49.406	-13.540
swarm_121_72.pdb	0	21.374	64.818	-13.548
swarm_141_58.pdb	0	30.942	49.323	-13.578
swarm_144_111.pdb	0	26.313	45.366	-13.591
swarm_107_165.pdb	0	41.723	48.123	-13.646
swarm_70_158.pdb	0	33.905	60.15	-13.660
swarm_140_181.pdb	0	40.853	60.695	-13.665
swarm_140_103.pdb	0	24.292	57.655	-13.695
swarm_88_119.pdb	0	19.867	68.256	-13.800
swarm_56_188.pdb	0	37.616	61.13	-13.806
swarm_3_1.pdb	0	24.116	61.232	-13.837
swarm_135_148.pdb	0	19.270	66.777	-13.839
swarm_130_98.pdb	0	40.739	55.153	-13.857
swarm_48_81.pdb	0	22.489	57.547	-13.862
swarm_135_44.pdb	0	29.912	72.386	-13.898
swarm_143_158.pdb	0	33.971	62.469	-13.935
swarm_61_181.pdb	0	38.306	60.47	-13.945
swarm_145_159.pdb	0	38.624	44.091	-13.973
swarm_23_150.pdb	0.0652174	30.120	41.242	-13.988
swarm_88_99.pdb	0	35.130	74.931	-14.027
swarm_126_75.pdb	0	29.870	63.907	-14.079
swarm_79_160.pdb	0	33.888	55.233	-14.095
swarm_52_110.pdb	0	24.007	76.123	-14.111
swarm_64_160.pdb	0	26.923	62.569	-14.123
swarm_109_103.pdb	0	32.121	74.439	-14.150
swarm_55_175.pdb	0	37.595	53.789	-14.193
swarm_100_176.pdb	0	18.128	59.996	-14.273
swarm_131_70.pdb	0	42.959	54.484	-14.359
swarm_62_86.pdb	0	33.782	40.88	-14.436
swarm_52_62.pdb	0	30.138	78.481	-14.569
swarm_123_73.pdb	0	30.309	71.513	-14.615
swarm_36_101.pdb	0	26.431	76.817	-14.621
swarm_112_33.pdb	0	33.926	69.999	-14.669
swarm_57_79.pdb	0	27.705	49.308	-14.730
swarm_81_53.pdb	0	26.880	43.61	-14.774
swarm_142_46.pdb	0.0217391	25.850	58.732	-14.795
swarm_129_12.pdb	0	29.933	50.509	-14.814
swarm_69_197.pdb	0	25.334	65.759	-14.870
swarm_131_109.pdb	0	21.347	51.761	-14.904
swarm_3_34.pdb	0	34.279	61.062	-14.937
swarm_9_143.pdb	0	24.370	48.71	-14.965
swarm_16_11.pdb	0	32.644	56.959	-15.012
swarm_109_72.pdb	0	37.265	68.382	-15.098
swarm_131_85.pdb	0	33.013	50.978	-15.215
swarm_11_6.pdb	0.0217391	35.444	45.495	-15.225
swarm_100_156.pdb	0	36.873	59.117	-15.284
swarm_63_114.pdb	0	26.567	57.609	-15.341
swarm_21_87.pdb	0	48.241	54.502	-15.355
swarm_6_156.pdb	0	32.671	54.47	-15.523
swarm_111_89.pdb	0	24.472	68.511	-15.534
swarm_30_105.pdb	0	22.603	73.223	-15.546
swarm_9_104.pdb	0	23.076	45.225	-15.553
swarm_55_108.pdb	0	30.843	57.084	-15.643
swarm_18_109.pdb	0	27.292	71.321	-15.760
swarm_3_47.pdb	0	20.655	47.548	-15.812
swarm_105_139.pdb	0	26.533	60.426	-15.878
swarm_109_148.pdb	0	21.816	68.403	-15.909
swarm_134_24.pdb	0	36.444	41.494	-16.043
swarm_3_158.pdb	0	21.209	48.295	-16.087
swarm_15_73.pdb	0	18.555	65.232	-16.121
swarm_34_185.pdb	0	24.779	66.788	-16.202
swarm_122_145.pdb	0	29.231	54.573	-16.217
swarm_98_179.pdb	0	19.881	53.328	-16.218
swarm_143_143.pdb	0	20.883	54.67	-16.246
swarm_143_199.pdb	0	16.923	53.095	-16.322
swarm_90_162.pdb	0	35.552	70.753	-16.434
swarm_12_155.pdb	0	29.245	57.13	-16.468
swarm_49_112.pdb	0	33.477	57.228	-16.471
swarm_113_75.pdb	0	38.265	61.094	-16.471
swarm_32_22.pdb	0	15.833	31.96	-16.478
swarm_15_117.pdb	0	26.595	60.815	-16.495
swarm_55_29.pdb	0	37.377	51.412	-16.597
swarm_113_3.pdb	0	30.801	57.452	-16.597
swarm_88_72.pdb	0	41.626	73.058	-16.728
swarm_55_75.pdb	0	28.515	49.78	-16.799
swarm_105_71.pdb	0	34.701	60.291	-16.857
swarm_31_169.pdb	0	20.890	68.54	-16.876
swarm_92_179.pdb	0	20.638	35.73	-16.943
swarm_40_7.pdb	0	31.057	45.523	-17.009
swarm_63_17.pdb	0	22.528	60.537	-17.030
swarm_53_101.pdb	0	27.067	75.711	-17.031
swarm_15_130.pdb	0	20.132	57.274	-17.065
swarm_16_112.pdb	0	29.887	52.685	-17.131
swarm_7_105.pdb	0	20.020	44.921	-17.139
swarm_107_135.pdb	0	23.892	50.662	-17.228
swarm_76_183.pdb	0	26.916	49.422	-17.239
swarm_79_70.pdb	0	30.318	53.176	-17.339
swarm_100_68.pdb	0	27.481	56.779	-17.371
swarm_15_15.pdb	0	31.201	66.59	-17.378
swarm_131_86.pdb	0	27.262	45.303	-17.384
swarm_126_70.pdb	0	37.260	65.157	-17.518
swarm_143_74.pdb	0	34.320	53.388	-17.528
swarm_19_126.pdb	0	29.197	63.903	-17.587
swarm_0_169.pdb	0	23.265	53.6	-17.591
swarm_11_80.pdb	0	44.771	65.998	-17.709
swarm_11_84.pdb	0	24.410	60.046	-17.750
swarm_56_66.pdb	0	19.244	41.329	-17.754
swarm_73_156.pdb	0	26.799	40.596	-17.781
swarm_88_178.pdb	0	41.449	76.707	-17.799
swarm_25_159.pdb	0	26.089	73.369	-17.841
swarm_125_24.pdb	0	37.129	53.2	-17.858
swarm_50_16.pdb	0	23.725	75.353	-17.885
swarm_29_48.pdb	0	22.432	67.244	-17.902
swarm_3_82.pdb	0	35.545	57.205	-17.928
swarm_79_85.pdb	0	37.473	42.287	-17.972
swarm_22_174.pdb	0	37.930	62.243	-18.056
swarm_11_26.pdb	0	31.457	58.162	-18.092
swarm_94_31.pdb	0	31.180	49.804	-18.099
swarm_56_118.pdb	0	35.552	61.315	-18.110
swarm_109_100.pdb	0	21.661	72.935	-18.130
swarm_135_176.pdb	0	23.448	67.517	-18.174
swarm_30_75.pdb	0	31.374	71.133	-18.236
swarm_126_168.pdb	0	40.608	63.173	-18.284
swarm_79_144.pdb	0	37.565	38.751	-18.302
swarm_38_52.pdb	0	41.631	69.314	-18.326
swarm_20_13.pdb	0	32.536	70.115	-18.365
swarm_146_182.pdb	0	31.568	35.876	-18.379
swarm_126_115.pdb	0	28.765	73.398	-18.403
swarm_70_186.pdb	0	38.125	64.235	-18.414
swarm_1_99.pdb	0	18.007	48.679	-18.454
swarm_142_12.pdb	0	27.302	59.579	-18.471
swarm_1_194.pdb	0	29.880	64.565	-18.479
swarm_28_34.pdb	0	24.076	55.551	-18.540
swarm_22_59.pdb	0	46.688	68.499	-18.621
swarm_22_193.pdb	0	35.864	57.571	-18.659
swarm_123_144.pdb	0	42.273	66.331	-18.660
swarm_73_25.pdb	0	32.270	53.37	-18.683
swarm_135_185.pdb	0	20.222	66.356	-18.686
swarm_143_184.pdb	0	25.890	49.091	-18.700
swarm_28_170.pdb	0	26.516	59.464	-18.711
swarm_140_156.pdb	0	34.316	50.272	-18.784
swarm_121_71.pdb	0	33.643	73.346	-18.794
swarm_121_178.pdb	0	29.251	59.506	-18.832
swarm_111_142.pdb	0	37.167	67.043	-18.851
swarm_1_122.pdb	0	41.232	58.938	-18.917
swarm_137_71.pdb	0	34.150	48.778	-18.995
swarm_65_190.pdb	0	36.389	64.533	-19.036
swarm_47_133.pdb	0	30.467	71.671	-19.059
swarm_12_61.pdb	0	34.936	60.311	-19.090
swarm_70_100.pdb	0	47.336	59.897	-19.199
swarm_15_92.pdb	0	28.796	66.498	-19.217
swarm_141_8.pdb	0	43.404	64.91	-19.230
swarm_109_196.pdb	0	25.504	77.248	-19.244
swarm_18_33.pdb	0	23.063	69.558	-19.381
swarm_105_135.pdb	0	15.785	58.418	-19.407
swarm_12_182.pdb	0	21.855	59.024	-19.410
swarm_56_29.pdb	0	23.667	48.167	-19.431
swarm_14_77.pdb	0	38.690	53.685	-19.452
swarm_19_100.pdb	0	26.434	62.052	-19.471
swarm_79_41.pdb	0	48.339	58.241	-19.478
swarm_12_121.pdb	0	36.860	61.763	-19.499
swarm_79_116.pdb	0	32.149	55.519	-19.577
swarm_19_173.pdb	0	33.661	70.067	-19.607
swarm_112_179.pdb	0	23.889	63.83	-19.634
swarm_90_6.pdb	0	35.330	76.709	-19.658
swarm_1_127.pdb	0	31.216	53.226	-19.766
swarm_28_184.pdb	0	41.379	63.148	-19.811
swarm_113_139.pdb	0	22.414	59.389	-19.817
swarm_143_171.pdb	0	21.593	48.983	-19.863
swarm_140_195.pdb	0	22.786	58.362	-19.939
swarm_121_147.pdb	0	22.489	63.529	-19.950
swarm_12_69.pdb	0	29.187	56.421	-19.963
swarm_110_143.pdb	0	31.993	75.76	-19.989
swarm_6_148.pdb	0	36.675	72.579	-20.019
swarm_109_15.pdb	0	40.093	68.282	-20.087
swarm_135_122.pdb	0	23.132	72.348	-20.180
swarm_12_96.pdb	0	24.712	56.401	-20.242
swarm_64_107.pdb	0	21.453	57.155	-20.244
swarm_139_161.pdb	0	36.622	58.529	-20.251
swarm_135_99.pdb	0	33.370	61.019	-20.253
swarm_6_126.pdb	0	28.589	69.85	-20.286
swarm_1_152.pdb	0	20.064	56.939	-20.303
swarm_14_132.pdb	0	26.215	44.995	-20.430
swarm_143_36.pdb	0	24.478	51.283	-20.451
swarm_110_36.pdb	0	24.802	75.154	-20.479
swarm_14_131.pdb	0	24.892	53.883	-20.499
swarm_11_168.pdb	0	32.725	61.797	-20.540
swarm_121_100.pdb	0	33.117	72.291	-20.558
swarm_50_196.pdb	0	23.191	68.226	-20.562
swarm_141_100.pdb	0	39.863	64.47	-20.581
swarm_55_127.pdb	0	37.346	57.695	-20.658
swarm_63_175.pdb	0	47.792	69.726	-20.725
swarm_15_36.pdb	0	26.843	60.979	-20.744
swarm_44_181.pdb	0	20.558	57.689	-20.767
swarm_41_101.pdb	0	23.831	64.539	-20.779
swarm_141_187.pdb	0	40.292	67.587	-20.844
swarm_54_188.pdb	0	25.982	55.828	-20.854
swarm_20_62.pdb	0	37.712	72.434	-20.902
swarm_109_60.pdb	0	19.814	69.546	-20.922
swarm_20_48.pdb	0	40.941	80.616	-20.980
swarm_50_130.pdb	0	22.255	67.274	-20.983
swarm_109_20.pdb	0	37.166	77.017	-21.032
swarm_51_77.pdb	0	40.194	69.523	-21.069
swarm_28_25.pdb	0	46.610	56.734	-21.125
swarm_6_77.pdb	0	40.988	68.076	-21.139
swarm_104_161.pdb	0	31.641	59.79	-21.179
swarm_9_12.pdb	0	24.361	55.708	-21.205
swarm_113_8.pdb	0	31.544	53.894	-21.230
swarm_27_185.pdb	0	24.346	60.062	-21.242
swarm_12_31.pdb	0	23.604	66.846	-21.261
swarm_131_37.pdb	0	35.865	54.093	-21.276
swarm_126_185.pdb	0	28.069	59.478	-21.304
swarm_11_148.pdb	0.0217391	30.822	54.455	-21.319
swarm_129_142.pdb	0	31.450	46.543	-21.335
swarm_12_42.pdb	0	33.905	64.661	-21.351
swarm_1_37.pdb	0	26.162	57.052	-21.364
swarm_70_107.pdb	0	25.272	56.852	-21.374
swarm_25_74.pdb	0	27.116	72.742	-21.379
swarm_139_69.pdb	0	27.305	59.148	-21.468
swarm_83_27.pdb	0	29.500	59.222	-21.489
swarm_25_89.pdb	0	39.008	72.972	-21.491
swarm_85_64.pdb	0	19.985	54.389	-21.546
swarm_36_159.pdb	0	32.187	76.193	-21.566
swarm_123_11.pdb	0	32.120	75.829	-21.629
swarm_135_84.pdb	0	40.553	69.319	-21.648
swarm_11_105.pdb	0	35.426	54.545	-21.672
swarm_24_62.pdb	0	20.876	50.232	-21.674
swarm_34_64.pdb	0	30.253	62.768	-21.698
swarm_1_39.pdb	0	18.454	56.96	-21.721
swarm_1_155.pdb	0	17.329	60.92	-21.763
swarm_131_116.pdb	0.0217391	27.264	60.883	-21.800
swarm_63_42.pdb	0	42.207	64.198	-21.824
swarm_113_65.pdb	0	18.328	63.319	-21.830
swarm_28_125.pdb	0	32.598	61.113	-22.069
swarm_100_27.pdb	0	25.552	57.849	-22.069
swarm_44_173.pdb	0	25.259	52.407	-22.099
swarm_34_95.pdb	0	33.060	68.889	-22.118
swarm_82_155.pdb	0	28.603	67.646	-22.146
swarm_36_117.pdb	0	23.692	70.823	-22.168
swarm_30_49.pdb	0	33.904	63.893	-22.201
swarm_47_142.pdb	0	22.491	76.623	-22.308
swarm_14_172.pdb	0	31.072	49.173	-22.317
swarm_1_6.pdb	0	24.283	61.352	-22.350
swarm_55_113.pdb	0	42.548	50.46	-22.383
swarm_30_122.pdb	0	22.468	68.024	-22.425
swarm_11_77.pdb	0	40.700	55.547	-22.458
swarm_55_34.pdb	0	41.663	55.052	-22.476
swarm_4_174.pdb	0	40.962	60.511	-22.605
swarm_70_199.pdb	0	42.694	58.689	-22.619
swarm_44_0.pdb	0	37.221	68.137	-22.619
swarm_123_75.pdb	0	26.684	71.841	-22.656
swarm_6_4.pdb	0	31.341	65.806	-22.734
swarm_145_99.pdb	0	33.585	46.48	-22.763
swarm_4_34.pdb	0	36.723	52.993	-22.817
swarm_33_117.pdb	0	34.391	36.895	-22.864
swarm_41_124.pdb	0	30.002	67.684	-22.889
swarm_19_10.pdb	0	30.940	69.516	-22.893
swarm_9_76.pdb	0	14.055	53.118	-22.911
swarm_12_59.pdb	0	27.393	57.258	-22.924
swarm_126_154.pdb	0	37.741	56.534	-22.962
swarm_15_32.pdb	0	23.393	65.608	-22.966
swarm_142_105.pdb	0	21.924	63.488	-23.031
swarm_24_61.pdb	0	22.612	56.993	-23.085
swarm_20_61.pdb	0	29.960	71.646	-23.108
swarm_131_67.pdb	0	38.806	54.645	-23.167
swarm_15_111.pdb	0	25.309	63.511	-23.195
swarm_126_78.pdb	0	35.092	66.964	-23.196
swarm_112_9.pdb	0	27.095	73.095	-23.207
swarm_113_159.pdb	0	22.528	56.373	-23.216
swarm_117_101.pdb	0	31.006	39.175	-23.228
swarm_53_178.pdb	0	36.089	80.732	-23.231
swarm_19_110.pdb	0	23.527	66.67	-23.234
swarm_119_100.pdb	0	22.459	37.663	-23.242
swarm_22_91.pdb	0	46.550	61.502	-23.288
swarm_112_197.pdb	0	20.748	57.496	-23.408
swarm_56_137.pdb	0	33.718	56.771	-23.409
swarm_37_147.pdb	0	19.424	72.326	-23.443
swarm_21_82.pdb	0.0217391	29.647	57.448	-23.452
swarm_55_11.pdb	0	31.228	57.046	-23.470
swarm_29_131.pdb	0	33.624	72.784	-23.480
swarm_121_85.pdb	0	35.308	67.586	-23.492
swarm_123_27.pdb	0	34.870	72.191	-23.502
swarm_102_178.pdb	0	22.305	49.639	-23.520
swarm_28_0.pdb	0	39.713	67.773	-23.532
swarm_53_28.pdb	0	27.977	71.138	-23.609
swarm_46_38.pdb	0	34.994	60.381	-23.613
swarm_1_185.pdb	0	39.909	65.627	-23.628
swarm_19_188.pdb	0	17.234	52.272	-23.644
swarm_28_119.pdb	0	32.886	66.022	-23.645
swarm_63_50.pdb	0	33.961	63.755	-23.693
swarm_56_145.pdb	0	26.810	52.433	-23.708
swarm_78_192.pdb	0	38.469	64.458	-23.731
swarm_30_99.pdb	0	35.184	67.392	-23.774
swarm_37_180.pdb	0	23.646	76.897	-23.780
swarm_20_24.pdb	0	26.095	71.327	-23.800
swarm_1_140.pdb	0	16.703	56.38	-23.800
swarm_4_50.pdb	0	42.250	56.922	-23.836
swarm_3_19.pdb	0	26.013	67.648	-23.854
swarm_111_69.pdb	0	29.961	59.075	-23.866
swarm_141_53.pdb	0	24.687	55.921	-23.886
swarm_133_20.pdb	0	23.527	44.083	-23.891
swarm_44_157.pdb	0	30.957	75.692	-23.925
swarm_92_108.pdb	0	15.369	48.262	-23.969
swarm_98_36.pdb	0	22.758	58.799	-23.981
swarm_44_144.pdb	0	20.304	69.909	-23.996
swarm_38_65.pdb	0	26.682	53.504	-24.045
swarm_64_9.pdb	0	26.007	64.986	-24.060
swarm_20_45.pdb	0	37.584	76.962	-24.073
swarm_122_101.pdb	0	27.436	57.138	-24.106
swarm_92_132.pdb	0	24.946	45.139	-24.155
swarm_30_43.pdb	0	35.896	68.438	-24.233
swarm_21_54.pdb	0	41.526	63.199	-24.242
swarm_21_48.pdb	0	25.213	52.301	-24.287
swarm_21_166.pdb	0	36.782	53.181	-24.300
swarm_44_178.pdb	0	36.422	67.256	-24.345
swarm_38_84.pdb	0	21.168	72.344	-24.416
swarm_47_74.pdb	0	21.499	75.32	-24.451
swarm_135_101.pdb	0	27.175	66.12	-24.472
swarm_4_71.pdb	0	29.653	60.784	-24.525
swarm_11_30.pdb	0	37.054	54.928	-24.549
swarm_34_124.pdb	0	19.519	70.009	-24.572
swarm_82_158.pdb	0	40.275	59.245	-24.573
swarm_126_181.pdb	0	21.206	57.628	-24.574
swarm_82_40.pdb	0	29.682	58.553	-24.592
swarm_48_160.pdb	0	34.227	66.519	-24.667
swarm_52_54.pdb	0	35.424	80.048	-24.710
swarm_56_184.pdb	0	21.531	59.784	-24.751
swarm_85_17.pdb	0	22.579	54.217	-24.819
swarm_99_77.pdb	0	32.212	45.81	-24.831
swarm_38_152.pdb	0	35.791	72.857	-24.894
swarm_121_17.pdb	0	23.030	65.947	-25.007
swarm_79_50.pdb	0	30.962	50.004	-25.011
swarm_51_45.pdb	0	25.435	75.937	-25.020
swarm_123_33.pdb	0	32.468	72.454	-25.061
swarm_6_45.pdb	0	19.015	64.467	-25.069
swarm_19_11.pdb	0	35.514	60.558	-25.117
swarm_69_87.pdb	0	20.545	61.376	-25.160
swarm_29_71.pdb	0	20.816	62.226	-25.184
swarm_18_95.pdb	0	36.996	77.547	-25.206
swarm_24_83.pdb	0	23.631	58.516	-25.277
swarm_122_79.pdb	0	35.038	65.463	-25.295
swarm_63_66.pdb	0	23.891	58.189	-25.322
swarm_12_57.pdb	0	23.829	70.271	-25.377
swarm_112_117.pdb	0	34.946	62.793	-25.401
swarm_4_163.pdb	0	47.462	58.511	-25.429
swarm_109_49.pdb	0	28.580	74.957	-25.432
swarm_38_184.pdb	0	28.060	68.198	-25.509
swarm_144_6.pdb	0	29.242	39.031	-25.569
swarm_55_59.pdb	0	26.216	47.693	-25.634
swarm_22_60.pdb	0	45.437	66.501	-25.634
swarm_4_139.pdb	0	27.539	51.893	-25.748
swarm_4_45.pdb	0	31.180	58.9	-25.749
swarm_38_145.pdb	0	29.316	58.534	-25.777
swarm_25_92.pdb	0	41.882	78.762	-25.805
swarm_44_160.pdb	0	26.975	65.346	-25.867
swarm_15_145.pdb	0	27.639	71.931	-25.942
swarm_49_121.pdb	0	23.385	60.512	-25.965
swarm_126_107.pdb	0	28.467	58.159	-25.984
swarm_25_121.pdb	0	29.527	82.006	-26.032
swarm_44_136.pdb	0	21.061	55.479	-26.060
swarm_122_25.pdb	0	37.001	56.82	-26.139
swarm_22_45.pdb	0	42.723	66.985	-26.152
swarm_133_152.pdb	0	38.340	48.395	-26.165
swarm_64_152.pdb	0	23.047	63.405	-26.189
swarm_87_192.pdb	0	24.352	39.987	-26.200
swarm_85_115.pdb	0	33.331	58.91	-26.267
swarm_3_149.pdb	0	37.945	65.818	-26.280
swarm_15_192.pdb	0	22.625	72.085	-26.297
swarm_15_188.pdb	0	27.200	62.693	-26.319
swarm_113_186.pdb	0	24.873	56.848	-26.335
swarm_71_47.pdb	0	21.305	45.897	-26.339
swarm_31_175.pdb	0	39.955	75.435	-26.349
swarm_30_45.pdb	0	22.073	71.78	-26.420
swarm_12_115.pdb	0	39.888	69.445	-26.462
swarm_16_64.pdb	0	30.551	64.293	-26.472
swarm_126_145.pdb	0	20.688	70.094	-26.512
swarm_69_38.pdb	0	33.072	60.077	-26.541
swarm_64_151.pdb	0	40.622	63.451	-26.587
swarm_25_129.pdb	0	34.844	78.618	-26.598
swarm_55_96.pdb	0	36.293	54.805	-26.640
swarm_51_166.pdb	0	33.002	61.998	-26.694
swarm_95_124.pdb	0	31.449	34.026	-26.725
swarm_102_0.pdb	0	37.405	63.688	-26.771
swarm_34_85.pdb	0	26.851	70.45	-26.791
swarm_53_138.pdb	0	31.207	76.745	-26.826
swarm_131_152.pdb	0	42.963	59.885	-26.834
swarm_126_12.pdb	0	35.031	72.055	-26.848
swarm_110_76.pdb	0	20.319	69.12	-26.915
swarm_10_126.pdb	0	26.217	43.463	-26.960
swarm_27_61.pdb	0	20.914	47.564	-27.000
swarm_143_58.pdb	0	35.327	57.746	-27.000
swarm_27_144.pdb	0	32.751	62.726	-27.013
swarm_68_68.pdb	0	32.172	49.404	-27.023
swarm_39_24.pdb	0	30.337	44.293	-27.027
swarm_82_199.pdb	0	40.620	62.42	-27.042
swarm_113_25.pdb	0	23.941	56.731	-27.111
swarm_28_67.pdb	0	34.614	67.547	-27.125
swarm_9_50.pdb	0	22.215	59.364	-27.172
swarm_25_181.pdb	0	41.501	79.576	-27.177
swarm_24_82.pdb	0	22.643	55.147	-27.183
swarm_4_39.pdb	0	32.563	56.708	-27.193
swarm_92_180.pdb	0	20.493	42.808	-27.195
swarm_41_178.pdb	0	27.099	57.033	-27.200
swarm_112_16.pdb	0	26.377	47.237	-27.203
swarm_123_63.pdb	0	35.005	69.689	-27.210
swarm_124_143.pdb	0	19.223	43.788	-27.232
swarm_47_17.pdb	0	19.001	76.111	-27.249
swarm_41_24.pdb	0	27.341	53.821	-27.278
swarm_27_89.pdb	0	23.302	60.306	-27.292
swarm_135_121.pdb	0	34.438	73.852	-27.303
swarm_29_132.pdb	0	23.739	74.687	-27.310
swarm_110_151.pdb	0	32.561	71.8	-27.377
swarm_34_0.pdb	0	27.357	69.758	-27.388
swarm_22_39.pdb	0	37.896	64.87	-27.401
swarm_110_44.pdb	0	30.180	67.751	-27.508
swarm_47_22.pdb	0	30.161	63.566	-27.519
swarm_136_141.pdb	0	25.904	43.402	-27.575
swarm_36_147.pdb	0	27.581	69.423	-27.607
swarm_18_13.pdb	0	23.350	76.786	-27.667
swarm_1_82.pdb	0	24.238	56.419	-27.670
swarm_96_46.pdb	0	13.677	40.243	-27.683
swarm_28_54.pdb	0	45.636	63.85	-27.686
swarm_38_166.pdb	0	34.120	67.851	-27.718
swarm_47_104.pdb	0	24.185	75.964	-27.769
swarm_121_159.pdb	0	34.250	70.517	-27.839
swarm_126_135.pdb	0	28.053	58.727	-27.870
swarm_82_137.pdb	0	34.678	68.41	-27.897
swarm_49_61.pdb	0	29.885	67.356	-27.928
swarm_89_191.pdb	0	28.689	69.584	-27.943
swarm_83_15.pdb	0	17.973	63.165	-28.005
swarm_69_59.pdb	0	47.363	67.438	-28.026
swarm_20_15.pdb	0	38.813	79.547	-28.072
swarm_92_153.pdb	0	17.075	46.71	-28.073
swarm_126_53.pdb	0	33.974	68.217	-28.073
swarm_53_69.pdb	0	30.134	76.43	-28.217
swarm_70_58.pdb	0	29.629	62.723	-28.220
swarm_18_172.pdb	0	32.134	71.454	-28.249
swarm_56_63.pdb	0	26.768	65.833	-28.275
swarm_126_116.pdb	0	32.486	64.988	-28.361
swarm_41_85.pdb	0	32.029	68.158	-28.407
swarm_94_123.pdb	0	25.998	49.867	-28.426
swarm_9_122.pdb	0	16.970	53.009	-28.434
swarm_38_124.pdb	0	39.981	67.991	-28.464
swarm_126_8.pdb	0	37.655	62.264	-28.464
swarm_38_64.pdb	0	43.850	74.343	-28.470
swarm_28_50.pdb	0	35.623	64.803	-28.600
swarm_135_178.pdb	0	28.558	64.968	-28.608
swarm_123_91.pdb	0	39.808	78.959	-28.690
swarm_122_69.pdb	0	50.027	56.437	-28.740
swarm_64_184.pdb	0	33.335	71.232	-28.778
swarm_114_184.pdb	0	35.250	56.617	-28.809
swarm_82_7.pdb	0	46.643	65.457	-28.834
swarm_92_123.pdb	0	17.221	50.721	-28.845
swarm_18_5.pdb	0	27.346	76.175	-28.884
swarm_130_19.pdb	0	25.986	39.618	-28.912
swarm_82_21.pdb	0	48.383	65.357	-28.917
swarm_49_68.pdb	0	22.624	65.773	-28.933
swarm_64_10.pdb	0	26.212	70.687	-28.940
swarm_4_109.pdb	0	29.861	53.39	-28.972
swarm_126_76.pdb	0	34.237	57.345	-29.012
swarm_78_78.pdb	0	32.838	61.949	-29.031
swarm_121_70.pdb	0	25.375	61.67	-29.075
swarm_83_108.pdb	0	17.491	65.918	-29.088
swarm_121_9.pdb	0	28.723	75.189	-29.108
swarm_24_35.pdb	0	37.882	65.342	-29.113
swarm_22_94.pdb	0	34.047	61.057	-29.113
swarm_14_35.pdb	0	42.778	55.197	-29.144
swarm_89_195.pdb	0	19.582	61.803	-29.271
swarm_70_149.pdb	0	24.972	54.039	-29.329
swarm_18_183.pdb	0	24.831	70.095	-29.336
swarm_47_33.pdb	0	24.444	67.227	-29.467
swarm_82_76.pdb	0	30.565	57.14	-29.522
swarm_69_180.pdb	0	32.979	66.235	-29.531
swarm_24_66.pdb	0	24.840	64.329	-29.600
swarm_41_92.pdb	0	35.289	63.743	-29.617
swarm_112_148.pdb	0	25.177	69.454	-29.617
swarm_56_43.pdb	0	27.231	61.057	-29.621
swarm_124_131.pdb	0	29.157	45.33	-29.643
swarm_141_116.pdb	0	34.822	57.681	-29.668
swarm_1_139.pdb	0	37.636	66.415	-29.697
swarm_131_69.pdb	0	39.826	60.139	-29.703
swarm_12_32.pdb	0	29.374	49.606	-29.781
swarm_29_188.pdb	0	22.910	70.406	-29.785
swarm_31_90.pdb	0	25.162	71.681	-29.830
swarm_11_198.pdb	0	44.045	62.724	-29.835
swarm_122_159.pdb	0	32.274	40.13	-29.884
swarm_1_90.pdb	0	40.726	62.137	-29.956
swarm_31_36.pdb	0	30.758	79.131	-29.960
swarm_69_172.pdb	0	30.003	69.575	-29.973
swarm_68_53.pdb	0	48.893	69.132	-30.050
swarm_47_131.pdb	0	30.603	78.258	-30.120
swarm_102_194.pdb	0	25.699	63.996	-30.147
swarm_100_172.pdb	0	38.176	59.664	-30.175
swarm_82_60.pdb	0	44.189	62.739	-30.191
swarm_70_144.pdb	0	42.326	64.569	-30.206
swarm_1_161.pdb	0	22.968	52.549	-30.222
swarm_114_195.pdb	0	42.203	53.763	-30.316
swarm_37_27.pdb	0	26.786	68.101	-30.339
swarm_64_113.pdb	0	24.584	64.829	-30.340
swarm_122_122.pdb	0	25.717	63.679	-30.362
swarm_112_182.pdb	0	40.886	68.121	-30.371
swarm_36_87.pdb	0.0217391	28.635	74.633	-30.373
swarm_56_183.pdb	0	29.329	63.79	-30.377
swarm_110_45.pdb	0	32.152	70.855	-30.399
swarm_6_73.pdb	0	26.880	71.407	-30.421
swarm_79_84.pdb	0	31.380	57.11	-30.473
swarm_55_66.pdb	0	25.242	60.473	-30.480
swarm_6_15.pdb	0	47.431	75.45	-30.498
swarm_110_112.pdb	0	40.404	70.437	-30.543
swarm_68_124.pdb	0	49.349	63.324	-30.615
swarm_28_117.pdb	0.0217391	38.572	69.416	-30.661
swarm_69_145.pdb	0	42.869	68.118	-30.676
swarm_11_177.pdb	0	45.106	60.918	-30.686
swarm_145_106.pdb	0	28.478	45.169	-30.691
swarm_122_117.pdb	0	42.920	64.923	-30.775
swarm_79_28.pdb	0	35.506	44.515	-30.781
swarm_115_190.pdb	0	33.827	55.854	-30.782
swarm_64_31.pdb	0	38.988	64.464	-30.803
swarm_25_55.pdb	0	38.107	76.045	-30.815
swarm_37_93.pdb	0	29.739	63.865	-30.841
swarm_141_198.pdb	0.0217391	34.742	57.912	-30.949
swarm_9_55.pdb	0	21.408	52.557	-30.955
swarm_68_30.pdb	0	46.645	64.546	-30.959
swarm_1_117.pdb	0	35.013	62.308	-30.974
swarm_111_132.pdb	0	37.930	73.607	-31.098
swarm_47_85.pdb	0	38.267	78.441	-31.125
swarm_63_14.pdb	0	42.863	62.975	-31.177
swarm_141_0.pdb	0	36.291	65.728	-31.205
swarm_79_120.pdb	0	33.500	60.412	-31.256
swarm_83_73.pdb	0	39.502	60.041	-31.293
swarm_56_14.pdb	0	28.512	64.117	-31.296
swarm_79_142.pdb	0	27.847	56.945	-31.380
swarm_29_103.pdb	0	22.061	75.146	-31.384
swarm_142_98.pdb	0	26.359	66.797	-31.387
swarm_64_68.pdb	0	25.941	60.498	-31.429
swarm_123_167.pdb	0	35.163	68.801	-31.537
swarm_24_8.pdb	0	40.378	68.944	-31.580
swarm_11_125.pdb	0	32.871	43.792	-31.679
swarm_123_185.pdb	0	25.067	71.873	-31.709
swarm_24_21.pdb	0	20.070	64.566	-31.743
swarm_44_23.pdb	0	27.334	59.93	-31.878
swarm_27_173.pdb	0	33.764	66.521	-31.945
swarm_6_149.pdb	0	45.340	66.73	-31.962
swarm_70_124.pdb	0	51.410	63.284	-32.106
swarm_24_111.pdb	0	22.244	53.283	-32.121
swarm_11_141.pdb	0	33.432	64.571	-32.173
swarm_134_154.pdb	0	31.710	40.49	-32.189
swarm_9_27.pdb	0	8.881	39.458	-32.239
swarm_21_174.pdb	0	42.617	61.305	-32.256
swarm_6_53.pdb	0	42.222	65.821	-32.274
swarm_25_17.pdb	0	40.799	82.8	-32.282
swarm_82_195.pdb	0	30.299	51.735	-32.325
swarm_65_128.pdb	0	27.210	69.602	-32.331
swarm_3_131.pdb	0	34.712	66.778	-32.373
swarm_85_102.pdb	0	32.682	68.919	-32.393
swarm_113_11.pdb	0	31.708	61.86	-32.415
swarm_29_6.pdb	0	37.909	76.303	-32.508
swarm_28_21.pdb	0	33.440	51.132	-32.513
swarm_48_77.pdb	0	24.277	63.011	-32.564
swarm_24_105.pdb	0	18.396	55.884	-32.595
swarm_47_141.pdb	0	33.435	71.375	-32.614
swarm_11_161.pdb	0	28.869	53.669	-32.648
swarm_24_128.pdb	0	34.825	64.463	-32.667
swarm_30_111.pdb	0	23.379	68.384	-32.669
swarm_4_158.pdb	0	42.470	51.037	-32.706
swarm_12_172.pdb	0	29.827	63.129	-32.751
swarm_79_192.pdb	0	35.747	58.646	-32.775
swarm_36_197.pdb	0	37.370	76.241	-32.777
swarm_24_182.pdb	0	29.037	66.342	-32.860
swarm_31_70.pdb	0	33.665	67.615	-32.864
swarm_6_163.pdb	0	41.715	73.704	-32.868
swarm_68_106.pdb	0	37.479	68.854	-32.904
swarm_31_37.pdb	0	31.639	62.469	-32.931
swarm_89_81.pdb	0	25.142	58.845	-32.951
swarm_105_30.pdb	0	13.116	40.452	-32.963
swarm_8_84.pdb	0	29.027	45.739	-33.055
swarm_50_138.pdb	0	29.118	72.272	-33.082
swarm_63_173.pdb	0	36.854	69.965	-33.127
swarm_36_95.pdb	0	32.265	74.75	-33.185
swarm_47_56.pdb	0	18.155	80.213	-33.284
swarm_18_114.pdb	0	26.285	78.314	-33.366
swarm_50_22.pdb	0	22.978	70.395	-33.376
swarm_52_4.pdb	0	24.459	74.576	-33.449
swarm_111_31.pdb	0	21.815	73.323	-33.463
swarm_48_71.pdb	0	33.247	72.93	-33.486
swarm_6_29.pdb	0	39.810	69.591	-33.544
swarm_31_32.pdb	0	38.065	80.997	-33.551
swarm_55_12.pdb	0	31.801	45.517	-33.590
swarm_49_181.pdb	0	38.697	68.263	-33.721
swarm_111_49.pdb	0	24.197	65.053	-33.749
swarm_32_50.pdb	0	24.756	44.859	-33.772
swarm_126_109.pdb	0	33.543	73.448	-33.809
swarm_36_137.pdb	0	25.182	73.201	-33.813
swarm_68_97.pdb	0	48.724	71.92	-33.848
swarm_72_3.pdb	0.0652174	27.286	64.746	-33.867
swarm_50_103.pdb	0	21.237	72.044	-33.901
swarm_68_78.pdb	0	32.001	51.957	-33.976
swarm_36_143.pdb	0.0217391	18.706	79.803	-34.009
swarm_25_57.pdb	0	34.953	71.925	-34.056
swarm_51_66.pdb	0	29.011	76.71	-34.079
swarm_28_105.pdb	0	43.190	64.633	-34.161
swarm_142_112.pdb	0	45.111	58.473	-34.161
swarm_122_116.pdb	0	27.668	66.467	-34.244
swarm_113_17.pdb	0	22.427	65.864	-34.381
swarm_18_82.pdb	0	19.424	76.011	-34.432
swarm_117_191.pdb	0.0217391	34.884	31.577	-34.446
swarm_6_133.pdb	0	35.769	56.409	-34.465
swarm_36_110.pdb	0	28.706	74.842	-34.498
swarm_47_138.pdb	0	32.805	79.365	-34.534
swarm_25_59.pdb	0	23.838	68.662	-34.540
swarm_48_104.pdb	0	31.230	60.048	-34.541
swarm_89_29.pdb	0	22.587	66.776	-34.550
swarm_51_50.pdb	0	34.352	78.173	-34.596
swarm_49_17.pdb	0	32.078	68.042	-34.609
swarm_68_165.pdb	0	30.765	68.716	-34.615
swarm_44_166.pdb	0	25.195	72.356	-34.616
swarm_112_124.pdb	0	23.047	54.833	-34.623
swarm_64_163.pdb	0	35.749	66.75	-34.644
swarm_41_171.pdb	0	24.906	67.423	-34.645
swarm_122_165.pdb	0	39.162	56.297	-34.651
swarm_121_7.pdb	0	35.686	66.87	-34.688
swarm_69_124.pdb	0	25.059	69.038	-34.691
swarm_22_85.pdb	0	31.921	56.32	-34.721
swarm_51_80.pdb	0	43.476	80.534	-34.777
swarm_55_63.pdb	0	31.291	51.424	-34.783
swarm_47_124.pdb	0	30.367	67.438	-34.787
swarm_135_11.pdb	0	19.051	58.205	-34.805
swarm_68_136.pdb	0	49.204	71.149	-34.813
swarm_89_136.pdb	0	14.971	63.739	-34.914
swarm_140_138.pdb	0	33.678	61.787	-34.938
swarm_69_70.pdb	0	29.920	73.886	-34.956
swarm_14_151.pdb	0	38.257	41.901	-35.001
swarm_37_18.pdb	0	39.194	74.821	-35.073
swarm_6_80.pdb	0	44.998	68.351	-35.080
swarm_122_73.pdb	0	46.169	58.0	-35.099
swarm_18_153.pdb	0	23.766	84.299	-35.216
swarm_69_40.pdb	0	46.232	68.663	-35.401
swarm_48_84.pdb	0	36.876	64.465	-35.411
swarm_31_48.pdb	0	36.269	73.32	-35.446
swarm_5_135.pdb	0	20.059	41.435	-35.480
swarm_68_139.pdb	0	30.129	65.233	-35.555
swarm_48_86.pdb	0	26.579	70.865	-35.580
swarm_31_194.pdb	0.0217391	25.071	73.29	-35.614
swarm_21_189.pdb	0	40.774	54.187	-35.616
swarm_20_175.pdb	0	29.060	80.109	-35.640
swarm_89_133.pdb	0	25.044	73.925	-35.672
swarm_24_190.pdb	0	22.479	62.321	-35.698
swarm_89_41.pdb	0	32.023	75.556	-35.745
swarm_141_97.pdb	0	36.730	64.877	-35.767
swarm_31_27.pdb	0	43.019	77.589	-35.798
swarm_113_126.pdb	0	37.449	64.866	-35.799
swarm_37_6.pdb	0	31.918	69.869	-35.844
swarm_31_16.pdb	0	24.832	70.135	-35.861
swarm_27_125.pdb	0	37.747	68.722	-35.936
swarm_22_137.pdb	0	38.344	50.665	-35.960
swarm_62_36.pdb	0	19.519	51.138	-36.095
swarm_18_42.pdb	0	33.989	76.309	-36.219
swarm_18_180.pdb	0	38.518	75.536	-36.306
swarm_56_102.pdb	0	32.708	61.292	-36.333
swarm_44_120.pdb	0	37.499	70.373	-36.336
swarm_68_55.pdb	0	44.291	64.617	-36.352
swarm_18_10.pdb	0	27.980	83.231	-36.365
swarm_36_37.pdb	0	33.915	78.143	-36.382
swarm_29_61.pdb	0	19.954	77.984	-36.399
swarm_37_19.pdb	0	29.175	64.659	-36.402
swarm_29_60.pdb	0	22.902	67.228	-36.448
swarm_52_51.pdb	0	27.889	80.421	-36.468
swarm_131_139.pdb	0	21.647	62.783	-36.470
swarm_82_152.pdb	0	25.349	59.293	-36.493
swarm_112_170.pdb	0	29.113	62.646	-36.532
swarm_51_198.pdb	0	35.507	70.609	-36.534
swarm_112_34.pdb	0	25.241	64.019	-36.574
swarm_73_178.pdb	0	17.758	39.626	-36.644
swarm_22_55.pdb	0	40.753	54.995	-36.682
swarm_69_125.pdb	0	30.405	67.684	-36.756
swarm_69_130.pdb	0	27.820	64.105	-36.848
swarm_36_170.pdb	0	17.833	75.476	-36.894
swarm_103_102.pdb	0	39.649	59.736	-36.906
swarm_63_55.pdb	0	24.848	62.736	-36.909
swarm_90_80.pdb	0.0217391	38.921	71.174	-36.962
swarm_90_104.pdb	0	27.869	75.692	-36.977
swarm_53_82.pdb	0	31.774	69.527	-37.084
swarm_11_196.pdb	0	27.589	66.072	-37.151
swarm_25_108.pdb	0	26.977	74.27	-37.232
swarm_44_34.pdb	0	33.692	70.792	-37.267
swarm_82_79.pdb	0	25.589	57.951	-37.269
swarm_122_140.pdb	0	22.984	59.687	-37.272
swarm_25_7.pdb	0	24.883	74.577	-37.289
swarm_44_197.pdb	0	24.130	75.088	-37.340
swarm_6_16.pdb	0	40.762	54.23	-37.396
swarm_69_17.pdb	0	36.914	61.411	-37.406
swarm_82_82.pdb	0	33.666	53.085	-37.418
swarm_68_45.pdb	0	29.892	65.489	-37.480
swarm_68_49.pdb	0	34.094	67.583	-37.493
swarm_64_135.pdb	0	32.145	63.489	-37.547
swarm_24_11.pdb	0	31.279	68.103	-37.560
swarm_136_45.pdb	0	22.122	52.566	-37.562
swarm_37_66.pdb	0	34.211	66.138	-37.568
swarm_122_27.pdb	0	40.291	61.575	-37.599
swarm_20_95.pdb	0	28.091	77.787	-37.607
swarm_43_186.pdb	0	19.207	31.509	-37.755
swarm_51_134.pdb	0	26.804	74.057	-37.765
swarm_44_50.pdb	0.0217391	26.884	73.677	-37.783
swarm_54_80.pdb	0	28.240	55.468	-37.829
swarm_29_15.pdb	0	29.985	78.889	-37.889
swarm_53_161.pdb	0	36.707	76.913	-37.898
swarm_39_136.pdb	0	29.743	42.429	-37.994
swarm_6_183.pdb	0	38.236	63.309	-37.999
swarm_29_186.pdb	0	19.564	73.319	-38.048
swarm_28_45.pdb	0	29.834	67.671	-38.065
swarm_12_131.pdb	0	33.030	59.159	-38.070
swarm_47_30.pdb	0	18.762	71.577	-38.078
swarm_85_105.pdb	0	24.738	64.065	-38.317
swarm_73_43.pdb	0	25.789	56.025	-38.426
swarm_18_88.pdb	0	41.522	75.08	-38.431
swarm_1_45.pdb	0	19.748	54.393	-38.463
swarm_36_9.pdb	0	21.425	70.126	-38.513
swarm_29_26.pdb	0	37.389	69.847	-38.583
swarm_68_54.pdb	0	39.080	52.96	-38.590
swarm_122_47.pdb	0	36.601	69.175	-38.617
swarm_24_38.pdb	0	30.435	70.989	-38.642
swarm_91_18.pdb	0	35.699	46.934	-38.714
swarm_141_144.pdb	0	41.134	64.261	-38.763
swarm_21_118.pdb	0	25.994	45.278	-38.793
swarm_68_183.pdb	0	37.905	61.955	-38.809
swarm_1_195.pdb	0	36.473	68.795	-38.813
swarm_141_74.pdb	0	44.098	73.523	-38.815
swarm_15_80.pdb	0	24.614	65.061	-38.826
swarm_111_143.pdb	0	36.404	62.874	-38.868
swarm_100_94.pdb	0	27.911	62.083	-38.884
swarm_117_115.pdb	0.0434783	19.478	45.272	-38.893
swarm_20_187.pdb	0	25.716	79.354	-38.933
swarm_89_2.pdb	0	26.722	66.61	-38.964
swarm_110_118.pdb	0	33.533	70.73	-39.007
swarm_110_84.pdb	0	39.199	76.144	-39.050
swarm_19_52.pdb	0	27.824	66.252	-39.081
swarm_110_120.pdb	0	19.516	68.856	-39.167
swarm_1_24.pdb	0	29.996	59.969	-39.207
swarm_37_192.pdb	0	32.142	68.163	-39.216
swarm_27_81.pdb	0	19.446	49.555	-39.221
swarm_36_122.pdb	0	33.307	80.46	-39.240
swarm_30_136.pdb	0	42.034	76.592	-39.254
swarm_21_28.pdb	0	42.476	66.781	-39.293
swarm_129_101.pdb	0	6.131	27.062	-39.330
swarm_127_181.pdb	0	15.241	30.1	-39.382
swarm_110_170.pdb	0	28.185	69.827	-39.409
swarm_28_142.pdb	0	43.311	67.871	-39.424
swarm_89_113.pdb	0	38.051	69.427	-39.499
swarm_23_147.pdb	0	29.586	40.079	-39.660
swarm_112_165.pdb	0	29.649	69.709	-39.683
swarm_37_176.pdb	0	27.183	68.983	-39.708
swarm_111_36.pdb	0	32.233	66.275	-39.735
swarm_36_8.pdb	0	36.777	74.112	-39.986
swarm_141_153.pdb	0	38.719	69.075	-40.002
swarm_104_172.pdb	0	19.318	54.41	-40.055
swarm_89_193.pdb	0	31.150	66.047	-40.094
swarm_51_162.pdb	0	29.060	70.293	-40.111
swarm_82_162.pdb	0	42.221	68.584	-40.196
swarm_110_122.pdb	0	34.246	78.687	-40.209
swarm_62_111.pdb	0	43.155	52.468	-40.216
swarm_85_78.pdb	0	28.353	66.182	-40.267
swarm_85_182.pdb	0	39.231	69.571	-40.373
swarm_15_54.pdb	0	23.248	72.59	-40.388
swarm_107_171.pdb	0	32.633	33.35	-40.420
swarm_37_161.pdb	0	37.889	78.842	-40.423
swarm_29_96.pdb	0	32.822	77.497	-40.438
swarm_112_190.pdb	0	33.056	58.654	-40.613
swarm_29_113.pdb	0	39.858	74.597	-40.663
swarm_31_167.pdb	0	35.711	76.781	-40.673
swarm_31_61.pdb	0	35.614	70.207	-40.733
swarm_14_61.pdb	0	28.819	57.765	-40.888
swarm_34_146.pdb	0.0217391	21.169	70.16	-40.928
swarm_88_199.pdb	0	22.417	71.602	-40.932
swarm_142_27.pdb	0	35.450	63.34	-40.968
swarm_27_179.pdb	0	34.831	66.367	-41.034
swarm_25_150.pdb	0	30.855	74.378	-41.205
swarm_109_86.pdb	0	43.272	76.651	-41.363
swarm_69_76.pdb	0	48.972	75.526	-41.515
swarm_31_178.pdb	0	34.117	79.103	-41.515
swarm_140_105.pdb	0	25.241	53.49	-41.568
swarm_29_109.pdb	0	37.493	73.681	-41.641
swarm_20_31.pdb	0	33.046	76.672	-41.678
swarm_27_94.pdb	0	32.113	57.454	-41.691
swarm_85_162.pdb	0	17.317	65.443	-41.766
swarm_37_75.pdb	0	41.758	68.347	-41.779
swarm_122_118.pdb	0	28.450	53.015	-41.941
swarm_50_18.pdb	0	23.991	71.125	-41.995
swarm_22_173.pdb	0	29.422	69.415	-42.012
swarm_30_89.pdb	0	33.110	56.666	-42.141
swarm_82_125.pdb	0	48.277	56.225	-42.175
swarm_69_158.pdb	0	40.352	59.412	-42.235
swarm_56_189.pdb	0	34.718	62.878	-42.513
swarm_129_79.pdb	0	30.487	45.418	-42.599
swarm_130_30.pdb	0	39.437	52.375	-42.636
swarm_68_81.pdb	0	45.410	68.797	-42.674
swarm_61_2.pdb	0	28.217	52.791	-42.697
swarm_6_56.pdb	0	25.724	70.432	-42.717
swarm_85_140.pdb	0	22.590	67.948	-42.825
swarm_89_97.pdb	0	38.726	78.93	-42.850
swarm_142_99.pdb	0	36.127	64.225	-42.932
swarm_56_186.pdb	0	24.705	53.152	-43.014
swarm_37_120.pdb	0	35.277	76.688	-43.024
swarm_32_5.pdb	0	29.762	49.359	-43.305
swarm_128_193.pdb	0	19.757	30.537	-43.352
swarm_64_166.pdb	0	36.421	59.867	-43.428
swarm_15_181.pdb	0	33.733	70.527	-43.616
swarm_34_166.pdb	0	23.318	76.26	-43.637
swarm_24_56.pdb	0	22.627	58.887	-43.754
swarm_30_135.pdb	0	36.307	71.809	-43.758
swarm_91_188.pdb	0	19.036	33.97	-43.910
swarm_38_26.pdb	0	40.884	72.979	-43.985
swarm_55_36.pdb	0	27.248	60.943	-44.116
swarm_16_102.pdb	0	24.744	50.071	-44.132
swarm_51_43.pdb	0	30.369	68.371	-44.151
swarm_110_35.pdb	0	23.861	65.281	-44.264
swarm_73_166.pdb	0	30.811	50.866	-44.461
swarm_89_28.pdb	0	29.861	72.54	-44.604
swarm_89_5.pdb	0	39.493	69.437	-44.658
swarm_141_87.pdb	0	34.178	63.639	-44.707
swarm_63_97.pdb	0	42.238	63.284	-44.710
swarm_44_36.pdb	0	34.424	67.056	-44.721
swarm_55_119.pdb	0	30.500	51.387	-44.749
swarm_115_140.pdb	0.0217391	20.320	50.839	-44.787
swarm_24_120.pdb	0	26.301	58.075	-45.117
swarm_41_63.pdb	0	29.371	67.813	-45.242
swarm_21_149.pdb	0	43.283	64.325	-45.295
swarm_141_55.pdb	0	26.044	70.37	-45.363
swarm_141_141.pdb	0	42.945	72.538	-45.400
swarm_47_77.pdb	0	37.678	74.826	-45.477
swarm_53_96.pdb	0	31.520	76.875	-45.497
swarm_69_173.pdb	0	37.481	74.635	-45.502
swarm_141_105.pdb	0	40.994	65.555	-45.604
swarm_81_54.pdb	0	27.924	51.958	-45.634
swarm_48_3.pdb	0	34.363	72.056	-45.794
swarm_104_69.pdb	0	20.719	40.004	-45.826
swarm_62_61.pdb	0	48.839	56.611	-45.876
swarm_25_141.pdb	0	39.378	72.807	-46.076
swarm_145_110.pdb	0.0434783	16.870	44.257	-46.157
swarm_113_10.pdb	0	28.191	63.005	-46.180
swarm_20_10.pdb	0	24.553	79.321	-46.323
swarm_113_43.pdb	0	21.434	48.92	-46.361
swarm_85_146.pdb	0	34.057	66.385	-46.390
swarm_68_121.pdb	0	50.753	65.052	-46.436
swarm_111_144.pdb	0.0434783	23.920	74.671	-46.542
swarm_37_142.pdb	0	40.686	75.945	-46.553
swarm_58_106.pdb	0	25.488	57.055	-46.730
swarm_51_42.pdb	0	37.012	69.951	-47.038
swarm_1_96.pdb	0	34.431	68.997	-47.049
swarm_37_64.pdb	0	39.545	72.941	-47.174
swarm_19_196.pdb	0	39.397	64.291	-47.189
swarm_53_145.pdb	0	22.175	74.254	-47.269
swarm_79_99.pdb	0	22.814	58.546	-47.326
swarm_24_53.pdb	0	32.445	56.615	-47.392
swarm_110_28.pdb	0	29.060	68.801	-47.422
swarm_20_153.pdb	0	26.469	72.928	-47.592
swarm_38_136.pdb	0	37.250	53.585	-47.731
swarm_94_21.pdb	0	25.259	41.314	-47.822
swarm_4_88.pdb	0	43.181	58.609	-47.847
swarm_4_56.pdb	0	39.614	56.997	-47.921
swarm_27_192.pdb	0	33.752	62.126	-48.024
swarm_22_86.pdb	0	30.332	49.329	-48.041
swarm_109_31.pdb	0	38.195	74.66	-48.140
swarm_97_153.pdb	0	31.548	50.828	-48.340
swarm_120_63.pdb	0	16.206	43.755	-48.341
swarm_56_187.pdb	0	24.808	66.398	-48.467
swarm_143_94.pdb	0	25.669	53.123	-48.546
swarm_37_49.pdb	0	30.435	77.684	-48.593
swarm_20_172.pdb	0	30.871	80.375	-48.730
swarm_12_122.pdb	0	33.305	61.373	-48.812
swarm_36_46.pdb	0	34.954	76.993	-48.872
swarm_32_9.pdb	0	24.742	41.884	-48.879
swarm_39_55.pdb	0	25.580	44.453	-48.978
swarm_73_13.pdb	0	31.512	49.303	-49.054
swarm_14_115.pdb	0	26.187	48.154	-49.062
swarm_48_20.pdb	0	22.733	67.747	-49.136
swarm_52_27.pdb	0	32.392	72.292	-49.361
swarm_132_174.pdb	0	23.182	51.638	-49.447
swarm_38_19.pdb	0	28.987	53.496	-49.471
swarm_126_196.pdb	0	28.299	65.238	-49.484
swarm_4_65.pdb	0	32.556	45.824	-49.530
swarm_18_197.pdb	0	39.860	81.689	-49.608
swarm_145_11.pdb	0	35.802	49.733	-49.648
swarm_122_4.pdb	0	34.667	67.927	-49.686
swarm_135_49.pdb	0	15.523	62.04	-49.770
swarm_110_137.pdb	0	25.223	71.004	-49.792
swarm_92_29.pdb	0	37.981	58.958	-49.805
swarm_62_59.pdb	0	44.600	53.404	-49.838
swarm_51_157.pdb	0	25.879	65.185	-49.853
swarm_88_189.pdb	0	32.775	66.648	-49.868
swarm_85_72.pdb	0	37.678	63.543	-49.990
swarm_48_74.pdb	0	23.721	74.016	-50.066
swarm_15_71.pdb	0	17.776	65.716	-50.078
swarm_47_191.pdb	0	30.935	81.798	-50.124
swarm_79_129.pdb	0	24.338	51.928	-50.438
swarm_43_21.pdb	0	30.005	40.57	-50.452
swarm_31_180.pdb	0	41.476	75.751	-50.624
swarm_18_123.pdb	0	35.736	71.36	-50.912
swarm_123_53.pdb	0	23.267	65.052	-51.049
swarm_112_85.pdb	0	34.593	70.549	-51.401
swarm_19_187.pdb	0	24.622	59.174	-51.565
swarm_94_42.pdb	0	31.349	52.779	-51.770
swarm_57_116.pdb	0	32.866	47.381	-51.797
swarm_125_5.pdb	0	24.601	41.918	-51.890
swarm_121_149.pdb	0	16.348	65.88	-52.052
swarm_141_76.pdb	0	29.856	66.905	-52.102
swarm_119_105.pdb	0	35.482	43.368	-52.142
swarm_38_15.pdb	0	30.985	71.126	-52.144
swarm_61_116.pdb	0	22.414	37.572	-52.254
swarm_126_17.pdb	0	36.469	62.762	-52.264
swarm_123_90.pdb	0	31.165	66.376	-52.355
swarm_113_97.pdb	0	19.147	62.156	-52.401
swarm_92_188.pdb	0	36.088	59.159	-52.426
swarm_131_61.pdb	0	44.888	48.966	-52.511
swarm_138_199.pdb	0	30.309	61.658	-52.526
swarm_24_29.pdb	0	40.054	67.506	-52.577
swarm_67_27.pdb	0	27.356	51.515	-52.712
swarm_126_32.pdb	0	38.688	60.739	-52.833
swarm_111_56.pdb	0	29.404	56.776	-52.885
swarm_62_191.pdb	0	23.285	41.074	-52.914
swarm_44_192.pdb	0	19.611	64.773	-53.116
swarm_21_92.pdb	0	38.605	55.892	-53.131
swarm_27_159.pdb	0	18.489	60.889	-53.360
swarm_28_70.pdb	0	31.418	68.119	-53.451
swarm_116_93.pdb	0	22.355	49.298	-53.640
swarm_131_24.pdb	0	41.804	55.26	-53.650
swarm_4_102.pdb	0	41.979	53.124	-53.726
swarm_4_72.pdb	0	27.961	49.935	-53.761
swarm_15_69.pdb	0	17.598	54.274	-53.764
swarm_140_107.pdb	0	36.000	56.949	-53.839
swarm_53_11.pdb	0	26.699	85.068	-53.901
swarm_47_102.pdb	0	36.757	80.703	-53.917
swarm_114_94.pdb	0	23.953	61.983	-54.286
swarm_38_48.pdb	0	41.643	66.089	-54.338
swarm_52_189.pdb	0	26.596	79.598	-54.512
swarm_56_97.pdb	0	36.807	60.142	-54.613
swarm_42_112.pdb	0	28.298	48.727	-54.705
swarm_112_115.pdb	0	32.695	66.88	-55.018
swarm_73_102.pdb	0	15.234	49.084	-55.576
swarm_51_115.pdb	0	35.342	65.388	-55.741
swarm_130_158.pdb	0	42.719	47.776	-55.966
swarm_110_189.pdb	0	20.488	61.281	-56.100
swarm_123_128.pdb	0	23.882	68.572	-56.159
swarm_85_143.pdb	0	34.583	64.31	-56.498
swarm_7_155.pdb	0.0217391	18.209	45.838	-56.521
swarm_113_47.pdb	0	19.563	55.305	-56.533
swarm_121_181.pdb	0	36.880	69.77	-56.638
swarm_85_129.pdb	0	34.990	71.858	-56.857
swarm_31_100.pdb	0.0434783	21.050	70.759	-57.171
swarm_34_116.pdb	0	26.132	75.05	-57.172
swarm_38_199.pdb	0	28.146	57.614	-57.283
swarm_93_17.pdb	0	21.319	53.33	-57.726
swarm_38_160.pdb	0.0217391	22.275	63.678	-57.800
swarm_48_196.pdb	0	36.161	67.687	-57.865
swarm_85_156.pdb	0	39.168	66.025	-58.004
swarm_130_124.pdb	0	34.858	57.067	-58.063
swarm_110_39.pdb	0	37.663	73.024	-58.339
swarm_85_54.pdb	0	22.703	67.334	-58.393
swarm_90_49.pdb	0	38.300	62.908	-58.440
swarm_1_43.pdb	0	38.898	67.25	-58.458
swarm_90_154.pdb	0	32.780	69.503	-58.772
swarm_37_59.pdb	0	37.275	78.188	-59.180
swarm_68_73.pdb	0	47.488	62.738	-59.445
swarm_15_31.pdb	0	29.324	62.432	-59.672
swarm_32_134.pdb	0	21.859	38.275	-60.257
swarm_53_105.pdb	0	24.264	68.614	-60.284
swarm_4_83.pdb	0.0217391	26.618	52.979	-60.523
swarm_135_26.pdb	0	32.756	72.072	-60.565
swarm_34_63.pdb	0	15.792	58.862	-60.575
swarm_22_142.pdb	0	37.317	69.768	-60.957
swarm_99_3.pdb	0	27.159	28.741	-61.376
swarm_127_36.pdb	0	23.195	44.336	-61.518
swarm_68_159.pdb	0	43.299	67.937	-61.581
swarm_11_59.pdb	0	30.796	51.563	-61.624
swarm_89_45.pdb	0	23.070	64.801	-61.646
swarm_122_181.pdb	0	49.856	58.898	-61.685
swarm_52_198.pdb	0	25.133	73.748	-61.909
swarm_145_67.pdb	0	37.619	41.425	-61.955
swarm_143_44.pdb	0	19.917	42.359	-62.015
swarm_117_89.pdb	0	27.797	30.945	-62.184
swarm_3_124.pdb	0	35.427	58.339	-62.268
swarm_6_21.pdb	0	26.047	63.878	-62.736
swarm_4_38.pdb	0	25.071	59.451	-62.768
swarm_98_53.pdb	0	20.318	59.227	-62.846
swarm_48_9.pdb	0	21.190	64.3	-62.859
swarm_22_5.pdb	0	31.352	64.843	-62.975
swarm_112_93.pdb	0	35.495	61.785	-63.032
swarm_11_36.pdb	0	24.257	46.165	-63.222
swarm_40_193.pdb	0	27.773	44.365	-63.475
swarm_22_19.pdb	0	42.566	58.95	-63.857
swarm_16_188.pdb	0	31.705	62.821	-63.938
swarm_9_81.pdb	0	24.048	60.791	-64.041
swarm_49_44.pdb	0	32.495	68.123	-64.108
swarm_91_171.pdb	0	28.746	48.645	-64.191
swarm_85_36.pdb	0	31.516	65.427	-64.649
swarm_82_74.pdb	0	26.705	57.333	-64.950
swarm_50_63.pdb	0	29.940	50.486	-65.002
swarm_24_146.pdb	0	29.434	63.675	-65.189
swarm_22_170.pdb	0	38.833	53.777	-65.249
swarm_85_60.pdb	0	23.745	61.135	-65.802
swarm_48_41.pdb	0	19.319	60.868	-66.042
swarm_102_197.pdb	0	42.791	57.328	-66.073
swarm_12_112.pdb	0	23.447	61.752	-67.347
swarm_21_147.pdb	0	44.971	64.801	-67.640
swarm_44_74.pdb	0	23.235	63.731	-68.051
swarm_56_112.pdb	0	21.916	58.477	-68.172
swarm_110_113.pdb	0	29.496	67.463	-68.413
swarm_88_167.pdb	0	36.462	71.287	-68.678
swarm_98_97.pdb	0	24.246	46.272	-68.750
swarm_20_136.pdb	0	27.766	76.094	-68.924
swarm_83_25.pdb	0	37.595	68.13	-68.935
swarm_38_17.pdb	0	39.647	59.662	-69.038
swarm_128_77.pdb	0	34.946	49.1	-69.365
swarm_15_160.pdb	0	33.748	72.811	-69.518
swarm_48_152.pdb	0	20.172	66.462	-69.564
swarm_19_46.pdb	0	14.998	61.057	-69.645
swarm_116_164.pdb	0	18.441	38.905	-69.664
swarm_142_100.pdb	0	21.880	44.834	-69.871
swarm_142_128.pdb	0	30.195	50.353	-69.913
swarm_56_120.pdb	0	28.013	57.998	-70.047
swarm_144_144.pdb	0	32.322	49.106	-70.160
swarm_48_129.pdb	0	35.991	62.406	-70.201
swarm_47_76.pdb	0	34.953	66.624	-70.484
swarm_121_51.pdb	0	14.982	64.422	-70.521
swarm_67_10.pdb	0	42.551	59.289	-70.671
swarm_49_178.pdb	0	23.709	62.809	-70.786
swarm_126_94.pdb	0	20.246	50.773	-70.828
swarm_110_24.pdb	0	36.581	70.953	-71.388
swarm_34_164.pdb	0	30.795	73.341	-71.427
swarm_142_40.pdb	0	22.595	49.111	-71.479
swarm_30_112.pdb	0	36.731	61.401	-71.653
swarm_39_76.pdb	0	28.674	46.027	-72.343
swarm_57_169.pdb	0	30.603	46.759	-72.696
swarm_97_7.pdb	0	30.516	48.368	-72.732
swarm_25_8.pdb	0	36.227	76.131	-72.751
swarm_98_113.pdb	0	31.189	60.697	-72.978
swarm_120_130.pdb	0	30.039	46.977	-73.162
swarm_118_178.pdb	0	33.803	49.017	-73.261
swarm_44_119.pdb	0.0434783	24.573	71.171	-73.959
swarm_36_138.pdb	0	23.445	80.55	-74.373
swarm_140_151.pdb	0	41.376	61.101	-74.395
swarm_142_92.pdb	0	39.754	47.929	-74.491
swarm_51_1.pdb	0	40.813	69.93	-74.503
swarm_8_39.pdb	0	30.587	43.893	-74.671
swarm_138_124.pdb	0	36.878	56.536	-74.788
swarm_29_190.pdb	0	25.640	62.208	-75.086
swarm_48_52.pdb	0	29.218	68.806	-75.303
swarm_31_135.pdb	0	37.314	74.006	-75.699
swarm_27_49.pdb	0	17.523	65.024	-76.728
swarm_112_145.pdb	0	27.165	63.051	-76.969
swarm_16_27.pdb	0	24.520	40.991	-77.618
swarm_33_38.pdb	0	26.443	44.507	-77.626
swarm_9_26.pdb	0	27.529	59.997	-77.662
swarm_123_107.pdb	0	37.933	68.507	-78.206
swarm_34_52.pdb	0	38.665	73.083	-78.720
swarm_42_155.pdb	0	22.302	29.138	-78.737
swarm_36_91.pdb	0	34.068	73.628	-79.044
swarm_73_16.pdb	0	16.104	53.321	-79.078
swarm_51_67.pdb	0	22.603	62.51	-79.085
swarm_41_122.pdb	0	17.061	47.978	-80.197
swarm_49_74.pdb	0	22.070	63.755	-80.268
swarm_22_155.pdb	0	42.400	66.073	-80.277
swarm_38_36.pdb	0	28.791	65.269	-80.540
swarm_51_194.pdb	0	34.820	74.019	-80.645
swarm_21_121.pdb	0	31.299	54.775	-80.646
swarm_37_2.pdb	0	40.169	70.508	-80.841
swarm_22_144.pdb	0	37.718	63.12	-81.148
swarm_131_141.pdb	0	24.930	34.822	-81.911
swarm_82_146.pdb	0	28.641	50.49	-81.986
swarm_48_175.pdb	0	16.881	63.159	-82.449
swarm_8_79.pdb	0	24.470	41.061	-82.656
swarm_33_86.pdb	0	33.678	46.721	-82.745
swarm_42_51.pdb	0.0652174	19.709	44.917	-82.747
swarm_124_63.pdb	0	15.474	36.16	-82.768
swarm_6_127.pdb	0	29.593	58.024	-83.518
swarm_43_31.pdb	0	18.476	41.539	-83.682
swarm_8_69.pdb	0	26.547	42.824	-83.872
swarm_52_45.pdb	0	22.625	67.354	-84.034
swarm_34_174.pdb	0	19.816	67.45	-84.135
swarm_52_100.pdb	0	22.558	70.057	-84.328
swarm_120_60.pdb	0	21.052	42.568	-84.443
swarm_89_100.pdb	0	31.390	63.581	-85.283
swarm_42_133.pdb	0	22.426	35.171	-85.379
swarm_47_9.pdb	0	38.183	74.248	-86.057
swarm_110_69.pdb	0	27.962	64.661	-86.132
swarm_122_11.pdb	0	48.267	61.362	-86.470
swarm_142_87.pdb	0	27.574	55.363	-86.601
swarm_4_82.pdb	0	34.822	60.116	-87.000
swarm_18_79.pdb	0	36.318	74.211	-87.659
swarm_115_104.pdb	0	28.559	50.914	-89.297
swarm_66_52.pdb	0	34.159	65.144	-89.920
swarm_133_8.pdb	0	41.825	37.987	-90.620
swarm_102_124.pdb	0	25.329	62.154	-90.707
swarm_113_66.pdb	0	6.256	40.53	-90.923
swarm_38_192.pdb	0	32.851	69.105	-91.102
swarm_82_197.pdb	0	28.109	60.331	-91.130
swarm_21_15.pdb	0	24.368	54.295	-91.182
swarm_39_43.pdb	0	30.607	45.266	-91.802
swarm_49_167.pdb	0	36.517	62.125	-92.071
swarm_121_157.pdb	0	20.513	63.52	-92.085
swarm_3_78.pdb	0	30.502	55.163	-92.612
swarm_26_140.pdb	0	22.852	40.32	-92.690
swarm_126_79.pdb	0	35.743	66.97	-93.432
swarm_41_6.pdb	0	22.307	59.191	-93.733
swarm_123_42.pdb	0	29.118	66.004	-95.336
swarm_32_122.pdb	0	22.037	41.545	-95.395
swarm_52_111.pdb	0	23.406	73.93	-96.745
swarm_80_65.pdb	0	27.809	56.059	-97.439
swarm_73_76.pdb	0	32.812	58.293	-97.723
swarm_98_7.pdb	0	17.696	56.708	-98.173
swarm_113_84.pdb	0	28.946	56.853	-98.746
swarm_51_63.pdb	0	31.539	74.302	-99.422
swarm_111_130.pdb	0	30.649	55.437	-99.543
swarm_20_117.pdb	0	33.122	76.062	-100.408
swarm_17_189.pdb	0	36.386	43.308	-100.596
swarm_51_58.pdb	0	33.480	69.749	-101.427
swarm_115_134.pdb	0	38.021	57.001	-101.962
swarm_7_19.pdb	0	24.634	46.838	-102.202
swarm_30_55.pdb	0	24.146	70.536	-102.412
swarm_50_132.pdb	0	32.634	66.88	-104.382
swarm_132_127.pdb	0.0869565	24.042	43.412	-104.582
swarm_53_90.pdb	0	24.087	76.179	-105.592
swarm_18_67.pdb	0	31.849	78.52	-106.096
swarm_107_107.pdb	0	41.957	41.326	-106.866
swarm_94_169.pdb	0	21.244	38.962	-109.206
swarm_23_188.pdb	0	23.067	41.851	-109.949
swarm_21_22.pdb	0	39.082	53.953	-110.875
swarm_22_178.pdb	0	31.928	67.378	-113.509
swarm_78_188.pdb	0	19.472	66.246	-115.855
swarm_21_193.pdb	0	39.978	63.719	-116.290
swarm_41_68.pdb	0	24.660	58.416	-117.293
swarm_40_135.pdb	0	26.337	46.957	-117.497
swarm_19_48.pdb	0	33.370	67.771	-119.243
swarm_98_91.pdb	0	21.418	51.956	-120.332
swarm_48_125.pdb	0	31.873	70.279	-120.821
swarm_65_168.pdb	0	34.531	61.557	-121.415
swarm_32_127.pdb	0	18.739	43.03	-121.737
swarm_74_98.pdb	0	17.035	34.509	-122.494
swarm_142_171.pdb	0	23.256	46.397	-122.697
swarm_119_127.pdb	0	14.969	35.488	-124.804
swarm_50_136.pdb	0	25.946	69.037	-126.695
swarm_82_43.pdb	0	37.304	59.533	-127.302
swarm_34_130.pdb	0	20.496	68.216	-129.135
swarm_40_161.pdb	0	28.481	44.897	-129.723
swarm_9_11.pdb	0	15.393	41.739	-129.822
swarm_113_88.pdb	0	25.472	50.823	-130.045
swarm_50_123.pdb	0	17.813	71.827	-132.554
swarm_53_109.pdb	0	29.907	74.008	-133.982
swarm_27_163.pdb	0	22.218	59.175	-135.298
swarm_49_19.pdb	0	36.504	62.156	-135.786
swarm_50_67.pdb	0	34.617	68.661	-135.798
swarm_51_172.pdb	0	22.828	62.022	-135.919
swarm_116_60.pdb	0	16.317	40.873	-139.049
swarm_26_142.pdb	0	25.037	41.852	-139.772
swarm_52_109.pdb	0	40.340	69.927	-139.801
swarm_22_87.pdb	0	28.263	66.547	-142.149
swarm_105_124.pdb	0	15.175	55.745	-143.910
swarm_7_63.pdb	0	29.442	49.951	-144.241
swarm_133_60.pdb	0.0652174	32.108	31.406	-146.002
swarm_40_14.pdb	0	22.034	36.528	-147.027
swarm_20_170.pdb	0	36.604	70.157	-147.573
swarm_130_45.pdb	0	31.354	51.571	-148.617
swarm_8_107.pdb	0	25.680	43.891	-148.741
swarm_13_31.pdb	0	26.928	44.077	-152.175
swarm_135_31.pdb	0	19.755	62.418	-156.156
swarm_33_51.pdb	0	38.960	46.335	-156.388
swarm_26_190.pdb	0	14.876	35.869	-159.649
swarm_146_21.pdb	0	32.520	42.143	-162.642
swarm_43_122.pdb	0	20.678	36.865	-170.128
swarm_39_40.pdb	0	21.487	37.045	-172.225
swarm_12_190.pdb	0	34.995	57.899	-172.715
swarm_14_83.pdb	0	35.223	45.435	-175.127
swarm_53_4.pdb	0	24.061	72.762	-178.266
swarm_47_44.pdb	0	36.233	73.331	-179.661
swarm_53_152.pdb	0	17.395	76.938	-180.330
swarm_120_146.pdb	0.0217391	25.281	52.59	-186.604
swarm_33_28.pdb	0	15.179	46.13	-187.093
swarm_52_181.pdb	0	32.493	70.305	-191.011
swarm_41_192.pdb	0	30.098	63.851	-195.273
swarm_49_120.pdb	0	22.689	57.307	-199.811
swarm_44_69.pdb	0	28.833	62.843	-202.135
swarm_41_4.pdb	0	29.552	58.986	-208.928
swarm_49_53.pdb	0	37.733	72.913	-213.805
swarm_108_179.pdb	0	36.732	50.982	-222.471
swarm_39_144.pdb	0	15.208	40.94	-233.900
swarm_53_41.pdb	0	19.064	71.73	-255.604
swarm_39_49.pdb	0	19.938	37.332	-296.598
swarm_53_194.pdb	0	25.029	70.241	-297.283
