complex.1.pdb	0.08	14.216	37.987
complex.2.pdb	0.0533333	13.467	38.428
complex.3.pdb	0.04	12.814	23.429
complex.4.pdb	0.0533333	11.750	23.806
complex.5.pdb	0.04	13.835	40.693
complex.6.pdb	0.12	11.968	34.350
complex.7.pdb	0.0533333	10.414	16.526
complex.8.pdb	0	14.900	42.286
complex.9.pdb	0.0133333	11.862	38.452
complex.10.pdb	0	18.607	39.822
complex.11.pdb	0.0533333	14.808	42.253
complex.12.pdb	0.16	14.274	32.789
complex.13.pdb	0.0266667	15.261	43.952
complex.14.pdb	0.12	12.748	36.082
complex.15.pdb	0	17.418	39.312
complex.16.pdb	0.04	13.753	39.488
complex.17.pdb	0	16.041	43.779
complex.18.pdb	0.146667	15.024	31.299
complex.19.pdb	0.0133333	16.189	45.018
complex.20.pdb	0.0933333	14.788	33.017
complex.21.pdb	0.12	15.126	34.265
complex.22.pdb	0.04	13.466	36.558
complex.23.pdb	0.04	12.636	39.645
complex.24.pdb	0.04	11.582	37.723
complex.25.pdb	0	17.636	37.510
complex.26.pdb	0	13.163	35.083
complex.27.pdb	0.146667	16.710	33.830
complex.28.pdb	0	18.128	38.897
complex.29.pdb	0	14.419	21.906
complex.30.pdb	0.0266667	15.216	23.752
complex.31.pdb	0	17.903	36.917
complex.32.pdb	0.0266667	11.209	17.961
complex.33.pdb	0.0266667	17.446	25.487
complex.34.pdb	0.0266667	10.600	35.254
complex.35.pdb	0	12.201	32.992
complex.36.pdb	0.04	13.957	24.426
complex.37.pdb	0	15.772	23.817
complex.38.pdb	0.0666667	13.267	37.047
complex.39.pdb	0.04	16.176	29.911
complex.40.pdb	0	17.660	30.120
complex.41.pdb	0.0266667	14.146	40.576
complex.42.pdb	0.0933333	10.571	31.391
complex.43.pdb	0	18.171	38.002
complex.44.pdb	0	17.927	26.933
complex.45.pdb	0.04	14.208	42.239
complex.46.pdb	0.0266667	14.270	43.218
complex.47.pdb	0.0133333	16.664	23.858
complex.48.pdb	0	9.150	22.184
complex.49.pdb	0.0533333	11.448	19.449
complex.50.pdb	0	15.597	24.147
complex.51.pdb	0.0533333	14.801	23.864
complex.52.pdb	0.0266667	12.406	39.204
complex.53.pdb	0.0266667	17.937	25.701
complex.54.pdb	0.04	14.441	41.874
complex.55.pdb	0	17.870	43.565
complex.56.pdb	0.0133333	17.417	25.427
complex.57.pdb	0	17.045	27.675
complex.58.pdb	0	10.224	23.096
complex.59.pdb	0.0133333	15.060	37.966
complex.60.pdb	0	16.661	40.133
complex.61.pdb	0	18.660	41.574
complex.62.pdb	0	18.489	39.694
complex.63.pdb	0.0133333	14.855	33.459
complex.64.pdb	0	17.776	39.979
complex.65.pdb	0	15.484	42.635
complex.66.pdb	0.133333	13.826	30.635
complex.67.pdb	0.0133333	12.107	18.304
complex.68.pdb	0.04	11.779	36.693
complex.69.pdb	0	9.131	16.039
complex.70.pdb	0	15.643	36.618
complex.71.pdb	0.0533333	15.660	43.194
complex.72.pdb	0	10.086	17.446
complex.73.pdb	0.0266667	11.691	37.622
complex.74.pdb	0	17.661	26.952
complex.75.pdb	0.04	12.956	39.663
complex.76.pdb	0.0266667	16.171	45.152
complex.77.pdb	0	17.614	38.732
complex.78.pdb	0.0666667	11.102	36.527
complex.79.pdb	0	13.123	21.995
complex.80.pdb	0	15.305	45.673
complex.81.pdb	0.04	13.479	36.305
complex.82.pdb	0.0666667	12.688	22.536
complex.83.pdb	0	16.641	24.410
complex.84.pdb	0	11.112	23.155
complex.85.pdb	0	15.059	23.959
complex.86.pdb	0.0533333	14.162	38.799
complex.87.pdb	0.0133333	14.555	40.406
complex.88.pdb	0.0533333	13.506	37.149
complex.89.pdb	0.693333	1.150	2.988
complex.90.pdb	0.106667	13.037	21.290
complex.91.pdb	0.0133333	11.281	36.878
complex.92.pdb	0	9.245	21.233
complex.93.pdb	0.0266667	14.440	40.763
complex.94.pdb	0.0533333	13.621	37.701
complex.95.pdb	0	17.179	28.307
complex.96.pdb	0.04	13.645	36.266
complex.97.pdb	0.0133333	16.019	42.570
complex.98.pdb	0	19.034	39.590
complex.99.pdb	0.0266667	14.878	44.361
complex.100.pdb	0	9.611	27.885
complex.101.pdb	0.0666667	13.266	41.287
complex.102.pdb	0.0266667	13.770	39.771
complex.103.pdb	0	16.929	40.517
complex.104.pdb	0	16.475	38.130
complex.105.pdb	0	19.221	39.671
complex.106.pdb	0	15.398	37.363
complex.107.pdb	0	19.130	41.256
complex.108.pdb	0	13.928	40.957
complex.109.pdb	0	16.474	26.995
complex.110.pdb	0	15.665	25.880
complex.111.pdb	0	16.299	24.774
complex.112.pdb	0.04	13.272	38.112
complex.113.pdb	0	10.027	19.630
complex.114.pdb	0.12	15.973	33.253
complex.115.pdb	0	16.369	41.024
complex.116.pdb	0.0533333	11.772	21.005
complex.117.pdb	0.04	15.190	42.301
complex.118.pdb	0.106667	11.053	34.166
complex.119.pdb	0	13.880	20.062
complex.120.pdb	0	9.482	20.504
complex.121.pdb	0	17.566	42.089
complex.122.pdb	0	15.160	20.460
complex.123.pdb	0.106667	15.400	37.448
complex.124.pdb	0	8.877	29.183
complex.125.pdb	0.04	12.573	39.446
complex.126.pdb	0.08	12.689	21.283
complex.127.pdb	0	17.339	39.663
complex.128.pdb	0.08	11.589	37.325
complex.129.pdb	0	18.021	40.544
complex.130.pdb	0.0266667	14.244	42.823
complex.131.pdb	0.0533333	12.908	39.888
complex.132.pdb	0	13.576	42.359
complex.133.pdb	0	17.024	34.177
complex.134.pdb	0	13.926	36.100
complex.135.pdb	0	11.276	22.559
complex.136.pdb	0.0133333	15.772	45.399
complex.137.pdb	0	17.818	38.332
complex.138.pdb	0.0533333	12.904	39.940
complex.139.pdb	0	16.631	35.743
complex.140.pdb	0.0133333	13.514	37.575
complex.141.pdb	0.0133333	17.916	42.562
complex.142.pdb	0.0266667	11.580	19.454
complex.143.pdb	0.0533333	12.631	22.212
complex.144.pdb	0	15.883	25.310
complex.145.pdb	0	17.924	32.162
complex.146.pdb	0	14.989	38.160
complex.147.pdb	0	12.924	39.552
complex.148.pdb	0	13.802	37.833
complex.149.pdb	0.0266667	11.496	20.647
complex.150.pdb	0	18.076	43.186
complex.151.pdb	0	16.492	22.759
complex.152.pdb	0	13.288	37.864
complex.153.pdb	0.0533333	13.753	41.741
complex.154.pdb	0.0266667	14.433	43.321
complex.155.pdb	0	13.559	22.467
complex.156.pdb	0	15.281	39.230
complex.157.pdb	0.0266667	13.178	39.007
complex.158.pdb	0.0133333	14.963	45.812
complex.159.pdb	0.04	13.699	41.811
complex.160.pdb	0	16.715	40.460
complex.161.pdb	0	13.654	40.917
complex.162.pdb	0.0666667	9.001	32.202
complex.163.pdb	0	8.724	24.859
complex.164.pdb	0.0133333	14.559	36.674
complex.165.pdb	0	8.951	16.067
complex.166.pdb	0.04	11.663	38.141
complex.167.pdb	0	14.367	22.045
complex.168.pdb	0.0533333	15.895	23.830
complex.169.pdb	0	14.411	38.556
complex.170.pdb	0	16.451	34.418
complex.171.pdb	0.04	12.223	38.426
complex.172.pdb	0.0533333	13.703	42.351
complex.173.pdb	0.133333	13.046	38.633
complex.174.pdb	0.04	11.393	37.719
complex.175.pdb	0.133333	17.434	31.858
complex.176.pdb	0	12.159	20.522
complex.177.pdb	0	14.067	31.914
complex.178.pdb	0.0666667	12.417	36.474
complex.179.pdb	0.0133333	11.472	34.369
complex.180.pdb	0.0266667	14.970	43.580
complex.181.pdb	0	13.805	44.622
complex.182.pdb	0	11.202	40.438
complex.183.pdb	0	18.902	39.128
complex.184.pdb	0.106667	14.632	36.186
complex.185.pdb	0.0266667	14.039	42.813
complex.186.pdb	0.0266667	17.538	44.591
complex.187.pdb	0.0133333	15.624	36.020
complex.188.pdb	0.0533333	13.121	22.605
complex.189.pdb	0	18.002	43.186
complex.190.pdb	0.133333	15.961	35.612
complex.191.pdb	0.08	11.224	36.052
complex.192.pdb	0.0533333	15.249	29.713
complex.193.pdb	0.0133333	13.266	37.951
complex.194.pdb	0.0133333	14.785	26.393
complex.195.pdb	0.0266667	16.261	23.623
complex.196.pdb	0	16.871	39.482
complex.197.pdb	0	15.889	43.339
complex.198.pdb	0	9.322	25.222
complex.199.pdb	0	14.746	36.393
complex.200.pdb	0.0266667	13.710	37.598
complex.201.pdb	0.0533333	13.622	37.372
complex.202.pdb	0	19.083	44.497
complex.203.pdb	0	9.755	16.326
complex.204.pdb	0	14.682	21.852
complex.205.pdb	0.146667	14.934	24.707
complex.206.pdb	0.0533333	15.038	22.110
complex.207.pdb	0.0266667	14.553	22.353
complex.208.pdb	0	16.727	34.186
complex.209.pdb	0	14.376	39.153
complex.210.pdb	0	14.849	40.828
complex.211.pdb	0.0666667	11.140	34.950
complex.212.pdb	0	14.041	21.217
complex.213.pdb	0.04	15.214	28.167
complex.214.pdb	0	16.835	40.111
complex.215.pdb	0	8.945	28.306
complex.216.pdb	0.08	14.859	39.231
complex.217.pdb	0	14.273	37.589
complex.218.pdb	0	18.380	38.713
complex.219.pdb	0.0133333	14.294	31.934
complex.220.pdb	0	13.737	39.065
complex.221.pdb	0	14.292	20.869
complex.222.pdb	0.0266667	15.370	27.947
complex.223.pdb	0.0533333	15.296	25.542
complex.224.pdb	0	14.366	23.171
complex.225.pdb	0	16.761	36.892
complex.226.pdb	0.0133333	10.473	19.798
complex.227.pdb	0	18.110	41.233
complex.228.pdb	0.04	15.879	42.045
complex.229.pdb	0	18.741	42.335
complex.230.pdb	0.0666667	13.807	39.861
complex.231.pdb	0.0133333	14.695	26.519
complex.232.pdb	0.0133333	15.455	40.438
complex.233.pdb	0	17.805	42.541
complex.234.pdb	0	12.218	20.449
complex.235.pdb	0	14.448	21.287
complex.236.pdb	0.133333	14.600	29.209
complex.237.pdb	0	15.586	30.249
complex.238.pdb	0	8.598	13.861
complex.239.pdb	0.0133333	14.121	37.941
complex.240.pdb	0	18.868	35.470
complex.241.pdb	0	12.745	33.685
complex.242.pdb	0.0266667	16.736	23.443
complex.243.pdb	0.0133333	13.347	26.380
complex.244.pdb	0.0133333	15.406	38.374
complex.245.pdb	0.04	10.965	32.490
complex.246.pdb	0	13.330	37.558
complex.247.pdb	0.0133333	11.502	19.975
complex.248.pdb	0.0266667	14.293	37.755
complex.249.pdb	0.08	13.669	38.751
complex.250.pdb	0	13.182	20.734
complex.251.pdb	0	15.764	23.011
complex.252.pdb	0	14.384	24.615
complex.253.pdb	0.0533333	13.752	22.257
complex.254.pdb	0	17.381	40.002
complex.255.pdb	0.04	13.077	24.026
complex.256.pdb	0.04	15.610	43.577
complex.257.pdb	0	14.149	35.441
complex.258.pdb	0	18.442	38.530
complex.259.pdb	0.0533333	13.194	40.130
complex.260.pdb	0.0533333	11.262	22.812
complex.261.pdb	0.0133333	18.099	44.711
complex.262.pdb	0	17.278	38.309
complex.263.pdb	0.0266667	12.179	20.657
complex.264.pdb	0	15.886	26.165
complex.265.pdb	0.0666667	10.343	35.177
complex.266.pdb	0.0533333	13.919	37.550
complex.267.pdb	0.0133333	14.234	43.755
complex.268.pdb	0	12.316	18.768
complex.269.pdb	0	13.982	43.131
complex.270.pdb	0.0133333	14.208	44.150
complex.271.pdb	0.04	10.342	18.737
complex.272.pdb	0	13.678	20.940
complex.273.pdb	0.04	13.309	38.474
complex.274.pdb	0.08	11.689	18.766
complex.275.pdb	0.0266667	14.101	40.854
complex.276.pdb	0	13.917	47.081
complex.277.pdb	0	13.607	20.284
complex.278.pdb	0	9.548	16.882
complex.279.pdb	0	17.756	37.293
complex.280.pdb	0.08	15.532	22.280
complex.281.pdb	0	14.867	36.648
complex.282.pdb	0	16.438	38.452
complex.283.pdb	0	19.071	37.564
complex.284.pdb	0	15.812	29.668
complex.285.pdb	0.0666667	5.011	11.602
complex.286.pdb	0.0533333	10.950	35.513
complex.287.pdb	0	13.615	42.074
complex.288.pdb	0	15.386	22.745
complex.289.pdb	0	16.929	37.580
complex.290.pdb	0.12	14.348	35.705
complex.291.pdb	0.0266667	14.148	36.339
complex.292.pdb	0.0133333	10.288	19.703
complex.293.pdb	0.0266667	14.965	41.722
complex.294.pdb	0	13.060	38.747
complex.295.pdb	0	16.321	34.607
complex.296.pdb	0	18.780	39.838
complex.297.pdb	0	15.421	35.162
complex.298.pdb	0.0533333	13.506	36.855
complex.299.pdb	0.0266667	13.199	23.915
complex.300.pdb	0	14.791	36.057
complex.301.pdb	0	15.898	41.451
complex.302.pdb	0	17.268	37.782
complex.303.pdb	0	8.533	25.996
complex.304.pdb	0	10.941	39.417
complex.305.pdb	0.0266667	14.976	45.905
complex.306.pdb	0.0666667	7.014	14.167
complex.307.pdb	0	14.613	24.301
complex.308.pdb	0	14.268	35.993
complex.309.pdb	0.0933333	12.201	33.037
complex.310.pdb	0	8.913	19.281
complex.311.pdb	0.0133333	15.310	44.887
complex.312.pdb	0.0266667	15.162	43.138
complex.313.pdb	0.0266667	14.712	42.769
complex.314.pdb	0	16.545	39.594
complex.315.pdb	0	13.257	35.980
complex.316.pdb	0.0133333	13.850	41.572
complex.317.pdb	0	15.428	41.378
complex.318.pdb	0.0133333	15.188	32.857
complex.319.pdb	0	18.108	43.374
complex.320.pdb	0	17.632	37.849
complex.321.pdb	0	19.413	38.720
complex.322.pdb	0	17.090	38.551
complex.323.pdb	0.12	12.715	38.476
complex.324.pdb	0	14.811	42.703
complex.325.pdb	0	17.233	35.993
complex.326.pdb	0	16.009	24.447
complex.327.pdb	0	17.487	37.233
complex.328.pdb	0	13.275	20.163
complex.329.pdb	0	16.826	27.197
complex.330.pdb	0	15.622	34.344
complex.331.pdb	0	18.344	41.611
complex.332.pdb	0	18.109	36.621
complex.333.pdb	0	18.227	39.789
complex.334.pdb	0	12.833	20.430
complex.335.pdb	0	16.792	36.947
complex.336.pdb	0	13.081	21.953
complex.337.pdb	0	18.514	40.900
complex.338.pdb	0	16.251	39.764
complex.339.pdb	0	16.464	24.331
complex.340.pdb	0	18.674	39.504
complex.341.pdb	0.04	13.154	23.605
complex.342.pdb	0	16.420	36.870
complex.343.pdb	0.0133333	11.531	19.716
complex.344.pdb	0	11.191	16.974
complex.345.pdb	0.0133333	15.215	44.750
complex.346.pdb	0	13.779	38.293
complex.347.pdb	0	15.723	44.153
complex.348.pdb	0	12.290	39.672
complex.349.pdb	0.0533333	13.289	39.843
complex.350.pdb	0.0133333	16.226	46.488
complex.351.pdb	0	8.155	14.998
complex.352.pdb	0.0266667	16.316	29.560
complex.353.pdb	0.0666667	16.309	25.200
complex.354.pdb	0	8.985	16.911
complex.355.pdb	0.0266667	14.261	42.737
complex.356.pdb	0.0266667	14.448	42.795
complex.357.pdb	0.08	7.102	12.542
complex.358.pdb	0	14.025	34.411
complex.359.pdb	0.0266667	13.174	23.088
complex.360.pdb	0.0133333	9.030	32.205
complex.361.pdb	0.08	9.968	29.800
complex.362.pdb	0	17.784	28.224
complex.363.pdb	0	15.625	38.531
complex.364.pdb	0	15.272	25.965
complex.365.pdb	0.0133333	9.917	34.337
complex.366.pdb	0	19.036	40.517
complex.367.pdb	0	16.054	40.203
complex.368.pdb	0.04	7.219	13.342
complex.369.pdb	0	9.627	29.425
complex.370.pdb	0	16.929	39.090
complex.371.pdb	0	15.326	39.755
complex.372.pdb	0	14.590	23.263
complex.373.pdb	0.106667	7.907	12.690
complex.374.pdb	0	14.947	35.293
complex.375.pdb	0.0133333	13.244	38.673
complex.376.pdb	0.0533333	11.987	34.992
complex.377.pdb	0	16.759	40.862
complex.378.pdb	0.0133333	14.594	37.826
complex.379.pdb	0	17.526	43.102
complex.380.pdb	0.04	15.793	31.550
complex.381.pdb	0.0266667	15.852	23.371
complex.382.pdb	0	19.327	41.334
complex.383.pdb	0	17.201	24.909
complex.384.pdb	0	8.250	18.163
complex.385.pdb	0	15.231	21.384
complex.386.pdb	0	16.549	24.697
complex.387.pdb	0.0133333	15.030	23.279
complex.388.pdb	0.04	14.266	39.869
complex.389.pdb	0	19.190	36.784
complex.390.pdb	0.08	13.866	33.192
complex.391.pdb	0	16.870	41.478
complex.392.pdb	0	14.503	23.281
complex.393.pdb	0	15.738	24.484
complex.394.pdb	0	13.767	39.839
complex.395.pdb	0	16.855	24.221
complex.396.pdb	0.0533333	14.586	23.853
complex.397.pdb	0.106667	15.928	36.067
complex.398.pdb	0.04	14.209	41.175
complex.399.pdb	0.0666667	9.954	35.696
complex.400.pdb	0.106667	12.796	30.184
complex.401.pdb	0.0533333	10.230	18.529
complex.402.pdb	0	14.692	36.219
complex.403.pdb	0	13.957	21.747
complex.404.pdb	0.08	13.764	35.872
complex.405.pdb	0.0266667	13.391	23.671
complex.406.pdb	0	13.659	41.285
complex.407.pdb	0.0133333	13.659	27.493
complex.408.pdb	0.0533333	14.924	42.791
complex.409.pdb	0.04	14.554	40.378
complex.410.pdb	0	17.950	25.972
complex.411.pdb	0.04	14.504	41.334
complex.412.pdb	0.04	16.667	43.532
complex.413.pdb	0.133333	17.088	34.464
complex.414.pdb	0	9.637	19.148
complex.415.pdb	0.04	15.718	31.607
complex.416.pdb	0.0133333	13.747	38.093
complex.417.pdb	0.04	12.232	25.074
complex.418.pdb	0	17.098	28.558
complex.419.pdb	0	9.812	14.943
complex.420.pdb	0	14.134	40.282
complex.421.pdb	0	17.843	40.993
complex.422.pdb	0.0266667	17.842	43.248
complex.423.pdb	0	13.289	38.770
complex.424.pdb	0	17.984	42.696
complex.425.pdb	0.0133333	14.682	22.437
complex.426.pdb	0.106667	17.338	24.830
complex.427.pdb	0.0133333	11.411	36.808
complex.428.pdb	0.0266667	13.932	39.645
complex.429.pdb	0	18.483	43.153
complex.430.pdb	0	15.108	44.265
complex.431.pdb	0	14.832	38.045
complex.432.pdb	0	18.949	38.820
complex.433.pdb	0	15.871	38.360
complex.434.pdb	0	17.890	42.426
complex.435.pdb	0	16.398	36.643
complex.436.pdb	0	14.508	41.270
complex.437.pdb	0	16.003	40.593
complex.438.pdb	0.0133333	14.032	44.198
complex.439.pdb	0	10.253	17.259
complex.440.pdb	0.0133333	14.888	26.324
complex.441.pdb	0	14.842	25.917
complex.442.pdb	0	17.319	36.939
complex.443.pdb	0	14.485	38.182
complex.444.pdb	0	19.667	46.059
complex.445.pdb	0.04	10.784	35.707
complex.446.pdb	0.146667	15.340	27.072
complex.447.pdb	0	16.851	30.177
complex.448.pdb	0.0266667	11.953	36.354
complex.449.pdb	0.04	15.077	42.899
complex.450.pdb	0	15.230	39.219
complex.451.pdb	0.0133333	14.148	32.099
complex.452.pdb	0.0133333	13.202	39.485
complex.453.pdb	0.04	12.830	19.720
complex.454.pdb	0.0266667	12.729	39.834
complex.455.pdb	0.0533333	12.115	38.444
complex.456.pdb	0	17.857	35.118
complex.457.pdb	0.04	13.494	38.471
complex.458.pdb	0	12.301	22.482
complex.459.pdb	0	16.651	24.894
complex.460.pdb	0	17.191	25.889
complex.461.pdb	0.0933333	15.743	35.873
complex.462.pdb	0	18.793	39.369
complex.463.pdb	0	15.222	39.806
complex.464.pdb	0	13.957	33.275
complex.465.pdb	0	17.756	37.607
complex.466.pdb	0	8.564	28.317
complex.467.pdb	0	14.151	36.372
complex.468.pdb	0	16.123	23.437
complex.469.pdb	0.0666667	13.062	36.696
complex.470.pdb	0	13.471	36.931
complex.471.pdb	0	18.226	42.717
complex.472.pdb	0.0266667	16.731	43.854
complex.473.pdb	0	13.712	21.694
complex.474.pdb	0.0266667	13.604	42.134
complex.475.pdb	0	13.461	38.501
complex.476.pdb	0.04	17.307	42.756
complex.477.pdb	0.0266667	11.908	22.765
complex.478.pdb	0.133333	11.408	28.434
complex.479.pdb	0	20.291	45.827
complex.480.pdb	0	15.666	37.659
complex.481.pdb	0.0533333	8.467	15.327
complex.482.pdb	0.08	13.280	38.032
complex.483.pdb	0	15.902	32.613
complex.484.pdb	0.0266667	15.553	43.931
complex.485.pdb	0	15.814	31.194
complex.486.pdb	0	16.583	35.106
complex.487.pdb	0	13.260	39.335
complex.488.pdb	0	13.717	30.815
complex.489.pdb	0	16.082	33.715
complex.490.pdb	0.04	13.009	21.360
complex.491.pdb	0	14.772	22.887
complex.492.pdb	0	16.630	39.325
complex.493.pdb	0.0266667	16.717	45.534
complex.494.pdb	0	16.205	40.469
complex.495.pdb	0	14.891	36.932
complex.496.pdb	0.573333	1.969	3.549
complex.497.pdb	0	11.209	37.893
complex.498.pdb	0.0533333	14.265	39.508
complex.499.pdb	0	20.200	46.017
complex.500.pdb	0	18.695	43.836
complex.501.pdb	0	18.754	37.685
complex.502.pdb	0	17.371	36.723
complex.503.pdb	0.0266667	14.065	41.197
complex.504.pdb	0.0533333	15.207	26.695
complex.505.pdb	0	10.718	37.896
complex.506.pdb	0	14.336	36.102
complex.507.pdb	0.0133333	11.798	33.980
complex.508.pdb	0	9.311	16.567
complex.509.pdb	0	13.602	20.792
complex.510.pdb	0.0533333	13.989	20.795
complex.511.pdb	0.08	4.734	13.243
complex.512.pdb	0.0133333	15.890	29.566
complex.513.pdb	0.0133333	12.219	42.108
complex.514.pdb	0	10.481	16.988
complex.515.pdb	0	16.437	23.234
complex.516.pdb	0.04	12.298	37.977
complex.517.pdb	0.0133333	13.470	42.482
complex.518.pdb	0	14.892	37.066
complex.519.pdb	0	17.486	43.715
complex.520.pdb	0	16.678	25.621
complex.521.pdb	0	17.438	38.108
complex.522.pdb	0	9.747	18.726
complex.523.pdb	0	15.985	37.266
complex.524.pdb	0.04	13.259	22.265
complex.525.pdb	0.04	15.520	42.975
complex.526.pdb	0	16.418	40.311
complex.527.pdb	0.0933333	13.619	36.957
complex.528.pdb	0.0266667	13.079	22.784
complex.529.pdb	0	17.759	26.946
complex.530.pdb	0	13.731	42.570
complex.531.pdb	0	15.582	36.724
complex.532.pdb	0.0266667	13.657	43.169
complex.533.pdb	0.0133333	12.195	22.475
complex.534.pdb	0	13.097	22.081
complex.535.pdb	0.0133333	10.059	36.699
complex.536.pdb	0.0533333	11.424	30.303
complex.537.pdb	0.0933333	11.276	36.314
complex.538.pdb	0	10.028	25.235
complex.539.pdb	0	9.121	18.408
complex.540.pdb	0.106667	11.620	36.802
complex.541.pdb	0	15.747	28.711
complex.542.pdb	0	17.204	40.575
complex.543.pdb	0	16.729	36.553
complex.544.pdb	0	17.074	36.258
complex.545.pdb	0	17.585	41.568
complex.546.pdb	0	18.783	41.947
complex.547.pdb	0	19.607	49.459
complex.548.pdb	0.12	13.347	28.573
complex.549.pdb	0.0133333	13.611	42.852
complex.550.pdb	0.106667	13.265	34.313
complex.551.pdb	0.08	12.425	38.124
complex.552.pdb	0.08	9.202	33.364
complex.553.pdb	0	18.084	38.024
complex.554.pdb	0.08	16.141	36.187
complex.555.pdb	0.106667	10.648	34.774
complex.556.pdb	0	9.370	24.168
complex.557.pdb	0	9.415	23.871
complex.558.pdb	0	15.994	43.044
complex.559.pdb	0.0933333	15.123	28.683
complex.560.pdb	0.0133333	14.313	43.857
complex.561.pdb	0.0666667	13.030	38.108
complex.562.pdb	0	13.883	39.863
complex.563.pdb	0	17.752	43.395
complex.564.pdb	0	18.195	45.818
complex.565.pdb	0.04	12.176	21.044
complex.566.pdb	0.0266667	13.167	24.988
complex.567.pdb	0	15.328	42.673
complex.568.pdb	0	8.666	25.575
complex.569.pdb	0	16.734	25.295
complex.570.pdb	0.12	16.390	33.493
complex.571.pdb	0.04	13.376	22.915
complex.572.pdb	0	13.999	37.543
complex.573.pdb	0	19.088	38.491
complex.574.pdb	0	10.226	18.294
complex.575.pdb	0.0933333	15.173	35.832
complex.576.pdb	0.0133333	13.602	21.165
complex.577.pdb	0	9.582	17.384
complex.578.pdb	0.0533333	12.605	33.601
complex.579.pdb	0.0666667	10.080	31.042
complex.580.pdb	0	19.028	38.980
complex.581.pdb	0	17.754	38.745
complex.582.pdb	0.04	13.389	41.659
complex.583.pdb	0	12.792	36.644
complex.584.pdb	0.04	13.470	41.286
complex.585.pdb	0.0266667	17.826	42.502
complex.586.pdb	0	13.516	22.063
complex.587.pdb	0.0133333	11.129	20.085
complex.588.pdb	0	17.006	39.544
complex.589.pdb	0	17.073	39.667
complex.590.pdb	0.0266667	15.395	45.315
complex.591.pdb	0	16.987	33.855
complex.592.pdb	0.0133333	15.526	45.214
complex.593.pdb	0	12.451	20.233
complex.594.pdb	0.08	11.637	37.874
complex.595.pdb	0	13.339	20.570
complex.596.pdb	0.08	12.299	35.866
complex.597.pdb	0	18.902	41.834
complex.598.pdb	0	10.667	25.387
complex.599.pdb	0	18.965	42.482
complex.600.pdb	0.0133333	14.688	38.010
complex.601.pdb	0.0266667	10.669	20.560
complex.602.pdb	0	13.221	38.262
complex.603.pdb	0	14.472	34.234
complex.604.pdb	0	13.859	44.559
complex.605.pdb	0	18.270	36.584
complex.606.pdb	0	17.614	42.125
complex.607.pdb	0	16.102	40.084
complex.608.pdb	0	16.899	35.000
complex.609.pdb	0	11.524	24.535
complex.610.pdb	0.0133333	16.344	45.293
complex.611.pdb	0	13.689	37.931
complex.612.pdb	0	14.898	25.847
complex.613.pdb	0.0133333	20.983	43.454
complex.614.pdb	0	17.153	36.010
complex.615.pdb	0.0133333	13.682	38.121
complex.616.pdb	0.0133333	13.686	20.985
complex.617.pdb	0	12.485	21.728
complex.618.pdb	0	14.128	39.351
complex.619.pdb	0	13.228	39.316
complex.620.pdb	0.0133333	14.375	37.372
complex.621.pdb	0.0133333	14.838	44.787
complex.622.pdb	0.0666667	10.869	36.251
complex.623.pdb	0	15.750	39.573
complex.624.pdb	0.0133333	11.632	18.144
complex.625.pdb	0	14.044	43.973
complex.626.pdb	0	17.914	39.295
complex.627.pdb	0.0266667	16.847	45.691
complex.628.pdb	0	14.751	23.408
complex.629.pdb	0.0666667	11.062	34.844
complex.630.pdb	0.0266667	15.490	39.960
complex.631.pdb	0	18.209	37.768
complex.632.pdb	0.106667	12.532	39.404
complex.633.pdb	0	13.872	33.579
complex.634.pdb	0.413333	2.994	8.731
complex.635.pdb	0	13.300	36.271
complex.636.pdb	0.0133333	13.286	40.943
complex.637.pdb	0	17.174	40.701
complex.638.pdb	0	18.064	38.869
complex.639.pdb	0	14.956	36.903
complex.640.pdb	0	18.941	43.226
complex.641.pdb	0	17.448	39.024
complex.642.pdb	0.04	15.034	43.155
complex.643.pdb	0	18.527	35.987
complex.644.pdb	0.0266667	13.364	36.232
complex.645.pdb	0.0133333	8.899	16.392
complex.646.pdb	0	8.655	20.195
complex.647.pdb	0.0133333	14.152	44.162
complex.648.pdb	0	19.206	42.435
complex.649.pdb	0	16.339	33.755
complex.650.pdb	0	18.020	39.086
complex.651.pdb	0.0666667	12.580	37.899
complex.652.pdb	0	16.818	30.630
complex.653.pdb	0.0266667	14.104	23.272
complex.654.pdb	0.0266667	12.916	41.453
complex.655.pdb	0	18.863	36.840
complex.656.pdb	0.08	12.848	37.388
complex.657.pdb	0	19.119	43.916
complex.658.pdb	0	14.784	26.174
complex.659.pdb	0	16.594	26.414
complex.660.pdb	0	18.519	42.183
complex.661.pdb	0.04	16.148	33.474
complex.662.pdb	0	9.910	21.039
complex.663.pdb	0	18.652	38.338
complex.664.pdb	0.0266667	13.096	36.498
complex.665.pdb	0.0533333	13.448	36.029
complex.666.pdb	0	15.996	43.676
complex.667.pdb	0	11.341	39.973
complex.668.pdb	0.0266667	10.247	19.623
complex.669.pdb	0	19.655	37.393
complex.670.pdb	0.04	16.101	22.142
complex.671.pdb	0	10.906	31.436
complex.672.pdb	0.0133333	13.867	30.265
complex.673.pdb	0	16.743	27.097
complex.674.pdb	0	14.602	35.225
complex.675.pdb	0.0533333	13.376	23.506
complex.676.pdb	0	17.234	37.941
complex.677.pdb	0	19.179	40.029
complex.678.pdb	0.133333	10.306	27.904
complex.679.pdb	0	16.725	39.356
complex.680.pdb	0	15.476	32.129
complex.681.pdb	0.106667	14.808	37.110
complex.682.pdb	0	16.551	36.340
complex.683.pdb	0	13.346	29.332
complex.684.pdb	0	18.311	35.139
complex.685.pdb	0	17.754	29.197
complex.686.pdb	0	10.770	20.044
complex.687.pdb	0.0133333	14.517	44.626
complex.688.pdb	0	13.863	37.236
complex.689.pdb	0.0533333	12.091	33.261
complex.690.pdb	0.08	12.012	21.550
complex.691.pdb	0	19.509	40.486
complex.692.pdb	0	15.062	37.944
complex.693.pdb	0	17.193	43.799
complex.694.pdb	0.08	13.208	31.670
complex.695.pdb	0	16.889	35.156
complex.696.pdb	0	16.598	22.707
complex.697.pdb	0	9.823	30.287
complex.698.pdb	0	13.138	35.240
complex.699.pdb	0	15.172	20.819
complex.700.pdb	0.0133333	13.401	19.129
complex.701.pdb	0.0266667	12.780	34.444
complex.702.pdb	0	14.391	22.289
complex.703.pdb	0.106667	14.888	36.168
complex.704.pdb	0.0266667	14.352	43.557
complex.705.pdb	0	8.732	21.326
complex.706.pdb	0	9.712	16.600
complex.707.pdb	0	15.836	34.635
complex.708.pdb	0	15.411	40.786
complex.709.pdb	0	19.395	37.759
complex.710.pdb	0	18.410	44.064
complex.711.pdb	0	12.573	38.994
complex.712.pdb	0	16.953	44.613
complex.713.pdb	0	18.156	41.254
complex.714.pdb	0.0533333	14.216	42.325
complex.715.pdb	0.0133333	20.390	42.067
complex.716.pdb	0.0133333	17.843	42.735
complex.717.pdb	0.04	15.453	42.763
complex.718.pdb	0.0933333	11.774	36.544
complex.719.pdb	0.0133333	12.655	35.064
complex.720.pdb	0.04	16.160	44.956
complex.721.pdb	0.0533333	12.403	31.327
complex.722.pdb	0	17.237	33.011
complex.723.pdb	0.0133333	12.692	21.516
complex.724.pdb	0	17.894	41.813
complex.725.pdb	0.12	10.159	27.848
complex.726.pdb	0	16.693	38.763
complex.727.pdb	0	15.466	33.107
complex.728.pdb	0.0266667	13.363	39.930
complex.729.pdb	0.2	8.819	23.536
complex.730.pdb	0.0266667	9.263	14.669
complex.731.pdb	0	18.147	39.729
complex.732.pdb	0.133333	8.781	24.842
complex.733.pdb	0	16.439	31.972
complex.734.pdb	0.0933333	12.916	20.333
complex.735.pdb	0.0133333	15.893	26.814
complex.736.pdb	0	14.847	37.345
complex.737.pdb	0	11.575	19.967
complex.738.pdb	0	14.429	36.373
complex.739.pdb	0.0133333	16.979	24.484
complex.740.pdb	0	18.324	36.614
complex.741.pdb	0	18.963	37.719
complex.742.pdb	0.0133333	15.843	46.180
complex.743.pdb	0	15.476	38.661
complex.744.pdb	0.12	9.575	33.673
complex.745.pdb	0	15.782	22.974
complex.746.pdb	0	12.937	36.599
complex.747.pdb	0.0933333	15.144	37.119
complex.748.pdb	0.04	14.718	31.049
complex.749.pdb	0.0266667	15.877	46.252
complex.750.pdb	0	14.420	38.377
complex.751.pdb	0.04	11.989	35.817
complex.752.pdb	0.0133333	15.236	45.566
complex.753.pdb	0.0533333	14.049	37.341
complex.754.pdb	0	15.221	43.755
complex.755.pdb	0	16.353	43.413
complex.756.pdb	0.0266667	15.560	45.143
complex.757.pdb	0	14.411	23.075
complex.758.pdb	0	13.060	37.466
complex.759.pdb	0.0133333	14.555	37.611
complex.760.pdb	0	13.943	35.817
complex.761.pdb	0.04	12.712	19.537
complex.762.pdb	0	13.446	22.824
complex.763.pdb	0	15.494	28.969
complex.764.pdb	0	13.711	43.204
complex.765.pdb	0	18.730	36.914
complex.766.pdb	0	8.865	27.067
complex.767.pdb	0	9.528	23.134
complex.768.pdb	0	16.365	30.483
complex.769.pdb	0.133333	11.189	28.678
complex.770.pdb	0	19.321	37.569
complex.771.pdb	0.146667	16.000	30.439
complex.772.pdb	0	12.218	33.619
complex.773.pdb	0	11.293	33.172
complex.774.pdb	0.16	10.812	29.133
complex.775.pdb	0	13.372	35.866
complex.776.pdb	0.0266667	16.248	44.118
complex.777.pdb	0	19.421	46.322
complex.778.pdb	0	9.311	27.736
complex.779.pdb	0	8.975	18.769
complex.780.pdb	0	15.781	25.164
complex.781.pdb	0.0266667	15.097	44.030
complex.782.pdb	0	9.143	25.191
complex.783.pdb	0.0266667	19.690	42.870
complex.784.pdb	0.0133333	13.965	37.984
complex.785.pdb	0.0666667	13.611	40.253
complex.786.pdb	0	13.999	36.678
complex.787.pdb	0.08	9.299	17.252
complex.788.pdb	0	17.163	38.060
complex.789.pdb	0	13.835	21.434
complex.790.pdb	0	15.065	40.588
complex.791.pdb	0	13.792	40.853
complex.792.pdb	0	18.947	41.880
complex.793.pdb	0	14.897	41.660
complex.794.pdb	0	18.738	38.409
complex.795.pdb	0	16.133	23.264
complex.796.pdb	0	14.608	40.140
complex.797.pdb	0	8.907	25.037
complex.798.pdb	0	13.919	20.357
complex.799.pdb	0.52	2.253	4.809
complex.800.pdb	0	17.278	41.426
complex.801.pdb	0	16.616	43.075
complex.802.pdb	0.0533333	16.089	42.732
complex.803.pdb	0	18.489	42.071
complex.804.pdb	0	18.262	42.996
complex.805.pdb	0	15.388	38.509
complex.806.pdb	0	13.556	37.074
complex.807.pdb	0.0666667	11.891	36.370
complex.808.pdb	0	17.022	34.933
complex.809.pdb	0	13.527	20.445
complex.810.pdb	0	19.094	48.730
complex.811.pdb	0	13.311	19.818
complex.812.pdb	0.0133333	14.890	34.481
complex.813.pdb	0	16.957	39.057
complex.814.pdb	0.0133333	17.191	45.737
complex.815.pdb	0.0666667	14.006	34.538
complex.816.pdb	0.0133333	14.983	43.712
complex.817.pdb	0	18.063	35.575
complex.818.pdb	0	11.771	18.820
complex.819.pdb	0	18.102	27.899
complex.820.pdb	0	17.665	41.529
complex.821.pdb	0.08	10.618	37.302
complex.822.pdb	0	11.394	36.509
complex.823.pdb	0	18.575	42.599
complex.824.pdb	0.0533333	11.506	22.881
complex.825.pdb	0	19.646	38.718
complex.826.pdb	0	17.647	39.620
complex.827.pdb	0.106667	10.815	33.698
complex.828.pdb	0	17.130	28.368
complex.829.pdb	0	15.863	29.669
complex.830.pdb	0.0533333	11.303	34.741
complex.831.pdb	0	13.082	21.167
complex.832.pdb	0	12.303	18.153
complex.833.pdb	0	14.644	33.111
complex.834.pdb	0	15.502	46.590
complex.835.pdb	0.04	15.745	42.329
complex.836.pdb	0	17.029	38.908
complex.837.pdb	0	13.844	34.290
complex.838.pdb	0.04	11.345	37.047
complex.839.pdb	0.04	14.969	42.733
complex.840.pdb	0.0933333	10.065	30.657
complex.841.pdb	0	15.666	41.803
complex.842.pdb	0.0533333	8.004	15.356
complex.843.pdb	0	17.402	41.262
complex.844.pdb	0	12.399	37.151
complex.845.pdb	0	16.567	31.863
complex.846.pdb	0	15.311	23.643
complex.847.pdb	0	19.806	47.455
complex.848.pdb	0.0133333	11.844	21.543
complex.849.pdb	0	18.268	36.423
complex.850.pdb	0	16.380	37.427
complex.851.pdb	0	17.710	43.813
complex.852.pdb	0.0133333	13.873	39.893
complex.853.pdb	0	16.388	31.398
complex.854.pdb	0	19.019	37.644
complex.855.pdb	0.0533333	12.713	39.513
complex.856.pdb	0	11.719	37.762
complex.857.pdb	0	12.219	33.847
complex.858.pdb	0.0266667	12.459	21.997
complex.859.pdb	0	10.988	38.266
complex.860.pdb	0	12.801	40.312
complex.861.pdb	0	13.726	38.410
complex.862.pdb	0.0133333	19.165	46.188
complex.863.pdb	0	17.630	39.928
complex.864.pdb	0.106667	16.341	35.839
complex.865.pdb	0	13.545	39.363
complex.866.pdb	0	16.260	40.274
complex.867.pdb	0	14.698	21.185
complex.868.pdb	0	13.080	34.745
complex.869.pdb	0.0666667	11.570	17.707
complex.870.pdb	0.253333	7.732	19.809
complex.871.pdb	0	14.574	22.918
complex.872.pdb	0	14.268	41.582
complex.873.pdb	0	17.697	41.084
complex.874.pdb	0	14.280	44.464
complex.875.pdb	0.0133333	13.166	38.464
complex.876.pdb	0.0666667	13.793	21.948
complex.877.pdb	0	16.233	40.042
complex.878.pdb	0	16.871	38.862
complex.879.pdb	0.04	16.497	40.397
complex.880.pdb	0	16.826	40.682
complex.881.pdb	0	17.425	39.806
complex.882.pdb	0.0933333	12.994	35.330
complex.883.pdb	0	17.432	35.465
complex.884.pdb	0.0666667	13.367	38.537
complex.885.pdb	0	17.318	38.540
complex.886.pdb	0	13.736	38.659
complex.887.pdb	0.0133333	14.636	33.770
complex.888.pdb	0	14.844	20.608
complex.889.pdb	0	16.747	37.508
complex.890.pdb	0	10.740	39.324
complex.891.pdb	0	13.413	22.993
complex.892.pdb	0	13.332	33.789
complex.893.pdb	0	19.265	38.633
complex.894.pdb	0.106667	14.384	35.241
complex.895.pdb	0	10.409	35.551
complex.896.pdb	0	17.118	38.623
complex.897.pdb	0	13.805	20.392
complex.898.pdb	0.106667	14.228	33.287
complex.899.pdb	0.0533333	18.465	42.336
complex.900.pdb	0.0533333	16.926	23.955
complex.901.pdb	0	16.292	32.649
complex.902.pdb	0	18.977	40.272
complex.903.pdb	0.0133333	13.904	36.859
complex.904.pdb	0	17.341	24.194
complex.905.pdb	0	14.994	36.429
complex.906.pdb	0	19.185	38.649
complex.907.pdb	0	14.976	39.523
complex.908.pdb	0	8.260	24.666
complex.909.pdb	0	19.060	37.641
complex.910.pdb	0.0133333	11.062	33.115
complex.911.pdb	0	16.858	24.414
complex.912.pdb	0	16.010	39.383
complex.913.pdb	0	16.780	37.670
complex.914.pdb	0	14.381	38.678
complex.915.pdb	0.0133333	13.521	39.175
complex.916.pdb	0	16.137	40.954
complex.917.pdb	0.0933333	11.624	33.162
complex.918.pdb	0	18.387	39.151
complex.919.pdb	0.04	14.984	42.762
complex.920.pdb	0.0266667	13.396	25.707
complex.921.pdb	0	12.482	22.779
complex.922.pdb	0	15.432	21.544
complex.923.pdb	0	15.481	35.693
complex.924.pdb	0	20.553	40.649
complex.925.pdb	0	11.701	20.386
complex.926.pdb	0.0133333	15.329	41.574
complex.927.pdb	0.0666667	13.745	42.145
complex.928.pdb	0.0266667	14.637	45.281
complex.929.pdb	0	16.249	45.621
complex.930.pdb	0.0133333	14.200	42.053
complex.931.pdb	0	13.020	39.700
complex.932.pdb	0	13.000	35.788
complex.933.pdb	0	16.527	37.614
complex.934.pdb	0.0266667	10.924	36.358
complex.935.pdb	0	16.974	34.773
complex.936.pdb	0	18.846	40.119
complex.937.pdb	0	13.916	21.848
complex.938.pdb	0	15.547	40.641
complex.939.pdb	0	17.924	38.635
complex.940.pdb	0	16.703	36.143
complex.941.pdb	0.04	15.455	42.670
complex.942.pdb	0	17.233	44.457
complex.943.pdb	0	14.376	43.882
complex.944.pdb	0	17.548	26.594
complex.945.pdb	0	12.066	17.227
complex.946.pdb	0	18.308	37.560
complex.947.pdb	0.04	13.850	38.627
complex.948.pdb	0	15.971	39.461
complex.949.pdb	0	10.444	21.413
complex.950.pdb	0.0666667	13.377	39.335
complex.951.pdb	0	14.065	20.708
complex.952.pdb	0	20.003	46.486
complex.953.pdb	0	16.208	36.977
complex.954.pdb	0	15.499	37.198
complex.955.pdb	0.0266667	15.328	30.586
complex.956.pdb	0	17.876	40.453
complex.957.pdb	0	14.103	20.918
complex.958.pdb	0	17.397	41.999
complex.959.pdb	0	13.981	21.354
complex.960.pdb	0.08	13.973	36.908
complex.961.pdb	0.0133333	17.778	41.574
complex.962.pdb	0	14.475	21.361
complex.963.pdb	0	14.872	38.487
complex.964.pdb	0	18.675	41.156
complex.965.pdb	0	14.627	21.714
complex.966.pdb	0.666667	1.354	4.117
complex.967.pdb	0.0133333	11.860	37.832
complex.968.pdb	0	12.454	32.889
complex.969.pdb	0	18.355	42.212
complex.970.pdb	0	16.072	35.271
complex.971.pdb	0	17.645	39.285
complex.972.pdb	0	16.564	37.511
complex.973.pdb	0	19.403	38.127
complex.974.pdb	0	16.575	33.050
complex.975.pdb	0.0133333	17.436	26.397
complex.976.pdb	0	18.652	34.614
complex.977.pdb	0	12.898	20.368
complex.978.pdb	0.0666667	15.715	23.810
complex.979.pdb	0.0133333	8.044	18.956
complex.980.pdb	0	15.585	26.700
complex.981.pdb	0	17.243	39.292
complex.982.pdb	0	13.849	39.821
complex.983.pdb	0	17.203	38.128
complex.984.pdb	0.0133333	13.710	24.530
complex.985.pdb	0	15.996	41.997
complex.986.pdb	0	8.662	19.225
complex.987.pdb	0	13.191	36.021
complex.988.pdb	0	18.447	43.521
complex.989.pdb	0	18.730	47.981
complex.990.pdb	0	14.307	21.867
complex.991.pdb	0	10.566	16.408
complex.992.pdb	0	16.028	39.820
complex.993.pdb	0.0133333	14.195	36.082
complex.994.pdb	0	17.118	44.630
complex.995.pdb	0.04	16.366	28.204
complex.996.pdb	0.04	12.362	39.659
complex.997.pdb	0	18.890	35.487
complex.998.pdb	0.0266667	12.528	41.683
complex.999.pdb	0	17.796	39.324
complex.1000.pdb	0	13.468	28.001
complex.1001.pdb	0	12.095	39.370
complex.1002.pdb	0	17.781	38.009
complex.1003.pdb	0	18.183	39.071
complex.1004.pdb	0	19.137	39.477
complex.1005.pdb	0	16.384	32.777
complex.1006.pdb	0	14.792	40.696
complex.1007.pdb	0	15.798	41.413
complex.1008.pdb	0	13.608	39.465
complex.1009.pdb	0	9.746	15.596
complex.1010.pdb	0	16.849	33.160
complex.1011.pdb	0	15.596	37.551
complex.1012.pdb	0.0533333	12.999	38.662
complex.1013.pdb	0	19.088	38.594
complex.1014.pdb	0	19.396	43.819
complex.1015.pdb	0	15.502	30.666
complex.1016.pdb	0	17.232	25.762
complex.1017.pdb	0.0133333	11.989	20.682
complex.1018.pdb	0.04	14.888	40.273
complex.1019.pdb	0.0933333	12.030	32.770
complex.1020.pdb	0	11.651	35.121
complex.1021.pdb	0	17.128	40.360
complex.1022.pdb	0	17.636	38.043
complex.1023.pdb	0	13.872	35.754
complex.1024.pdb	0.0266667	13.629	40.445
complex.1025.pdb	0.0666667	12.342	39.099
complex.1026.pdb	0	20.220	43.706
complex.1027.pdb	0	16.622	34.874
complex.1028.pdb	0	15.512	38.077
complex.1029.pdb	0	15.165	23.825
complex.1030.pdb	0	11.723	36.373
complex.1031.pdb	0	17.844	37.087
complex.1032.pdb	0	13.787	21.084
complex.1033.pdb	0.04	12.362	35.568
complex.1034.pdb	0.04	11.922	37.581
complex.1035.pdb	0.0666667	10.026	36.278
complex.1036.pdb	0	9.993	15.043
complex.1037.pdb	0	17.836	40.178
complex.1038.pdb	0	12.450	41.149
complex.1039.pdb	0	17.749	38.482
complex.1040.pdb	0	14.355	22.531
complex.1041.pdb	0.0666667	9.600	34.831
complex.1042.pdb	0.0266667	13.133	41.098
complex.1043.pdb	0	13.368	44.061
complex.1044.pdb	0	15.184	23.420
complex.1045.pdb	0	13.850	21.607
complex.1046.pdb	0	13.186	19.674
complex.1047.pdb	0	17.306	38.471
complex.1048.pdb	0.0266667	14.626	44.356
complex.1049.pdb	0	16.101	22.772
complex.1050.pdb	0.0133333	13.274	24.136
complex.1051.pdb	0	9.675	27.978
complex.1052.pdb	0	18.438	43.238
complex.1053.pdb	0	18.840	39.444
complex.1054.pdb	0	14.604	36.424
complex.1055.pdb	0	10.650	23.581
complex.1056.pdb	0.0533333	14.589	22.116
complex.1057.pdb	0	19.982	46.412
complex.1058.pdb	0	9.640	15.970
complex.1059.pdb	0	18.998	35.756
complex.1060.pdb	0.0266667	14.663	38.698
complex.1061.pdb	0	18.055	39.304
complex.1062.pdb	0	17.727	41.823
complex.1063.pdb	0	19.059	34.924
complex.1064.pdb	0.0266667	14.867	33.234
complex.1065.pdb	0	18.734	42.917
complex.1066.pdb	0.0133333	15.616	42.681
complex.1067.pdb	0	14.323	22.471
complex.1068.pdb	0.0133333	8.835	14.181
complex.1069.pdb	0.0666667	11.607	36.211
complex.1070.pdb	0	18.495	34.489
complex.1071.pdb	0.0133333	16.701	46.541
complex.1072.pdb	0.173333	9.119	24.107
complex.1073.pdb	0	15.936	41.905
complex.1074.pdb	0.0133333	19.259	43.446
complex.1075.pdb	0	17.570	37.629
complex.1076.pdb	0	13.247	37.856
complex.1077.pdb	0.04	9.472	21.073
complex.1078.pdb	0	15.806	29.567
complex.1079.pdb	0	17.684	40.149
complex.1080.pdb	0	19.044	40.380
complex.1081.pdb	0	18.169	40.639
complex.1082.pdb	0	16.258	37.385
complex.1083.pdb	0	19.602	44.264
complex.1084.pdb	0.04	14.430	41.964
complex.1085.pdb	0	14.014	20.996
complex.1086.pdb	0.04	16.979	26.458
complex.1087.pdb	0	18.669	48.282
complex.1088.pdb	0	16.231	34.853
complex.1089.pdb	0.0266667	16.060	40.682
complex.1090.pdb	0	16.143	38.550
complex.1091.pdb	0.04	14.106	24.271
complex.1092.pdb	0	16.570	32.348
complex.1093.pdb	0	12.811	36.399
complex.1094.pdb	0	15.649	39.421
complex.1095.pdb	0.133333	12.545	34.012
complex.1096.pdb	0	17.352	42.470
complex.1097.pdb	0	19.755	45.565
complex.1098.pdb	0	7.949	12.111
complex.1099.pdb	0	15.137	22.077
complex.1100.pdb	0	9.923	17.547
complex.1101.pdb	0	15.180	25.748
complex.1102.pdb	0	19.071	39.466
complex.1103.pdb	0	8.718	14.014
complex.1104.pdb	0.0266667	16.382	40.316
complex.1105.pdb	0	15.335	39.793
complex.1106.pdb	0	13.029	38.681
complex.1107.pdb	0	19.016	43.585
complex.1108.pdb	0.0266667	14.885	43.825
complex.1109.pdb	0.0533333	16.288	42.484
complex.1110.pdb	0	17.975	37.740
complex.1111.pdb	0.0933333	9.633	32.222
complex.1112.pdb	0	14.275	38.460
complex.1113.pdb	0	16.018	38.714
complex.1114.pdb	0	17.475	36.997
complex.1115.pdb	0	17.263	36.132
complex.1116.pdb	0.04	13.399	40.929
complex.1117.pdb	0	17.109	35.523
complex.1118.pdb	0	14.990	23.225
complex.1119.pdb	0.12	9.795	19.349
complex.1120.pdb	0	16.719	25.404
complex.1121.pdb	0.0133333	10.011	19.561
complex.1122.pdb	0	19.188	41.701
complex.1123.pdb	0.0133333	15.377	37.512
complex.1124.pdb	0	16.528	35.302
complex.1125.pdb	0	19.521	41.971
complex.1126.pdb	0	19.084	40.213
complex.1127.pdb	0	12.318	39.097
complex.1128.pdb	0.12	15.360	36.456
complex.1129.pdb	0	13.058	34.218
complex.1130.pdb	0	17.588	40.175
complex.1131.pdb	0.08	10.676	17.560
complex.1132.pdb	0	19.713	44.908
complex.1133.pdb	0	13.962	34.011
complex.1134.pdb	0	15.415	22.306
complex.1135.pdb	0.0666667	13.570	37.546
complex.1136.pdb	0.0666667	12.485	22.508
complex.1137.pdb	0	14.242	37.485
complex.1138.pdb	0	11.794	38.030
complex.1139.pdb	0.0133333	13.547	43.334
complex.1140.pdb	0.08	12.862	36.194
complex.1141.pdb	0	17.211	40.253
complex.1142.pdb	0	17.322	38.269
complex.1143.pdb	0	8.247	27.511
complex.1144.pdb	0	18.052	41.679
complex.1145.pdb	0	12.228	35.750
complex.1146.pdb	0	17.989	35.107
complex.1147.pdb	0	18.637	43.347
complex.1148.pdb	0	14.971	26.263
complex.1149.pdb	0	14.706	24.721
complex.1150.pdb	0	14.194	43.146
complex.1151.pdb	0.0933333	12.480	19.726
complex.1152.pdb	0	12.603	35.672
complex.1153.pdb	0	14.161	35.006
complex.1154.pdb	0.0133333	7.309	12.855
complex.1155.pdb	0	16.134	43.801
complex.1156.pdb	0.0133333	13.234	38.874
complex.1157.pdb	0	14.493	33.153
complex.1158.pdb	0	17.933	40.865
complex.1159.pdb	0	16.895	33.250
complex.1160.pdb	0	15.358	25.208
complex.1161.pdb	0	15.332	33.861
complex.1162.pdb	0	19.220	39.678
complex.1163.pdb	0	11.806	20.026
complex.1164.pdb	0	16.914	24.738
complex.1165.pdb	0.0133333	11.666	33.269
complex.1166.pdb	0	13.195	37.985
complex.1167.pdb	0	20.711	47.825
complex.1168.pdb	0	15.436	25.237
complex.1169.pdb	0.04	15.187	43.589
complex.1170.pdb	0	15.024	39.283
complex.1171.pdb	0.0266667	17.449	24.541
complex.1172.pdb	0	13.684	36.126
complex.1173.pdb	0	10.950	35.357
complex.1174.pdb	0	18.501	42.413
complex.1175.pdb	0	19.088	38.073
complex.1176.pdb	0	15.999	43.330
complex.1177.pdb	0.08	14.067	23.975
complex.1178.pdb	0	8.809	16.071
complex.1179.pdb	0.0533333	13.594	37.101
complex.1180.pdb	0	15.319	40.592
complex.1181.pdb	0	15.585	27.058
complex.1182.pdb	0	17.036	34.452
complex.1183.pdb	0	18.353	37.905
complex.1184.pdb	0	15.739	38.446
complex.1185.pdb	0	10.687	18.497
complex.1186.pdb	0.0266667	11.948	39.274
complex.1187.pdb	0	16.519	37.850
complex.1188.pdb	0	18.529	45.647
complex.1189.pdb	0	16.126	42.356
complex.1190.pdb	0.0533333	13.240	38.561
complex.1191.pdb	0	18.528	39.676
complex.1192.pdb	0.0133333	13.461	20.249
complex.1193.pdb	0.0266667	7.876	13.113
complex.1194.pdb	0.0133333	13.597	20.562
complex.1195.pdb	0	18.139	42.975
complex.1196.pdb	0.0666667	12.618	20.322
complex.1197.pdb	0.0533333	11.967	19.000
complex.1198.pdb	0.0133333	15.909	21.994
complex.1199.pdb	0	16.650	36.692
complex.1200.pdb	0	13.666	20.984
complex.1201.pdb	0	15.792	39.327
complex.1202.pdb	0	17.541	34.009
complex.1203.pdb	0	16.722	42.989
complex.1204.pdb	0	16.558	36.969
complex.1205.pdb	0.0133333	19.302	44.877
complex.1206.pdb	0	15.310	38.424
complex.1207.pdb	0.04	7.995	14.349
complex.1208.pdb	0.106667	8.741	29.711
complex.1209.pdb	0	17.717	38.251
complex.1210.pdb	0.0533333	10.696	24.619
complex.1211.pdb	0	12.705	20.695
complex.1212.pdb	0	19.231	34.711
complex.1213.pdb	0	16.704	43.610
complex.1214.pdb	0.0133333	13.809	27.264
complex.1215.pdb	0.0133333	13.579	39.351
complex.1216.pdb	0	18.435	42.975
complex.1217.pdb	0	18.063	36.300
complex.1218.pdb	0	9.506	17.470
complex.1219.pdb	0	16.310	41.592
complex.1220.pdb	0	19.227	38.957
complex.1221.pdb	0.0266667	15.498	28.537
complex.1222.pdb	0	20.182	40.808
complex.1223.pdb	0	14.373	20.904
complex.1224.pdb	0	10.578	37.382
complex.1225.pdb	0.0133333	9.449	34.505
complex.1226.pdb	0	20.248	41.712
complex.1227.pdb	0	12.534	18.783
complex.1228.pdb	0.0666667	12.995	24.429
complex.1229.pdb	0	10.530	20.824
complex.1230.pdb	0.04	8.142	27.822
complex.1231.pdb	0	17.301	24.684
complex.1232.pdb	0.0133333	20.510	44.169
complex.1233.pdb	0	16.315	34.964
complex.1234.pdb	0	16.631	38.791
complex.1235.pdb	0.0533333	12.924	38.039
complex.1236.pdb	0	15.726	40.703
complex.1237.pdb	0	14.011	38.194
complex.1238.pdb	0	18.134	35.679
complex.1239.pdb	0	18.208	42.638
complex.1240.pdb	0	19.204	35.798
complex.1241.pdb	0	16.102	32.990
complex.1242.pdb	0	14.678	38.842
complex.1243.pdb	0	19.457	38.700
complex.1244.pdb	0.0266667	16.040	46.615
complex.1245.pdb	0	18.197	42.312
complex.1246.pdb	0.08	12.919	33.872
complex.1247.pdb	0.0933333	15.472	37.645
complex.1248.pdb	0	14.980	38.239
complex.1249.pdb	0.0266667	11.174	40.152
complex.1250.pdb	0	14.402	37.634
complex.1251.pdb	0	15.046	33.629
complex.1252.pdb	0	19.252	39.410
complex.1253.pdb	0	13.589	42.558
complex.1254.pdb	0	19.719	47.951
complex.1255.pdb	0	11.747	40.688
complex.1256.pdb	0	17.162	37.341
complex.1257.pdb	0	16.897	27.898
complex.1258.pdb	0.0266667	15.726	39.962
complex.1259.pdb	0	14.663	27.501
complex.1260.pdb	0	15.590	34.679
complex.1261.pdb	0.0133333	8.897	14.088
complex.1262.pdb	0	19.928	49.410
complex.1263.pdb	0	16.463	30.149
complex.1264.pdb	0.0533333	8.704	23.463
complex.1265.pdb	0	14.809	21.701
complex.1266.pdb	0	15.125	24.241
complex.1267.pdb	0	15.303	28.560
complex.1268.pdb	0	13.508	20.170
complex.1269.pdb	0	8.035	20.845
complex.1270.pdb	0	17.770	41.804
complex.1271.pdb	0	16.940	44.265
complex.1272.pdb	0	12.717	35.019
complex.1273.pdb	0	19.011	47.149
complex.1274.pdb	0	13.578	37.618
complex.1275.pdb	0	15.847	30.058
complex.1276.pdb	0	19.653	48.378
complex.1277.pdb	0.04	11.465	22.896
complex.1278.pdb	0	18.325	40.720
complex.1279.pdb	0	17.760	38.446
complex.1280.pdb	0.0266667	15.494	24.219
complex.1281.pdb	0.0666667	17.598	26.945
complex.1282.pdb	0	10.719	27.126
complex.1283.pdb	0	17.941	44.268
complex.1284.pdb	0	10.746	16.433
complex.1285.pdb	0.04	17.240	44.226
complex.1286.pdb	0	19.449	45.029
complex.1287.pdb	0	19.411	45.172
complex.1288.pdb	0	21.558	45.905
complex.1289.pdb	0	17.295	36.617
complex.1290.pdb	0	19.008	40.872
complex.1291.pdb	0.133333	17.164	32.290
complex.1292.pdb	0	14.124	42.115
complex.1293.pdb	0	14.562	43.131
complex.1294.pdb	0	16.667	44.307
complex.1295.pdb	0	14.055	43.574
complex.1296.pdb	0	15.245	25.726
complex.1297.pdb	0	11.998	18.489
complex.1298.pdb	0	16.109	32.485
complex.1299.pdb	0	11.597	39.711
complex.1300.pdb	0	12.118	32.371
complex.1301.pdb	0.0133333	13.753	41.228
complex.1302.pdb	0	19.890	42.121
complex.1303.pdb	0.0666667	12.649	24.826
complex.1304.pdb	0.146667	12.926	38.007
complex.1305.pdb	0	9.295	31.618
complex.1306.pdb	0	17.082	41.863
complex.1307.pdb	0.306667	7.606	21.279
complex.1308.pdb	0	15.744	25.646
complex.1309.pdb	0	18.853	32.641
complex.1310.pdb	0	15.045	37.656
complex.1311.pdb	0.12	10.830	19.982
complex.1312.pdb	0	19.266	45.735
complex.1313.pdb	0	18.865	38.739
complex.1314.pdb	0	13.576	44.337
complex.1315.pdb	0.0666667	9.488	34.519
complex.1316.pdb	0	12.714	35.354
complex.1317.pdb	0	16.056	34.872
complex.1318.pdb	0.0533333	10.858	36.434
complex.1319.pdb	0.04	11.914	20.408
complex.1320.pdb	0	14.051	21.842
complex.1321.pdb	0	16.761	26.618
complex.1322.pdb	0	18.047	43.638
complex.1323.pdb	0	16.875	39.386
complex.1324.pdb	0	19.303	43.425
complex.1325.pdb	0.0266667	15.514	42.226
complex.1326.pdb	0.0133333	15.557	37.660
complex.1327.pdb	0.0133333	13.383	32.412
complex.1328.pdb	0	16.715	45.429
complex.1329.pdb	0	9.169	27.309
complex.1330.pdb	0	15.775	35.076
complex.1331.pdb	0	19.204	48.273
complex.1332.pdb	0.0533333	15.713	41.890
complex.1333.pdb	0	21.454	43.456
complex.1334.pdb	0	17.417	46.434
complex.1335.pdb	0.0133333	17.840	45.521
complex.1336.pdb	0	17.469	39.995
complex.1337.pdb	0	17.592	38.236
complex.1338.pdb	0.0133333	13.665	38.185
complex.1339.pdb	0	18.899	43.615
complex.1340.pdb	0	16.880	39.168
complex.1341.pdb	0	18.349	42.140
complex.1342.pdb	0	16.355	39.105
complex.1343.pdb	0	18.210	43.374
complex.1344.pdb	0	19.070	46.061
complex.1345.pdb	0	15.265	43.571
complex.1346.pdb	0	14.863	23.694
complex.1347.pdb	0	14.318	35.906
complex.1348.pdb	0	14.043	20.984
complex.1349.pdb	0.0133333	13.931	36.568
complex.1350.pdb	0	17.530	40.691
complex.1351.pdb	0	18.187	40.188
complex.1352.pdb	0	8.824	17.438
complex.1353.pdb	0	19.916	49.555
complex.1354.pdb	0	14.622	22.994
complex.1355.pdb	0.2	9.494	25.384
complex.1356.pdb	0	13.441	38.178
complex.1357.pdb	0.0133333	16.897	41.577
complex.1358.pdb	0	10.056	17.059
complex.1359.pdb	0	14.337	39.445
complex.1360.pdb	0	17.748	38.615
complex.1361.pdb	0	15.833	32.173
complex.1362.pdb	0	17.554	24.343
complex.1363.pdb	0	12.920	38.721
complex.1364.pdb	0	11.230	36.361
complex.1365.pdb	0.0133333	13.520	38.239
complex.1366.pdb	0.0266667	12.600	39.061
complex.1367.pdb	0	9.076	24.529
complex.1368.pdb	0	17.571	43.118
complex.1369.pdb	0	17.162	34.751
complex.1370.pdb	0	17.774	36.961
complex.1371.pdb	0.0266667	17.148	45.825
complex.1372.pdb	0	18.775	43.953
complex.1373.pdb	0.0133333	15.937	23.470
complex.1374.pdb	0.0133333	18.696	44.308
complex.1375.pdb	0.08	8.771	30.864
complex.1376.pdb	0.08	14.150	24.533
complex.1377.pdb	0	16.519	41.262
complex.1378.pdb	0	18.275	42.645
complex.1379.pdb	0	8.032	17.948
complex.1380.pdb	0	19.326	50.962
complex.1381.pdb	0.0266667	14.160	29.357
complex.1382.pdb	0	15.812	42.885
complex.1383.pdb	0.0666667	13.971	39.926
complex.1384.pdb	0	8.302	12.902
complex.1385.pdb	0	12.458	40.923
complex.1386.pdb	0.04	10.966	33.436
complex.1387.pdb	0.0666667	12.038	38.216
complex.1388.pdb	0	19.669	36.537
complex.1389.pdb	0	13.967	38.885
complex.1390.pdb	0	13.901	20.923
complex.1391.pdb	0.04	15.556	27.209
complex.1392.pdb	0	10.040	17.912
complex.1393.pdb	0.0133333	13.330	39.016
complex.1394.pdb	0	19.226	38.009
complex.1395.pdb	0.0266667	16.004	45.500
complex.1396.pdb	0	14.757	23.147
complex.1397.pdb	0	16.651	31.767
complex.1398.pdb	0	16.457	39.322
complex.1399.pdb	0	12.442	41.881
complex.1400.pdb	0	13.678	37.351
complex.1401.pdb	0	13.883	21.756
complex.1402.pdb	0.146667	12.440	31.090
complex.1403.pdb	0	17.119	42.199
complex.1404.pdb	0	16.007	40.778
complex.1405.pdb	0	16.221	43.467
complex.1406.pdb	0.0266667	13.881	35.804
complex.1407.pdb	0.0533333	13.201	36.801
complex.1408.pdb	0.0133333	16.045	45.755
complex.1409.pdb	0.0266667	15.022	27.007
complex.1410.pdb	0	19.658	45.365
complex.1411.pdb	0	11.915	30.720
complex.1412.pdb	0	18.941	43.277
complex.1413.pdb	0.0133333	9.383	16.004
complex.1414.pdb	0.0133333	20.595	46.933
complex.1415.pdb	0.0533333	12.676	36.412
complex.1416.pdb	0.133333	11.418	19.344
complex.1417.pdb	0	17.934	43.106
complex.1418.pdb	0	17.935	43.027
complex.1419.pdb	0.0133333	18.950	46.370
complex.1420.pdb	0	15.604	40.650
complex.1421.pdb	0	17.080	39.566
complex.1422.pdb	0	10.620	21.096
complex.1423.pdb	0	21.049	42.862
complex.1424.pdb	0	8.839	16.736
complex.1425.pdb	0.0133333	16.035	40.538
complex.1426.pdb	0	15.273	34.792
complex.1427.pdb	0	13.621	42.921
complex.1428.pdb	0.0133333	11.611	30.236
complex.1429.pdb	0	13.927	34.586
complex.1430.pdb	0	16.986	43.807
complex.1431.pdb	0.0266667	14.947	43.804
complex.1432.pdb	0	19.031	38.936
complex.1433.pdb	0	17.829	40.682
complex.1434.pdb	0.0933333	15.267	36.290
complex.1435.pdb	0	16.937	41.795
complex.1436.pdb	0	16.736	35.431
complex.1437.pdb	0.0266667	15.894	45.747
complex.1438.pdb	0.0266667	12.454	39.196
complex.1439.pdb	0	18.800	38.199
complex.1440.pdb	0	13.611	21.491
complex.1441.pdb	0	14.557	38.440
complex.1442.pdb	0	17.531	35.911
complex.1443.pdb	0	13.797	39.079
complex.1444.pdb	0	13.764	22.139
complex.1445.pdb	0.186667	8.137	21.195
complex.1446.pdb	0.08	11.835	32.844
complex.1447.pdb	0	13.167	19.667
complex.1448.pdb	0	12.077	35.614
complex.1449.pdb	0	16.584	40.335
complex.1450.pdb	0	13.444	20.733
complex.1451.pdb	0	9.528	35.913
complex.1452.pdb	0.04	11.968	41.002
complex.1453.pdb	0	16.389	38.077
complex.1454.pdb	0	16.313	44.837
complex.1455.pdb	0	11.258	19.117
complex.1456.pdb	0.04	16.075	38.977
complex.1457.pdb	0	21.348	45.471
complex.1458.pdb	0	18.558	47.686
complex.1459.pdb	0.0933333	7.549	13.702
complex.1460.pdb	0	16.730	39.358
complex.1461.pdb	0	19.384	45.519
complex.1462.pdb	0.04	15.704	21.829
complex.1463.pdb	0.08	16.513	42.121
complex.1464.pdb	0	15.858	24.296
complex.1465.pdb	0.0133333	11.945	38.432
complex.1466.pdb	0	11.141	18.197
complex.1467.pdb	0	19.154	41.139
complex.1468.pdb	0	15.587	23.862
complex.1469.pdb	0	15.172	41.835
complex.1470.pdb	0	15.054	26.165
complex.1471.pdb	0	9.573	30.627
complex.1472.pdb	0	17.404	39.851
complex.1473.pdb	0	11.043	18.984
complex.1474.pdb	0.106667	15.905	38.679
complex.1475.pdb	0.0533333	13.538	39.673
complex.1476.pdb	0	18.417	42.049
complex.1477.pdb	0.0266667	11.829	34.548
complex.1478.pdb	0	10.166	28.014
complex.1479.pdb	0	16.481	27.644
complex.1480.pdb	0	11.249	38.156
complex.1481.pdb	0	18.431	40.642
complex.1482.pdb	0.0133333	16.478	47.119
complex.1483.pdb	0	17.809	43.272
complex.1484.pdb	0.0133333	17.345	47.208
complex.1485.pdb	0	15.721	22.403
complex.1486.pdb	0	18.028	47.876
complex.1487.pdb	0	15.096	37.944
complex.1488.pdb	0	17.329	39.747
complex.1489.pdb	0.0666667	10.256	32.512
complex.1490.pdb	0	13.534	40.547
complex.1491.pdb	0	14.811	36.369
complex.1492.pdb	0	17.985	40.451
complex.1493.pdb	0	15.414	25.923
complex.1494.pdb	0	19.203	42.933
complex.1495.pdb	0.0133333	14.149	38.333
complex.1496.pdb	0	16.769	34.282
complex.1497.pdb	0	18.166	42.516
complex.1498.pdb	0	18.514	45.321
complex.1499.pdb	0	13.579	30.800
complex.1500.pdb	0	18.870	42.957
complex.1501.pdb	0	16.492	38.303
complex.1502.pdb	0	10.481	15.668
complex.1503.pdb	0	14.761	34.095
complex.1504.pdb	0.04	13.228	22.224
complex.1505.pdb	0	13.371	24.296
complex.1506.pdb	0	11.630	25.864
complex.1507.pdb	0.0666667	15.468	23.392
complex.1508.pdb	0	16.430	23.487
complex.1509.pdb	0	18.922	39.886
complex.1510.pdb	0	19.129	45.627
complex.1511.pdb	0	9.577	17.019
complex.1512.pdb	0	15.055	23.724
complex.1513.pdb	0	16.273	38.779
complex.1514.pdb	0	16.135	32.368
complex.1515.pdb	0	18.781	43.115
complex.1516.pdb	0.12	7.847	15.307
complex.1517.pdb	0	14.196	21.154
complex.1518.pdb	0	16.159	43.181
complex.1519.pdb	0	8.949	25.021
complex.1520.pdb	0.0133333	15.566	44.284
complex.1521.pdb	0	14.359	41.898
complex.1522.pdb	0.0533333	11.291	37.194
complex.1523.pdb	0	17.157	26.923
complex.1524.pdb	0	15.230	20.922
complex.1525.pdb	0	14.476	22.491
complex.1526.pdb	0	14.919	43.000
complex.1527.pdb	0.173333	13.695	25.100
complex.1528.pdb	0	16.077	33.299
complex.1529.pdb	0	9.006	29.520
complex.1530.pdb	0	16.592	23.003
complex.1531.pdb	0	17.360	34.193
complex.1532.pdb	0	19.591	47.649
complex.1533.pdb	0	18.063	40.482
complex.1534.pdb	0	14.608	38.480
complex.1535.pdb	0	13.752	24.064
complex.1536.pdb	0	16.702	35.488
complex.1537.pdb	0	14.150	41.641
complex.1538.pdb	0	17.263	38.560
complex.1539.pdb	0.0266667	13.414	39.965
complex.1540.pdb	0	15.256	38.747
complex.1541.pdb	0.04	14.285	41.138
complex.1542.pdb	0	18.843	37.862
complex.1543.pdb	0.146667	13.695	34.509
complex.1544.pdb	0	15.961	39.774
complex.1545.pdb	0	14.551	38.272
complex.1546.pdb	0.0533333	11.784	37.050
complex.1547.pdb	0	16.405	36.447
complex.1548.pdb	0.0533333	16.325	23.848
complex.1549.pdb	0	11.549	37.984
complex.1550.pdb	0	16.015	22.377
complex.1551.pdb	0.0133333	17.610	25.290
complex.1552.pdb	0.08	10.711	20.444
complex.1553.pdb	0	18.025	47.602
complex.1554.pdb	0	16.055	21.743
complex.1555.pdb	0.04	13.859	38.553
complex.1556.pdb	0	19.101	48.851
complex.1557.pdb	0	17.763	26.597
complex.1558.pdb	0	15.201	24.638
complex.1559.pdb	0	13.543	21.006
complex.1560.pdb	0	15.093	30.445
complex.1561.pdb	0	11.869	19.591
complex.1562.pdb	0	14.432	44.638
complex.1563.pdb	0	14.096	21.123
complex.1564.pdb	0	15.503	37.329
complex.1565.pdb	0	11.803	41.418
complex.1566.pdb	0	16.241	41.809
complex.1567.pdb	0	18.127	39.725
complex.1568.pdb	0	14.917	35.145
complex.1569.pdb	0	15.547	24.755
complex.1570.pdb	0	11.320	20.588
complex.1571.pdb	0	19.600	39.616
complex.1572.pdb	0.04	14.541	42.756
complex.1573.pdb	0	16.199	24.407
complex.1574.pdb	0	12.123	34.194
complex.1575.pdb	0	17.430	46.727
complex.1576.pdb	0	15.986	38.257
complex.1577.pdb	0	19.849	48.146
complex.1578.pdb	0	14.164	36.361
complex.1579.pdb	0	18.165	45.063
complex.1580.pdb	0	16.463	34.595
complex.1581.pdb	0	20.266	49.035
complex.1582.pdb	0	15.333	39.748
complex.1583.pdb	0	14.675	23.793
complex.1584.pdb	0	17.483	47.036
complex.1585.pdb	0.0533333	12.452	37.041
complex.1586.pdb	0.0133333	18.131	41.690
complex.1587.pdb	0	16.630	42.874
complex.1588.pdb	0	15.747	44.113
complex.1589.pdb	0	15.654	34.477
complex.1590.pdb	0.0266667	12.119	34.086
complex.1591.pdb	0.04	13.859	37.942
complex.1592.pdb	0	15.971	33.510
complex.1593.pdb	0.0266667	14.941	32.422
complex.1594.pdb	0.12	14.569	25.670
complex.1595.pdb	0.0266667	18.874	42.711
complex.1596.pdb	0	11.779	40.492
complex.1597.pdb	0	15.224	36.900
complex.1598.pdb	0	18.844	42.316
complex.1599.pdb	0	17.873	42.188
complex.1600.pdb	0.0266667	8.359	25.416
complex.1601.pdb	0	17.646	38.702
complex.1602.pdb	0.0133333	15.135	26.399
complex.1603.pdb	0.0533333	13.713	37.331
complex.1604.pdb	0	11.343	16.515
complex.1605.pdb	0	11.160	22.191
complex.1606.pdb	0.04	8.598	15.658
complex.1607.pdb	0	16.248	34.272
complex.1608.pdb	0	14.248	32.174
complex.1609.pdb	0.0666667	8.331	15.539
complex.1610.pdb	0	14.945	37.631
complex.1611.pdb	0	17.267	37.655
complex.1612.pdb	0.08	10.370	18.502
complex.1613.pdb	0	17.330	36.207
complex.1614.pdb	0	11.040	32.462
complex.1615.pdb	0	16.011	36.944
complex.1616.pdb	0	15.602	33.851
complex.1617.pdb	0	15.419	38.065
complex.1618.pdb	0	20.066	41.258
complex.1619.pdb	0	15.743	29.999
complex.1620.pdb	0	17.852	40.857
complex.1621.pdb	0.0133333	12.038	34.114
complex.1622.pdb	0	15.177	25.312
complex.1623.pdb	0	16.951	34.930
complex.1624.pdb	0	18.041	41.542
complex.1625.pdb	0	15.673	40.921
complex.1626.pdb	0.0133333	13.291	23.755
complex.1627.pdb	0	9.010	18.304
complex.1628.pdb	0	16.814	41.341
complex.1629.pdb	0	13.735	29.230
complex.1630.pdb	0	19.535	40.057
complex.1631.pdb	0	17.361	38.203
complex.1632.pdb	0	19.520	42.624
complex.1633.pdb	0.04	16.960	29.996
complex.1634.pdb	0.0266667	12.040	36.032
complex.1635.pdb	0	18.729	37.950
complex.1636.pdb	0	17.668	40.757
complex.1637.pdb	0.08	16.652	38.647
complex.1638.pdb	0	17.312	37.616
complex.1639.pdb	0	13.971	31.151
complex.1640.pdb	0	18.485	37.944
complex.1641.pdb	0.0133333	13.938	40.969
complex.1642.pdb	0	16.553	25.934
complex.1643.pdb	0.08	7.957	28.728
complex.1644.pdb	0	17.934	40.765
complex.1645.pdb	0	13.489	36.361
complex.1646.pdb	0	16.471	42.805
complex.1647.pdb	0	16.998	25.211
complex.1648.pdb	0.0933333	11.661	35.100
complex.1649.pdb	0.0266667	14.422	44.339
complex.1650.pdb	0	16.042	32.408
complex.1651.pdb	0.0266667	11.495	34.668
complex.1652.pdb	0.0133333	13.229	39.343
complex.1653.pdb	0	18.064	42.619
complex.1654.pdb	0	16.831	44.975
complex.1655.pdb	0	15.249	38.058
complex.1656.pdb	0.0133333	17.536	46.515
complex.1657.pdb	0	16.244	40.047
complex.1658.pdb	0	20.047	44.195
complex.1659.pdb	0.12	11.756	32.634
complex.1660.pdb	0	12.927	35.115
complex.1661.pdb	0	16.895	42.554
complex.1662.pdb	0.0133333	19.564	43.295
complex.1663.pdb	0	15.460	36.175
complex.1664.pdb	0.0133333	12.434	42.688
complex.1665.pdb	0	18.887	46.639
complex.1666.pdb	0	14.548	33.274
complex.1667.pdb	0	17.235	39.115
complex.1668.pdb	0	17.982	26.833
complex.1669.pdb	0.0533333	12.694	39.646
complex.1670.pdb	0	16.163	39.348
complex.1671.pdb	0	16.903	38.078
complex.1672.pdb	0	19.759	42.983
complex.1673.pdb	0	17.370	42.424
complex.1674.pdb	0.0266667	16.241	35.134
complex.1675.pdb	0.0666667	11.312	35.982
complex.1676.pdb	0	15.294	36.415
complex.1677.pdb	0	17.472	40.814
complex.1678.pdb	0	16.201	41.582
complex.1679.pdb	0	15.963	31.652
complex.1680.pdb	0.0266667	15.879	22.925
complex.1681.pdb	0	12.913	35.246
complex.1682.pdb	0	18.862	41.817
complex.1683.pdb	0	17.514	41.551
complex.1684.pdb	0.0133333	16.462	45.814
complex.1685.pdb	0	19.135	40.898
complex.1686.pdb	0	14.096	43.517
complex.1687.pdb	0	15.239	36.555
complex.1688.pdb	0.0133333	10.902	20.117
complex.1689.pdb	0	13.945	34.822
complex.1690.pdb	0.0666667	16.906	42.482
complex.1691.pdb	0	16.819	39.790
complex.1692.pdb	0	17.963	40.553
complex.1693.pdb	0	14.907	23.515
complex.1694.pdb	0	18.714	47.239
complex.1695.pdb	0	20.649	45.826
complex.1696.pdb	0.0266667	18.549	43.706
complex.1697.pdb	0	16.953	34.363
complex.1698.pdb	0	16.621	34.591
complex.1699.pdb	0	18.670	39.816
complex.1700.pdb	0	19.437	39.109
complex.1701.pdb	0.04	12.200	39.963
complex.1702.pdb	0	17.644	25.861
complex.1703.pdb	0.0933333	14.661	24.959
complex.1704.pdb	0	14.783	38.259
complex.1705.pdb	0	13.573	37.935
complex.1706.pdb	0.0533333	16.817	42.623
complex.1707.pdb	0	13.637	20.828
complex.1708.pdb	0	18.129	39.236
complex.1709.pdb	0	18.974	43.090
complex.1710.pdb	0.106667	11.727	30.717
complex.1711.pdb	0	16.900	40.819
complex.1712.pdb	0	18.979	42.103
complex.1713.pdb	0	16.658	34.696
complex.1714.pdb	0.0666667	10.833	36.385
complex.1715.pdb	0	17.572	38.988
complex.1716.pdb	0.04	11.655	20.036
complex.1717.pdb	0	15.554	43.644
complex.1718.pdb	0	13.891	40.768
complex.1719.pdb	0.0533333	14.325	41.883
complex.1720.pdb	0.0133333	17.949	43.782
complex.1721.pdb	0	13.257	33.552
complex.1722.pdb	0	18.685	43.096
complex.1723.pdb	0.0933333	11.364	31.597
complex.1724.pdb	0.0133333	12.353	21.077
complex.1725.pdb	0	11.508	34.735
complex.1726.pdb	0	19.611	47.661
complex.1727.pdb	0	16.834	25.087
complex.1728.pdb	0	13.768	22.228
complex.1729.pdb	0	15.621	40.009
complex.1730.pdb	0	15.112	36.637
complex.1731.pdb	0.0266667	12.125	35.876
complex.1732.pdb	0	11.667	18.952
complex.1733.pdb	0	13.463	19.718
complex.1734.pdb	0	11.432	31.068
complex.1735.pdb	0	17.048	24.613
complex.1736.pdb	0.0133333	19.655	44.136
complex.1737.pdb	0	17.936	36.658
complex.1738.pdb	0	20.574	48.615
complex.1739.pdb	0	14.515	33.720
complex.1740.pdb	0	15.503	43.774
complex.1741.pdb	0	17.714	44.700
complex.1742.pdb	0	12.992	38.831
complex.1743.pdb	0	20.293	46.009
complex.1744.pdb	0	15.648	42.490
complex.1745.pdb	0	8.831	15.807
complex.1746.pdb	0	17.290	30.265
complex.1747.pdb	0.08	14.340	40.317
complex.1748.pdb	0	14.639	25.161
complex.1749.pdb	0.04	10.052	15.691
complex.1750.pdb	0.0933333	15.268	37.529
complex.1751.pdb	0	13.921	35.772
complex.1752.pdb	0	14.543	40.746
complex.1753.pdb	0	16.875	40.704
complex.1754.pdb	0.0533333	15.159	39.931
complex.1755.pdb	0.106667	16.290	36.294
complex.1756.pdb	0	19.234	38.920
complex.1757.pdb	0	15.605	38.038
complex.1758.pdb	0	19.455	36.487
complex.1759.pdb	0.0933333	9.836	33.905
complex.1760.pdb	0	16.639	39.438
complex.1761.pdb	0.0533333	14.829	38.588
complex.1762.pdb	0.0133333	19.760	47.401
complex.1763.pdb	0.0266667	16.271	35.336
complex.1764.pdb	0	15.755	39.124
complex.1765.pdb	0	13.924	38.884
complex.1766.pdb	0	15.376	34.449
complex.1767.pdb	0	18.204	39.179
complex.1768.pdb	0.146667	14.002	30.043
complex.1769.pdb	0	15.510	33.929
complex.1770.pdb	0	13.949	23.744
complex.1771.pdb	0	19.649	50.208
complex.1772.pdb	0	17.054	27.087
complex.1773.pdb	0	15.372	39.939
complex.1774.pdb	0	15.111	39.676
complex.1775.pdb	0	17.639	39.648
complex.1776.pdb	0	19.922	46.745
complex.1777.pdb	0	15.990	31.180
complex.1778.pdb	0.0533333	12.142	36.472
complex.1779.pdb	0	16.614	24.768
complex.1780.pdb	0	16.693	36.967
complex.1781.pdb	0.0266667	13.561	42.107
complex.1782.pdb	0	16.429	35.153
complex.1783.pdb	0.0133333	11.347	19.401
complex.1784.pdb	0.04	12.395	38.561
complex.1785.pdb	0	18.271	38.067
complex.1786.pdb	0	17.871	43.328
complex.1787.pdb	0.0933333	11.178	32.497
complex.1788.pdb	0	13.882	38.685
complex.1789.pdb	0	19.068	40.161
complex.1790.pdb	0	17.249	41.594
complex.1791.pdb	0	21.235	43.846
complex.1792.pdb	0	13.287	19.994
complex.1793.pdb	0.0133333	8.893	28.167
complex.1794.pdb	0.04	14.491	26.403
complex.1795.pdb	0	11.789	20.498
complex.1796.pdb	0.0533333	14.386	40.329
complex.1797.pdb	0	19.835	38.381
complex.1798.pdb	0	10.431	32.288
complex.1799.pdb	0.146667	12.817	30.841
complex.1800.pdb	0.04	18.461	42.814
complex.1801.pdb	0.133333	11.838	28.442
complex.1802.pdb	0	13.660	32.663
complex.1803.pdb	0	19.723	47.659
complex.1804.pdb	0	14.675	41.718
complex.1805.pdb	0	13.809	22.269
complex.1806.pdb	0.04	13.377	39.555
complex.1807.pdb	0.04	13.165	19.771
complex.1808.pdb	0.0933333	8.940	28.328
complex.1809.pdb	0	19.823	35.778
complex.1810.pdb	0	13.631	39.927
complex.1811.pdb	0	14.256	24.679
complex.1812.pdb	0	15.471	45.824
complex.1813.pdb	0.0133333	11.497	17.714
complex.1814.pdb	0	16.109	44.261
complex.1815.pdb	0	15.521	33.992
complex.1816.pdb	0	15.701	33.626
complex.1817.pdb	0	18.871	39.612
complex.1818.pdb	0	12.036	39.626
complex.1819.pdb	0	18.428	48.220
complex.1820.pdb	0.0533333	9.965	17.721
complex.1821.pdb	0	15.090	36.388
complex.1822.pdb	0	15.986	36.698
complex.1823.pdb	0	14.270	37.865
complex.1824.pdb	0	12.720	19.977
complex.1825.pdb	0	16.331	33.405
complex.1826.pdb	0	17.394	34.424
complex.1827.pdb	0	17.386	24.394
complex.1828.pdb	0	15.742	39.393
complex.1829.pdb	0	18.966	46.347
complex.1830.pdb	0.0133333	20.399	47.548
complex.1831.pdb	0	15.870	37.274
complex.1832.pdb	0.0133333	11.430	32.744
complex.1833.pdb	0	18.235	41.508
complex.1834.pdb	0	18.451	38.969
complex.1835.pdb	0.0133333	14.469	37.516
complex.1836.pdb	0	16.741	42.459
complex.1837.pdb	0	13.031	21.621
complex.1838.pdb	0	19.239	46.714
complex.1839.pdb	0	14.579	38.084
complex.1840.pdb	0	14.752	22.887
complex.1841.pdb	0.0133333	15.670	21.744
complex.1842.pdb	0	17.613	36.964
complex.1843.pdb	0	16.916	33.128
complex.1844.pdb	0	16.380	26.120
complex.1845.pdb	0	14.899	23.842
complex.1846.pdb	0	13.637	39.266
complex.1847.pdb	0	15.683	40.524
complex.1848.pdb	0	19.133	43.467
complex.1849.pdb	0	11.350	32.294
complex.1850.pdb	0.0133333	18.610	42.311
complex.1851.pdb	0.0133333	10.057	17.146
complex.1852.pdb	0	13.739	22.455
complex.1853.pdb	0.0666667	13.006	38.136
complex.1854.pdb	0.0266667	15.047	42.000
complex.1855.pdb	0	14.661	22.156
complex.1856.pdb	0.0533333	13.194	39.275
complex.1857.pdb	0	14.935	36.605
complex.1858.pdb	0	14.041	22.875
complex.1859.pdb	0.0266667	13.243	38.830
complex.1860.pdb	0.133333	9.377	31.922
complex.1861.pdb	0	15.123	23.970
complex.1862.pdb	0	18.722	33.372
complex.1863.pdb	0	17.612	27.579
complex.1864.pdb	0	18.174	27.273
complex.1865.pdb	0	17.742	38.187
complex.1866.pdb	0	16.013	41.498
complex.1867.pdb	0	14.727	36.787
complex.1868.pdb	0	14.023	39.713
complex.1869.pdb	0	13.226	20.778
complex.1870.pdb	0.04	15.607	37.388
complex.1871.pdb	0.04	13.087	24.198
complex.1872.pdb	0	15.044	24.732
complex.1873.pdb	0	13.204	24.106
complex.1874.pdb	0	17.004	38.511
complex.1875.pdb	0.0666667	16.838	26.480
complex.1876.pdb	0	18.925	35.774
complex.1877.pdb	0	12.522	20.951
complex.1878.pdb	0	20.635	46.400
complex.1879.pdb	0	15.316	24.783
complex.1880.pdb	0	11.052	25.272
complex.1881.pdb	0	14.809	39.189
complex.1882.pdb	0	18.656	37.699
complex.1883.pdb	0	15.972	34.317
complex.1884.pdb	0.0133333	16.595	44.398
complex.1885.pdb	0	18.294	43.548
complex.1886.pdb	0	16.345	39.209
complex.1887.pdb	0	17.081	34.684
complex.1888.pdb	0	12.178	17.870
complex.1889.pdb	0	13.602	41.275
complex.1890.pdb	0	18.893	41.970
complex.1891.pdb	0	19.258	45.868
complex.1892.pdb	0	16.439	39.956
complex.1893.pdb	0	16.125	33.360
complex.1894.pdb	0	17.381	26.055
complex.1895.pdb	0	14.784	33.969
complex.1896.pdb	0	18.506	46.044
complex.1897.pdb	0	15.596	38.517
complex.1898.pdb	0	18.921	42.586
complex.1899.pdb	0	16.706	34.054
complex.1900.pdb	0	18.868	39.725
complex.1901.pdb	0	12.774	34.077
complex.1902.pdb	0.0266667	14.781	31.447
complex.1903.pdb	0	16.412	34.218
complex.1904.pdb	0	19.480	43.038
complex.1905.pdb	0.0133333	14.013	41.766
complex.1906.pdb	0	19.238	35.291
complex.1907.pdb	0	16.491	38.483
complex.1908.pdb	0	13.471	41.471
complex.1909.pdb	0.08	14.383	22.261
complex.1910.pdb	0	19.925	40.944
complex.1911.pdb	0.16	8.080	15.993
complex.1912.pdb	0.0133333	14.496	36.972
complex.1913.pdb	0.0533333	14.227	38.209
complex.1914.pdb	0.0666667	9.806	33.802
complex.1915.pdb	0	9.710	27.296
complex.1916.pdb	0	19.123	45.858
complex.1917.pdb	0.0266667	19.119	42.454
complex.1918.pdb	0.0133333	16.155	46.332
complex.1919.pdb	0.0666667	11.525	34.913
complex.1920.pdb	0	17.658	43.051
complex.1921.pdb	0	11.723	19.337
complex.1922.pdb	0.106667	14.438	32.336
complex.1923.pdb	0	16.323	35.432
complex.1924.pdb	0.0266667	16.740	23.958
complex.1925.pdb	0	17.417	43.094
complex.1926.pdb	0	18.056	25.694
complex.1927.pdb	0	13.231	39.710
complex.1928.pdb	0.0133333	14.996	43.611
complex.1929.pdb	0	14.338	39.622
complex.1930.pdb	0.0133333	17.448	47.289
complex.1931.pdb	0	13.373	20.498
complex.1932.pdb	0.0266667	17.117	43.300
complex.1933.pdb	0	16.676	38.130
complex.1934.pdb	0	13.604	22.811
complex.1935.pdb	0	16.735	43.179
complex.1936.pdb	0	19.207	43.171
complex.1937.pdb	0	19.122	41.986
complex.1938.pdb	0	19.995	46.637
complex.1939.pdb	0	16.541	38.983
complex.1940.pdb	0.0133333	14.592	45.187
complex.1941.pdb	0.0266667	13.557	38.862
complex.1942.pdb	0	16.716	24.641
complex.1943.pdb	0	13.285	40.863
complex.1944.pdb	0	12.527	19.920
complex.1945.pdb	0	17.600	38.878
complex.1946.pdb	0.0666667	10.894	36.517
complex.1947.pdb	0	17.636	40.217
complex.1948.pdb	0	19.132	43.365
complex.1949.pdb	0.0133333	16.300	22.410
complex.1950.pdb	0	15.845	28.730
complex.1951.pdb	0	16.054	24.066
complex.1952.pdb	0.0133333	8.604	31.138
complex.1953.pdb	0	13.883	39.245
complex.1954.pdb	0	12.775	18.729
complex.1955.pdb	0.0266667	18.705	41.518
complex.1956.pdb	0	16.900	34.164
complex.1957.pdb	0	18.782	42.374
complex.1958.pdb	0	15.305	39.335
complex.1959.pdb	0	19.053	45.031
complex.1960.pdb	0.04	13.650	38.505
complex.1961.pdb	0	12.264	32.834
complex.1962.pdb	0	14.982	24.038
complex.1963.pdb	0.08	12.159	21.155
complex.1964.pdb	0	15.537	33.480
complex.1965.pdb	0	17.673	42.195
complex.1966.pdb	0	16.725	40.168
complex.1967.pdb	0	18.634	40.481
complex.1968.pdb	0	16.024	37.684
complex.1969.pdb	0	15.716	40.017
complex.1970.pdb	0	12.869	20.792
complex.1971.pdb	0	15.153	35.760
complex.1972.pdb	0	16.418	24.514
complex.1973.pdb	0	15.826	34.011
complex.1974.pdb	0	14.451	36.820
complex.1975.pdb	0.0133333	11.825	20.710
complex.1976.pdb	0.04	16.292	23.849
complex.1977.pdb	0	14.269	25.302
complex.1978.pdb	0	15.564	25.406
complex.1979.pdb	0	17.860	27.896
complex.1980.pdb	0	17.900	25.783
complex.1981.pdb	0	16.124	25.191
complex.1982.pdb	0.04	16.224	25.841
complex.1983.pdb	0	18.500	39.449
complex.1984.pdb	0	12.508	39.964
complex.1985.pdb	0	14.945	38.124
complex.1986.pdb	0.0133333	16.274	46.298
complex.1987.pdb	0	16.667	35.248
complex.1988.pdb	0	16.593	45.800
complex.1989.pdb	0	15.144	26.330
complex.1990.pdb	0	16.450	37.004
complex.1991.pdb	0	15.274	39.431
complex.1992.pdb	0	19.390	46.639
complex.1993.pdb	0.04	17.372	25.331
complex.1994.pdb	0	19.013	45.895
complex.1995.pdb	0.0933333	17.267	35.523
complex.1996.pdb	0	18.733	36.505
complex.1997.pdb	0	17.296	35.455
complex.1998.pdb	0	19.476	41.018
complex.1999.pdb	0	17.708	35.777
complex.2000.pdb	0	17.128	38.610
