complex.1.pdb	0.0384615	15.972	23.915
complex.2.pdb	0.1	6.568	12.578
complex.3.pdb	0	18.055	35.086
complex.4.pdb	0	17.199	31.415
complex.5.pdb	0.1	7.347	18.407
complex.6.pdb	0.00769231	15.962	25.248
complex.7.pdb	0.0615385	8.164	18.025
complex.8.pdb	0.0538462	14.398	23.598
complex.9.pdb	0.0230769	15.738	25.156
complex.10.pdb	0.0307692	15.037	22.055
complex.11.pdb	0.0307692	16.162	24.491
complex.12.pdb	0	16.985	32.975
complex.13.pdb	0.676923	1.652	2.951
complex.14.pdb	0.0384615	11.988	21.379
complex.15.pdb	0.00769231	15.239	23.764
complex.16.pdb	0	15.557	24.573
complex.17.pdb	0.00769231	12.169	23.864
complex.18.pdb	0	16.320	29.776
complex.19.pdb	0	15.785	25.821
complex.20.pdb	0	16.797	32.993
complex.21.pdb	0.153846	5.971	18.117
complex.22.pdb	0	16.722	27.358
complex.23.pdb	0	17.823	31.671
complex.24.pdb	0	17.963	30.706
complex.25.pdb	0	13.894	22.014
complex.26.pdb	0.123077	7.228	12.747
complex.27.pdb	0	19.829	55.535
complex.28.pdb	0.0461538	9.007	19.949
complex.29.pdb	0.661538	1.845	5.198
complex.30.pdb	0.0153846	11.025	30.292
complex.31.pdb	0.0230769	16.409	27.054
complex.32.pdb	0.0230769	12.492	19.985
complex.33.pdb	0.0153846	12.729	21.966
complex.34.pdb	0	13.895	23.024
complex.35.pdb	0.0384615	13.905	26.130
complex.36.pdb	0	16.470	30.179
complex.37.pdb	0	13.330	30.314
complex.38.pdb	0.284615	3.340	8.942
complex.39.pdb	0	16.070	30.497
complex.40.pdb	0	15.320	25.771
complex.41.pdb	0.0384615	11.139	22.476
complex.42.pdb	0.0230769	15.763	24.470
complex.43.pdb	0.115385	7.998	23.311
complex.44.pdb	0	14.860	24.377
complex.45.pdb	0	11.588	21.623
complex.46.pdb	0.0153846	15.716	24.559
complex.47.pdb	0	16.247	27.079
complex.48.pdb	0	15.846	29.109
complex.49.pdb	0	14.669	26.666
complex.50.pdb	0.00769231	13.083	22.041
complex.51.pdb	0.0692308	12.454	19.708
complex.52.pdb	0	14.115	38.838
complex.53.pdb	0	11.854	21.470
complex.54.pdb	0	10.457	16.334
complex.55.pdb	0.276923	3.916	7.927
complex.56.pdb	0	12.749	28.105
complex.57.pdb	0	27.173	56.649
complex.58.pdb	0	17.001	29.547
complex.59.pdb	0.0307692	13.337	23.333
complex.60.pdb	0	13.245	20.821
complex.61.pdb	0.0153846	14.016	26.030
complex.62.pdb	0.0692308	10.322	16.421
complex.63.pdb	0.0461538	10.463	24.710
complex.64.pdb	0.253846	4.406	7.261
complex.65.pdb	0	14.893	29.088
complex.66.pdb	0.0153846	13.392	24.365
complex.67.pdb	0.0384615	15.351	24.522
complex.68.pdb	0.0538462	8.607	22.283
complex.69.pdb	0	18.226	36.841
complex.70.pdb	0.0230769	15.827	25.767
complex.71.pdb	0	15.601	30.835
complex.72.pdb	0	18.270	39.588
complex.73.pdb	0	9.891	26.022
complex.74.pdb	0.0230769	16.056	27.430
complex.75.pdb	0	20.584	58.900
complex.76.pdb	0	16.080	24.783
complex.77.pdb	0	18.600	30.373
complex.78.pdb	0	18.401	36.875
complex.79.pdb	0.00769231	10.597	18.701
complex.80.pdb	0.192308	5.562	18.956
complex.81.pdb	0	18.039	35.049
complex.82.pdb	0	24.318	54.836
complex.83.pdb	0.0307692	9.261	22.912
complex.84.pdb	0.00769231	15.101	24.969
complex.85.pdb	0.0307692	16.025	24.790
complex.86.pdb	0	16.919	29.703
complex.87.pdb	0	14.314	23.563
complex.88.pdb	0	16.545	27.963
complex.89.pdb	0	11.706	18.919
complex.90.pdb	0	14.638	24.481
complex.91.pdb	0	11.413	22.886
complex.92.pdb	0	15.671	25.619
complex.93.pdb	0.0384615	13.086	24.175
complex.94.pdb	0	14.846	23.758
complex.95.pdb	0.0846154	6.961	13.276
complex.96.pdb	0.0615385	11.534	20.144
complex.97.pdb	0	16.284	29.633
complex.98.pdb	0	20.926	47.520
complex.99.pdb	0.0384615	13.318	23.974
complex.100.pdb	0	18.973	38.524
complex.101.pdb	0	18.531	29.405
complex.102.pdb	0.00769231	15.829	25.835
complex.103.pdb	0	17.431	35.492
complex.104.pdb	0.0153846	12.377	19.849
complex.105.pdb	0.1	9.297	15.387
complex.106.pdb	0	16.251	25.934
complex.107.pdb	0	14.670	26.738
complex.108.pdb	0	14.269	23.633
complex.109.pdb	0.00769231	14.719	24.037
complex.110.pdb	0.0307692	14.515	22.256
complex.111.pdb	0.0153846	13.760	22.280
complex.112.pdb	0	10.632	17.263
complex.113.pdb	0	12.422	25.146
complex.114.pdb	0.0153846	14.410	25.820
complex.115.pdb	0.00769231	17.333	29.864
complex.116.pdb	0	14.544	25.033
complex.117.pdb	0	14.405	40.629
complex.118.pdb	0.00769231	9.608	15.805
complex.119.pdb	0	15.125	28.502
complex.120.pdb	0	13.860	23.634
complex.121.pdb	0.0615385	11.177	22.875
complex.122.pdb	0	12.179	20.811
complex.123.pdb	0	13.611	22.031
complex.124.pdb	0	14.038	26.486
complex.125.pdb	0	13.252	25.191
complex.126.pdb	0.0538462	7.748	16.670
complex.127.pdb	0	13.289	21.791
complex.128.pdb	0	8.141	14.118
complex.129.pdb	0	13.642	27.280
complex.130.pdb	0	19.526	42.240
complex.131.pdb	0	17.506	30.828
complex.132.pdb	0	14.743	24.493
complex.133.pdb	0	18.371	40.978
complex.134.pdb	0	13.797	23.647
complex.135.pdb	0	13.753	24.177
complex.136.pdb	0.461538	2.607	5.984
complex.137.pdb	0	18.693	46.615
complex.138.pdb	0	15.861	43.070
complex.139.pdb	0.0615385	13.074	22.369
complex.140.pdb	0	21.583	59.357
complex.141.pdb	0	16.796	27.073
complex.142.pdb	0.153846	5.563	16.592
complex.143.pdb	0	15.833	30.063
complex.144.pdb	0	15.036	25.714
complex.145.pdb	0	20.355	47.784
complex.146.pdb	0	12.118	20.433
complex.147.pdb	0	26.187	53.331
complex.148.pdb	0	14.488	24.227
complex.149.pdb	0	22.119	55.415
complex.150.pdb	0	13.198	21.108
complex.151.pdb	0	13.008	22.331
complex.152.pdb	0	14.899	26.785
complex.153.pdb	0	22.763	54.741
complex.154.pdb	0	14.532	22.307
complex.155.pdb	0	15.378	25.401
complex.156.pdb	0	12.581	24.438
complex.157.pdb	0	14.514	39.551
complex.158.pdb	0	16.133	30.071
complex.159.pdb	0	23.184	48.846
complex.160.pdb	0.0153846	13.471	23.960
complex.161.pdb	0.0230769	12.830	23.274
complex.162.pdb	0	16.256	28.030
complex.163.pdb	0	18.939	32.180
complex.164.pdb	0.4	2.707	4.990
complex.165.pdb	0	18.613	30.775
complex.166.pdb	0	19.510	55.409
complex.167.pdb	0	12.764	23.593
complex.168.pdb	0	15.081	23.748
complex.169.pdb	0	16.451	46.440
complex.170.pdb	0	12.927	20.425
complex.171.pdb	0.0384615	15.700	22.752
complex.172.pdb	0	13.434	33.033
complex.173.pdb	0.0230769	18.626	30.857
complex.174.pdb	0	16.841	27.601
complex.175.pdb	0.0384615	14.148	23.150
complex.176.pdb	0	16.749	26.254
complex.177.pdb	0.00769231	12.175	19.848
complex.178.pdb	0	15.514	27.891
complex.179.pdb	0	12.326	24.717
complex.180.pdb	0	17.470	27.907
complex.181.pdb	0.0769231	7.059	11.104
complex.182.pdb	0	16.588	30.726
complex.183.pdb	0	13.415	29.767
complex.184.pdb	0	13.730	21.858
complex.185.pdb	0.138462	5.846	10.500
complex.186.pdb	0	21.304	48.261
complex.187.pdb	0	19.517	45.281
complex.188.pdb	0.00769231	18.518	39.912
complex.189.pdb	0.0846154	7.870	19.690
complex.190.pdb	0.0692308	12.857	23.625
complex.191.pdb	0	23.380	53.245
complex.192.pdb	0	16.014	27.305
complex.193.pdb	0.261538	3.543	8.351
complex.194.pdb	0	9.332	19.808
complex.195.pdb	0	17.188	30.895
complex.196.pdb	0	15.147	29.759
complex.197.pdb	0.0692308	17.981	35.380
complex.198.pdb	0.0307692	14.450	26.485
complex.199.pdb	0	20.830	46.557
complex.200.pdb	0.307692	2.758	6.672
complex.201.pdb	0	16.604	26.771
complex.202.pdb	0	16.775	32.915
complex.203.pdb	0	13.524	23.334
complex.204.pdb	0	14.700	33.261
complex.205.pdb	0	13.885	22.139
complex.206.pdb	0.0692308	17.471	34.107
complex.207.pdb	0.223077	6.664	13.993
complex.208.pdb	0	17.565	33.004
complex.209.pdb	0	13.466	22.078
complex.210.pdb	0	18.617	34.655
complex.211.pdb	0	15.397	39.942
complex.212.pdb	0	16.962	27.287
complex.213.pdb	0	13.510	30.590
complex.214.pdb	0	17.003	28.740
complex.215.pdb	0	13.330	22.481
complex.216.pdb	0.0846154	11.242	20.102
complex.217.pdb	0	14.476	23.101
complex.218.pdb	0.0230769	15.415	26.235
complex.219.pdb	0.00769231	13.619	21.999
complex.220.pdb	0	27.072	60.967
complex.221.pdb	0	16.847	31.140
complex.222.pdb	0.0307692	17.065	27.687
complex.223.pdb	0	12.640	23.311
complex.224.pdb	0	17.567	32.141
complex.225.pdb	0	25.607	52.935
complex.226.pdb	0.0461538	8.540	18.269
complex.227.pdb	0	19.216	43.502
complex.228.pdb	0.0307692	9.669	21.244
complex.229.pdb	0	12.591	37.888
complex.230.pdb	0	20.756	45.833
complex.231.pdb	0	14.267	24.959
complex.232.pdb	0.184615	6.963	15.924
complex.233.pdb	0	13.525	31.560
complex.234.pdb	0	13.091	23.433
complex.235.pdb	0	12.764	21.776
complex.236.pdb	0	7.648	14.085
complex.237.pdb	0	18.248	29.967
complex.238.pdb	0.0153846	13.019	22.385
complex.239.pdb	0.0384615	12.180	21.386
complex.240.pdb	0	19.276	38.469
complex.241.pdb	0.0384615	11.544	26.524
complex.242.pdb	0	18.811	31.895
complex.243.pdb	0	16.328	27.083
complex.244.pdb	0	19.034	32.228
complex.245.pdb	0	16.071	27.041
complex.246.pdb	0	21.053	47.933
complex.247.pdb	0	13.335	30.231
complex.248.pdb	0	21.293	57.520
complex.249.pdb	0	10.877	18.710
complex.250.pdb	0	12.798	28.052
complex.251.pdb	0	21.951	50.937
complex.252.pdb	0	13.678	22.585
complex.253.pdb	0	13.092	25.048
complex.254.pdb	0.00769231	11.799	22.370
complex.255.pdb	0	18.496	29.285
complex.256.pdb	0	13.533	27.449
complex.257.pdb	0	13.953	23.034
complex.258.pdb	0	12.804	20.426
complex.259.pdb	0.0692308	9.532	25.548
complex.260.pdb	0	14.336	22.439
complex.261.pdb	0.00769231	13.396	40.115
complex.262.pdb	0	16.468	27.196
complex.263.pdb	0.0384615	14.159	22.232
complex.264.pdb	0	11.891	20.645
complex.265.pdb	0	20.142	32.740
complex.266.pdb	0	14.396	25.629
complex.267.pdb	0.0692308	12.159	19.327
complex.268.pdb	0.00769231	12.942	21.001
complex.269.pdb	0	9.091	14.253
complex.270.pdb	0	14.643	29.877
complex.271.pdb	0	14.936	38.186
complex.272.pdb	0.0615385	8.963	22.669
complex.273.pdb	0	12.022	20.575
complex.274.pdb	0	14.288	23.845
complex.275.pdb	0	18.671	31.074
complex.276.pdb	0	21.785	52.637
complex.277.pdb	0	20.389	53.853
complex.278.pdb	0.0384615	13.037	26.057
complex.279.pdb	0.0846154	11.374	20.379
complex.280.pdb	0	17.037	27.394
complex.281.pdb	0	13.244	22.338
complex.282.pdb	0.0153846	13.382	23.471
complex.283.pdb	0	17.763	28.769
complex.284.pdb	0	15.654	30.043
complex.285.pdb	0	10.442	17.721
complex.286.pdb	0	19.955	52.766
complex.287.pdb	0	16.790	31.641
complex.288.pdb	0	13.310	23.408
complex.289.pdb	0	13.473	25.656
complex.290.pdb	0.0846154	8.317	20.093
complex.291.pdb	0	15.433	25.217
complex.292.pdb	0	15.253	26.229
complex.293.pdb	0	11.596	21.248
complex.294.pdb	0	16.386	28.312
complex.295.pdb	0	13.233	23.796
complex.296.pdb	0.153846	5.769	9.583
complex.297.pdb	0	19.959	51.690
complex.298.pdb	0	18.397	29.368
complex.299.pdb	0	13.307	22.470
complex.300.pdb	0.00769231	13.776	24.944
complex.301.pdb	0	18.510	31.383
complex.302.pdb	0	21.733	51.772
complex.303.pdb	0.00769231	13.125	22.127
complex.304.pdb	0.0384615	11.682	21.751
complex.305.pdb	0	14.299	24.427
complex.306.pdb	0	15.077	24.121
complex.307.pdb	0	15.201	24.543
complex.308.pdb	0.0461538	13.209	22.661
complex.309.pdb	0.00769231	14.108	39.735
complex.310.pdb	0	18.381	30.666
complex.311.pdb	0	21.297	57.328
complex.312.pdb	0	18.016	26.959
complex.313.pdb	0	13.353	21.328
complex.314.pdb	0.00769231	12.649	22.131
complex.315.pdb	0	20.108	53.023
complex.316.pdb	0	15.280	32.482
complex.317.pdb	0.00769231	15.987	25.789
complex.318.pdb	0.0230769	13.179	22.708
complex.319.pdb	0	13.800	29.642
complex.320.pdb	0.00769231	13.482	35.963
complex.321.pdb	0	15.133	24.614
complex.322.pdb	0	20.085	47.358
complex.323.pdb	0	31.739	65.027
complex.324.pdb	0	22.176	53.807
complex.325.pdb	0.0230769	15.484	27.358
complex.326.pdb	0.115385	9.206	14.930
complex.327.pdb	0.0538462	15.766	24.998
complex.328.pdb	0.0615385	12.639	20.201
complex.329.pdb	0	14.161	25.658
complex.330.pdb	0.0153846	11.338	32.022
complex.331.pdb	0	25.528	50.991
complex.332.pdb	0.0307692	16.201	32.386
complex.333.pdb	0	13.039	23.153
complex.334.pdb	0	10.647	25.989
complex.335.pdb	0	14.070	40.156
complex.336.pdb	0	12.413	31.138
complex.337.pdb	0	15.650	26.091
complex.338.pdb	0	26.837	55.354
complex.339.pdb	0	21.713	46.852
complex.340.pdb	0.0384615	18.615	35.265
complex.341.pdb	0	13.902	41.570
complex.342.pdb	0	16.107	38.621
complex.343.pdb	0	15.833	27.205
complex.344.pdb	0	17.582	44.767
complex.345.pdb	0.00769231	10.788	18.558
complex.346.pdb	0.0384615	12.264	22.397
complex.347.pdb	0.107692	7.431	12.696
complex.348.pdb	0	11.899	22.876
complex.349.pdb	0.184615	6.183	13.316
complex.350.pdb	0.00769231	16.356	27.936
complex.351.pdb	0.238462	4.649	9.927
complex.352.pdb	0.00769231	13.509	37.806
complex.353.pdb	0	18.153	51.573
complex.354.pdb	0.00769231	24.013	52.372
complex.355.pdb	0	20.933	58.422
complex.356.pdb	0.0615385	7.917	13.016
complex.357.pdb	0	14.430	33.393
complex.358.pdb	0	15.492	26.930
complex.359.pdb	0	12.145	19.409
complex.360.pdb	0.0153846	16.916	28.705
complex.361.pdb	0	10.294	16.498
complex.362.pdb	0	18.875	29.393
complex.363.pdb	0	13.178	21.578
complex.364.pdb	0	13.091	26.881
complex.365.pdb	0.0153846	18.860	36.623
complex.366.pdb	0	11.734	22.028
complex.367.pdb	0	10.023	23.702
complex.368.pdb	0.0384615	10.979	18.020
complex.369.pdb	0	17.703	38.786
complex.370.pdb	0	13.442	24.076
complex.371.pdb	0	21.955	51.352
complex.372.pdb	0.0153846	11.365	21.104
complex.373.pdb	0	15.217	24.261
complex.374.pdb	0.00769231	9.070	15.073
complex.375.pdb	0.00769231	16.382	26.371
complex.376.pdb	0.0307692	19.116	31.419
complex.377.pdb	0.0307692	10.623	20.044
complex.378.pdb	0.00769231	13.126	38.358
complex.379.pdb	0	15.229	22.967
complex.380.pdb	0	15.338	28.697
complex.381.pdb	0.0769231	10.651	22.437
complex.382.pdb	0	12.836	22.744
complex.383.pdb	0	19.319	30.283
complex.384.pdb	0	14.610	25.297
complex.385.pdb	0.0846154	11.011	18.259
complex.386.pdb	0	13.733	30.437
complex.387.pdb	0.0153846	13.818	24.290
complex.388.pdb	0.0307692	9.901	20.733
complex.389.pdb	0	15.487	25.874
complex.390.pdb	0	13.510	23.233
complex.391.pdb	0	20.701	56.495
complex.392.pdb	0	17.031	26.852
complex.393.pdb	0	11.734	25.287
complex.394.pdb	0	21.575	59.189
complex.395.pdb	0	18.531	43.802
complex.396.pdb	0.00769231	11.674	19.376
complex.397.pdb	0	16.630	47.796
complex.398.pdb	0	22.810	50.889
complex.399.pdb	0.0538462	10.159	22.680
complex.400.pdb	0.00769231	14.533	23.974
complex.401.pdb	0.00769231	10.800	22.599
complex.402.pdb	0.00769231	15.503	29.316
complex.403.pdb	0.00769231	13.774	28.857
complex.404.pdb	0.0461538	14.764	22.160
complex.405.pdb	0.00769231	18.416	35.597
complex.406.pdb	0.00769231	15.854	25.958
complex.407.pdb	0.00769231	17.661	32.894
complex.408.pdb	0.00769231	16.443	28.607
complex.409.pdb	0.00769231	14.251	42.840
complex.410.pdb	0	22.777	47.446
complex.411.pdb	0	15.406	26.883
complex.412.pdb	0	20.697	55.233
complex.413.pdb	0.0230769	15.717	25.626
complex.414.pdb	0	22.390	52.525
complex.415.pdb	0	14.025	28.718
complex.416.pdb	0	16.313	26.992
complex.417.pdb	0	15.704	24.838
complex.418.pdb	0	20.038	46.164
complex.419.pdb	0	13.939	24.504
complex.420.pdb	0	22.742	52.971
complex.421.pdb	0	11.656	25.637
complex.422.pdb	0	17.405	44.252
complex.423.pdb	0	15.067	24.609
complex.424.pdb	0	11.850	19.166
complex.425.pdb	0	16.154	24.826
complex.426.pdb	0	14.690	29.067
complex.427.pdb	0	19.833	46.457
complex.428.pdb	0.00769231	15.663	43.671
complex.429.pdb	0.0230769	11.243	21.054
complex.430.pdb	0	14.319	24.736
complex.431.pdb	0	16.852	30.336
complex.432.pdb	0	13.374	25.260
complex.433.pdb	0.507692	3.204	11.364
complex.434.pdb	0	12.102	19.320
complex.435.pdb	0	10.975	19.882
complex.436.pdb	0	10.633	18.238
complex.437.pdb	0.0384615	15.297	24.267
complex.438.pdb	0	13.884	21.870
complex.439.pdb	0	24.594	47.306
complex.440.pdb	0.00769231	9.184	16.374
complex.441.pdb	0.0230769	10.153	20.809
complex.442.pdb	0	18.353	51.231
complex.443.pdb	0	14.610	24.060
complex.444.pdb	0	14.831	26.368
complex.445.pdb	0.0230769	10.474	18.163
complex.446.pdb	0.00769231	10.658	31.581
complex.447.pdb	0	13.788	23.707
complex.448.pdb	0	20.333	59.656
complex.449.pdb	0	18.053	30.122
complex.450.pdb	0.0384615	11.861	28.153
complex.451.pdb	0.0384615	15.752	23.060
complex.452.pdb	0	14.901	26.049
complex.453.pdb	0	20.294	49.855
complex.454.pdb	0	16.272	25.342
complex.455.pdb	0.00769231	14.563	30.451
complex.456.pdb	0	24.662	50.788
complex.457.pdb	0.00769231	18.821	37.177
complex.458.pdb	0.00769231	17.439	28.465
complex.459.pdb	0	16.306	32.861
complex.460.pdb	0.0153846	13.956	25.794
complex.461.pdb	0	10.087	17.004
complex.462.pdb	0	18.879	36.081
complex.463.pdb	0.0153846	18.418	39.455
complex.464.pdb	0.146154	6.024	15.099
complex.465.pdb	0	14.233	23.751
complex.466.pdb	0	20.095	60.105
complex.467.pdb	0	15.103	28.669
complex.468.pdb	0	12.948	23.476
complex.469.pdb	0	13.798	21.380
complex.470.pdb	0	18.227	54.797
complex.471.pdb	0	21.704	57.166
complex.472.pdb	0.0384615	15.234	23.842
complex.473.pdb	0	21.147	51.455
complex.474.pdb	0	14.313	30.238
complex.475.pdb	0	21.681	53.657
complex.476.pdb	0	16.187	25.815
complex.477.pdb	0.0230769	16.815	38.430
complex.478.pdb	0	10.717	17.716
complex.479.pdb	0	10.906	16.993
complex.480.pdb	0.0230769	12.042	20.857
complex.481.pdb	0	17.595	27.468
complex.482.pdb	0	13.467	23.467
complex.483.pdb	0	21.219	48.084
complex.484.pdb	0	18.012	37.878
complex.485.pdb	0	13.821	22.156
complex.486.pdb	0.0153846	13.663	22.663
complex.487.pdb	0	14.747	24.611
complex.488.pdb	0	21.399	41.971
complex.489.pdb	0	14.195	22.043
complex.490.pdb	0	22.468	59.459
complex.491.pdb	0	20.357	41.718
complex.492.pdb	0.00769231	16.772	28.561
complex.493.pdb	0	11.075	18.454
complex.494.pdb	0.423077	2.807	9.045
complex.495.pdb	0.0153846	12.275	23.116
complex.496.pdb	0	16.001	25.316
complex.497.pdb	0	18.028	39.961
complex.498.pdb	0	12.681	26.783
complex.499.pdb	0	24.415	52.964
complex.500.pdb	0.0230769	12.236	25.318
complex.501.pdb	0	14.187	31.142
complex.502.pdb	0	15.200	28.593
complex.503.pdb	0	13.762	31.721
complex.504.pdb	0.00769231	15.979	25.408
complex.505.pdb	0	12.508	21.006
complex.506.pdb	0	14.592	24.852
complex.507.pdb	0	13.246	40.871
complex.508.pdb	0	12.758	24.735
complex.509.pdb	0.0538462	19.651	37.020
complex.510.pdb	0.00769231	15.634	25.032
complex.511.pdb	0.0307692	14.939	23.610
complex.512.pdb	0	11.175	19.834
complex.513.pdb	0	15.693	28.192
complex.514.pdb	0.153846	8.344	16.679
complex.515.pdb	0	17.716	34.223
complex.516.pdb	0	18.398	44.861
complex.517.pdb	0	25.574	54.068
complex.518.pdb	0	14.397	33.935
complex.519.pdb	0	16.952	27.879
complex.520.pdb	0	24.141	55.725
complex.521.pdb	0	24.506	47.579
complex.522.pdb	0	13.511	23.197
complex.523.pdb	0	15.438	32.227
complex.524.pdb	0.0538462	9.632	21.217
complex.525.pdb	0	12.934	19.690
complex.526.pdb	0	18.312	28.961
complex.527.pdb	0	16.582	41.364
complex.528.pdb	0.0153846	14.532	22.932
complex.529.pdb	0	16.058	30.695
complex.530.pdb	0	15.359	27.494
complex.531.pdb	0.0153846	11.200	23.345
complex.532.pdb	0	16.915	29.989
complex.533.pdb	0	14.961	23.323
complex.534.pdb	0.00769231	17.363	32.497
complex.535.pdb	0	13.362	38.965
complex.536.pdb	0	15.731	25.516
complex.537.pdb	0	16.666	28.994
complex.538.pdb	0	18.515	29.579
complex.539.pdb	0	13.118	24.501
complex.540.pdb	0	14.882	22.801
complex.541.pdb	0	13.672	24.627
complex.542.pdb	0	12.957	22.011
complex.543.pdb	0	14.181	38.215
complex.544.pdb	0.0153846	16.340	26.843
complex.545.pdb	0	24.368	50.256
complex.546.pdb	0	9.513	19.701
complex.547.pdb	0	14.293	24.110
complex.548.pdb	0	14.789	43.052
complex.549.pdb	0.0153846	14.807	22.456
complex.550.pdb	0.0230769	13.105	32.299
complex.551.pdb	0.0615385	9.255	21.423
complex.552.pdb	0.0692308	6.513	10.932
complex.553.pdb	0	13.945	30.615
complex.554.pdb	0	14.327	33.217
complex.555.pdb	0	18.515	35.168
complex.556.pdb	0.00769231	14.755	27.416
complex.557.pdb	0	19.576	41.827
complex.558.pdb	0	10.805	22.097
complex.559.pdb	0	11.842	22.257
complex.560.pdb	0	13.947	23.863
complex.561.pdb	0.0153846	13.755	25.656
complex.562.pdb	0.00769231	10.288	16.836
complex.563.pdb	0	10.604	19.474
complex.564.pdb	0	16.239	46.590
complex.565.pdb	0.0769231	8.968	16.671
complex.566.pdb	0	15.268	25.403
complex.567.pdb	0	16.923	34.480
complex.568.pdb	0	20.704	53.917
complex.569.pdb	0.0307692	17.224	28.932
complex.570.pdb	0.0153846	13.097	20.935
complex.571.pdb	0	27.222	56.100
complex.572.pdb	0	9.834	17.680
complex.573.pdb	0	17.131	28.734
complex.574.pdb	0	15.269	25.852
complex.575.pdb	0	15.957	38.039
complex.576.pdb	0.0153846	16.583	27.942
complex.577.pdb	0	15.159	23.197
complex.578.pdb	0	19.456	55.564
complex.579.pdb	0	19.240	40.102
complex.580.pdb	0.0230769	14.508	26.790
complex.581.pdb	0	18.786	41.689
complex.582.pdb	0	15.145	28.687
complex.583.pdb	0	12.439	21.696
complex.584.pdb	0	13.724	24.919
complex.585.pdb	0.0538462	8.467	13.987
complex.586.pdb	0	14.689	24.493
complex.587.pdb	0	22.950	60.079
complex.588.pdb	0	20.062	33.032
complex.589.pdb	0	13.683	23.845
complex.590.pdb	0.00769231	14.339	23.409
complex.591.pdb	0	21.497	48.506
complex.592.pdb	0.0153846	15.889	25.553
complex.593.pdb	0	18.173	28.905
complex.594.pdb	0	27.334	55.210
complex.595.pdb	0.0461538	7.203	13.198
complex.596.pdb	0	13.930	34.275
complex.597.pdb	0	15.444	24.113
complex.598.pdb	0	12.664	20.356
complex.599.pdb	0.0230769	8.966	15.245
complex.600.pdb	0.0538462	16.053	24.940
complex.601.pdb	0	21.159	48.134
complex.602.pdb	0	21.286	49.959
complex.603.pdb	0	21.404	52.490
complex.604.pdb	0	13.963	42.085
complex.605.pdb	0	27.079	55.493
complex.606.pdb	0	14.306	24.528
complex.607.pdb	0	16.099	40.808
complex.608.pdb	0	24.140	51.689
complex.609.pdb	0	22.534	51.307
complex.610.pdb	0	15.485	26.112
complex.611.pdb	0	14.076	23.268
complex.612.pdb	0	20.937	43.404
complex.613.pdb	0	18.147	40.421
complex.614.pdb	0	16.228	43.503
complex.615.pdb	0	15.775	25.715
complex.616.pdb	0	13.662	29.358
complex.617.pdb	0	19.998	55.223
complex.618.pdb	0.0538462	12.340	20.434
complex.619.pdb	0	20.230	44.494
complex.620.pdb	0.0384615	10.006	21.407
complex.621.pdb	0	16.367	26.003
complex.622.pdb	0	14.242	21.817
complex.623.pdb	0	12.623	22.158
complex.624.pdb	0.0846154	10.555	23.508
complex.625.pdb	0	12.150	26.664
complex.626.pdb	0	13.124	28.146
complex.627.pdb	0	16.429	33.398
complex.628.pdb	0.0153846	10.704	22.452
complex.629.pdb	0	21.411	55.445
complex.630.pdb	0	16.003	25.883
complex.631.pdb	0	15.225	38.995
complex.632.pdb	0	14.189	27.501
complex.633.pdb	0.138462	8.193	19.901
complex.634.pdb	0	21.369	58.493
complex.635.pdb	0.0230769	18.328	29.585
complex.636.pdb	0.00769231	11.404	26.853
complex.637.pdb	0	14.513	28.073
complex.638.pdb	0	16.764	27.868
complex.639.pdb	0	21.893	53.730
complex.640.pdb	0	15.575	27.178
complex.641.pdb	0	20.784	46.779
complex.642.pdb	0	20.129	53.318
complex.643.pdb	0	31.590	65.874
complex.644.pdb	0.00769231	10.436	22.437
complex.645.pdb	0	17.562	39.720
complex.646.pdb	0.0153846	13.014	22.553
complex.647.pdb	0	19.614	30.568
complex.648.pdb	0	18.437	56.973
complex.649.pdb	0	17.065	30.976
complex.650.pdb	0	14.496	24.851
complex.651.pdb	0	15.596	24.147
complex.652.pdb	0.0384615	7.148	12.514
complex.653.pdb	0	18.556	40.675
complex.654.pdb	0.1	7.728	15.644
complex.655.pdb	0.0769231	9.567	15.307
complex.656.pdb	0	21.528	52.313
complex.657.pdb	0.00769231	16.699	30.997
complex.658.pdb	0	16.051	26.542
complex.659.pdb	0	17.056	27.285
complex.660.pdb	0	14.441	23.434
complex.661.pdb	0	13.861	33.385
complex.662.pdb	0	27.846	55.391
complex.663.pdb	0.0923077	4.752	8.764
complex.664.pdb	0	26.942	56.162
complex.665.pdb	0	11.616	23.601
complex.666.pdb	0	13.851	22.519
complex.667.pdb	0	13.066	22.051
complex.668.pdb	0	15.204	24.448
complex.669.pdb	0	13.923	24.884
complex.670.pdb	0	15.557	28.730
complex.671.pdb	0	15.556	41.566
complex.672.pdb	0.0153846	14.465	23.142
complex.673.pdb	0.0153846	12.616	22.643
complex.674.pdb	0.0307692	13.678	27.750
complex.675.pdb	0	26.928	57.323
complex.676.pdb	0	13.369	28.058
complex.677.pdb	0	22.142	44.960
complex.678.pdb	0	20.843	51.348
complex.679.pdb	0	25.772	54.209
complex.680.pdb	0	12.501	21.309
complex.681.pdb	0	21.181	57.181
complex.682.pdb	0.0230769	12.602	22.857
complex.683.pdb	0	20.772	56.821
complex.684.pdb	0	19.021	38.380
complex.685.pdb	0	13.007	21.925
complex.686.pdb	0	16.740	26.158
complex.687.pdb	0.0230769	11.400	22.901
complex.688.pdb	0	19.901	37.124
complex.689.pdb	0	16.688	35.028
complex.690.pdb	0	21.734	53.346
complex.691.pdb	0	17.542	29.180
complex.692.pdb	0.0307692	15.304	23.429
complex.693.pdb	0	15.297	25.611
complex.694.pdb	0	11.582	23.939
complex.695.pdb	0	16.706	27.518
complex.696.pdb	0	27.045	52.537
complex.697.pdb	0	19.467	60.365
complex.698.pdb	0.0307692	15.845	24.278
complex.699.pdb	0	17.097	29.742
complex.700.pdb	0	15.345	29.344
complex.701.pdb	0.0230769	12.951	38.491
complex.702.pdb	0	23.644	62.656
complex.703.pdb	0.0615385	6.505	10.689
complex.704.pdb	0.00769231	10.583	24.264
complex.705.pdb	0	19.412	31.399
complex.706.pdb	0	23.187	53.459
complex.707.pdb	0	20.667	51.875
complex.708.pdb	0	22.427	59.646
complex.709.pdb	0.00769231	15.792	25.578
complex.710.pdb	0.0307692	12.663	27.485
complex.711.pdb	0	17.203	26.455
complex.712.pdb	0	19.769	53.031
complex.713.pdb	0.0538462	11.772	20.796
complex.714.pdb	0	13.158	23.327
complex.715.pdb	0	16.414	28.369
complex.716.pdb	0	14.283	40.910
complex.717.pdb	0	11.403	33.373
complex.718.pdb	0.0307692	12.006	19.536
complex.719.pdb	0	11.777	20.318
complex.720.pdb	0.107692	7.999	14.959
complex.721.pdb	0	13.708	23.953
complex.722.pdb	0.0153846	11.443	20.184
complex.723.pdb	0	17.056	32.027
complex.724.pdb	0	10.934	16.772
complex.725.pdb	0	12.961	22.099
complex.726.pdb	0	23.958	50.619
complex.727.pdb	0	22.580	55.564
complex.728.pdb	0.0153846	16.882	25.961
complex.729.pdb	0	12.242	33.740
complex.730.pdb	0.00769231	16.818	29.726
complex.731.pdb	0	25.852	54.939
complex.732.pdb	0.0307692	15.576	22.890
complex.733.pdb	0.0692308	16.600	31.511
complex.734.pdb	0	19.711	34.743
complex.735.pdb	0	21.508	62.371
complex.736.pdb	0	16.405	30.190
complex.737.pdb	0	21.067	49.644
complex.738.pdb	0	21.037	59.788
complex.739.pdb	0.0153846	10.428	29.205
complex.740.pdb	0.0307692	13.335	21.171
complex.741.pdb	0	16.459	30.526
complex.742.pdb	0	17.238	27.300
complex.743.pdb	0.0153846	9.831	17.718
complex.744.pdb	0	17.347	28.799
complex.745.pdb	0	13.077	20.246
complex.746.pdb	0.0153846	14.595	24.217
complex.747.pdb	0.0307692	15.710	25.574
complex.748.pdb	0	18.760	34.981
complex.749.pdb	0.0615385	11.904	20.802
complex.750.pdb	0	11.401	19.115
complex.751.pdb	0	18.777	58.364
complex.752.pdb	0	16.766	26.742
complex.753.pdb	0	25.599	55.016
complex.754.pdb	0	13.741	21.381
complex.755.pdb	0.00769231	18.097	31.839
complex.756.pdb	0	13.833	28.268
complex.757.pdb	0	15.371	24.310
complex.758.pdb	0	15.545	37.333
complex.759.pdb	0	20.078	51.546
complex.760.pdb	0.00769231	14.289	23.664
complex.761.pdb	0.107692	11.403	27.620
complex.762.pdb	0	21.764	43.739
complex.763.pdb	0	15.462	32.821
complex.764.pdb	0.0615385	15.592	24.269
complex.765.pdb	0.0230769	20.662	40.884
complex.766.pdb	0	20.230	57.764
complex.767.pdb	0	15.633	25.589
complex.768.pdb	0	15.437	39.291
complex.769.pdb	0.192308	5.785	11.341
complex.770.pdb	0	17.186	30.216
complex.771.pdb	0	14.537	23.938
complex.772.pdb	0	18.935	29.413
complex.773.pdb	0	24.006	61.576
complex.774.pdb	0.0384615	16.492	26.395
complex.775.pdb	0	14.331	27.275
complex.776.pdb	0	20.478	51.172
complex.777.pdb	0	22.727	47.947
complex.778.pdb	0	13.262	25.593
complex.779.pdb	0.0307692	15.958	24.811
complex.780.pdb	0	30.930	66.129
complex.781.pdb	0.0461538	7.312	12.177
complex.782.pdb	0.00769231	14.092	23.128
complex.783.pdb	0	21.108	53.414
complex.784.pdb	0	20.459	47.830
complex.785.pdb	0	23.762	55.561
complex.786.pdb	0	19.094	47.041
complex.787.pdb	0	17.536	34.553
complex.788.pdb	0	13.228	30.081
complex.789.pdb	0.0230769	16.502	27.374
complex.790.pdb	0	19.932	44.310
complex.791.pdb	0	19.397	51.058
complex.792.pdb	0.0384615	14.104	23.679
complex.793.pdb	0	13.364	22.084
complex.794.pdb	0	9.549	17.324
complex.795.pdb	0	13.062	22.652
complex.796.pdb	0	19.320	37.484
complex.797.pdb	0	15.610	45.525
complex.798.pdb	0	20.396	49.298
complex.799.pdb	0.00769231	14.119	26.523
complex.800.pdb	0	21.822	53.594
complex.801.pdb	0	13.451	21.431
complex.802.pdb	0	14.640	22.801
complex.803.pdb	0	14.003	23.991
complex.804.pdb	0	13.990	23.124
complex.805.pdb	0	18.854	29.685
complex.806.pdb	0	27.375	59.451
complex.807.pdb	0	21.451	51.524
complex.808.pdb	0	16.705	35.856
complex.809.pdb	0	15.155	27.909
complex.810.pdb	0.0615385	10.491	20.563
complex.811.pdb	0	19.830	39.221
complex.812.pdb	0.00769231	17.403	34.948
complex.813.pdb	0	13.286	27.333
complex.814.pdb	0.0769231	11.055	23.532
complex.815.pdb	0	27.248	52.995
complex.816.pdb	0	15.257	31.096
complex.817.pdb	0	14.341	25.930
complex.818.pdb	0	21.527	55.116
complex.819.pdb	0.00769231	11.188	18.716
complex.820.pdb	0	21.771	56.127
complex.821.pdb	0	13.491	23.284
complex.822.pdb	0	24.948	54.825
complex.823.pdb	0	13.768	24.230
complex.824.pdb	0	14.753	29.758
complex.825.pdb	0	12.879	20.661
complex.826.pdb	0.0307692	15.013	25.762
complex.827.pdb	0	13.937	32.551
complex.828.pdb	0.00769231	13.113	22.967
complex.829.pdb	0.0230769	18.743	40.662
complex.830.pdb	0	22.863	50.551
complex.831.pdb	0	15.196	25.678
complex.832.pdb	0	20.090	48.362
complex.833.pdb	0	23.528	46.367
complex.834.pdb	0.0230769	15.174	26.149
complex.835.pdb	0	13.579	31.604
complex.836.pdb	0	21.399	55.296
complex.837.pdb	0	31.247	65.175
complex.838.pdb	0	15.956	27.727
complex.839.pdb	0	13.119	24.415
complex.840.pdb	0	25.442	54.699
complex.841.pdb	0	13.528	29.551
complex.842.pdb	0	19.759	40.947
complex.843.pdb	0	26.673	56.751
complex.844.pdb	0.169231	3.815	11.101
complex.845.pdb	0	15.994	33.882
complex.846.pdb	0	17.497	29.010
complex.847.pdb	0.0230769	18.792	30.608
complex.848.pdb	0.00769231	12.646	24.532
complex.849.pdb	0	13.483	24.459
complex.850.pdb	0.0230769	14.886	22.176
complex.851.pdb	0.0384615	11.779	21.159
complex.852.pdb	0.0461538	8.975	14.923
complex.853.pdb	0	14.698	22.067
complex.854.pdb	0	16.868	30.053
complex.855.pdb	0.0153846	12.235	32.740
complex.856.pdb	0	23.212	53.906
complex.857.pdb	0.0153846	9.062	17.493
complex.858.pdb	0	13.509	22.387
complex.859.pdb	0	23.657	53.215
complex.860.pdb	0	17.371	39.604
complex.861.pdb	0.0461538	8.017	16.862
complex.862.pdb	0	21.535	55.669
complex.863.pdb	0	21.189	42.835
complex.864.pdb	0	13.892	29.163
complex.865.pdb	0	15.965	25.820
complex.866.pdb	0.00769231	15.296	36.737
complex.867.pdb	0	24.460	56.124
complex.868.pdb	0	16.168	25.219
complex.869.pdb	0	22.503	58.672
complex.870.pdb	0	21.501	49.102
complex.871.pdb	0	9.551	15.422
complex.872.pdb	0	9.339	18.631
complex.873.pdb	0	14.263	24.674
complex.874.pdb	0.0307692	19.353	37.652
complex.875.pdb	0.0461538	15.886	24.571
complex.876.pdb	0	20.018	55.831
complex.877.pdb	0	16.995	33.159
complex.878.pdb	0	17.223	47.697
complex.879.pdb	0	24.726	51.965
complex.880.pdb	0	11.276	19.693
complex.881.pdb	0	14.546	24.295
complex.882.pdb	0.0230769	13.098	21.956
complex.883.pdb	0	12.575	25.331
complex.884.pdb	0.0692308	12.023	21.423
complex.885.pdb	0	14.862	23.905
complex.886.pdb	0	21.222	52.663
complex.887.pdb	0	22.421	52.463
complex.888.pdb	0	13.788	25.791
complex.889.pdb	0	13.222	26.077
complex.890.pdb	0	19.071	57.943
complex.891.pdb	0	14.931	34.542
complex.892.pdb	0	12.359	21.550
complex.893.pdb	0	21.699	48.768
complex.894.pdb	0	24.638	50.553
complex.895.pdb	0.00769231	17.735	28.829
complex.896.pdb	0.0153846	13.338	21.487
complex.897.pdb	0	13.942	26.317
complex.898.pdb	0.0153846	17.256	31.152
complex.899.pdb	0	20.940	54.727
complex.900.pdb	0.0461538	12.266	23.521
complex.901.pdb	0	16.111	26.345
complex.902.pdb	0	14.147	33.806
complex.903.pdb	0.00769231	13.151	26.095
complex.904.pdb	0	17.115	42.917
complex.905.pdb	0	20.578	52.699
complex.906.pdb	0	18.599	32.262
complex.907.pdb	0	13.329	26.120
complex.908.pdb	0	10.466	18.675
complex.909.pdb	0	14.820	30.403
complex.910.pdb	0.00769231	17.020	32.417
complex.911.pdb	0.00769231	13.428	34.850
complex.912.pdb	0	25.089	53.359
complex.913.pdb	0	16.855	27.553
complex.914.pdb	0	15.164	23.149
complex.915.pdb	0	20.230	51.852
complex.916.pdb	0.0153846	15.935	26.446
complex.917.pdb	0.00769231	15.908	23.706
complex.918.pdb	0	19.898	38.892
complex.919.pdb	0.0307692	9.890	19.914
complex.920.pdb	0	10.441	24.006
complex.921.pdb	0	17.013	35.789
complex.922.pdb	0	13.517	26.006
complex.923.pdb	0.0153846	14.361	45.153
complex.924.pdb	0	14.295	23.315
complex.925.pdb	0	26.728	55.066
complex.926.pdb	0	8.144	14.449
complex.927.pdb	0.00769231	13.612	27.108
complex.928.pdb	0.0153846	13.537	23.791
complex.929.pdb	0	14.802	25.223
complex.930.pdb	0	14.647	26.635
complex.931.pdb	0.00769231	14.162	25.554
complex.932.pdb	0	15.768	25.931
complex.933.pdb	0.0307692	9.884	17.441
complex.934.pdb	0	17.895	55.732
complex.935.pdb	0	27.419	61.888
complex.936.pdb	0	15.211	25.843
complex.937.pdb	0.00769231	11.201	33.896
complex.938.pdb	0	13.138	22.123
complex.939.pdb	0	13.480	22.304
complex.940.pdb	0	25.078	51.800
complex.941.pdb	0	17.417	31.393
complex.942.pdb	0.0538462	12.205	24.197
complex.943.pdb	0.0384615	14.832	23.041
complex.944.pdb	0	16.422	27.381
complex.945.pdb	0	15.033	29.503
complex.946.pdb	0	11.249	18.004
complex.947.pdb	0	17.923	27.568
complex.948.pdb	0.0230769	16.546	27.812
complex.949.pdb	0	13.128	23.755
complex.950.pdb	0	17.034	30.764
complex.951.pdb	0.00769231	21.271	43.331
complex.952.pdb	0.0538462	18.497	36.301
complex.953.pdb	0	26.650	62.727
complex.954.pdb	0	14.228	24.102
complex.955.pdb	0	16.760	26.735
complex.956.pdb	0	11.813	27.083
complex.957.pdb	0	21.487	52.738
complex.958.pdb	0	11.119	17.605
complex.959.pdb	0	17.968	28.998
complex.960.pdb	0.0307692	11.184	19.499
complex.961.pdb	0	12.472	21.340
complex.962.pdb	0.0153846	14.110	22.951
complex.963.pdb	0	22.568	59.835
complex.964.pdb	0.00769231	19.047	37.514
complex.965.pdb	0	14.859	24.568
complex.966.pdb	0	12.565	20.940
complex.967.pdb	0	14.755	25.910
complex.968.pdb	0	19.906	53.784
complex.969.pdb	0	14.401	33.583
complex.970.pdb	0.00769231	13.757	39.907
complex.971.pdb	0.0230769	17.905	30.505
complex.972.pdb	0	15.970	28.554
complex.973.pdb	0	14.317	26.065
complex.974.pdb	0	16.929	27.487
complex.975.pdb	0	21.286	47.029
complex.976.pdb	0	22.818	51.193
complex.977.pdb	0	22.171	45.589
complex.978.pdb	0.0615385	8.962	17.868
complex.979.pdb	0	12.665	21.782
complex.980.pdb	0.0384615	14.682	24.722
complex.981.pdb	0	12.168	20.475
complex.982.pdb	0	23.246	55.227
complex.983.pdb	0.0615385	11.344	23.585
complex.984.pdb	0	19.759	38.285
complex.985.pdb	0	14.364	24.030
complex.986.pdb	0.0153846	15.320	25.592
complex.987.pdb	0	9.500	15.902
complex.988.pdb	0	18.869	40.774
complex.989.pdb	0	25.440	57.411
complex.990.pdb	0	26.173	54.765
complex.991.pdb	0.0769231	10.756	17.387
complex.992.pdb	0	26.214	55.468
complex.993.pdb	0.0153846	15.576	30.119
complex.994.pdb	0.0307692	18.665	30.996
complex.995.pdb	0	12.680	21.113
complex.996.pdb	0	16.993	28.929
complex.997.pdb	0	14.818	26.533
complex.998.pdb	0	12.784	36.874
complex.999.pdb	0	12.385	26.955
complex.1000.pdb	0	10.755	18.069
complex.1001.pdb	0.00769231	15.383	29.609
complex.1002.pdb	0	14.060	31.666
complex.1003.pdb	0	18.800	32.398
complex.1004.pdb	0.0230769	15.951	23.229
complex.1005.pdb	0	21.811	53.454
complex.1006.pdb	0	15.220	25.099
complex.1007.pdb	0	16.903	41.053
complex.1008.pdb	0.00769231	11.447	21.346
complex.1009.pdb	0.0153846	13.447	26.354
complex.1010.pdb	0	21.399	54.805
complex.1011.pdb	0	18.252	31.462
complex.1012.pdb	0	14.010	25.771
complex.1013.pdb	0	15.917	24.475
complex.1014.pdb	0.0230769	12.264	21.187
complex.1015.pdb	0	18.001	32.890
complex.1016.pdb	0	12.702	24.414
complex.1017.pdb	0.00769231	16.550	31.201
complex.1018.pdb	0	20.536	39.589
complex.1019.pdb	0	16.340	28.221
complex.1020.pdb	0	13.007	23.957
complex.1021.pdb	0	12.943	22.683
complex.1022.pdb	0	11.488	18.135
complex.1023.pdb	0	22.098	51.730
complex.1024.pdb	0	15.245	26.088
complex.1025.pdb	0.0384615	11.171	29.897
complex.1026.pdb	0.0384615	13.820	23.826
complex.1027.pdb	0	16.689	35.038
complex.1028.pdb	0	14.464	25.012
complex.1029.pdb	0	23.568	60.907
complex.1030.pdb	0.0153846	15.257	28.671
complex.1031.pdb	0	20.792	42.112
complex.1032.pdb	0	23.279	47.512
complex.1033.pdb	0	16.342	26.642
complex.1034.pdb	0.0230769	9.385	16.806
complex.1035.pdb	0	19.887	47.855
complex.1036.pdb	0	17.657	28.524
complex.1037.pdb	0	13.121	24.012
complex.1038.pdb	0	14.667	25.838
complex.1039.pdb	0.0307692	20.586	39.231
complex.1040.pdb	0	15.045	26.039
complex.1041.pdb	0.0153846	16.019	24.016
complex.1042.pdb	0	14.883	23.023
complex.1043.pdb	0	25.833	54.357
complex.1044.pdb	0.0230769	20.813	40.665
complex.1045.pdb	0.138462	7.010	14.848
complex.1046.pdb	0.00769231	14.365	22.673
complex.1047.pdb	0	14.058	28.868
complex.1048.pdb	0	25.627	54.444
complex.1049.pdb	0	15.108	23.462
complex.1050.pdb	0	17.570	27.113
complex.1051.pdb	0	13.672	22.371
complex.1052.pdb	0	11.569	19.518
complex.1053.pdb	0	23.286	47.687
complex.1054.pdb	0	12.187	21.083
complex.1055.pdb	0.0692308	7.983	18.605
complex.1056.pdb	0	22.497	63.620
complex.1057.pdb	0	17.653	41.480
complex.1058.pdb	0.0230769	17.017	30.859
complex.1059.pdb	0	15.318	25.776
complex.1060.pdb	0	19.996	39.422
complex.1061.pdb	0	14.040	33.615
complex.1062.pdb	0	13.503	23.317
complex.1063.pdb	0.0230769	16.933	27.483
complex.1064.pdb	0	18.551	33.615
complex.1065.pdb	0	21.422	53.965
complex.1066.pdb	0	13.141	26.472
complex.1067.pdb	0	13.064	29.767
complex.1068.pdb	0	15.735	27.370
complex.1069.pdb	0.0153846	15.851	25.515
complex.1070.pdb	0.153846	5.174	15.001
complex.1071.pdb	0	26.406	53.766
complex.1072.pdb	0.00769231	13.123	36.844
complex.1073.pdb	0	11.056	17.071
complex.1074.pdb	0	13.746	21.730
complex.1075.pdb	0	12.315	24.396
complex.1076.pdb	0	21.080	59.990
complex.1077.pdb	0.00769231	19.478	36.576
complex.1078.pdb	0.0153846	13.911	22.520
complex.1079.pdb	0	12.176	21.965
complex.1080.pdb	0.0384615	13.305	22.847
complex.1081.pdb	0	25.277	54.409
complex.1082.pdb	0	12.928	23.554
complex.1083.pdb	0	21.335	48.947
complex.1084.pdb	0.0615385	8.519	28.638
complex.1085.pdb	0.00769231	14.572	23.668
complex.1086.pdb	0	13.579	24.039
complex.1087.pdb	0	15.890	24.229
complex.1088.pdb	0	20.665	46.195
complex.1089.pdb	0.00769231	8.972	18.715
complex.1090.pdb	0	12.998	25.840
complex.1091.pdb	0	16.701	26.104
complex.1092.pdb	0	19.002	43.368
complex.1093.pdb	0.0307692	13.384	24.343
complex.1094.pdb	0.00769231	10.431	21.114
complex.1095.pdb	0	20.965	44.673
complex.1096.pdb	0	18.948	29.604
complex.1097.pdb	0	18.084	50.432
complex.1098.pdb	0	14.577	23.748
complex.1099.pdb	0	14.392	23.339
complex.1100.pdb	0	12.877	24.037
complex.1101.pdb	0	24.376	56.509
complex.1102.pdb	0.00769231	15.767	25.297
complex.1103.pdb	0	19.671	41.783
complex.1104.pdb	0	12.149	24.523
complex.1105.pdb	0	14.773	29.097
complex.1106.pdb	0.0230769	15.767	23.934
complex.1107.pdb	0	13.846	27.964
complex.1108.pdb	0	23.101	51.185
complex.1109.pdb	0	18.980	29.006
complex.1110.pdb	0	13.946	29.408
complex.1111.pdb	0	23.290	49.644
complex.1112.pdb	0.0307692	15.404	22.258
complex.1113.pdb	0	17.620	31.412
complex.1114.pdb	0	24.454	46.959
complex.1115.pdb	0	22.925	59.935
complex.1116.pdb	0	13.062	21.963
complex.1117.pdb	0	16.135	38.830
complex.1118.pdb	0	12.067	22.777
complex.1119.pdb	0	16.037	26.775
complex.1120.pdb	0.0538462	12.074	20.189
complex.1121.pdb	0	13.875	24.667
complex.1122.pdb	0	13.725	21.718
complex.1123.pdb	0.00769231	12.984	22.797
complex.1124.pdb	0	14.471	28.560
complex.1125.pdb	0.00769231	10.254	19.892
complex.1126.pdb	0.00769231	13.915	26.380
complex.1127.pdb	0	14.498	34.859
complex.1128.pdb	0	16.634	25.603
complex.1129.pdb	0.0307692	14.216	23.329
complex.1130.pdb	0	11.634	25.781
complex.1131.pdb	0	22.282	58.903
complex.1132.pdb	0	17.544	28.602
complex.1133.pdb	0	8.342	13.974
complex.1134.pdb	0.00769231	12.483	31.667
complex.1135.pdb	0.0230769	14.115	27.687
complex.1136.pdb	0	27.304	64.589
complex.1137.pdb	0	23.499	51.211
complex.1138.pdb	0	18.686	31.464
complex.1139.pdb	0	15.437	30.383
complex.1140.pdb	0.0307692	14.068	24.004
complex.1141.pdb	0	15.503	26.467
complex.1142.pdb	0.00769231	15.506	47.350
complex.1143.pdb	0	11.700	27.144
complex.1144.pdb	0	19.847	57.491
complex.1145.pdb	0.0461538	12.655	25.173
complex.1146.pdb	0	16.904	27.425
complex.1147.pdb	0	19.212	29.756
complex.1148.pdb	0	21.806	45.284
complex.1149.pdb	0.0461538	12.761	24.060
complex.1150.pdb	0.0230769	15.598	25.540
complex.1151.pdb	0	21.533	53.374
complex.1152.pdb	0	14.385	24.369
complex.1153.pdb	0.00769231	16.258	28.559
complex.1154.pdb	0	19.092	44.179
complex.1155.pdb	0	15.152	27.675
complex.1156.pdb	0	20.337	46.848
complex.1157.pdb	0.0307692	10.281	25.257
complex.1158.pdb	0	15.821	25.010
complex.1159.pdb	0	19.051	32.328
complex.1160.pdb	0	9.672	18.364
complex.1161.pdb	0.00769231	9.585	24.994
complex.1162.pdb	0	14.563	26.313
complex.1163.pdb	0.00769231	18.611	34.217
complex.1164.pdb	0	20.754	32.795
complex.1165.pdb	0	21.520	60.903
complex.1166.pdb	0	18.525	32.743
complex.1167.pdb	0	16.937	43.223
complex.1168.pdb	0.0230769	15.340	24.536
complex.1169.pdb	0	24.432	59.195
complex.1170.pdb	0.0307692	19.223	32.331
complex.1171.pdb	0	14.816	24.765
complex.1172.pdb	0	26.350	54.219
complex.1173.pdb	0	17.268	26.652
complex.1174.pdb	0	18.790	35.739
complex.1175.pdb	0	19.775	33.699
complex.1176.pdb	0.0153846	13.077	21.383
complex.1177.pdb	0	14.482	23.565
complex.1178.pdb	0	23.022	48.904
complex.1179.pdb	0	20.264	51.587
complex.1180.pdb	0	25.901	53.523
complex.1181.pdb	0.00769231	16.133	27.410
complex.1182.pdb	0	27.640	59.274
complex.1183.pdb	0	24.249	61.425
complex.1184.pdb	0	15.348	24.997
complex.1185.pdb	0.230769	2.774	6.021
complex.1186.pdb	0	15.015	23.238
complex.1187.pdb	0	25.857	55.413
complex.1188.pdb	0	29.716	62.273
complex.1189.pdb	0.0384615	15.888	25.507
complex.1190.pdb	0	20.774	48.618
complex.1191.pdb	0	14.496	26.799
complex.1192.pdb	0	14.159	24.382
complex.1193.pdb	0	21.507	58.736
complex.1194.pdb	0	16.760	30.128
complex.1195.pdb	0	18.404	33.978
complex.1196.pdb	0	14.456	37.912
complex.1197.pdb	0.0615385	12.222	20.359
complex.1198.pdb	0.00769231	18.517	30.701
complex.1199.pdb	0	12.874	20.373
complex.1200.pdb	0	29.793	61.133
complex.1201.pdb	0	20.767	58.858
complex.1202.pdb	0	14.002	21.572
complex.1203.pdb	0.0153846	14.367	26.881
complex.1204.pdb	0.0384615	14.788	24.888
complex.1205.pdb	0	14.123	22.278
complex.1206.pdb	0	15.927	26.365
complex.1207.pdb	0	14.702	36.364
complex.1208.pdb	0	20.801	34.154
complex.1209.pdb	0.1	8.886	19.184
complex.1210.pdb	0.0153846	14.627	26.987
complex.1211.pdb	0	15.775	25.666
complex.1212.pdb	0	18.920	44.220
complex.1213.pdb	0.0384615	15.161	24.395
complex.1214.pdb	0	15.522	30.252
complex.1215.pdb	0	13.977	30.734
complex.1216.pdb	0	23.737	53.219
complex.1217.pdb	0	27.734	64.689
complex.1218.pdb	0	14.084	25.134
complex.1219.pdb	0	25.269	54.225
complex.1220.pdb	0	15.815	25.438
complex.1221.pdb	0.0538462	15.338	26.825
complex.1222.pdb	0	15.972	28.707
complex.1223.pdb	0	19.703	48.417
complex.1224.pdb	0	19.231	39.308
complex.1225.pdb	0	26.239	53.435
complex.1226.pdb	0.0153846	17.436	28.032
complex.1227.pdb	0	24.979	51.924
complex.1228.pdb	0	12.467	29.276
complex.1229.pdb	0	21.316	59.897
complex.1230.pdb	0	12.158	21.469
complex.1231.pdb	0	12.715	22.124
complex.1232.pdb	0	13.236	26.814
complex.1233.pdb	0.0461538	10.585	24.703
complex.1234.pdb	0.0307692	13.833	22.130
complex.1235.pdb	0.0230769	13.017	22.780
complex.1236.pdb	0	16.037	25.462
complex.1237.pdb	0	15.132	26.630
complex.1238.pdb	0	17.816	32.292
complex.1239.pdb	0	13.925	26.827
complex.1240.pdb	0	16.525	28.017
complex.1241.pdb	0	9.961	18.643
complex.1242.pdb	0.00769231	13.084	21.837
complex.1243.pdb	0	14.669	23.045
complex.1244.pdb	0	23.000	52.369
complex.1245.pdb	0	13.365	22.322
complex.1246.pdb	0	24.508	65.294
complex.1247.pdb	0	11.327	23.380
complex.1248.pdb	0.0230769	12.552	21.470
complex.1249.pdb	0	14.764	32.231
complex.1250.pdb	0	10.912	17.232
complex.1251.pdb	0.0615385	10.756	17.701
complex.1252.pdb	0	18.097	52.045
complex.1253.pdb	0.00769231	17.440	28.942
complex.1254.pdb	0	15.053	38.202
complex.1255.pdb	0	25.778	53.610
complex.1256.pdb	0	23.943	54.201
complex.1257.pdb	0.0153846	9.328	21.008
complex.1258.pdb	0	18.582	42.252
complex.1259.pdb	0	14.516	31.824
complex.1260.pdb	0.0230769	13.896	23.103
complex.1261.pdb	0	24.932	51.816
complex.1262.pdb	0	17.357	32.567
complex.1263.pdb	0	26.618	56.860
complex.1264.pdb	0	13.373	37.173
complex.1265.pdb	0.0153846	14.014	29.747
complex.1266.pdb	0.0615385	8.025	17.341
complex.1267.pdb	0.0461538	7.943	15.220
complex.1268.pdb	0	22.138	44.783
complex.1269.pdb	0.00769231	11.534	26.557
complex.1270.pdb	0.00769231	25.692	53.442
complex.1271.pdb	0	14.201	25.159
complex.1272.pdb	0	14.903	25.163
complex.1273.pdb	0.0307692	14.773	28.432
complex.1274.pdb	0	20.581	39.505
complex.1275.pdb	0	17.818	34.295
complex.1276.pdb	0	14.477	22.761
complex.1277.pdb	0.0538462	14.929	24.730
complex.1278.pdb	0	13.471	21.616
complex.1279.pdb	0	12.891	22.553
complex.1280.pdb	0	21.071	53.351
complex.1281.pdb	0	15.852	31.264
complex.1282.pdb	0	29.471	61.819
complex.1283.pdb	0	19.631	30.430
complex.1284.pdb	0.0461538	7.027	14.725
complex.1285.pdb	0.00769231	18.179	37.959
complex.1286.pdb	0.0153846	16.248	26.492
complex.1287.pdb	0	19.880	51.884
complex.1288.pdb	0	15.885	24.037
complex.1289.pdb	0	13.400	25.351
complex.1290.pdb	0	14.207	27.675
complex.1291.pdb	0.00769231	15.958	30.486
complex.1292.pdb	0.130769	5.886	13.999
complex.1293.pdb	0.0615385	7.559	12.947
complex.1294.pdb	0.0153846	14.131	24.943
complex.1295.pdb	0	13.857	39.847
complex.1296.pdb	0	14.521	26.369
complex.1297.pdb	0	16.720	29.277
complex.1298.pdb	0	19.087	46.614
complex.1299.pdb	0	25.071	59.911
complex.1300.pdb	0	19.397	31.940
complex.1301.pdb	0	12.809	22.552
complex.1302.pdb	0	25.579	53.032
complex.1303.pdb	0	22.964	47.509
complex.1304.pdb	0	27.548	57.334
complex.1305.pdb	0	14.466	34.044
complex.1306.pdb	0	14.951	34.707
complex.1307.pdb	0	17.792	34.788
complex.1308.pdb	0	16.254	26.161
complex.1309.pdb	0	22.860	51.988
complex.1310.pdb	0	22.939	51.348
complex.1311.pdb	0	13.882	22.922
complex.1312.pdb	0	22.587	57.016
complex.1313.pdb	0	22.448	59.615
complex.1314.pdb	0.0230769	9.202	16.129
complex.1315.pdb	0	24.162	47.149
complex.1316.pdb	0	21.738	52.090
complex.1317.pdb	0	15.646	25.822
complex.1318.pdb	0	14.392	31.570
complex.1319.pdb	0.0153846	15.445	22.822
complex.1320.pdb	0	14.387	28.767
complex.1321.pdb	0.00769231	14.745	28.066
complex.1322.pdb	0.0153846	18.691	31.480
complex.1323.pdb	0	14.978	46.125
complex.1324.pdb	0	15.810	25.172
complex.1325.pdb	0	17.858	30.942
complex.1326.pdb	0	14.138	22.203
complex.1327.pdb	0.00769231	18.002	34.482
complex.1328.pdb	0.00769231	15.407	29.754
complex.1329.pdb	0	21.204	44.134
complex.1330.pdb	0.0153846	12.690	25.462
complex.1331.pdb	0.0307692	15.754	23.829
complex.1332.pdb	0	26.954	55.246
complex.1333.pdb	0	19.297	30.976
complex.1334.pdb	0	17.243	31.096
complex.1335.pdb	0.00769231	15.980	24.898
complex.1336.pdb	0	12.650	20.432
complex.1337.pdb	0	12.818	22.288
complex.1338.pdb	0	15.132	31.033
complex.1339.pdb	0	14.061	26.345
complex.1340.pdb	0.0153846	18.161	31.237
complex.1341.pdb	0.0153846	16.436	25.884
complex.1342.pdb	0	19.273	31.414
complex.1343.pdb	0	15.770	24.927
complex.1344.pdb	0	22.559	47.181
complex.1345.pdb	0	12.759	26.567
complex.1346.pdb	0	16.686	27.569
complex.1347.pdb	0.138462	5.971	13.637
complex.1348.pdb	0	17.261	26.925
complex.1349.pdb	0	13.455	22.187
complex.1350.pdb	0.0230769	17.540	29.213
complex.1351.pdb	0	14.645	29.654
complex.1352.pdb	0.0153846	14.234	24.465
complex.1353.pdb	0	19.031	34.304
complex.1354.pdb	0.00769231	17.431	26.409
complex.1355.pdb	0	19.486	44.873
complex.1356.pdb	0.0923077	9.179	20.935
complex.1357.pdb	0.00769231	18.507	41.491
complex.1358.pdb	0	21.417	48.830
complex.1359.pdb	0	20.447	55.441
complex.1360.pdb	0	16.313	26.964
complex.1361.pdb	0	16.110	26.556
complex.1362.pdb	0	24.247	55.092
complex.1363.pdb	0	18.885	50.983
complex.1364.pdb	0	25.781	53.120
complex.1365.pdb	0	8.307	17.650
complex.1366.pdb	0	14.892	32.782
complex.1367.pdb	0.0230769	9.321	23.939
complex.1368.pdb	0.0307692	17.131	28.992
complex.1369.pdb	0	26.282	55.226
complex.1370.pdb	0	15.373	24.668
complex.1371.pdb	0	15.004	23.890
complex.1372.pdb	0.00769231	15.919	28.613
complex.1373.pdb	0	11.677	21.541
complex.1374.pdb	0	25.488	53.204
complex.1375.pdb	0	12.818	22.488
complex.1376.pdb	0	12.180	19.560
complex.1377.pdb	0	23.866	60.388
complex.1378.pdb	0	15.852	24.357
complex.1379.pdb	0	9.844	17.989
complex.1380.pdb	0	22.229	51.564
complex.1381.pdb	0	26.827	55.339
complex.1382.pdb	0	27.341	55.107
complex.1383.pdb	0.0230769	14.388	21.972
complex.1384.pdb	0.0538462	8.457	20.965
complex.1385.pdb	0.0153846	14.115	22.463
complex.1386.pdb	0.00769231	16.740	27.371
complex.1387.pdb	0	11.421	17.833
complex.1388.pdb	0	12.709	20.630
complex.1389.pdb	0	13.528	22.661
complex.1390.pdb	0	9.846	18.661
complex.1391.pdb	0	25.534	55.449
complex.1392.pdb	0.00769231	14.949	24.096
complex.1393.pdb	0	19.032	41.215
complex.1394.pdb	0.0307692	12.860	20.767
complex.1395.pdb	0	22.306	54.633
complex.1396.pdb	0.0153846	21.459	47.484
complex.1397.pdb	0	18.104	28.825
complex.1398.pdb	0	15.379	25.210
complex.1399.pdb	0	11.812	18.723
complex.1400.pdb	0	16.711	29.856
complex.1401.pdb	0	16.826	27.684
complex.1402.pdb	0	21.795	49.596
complex.1403.pdb	0.00769231	18.151	28.963
complex.1404.pdb	0	20.611	51.774
complex.1405.pdb	0	15.114	28.652
complex.1406.pdb	0	14.436	25.296
complex.1407.pdb	0	18.899	44.771
complex.1408.pdb	0.0307692	9.806	26.319
complex.1409.pdb	0	19.201	39.963
complex.1410.pdb	0	16.705	40.206
complex.1411.pdb	0	25.808	50.822
complex.1412.pdb	0	11.649	18.684
complex.1413.pdb	0	15.285	28.960
complex.1414.pdb	0	17.973	48.849
complex.1415.pdb	0	19.932	41.611
complex.1416.pdb	0	18.989	43.492
complex.1417.pdb	0	15.307	26.226
complex.1418.pdb	0	20.522	50.749
complex.1419.pdb	0	20.933	51.328
complex.1420.pdb	0	16.458	43.785
complex.1421.pdb	0.0615385	8.542	16.924
complex.1422.pdb	0	13.208	27.471
complex.1423.pdb	0.00769231	15.497	34.625
complex.1424.pdb	0	16.462	29.425
complex.1425.pdb	0.00769231	24.359	50.249
complex.1426.pdb	0.0769231	7.737	17.130
complex.1427.pdb	0.0615385	14.490	25.780
complex.1428.pdb	0	23.195	53.401
complex.1429.pdb	0	22.820	53.201
complex.1430.pdb	0.00769231	13.227	31.660
complex.1431.pdb	0	15.450	25.219
complex.1432.pdb	0	19.919	38.377
complex.1433.pdb	0.0615385	8.660	15.163
complex.1434.pdb	0	14.870	27.621
complex.1435.pdb	0.00769231	14.189	24.305
complex.1436.pdb	0	24.751	58.665
complex.1437.pdb	0	12.798	29.719
complex.1438.pdb	0	10.521	18.256
complex.1439.pdb	0	20.896	54.298
complex.1440.pdb	0	31.267	62.104
complex.1441.pdb	0	15.442	44.164
complex.1442.pdb	0.0153846	13.213	22.049
complex.1443.pdb	0.1	8.123	17.784
complex.1444.pdb	0.0384615	9.469	23.635
complex.1445.pdb	0	26.286	54.955
complex.1446.pdb	0	15.831	44.597
complex.1447.pdb	0	19.416	34.935
complex.1448.pdb	0	25.535	52.139
complex.1449.pdb	0	17.887	31.204
complex.1450.pdb	0.515385	1.925	3.783
complex.1451.pdb	0	17.260	26.631
complex.1452.pdb	0	17.367	43.962
complex.1453.pdb	0	26.991	65.379
complex.1454.pdb	0.0769231	8.339	19.020
complex.1455.pdb	0	25.934	49.350
complex.1456.pdb	0.0307692	11.592	22.963
complex.1457.pdb	0	14.978	28.448
complex.1458.pdb	0.1	6.751	15.677
complex.1459.pdb	0.0923077	6.916	13.109
complex.1460.pdb	0	21.057	45.139
complex.1461.pdb	0	22.752	51.572
complex.1462.pdb	0	24.052	52.463
complex.1463.pdb	0.00769231	14.026	23.409
complex.1464.pdb	0	19.967	38.262
complex.1465.pdb	0	20.775	57.802
complex.1466.pdb	0	14.939	24.797
complex.1467.pdb	0	16.839	39.268
complex.1468.pdb	0	18.538	34.160
complex.1469.pdb	0	20.590	48.840
complex.1470.pdb	0	15.342	29.478
complex.1471.pdb	0	24.895	61.463
complex.1472.pdb	0	26.427	56.195
complex.1473.pdb	0	12.860	19.922
complex.1474.pdb	0	15.535	25.773
complex.1475.pdb	0	13.090	23.444
complex.1476.pdb	0.0230769	16.120	23.822
complex.1477.pdb	0	24.289	50.862
complex.1478.pdb	0.0461538	8.296	13.064
complex.1479.pdb	0.0307692	15.289	23.727
complex.1480.pdb	0	24.817	58.711
complex.1481.pdb	0	28.043	52.594
complex.1482.pdb	0	25.278	49.240
complex.1483.pdb	0	16.106	26.739
complex.1484.pdb	0.00769231	9.755	27.792
complex.1485.pdb	0.0846154	11.258	20.579
complex.1486.pdb	0	23.987	52.657
complex.1487.pdb	0	19.088	34.090
complex.1488.pdb	0	17.385	27.607
complex.1489.pdb	0	20.655	49.415
complex.1490.pdb	0	14.838	30.205
complex.1491.pdb	0.00769231	14.602	24.451
complex.1492.pdb	0.0153846	13.584	41.823
complex.1493.pdb	0	16.680	30.394
complex.1494.pdb	0	11.247	28.469
complex.1495.pdb	0	21.385	54.880
complex.1496.pdb	0.0461538	16.096	28.777
complex.1497.pdb	0	22.542	46.169
complex.1498.pdb	0.00769231	7.088	15.176
complex.1499.pdb	0.0769231	15.664	30.418
complex.1500.pdb	0	17.920	33.204
complex.1501.pdb	0	12.417	23.899
complex.1502.pdb	0	22.691	49.842
complex.1503.pdb	0	14.107	27.186
complex.1504.pdb	0	15.327	26.187
complex.1505.pdb	0	13.798	21.611
complex.1506.pdb	0.00769231	12.759	20.270
complex.1507.pdb	0.00769231	17.728	27.839
complex.1508.pdb	0	9.181	15.287
complex.1509.pdb	0.0307692	16.763	39.435
complex.1510.pdb	0	18.028	30.125
complex.1511.pdb	0	18.810	42.328
complex.1512.pdb	0.0384615	7.959	14.453
complex.1513.pdb	0	16.993	34.109
complex.1514.pdb	0	15.650	23.449
complex.1515.pdb	0	15.224	24.921
complex.1516.pdb	0	14.452	25.109
complex.1517.pdb	0.00769231	17.534	34.203
complex.1518.pdb	0	18.476	34.473
complex.1519.pdb	0	17.382	35.809
complex.1520.pdb	0	10.535	17.909
complex.1521.pdb	0	23.159	51.287
complex.1522.pdb	0	14.391	36.592
complex.1523.pdb	0.0461538	13.493	25.508
complex.1524.pdb	0	21.617	46.175
complex.1525.pdb	0.0923077	7.991	20.750
complex.1526.pdb	0	20.875	52.600
complex.1527.pdb	0	15.832	43.797
complex.1528.pdb	0.0153846	23.112	49.295
complex.1529.pdb	0.0461538	10.490	24.303
complex.1530.pdb	0	17.799	35.930
complex.1531.pdb	0	14.964	30.853
complex.1532.pdb	0	15.412	24.453
complex.1533.pdb	0.0230769	13.854	22.562
complex.1534.pdb	0.0307692	12.426	19.146
complex.1535.pdb	0	13.053	20.653
complex.1536.pdb	0	28.290	68.371
complex.1537.pdb	0.00769231	27.312	60.820
complex.1538.pdb	0	15.160	25.447
complex.1539.pdb	0.0307692	12.850	24.877
complex.1540.pdb	0	14.572	31.993
complex.1541.pdb	0	11.315	20.008
complex.1542.pdb	0	16.372	27.335
complex.1543.pdb	0.00769231	16.355	25.030
complex.1544.pdb	0	11.789	21.635
complex.1545.pdb	0.0538462	15.721	26.229
complex.1546.pdb	0	27.485	56.803
complex.1547.pdb	0	15.425	27.516
complex.1548.pdb	0	8.352	14.126
complex.1549.pdb	0	17.930	37.509
complex.1550.pdb	0.0153846	18.200	38.928
complex.1551.pdb	0	14.524	24.883
complex.1552.pdb	0	17.849	39.219
complex.1553.pdb	0	21.784	46.946
complex.1554.pdb	0.0153846	11.687	24.143
complex.1555.pdb	0	30.687	64.631
complex.1556.pdb	0.0153846	18.106	29.762
complex.1557.pdb	0	13.044	20.975
complex.1558.pdb	0.00769231	14.872	24.288
complex.1559.pdb	0	22.864	54.235
complex.1560.pdb	0.0384615	6.693	12.077
complex.1561.pdb	0	18.868	29.141
complex.1562.pdb	0.00769231	15.583	30.655
complex.1563.pdb	0.0230769	15.737	25.612
complex.1564.pdb	0	14.909	28.376
complex.1565.pdb	0	13.531	21.376
complex.1566.pdb	0.130769	9.064	22.247
complex.1567.pdb	0	14.272	35.821
complex.1568.pdb	0	17.824	33.160
complex.1569.pdb	0	13.833	21.816
complex.1570.pdb	0	18.139	28.747
complex.1571.pdb	0	22.407	53.407
complex.1572.pdb	0	23.115	57.305
complex.1573.pdb	0	13.082	20.551
complex.1574.pdb	0.115385	6.524	15.356
complex.1575.pdb	0.0230769	11.232	19.332
complex.1576.pdb	0.0461538	11.380	24.871
complex.1577.pdb	0	22.399	46.877
complex.1578.pdb	0	23.407	51.029
complex.1579.pdb	0	24.683	49.743
complex.1580.pdb	0.0153846	17.650	39.462
complex.1581.pdb	0.0230769	15.501	25.078
complex.1582.pdb	0	23.212	47.426
complex.1583.pdb	0.0230769	16.180	26.548
complex.1584.pdb	0	29.407	61.327
complex.1585.pdb	0	17.074	30.130
complex.1586.pdb	0	18.664	48.110
complex.1587.pdb	0.00769231	11.694	21.444
complex.1588.pdb	0	14.923	41.615
complex.1589.pdb	0	12.694	27.488
complex.1590.pdb	0	16.665	35.553
complex.1591.pdb	0	22.834	43.879
complex.1592.pdb	0	20.394	44.518
complex.1593.pdb	0	17.469	38.895
complex.1594.pdb	0.00769231	7.436	11.856
complex.1595.pdb	0	14.654	33.930
complex.1596.pdb	0	17.992	44.158
complex.1597.pdb	0	15.996	26.356
complex.1598.pdb	0	16.624	29.811
complex.1599.pdb	0	15.734	26.964
complex.1600.pdb	0	16.466	26.374
complex.1601.pdb	0	16.324	28.092
complex.1602.pdb	0	24.011	50.281
complex.1603.pdb	0	21.656	56.685
complex.1604.pdb	0	19.275	41.935
complex.1605.pdb	0	13.503	26.755
complex.1606.pdb	0	19.651	31.823
complex.1607.pdb	0.00769231	14.251	27.059
complex.1608.pdb	0	15.004	24.234
complex.1609.pdb	0	22.113	57.597
complex.1610.pdb	0	16.052	27.704
complex.1611.pdb	0	15.381	25.264
complex.1612.pdb	0	14.715	25.857
complex.1613.pdb	0	13.391	22.378
complex.1614.pdb	0.0307692	20.559	34.555
complex.1615.pdb	0	17.199	36.253
complex.1616.pdb	0	23.427	61.199
complex.1617.pdb	0	19.604	53.975
complex.1618.pdb	0	20.795	52.570
complex.1619.pdb	0	28.614	66.728
complex.1620.pdb	0	23.381	51.186
complex.1621.pdb	0	21.956	55.223
complex.1622.pdb	0	17.761	37.872
complex.1623.pdb	0.0692308	12.102	20.600
complex.1624.pdb	0.0230769	14.591	25.395
complex.1625.pdb	0	16.742	26.575
complex.1626.pdb	0	8.619	14.846
complex.1627.pdb	0	15.225	26.862
complex.1628.pdb	0	26.627	56.322
complex.1629.pdb	0	17.149	27.573
complex.1630.pdb	0	23.105	54.203
complex.1631.pdb	0	9.573	19.016
complex.1632.pdb	0.00769231	16.852	28.707
complex.1633.pdb	0	15.055	25.594
complex.1634.pdb	0.0153846	14.159	21.566
complex.1635.pdb	0	25.568	53.701
complex.1636.pdb	0.0384615	10.433	21.942
complex.1637.pdb	0	15.006	26.071
complex.1638.pdb	0.00769231	11.528	21.060
complex.1639.pdb	0	15.947	27.234
complex.1640.pdb	0	25.764	53.592
complex.1641.pdb	0.00769231	11.346	20.348
complex.1642.pdb	0	12.830	26.183
complex.1643.pdb	0.0538462	8.121	14.990
complex.1644.pdb	0.00769231	20.558	49.913
complex.1645.pdb	0	20.670	43.484
complex.1646.pdb	0.0230769	12.934	22.671
complex.1647.pdb	0	26.005	57.562
complex.1648.pdb	0	13.613	34.521
complex.1649.pdb	0	12.958	26.595
complex.1650.pdb	0	14.679	27.813
complex.1651.pdb	0	17.490	31.164
complex.1652.pdb	0	16.383	41.430
complex.1653.pdb	0	12.333	20.103
complex.1654.pdb	0	27.160	54.838
complex.1655.pdb	0	14.916	25.237
complex.1656.pdb	0.0230769	19.191	43.400
complex.1657.pdb	0	24.779	51.525
complex.1658.pdb	0	10.923	17.998
complex.1659.pdb	0.0153846	15.792	25.032
complex.1660.pdb	0	14.424	36.325
complex.1661.pdb	0	15.638	31.252
complex.1662.pdb	0	16.089	27.308
complex.1663.pdb	0.00769231	11.586	18.287
complex.1664.pdb	0	18.966	28.983
complex.1665.pdb	0	14.312	25.422
complex.1666.pdb	0	25.122	53.998
complex.1667.pdb	0.00769231	11.163	24.307
complex.1668.pdb	0.0538462	15.147	22.635
complex.1669.pdb	0	23.113	59.002
complex.1670.pdb	0	24.486	46.105
complex.1671.pdb	0	12.589	23.061
complex.1672.pdb	0	22.764	47.108
complex.1673.pdb	0.0692308	7.491	15.466
complex.1674.pdb	0.0230769	21.368	41.550
complex.1675.pdb	0	20.420	57.934
complex.1676.pdb	0	13.024	19.810
complex.1677.pdb	0	15.623	25.509
complex.1678.pdb	0	18.397	29.611
complex.1679.pdb	0	13.934	22.054
complex.1680.pdb	0	22.946	54.270
complex.1681.pdb	0	13.995	35.252
complex.1682.pdb	0.0538462	15.960	24.302
complex.1683.pdb	0	26.090	63.080
complex.1684.pdb	0	16.933	30.291
complex.1685.pdb	0.0384615	13.144	27.132
complex.1686.pdb	0	11.909	18.989
complex.1687.pdb	0	15.800	28.697
complex.1688.pdb	0	15.106	28.010
complex.1689.pdb	0	16.536	29.466
complex.1690.pdb	0	23.956	51.009
complex.1691.pdb	0	16.868	26.615
complex.1692.pdb	0	14.871	34.479
complex.1693.pdb	0.0230769	16.421	25.947
complex.1694.pdb	0.0153846	10.916	29.366
complex.1695.pdb	0	14.242	22.120
complex.1696.pdb	0	14.392	28.956
complex.1697.pdb	0	15.447	27.009
complex.1698.pdb	0	20.026	36.780
complex.1699.pdb	0	15.704	25.305
complex.1700.pdb	0	24.071	51.841
complex.1701.pdb	0	20.573	49.731
complex.1702.pdb	0.0846154	8.694	19.817
complex.1703.pdb	0	26.722	53.939
complex.1704.pdb	0	12.125	20.154
complex.1705.pdb	0	21.985	52.214
complex.1706.pdb	0.0230769	16.948	27.083
complex.1707.pdb	0	21.651	47.909
complex.1708.pdb	0.0153846	12.846	21.472
complex.1709.pdb	0.00769231	19.473	44.767
complex.1710.pdb	0	20.549	59.494
complex.1711.pdb	0	14.654	26.439
complex.1712.pdb	0.00769231	19.788	49.746
complex.1713.pdb	0	14.387	25.640
complex.1714.pdb	0.0153846	13.455	22.652
complex.1715.pdb	0	23.952	68.701
complex.1716.pdb	0	13.695	25.370
complex.1717.pdb	0	16.344	41.600
complex.1718.pdb	0	17.543	41.492
complex.1719.pdb	0	22.280	59.392
complex.1720.pdb	0.00769231	14.981	24.440
complex.1721.pdb	0.00769231	13.301	21.570
complex.1722.pdb	0.00769231	14.201	31.150
complex.1723.pdb	0	10.930	17.981
complex.1724.pdb	0	12.658	25.197
complex.1725.pdb	0	12.591	21.908
complex.1726.pdb	0.0230769	14.957	25.852
complex.1727.pdb	0	14.280	25.477
complex.1728.pdb	0	15.609	31.025
complex.1729.pdb	0.00769231	11.241	22.103
complex.1730.pdb	0.0153846	13.139	21.126
complex.1731.pdb	0	26.131	53.917
complex.1732.pdb	0	25.512	54.541
complex.1733.pdb	0	12.412	20.937
complex.1734.pdb	0	11.880	21.892
complex.1735.pdb	0.0538462	11.850	19.782
complex.1736.pdb	0	14.560	25.386
complex.1737.pdb	0	15.257	23.779
complex.1738.pdb	0	14.795	25.809
complex.1739.pdb	0.207692	6.517	17.632
complex.1740.pdb	0	20.205	32.575
complex.1741.pdb	0	23.754	45.335
complex.1742.pdb	0	16.739	28.763
complex.1743.pdb	0	14.016	24.624
complex.1744.pdb	0	14.511	28.974
complex.1745.pdb	0	24.366	59.339
complex.1746.pdb	0	23.576	50.533
complex.1747.pdb	0	13.656	22.528
complex.1748.pdb	0	22.368	50.262
complex.1749.pdb	0	22.987	51.691
complex.1750.pdb	0	20.208	34.935
complex.1751.pdb	0.0384615	8.161	14.800
complex.1752.pdb	0	16.286	25.853
complex.1753.pdb	0.253846	5.440	13.810
complex.1754.pdb	0	22.983	56.145
complex.1755.pdb	0.153846	6.659	12.487
complex.1756.pdb	0	25.866	55.006
complex.1757.pdb	0.00769231	7.894	19.975
complex.1758.pdb	0	22.246	52.615
complex.1759.pdb	0	18.865	30.070
complex.1760.pdb	0	18.823	30.850
complex.1761.pdb	0.00769231	15.827	49.142
complex.1762.pdb	0	22.429	56.106
complex.1763.pdb	0	23.305	58.332
complex.1764.pdb	0.0153846	10.896	19.639
complex.1765.pdb	0.0153846	13.477	22.852
complex.1766.pdb	0	23.601	44.637
complex.1767.pdb	0	16.350	26.186
complex.1768.pdb	0	16.178	44.964
complex.1769.pdb	0	18.763	31.413
complex.1770.pdb	0	12.175	20.588
complex.1771.pdb	0.0461538	10.444	20.790
complex.1772.pdb	0	22.452	53.088
complex.1773.pdb	0	23.324	50.759
complex.1774.pdb	0	22.549	59.559
complex.1775.pdb	0	24.625	54.373
complex.1776.pdb	0	13.312	23.414
complex.1777.pdb	0	16.409	30.593
complex.1778.pdb	0.00769231	15.042	24.643
complex.1779.pdb	0.00769231	15.313	26.493
complex.1780.pdb	0	26.367	54.327
complex.1781.pdb	0	13.952	24.208
complex.1782.pdb	0.0153846	16.430	27.746
complex.1783.pdb	0	25.319	51.182
complex.1784.pdb	0	26.668	49.963
complex.1785.pdb	0	20.213	36.321
complex.1786.pdb	0.0230769	14.279	24.040
complex.1787.pdb	0.0153846	18.386	30.532
complex.1788.pdb	0	22.806	53.976
complex.1789.pdb	0	12.245	20.490
complex.1790.pdb	0	24.485	58.458
complex.1791.pdb	0.0153846	16.915	39.527
complex.1792.pdb	0	19.361	43.696
complex.1793.pdb	0	17.422	32.362
complex.1794.pdb	0	18.990	45.275
complex.1795.pdb	0	13.421	39.207
complex.1796.pdb	0	18.358	28.760
complex.1797.pdb	0	16.078	33.194
complex.1798.pdb	0.0153846	16.019	25.968
complex.1799.pdb	0	24.556	51.761
complex.1800.pdb	0.00769231	16.735	28.717
complex.1801.pdb	0	15.235	24.267
complex.1802.pdb	0	13.413	20.885
complex.1803.pdb	0.00769231	20.627	43.554
complex.1804.pdb	0	13.265	20.603
complex.1805.pdb	0	14.947	24.927
complex.1806.pdb	0	24.291	50.755
complex.1807.pdb	0	17.358	30.822
complex.1808.pdb	0	14.369	25.630
complex.1809.pdb	0.0153846	13.185	23.651
complex.1810.pdb	0.0538462	8.816	20.566
complex.1811.pdb	0	24.304	45.813
complex.1812.pdb	0	11.678	18.445
complex.1813.pdb	0.0615385	11.475	18.771
complex.1814.pdb	0	12.643	30.349
complex.1815.pdb	0.00769231	10.804	17.706
complex.1816.pdb	0	15.536	26.221
complex.1817.pdb	0	18.205	28.678
complex.1818.pdb	0	15.506	32.314
complex.1819.pdb	0	23.645	54.096
complex.1820.pdb	0	15.865	27.754
complex.1821.pdb	0	11.444	20.074
complex.1822.pdb	0	16.629	39.020
complex.1823.pdb	0	8.866	15.704
complex.1824.pdb	0	16.262	26.191
complex.1825.pdb	0	23.082	50.956
complex.1826.pdb	0	27.946	52.598
complex.1827.pdb	0	11.000	25.626
complex.1828.pdb	0	14.982	23.774
complex.1829.pdb	0	18.194	44.863
complex.1830.pdb	0.238462	4.667	11.876
complex.1831.pdb	0	26.288	53.961
complex.1832.pdb	0	15.244	27.018
complex.1833.pdb	0.0615385	17.682	32.846
complex.1834.pdb	0	24.372	48.494
complex.1835.pdb	0	15.796	32.799
complex.1836.pdb	0	16.714	31.076
complex.1837.pdb	0	21.654	58.665
complex.1838.pdb	0	15.395	25.711
complex.1839.pdb	0	18.137	32.509
complex.1840.pdb	0	18.775	29.207
complex.1841.pdb	0	14.097	24.535
complex.1842.pdb	0	15.030	24.378
complex.1843.pdb	0	21.998	46.099
complex.1844.pdb	0	21.482	57.684
complex.1845.pdb	0	13.936	29.621
complex.1846.pdb	0	22.085	56.913
complex.1847.pdb	0.0153846	14.654	28.428
complex.1848.pdb	0	18.535	34.079
complex.1849.pdb	0	22.582	60.614
complex.1850.pdb	0.00769231	15.755	26.889
complex.1851.pdb	0.00769231	20.317	39.114
complex.1852.pdb	0.00769231	15.578	45.850
complex.1853.pdb	0.00769231	12.191	26.504
complex.1854.pdb	0	16.170	39.867
complex.1855.pdb	0	21.488	57.938
complex.1856.pdb	0	25.798	55.017
complex.1857.pdb	0	24.487	54.651
complex.1858.pdb	0	24.802	51.619
complex.1859.pdb	0	15.730	24.440
complex.1860.pdb	0	18.607	29.076
complex.1861.pdb	0	9.743	27.760
complex.1862.pdb	0	12.246	25.239
complex.1863.pdb	0	18.714	33.800
complex.1864.pdb	0	22.141	55.946
complex.1865.pdb	0.00769231	13.301	36.857
complex.1866.pdb	0.0153846	12.880	22.333
complex.1867.pdb	0	16.758	31.230
complex.1868.pdb	0.0384615	14.778	26.057
complex.1869.pdb	0	20.121	38.938
complex.1870.pdb	0	25.472	52.886
complex.1871.pdb	0	18.016	31.289
complex.1872.pdb	0.0153846	21.449	36.965
complex.1873.pdb	0.00769231	14.429	27.148
complex.1874.pdb	0	13.750	22.841
complex.1875.pdb	0.0153846	18.389	33.961
complex.1876.pdb	0	20.242	37.059
complex.1877.pdb	0.0153846	13.165	23.444
complex.1878.pdb	0.146154	4.777	11.014
complex.1879.pdb	0	20.330	51.439
complex.1880.pdb	0	22.181	50.004
complex.1881.pdb	0	21.050	38.451
complex.1882.pdb	0.0230769	13.119	21.949
complex.1883.pdb	0	25.847	53.328
complex.1884.pdb	0.0384615	9.544	15.397
complex.1885.pdb	0	17.483	30.165
complex.1886.pdb	0	23.199	57.138
complex.1887.pdb	0	14.698	30.441
complex.1888.pdb	0	20.557	56.709
complex.1889.pdb	0.00769231	15.475	25.772
complex.1890.pdb	0.169231	6.981	20.355
complex.1891.pdb	0.0153846	12.324	33.290
complex.1892.pdb	0	14.809	26.272
complex.1893.pdb	0.00769231	13.691	27.172
complex.1894.pdb	0	23.346	45.631
complex.1895.pdb	0.0538462	9.918	17.221
complex.1896.pdb	0	14.727	25.691
complex.1897.pdb	0.0692308	10.034	16.276
complex.1898.pdb	0	18.422	30.396
complex.1899.pdb	0	18.742	30.479
complex.1900.pdb	0.00769231	18.899	35.034
complex.1901.pdb	0	16.958	39.155
complex.1902.pdb	0	17.691	33.284
complex.1903.pdb	0.0153846	16.184	26.955
complex.1904.pdb	0	18.704	33.507
complex.1905.pdb	0	16.884	38.041
complex.1906.pdb	0	12.923	20.414
complex.1907.pdb	0	22.120	60.445
complex.1908.pdb	0	27.899	59.595
complex.1909.pdb	0	21.216	56.254
complex.1910.pdb	0	31.168	64.182
complex.1911.pdb	0	23.438	50.856
complex.1912.pdb	0.0230769	15.080	24.689
complex.1913.pdb	0.0461538	15.228	22.964
complex.1914.pdb	0.00769231	16.996	34.521
complex.1915.pdb	0	13.769	23.308
complex.1916.pdb	0	21.572	54.802
complex.1917.pdb	0	14.315	26.407
complex.1918.pdb	0.00769231	8.898	24.956
complex.1919.pdb	0	17.445	27.890
complex.1920.pdb	0	23.553	50.597
complex.1921.pdb	0.0153846	14.395	26.583
complex.1922.pdb	0	15.493	24.922
complex.1923.pdb	0	16.853	36.278
complex.1924.pdb	0.0384615	14.778	23.709
complex.1925.pdb	0	27.486	54.133
complex.1926.pdb	0.0461538	15.008	24.214
complex.1927.pdb	0	16.567	31.634
complex.1928.pdb	0.0461538	13.067	21.782
complex.1929.pdb	0	20.165	41.036
complex.1930.pdb	0.00769231	18.030	30.110
complex.1931.pdb	0	13.257	21.589
complex.1932.pdb	0	15.050	26.472
complex.1933.pdb	0	14.189	30.578
complex.1934.pdb	0.0230769	14.135	23.155
complex.1935.pdb	0	13.207	22.702
complex.1936.pdb	0	19.795	45.549
complex.1937.pdb	0.0615385	8.729	16.484
complex.1938.pdb	0	16.992	27.919
complex.1939.pdb	0.0615385	15.806	23.305
complex.1940.pdb	0	16.108	44.820
complex.1941.pdb	0	15.708	32.378
complex.1942.pdb	0.0153846	9.529	23.622
complex.1943.pdb	0	28.689	65.338
complex.1944.pdb	0	11.488	25.678
complex.1945.pdb	0	23.913	45.644
complex.1946.pdb	0	24.271	52.456
complex.1947.pdb	0	17.493	32.280
complex.1948.pdb	0	15.657	26.225
complex.1949.pdb	0	20.456	52.971
complex.1950.pdb	0	21.687	43.577
complex.1951.pdb	0.00769231	19.070	30.598
complex.1952.pdb	0	11.213	18.007
complex.1953.pdb	0	19.262	49.351
complex.1954.pdb	0.0153846	6.969	11.898
complex.1955.pdb	0.0692308	17.479	35.845
complex.1956.pdb	0	24.673	55.304
complex.1957.pdb	0	16.161	35.572
complex.1958.pdb	0	18.196	50.409
complex.1959.pdb	0	22.674	52.172
complex.1960.pdb	0.0153846	17.179	25.588
complex.1961.pdb	0	21.107	56.663
complex.1962.pdb	0.00769231	15.765	25.785
complex.1963.pdb	0	27.554	58.967
complex.1964.pdb	0	13.839	29.722
complex.1965.pdb	0	26.357	53.498
complex.1966.pdb	0	16.704	28.063
complex.1967.pdb	0.0769231	10.597	17.943
complex.1968.pdb	0	16.430	26.886
complex.1969.pdb	0.0384615	13.957	22.067
complex.1970.pdb	0	20.858	55.454
complex.1971.pdb	0	14.162	24.103
complex.1972.pdb	0	17.276	30.435
complex.1973.pdb	0	24.822	46.746
complex.1974.pdb	0	14.413	26.561
complex.1975.pdb	0	13.135	23.612
complex.1976.pdb	0	26.990	58.213
complex.1977.pdb	0	14.523	25.019
complex.1978.pdb	0	21.908	49.738
complex.1979.pdb	0	25.588	60.394
complex.1980.pdb	0	23.240	42.552
complex.1981.pdb	0.0153846	17.624	40.227
complex.1982.pdb	0	16.780	28.562
complex.1983.pdb	0	11.572	22.340
complex.1984.pdb	0.00769231	22.851	46.141
complex.1985.pdb	0	24.310	56.544
complex.1986.pdb	0.0307692	16.674	32.624
complex.1987.pdb	0	19.344	32.211
complex.1988.pdb	0	16.954	40.509
complex.1989.pdb	0	24.104	51.859
complex.1990.pdb	0	17.408	28.855
complex.1991.pdb	0	14.184	30.377
complex.1992.pdb	0	13.943	23.335
complex.1993.pdb	0	15.768	25.444
complex.1994.pdb	0.00769231	22.893	43.873
complex.1995.pdb	0	14.126	22.651
complex.1996.pdb	0.00769231	19.231	42.764
complex.1997.pdb	0	21.547	48.799
complex.1998.pdb	0	22.775	59.761
complex.1999.pdb	0	21.346	52.858
complex.2000.pdb	0.0230769	13.323	21.231
