2hdi_100w.pdb	0.0120482	11.456	22.658	-205.2418
2hdi_8w.pdb	0	15.977	30.837	-125.1235
2hdi_99w.pdb	0	12.863	22.458	-123.5352
2hdi_54w.pdb	0.0361446	6.783	24.236	-123.5189
2hdi_51w.pdb	0	15.459	32.707	-121.9101
2hdi_19w.pdb	0	11.708	25.415	-119.5372
2hdi_67w.pdb	0	13.458	26.796	-118.8298
2hdi_64w.pdb	0	15.595	32.466	-118.3483
2hdi_36w.pdb	0.108434	9.732	27.503	-117.3735
2hdi_18w.pdb	0	16.237	32.533	-116.9402
2hdi_91w.pdb	0	13.024	26.457	-115.1115
2hdi_81w.pdb	0.0963855	9.622	27.604	-114.446
2hdi_21w.pdb	0.361446	2.194	6.901	-112.72317
2hdi_70w.pdb	0.180723	3.946	13.264	-110.1751
2hdi_74w.pdb	0	11.158	29.612	-105.1014
2hdi_63w.pdb	0.13253	4.384	14.952	-104.8626
2hdi_60w.pdb	0	15.278	30.508	-104.7086
2hdi_97w.pdb	0	13.486	26.601	-104.4291
2hdi_57w.pdb	0.060241	7.417	23.298	-102.6406
2hdi_71w.pdb	0	18.555	40.000	-100.39948
2hdi_40w.pdb	0	17.381	45.257	-99.29188
2hdi_17w.pdb	0.0240964	10.185	31.194	-99.1929
2hdi_65w.pdb	0	19.298	46.247	-98.38574
2hdi_25w.pdb	0	18.753	47.237	-97.5023
2hdi_77w.pdb	0	14.776	38.259	-97.0568
2hdi_35w.pdb	0	16.114	29.880	-95.6857
2hdi_37w.pdb	0.0361446	8.094	27.602	-95.4902
2hdi_26w.pdb	0.0240964	7.371	28.188	-94.3577
2hdi_58w.pdb	0	19.112	48.772	-93.95072
2hdi_33w.pdb	0.0120482	13.382	36.044	-93.6619
2hdi_12w.pdb	0	16.960	38.556	-92.8693
2hdi_90w.pdb	0	17.291	33.441	-92.6022
2hdi_98w.pdb	0.0361446	9.809	25.867	-90.8326
2hdi_30w.pdb	0	15.968	44.040	-90.7472
2hdi_68w.pdb	0	15.750	49.588	-90.3984
2hdi_24w.pdb	0.0120482	10.831	27.870	-89.7061
2hdi_50w.pdb	0.228916	6.794	21.797	-88.157
2hdi_52w.pdb	0.0963855	7.227	31.146	-87.1461
2hdi_42w.pdb	0.0481928	8.676	28.468	-86.806
2hdi_93w.pdb	0	14.783	45.297	-86.069273
2hdi_22w.pdb	0	20.696	51.815	-85.9536
2hdi_49w.pdb	0	14.031	27.323	-85.7944
2hdi_85w.pdb	0	15.912	43.028	-84.77481
2hdi_44w.pdb	0	12.397	35.142	-84.23496
2hdi_69w.pdb	0	16.846	50.261	-84.1617
2hdi_72w.pdb	0	14.794	29.517	-83.2353
2hdi_13w.pdb	0	15.290	44.683	-83.19826
2hdi_7w.pdb	0.060241	8.176	24.689	-83.1073
2hdi_80w.pdb	0	17.913	36.259	-83.07708
2hdi_48w.pdb	0	12.581	25.946	-82.7346
2hdi_32w.pdb	0.0722892	7.985	18.052	-82.5904
2hdi_9w.pdb	0	15.554	48.059	-81.7229
2hdi_41w.pdb	0	12.444	31.705	-80.778
2hdi_88w.pdb	0.204819	4.514	19.363	-80.63
2hdi_94w.pdb	0.0843373	5.537	20.941	-80.4243
2hdi_53w.pdb	0	12.583	35.579	-79.31847
2hdi_45w.pdb	0	19.785	47.666	-78.52267
2hdi_2w.pdb	0	20.474	47.843	-78.431974
2hdi_84w.pdb	0.0240964	12.075	26.428	-77.9532
2hdi_62w.pdb	0.0120482	10.480	29.414	-77.321
2hdi_46w.pdb	0.0120482	13.686	37.597	-76.87894
2hdi_56w.pdb	0	15.807	31.087	-76.7819
2hdi_79w.pdb	0.0120482	13.031	42.344	-76.61142
2hdi_66w.pdb	0	13.600	45.161	-76.0662
2hdi_47w.pdb	0	16.512	51.367	-75.9812
2hdi_83w.pdb	0	16.212	50.571	-74.55446
2hdi_29w.pdb	0	21.636	51.247	-73.7554
2hdi_78w.pdb	0	20.330	47.754	-73.208409
2hdi_75w.pdb	0	17.483	34.530	-72.7333
2hdi_27w.pdb	0.0120482	9.735	34.460	-71.9043
2hdi_23w.pdb	0.0481928	8.354	24.882	-71.5905
2hdi_86w.pdb	0	16.169	44.876	-71.55335
2hdi_6w.pdb	0	11.838	34.016	-69.86449
2hdi_4w.pdb	0	21.485	51.167	-69.7152
2hdi_39w.pdb	0	10.482	30.439	-69.49422
2hdi_11w.pdb	0	14.982	43.611	-69.26091
2hdi_43w.pdb	0	12.171	21.476	-68.0812
2hdi_34w.pdb	0.0481928	8.807	25.225	-67.5237
2hdi_89w.pdb	0	15.063	47.709	-67.46749
2hdi_16w.pdb	0	21.065	50.281	-67.21491
2hdi_38w.pdb	0.0120482	13.970	40.405	-66.96226
2hdi_96w.pdb	0	20.165	48.734	-66.50573
2hdi_87w.pdb	0	16.821	31.506	-66.246
2hdi_28w.pdb	0	16.908	32.359	-65.9185
2hdi_95w.pdb	0	20.342	50.233	-65.4584
2hdi_55w.pdb	0	15.813	47.181	-64.89905
2hdi_73w.pdb	0	17.071	32.769	-62.8369
2hdi_61w.pdb	0	19.427	48.849	-62.64291
2hdi_76w.pdb	0	13.913	40.276	-62.5519
2hdi_10w.pdb	0	14.377	41.109	-62.1808
2hdi_59w.pdb	0	16.952	49.115	-61.06927
2hdi_20w.pdb	0.0240964	13.257	25.293	-59.9601
2hdi_15w.pdb	0	16.395	47.542	-59.19815
2hdi_31w.pdb	0	18.788	42.327	-57.71266
2hdi_92w.pdb	0	12.975	33.856	-55.496355
2hdi_14w.pdb	0	12.834	30.193	-55.3257
2hdi_5w.pdb	0	14.857	36.932	-55.16163
2hdi_82w.pdb	0	15.910	37.830	-47.33465
2hdi_3w.pdb	0	13.890	40.225	-45.1235
2hdi_1w.pdb	0	18.481	47.621	-38.65697
				
				
