swarm_73_172.pdb	0.0133333	16.857	23.978	28.336
swarm_75_39.pdb	0.466667	2.402	6.251	27.193
swarm_73_155.pdb	0.04	16.427	23.587	25.713
swarm_27_63.pdb	0.0266667	14.984	26.765	25.341
swarm_17_165.pdb	0.106667	8.216	15.541	25.194
swarm_74_95.pdb	0	10.878	16.336	24.527
swarm_8_119.pdb	0.04	14.606	28.924	24.462
swarm_68_83.pdb	0.173333	3.223	8.828	24.296
swarm_57_152.pdb	0.04	15.927	23.049	24.177
swarm_57_189.pdb	0.0266667	13.073	26.100	23.834
swarm_44_108.pdb	0.0266667	14.993	30.763	23.424
swarm_21_2.pdb	0	14.575	24.409	23.252
swarm_73_144.pdb	0.0133333	16.099	28.631	23.192
swarm_75_146.pdb	0.0533333	13.592	21.464	23.007
swarm_73_48.pdb	0	13.128	22.232	22.924
swarm_21_5.pdb	0.0266667	10.477	22.408	22.802
swarm_44_158.pdb	0	8.997	20.587	22.722
swarm_21_157.pdb	0	12.183	20.149	22.544
swarm_68_79.pdb	0.0133333	13.541	24.602	22.543
swarm_57_135.pdb	0	8.729	15.475	22.521
swarm_76_70.pdb	0	13.948	20.726	22.270
swarm_75_53.pdb	0.0133333	17.265	25.254	21.962
swarm_58_195.pdb	0	15.270	24.081	21.953
swarm_30_182.pdb	0	10.402	15.141	21.952
swarm_76_66.pdb	0.173333	4.503	12.296	21.906
swarm_68_30.pdb	0	10.685	17.918	21.640
swarm_33_17.pdb	0	14.927	22.226	21.387
swarm_33_28.pdb	0.24	3.366	5.270	21.126
swarm_81_111.pdb	0	12.833	19.249	21.096
swarm_79_74.pdb	0.0933333	8.664	16.492	21.079
swarm_78_1.pdb	0	16.211	25.239	21.045
swarm_74_143.pdb	0.306667	4.505	9.727	20.953
swarm_17_132.pdb	0.226667	3.607	7.189	20.852
swarm_63_167.pdb	0.106667	14.707	24.666	20.738
swarm_18_78.pdb	0.04	10.507	34.087	20.591
swarm_8_120.pdb	0	14.118	25.146	20.570
swarm_3_81.pdb	0.04	13.832	21.436	20.568
swarm_31_115.pdb	0.0266667	13.259	39.423	20.538
swarm_76_28.pdb	0	16.659	24.352	20.485
swarm_77_70.pdb	0.0133333	11.944	22.619	20.418
swarm_57_13.pdb	0	8.076	14.831	20.311
swarm_31_197.pdb	0.04	9.563	32.994	20.147
swarm_43_45.pdb	0	7.302	21.161	19.895
swarm_83_42.pdb	0	12.863	21.571	19.893
swarm_3_47.pdb	0.106667	6.212	12.881	19.844
swarm_44_161.pdb	0	17.855	30.201	19.710
swarm_79_14.pdb	0	14.151	24.547	19.455
swarm_29_89.pdb	0.0266667	13.425	33.021	19.452
swarm_81_155.pdb	0.04	5.630	10.189	19.417
swarm_77_73.pdb	0	15.703	24.378	19.377
swarm_31_31.pdb	0.0533333	13.371	37.531	19.348
swarm_74_127.pdb	0	15.651	25.285	19.333
swarm_2_115.pdb	0.0266667	12.621	38.452	19.319
swarm_44_183.pdb	0	14.993	26.042	19.288
swarm_63_55.pdb	0.186667	3.557	9.571	19.275
swarm_3_197.pdb	0.04	16.698	25.796	19.244
swarm_45_188.pdb	0.08	16.909	25.925	19.116
swarm_30_198.pdb	0	15.105	25.002	19.014
swarm_75_99.pdb	0	15.951	25.351	18.948
swarm_27_119.pdb	0	8.431	16.643	18.818
swarm_48_158.pdb	0	10.579	21.510	18.791
swarm_27_44.pdb	0	18.530	27.325	18.620
swarm_21_51.pdb	0	14.756	26.389	18.485
swarm_48_74.pdb	0	15.548	25.366	18.475
swarm_21_72.pdb	0.0133333	12.319	18.578	18.250
swarm_56_45.pdb	0.0266667	7.327	24.415	18.237
swarm_33_1.pdb	0.08	15.773	24.486	18.216
swarm_30_176.pdb	0.0533333	7.497	14.482	18.167
swarm_21_191.pdb	0	18.178	24.537	18.149
swarm_30_95.pdb	0.186667	9.104	16.924	18.076
swarm_45_102.pdb	0	14.258	23.969	18.052
swarm_82_115.pdb	0	11.231	18.041	18.001
swarm_48_109.pdb	0	13.817	25.456	17.907
swarm_50_66.pdb	0	15.240	30.195	17.867
swarm_33_191.pdb	0	13.774	20.679	17.828
swarm_78_24.pdb	0	16.192	24.057	17.792
swarm_77_79.pdb	0.173333	4.209	10.523	17.768
swarm_6_21.pdb	0.04	13.478	34.601	17.741
swarm_68_21.pdb	0.04	15.125	27.489	17.738
swarm_27_23.pdb	0	7.302	22.627	17.664
swarm_8_194.pdb	0	16.552	31.903	17.620
swarm_27_158.pdb	0	16.709	30.025	17.536
swarm_8_88.pdb	0	7.772	24.720	17.486
swarm_24_11.pdb	0	10.995	34.655	17.428
swarm_73_16.pdb	0.04	12.622	22.439	17.345
swarm_82_38.pdb	0	14.073	24.437	17.320
swarm_43_134.pdb	0.0666667	10.577	24.472	17.290
swarm_90_143.pdb	0.346667	2.947	9.310	17.242
swarm_4_190.pdb	0	17.097	37.252	17.124
swarm_15_195.pdb	0.08	11.037	34.073	17.097
swarm_47_40.pdb	0	15.648	24.658	17.005
swarm_75_15.pdb	0	15.714	24.069	17.000
swarm_29_43.pdb	0.0133333	16.776	33.110	16.918
swarm_47_162.pdb	0.0133333	11.644	24.838	16.897
swarm_30_143.pdb	0.0533333	15.198	27.960	16.891
swarm_46_10.pdb	0	10.004	25.373	16.885
swarm_83_178.pdb	0	17.668	26.626	16.840
swarm_3_97.pdb	0	16.717	23.301	16.820
swarm_75_127.pdb	0	14.557	21.770	16.714
swarm_8_42.pdb	0	12.309	32.947	16.695
swarm_34_17.pdb	0.04	12.396	36.022	16.627
swarm_7_188.pdb	0	17.540	33.467	16.607
swarm_46_101.pdb	0	14.055	26.423	16.593
swarm_50_43.pdb	0.0266667	16.238	29.704	16.510
swarm_30_79.pdb	0	6.568	11.761	16.479
swarm_15_145.pdb	0	18.217	34.318	16.479
swarm_27_70.pdb	0	19.097	34.207	16.453
swarm_19_106.pdb	0.0533333	10.826	32.589	16.401
swarm_75_179.pdb	0	13.895	22.520	16.376
swarm_24_83.pdb	0.0266667	13.011	40.621	16.335
swarm_17_79.pdb	0.133333	6.174	18.839	16.333
swarm_56_31.pdb	0	16.668	26.674	16.315
swarm_43_63.pdb	0	18.628	38.395	16.258
swarm_24_12.pdb	0	11.561	36.908	16.246
swarm_4_198.pdb	0.0666667	12.845	37.057	16.235
swarm_2_6.pdb	0	15.985	32.609	16.183
swarm_19_161.pdb	0	18.928	38.689	16.166
swarm_33_103.pdb	0	15.363	22.551	16.085
swarm_7_4.pdb	0.213333	4.937	14.846	16.082
swarm_28_92.pdb	0.0133333	12.613	29.039	16.038
swarm_27_166.pdb	0	17.456	29.641	15.900
swarm_27_137.pdb	0.0266667	15.555	29.235	15.891
swarm_47_171.pdb	0	12.273	23.670	15.827
swarm_2_52.pdb	0.0533333	14.612	35.085	15.785
swarm_25_163.pdb	0	7.566	19.584	15.768
swarm_1_113.pdb	0.0266667	10.754	28.624	15.705
swarm_5_172.pdb	0.133333	8.187	24.941	15.627
swarm_11_120.pdb	0.226667	6.116	18.760	15.609
swarm_26_182.pdb	0	12.036	19.191	15.587
swarm_84_11.pdb	0	15.364	23.105	15.581
swarm_82_42.pdb	0.0133333	9.856	18.800	15.566
swarm_16_129.pdb	0.0533333	14.447	35.210	15.491
swarm_18_110.pdb	0	12.810	35.414	15.483
swarm_6_96.pdb	0.0133333	16.350	33.707	15.373
swarm_18_142.pdb	0	14.419	35.826	15.358
swarm_89_99.pdb	0	18.430	40.406	15.338
swarm_2_32.pdb	0	18.831	33.310	15.334
swarm_74_119.pdb	0	6.894	12.536	15.287
swarm_90_20.pdb	0	13.943	22.052	15.255
swarm_77_162.pdb	0	17.701	27.083	15.255
swarm_67_100.pdb	0	15.138	35.631	15.247
swarm_58_129.pdb	0	7.870	14.200	15.203
swarm_17_26.pdb	0	12.279	20.305	15.194
swarm_19_21.pdb	0.0133333	16.117	33.718	15.176
swarm_36_69.pdb	0.0266667	11.879	34.557	15.161
swarm_15_120.pdb	0	15.661	31.723	15.114
swarm_19_65.pdb	0	11.320	31.698	15.077
swarm_10_102.pdb	0.0133333	15.766	35.199	15.035
swarm_43_12.pdb	0.04	16.162	34.273	15.016
swarm_0_69.pdb	0	12.241	36.011	14.990
swarm_4_184.pdb	0.0266667	9.974	35.130	14.928
swarm_24_123.pdb	0	15.450	38.467	14.905
swarm_4_196.pdb	0	17.686	39.959	14.901
swarm_30_37.pdb	0	15.913	22.269	14.897
swarm_90_28.pdb	0	13.368	24.398	14.880
swarm_77_129.pdb	0	14.664	22.425	14.870
swarm_33_119.pdb	0.0133333	14.264	21.682	14.861
swarm_24_94.pdb	0	13.866	40.064	14.850
swarm_11_42.pdb	0.0533333	14.222	33.382	14.845
swarm_32_144.pdb	0.04	11.416	35.218	14.842
swarm_15_177.pdb	0	10.227	33.450	14.812
swarm_15_35.pdb	0	13.446	31.782	14.805
swarm_36_120.pdb	0	11.184	33.794	14.796
swarm_89_36.pdb	0	11.789	35.785	14.748
swarm_23_137.pdb	0.0133333	14.842	38.070	14.739
swarm_4_18.pdb	0	12.120	37.009	14.697
swarm_31_152.pdb	0	14.379	40.165	14.661
swarm_67_9.pdb	0.04	12.890	39.295	14.580
swarm_67_58.pdb	0	17.479	38.324	14.551
swarm_55_73.pdb	0	14.609	24.287	14.544
swarm_18_73.pdb	0	15.530	35.370	14.512
swarm_16_0.pdb	0	11.619	36.536	14.498
swarm_45_12.pdb	0	14.788	24.787	14.469
swarm_17_63.pdb	0.0133333	15.069	23.573	14.377
swarm_5_163.pdb	0	8.464	23.833	14.340
swarm_29_187.pdb	0	12.691	35.351	14.302
swarm_18_198.pdb	0.0133333	14.580	36.325	14.292
swarm_30_30.pdb	0	13.976	23.110	14.289
swarm_18_74.pdb	0.04	11.774	35.890	14.287
swarm_22_114.pdb	0.0133333	12.444	39.722	14.268
swarm_74_171.pdb	0.0533333	6.725	17.001	14.248
swarm_16_67.pdb	0	19.477	40.273	14.214
swarm_4_193.pdb	0.0533333	13.661	38.883	14.193
swarm_5_20.pdb	0.0133333	11.154	31.052	14.182
swarm_9_161.pdb	0.0266667	13.144	41.095	14.178
swarm_28_195.pdb	0.0133333	12.941	32.673	14.155
swarm_78_28.pdb	0.0266667	8.542	17.111	14.153
swarm_16_123.pdb	0.0666667	15.136	38.407	14.149
swarm_41_98.pdb	0	11.626	38.786	14.129
swarm_55_119.pdb	0	10.628	21.132	14.066
swarm_89_55.pdb	0	17.362	38.949	14.023
swarm_43_167.pdb	0	16.181	34.288	14.020
swarm_29_128.pdb	0	19.546	39.768	14.012
swarm_89_10.pdb	0.0533333	13.878	39.495	13.998
swarm_25_99.pdb	0	16.486	29.652	13.988
swarm_22_129.pdb	0.0266667	14.482	42.367	13.973
swarm_6_104.pdb	0	13.363	31.288	13.915
swarm_49_198.pdb	0	17.737	35.933	13.913
swarm_21_109.pdb	0	14.485	21.531	13.852
swarm_76_166.pdb	0	8.653	15.366	13.842
swarm_11_11.pdb	0	8.710	27.610	13.824
swarm_78_143.pdb	0	15.260	26.366	13.813
swarm_33_183.pdb	0.0133333	16.235	25.582	13.808
swarm_0_122.pdb	0.0533333	10.932	32.579	13.780
swarm_47_151.pdb	0	10.704	21.645	13.750
swarm_8_124.pdb	0	16.004	30.497	13.729
swarm_47_152.pdb	0	16.854	28.905	13.689
swarm_17_19.pdb	0.12	15.047	25.481	13.658
swarm_6_73.pdb	0	19.033	41.804	13.640
swarm_32_29.pdb	0	17.678	37.957	13.633
swarm_60_161.pdb	0.0666667	10.805	36.795	13.613
swarm_42_159.pdb	0	9.617	29.352	13.553
swarm_9_177.pdb	0	12.591	38.785	13.484
swarm_26_31.pdb	0.0133333	16.582	25.617	13.456
swarm_67_179.pdb	0	16.395	39.358	13.394
swarm_8_18.pdb	0	19.728	36.427	13.388
swarm_95_27.pdb	0	7.408	20.705	13.368
swarm_11_131.pdb	0	18.867	33.224	13.337
swarm_26_122.pdb	0.0933333	13.084	27.173	13.329
swarm_75_188.pdb	0	17.254	26.943	13.325
swarm_8_60.pdb	0	14.701	31.787	13.316
swarm_48_76.pdb	0	18.348	29.757	13.316
swarm_2_130.pdb	0.0666667	9.385	28.917	13.306
swarm_5_102.pdb	0	16.182	34.878	13.294
swarm_89_119.pdb	0	15.903	38.136	13.259
swarm_53_143.pdb	0	17.266	39.541	13.235
swarm_89_19.pdb	0.0133333	12.673	37.082	13.153
swarm_13_36.pdb	0	13.923	21.735	13.153
swarm_44_35.pdb	0	19.054	30.751	13.107
swarm_19_194.pdb	0.0533333	11.459	33.880	13.094
swarm_16_6.pdb	0	17.911	38.309	13.084
swarm_18_83.pdb	0	16.512	36.268	13.071
swarm_55_14.pdb	0	8.824	23.698	13.068
swarm_18_59.pdb	0.08	13.546	38.723	13.064
swarm_26_22.pdb	0	8.006	22.408	13.052
swarm_14_105.pdb	0.0133333	14.904	42.683	13.052
swarm_22_120.pdb	0	13.017	36.905	13.045
swarm_9_199.pdb	0	17.542	43.423	13.037
swarm_83_43.pdb	0	15.681	27.515	13.013
swarm_25_191.pdb	0	18.416	29.089	12.995
swarm_63_114.pdb	0	14.712	25.289	12.982
swarm_36_32.pdb	0.0133333	15.431	42.512	12.963
swarm_1_24.pdb	0	13.519	26.767	12.941
swarm_15_159.pdb	0	18.415	35.986	12.902
swarm_35_64.pdb	0	18.996	34.365	12.890
swarm_23_35.pdb	0	18.233	33.607	12.846
swarm_53_117.pdb	0.04	15.853	37.476	12.799
swarm_21_135.pdb	0.213333	3.190	8.789	12.791
swarm_60_114.pdb	0	17.436	39.913	12.787
swarm_15_102.pdb	0	19.436	36.543	12.786
swarm_15_197.pdb	0	17.200	31.057	12.768
swarm_5_7.pdb	0	18.687	31.045	12.695
swarm_12_136.pdb	0.0266667	10.143	25.939	12.681
swarm_8_29.pdb	0	17.081	32.600	12.664
swarm_46_113.pdb	0	16.734	28.800	12.646
swarm_5_148.pdb	0.133333	11.317	23.067	12.640
swarm_2_69.pdb	0.04	10.650	32.784	12.628
swarm_1_88.pdb	0.0666667	9.115	24.614	12.622
swarm_37_31.pdb	0	11.659	37.558	12.588
swarm_13_91.pdb	0	19.784	34.412	12.578
swarm_17_69.pdb	0.0533333	16.210	27.417	12.571
swarm_32_8.pdb	0	17.653	34.338	12.543
swarm_11_35.pdb	0	18.208	35.957	12.525
swarm_10_26.pdb	0	14.939	39.267	12.514
swarm_21_123.pdb	0	12.585	19.162	12.509
swarm_6_47.pdb	0	12.067	32.030	12.505
swarm_56_17.pdb	0.0133333	14.016	34.987	12.496
swarm_41_174.pdb	0	14.473	37.059	12.482
swarm_10_55.pdb	0	11.727	37.352	12.476
swarm_13_111.pdb	0.08	11.719	25.977	12.454
swarm_52_139.pdb	0	15.711	39.452	12.406
swarm_80_51.pdb	0	13.107	42.933	12.400
swarm_77_77.pdb	0	14.621	25.925	12.375
swarm_83_124.pdb	0.0533333	16.683	25.394	12.363
swarm_40_65.pdb	0.0266667	14.012	32.348	12.317
swarm_52_25.pdb	0.08	9.767	35.131	12.315
swarm_9_10.pdb	0	18.582	43.482	12.304
swarm_34_106.pdb	0.0133333	18.525	37.676	12.302
swarm_29_17.pdb	0	18.753	34.930	12.283
swarm_57_33.pdb	0	16.850	27.283	12.264
swarm_76_181.pdb	0	14.472	24.018	12.223
swarm_6_81.pdb	0	18.014	40.348	12.222
swarm_26_112.pdb	0	17.497	29.813	12.191
swarm_23_104.pdb	0	16.396	35.273	12.185
swarm_82_101.pdb	0.0133333	15.684	25.793	12.181
swarm_30_105.pdb	0	13.142	20.499	12.172
swarm_23_185.pdb	0	18.246	29.738	12.124
swarm_41_84.pdb	0.0533333	12.151	38.988	12.111
swarm_56_139.pdb	0	15.513	35.156	12.106
swarm_13_17.pdb	0	11.815	21.471	12.065
swarm_1_175.pdb	0	17.787	35.007	12.058
swarm_83_116.pdb	0	15.536	23.558	12.056
swarm_9_124.pdb	0	16.703	38.214	12.041
swarm_13_149.pdb	0	15.922	26.246	12.019
swarm_9_88.pdb	0	13.691	38.018	11.996
swarm_67_149.pdb	0	12.005	34.797	11.989
swarm_67_95.pdb	0.0666667	13.280	37.962	11.986
swarm_22_1.pdb	0	17.581	40.119	11.986
swarm_50_17.pdb	0	14.547	29.658	11.954
swarm_32_85.pdb	0	13.391	33.244	11.954
swarm_24_88.pdb	0	13.250	37.795	11.939
swarm_53_175.pdb	0	17.759	39.362	11.927
swarm_12_113.pdb	0	16.947	33.633	11.886
swarm_18_171.pdb	0	18.457	40.688	11.878
swarm_82_100.pdb	0	17.740	26.790	11.874
swarm_45_22.pdb	0	7.149	20.454	11.872
swarm_25_69.pdb	0.0133333	13.851	29.734	11.822
swarm_34_4.pdb	0.0133333	12.506	35.706	11.808
swarm_26_57.pdb	0	14.997	24.540	11.790
swarm_12_62.pdb	0.0533333	15.199	33.277	11.781
swarm_45_171.pdb	0	16.275	29.030	11.764
swarm_4_156.pdb	0	15.818	39.948	11.747
swarm_55_32.pdb	0	18.497	31.111	11.721
swarm_11_119.pdb	0	17.332	34.677	11.711
swarm_65_67.pdb	0	14.549	31.715	11.709
swarm_8_178.pdb	0	10.757	27.652	11.666
swarm_1_137.pdb	0	17.399	31.566	11.658
swarm_63_165.pdb	0	17.709	29.958	11.655
swarm_1_13.pdb	0	16.252	28.075	11.614
swarm_7_3.pdb	0	19.629	32.308	11.594
swarm_12_52.pdb	0	17.398	31.223	11.592
swarm_27_88.pdb	0	14.075	26.164	11.591
swarm_82_176.pdb	0	16.975	25.246	11.589
swarm_24_21.pdb	0	18.923	44.312	11.583
swarm_23_49.pdb	0	9.939	32.476	11.554
swarm_13_50.pdb	0.12	9.458	22.842	11.536
swarm_67_30.pdb	0	18.256	36.277	11.509
swarm_95_184.pdb	0	12.859	24.629	11.500
swarm_10_114.pdb	0	18.126	45.183	11.475
swarm_12_91.pdb	0	15.168	24.486	11.471
swarm_53_87.pdb	0	10.717	37.279	11.464
swarm_45_69.pdb	0.0666667	10.590	23.491	11.434
swarm_16_165.pdb	0	13.932	34.058	11.434
swarm_37_182.pdb	0	15.766	38.449	11.419
swarm_12_16.pdb	0.0266667	15.594	33.056	11.406
swarm_19_164.pdb	0	16.793	34.930	11.402
swarm_7_192.pdb	0	15.560	27.131	11.372
swarm_78_134.pdb	0	16.270	28.952	11.367
swarm_26_51.pdb	0	17.804	29.661	11.362
swarm_89_79.pdb	0	15.393	39.875	11.344
swarm_29_49.pdb	0.0533333	14.437	37.606	11.343
swarm_7_73.pdb	0.0666667	8.470	23.054	11.322
swarm_7_133.pdb	0.0266667	10.968	26.151	11.305
swarm_35_134.pdb	0.0266667	11.354	34.251	11.298
swarm_5_95.pdb	0	18.343	29.542	11.290
swarm_41_57.pdb	0.0133333	10.420	32.514	11.267
swarm_44_76.pdb	0.0133333	14.144	26.952	11.245
swarm_3_160.pdb	0	10.942	21.112	11.241
swarm_22_109.pdb	0.04	17.478	44.376	11.231
swarm_49_13.pdb	0	19.664	36.513	11.219
swarm_31_45.pdb	0	19.036	40.792	11.208
swarm_0_165.pdb	0	17.609	36.303	11.207
swarm_53_14.pdb	0	16.811	40.102	11.197
swarm_43_184.pdb	0	15.968	32.299	11.161
swarm_45_154.pdb	0	16.335	28.653	11.160
swarm_30_194.pdb	0	16.205	25.518	11.158
swarm_29_71.pdb	0	18.375	41.356	11.146
swarm_35_152.pdb	0	17.024	36.421	11.120
swarm_41_17.pdb	0	9.205	34.255	11.114
swarm_42_177.pdb	0	17.907	38.106	11.107
swarm_18_20.pdb	0	16.203	37.250	11.032
swarm_4_10.pdb	0	18.027	39.378	11.021
swarm_0_73.pdb	0	17.926	37.876	11.001
swarm_82_167.pdb	0	15.903	23.817	11.000
swarm_56_74.pdb	0	15.851	31.063	11.000
swarm_8_48.pdb	0	17.119	37.364	10.991
swarm_56_16.pdb	0.0533333	10.360	32.334	10.982
swarm_82_177.pdb	0.0133333	16.511	26.726	10.968
swarm_78_68.pdb	0	14.959	26.245	10.933
swarm_17_184.pdb	0	15.622	27.212	10.932
swarm_28_194.pdb	0	18.793	34.262	10.900
swarm_36_157.pdb	0	17.722	41.315	10.897
swarm_1_94.pdb	0	16.351	32.367	10.895
swarm_81_26.pdb	0	12.779	18.973	10.891
swarm_8_129.pdb	0	18.084	36.706	10.888
swarm_82_142.pdb	0	12.445	23.548	10.842
swarm_10_193.pdb	0	16.750	40.676	10.801
swarm_47_89.pdb	0	18.743	27.616	10.777
swarm_28_175.pdb	0	19.413	37.290	10.760
swarm_3_20.pdb	0	14.731	21.565	10.738
swarm_25_150.pdb	0.04	7.785	24.257	10.667
swarm_89_120.pdb	0.0666667	14.186	37.168	10.639
swarm_28_159.pdb	0	9.648	30.520	10.620
swarm_61_130.pdb	0	13.077	42.383	10.616
swarm_28_16.pdb	0	17.468	36.013	10.583
swarm_34_42.pdb	0	17.556	36.325	10.576
swarm_72_50.pdb	0	19.594	41.439	10.558
swarm_76_142.pdb	0	12.537	20.661	10.556
swarm_65_108.pdb	0.0533333	13.734	34.016	10.539
swarm_33_40.pdb	0	17.659	25.966	10.536
swarm_89_71.pdb	0	16.606	37.282	10.530
swarm_31_37.pdb	0	17.588	40.533	10.525
swarm_18_64.pdb	0.08	14.273	34.175	10.497
swarm_7_127.pdb	0	18.566	31.498	10.491
swarm_41_64.pdb	0	17.245	35.052	10.449
swarm_35_30.pdb	0	17.176	36.796	10.449
swarm_32_65.pdb	0	19.310	39.849	10.447
swarm_54_47.pdb	0	19.494	38.279	10.446
swarm_3_183.pdb	0	16.556	28.508	10.418
swarm_13_49.pdb	0	17.813	30.688	10.410
swarm_26_153.pdb	0	8.298	17.388	10.402
swarm_40_13.pdb	0	18.845	33.482	10.388
swarm_2_170.pdb	0	18.107	33.249	10.365
swarm_67_199.pdb	0	18.824	43.077	10.328
swarm_51_1.pdb	0	15.330	29.278	10.324
swarm_37_41.pdb	0	19.931	41.254	10.300
swarm_63_2.pdb	0	16.971	29.982	10.218
swarm_68_130.pdb	0	16.681	24.175	10.201
swarm_6_152.pdb	0	18.923	38.188	10.199
swarm_52_89.pdb	0	11.989	38.874	10.199
swarm_91_183.pdb	0	13.059	23.506	10.151
swarm_30_104.pdb	0	15.637	24.162	10.135
swarm_45_60.pdb	0	13.594	29.178	10.092
swarm_10_22.pdb	0	13.333	41.806	10.066
swarm_88_147.pdb	0	11.084	23.477	10.055
swarm_45_27.pdb	0	11.650	27.618	10.026
swarm_12_64.pdb	0	15.307	25.569	9.945
swarm_12_189.pdb	0	16.099	32.065	9.945
swarm_94_1.pdb	0	8.725	22.286	9.879
swarm_42_186.pdb	0.04	10.231	27.586	9.858
swarm_60_7.pdb	0	14.726	37.837	9.856
swarm_12_106.pdb	0	17.939	34.457	9.761
swarm_17_22.pdb	0	16.617	25.670	9.745
swarm_87_31.pdb	0	10.312	31.331	9.725
swarm_0_154.pdb	0.0666667	14.799	37.087	9.705
swarm_52_40.pdb	0	12.354	35.745	9.688
swarm_10_180.pdb	0	19.349	43.541	9.678
swarm_25_142.pdb	0	16.880	34.387	9.672
swarm_26_194.pdb	0	14.241	24.325	9.659
swarm_23_110.pdb	0.04	9.725	23.594	9.642
swarm_36_22.pdb	0	17.784	41.766	9.551
swarm_34_152.pdb	0.04	12.497	34.960	9.551
swarm_3_1.pdb	0	15.171	23.974	9.523
swarm_20_59.pdb	0	20.175	47.459	9.515
swarm_1_47.pdb	0	16.826	35.565	9.449
swarm_23_76.pdb	0	19.915	38.352	9.447
swarm_14_53.pdb	0	18.894	45.092	9.428
swarm_20_150.pdb	0.0133333	18.054	41.650	9.415
swarm_32_179.pdb	0	18.576	39.029	9.408
swarm_56_59.pdb	0	16.141	32.558	9.396
swarm_71_103.pdb	0	13.011	44.144	9.365
swarm_2_180.pdb	0	16.871	37.408	9.363
swarm_82_158.pdb	0	14.791	24.923	9.345
swarm_32_82.pdb	0	15.937	34.156	9.338
swarm_44_20.pdb	0	13.567	31.416	9.290
swarm_2_44.pdb	0	19.479	37.655	9.224
swarm_48_77.pdb	0	16.375	28.712	9.101
swarm_0_82.pdb	0	17.349	33.348	9.089
swarm_33_148.pdb	0	16.432	24.386	9.043
swarm_50_102.pdb	0.0133333	18.801	34.927	9.034
swarm_26_98.pdb	0	17.671	29.791	9.027
swarm_81_186.pdb	0	7.965	21.125	9.015
swarm_0_196.pdb	0	13.247	30.209	9.002
swarm_28_132.pdb	0	11.101	32.982	8.966
swarm_12_100.pdb	0	18.267	32.671	8.947
swarm_24_34.pdb	0	18.381	42.915	8.933
swarm_1_173.pdb	0	16.558	35.146	8.884
swarm_61_86.pdb	0	16.245	42.821	8.831
swarm_23_154.pdb	0.0133333	14.876	31.002	8.821
swarm_8_179.pdb	0	17.684	35.954	8.807
swarm_39_174.pdb	0	13.549	40.618	8.797
swarm_76_10.pdb	0	10.475	17.013	8.648
swarm_12_81.pdb	0	15.923	32.247	8.645
swarm_35_15.pdb	0	18.999	40.899	8.580
swarm_79_150.pdb	0.0133333	15.766	26.015	8.544
swarm_34_127.pdb	0.106667	9.267	30.837	8.497
swarm_30_135.pdb	0	17.559	26.178	8.496
swarm_4_29.pdb	0	19.603	43.154	8.489
swarm_1_168.pdb	0	14.307	33.066	8.478
swarm_52_197.pdb	0	15.320	38.877	8.440
swarm_25_34.pdb	0	17.745	30.929	8.425
swarm_78_157.pdb	0	16.576	31.325	8.405
swarm_64_115.pdb	0	16.059	27.513	8.385
swarm_16_69.pdb	0	19.914	45.235	8.317
swarm_80_133.pdb	0	19.006	41.296	8.315
swarm_77_172.pdb	0	14.340	24.725	8.308
swarm_63_38.pdb	0.0133333	8.266	19.545	8.296
swarm_58_108.pdb	0	16.772	30.677	8.239
swarm_47_22.pdb	0	15.803	32.364	8.206
swarm_34_9.pdb	0	17.302	36.572	8.165
swarm_74_96.pdb	0.2	8.159	17.084	8.153
swarm_88_97.pdb	0.0133333	14.198	37.679	8.106
swarm_52_127.pdb	0.04	13.551	39.864	8.106
swarm_5_98.pdb	0	16.224	30.057	8.099
swarm_18_126.pdb	0.0133333	10.095	33.699	8.083
swarm_32_0.pdb	0	14.493	36.380	7.944
swarm_30_82.pdb	0	18.075	29.063	7.927
swarm_2_199.pdb	0	17.670	39.554	7.910
swarm_6_129.pdb	0	14.409	34.612	7.843
swarm_55_39.pdb	0	18.548	32.972	7.827
swarm_91_111.pdb	0.0133333	7.110	18.086	7.822
swarm_1_55.pdb	0	19.512	35.542	7.815
swarm_78_189.pdb	0	17.936	32.957	7.722
swarm_79_89.pdb	0	19.349	29.726	7.611
swarm_70_0.pdb	0	10.964	38.489	7.606
swarm_94_128.pdb	0	18.410	30.414	7.522
swarm_30_109.pdb	0	16.275	27.342	7.478
swarm_58_30.pdb	0.0133333	15.612	29.064	7.468
swarm_53_79.pdb	0.04	12.986	41.702	7.342
swarm_56_22.pdb	0	21.800	36.538	7.337
swarm_24_144.pdb	0	17.253	37.400	7.281
swarm_20_78.pdb	0	17.396	40.456	7.209
swarm_69_167.pdb	0	15.291	43.201	7.187
swarm_81_148.pdb	0.0933333	5.068	16.349	7.153
swarm_25_79.pdb	0	17.287	31.816	7.137
swarm_48_136.pdb	0	15.371	27.555	7.068
swarm_65_123.pdb	0	10.837	31.367	7.017
swarm_94_26.pdb	0	17.468	27.158	6.974
swarm_64_144.pdb	0	12.426	29.050	6.907
swarm_7_23.pdb	0	14.924	25.323	6.855
swarm_41_33.pdb	0	11.223	37.013	6.780
swarm_84_58.pdb	0	13.983	22.794	6.637
swarm_48_159.pdb	0	9.955	22.394	6.566
swarm_52_49.pdb	0	12.928	40.646	6.544
swarm_9_152.pdb	0	18.993	44.389	6.516
swarm_51_40.pdb	0	14.711	28.330	6.511
swarm_46_0.pdb	0.0133333	17.966	36.915	6.510
swarm_47_185.pdb	0	16.085	28.988	6.415
swarm_61_144.pdb	0	16.766	37.836	6.403
swarm_50_94.pdb	0	18.112	29.706	6.383
swarm_88_199.pdb	0	7.098	22.045	6.378
swarm_9_40.pdb	0	18.514	40.417	6.352
swarm_25_37.pdb	0	15.972	31.240	6.352
swarm_24_22.pdb	0	16.925	40.091	6.305
swarm_34_119.pdb	0	18.330	37.515	6.235
swarm_87_180.pdb	0	15.249	39.858	6.173
swarm_57_50.pdb	0	15.603	25.742	6.168
swarm_46_76.pdb	0	16.554	32.462	6.153
swarm_55_4.pdb	0	16.329	32.404	6.056
swarm_69_104.pdb	0	17.742	45.207	6.049
swarm_55_182.pdb	0.16	13.580	28.923	6.037
swarm_56_131.pdb	0	14.683	34.038	5.972
swarm_45_134.pdb	0	17.787	30.442	5.951
swarm_94_70.pdb	0	7.414	20.220	5.912
swarm_26_43.pdb	0	18.762	31.047	5.885
swarm_36_195.pdb	0	15.164	41.781	5.861
swarm_90_167.pdb	0.0533333	10.997	22.311	5.831
swarm_20_169.pdb	0	14.979	39.174	5.708
swarm_69_193.pdb	0.0666667	13.134	39.587	5.640
swarm_67_2.pdb	0.0266667	13.413	32.004	5.585
swarm_22_32.pdb	0	19.451	45.878	5.583
swarm_69_93.pdb	0.0133333	12.904	41.945	5.572
swarm_83_121.pdb	0	10.194	24.059	5.558
swarm_85_33.pdb	0	16.016	28.021	5.543
swarm_95_76.pdb	0	15.205	35.580	5.533
swarm_65_45.pdb	0	8.159	25.400	5.490
swarm_36_30.pdb	0	17.279	42.052	5.486
swarm_83_129.pdb	0	15.695	27.296	5.357
swarm_66_185.pdb	0	13.854	35.289	5.349
swarm_38_50.pdb	0	18.647	45.754	5.298
swarm_92_69.pdb	0	15.385	37.940	5.201
swarm_6_83.pdb	0.0133333	18.247	37.282	5.137
swarm_16_136.pdb	0	19.437	47.198	5.087
swarm_89_78.pdb	0	13.504	33.566	5.057
swarm_83_132.pdb	0	14.520	30.213	4.920
swarm_92_192.pdb	0	11.178	25.635	4.913
swarm_26_76.pdb	0	16.617	30.342	4.889
swarm_91_126.pdb	0	14.308	26.212	4.888
swarm_59_42.pdb	0	17.928	33.734	4.865
swarm_27_165.pdb	0.0133333	15.400	31.603	4.694
swarm_55_46.pdb	0	13.192	25.776	4.587
swarm_51_9.pdb	0	11.930	29.487	4.462
swarm_62_172.pdb	0	17.660	32.691	4.431
swarm_77_100.pdb	0	12.422	25.507	4.294
swarm_25_117.pdb	0.0133333	18.714	32.521	4.265
swarm_63_66.pdb	0	13.115	29.984	4.247
swarm_82_31.pdb	0	9.872	22.717	4.238
swarm_42_172.pdb	0	10.281	32.487	4.154
swarm_84_118.pdb	0	19.144	29.065	4.139
swarm_60_195.pdb	0	13.108	42.342	4.098
swarm_72_76.pdb	0	12.404	41.597	4.083
swarm_43_136.pdb	0.0133333	16.205	33.582	3.949
swarm_51_60.pdb	0	11.503	28.500	3.918
swarm_62_188.pdb	0	15.530	38.524	3.837
swarm_76_120.pdb	0	10.360	19.769	3.829
swarm_87_44.pdb	0	17.841	32.899	3.768
swarm_95_11.pdb	0.0266667	17.530	31.208	3.708
swarm_86_92.pdb	0.04	15.272	41.981	3.638
swarm_13_3.pdb	0	12.751	22.200	3.638
swarm_79_196.pdb	0	15.483	27.637	3.563
swarm_20_15.pdb	0	20.241	52.145	3.535
swarm_37_26.pdb	0	13.899	35.934	3.524
swarm_79_114.pdb	0	15.423	26.981	3.521
swarm_76_68.pdb	0.0133333	8.948	21.288	3.509
swarm_36_70.pdb	0	11.814	40.281	3.478
swarm_42_181.pdb	0	18.696	40.717	3.414
swarm_14_157.pdb	0	13.665	43.494	3.402
swarm_80_113.pdb	0	14.055	46.541	3.344
swarm_68_196.pdb	0	17.274	28.275	3.206
swarm_63_151.pdb	0.0533333	14.479	32.699	3.175
swarm_49_115.pdb	0	10.064	33.171	3.152
swarm_50_171.pdb	0	18.317	36.384	3.147
swarm_49_196.pdb	0.04	11.299	31.476	3.066
swarm_65_146.pdb	0	14.421	35.436	3.058
swarm_48_21.pdb	0	15.031	30.170	3.053
swarm_95_34.pdb	0	15.826	27.845	2.983
swarm_40_88.pdb	0	14.578	33.584	2.983
swarm_10_198.pdb	0	13.943	37.156	2.982
swarm_80_107.pdb	0	13.178	41.779	2.980
swarm_7_30.pdb	0	15.259	23.429	2.973
swarm_70_55.pdb	0.0133333	12.783	42.526	2.967
swarm_88_67.pdb	0	17.830	31.487	2.922
swarm_42_102.pdb	0	16.317	37.604	2.887
swarm_86_1.pdb	0	10.958	39.223	2.871
swarm_86_137.pdb	0	17.066	37.330	2.808
swarm_69_103.pdb	0	18.401	41.801	2.732
swarm_66_157.pdb	0	17.396	34.770	2.709
swarm_60_27.pdb	0	13.702	47.708	2.672
swarm_19_22.pdb	0	11.636	31.348	2.666
swarm_50_64.pdb	0	17.165	32.914	2.655
swarm_64_42.pdb	0	17.790	30.768	2.646
swarm_69_10.pdb	0	18.896	44.290	2.633
swarm_67_16.pdb	0.0133333	11.011	35.504	2.627
swarm_64_80.pdb	0	17.658	28.788	2.618
swarm_85_181.pdb	0	18.779	31.414	2.596
swarm_86_174.pdb	0.0533333	12.919	34.385	2.574
swarm_62_149.pdb	0	12.748	41.018	2.471
swarm_10_105.pdb	0	20.085	40.861	2.469
swarm_59_57.pdb	0	10.634	23.496	2.432
swarm_38_132.pdb	0.0133333	16.944	43.534	2.422
swarm_38_3.pdb	0	15.712	48.695	2.412
swarm_42_36.pdb	0.0133333	17.883	38.233	2.390
swarm_93_137.pdb	0	10.558	20.871	2.383
swarm_94_120.pdb	0	15.198	32.809	2.361
swarm_35_66.pdb	0	17.147	40.087	2.338
swarm_87_108.pdb	0	14.813	37.712	2.334
swarm_94_52.pdb	0	17.101	32.024	2.318
swarm_85_96.pdb	0	8.175	20.377	2.222
swarm_80_67.pdb	0.0133333	11.833	42.018	2.155
swarm_40_57.pdb	0	19.014	39.482	2.141
swarm_88_142.pdb	0	15.518	26.276	1.991
swarm_80_158.pdb	0	16.687	43.938	1.801
swarm_37_51.pdb	0	19.472	40.837	1.712
swarm_81_14.pdb	0	14.904	24.510	1.685
swarm_52_26.pdb	0	13.990	39.062	1.615
swarm_71_68.pdb	0	19.886	41.203	1.610
swarm_44_2.pdb	0	17.195	30.768	1.595
swarm_70_148.pdb	0	11.511	41.613	1.588
swarm_86_25.pdb	0	19.248	36.351	1.517
swarm_42_58.pdb	0	16.556	34.791	1.506
swarm_50_103.pdb	0.0133333	12.648	34.914	1.472
swarm_86_0.pdb	0	14.746	32.423	1.336
swarm_59_102.pdb	0	17.249	34.309	1.185
swarm_93_166.pdb	0	17.864	37.823	1.089
swarm_37_87.pdb	0	14.618	39.944	1.076
swarm_40_197.pdb	0	18.311	34.613	1.030
swarm_66_16.pdb	0	18.320	40.535	1.025
swarm_44_29.pdb	0	15.967	31.720	0.989
swarm_83_199.pdb	0	10.660	20.034	0.903
swarm_42_14.pdb	0	20.192	37.757	0.868
swarm_87_126.pdb	0	17.054	40.570	0.867
swarm_94_131.pdb	0.0533333	14.208	24.728	0.839
swarm_86_198.pdb	0	10.918	33.033	0.808
swarm_57_65.pdb	0	17.338	29.316	0.784
swarm_88_94.pdb	0	17.164	30.280	0.684
swarm_38_8.pdb	0	16.400	44.601	0.547
swarm_54_159.pdb	0	13.290	38.587	0.462
swarm_86_54.pdb	0	17.690	39.056	0.437
swarm_49_43.pdb	0	15.286	34.004	0.428
swarm_64_14.pdb	0	15.099	28.389	0.415
swarm_69_134.pdb	0	14.996	41.648	0.308
swarm_84_160.pdb	0	11.599	25.533	0.289
swarm_64_90.pdb	0	11.864	29.720	0.259
swarm_90_92.pdb	0	16.355	30.526	0.242
swarm_94_105.pdb	0	11.283	23.366	0.239
swarm_88_177.pdb	0	17.753	36.159	0.200
swarm_40_99.pdb	0	18.139	39.289	0.161
swarm_81_68.pdb	0	16.459	27.483	0.084
swarm_86_165.pdb	0	16.385	37.642	0.064
swarm_54_70.pdb	0	17.908	43.632	0.005
swarm_66_6.pdb	0	19.074	34.018	-0.032
swarm_79_143.pdb	0	13.180	26.528	-0.043
swarm_62_199.pdb	0	16.940	43.364	-0.051
swarm_59_94.pdb	0	11.723	23.937	-0.068
swarm_55_75.pdb	0	14.553	32.964	-0.086
swarm_49_47.pdb	0	17.361	40.204	-0.162
swarm_51_64.pdb	0	8.299	22.697	-0.209
swarm_91_185.pdb	0	14.336	29.692	-0.211
swarm_65_36.pdb	0	20.037	37.892	-0.237
swarm_77_136.pdb	0	14.980	28.996	-0.239
swarm_60_42.pdb	0.0266667	13.074	41.447	-0.259
swarm_39_176.pdb	0	14.587	37.620	-0.263
swarm_72_82.pdb	0	12.345	37.168	-0.273
swarm_87_116.pdb	0	18.466	32.338	-0.277
swarm_55_156.pdb	0	15.577	30.585	-0.295
swarm_65_113.pdb	0	18.323	34.546	-0.305
swarm_70_99.pdb	0.0133333	11.316	38.830	-0.347
swarm_87_151.pdb	0	18.722	38.910	-0.348
swarm_60_152.pdb	0	17.324	39.162	-0.444
swarm_60_34.pdb	0	18.501	45.162	-0.445
swarm_76_185.pdb	0	13.527	27.850	-0.491
swarm_58_141.pdb	0.0266667	10.919	25.694	-0.538
swarm_66_120.pdb	0	11.116	34.101	-0.542
swarm_20_112.pdb	0	18.800	37.932	-0.664
swarm_16_106.pdb	0	12.947	38.050	-0.695
swarm_94_136.pdb	0	10.083	29.238	-0.753
swarm_29_23.pdb	0	20.015	41.904	-0.753
swarm_38_65.pdb	0	20.108	37.912	-0.769
swarm_72_64.pdb	0	10.882	37.899	-0.796
swarm_43_112.pdb	0	11.479	33.869	-0.799
swarm_43_192.pdb	0	15.888	31.107	-0.829
swarm_54_187.pdb	0	11.909	38.821	-0.837
swarm_29_91.pdb	0	20.057	37.429	-0.901
swarm_61_59.pdb	0.0133333	13.535	47.777	-0.934
swarm_73_150.pdb	0	16.354	26.667	-0.949
swarm_24_105.pdb	0	12.861	37.514	-0.976
swarm_49_103.pdb	0	18.213	41.507	-0.982
swarm_69_20.pdb	0	13.250	44.865	-1.165
swarm_42_190.pdb	0	14.701	31.436	-1.216
swarm_46_46.pdb	0	10.350	26.556	-1.243
swarm_35_11.pdb	0	17.234	35.902	-1.247
swarm_42_176.pdb	0	17.024	36.468	-1.261
swarm_62_133.pdb	0	19.412	33.243	-1.306
swarm_83_153.pdb	0	14.485	23.728	-1.617
swarm_94_11.pdb	0	18.557	35.621	-1.644
swarm_51_144.pdb	0	16.064	33.846	-1.670
swarm_84_88.pdb	0	18.023	35.515	-1.692
swarm_75_173.pdb	0.106667	5.114	16.032	-1.737
swarm_95_44.pdb	0.0266667	11.439	27.513	-1.757
swarm_86_151.pdb	0	16.953	37.041	-1.765
swarm_42_85.pdb	0	15.251	38.413	-1.788
swarm_37_38.pdb	0.0133333	13.140	34.855	-1.829
swarm_39_148.pdb	0	19.926	41.155	-1.833
swarm_86_17.pdb	0	18.310	38.149	-1.958
swarm_72_24.pdb	0	17.558	39.792	-1.968
swarm_62_106.pdb	0	16.924	43.702	-1.994
swarm_62_107.pdb	0	14.767	39.071	-2.064
swarm_70_112.pdb	0	17.140	44.607	-2.161
swarm_60_117.pdb	0	16.942	42.952	-2.188
swarm_93_91.pdb	0	19.321	30.443	-2.197
swarm_60_89.pdb	0	15.572	44.353	-2.289
swarm_51_151.pdb	0	14.375	38.078	-2.295
swarm_61_161.pdb	0	14.641	46.622	-2.298
swarm_39_183.pdb	0	18.875	41.175	-2.353
swarm_93_191.pdb	0	11.689	30.988	-2.404
swarm_90_95.pdb	0	18.064	33.174	-2.410
swarm_37_0.pdb	0.0133333	13.160	38.666	-2.426
swarm_10_170.pdb	0	19.884	47.493	-2.469
swarm_92_60.pdb	0	13.684	25.427	-2.501
swarm_54_158.pdb	0	12.932	38.833	-2.539
swarm_51_51.pdb	0	14.503	35.405	-2.561
swarm_61_188.pdb	0.0133333	13.549	46.781	-2.653
swarm_91_172.pdb	0	12.720	29.232	-2.682
swarm_88_29.pdb	0.0133333	11.553	32.293	-2.705
swarm_53_89.pdb	0	13.210	42.503	-2.757
swarm_59_175.pdb	0	14.984	34.793	-2.800
swarm_38_131.pdb	0	13.574	40.522	-2.838
swarm_49_180.pdb	0	17.164	35.823	-2.871
swarm_75_12.pdb	0.04	7.918	18.569	-2.912
swarm_64_58.pdb	0	16.961	32.466	-2.925
swarm_54_188.pdb	0.0133333	12.561	42.654	-2.961
swarm_61_184.pdb	0	17.261	44.154	-2.973
swarm_35_71.pdb	0	18.754	40.623	-2.980
swarm_49_197.pdb	0	13.233	37.123	-3.043
swarm_82_36.pdb	0	8.437	21.440	-3.053
swarm_13_7.pdb	0	14.691	30.560	-3.067
swarm_31_139.pdb	0	12.221	37.382	-3.149
swarm_93_142.pdb	0	8.996	18.972	-3.269
swarm_61_90.pdb	0	13.805	45.751	-3.300
swarm_87_79.pdb	0	20.644	41.474	-3.337
swarm_53_156.pdb	0	14.652	43.718	-3.501
swarm_87_181.pdb	0	16.702	32.917	-3.605
swarm_68_67.pdb	0	12.596	27.226	-3.611
swarm_58_66.pdb	0	17.223	30.626	-3.724
swarm_83_110.pdb	0	15.277	28.808	-3.732
swarm_35_104.pdb	0.04	12.462	37.801	-3.776
swarm_66_18.pdb	0	10.498	34.932	-3.818
swarm_22_148.pdb	0	18.858	45.278	-3.830
swarm_51_198.pdb	0	13.685	32.081	-3.887
swarm_59_34.pdb	0	17.120	33.926	-3.954
swarm_46_173.pdb	0	14.523	34.390	-4.015
swarm_68_106.pdb	0.0133333	14.007	30.320	-4.030
swarm_37_24.pdb	0	15.956	40.616	-4.063
swarm_48_39.pdb	0	19.410	38.293	-4.073
swarm_41_108.pdb	0	18.654	43.728	-4.097
swarm_88_189.pdb	0	13.201	27.447	-4.123
swarm_66_100.pdb	0	16.945	37.699	-4.135
swarm_93_146.pdb	0	18.157	35.657	-4.149
swarm_92_2.pdb	0	18.489	33.240	-4.185
swarm_72_165.pdb	0	15.444	35.295	-4.197
swarm_72_11.pdb	0	15.188	42.558	-4.260
swarm_69_150.pdb	0	15.866	38.462	-4.326
swarm_20_125.pdb	0.0133333	17.631	48.677	-4.366
swarm_72_184.pdb	0	18.214	46.690	-4.404
swarm_57_127.pdb	0	15.851	26.539	-4.493
swarm_62_94.pdb	0	20.875	42.237	-4.559
swarm_61_45.pdb	0.0133333	13.269	42.560	-4.564
swarm_66_118.pdb	0	18.458	40.342	-4.594
swarm_72_17.pdb	0	15.323	38.876	-4.733
swarm_91_167.pdb	0	19.653	34.799	-4.853
swarm_69_184.pdb	0	17.227	39.752	-4.901
swarm_91_20.pdb	0	14.779	33.557	-4.915
swarm_14_131.pdb	0	19.705	45.695	-4.918
swarm_88_190.pdb	0	15.718	31.861	-4.934
swarm_64_143.pdb	0	20.590	39.233	-4.940
swarm_54_35.pdb	0	18.529	45.526	-4.945
swarm_16_101.pdb	0	19.459	38.341	-4.976
swarm_22_97.pdb	0	14.921	46.287	-4.978
swarm_59_37.pdb	0	16.130	30.626	-4.983
swarm_84_163.pdb	0	11.869	27.822	-5.005
swarm_64_193.pdb	0	20.702	34.474	-5.013
swarm_91_108.pdb	0	18.462	34.771	-5.017
swarm_59_66.pdb	0.0133333	14.100	28.599	-5.050
swarm_50_111.pdb	0	17.735	34.523	-5.105
swarm_90_178.pdb	0.04	6.926	20.168	-5.183
swarm_64_165.pdb	0	16.859	33.373	-5.228
swarm_51_148.pdb	0	9.582	31.740	-5.282
swarm_79_176.pdb	0	15.428	29.872	-5.315
swarm_90_152.pdb	0	13.112	29.427	-5.316
swarm_95_143.pdb	0	18.102	31.843	-5.326
swarm_61_57.pdb	0	16.963	42.164	-5.327
swarm_59_138.pdb	0	20.794	39.372	-5.350
swarm_54_141.pdb	0	17.365	37.042	-5.421
swarm_95_183.pdb	0	13.870	32.879	-5.449
swarm_71_88.pdb	0	16.611	41.404	-5.490
swarm_91_73.pdb	0	14.066	25.229	-5.493
swarm_33_85.pdb	0.16	13.707	20.728	-5.501
swarm_54_4.pdb	0	15.879	46.323	-5.563
swarm_92_198.pdb	0	17.683	31.518	-5.626
swarm_70_10.pdb	0	18.777	43.108	-5.626
swarm_61_156.pdb	0	17.635	41.697	-5.654
swarm_41_2.pdb	0.0533333	14.259	37.736	-5.657
swarm_58_61.pdb	0	17.371	31.908	-5.797
swarm_72_193.pdb	0	17.854	42.672	-5.883
swarm_38_125.pdb	0	14.958	40.596	-5.951
swarm_92_12.pdb	0.0266667	16.492	27.760	-5.957
swarm_68_135.pdb	0	17.603	30.504	-6.033
swarm_54_44.pdb	0	11.701	41.359	-6.106
swarm_88_19.pdb	0	16.885	32.117	-6.162
swarm_70_71.pdb	0	17.642	44.752	-6.185
swarm_38_30.pdb	0	19.942	49.875	-6.247
swarm_79_99.pdb	0	16.880	32.722	-6.268
swarm_38_82.pdb	0	18.556	45.216	-6.302
swarm_38_186.pdb	0	17.435	45.646	-6.357
swarm_93_173.pdb	0	17.148	31.973	-6.373
swarm_85_69.pdb	0	15.363	35.690	-6.390
swarm_49_23.pdb	0	19.987	38.493	-6.394
swarm_87_155.pdb	0.04	14.040	36.329	-6.396
swarm_72_121.pdb	0	13.236	39.539	-6.502
swarm_19_165.pdb	0.0933333	12.345	36.516	-6.510
swarm_93_75.pdb	0	11.793	32.189	-6.552
swarm_83_44.pdb	0	15.758	29.337	-6.562
swarm_58_24.pdb	0	13.776	30.699	-6.579
swarm_38_115.pdb	0	11.196	39.110	-6.662
swarm_22_27.pdb	0	19.163	48.604	-6.854
swarm_48_34.pdb	0	16.932	31.138	-6.939
swarm_91_66.pdb	0	17.063	29.523	-6.973
swarm_57_83.pdb	0	11.182	26.949	-7.005
swarm_51_89.pdb	0	17.688	41.696	-7.052
swarm_33_26.pdb	0.0133333	10.425	16.914	-7.064
swarm_54_122.pdb	0	16.698	42.414	-7.088
swarm_88_15.pdb	0	19.196	36.250	-7.325
swarm_72_159.pdb	0	18.386	40.579	-7.403
swarm_85_101.pdb	0	18.789	36.867	-7.406
swarm_64_34.pdb	0	18.355	31.587	-7.422
swarm_66_102.pdb	0	17.918	37.240	-7.436
swarm_93_135.pdb	0	20.077	39.738	-7.497
swarm_66_95.pdb	0	13.328	39.460	-7.575
swarm_71_129.pdb	0	17.288	42.289	-7.637
swarm_20_72.pdb	0	17.604	50.855	-7.657
swarm_62_18.pdb	0	17.787	43.192	-7.694
swarm_20_137.pdb	0	18.904	47.577	-7.731
swarm_58_11.pdb	0	13.496	30.073	-7.756
swarm_36_155.pdb	0	14.193	40.004	-7.766
swarm_94_54.pdb	0	13.523	38.126	-7.813
swarm_14_143.pdb	0	16.196	41.826	-7.931
swarm_54_32.pdb	0	20.803	40.641	-7.948
swarm_39_181.pdb	0.0133333	17.027	45.648	-7.962
swarm_90_164.pdb	0	15.064	34.163	-7.995
swarm_79_25.pdb	0	18.083	32.163	-8.004
swarm_72_8.pdb	0	17.601	41.953	-8.004
swarm_86_124.pdb	0	20.606	39.863	-8.009
swarm_79_109.pdb	0	10.247	24.484	-8.015
swarm_20_173.pdb	0	15.174	42.476	-8.089
swarm_92_153.pdb	0	19.237	37.926	-8.109
swarm_50_34.pdb	0.0133333	15.345	36.975	-8.172
swarm_93_5.pdb	0	17.815	35.930	-8.178
swarm_81_52.pdb	0	15.736	28.478	-8.235
swarm_79_197.pdb	0	16.903	30.951	-8.240
swarm_59_3.pdb	0	13.748	37.935	-8.288
swarm_85_109.pdb	0	16.168	32.878	-8.378
swarm_20_61.pdb	0	18.809	45.352	-8.387
swarm_29_65.pdb	0	14.771	39.953	-8.413
swarm_93_139.pdb	0	19.283	35.868	-8.420
swarm_59_157.pdb	0	17.074	35.368	-8.462
swarm_39_38.pdb	0	19.573	46.091	-8.539
swarm_37_11.pdb	0	13.960	40.732	-8.673
swarm_51_69.pdb	0	19.233	39.873	-8.678
swarm_64_187.pdb	0	17.306	32.561	-8.707
swarm_93_113.pdb	0	15.816	35.674	-8.908
swarm_51_193.pdb	0	17.436	37.452	-8.936
swarm_54_145.pdb	0.0666667	11.644	35.791	-8.954
swarm_62_64.pdb	0	17.905	44.081	-9.144
swarm_37_88.pdb	0	17.113	41.766	-9.388
swarm_85_80.pdb	0	19.154	37.298	-9.489
swarm_28_54.pdb	0.12	14.082	34.641	-9.539
swarm_9_194.pdb	0	19.120	44.419	-9.595
swarm_14_123.pdb	0	18.972	48.813	-9.610
swarm_75_65.pdb	0.173333	9.917	21.057	-9.726
swarm_71_12.pdb	0	20.632	45.582	-9.761
swarm_58_189.pdb	0	19.281	35.254	-9.808
swarm_52_50.pdb	0	17.227	43.059	-10.052
swarm_47_199.pdb	0	15.252	26.870	-10.236
swarm_10_146.pdb	0	18.004	42.503	-10.253
swarm_92_136.pdb	0	19.249	35.984	-10.277
swarm_84_24.pdb	0	19.478	33.453	-10.362
swarm_59_134.pdb	0	19.045	34.082	-10.392
swarm_59_155.pdb	0	18.474	37.462	-10.553
swarm_28_190.pdb	0	18.819	39.166	-10.802
swarm_92_95.pdb	0	15.695	37.013	-10.836
swarm_44_75.pdb	0	12.351	22.645	-10.924
swarm_37_108.pdb	0	17.590	44.776	-10.979
swarm_14_116.pdb	0	17.735	47.142	-10.993
swarm_4_58.pdb	0.146667	11.116	33.115	-11.249
swarm_87_94.pdb	0	17.126	32.941	-11.369
swarm_44_190.pdb	0	17.082	34.434	-11.496
swarm_35_52.pdb	0	17.927	37.631	-11.503
swarm_84_101.pdb	0	12.770	28.420	-11.547
swarm_35_174.pdb	0.0133333	16.757	40.693	-12.061
swarm_46_115.pdb	0	18.733	38.832	-12.181
swarm_20_75.pdb	0	20.599	51.704	-12.255
swarm_47_84.pdb	0.0133333	14.499	29.946	-12.380
swarm_39_60.pdb	0	12.015	42.995	-12.412
swarm_94_101.pdb	0	16.111	31.070	-12.413
swarm_59_47.pdb	0	20.500	41.581	-12.698
swarm_95_4.pdb	0	17.974	34.709	-13.277
swarm_61_48.pdb	0	18.158	44.315	-13.327
swarm_35_85.pdb	0	20.388	45.034	-13.835
swarm_43_11.pdb	0.0133333	15.523	33.191	-13.898
swarm_22_107.pdb	0	13.208	44.597	-15.016
swarm_38_32.pdb	0	20.519	52.826	-15.110
swarm_87_156.pdb	0.0133333	18.388	41.042	-15.241
swarm_89_45.pdb	0.08	12.545	34.944	-15.612
swarm_86_143.pdb	0.0266667	6.834	25.550	-15.653
swarm_71_178.pdb	0.0133333	12.534	37.626	-15.814
swarm_92_186.pdb	0	14.389	29.801	-16.259
swarm_14_158.pdb	0	16.344	46.840	-16.505
swarm_40_84.pdb	0	13.982	35.861	-16.585
swarm_14_44.pdb	0	20.666	51.913	-16.664
swarm_95_197.pdb	0	20.077	36.237	-16.673
swarm_71_59.pdb	0.0133333	14.680	38.065	-16.708
swarm_92_112.pdb	0	16.981	31.689	-17.104
swarm_64_188.pdb	0	19.813	36.922	-17.708
swarm_82_160.pdb	0	17.367	30.469	-17.715
swarm_38_179.pdb	0	20.224	46.332	-17.870
swarm_62_72.pdb	0	10.406	31.010	-18.043
swarm_35_61.pdb	0	11.472	33.776	-18.211
swarm_82_1.pdb	0.0666667	6.393	16.641	-18.922
swarm_63_90.pdb	0	13.433	26.287	-19.248
swarm_18_33.pdb	0	15.335	37.023	-19.952
swarm_1_181.pdb	0.0533333	15.784	33.570	-19.991
swarm_30_116.pdb	0.0666667	6.943	15.108	-20.119
swarm_32_89.pdb	0	10.888	36.854	-20.428
swarm_22_33.pdb	0	19.105	48.340	-20.473
swarm_87_37.pdb	0	13.576	30.386	-21.089
swarm_16_78.pdb	0	16.564	38.754	-21.089
swarm_34_11.pdb	0.0266667	11.034	28.895	-21.433
swarm_90_85.pdb	0	18.365	33.560	-22.138
swarm_59_176.pdb	0	20.282	44.436	-22.440
swarm_84_56.pdb	0	15.832	29.433	-22.442
swarm_95_97.pdb	0	18.278	33.304	-22.761
swarm_60_144.pdb	0.04	13.312	35.513	-23.603
swarm_32_118.pdb	0.0133333	10.332	32.418	-24.842
swarm_49_26.pdb	0.0266667	13.275	35.917	-24.910
swarm_95_51.pdb	0	13.058	25.576	-25.301
swarm_71_87.pdb	0.04	11.233	36.564	-25.806
swarm_71_0.pdb	0	13.749	36.058	-29.538
swarm_79_58.pdb	0	18.709	34.229	-30.287
swarm_75_45.pdb	0	17.303	30.029	-30.563
swarm_93_1.pdb	0	13.547	31.758	-34.978
swarm_72_130.pdb	0.0666667	14.512	33.725	-35.749
swarm_6_113.pdb	0.0266667	14.806	30.932	-38.575
swarm_88_32.pdb	0	15.772	36.297	-40.599
swarm_24_170.pdb	0	16.124	37.613	-43.673
swarm_43_123.pdb	0.0933333	17.338	32.414	-46.182
swarm_18_42.pdb	0	12.791	31.934	-47.209
swarm_65_105.pdb	0	13.886	31.250	-47.959
swarm_84_99.pdb	0	14.476	29.960	-56.689
swarm_38_121.pdb	0	14.236	40.774	-59.362
