swarm_52_82.pdb	0	21.506	63.828	45.743
swarm_51_135.pdb	0	21.523	64.910	42.504
swarm_62_118.pdb	0	28.669	57.558	39.225
swarm_32_182.pdb	0	21.936	57.278	38.040
swarm_53_144.pdb	0.0144928	19.134	67.112	37.427
swarm_21_54.pdb	0.478261	2.371	12.242	37.424
swarm_49_56.pdb	0	28.887	64.531	36.046
swarm_61_45.pdb	0	26.487	69.033	35.532
swarm_53_1.pdb	0	32.142	58.022	34.841
swarm_64_114.pdb	0	27.328	55.550	33.990
swarm_61_91.pdb	0	28.417	55.102	33.868
swarm_39_146.pdb	0	31.404	57.824	33.842
swarm_62_192.pdb	0	23.405	61.434	33.601
swarm_16_50.pdb	0	24.836	49.080	31.963
swarm_36_134.pdb	0	19.309	67.899	31.856
swarm_0_167.pdb	0	37.279	82.297	31.778
swarm_17_103.pdb	0	29.816	66.410	31.614
swarm_61_64.pdb	0	17.179	57.866	31.468
swarm_53_5.pdb	0	31.652	56.198	31.396
swarm_46_48.pdb	0	32.589	60.598	31.002
swarm_6_104.pdb	0.0144928	12.042	42.349	30.860
swarm_9_106.pdb	0	19.440	73.757	30.843
swarm_11_17.pdb	0.00724638	17.293	46.925	30.721
swarm_4_52.pdb	0	24.263	44.469	30.709
swarm_60_132.pdb	0	26.551	49.004	30.693
swarm_40_20.pdb	0	14.107	49.293	30.688
swarm_53_185.pdb	0	27.622	65.665	30.522
swarm_58_44.pdb	0	24.001	52.000	30.431
swarm_25_146.pdb	0	30.923	63.295	30.384
swarm_59_141.pdb	0.0144928	15.254	57.484	30.368
swarm_38_171.pdb	0	30.398	50.158	29.896
swarm_52_99.pdb	0	23.312	63.636	29.876
swarm_18_193.pdb	0	26.792	45.910	29.819
swarm_67_190.pdb	0	16.507	46.925	29.809
swarm_53_146.pdb	0	17.161	65.093	29.758
swarm_0_101.pdb	0	35.575	75.658	29.595
swarm_51_27.pdb	0	27.743	69.778	29.476
swarm_55_181.pdb	0	28.223	49.735	29.473
swarm_46_43.pdb	0	23.498	53.773	29.141
swarm_61_41.pdb	0	23.501	62.239	29.075
swarm_46_17.pdb	0	30.745	55.560	29.031
swarm_46_2.pdb	0	28.391	56.262	28.966
swarm_32_165.pdb	0	28.711	58.838	28.833
swarm_55_78.pdb	0	24.998	51.820	28.801
swarm_8_29.pdb	0.23913	4.830	16.563	28.732
swarm_27_125.pdb	0	32.903	73.490	28.622
swarm_31_104.pdb	0	29.288	52.612	28.581
swarm_51_17.pdb	0	25.752	70.785	28.512
swarm_38_14.pdb	0	30.085	55.073	28.471
swarm_1_124.pdb	0	36.755	75.415	28.240
swarm_42_159.pdb	0	24.938	48.374	28.072
swarm_39_171.pdb	0	28.921	56.878	28.013
swarm_61_169.pdb	0	29.469	58.377	27.858
swarm_62_21.pdb	0	22.569	65.882	27.801
swarm_12_126.pdb	0	34.364	72.932	27.748
swarm_36_17.pdb	0	29.244	73.490	27.555
swarm_67_20.pdb	0	18.613	43.386	27.523
swarm_8_157.pdb	0	25.507	46.252	27.328
swarm_67_87.pdb	0	20.125	50.086	27.290
swarm_50_82.pdb	0	19.236	50.020	27.175
swarm_64_28.pdb	0	25.990	52.950	27.136
swarm_2_118.pdb	0	21.402	72.259	27.049
swarm_40_80.pdb	0	28.389	62.779	26.764
swarm_29_156.pdb	0	24.340	47.507	26.752
swarm_9_133.pdb	0	32.829	72.460	26.624
swarm_9_89.pdb	0	38.513	78.291	26.612
swarm_61_56.pdb	0	22.733	65.027	26.430
swarm_44_69.pdb	0	27.037	54.204	26.430
swarm_31_27.pdb	0.0507246	8.583	35.005	26.381
swarm_2_68.pdb	0	22.984	79.786	26.355
swarm_25_52.pdb	0	21.904	52.609	26.258
swarm_21_185.pdb	0	23.192	44.443	26.232
swarm_25_34.pdb	0	14.137	54.815	26.207
swarm_33_41.pdb	0	26.325	46.545	26.185
swarm_21_33.pdb	0	26.197	46.388	26.070
swarm_49_70.pdb	0	26.161	62.378	26.009
swarm_18_17.pdb	0	17.618	38.308	25.824
swarm_15_28.pdb	0	29.164	57.357	25.801
swarm_52_1.pdb	0	26.456	60.667	25.774
swarm_29_138.pdb	0	9.968	36.119	25.767
swarm_43_143.pdb	0	31.614	56.306	25.696
swarm_24_127.pdb	0	26.911	62.880	25.696
swarm_4_164.pdb	0	25.560	46.658	25.685
swarm_59_30.pdb	0	23.765	46.183	25.636
swarm_9_110.pdb	0	27.554	66.855	25.529
swarm_61_155.pdb	0	26.509	57.138	25.412
swarm_62_174.pdb	0	31.120	59.007	25.409
swarm_2_116.pdb	0	29.006	71.160	25.408
swarm_55_7.pdb	0	25.122	53.641	25.390
swarm_16_70.pdb	0	25.984	46.522	25.344
swarm_27_94.pdb	0	24.749	61.979	25.208
swarm_36_128.pdb	0	34.058	64.988	25.204
swarm_57_40.pdb	0	24.591	48.438	25.176
swarm_25_172.pdb	0	21.797	58.176	25.152
swarm_13_16.pdb	0	21.255	59.564	25.135
swarm_22_164.pdb	0	19.849	45.303	24.987
swarm_6_174.pdb	0	20.887	40.292	24.961
swarm_62_193.pdb	0	25.255	57.763	24.946
swarm_44_82.pdb	0	30.066	58.407	24.916
swarm_28_21.pdb	0	22.630	44.663	24.827
swarm_15_33.pdb	0	20.469	57.574	24.750
swarm_14_76.pdb	0	24.843	62.620	24.608
swarm_36_67.pdb	0	20.415	65.865	24.599
swarm_32_2.pdb	0	25.414	45.535	24.572
swarm_52_84.pdb	0	26.248	68.828	24.483
swarm_15_41.pdb	0	29.060	57.474	24.338
swarm_35_163.pdb	0	28.923	54.965	24.305
swarm_25_124.pdb	0	30.792	67.966	24.281
swarm_62_67.pdb	0	28.728	59.824	24.215
swarm_64_18.pdb	0	23.905	55.298	24.119
swarm_17_37.pdb	0	26.813	64.159	24.076
swarm_2_167.pdb	0	25.355	59.365	23.997
swarm_64_55.pdb	0	25.129	55.873	23.970
swarm_1_111.pdb	0	24.209	73.477	23.966
swarm_66_109.pdb	0	24.764	45.183	23.962
swarm_27_42.pdb	0	27.974	60.389	23.931
swarm_48_51.pdb	0	29.950	54.383	23.925
swarm_2_113.pdb	0	20.763	77.062	23.907
swarm_63_139.pdb	0	24.597	55.434	23.884
swarm_1_154.pdb	0	32.372	74.921	23.879
swarm_5_107.pdb	0	25.792	49.293	23.877
swarm_57_79.pdb	0	26.175	57.983	23.781
swarm_14_156.pdb	0	32.157	51.655	23.708
swarm_31_84.pdb	0	25.344	52.643	23.640
swarm_65_0.pdb	0.00724638	18.696	44.191	23.626
swarm_31_91.pdb	0	26.460	51.202	23.477
swarm_3_198.pdb	0	24.524	48.490	23.460
swarm_7_117.pdb	0	26.757	62.460	23.434
swarm_30_62.pdb	0	29.960	43.664	23.433
swarm_67_178.pdb	0	27.577	47.588	23.407
swarm_0_13.pdb	0	24.464	78.883	23.372
swarm_21_8.pdb	0	19.191	38.519	23.330
swarm_2_196.pdb	0	22.632	72.445	23.322
swarm_46_94.pdb	0	25.881	52.909	23.301
swarm_59_68.pdb	0	25.980	55.493	23.300
swarm_11_130.pdb	0	26.131	48.145	23.252
swarm_52_42.pdb	0	27.418	54.680	23.248
swarm_2_43.pdb	0	28.938	67.888	23.225
swarm_37_23.pdb	0	26.195	47.263	23.206
swarm_62_53.pdb	0	27.072	61.734	23.161
swarm_46_44.pdb	0	22.871	60.455	23.141
swarm_54_120.pdb	0	25.716	49.893	23.115
swarm_2_64.pdb	0	23.573	64.415	23.110
swarm_11_186.pdb	0	20.990	47.030	23.101
swarm_48_74.pdb	0	29.151	58.980	23.087
swarm_51_133.pdb	0	27.630	62.429	23.038
swarm_50_73.pdb	0	30.769	50.893	23.009
swarm_19_75.pdb	0	28.989	47.080	22.980
swarm_10_61.pdb	0	28.535	56.025	22.979
swarm_27_62.pdb	0	20.620	67.343	22.881
swarm_12_54.pdb	0	29.605	68.274	22.879
swarm_33_37.pdb	0	28.632	49.916	22.808
swarm_14_21.pdb	0	26.622	53.404	22.642
swarm_38_146.pdb	0	25.244	52.645	22.592
swarm_52_72.pdb	0	27.332	60.794	22.522
swarm_31_20.pdb	0	31.552	50.712	22.500
swarm_51_179.pdb	0	25.729	63.612	22.490
swarm_7_172.pdb	0	26.329	48.939	22.469
swarm_36_9.pdb	0	27.206	66.554	22.435
swarm_42_137.pdb	0	17.021	26.682	22.434
swarm_59_4.pdb	0	27.193	51.927	22.406
swarm_40_63.pdb	0	24.672	64.426	22.391
swarm_61_6.pdb	0	27.192	64.646	22.367
swarm_29_49.pdb	0	25.152	47.813	22.322
swarm_64_21.pdb	0	27.620	54.784	22.314
swarm_63_120.pdb	0	24.542	54.452	22.284
swarm_51_28.pdb	0	21.344	63.468	22.227
swarm_57_95.pdb	0	24.563	57.176	22.159
swarm_67_183.pdb	0.0362319	23.762	55.023	22.107
swarm_38_5.pdb	0	24.354	50.755	22.094
swarm_49_10.pdb	0	23.295	59.164	22.090
swarm_65_97.pdb	0	17.241	30.019	22.062
swarm_3_67.pdb	0	12.328	44.491	22.042
swarm_50_95.pdb	0	28.078	50.812	22.026
swarm_44_143.pdb	0	20.296	59.864	21.973
swarm_12_45.pdb	0	36.777	75.467	21.973
swarm_10_107.pdb	0	27.757	58.826	21.945
swarm_50_47.pdb	0	30.395	51.826	21.938
swarm_11_90.pdb	0	26.439	50.520	21.906
swarm_8_30.pdb	0	26.727	51.108	21.862
swarm_10_88.pdb	0	24.796	48.873	21.846
swarm_36_100.pdb	0	33.714	68.451	21.843
swarm_12_128.pdb	0	37.063	79.698	21.778
swarm_46_69.pdb	0	23.426	55.968	21.736
swarm_14_79.pdb	0	27.466	51.608	21.697
swarm_52_117.pdb	0	24.311	60.370	21.684
swarm_44_93.pdb	0	29.683	58.184	21.683
swarm_53_89.pdb	0	26.328	68.706	21.657
swarm_12_93.pdb	0.0217391	21.481	76.268	21.656
swarm_25_88.pdb	0.00724638	19.685	63.119	21.615
swarm_37_60.pdb	0	22.083	33.849	21.521
swarm_27_70.pdb	0	25.493	58.065	21.460
swarm_35_116.pdb	0	29.129	58.081	21.425
swarm_53_13.pdb	0.0434783	15.784	56.332	21.413
swarm_54_135.pdb	0	20.742	53.432	21.367
swarm_53_109.pdb	0	27.021	61.769	21.338
swarm_34_67.pdb	0	16.021	29.948	21.302
swarm_44_168.pdb	0	23.364	61.183	21.293
swarm_28_182.pdb	0	25.729	48.650	21.284
swarm_11_96.pdb	0	17.546	49.264	21.246
swarm_26_70.pdb	0	24.304	53.325	21.195
swarm_3_150.pdb	0	30.252	58.483	21.193
swarm_14_172.pdb	0.0362319	11.696	45.555	21.187
swarm_9_69.pdb	0	35.723	79.175	21.176
swarm_58_75.pdb	0	24.530	51.579	21.165
swarm_49_138.pdb	0	29.362	70.218	21.158
swarm_23_43.pdb	0	30.038	43.024	21.102
swarm_41_150.pdb	0	28.634	53.598	21.085
swarm_44_83.pdb	0	26.492	54.903	21.054
swarm_59_36.pdb	0	30.825	52.558	21.025
swarm_4_30.pdb	0	17.865	31.015	20.940
swarm_40_19.pdb	0	28.885	62.883	20.920
swarm_27_90.pdb	0	23.855	68.173	20.891
swarm_1_180.pdb	0	33.692	57.151	20.891
swarm_33_111.pdb	0	23.523	39.114	20.854
swarm_31_186.pdb	0	21.855	42.845	20.846
swarm_48_163.pdb	0	23.149	53.177	20.783
swarm_7_152.pdb	0	30.419	64.129	20.782
swarm_58_92.pdb	0	23.305	55.422	20.777
swarm_11_102.pdb	0	15.280	46.590	20.747
swarm_17_34.pdb	0	30.156	67.058	20.668
swarm_46_103.pdb	0	19.174	46.473	20.611
swarm_36_68.pdb	0	26.155	74.593	20.591
swarm_60_4.pdb	0	26.202	55.558	20.579
swarm_3_185.pdb	0	32.104	50.928	20.522
swarm_67_173.pdb	0	25.321	44.705	20.515
swarm_1_56.pdb	0	20.702	66.940	20.515
swarm_15_154.pdb	0	27.544	54.565	20.513
swarm_17_58.pdb	0	30.071	68.000	20.499
swarm_2_10.pdb	0	37.928	74.787	20.492
swarm_59_48.pdb	0	24.847	52.711	20.470
swarm_50_58.pdb	0	28.766	49.575	20.466
swarm_32_132.pdb	0	25.201	62.271	20.464
swarm_42_96.pdb	0	29.686	45.362	20.448
swarm_0_96.pdb	0	26.166	82.912	20.446
swarm_9_45.pdb	0	34.339	65.616	20.416
swarm_56_188.pdb	0	20.719	37.610	20.315
swarm_41_115.pdb	0	26.841	50.002	20.312
swarm_9_33.pdb	0	30.882	66.298	20.308
swarm_32_100.pdb	0	27.075	65.064	20.303
swarm_64_85.pdb	0	21.096	37.586	20.283
swarm_40_61.pdb	0	30.450	63.264	20.255
swarm_39_138.pdb	0	27.991	56.972	20.234
swarm_22_22.pdb	0.166667	4.906	16.714	20.179
swarm_16_156.pdb	0	20.368	40.431	20.138
swarm_30_160.pdb	0	25.169	45.906	20.126
swarm_0_50.pdb	0	19.502	69.278	20.081
swarm_0_0.pdb	0	32.070	79.181	20.062
swarm_20_162.pdb	0	22.487	55.285	20.038
swarm_19_189.pdb	0	25.469	46.651	19.997
swarm_3_151.pdb	0	28.956	51.210	19.980
swarm_16_197.pdb	0	24.354	41.785	19.939
swarm_60_105.pdb	0	24.186	53.256	19.938
swarm_42_97.pdb	0	25.937	54.400	19.918
swarm_60_93.pdb	0	22.635	55.090	19.830
swarm_18_186.pdb	0	17.926	29.977	19.828
swarm_25_193.pdb	0	26.761	62.606	19.827
swarm_25_183.pdb	0	29.114	60.223	19.796
swarm_67_59.pdb	0	25.956	51.456	19.751
swarm_67_162.pdb	0	28.931	54.997	19.750
swarm_32_171.pdb	0	27.721	60.783	19.730
swarm_8_7.pdb	0	28.787	49.756	19.720
swarm_12_175.pdb	0	33.002	63.121	19.717
swarm_39_155.pdb	0	31.631	50.223	19.705
swarm_67_55.pdb	0	27.173	54.661	19.704
swarm_23_25.pdb	0	25.370	45.198	19.684
swarm_1_179.pdb	0	30.484	67.442	19.672
swarm_60_0.pdb	0	29.328	49.188	19.663
swarm_22_190.pdb	0	18.683	30.350	19.641
swarm_66_126.pdb	0	24.221	44.234	19.640
swarm_36_155.pdb	0	25.737	72.675	19.606
swarm_14_154.pdb	0	26.720	46.537	19.597
swarm_25_95.pdb	0	27.547	58.776	19.556
swarm_26_69.pdb	0	29.931	59.529	19.553
swarm_41_54.pdb	0	26.287	52.709	19.534
swarm_55_18.pdb	0	26.890	52.726	19.502
swarm_41_108.pdb	0	29.587	55.345	19.491
swarm_12_185.pdb	0	24.152	76.494	19.451
swarm_58_103.pdb	0	23.992	51.401	19.434
swarm_24_107.pdb	0	20.058	56.298	19.424
swarm_5_67.pdb	0	24.644	46.313	19.421
swarm_61_140.pdb	0	15.229	62.912	19.416
swarm_25_33.pdb	0	33.254	68.126	19.359
swarm_25_169.pdb	0	16.528	61.557	19.359
swarm_32_102.pdb	0	28.953	60.081	19.331
swarm_19_55.pdb	0	24.485	49.863	19.330
swarm_52_160.pdb	0	24.974	60.203	19.322
swarm_29_105.pdb	0	21.125	52.048	19.280
swarm_30_6.pdb	0	22.356	44.154	19.256
swarm_51_0.pdb	0	27.658	65.044	19.242
swarm_9_135.pdb	0	32.896	82.214	19.225
swarm_43_165.pdb	0	27.848	64.885	19.190
swarm_29_147.pdb	0	30.134	57.283	19.182
swarm_15_34.pdb	0	26.465	61.237	19.178
swarm_41_139.pdb	0	18.590	49.009	19.149
swarm_52_20.pdb	0	28.684	54.981	19.144
swarm_50_132.pdb	0	22.477	48.399	19.096
swarm_63_49.pdb	0	24.743	53.300	19.055
swarm_47_156.pdb	0	21.809	51.939	18.991
swarm_9_154.pdb	0	26.454	71.004	18.974
swarm_6_118.pdb	0	31.264	51.647	18.938
swarm_28_99.pdb	0	23.870	49.665	18.935
swarm_43_33.pdb	0	27.723	53.858	18.928
swarm_11_140.pdb	0	27.162	51.248	18.885
swarm_49_196.pdb	0	28.385	60.977	18.840
swarm_48_125.pdb	0	31.504	51.187	18.840
swarm_3_129.pdb	0	29.776	55.240	18.840
swarm_7_22.pdb	0	25.320	60.660	18.815
swarm_54_101.pdb	0	19.598	56.234	18.783
swarm_38_41.pdb	0	24.350	59.546	18.777
swarm_34_16.pdb	0	25.257	45.968	18.767
swarm_43_59.pdb	0	26.095	64.054	18.763
swarm_33_153.pdb	0	26.220	50.272	18.760
swarm_40_143.pdb	0	12.116	49.575	18.751
swarm_31_69.pdb	0	26.961	52.713	18.746
swarm_33_31.pdb	0	22.863	49.598	18.743
swarm_21_181.pdb	0	26.461	43.846	18.743
swarm_7_61.pdb	0	24.450	53.378	18.732
swarm_14_11.pdb	0	23.378	51.413	18.704
swarm_8_21.pdb	0	24.474	46.020	18.673
swarm_67_121.pdb	0	19.352	50.862	18.634
swarm_41_181.pdb	0	22.326	46.401	18.616
swarm_54_55.pdb	0	23.193	42.499	18.612
swarm_48_193.pdb	0	21.407	59.294	18.612
swarm_16_26.pdb	0	28.634	48.110	18.602
swarm_28_147.pdb	0	25.192	46.586	18.576
swarm_51_147.pdb	0	22.666	67.416	18.557
swarm_49_137.pdb	0	19.100	52.022	18.556
swarm_41_73.pdb	0	24.007	47.993	18.534
swarm_40_36.pdb	0	22.695	64.949	18.514
swarm_13_71.pdb	0	26.878	50.936	18.511
swarm_5_175.pdb	0	15.963	36.052	18.494
swarm_40_190.pdb	0	24.445	60.141	18.419
swarm_26_126.pdb	0	29.417	58.638	18.396
swarm_39_43.pdb	0	22.729	54.588	18.395
swarm_54_194.pdb	0	26.792	54.626	18.363
swarm_45_80.pdb	0	15.971	40.474	18.307
swarm_7_119.pdb	0	33.226	63.645	18.269
swarm_20_114.pdb	0	28.582	57.528	18.210
swarm_1_31.pdb	0	27.769	73.089	18.117
swarm_36_73.pdb	0	31.804	62.700	18.073
swarm_43_71.pdb	0	30.583	58.518	18.067
swarm_50_185.pdb	0	29.432	45.612	18.046
swarm_45_166.pdb	0	24.290	46.214	17.977
swarm_29_86.pdb	0	27.847	49.823	17.976
swarm_17_171.pdb	0	31.318	72.009	17.956
swarm_57_5.pdb	0	21.440	56.639	17.920
swarm_56_74.pdb	0	24.667	39.140	17.913
swarm_50_89.pdb	0	24.523	46.233	17.869
swarm_63_40.pdb	0	25.040	56.211	17.866
swarm_19_18.pdb	0	24.264	50.412	17.821
swarm_37_79.pdb	0	28.356	44.462	17.784
swarm_4_145.pdb	0	26.556	44.034	17.764
swarm_41_1.pdb	0	25.609	53.528	17.700
swarm_25_101.pdb	0	28.304	65.738	17.696
swarm_28_101.pdb	0	16.228	29.828	17.674
swarm_65_51.pdb	0	28.605	51.879	17.668
swarm_65_4.pdb	0.00724638	17.712	48.525	17.666
swarm_42_74.pdb	0	26.179	47.754	17.641
swarm_34_113.pdb	0.0507246	4.483	13.452	17.640
swarm_4_75.pdb	0	25.786	46.618	17.626
swarm_67_124.pdb	0	26.334	55.770	17.568
swarm_24_37.pdb	0.00724638	13.908	48.537	17.563
swarm_32_60.pdb	0	24.701	58.843	17.562
swarm_42_95.pdb	0	25.708	48.993	17.542
swarm_6_20.pdb	0	25.989	50.078	17.519
swarm_63_153.pdb	0	26.923	57.811	17.508
swarm_8_186.pdb	0	26.117	48.571	17.502
swarm_40_85.pdb	0	25.108	60.061	17.453
swarm_26_52.pdb	0	29.199	54.922	17.437
swarm_28_137.pdb	0	30.862	45.704	17.429
swarm_4_190.pdb	0	20.385	37.258	17.428
swarm_65_19.pdb	0	18.567	47.180	17.412
swarm_24_98.pdb	0	27.290	55.205	17.409
swarm_47_134.pdb	0	23.377	49.713	17.403
swarm_29_78.pdb	0	25.641	55.076	17.392
swarm_51_83.pdb	0	16.455	56.749	17.388
swarm_51_30.pdb	0	20.463	52.002	17.385
swarm_15_184.pdb	0	28.690	57.704	17.382
swarm_12_110.pdb	0	30.245	77.646	17.373
swarm_12_117.pdb	0	24.196	70.549	17.371
swarm_50_146.pdb	0	26.791	47.673	17.344
swarm_17_116.pdb	0	30.127	70.488	17.343
swarm_6_173.pdb	0	19.981	43.052	17.340
swarm_45_138.pdb	0.0724638	12.029	39.213	17.328
swarm_12_73.pdb	0	25.545	77.897	17.321
swarm_66_174.pdb	0	25.665	45.078	17.299
swarm_66_181.pdb	0	22.201	44.547	17.267
swarm_4_106.pdb	0	26.312	44.256	17.255
swarm_37_34.pdb	0	20.204	37.552	17.254
swarm_44_186.pdb	0	26.378	57.652	17.240
swarm_36_196.pdb	0	29.140	66.589	17.224
swarm_1_96.pdb	0	26.128	79.470	17.221
swarm_18_143.pdb	0	29.558	43.160	17.219
swarm_26_6.pdb	0	27.313	56.665	17.203
swarm_8_132.pdb	0	29.001	54.824	17.196
swarm_48_84.pdb	0	17.770	46.618	17.191
swarm_6_66.pdb	0.00724638	17.170	47.293	17.190
swarm_58_158.pdb	0	23.668	48.143	17.182
swarm_23_91.pdb	0	23.644	44.115	17.174
swarm_6_29.pdb	0	26.322	48.890	17.171
swarm_61_0.pdb	0	25.473	59.312	17.145
swarm_24_125.pdb	0	24.154	49.238	17.140
swarm_6_46.pdb	0	24.145	46.952	17.070
swarm_44_87.pdb	0	31.369	57.749	17.063
swarm_27_165.pdb	0	33.338	67.164	17.040
swarm_13_127.pdb	0	24.354	47.023	17.033
swarm_1_182.pdb	0	27.776	69.168	17.017
swarm_66_85.pdb	0	24.835	44.839	16.983
swarm_26_166.pdb	0	27.083	53.099	16.953
swarm_12_158.pdb	0	34.347	69.612	16.923
swarm_6_194.pdb	0	26.782	48.589	16.919
swarm_23_37.pdb	0	17.026	30.660	16.906
swarm_0_38.pdb	0	28.647	76.165	16.905
swarm_37_194.pdb	0	24.995	47.441	16.870
swarm_10_58.pdb	0	21.049	60.421	16.868
swarm_18_107.pdb	0	26.239	50.469	16.856
swarm_61_143.pdb	0	22.133	54.902	16.812
swarm_38_24.pdb	0	24.478	48.999	16.790
swarm_33_152.pdb	0	24.439	40.802	16.787
swarm_37_139.pdb	0	25.916	50.470	16.764
swarm_65_65.pdb	0	28.191	44.936	16.742
swarm_39_94.pdb	0	16.693	51.341	16.717
swarm_48_102.pdb	0	27.996	45.467	16.691
swarm_37_72.pdb	0	24.441	47.638	16.689
swarm_57_192.pdb	0	19.029	52.052	16.676
swarm_33_52.pdb	0	23.916	38.330	16.667
swarm_19_84.pdb	0	25.671	51.053	16.663
swarm_48_143.pdb	0	19.038	57.608	16.649
swarm_58_111.pdb	0	29.586	54.002	16.644
swarm_14_120.pdb	0	25.100	60.905	16.631
swarm_22_25.pdb	0	26.443	45.012	16.604
swarm_14_75.pdb	0	26.189	44.162	16.604
swarm_0_123.pdb	0	35.632	76.962	16.600
swarm_40_10.pdb	0	23.105	48.821	16.574
swarm_40_93.pdb	0	19.119	44.638	16.505
swarm_47_68.pdb	0	27.219	50.863	16.500
swarm_35_172.pdb	0	26.450	53.021	16.480
swarm_38_127.pdb	0	21.572	55.465	16.445
swarm_10_7.pdb	0	24.104	52.775	16.441
swarm_65_42.pdb	0	24.086	37.724	16.407
swarm_42_136.pdb	0	30.850	49.083	16.395
swarm_29_141.pdb	0	27.305	55.341	16.375
swarm_8_90.pdb	0	30.530	45.877	16.362
swarm_47_38.pdb	0	25.656	48.678	16.333
swarm_57_42.pdb	0	24.640	52.956	16.329
swarm_0_16.pdb	0	19.714	74.563	16.326
swarm_29_4.pdb	0	27.075	55.739	16.315
swarm_18_142.pdb	0	26.427	46.431	16.306
swarm_35_63.pdb	0	29.043	47.284	16.290
swarm_41_123.pdb	0	21.104	38.172	16.265
swarm_31_12.pdb	0	26.215	48.749	16.260
swarm_10_67.pdb	0.0144928	19.840	58.424	16.247
swarm_1_159.pdb	0	18.685	68.122	16.236
swarm_7_139.pdb	0	26.637	63.582	16.230
swarm_0_102.pdb	0	21.558	75.689	16.202
swarm_5_81.pdb	0	24.408	54.402	16.190
swarm_7_41.pdb	0	26.066	63.869	16.187
swarm_12_179.pdb	0	34.424	68.512	16.187
swarm_56_194.pdb	0	18.160	30.544	16.175
swarm_60_162.pdb	0	24.367	45.057	16.164
swarm_30_171.pdb	0	22.284	43.790	16.160
swarm_21_112.pdb	0	22.737	47.304	16.136
swarm_40_162.pdb	0	23.120	50.115	16.101
swarm_18_197.pdb	0	24.607	43.247	16.084
swarm_20_170.pdb	0	30.586	63.215	16.068
swarm_1_127.pdb	0	27.288	66.749	16.064
swarm_25_6.pdb	0	22.201	62.426	16.062
swarm_66_138.pdb	0	23.815	43.323	16.055
swarm_63_33.pdb	0	25.540	50.818	16.045
swarm_45_191.pdb	0	26.658	54.216	16.041
swarm_30_11.pdb	0	17.549	39.310	16.039
swarm_21_90.pdb	0	16.085	38.261	16.036
swarm_11_177.pdb	0	19.206	38.591	16.035
swarm_44_47.pdb	0	26.732	57.044	16.034
swarm_22_50.pdb	0	31.102	47.965	16.034
swarm_11_95.pdb	0	18.708	45.125	15.957
swarm_3_38.pdb	0	18.174	45.906	15.953
swarm_21_66.pdb	0	24.801	46.765	15.934
swarm_17_123.pdb	0	31.748	64.146	15.919
swarm_7_70.pdb	0	31.554	66.739	15.913
swarm_38_20.pdb	0	26.086	48.016	15.911
swarm_5_193.pdb	0	12.834	42.615	15.886
swarm_54_122.pdb	0	25.157	55.891	15.838
swarm_20_126.pdb	0	23.870	54.921	15.837
swarm_0_11.pdb	0	34.237	77.621	15.820
swarm_3_58.pdb	0	15.875	34.838	15.819
swarm_63_53.pdb	0	22.245	39.556	15.804
swarm_28_33.pdb	0	25.109	43.411	15.804
swarm_24_75.pdb	0	29.219	58.401	15.772
swarm_10_125.pdb	0	21.928	61.219	15.771
swarm_66_182.pdb	0	24.035	44.248	15.767
swarm_11_58.pdb	0	22.842	55.732	15.763
swarm_4_58.pdb	0	22.604	41.953	15.748
swarm_38_10.pdb	0	26.976	53.047	15.740
swarm_37_51.pdb	0	23.615	44.533	15.731
swarm_10_73.pdb	0	24.100	62.792	15.710
swarm_12_7.pdb	0	33.702	70.337	15.684
swarm_31_85.pdb	0	23.259	42.474	15.656
swarm_37_80.pdb	0	25.258	47.223	15.604
swarm_7_187.pdb	0	25.283	55.676	15.597
swarm_9_186.pdb	0	34.168	73.517	15.550
swarm_11_1.pdb	0	23.556	36.938	15.542
swarm_5_51.pdb	0	19.160	47.235	15.473
swarm_15_120.pdb	0	25.542	53.207	15.471
swarm_41_65.pdb	0	28.046	42.238	15.455
swarm_27_28.pdb	0	31.404	70.200	15.379
swarm_17_95.pdb	0	27.447	61.625	15.328
swarm_24_84.pdb	0	28.894	52.559	15.325
swarm_46_36.pdb	0	26.253	45.069	15.307
swarm_15_78.pdb	0	27.035	63.076	15.254
swarm_6_72.pdb	0	13.548	43.598	15.250
swarm_64_10.pdb	0	26.223	47.338	15.240
swarm_22_69.pdb	0	29.704	50.157	15.219
swarm_34_77.pdb	0	29.808	44.966	15.207
swarm_65_82.pdb	0	19.076	48.635	15.203
swarm_44_160.pdb	0	15.185	59.052	15.192
swarm_13_124.pdb	0	27.836	46.221	15.182
swarm_36_177.pdb	0	26.662	69.515	15.167
swarm_47_119.pdb	0	25.694	50.264	15.153
swarm_49_1.pdb	0	22.740	63.834	15.149
swarm_45_51.pdb	0	26.980	54.369	15.113
swarm_45_35.pdb	0	28.671	51.966	15.107
swarm_53_7.pdb	0	28.119	65.188	15.087
swarm_23_111.pdb	0	28.246	44.911	15.068
swarm_20_54.pdb	0	27.342	55.085	15.019
swarm_21_141.pdb	0.0289855	13.389	37.046	15.003
swarm_30_16.pdb	0	27.146	48.678	14.989
swarm_23_26.pdb	0	30.062	42.262	14.964
swarm_13_138.pdb	0	23.343	42.203	14.948
swarm_4_74.pdb	0	25.046	37.359	14.940
swarm_5_183.pdb	0	22.032	49.252	14.924
swarm_28_168.pdb	0	24.789	40.064	14.895
swarm_48_188.pdb	0	21.573	49.284	14.876
swarm_20_181.pdb	0	28.743	60.916	14.855
swarm_8_16.pdb	0	28.925	52.682	14.812
swarm_18_26.pdb	0	25.564	48.502	14.812
swarm_7_141.pdb	0	28.246	70.942	14.775
swarm_47_57.pdb	0	27.037	54.699	14.755
swarm_37_38.pdb	0	26.379	44.560	14.741
swarm_26_155.pdb	0	29.131	63.469	14.734
swarm_27_63.pdb	0	31.260	70.883	14.722
swarm_22_28.pdb	0	26.191	46.929	14.682
swarm_24_116.pdb	0	27.529	58.349	14.639
swarm_24_193.pdb	0	22.793	55.640	14.634
swarm_30_156.pdb	0	20.413	35.967	14.620
swarm_29_19.pdb	0	32.620	55.669	14.615
swarm_67_114.pdb	0	17.930	53.069	14.583
swarm_53_100.pdb	0	26.564	47.534	14.575
swarm_38_143.pdb	0	20.231	57.186	14.572
swarm_66_13.pdb	0	28.135	45.737	14.523
swarm_22_122.pdb	0	24.261	45.271	14.516
swarm_48_0.pdb	0	20.127	48.374	14.454
swarm_26_80.pdb	0	29.527	62.925	14.418
swarm_23_64.pdb	0.00724638	17.873	41.822	14.389
swarm_5_150.pdb	0	27.773	52.494	14.377
swarm_24_178.pdb	0	29.477	58.047	14.373
swarm_5_45.pdb	0	26.268	55.089	14.369
swarm_19_53.pdb	0	28.354	52.774	14.359
swarm_32_99.pdb	0	22.252	64.081	14.303
swarm_38_144.pdb	0	22.307	48.886	14.295
swarm_5_186.pdb	0	27.062	52.011	14.281
swarm_54_197.pdb	0	26.771	49.398	14.240
swarm_13_75.pdb	0	24.556	61.383	14.203
swarm_45_98.pdb	0	28.154	51.532	14.171
swarm_56_81.pdb	0	15.978	27.675	14.169
swarm_47_66.pdb	0	18.498	36.850	14.160
swarm_22_91.pdb	0	28.401	45.549	14.152
swarm_11_73.pdb	0	26.634	50.262	14.139
swarm_22_4.pdb	0	21.568	33.338	14.120
swarm_16_116.pdb	0	22.967	50.443	14.072
swarm_34_58.pdb	0.00724638	14.912	36.286	14.065
swarm_22_9.pdb	0	25.087	44.222	14.028
swarm_34_3.pdb	0	21.366	34.498	14.014
swarm_51_154.pdb	0	25.357	61.598	14.013
swarm_40_87.pdb	0	27.201	56.054	13.955
swarm_7_71.pdb	0	35.112	71.494	13.940
swarm_19_109.pdb	0	23.657	39.731	13.922
swarm_45_194.pdb	0	25.294	49.678	13.877
swarm_4_130.pdb	0	24.082	32.122	13.866
swarm_8_111.pdb	0	27.541	50.201	13.837
swarm_37_69.pdb	0.0144928	18.380	43.416	13.830
swarm_45_48.pdb	0	18.285	53.430	13.823
swarm_41_171.pdb	0	11.286	39.225	13.809
swarm_56_18.pdb	0	18.808	40.918	13.804
swarm_13_72.pdb	0	27.522	53.192	13.797
swarm_63_166.pdb	0	25.120	46.985	13.778
swarm_24_176.pdb	0	22.947	62.259	13.767
swarm_60_192.pdb	0	29.318	51.628	13.760
swarm_33_120.pdb	0	23.534	46.825	13.746
swarm_1_58.pdb	0	34.855	68.193	13.716
swarm_14_55.pdb	0	15.727	33.905	13.706
swarm_56_30.pdb	0	19.011	27.928	13.681
swarm_67_25.pdb	0	31.179	50.120	13.662
swarm_23_56.pdb	0	18.759	35.223	13.642
swarm_60_79.pdb	0	23.160	58.531	13.631
swarm_29_185.pdb	0	30.289	60.808	13.614
swarm_45_120.pdb	0	20.686	54.580	13.610
swarm_56_119.pdb	0	26.603	44.402	13.602
swarm_2_30.pdb	0	29.813	76.644	13.596
swarm_48_37.pdb	0	31.584	54.829	13.571
swarm_3_42.pdb	0	23.793	55.544	13.541
swarm_36_28.pdb	0	20.046	72.696	13.453
swarm_65_157.pdb	0	21.497	40.280	13.429
swarm_2_37.pdb	0	24.877	74.516	13.423
swarm_10_72.pdb	0	31.072	52.831	13.419
swarm_35_108.pdb	0	26.596	52.018	13.404
swarm_13_174.pdb	0	25.976	43.327	13.389
swarm_52_182.pdb	0	26.641	63.850	13.350
swarm_13_78.pdb	0	22.814	55.137	13.339
swarm_21_29.pdb	0	21.393	41.471	13.293
swarm_10_199.pdb	0	16.045	56.117	13.293
swarm_6_158.pdb	0	27.668	53.427	13.286
swarm_25_108.pdb	0	34.837	70.177	13.280
swarm_56_98.pdb	0	24.406	44.599	13.239
swarm_56_154.pdb	0	24.332	41.516	13.214
swarm_56_158.pdb	0	25.548	44.520	13.179
swarm_17_168.pdb	0	25.533	60.420	13.158
swarm_31_89.pdb	0	30.895	51.723	13.157
swarm_8_115.pdb	0	21.055	49.632	13.128
swarm_14_98.pdb	0	29.060	55.087	13.121
swarm_16_53.pdb	0	28.600	51.258	13.119
swarm_56_93.pdb	0	21.723	37.098	13.088
swarm_56_146.pdb	0	24.225	45.464	13.070
swarm_14_129.pdb	0.0144928	21.963	52.952	13.067
swarm_18_31.pdb	0	24.540	33.537	13.002
swarm_24_47.pdb	0	11.911	49.359	12.960
swarm_19_197.pdb	0	22.871	42.783	12.891
swarm_45_13.pdb	0	26.940	48.630	12.880
swarm_5_58.pdb	0	19.159	41.214	12.873
swarm_20_14.pdb	0	20.626	55.424	12.870
swarm_28_151.pdb	0	23.024	39.308	12.846
swarm_16_30.pdb	0	27.869	50.058	12.721
swarm_62_162.pdb	0	26.765	52.104	12.684
swarm_55_104.pdb	0	25.029	49.435	12.681
swarm_29_33.pdb	0	26.573	53.323	12.649
swarm_54_28.pdb	0	24.082	50.933	12.596
swarm_18_78.pdb	0	25.370	37.227	12.595
swarm_3_190.pdb	0	22.108	51.753	12.539
swarm_54_140.pdb	0	23.982	53.975	12.507
swarm_19_110.pdb	0	26.318	52.245	12.503
swarm_31_156.pdb	0	27.190	52.449	12.489
swarm_23_113.pdb	0	24.638	39.631	12.486
swarm_57_38.pdb	0	28.578	58.078	12.405
swarm_30_93.pdb	0	25.420	41.724	12.313
swarm_36_5.pdb	0	26.099	57.431	12.287
swarm_32_53.pdb	0	28.415	57.935	12.279
swarm_17_149.pdb	0	23.900	66.817	12.260
swarm_5_15.pdb	0	24.504	46.794	12.243
swarm_31_14.pdb	0	26.934	49.078	12.199
swarm_55_169.pdb	0	22.192	37.980	12.183
swarm_10_29.pdb	0	19.748	60.410	12.180
swarm_7_196.pdb	0	24.062	62.075	12.155
swarm_21_36.pdb	0	27.091	39.682	12.144
swarm_32_55.pdb	0	28.621	56.292	12.002
swarm_45_173.pdb	0	24.726	53.830	11.997
swarm_61_161.pdb	0	29.354	57.546	11.995
swarm_0_24.pdb	0	23.609	76.957	11.992
swarm_0_45.pdb	0	28.238	79.970	11.960
swarm_13_33.pdb	0	26.777	56.834	11.947
swarm_35_158.pdb	0	26.274	52.709	11.944
swarm_14_68.pdb	0	26.528	59.141	11.922
swarm_30_65.pdb	0.00724638	16.193	37.079	11.906
swarm_16_123.pdb	0	29.217	53.181	11.867
swarm_23_38.pdb	0	26.445	43.562	11.865
swarm_39_148.pdb	0	24.288	41.078	11.857
swarm_13_164.pdb	0	28.426	60.361	11.782
swarm_12_142.pdb	0	31.237	70.384	11.695
swarm_4_91.pdb	0	29.359	50.068	11.586
swarm_16_96.pdb	0	22.532	50.159	11.542
swarm_32_96.pdb	0	33.701	54.827	11.531
swarm_41_135.pdb	0	25.493	40.852	11.526
swarm_40_57.pdb	0	16.161	64.728	11.452
swarm_55_84.pdb	0	26.110	46.815	11.418
swarm_44_108.pdb	0	29.549	52.059	11.399
swarm_0_37.pdb	0	41.656	87.522	11.383
swarm_38_164.pdb	0	24.157	58.467	11.331
swarm_30_135.pdb	0	25.502	44.528	11.261
swarm_34_148.pdb	0	31.102	41.739	11.238
swarm_60_124.pdb	0	26.133	48.764	11.211
swarm_28_30.pdb	0	17.573	46.859	11.169
swarm_27_111.pdb	0	28.124	64.427	11.031
swarm_66_76.pdb	0	21.663	42.822	11.008
swarm_29_36.pdb	0	23.974	42.611	11.008
swarm_35_88.pdb	0	27.510	55.937	10.941
swarm_31_51.pdb	0	27.889	50.554	10.833
swarm_20_167.pdb	0	27.298	55.696	10.817
swarm_35_54.pdb	0	26.696	52.636	10.811
swarm_19_30.pdb	0	25.202	49.588	10.799
swarm_34_163.pdb	0	25.718	39.238	10.798
swarm_4_194.pdb	0	26.276	46.374	10.745
swarm_28_131.pdb	0	27.815	46.221	10.650
swarm_14_174.pdb	0	23.623	54.612	10.642
swarm_63_96.pdb	0	30.505	59.042	10.567
swarm_57_21.pdb	0	19.037	31.965	10.543
swarm_27_103.pdb	0	25.578	68.783	10.534
swarm_10_136.pdb	0	29.241	58.789	10.509
swarm_34_98.pdb	0	23.050	35.739	10.309
swarm_50_91.pdb	0	27.031	47.073	10.307
swarm_66_141.pdb	0	21.568	38.858	10.302
swarm_45_112.pdb	0	28.105	40.253	10.172
swarm_19_80.pdb	0	26.646	52.549	10.123
swarm_17_7.pdb	0	31.290	60.968	10.024
swarm_65_164.pdb	0	15.639	41.587	9.866
swarm_54_193.pdb	0	23.908	41.995	9.851
swarm_19_29.pdb	0	27.362	52.609	9.792
swarm_5_68.pdb	0	20.610	43.242	9.789
swarm_30_116.pdb	0	24.204	46.720	9.734
swarm_42_184.pdb	0	8.173	32.575	9.604
swarm_4_2.pdb	0	23.987	48.825	9.525
swarm_66_134.pdb	0	22.846	47.013	9.509
swarm_24_188.pdb	0	26.048	59.451	9.450
swarm_39_83.pdb	0.0362319	14.840	42.881	9.402
swarm_14_164.pdb	0	28.339	52.101	9.202
swarm_46_76.pdb	0	24.922	53.919	9.168
swarm_58_59.pdb	0	24.176	52.855	9.099
swarm_65_129.pdb	0	18.219	44.162	9.051
swarm_19_26.pdb	0	17.346	33.707	8.983
swarm_34_110.pdb	0	17.880	36.156	8.920
swarm_62_51.pdb	0	22.216	41.059	8.890
swarm_3_0.pdb	0	15.405	44.573	8.854
swarm_56_140.pdb	0	19.408	34.602	8.841
swarm_42_182.pdb	0	25.503	49.670	8.738
swarm_13_43.pdb	0	28.655	47.059	8.726
swarm_0_129.pdb	0	35.077	81.120	8.678
swarm_54_192.pdb	0	24.212	51.429	8.506
swarm_22_192.pdb	0	23.410	46.222	8.457
swarm_22_73.pdb	0.0144928	10.443	27.477	8.264
swarm_34_175.pdb	0	21.074	36.348	8.255
swarm_46_169.pdb	0	26.283	59.104	8.193
swarm_62_3.pdb	0	23.524	60.583	8.163
swarm_16_105.pdb	0	25.537	50.631	8.159
swarm_10_166.pdb	0	18.940	58.403	8.114
swarm_13_196.pdb	0	15.138	45.494	8.077
swarm_57_120.pdb	0	22.235	64.256	8.072
swarm_48_199.pdb	0	17.538	55.867	7.915
swarm_30_94.pdb	0	26.430	44.748	7.828
swarm_19_48.pdb	0	27.755	48.168	7.807
swarm_18_173.pdb	0	20.822	46.928	7.544
swarm_50_181.pdb	0	23.638	47.039	7.534
swarm_16_17.pdb	0	20.718	47.275	7.430
swarm_54_64.pdb	0	23.816	45.214	6.962
swarm_66_24.pdb	0	22.281	40.876	6.813
swarm_30_13.pdb	0	23.294	43.921	6.813
swarm_57_50.pdb	0	18.814	56.528	6.773
swarm_43_106.pdb	0	21.058	45.773	6.570
swarm_55_23.pdb	0	24.516	52.513	6.534
swarm_39_143.pdb	0	26.079	48.828	6.219
swarm_57_31.pdb	0	24.656	54.475	6.008
swarm_51_127.pdb	0	23.524	63.693	6.004
swarm_46_77.pdb	0	26.669	50.904	5.808
swarm_48_1.pdb	0	24.712	62.183	5.685
swarm_19_36.pdb	0	19.637	47.507	5.404
swarm_4_139.pdb	0	29.573	42.980	4.906
swarm_1_77.pdb	0	25.966	70.943	4.876
swarm_13_42.pdb	0	27.422	53.051	4.668
swarm_66_23.pdb	0	27.418	44.131	4.660
swarm_52_161.pdb	0	22.361	61.037	4.660
swarm_5_27.pdb	0	27.557	52.409	4.658
swarm_66_86.pdb	0	15.481	38.085	4.628
swarm_43_166.pdb	0	24.492	60.317	4.605
swarm_43_174.pdb	0	25.132	52.679	4.472
swarm_13_37.pdb	0	21.847	56.038	4.197
swarm_20_119.pdb	0	21.208	55.155	3.930
swarm_7_110.pdb	0	32.686	67.548	3.767
swarm_13_94.pdb	0	17.548	56.448	3.679
swarm_49_90.pdb	0	20.957	54.256	3.539
swarm_55_93.pdb	0	25.091	39.236	3.534
swarm_3_177.pdb	0	28.022	49.661	3.521
swarm_66_96.pdb	0	23.033	41.103	3.503
swarm_3_112.pdb	0	24.958	51.681	3.498
swarm_39_108.pdb	0	26.565	56.608	3.474
swarm_50_46.pdb	0	17.536	31.013	3.141
swarm_51_196.pdb	0	19.712	59.290	2.800
swarm_21_106.pdb	0	25.453	48.897	2.714
swarm_27_64.pdb	0	32.183	66.149	2.687
swarm_4_65.pdb	0	25.552	36.274	2.675
swarm_3_61.pdb	0	23.670	52.709	2.597
swarm_54_125.pdb	0	17.293	55.216	2.544
swarm_57_152.pdb	0	25.578	52.321	2.209
swarm_57_6.pdb	0	26.624	55.118	2.172
swarm_44_126.pdb	0	27.568	49.759	1.811
swarm_60_12.pdb	0	21.738	49.209	1.720
swarm_37_177.pdb	0	23.557	37.910	1.656
swarm_50_16.pdb	0	27.259	46.224	1.326
swarm_9_37.pdb	0	31.252	69.373	1.039
swarm_12_150.pdb	0	28.062	77.965	0.952
swarm_47_195.pdb	0	23.928	54.107	0.912
swarm_35_93.pdb	0	19.676	51.873	0.737
swarm_22_105.pdb	0	24.729	45.955	0.568
swarm_25_42.pdb	0	13.447	54.982	0.543
swarm_41_2.pdb	0	17.975	44.099	0.323
swarm_30_32.pdb	0	24.044	44.177	0.265
swarm_38_32.pdb	0	30.462	56.541	0.263
swarm_42_32.pdb	0	24.620	46.795	0.258
swarm_66_56.pdb	0	23.058	39.489	0.223
swarm_27_190.pdb	0	27.836	54.983	0.210
swarm_49_159.pdb	0	27.624	66.548	0.132
swarm_46_105.pdb	0	26.927	53.658	-0.147
swarm_33_42.pdb	0	17.687	31.048	-0.160
swarm_4_156.pdb	0	25.157	43.087	-0.652
swarm_9_50.pdb	0	31.290	68.310	-0.953
swarm_7_66.pdb	0	28.390	63.846	-2.209
swarm_23_159.pdb	0	30.330	44.282	-2.427
swarm_12_38.pdb	0	29.258	76.241	-2.839
swarm_33_148.pdb	0	23.711	48.687	-2.980
swarm_28_129.pdb	0.00724638	19.946	46.029	-3.387
swarm_62_186.pdb	0	25.850	56.593	-3.489
swarm_23_3.pdb	0	30.276	44.015	-3.932
swarm_27_192.pdb	0	30.683	66.111	-4.089
swarm_32_123.pdb	0	27.428	62.722	-4.863
swarm_2_155.pdb	0	25.825	66.235	-5.438
swarm_10_17.pdb	0	20.869	61.025	-5.591
swarm_37_122.pdb	0	16.222	28.018	-5.809
swarm_63_173.pdb	0	21.742	56.506	-6.546
swarm_24_49.pdb	0	26.957	56.382	-6.689
swarm_6_113.pdb	0	19.448	48.790	-7.103
swarm_40_121.pdb	0	20.394	45.532	-7.904
swarm_47_115.pdb	0	25.937	51.738	-9.119
swarm_40_174.pdb	0	19.450	44.173	-9.199
swarm_2_181.pdb	0	24.881	71.338	-9.322
swarm_54_86.pdb	0	27.585	44.977	-9.506
swarm_55_129.pdb	0	22.844	47.631	-9.789
swarm_30_193.pdb	0	24.586	46.988	-10.031
swarm_55_136.pdb	0	24.693	48.186	-11.911
swarm_42_171.pdb	0	22.211	47.775	-11.970
swarm_12_111.pdb	0	33.771	76.806	-12.034
swarm_61_115.pdb	0	28.464	58.659	-12.498
swarm_2_145.pdb	0	24.407	62.062	-13.000
swarm_56_38.pdb	0	24.617	46.291	-13.401
swarm_57_90.pdb	0	20.054	52.602	-13.631
swarm_51_160.pdb	0	18.601	52.128	-13.687
swarm_37_3.pdb	0	29.982	45.826	-14.163
swarm_15_23.pdb	0	29.866	60.203	-14.710
swarm_41_133.pdb	0	28.707	55.713	-14.867
swarm_60_148.pdb	0	27.520	43.532	-15.572
swarm_0_46.pdb	0	31.635	84.834	-16.356
swarm_1_158.pdb	0	29.547	76.659	-17.391
swarm_20_43.pdb	0	29.715	64.071	-18.147
swarm_9_17.pdb	0	32.665	64.791	-18.553
swarm_12_71.pdb	0	34.065	70.232	-18.624
swarm_57_8.pdb	0	24.316	50.512	-18.652
swarm_19_52.pdb	0	21.059	44.345	-18.701
swarm_46_155.pdb	0	25.122	55.331	-20.204
swarm_28_26.pdb	0	22.263	48.117	-20.618
swarm_28_31.pdb	0.0217391	23.698	50.804	-20.627
swarm_30_40.pdb	0	24.323	44.784	-20.723
swarm_50_112.pdb	0	25.446	44.515	-20.942
swarm_15_182.pdb	0	29.999	54.005	-21.138
swarm_13_39.pdb	0	24.408	56.002	-21.901
swarm_9_86.pdb	0	26.547	72.423	-23.810
swarm_64_58.pdb	0	28.144	52.995	-23.880
swarm_13_14.pdb	0	25.244	51.904	-23.892
swarm_7_37.pdb	0	25.802	63.421	-25.107
swarm_15_128.pdb	0	29.181	59.641	-25.435
swarm_27_46.pdb	0	22.176	67.568	-26.428
swarm_50_71.pdb	0	26.274	45.769	-27.067
swarm_55_109.pdb	0	23.267	45.716	-28.061
swarm_30_89.pdb	0	19.856	43.376	-28.073
swarm_38_51.pdb	0	28.206	47.885	-28.846
swarm_66_193.pdb	0	22.237	43.801	-29.363
swarm_11_86.pdb	0	22.990	46.983	-29.582
swarm_49_160.pdb	0	20.697	53.335	-30.257
swarm_22_85.pdb	0	22.659	50.016	-31.348
swarm_11_65.pdb	0	24.099	47.641	-31.425
swarm_30_162.pdb	0	19.267	37.617	-31.976
swarm_43_95.pdb	0	26.127	53.413	-32.109
swarm_27_189.pdb	0	33.481	67.989	-32.428
swarm_28_107.pdb	0	24.824	44.756	-33.518
swarm_14_58.pdb	0	25.257	58.995	-33.632
swarm_7_80.pdb	0	23.887	55.682	-34.738
swarm_13_20.pdb	0	17.831	55.981	-36.775
swarm_29_82.pdb	0	28.222	44.856	-37.097
swarm_63_191.pdb	0	30.064	57.634	-37.957
swarm_61_170.pdb	0	21.934	58.055	-38.282
swarm_57_194.pdb	0	24.607	52.272	-40.685
swarm_66_81.pdb	0	28.391	45.582	-41.020
swarm_15_61.pdb	0	21.207	52.639	-41.368
swarm_11_125.pdb	0	20.119	29.407	-42.192
swarm_39_12.pdb	0	23.513	50.031	-42.242
swarm_63_125.pdb	0	25.228	54.971	-44.639
swarm_61_139.pdb	0	22.796	56.206	-44.689
swarm_32_89.pdb	0	29.584	59.846	-45.125
swarm_58_56.pdb	0	22.145	48.335	-47.084
swarm_31_79.pdb	0.123188	12.499	39.323	-48.006
swarm_43_7.pdb	0	22.658	64.276	-49.464
swarm_38_43.pdb	0	23.138	55.560	-50.698
swarm_49_8.pdb	0	26.383	62.837	-51.729
swarm_24_119.pdb	0	28.629	58.748	-52.247
swarm_44_195.pdb	0	21.336	59.292	-52.296
swarm_10_19.pdb	0	26.070	58.703	-52.497
swarm_43_152.pdb	0	12.041	42.554	-53.003
swarm_48_168.pdb	0	27.073	56.307	-53.781
swarm_39_195.pdb	0	28.674	52.865	-54.038
swarm_42_133.pdb	0	23.068	48.571	-54.156
swarm_48_28.pdb	0	24.163	53.831	-55.374
swarm_13_134.pdb	0	25.768	49.680	-55.683
swarm_28_17.pdb	0	23.079	46.493	-55.745
swarm_11_24.pdb	0	19.327	41.717	-55.800
swarm_1_7.pdb	0	25.342	78.000	-58.331
swarm_17_187.pdb	0	25.529	65.076	-58.530
swarm_47_72.pdb	0	22.873	53.991	-58.598
swarm_20_177.pdb	0	24.786	54.886	-60.598
swarm_11_129.pdb	0	22.013	33.091	-60.663
swarm_62_0.pdb	0	24.114	54.676	-61.216
swarm_56_27.pdb	0	25.115	45.299	-61.902
swarm_57_111.pdb	0	26.360	56.012	-63.456
swarm_40_6.pdb	0	27.607	59.444	-66.418
swarm_38_115.pdb	0	29.727	49.840	-74.432
swarm_38_67.pdb	0	28.696	49.280	-76.808
swarm_25_58.pdb	0	26.745	61.377	-78.399
swarm_48_153.pdb	0	21.161	50.240	-81.295
swarm_54_183.pdb	0	24.821	51.799	-92.896
swarm_46_12.pdb	0	27.581	53.526	-93.259
swarm_38_198.pdb	0	25.051	58.912	-102.245
swarm_54_118.pdb	0	22.492	46.262	-105.836
swarm_43_69.pdb	0	23.817	59.164	-111.648
swarm_42_140.pdb	0	25.029	52.117	-122.388
swarm_36_168.pdb	0	30.029	74.491	-144.950
swarm_37_62.pdb	0	19.616	34.813	-150.667
swarm_35_90.pdb	0	26.452	45.203	-153.273
swarm_3_140.pdb	0	23.728	51.146	-160.632
swarm_59_7.pdb	0	17.563	37.200	-162.363
swarm_55_199.pdb	0	26.068	48.896	-164.038
swarm_32_180.pdb	0	27.531	54.157	-171.833
swarm_46_16.pdb	0	26.588	54.684	-181.512
swarm_27_75.pdb	0	32.412	67.443	-186.180
swarm_55_74.pdb	0	25.712	51.674	-195.425
swarm_51_107.pdb	0	22.820	65.457	-196.462
swarm_7_182.pdb	0	28.930	52.888	-199.488
swarm_50_108.pdb	0	28.346	47.206	-199.612
