complex.1.pdb	0.831325	1.476	5.387
complex.2.pdb	0.891566	0.599	2.434
complex.3.pdb	0.445783	4.566	20.184
complex.4.pdb	0.614458	1.535	5.552
complex.5.pdb	0.566265	2.042	7.500
complex.6.pdb	0.53012	1.940	7.625
complex.7.pdb	0	16.334	45.263
complex.8.pdb	0.554217	3.310	13.420
complex.9.pdb	0	24.177	55.573
complex.10.pdb	0	15.670	37.242
complex.11.pdb	0	14.721	29.814
complex.12.pdb	0.060241	8.940	33.625
complex.13.pdb	0.301205	3.974	14.193
complex.14.pdb	0.518072	3.384	13.992
complex.15.pdb	0	20.365	48.548
complex.16.pdb	0.0843373	9.786	28.941
complex.17.pdb	0	13.858	30.331
complex.18.pdb	0	13.936	41.563
complex.19.pdb	0	13.416	46.890
complex.20.pdb	0.289157	4.660	17.694
complex.21.pdb	0	15.618	40.982
complex.22.pdb	0	12.968	37.591
complex.23.pdb	0	13.459	42.704
complex.24.pdb	0	13.358	36.901
complex.25.pdb	0	13.130	39.885
complex.26.pdb	0	19.930	52.638
complex.27.pdb	0	17.379	40.385
complex.28.pdb	0	19.683	48.827
complex.29.pdb	0	18.733	43.588
complex.30.pdb	0	17.574	52.614
complex.31.pdb	0	13.494	38.354
complex.32.pdb	0	18.492	42.902
complex.33.pdb	0	19.352	42.707
complex.34.pdb	0	15.447	40.058
complex.35.pdb	0	16.773	48.159
complex.36.pdb	0.0120482	14.486	49.742
complex.37.pdb	0	13.389	39.296
complex.38.pdb	0	24.785	54.277
complex.39.pdb	0	25.253	56.600
complex.40.pdb	0.39759	2.455	8.689
complex.41.pdb	0.53012	4.249	18.805
complex.42.pdb	0.518072	2.774	8.881
complex.43.pdb	0	14.782	44.237
complex.44.pdb	0	23.506	54.422
complex.45.pdb	0	25.231	55.905
complex.46.pdb	0	20.072	48.128
complex.47.pdb	0	19.240	42.767
complex.48.pdb	0	17.129	40.149
complex.49.pdb	0	14.175	52.839
complex.50.pdb	0	13.443	47.548
complex.51.pdb	0	16.992	50.849
complex.52.pdb	0.53012	1.916	5.652
complex.53.pdb	0	18.787	41.839
complex.54.pdb	0.0120482	9.807	28.402
complex.55.pdb	0	16.138	37.856
complex.56.pdb	0.0240964	14.704	42.277
complex.57.pdb	0.0120482	15.203	46.523
complex.58.pdb	0	13.173	44.256
complex.59.pdb	0.373494	4.318	19.920
complex.60.pdb	0	19.340	41.510
complex.61.pdb	0.120482	8.741	21.052
complex.62.pdb	0	12.134	24.908
complex.63.pdb	0.0120482	13.756	50.051
complex.64.pdb	0	16.670	51.369
complex.65.pdb	0	13.997	46.136
complex.66.pdb	0.506024	2.286	9.488
complex.67.pdb	0	19.788	51.218
complex.68.pdb	0.39759	2.642	5.936
complex.69.pdb	0	18.913	45.809
complex.70.pdb	0	17.311	49.898
complex.71.pdb	0	14.596	50.238
complex.72.pdb	0.457831	2.995	11.192
complex.73.pdb	0	23.555	55.346
complex.74.pdb	0	18.831	45.770
complex.75.pdb	0	16.423	46.428
complex.76.pdb	0	18.745	43.969
complex.77.pdb	0	20.490	42.335
complex.78.pdb	0.120482	8.732	21.943
complex.79.pdb	0	13.147	44.016
complex.80.pdb	0	13.949	49.323
complex.81.pdb	0	13.774	47.296
complex.82.pdb	0.0120482	14.330	51.957
complex.83.pdb	0	13.140	35.089
complex.84.pdb	0.421687	3.001	10.539
complex.85.pdb	0.421687	2.588	8.110
complex.86.pdb	0.0120482	14.013	51.586
complex.87.pdb	0	22.092	54.586
complex.88.pdb	0.301205	3.653	14.980
complex.89.pdb	0	18.780	46.901
complex.90.pdb	0	15.957	37.381
complex.91.pdb	0	18.537	41.689
complex.92.pdb	0	18.895	42.794
complex.93.pdb	0	23.960	55.898
complex.94.pdb	0	19.155	47.411
complex.95.pdb	0	19.682	44.159
complex.96.pdb	0	21.189	44.571
complex.97.pdb	0	18.225	54.194
complex.98.pdb	0.156627	6.923	22.731
complex.99.pdb	0.325301	3.507	11.713
complex.100.pdb	0	13.783	34.405
complex.101.pdb	0.060241	11.356	34.387
complex.102.pdb	0	14.195	49.382
complex.103.pdb	0	19.010	45.315
complex.104.pdb	0	18.813	46.087
complex.105.pdb	0	12.895	41.154
complex.106.pdb	0	14.014	50.846
complex.107.pdb	0	14.198	42.482
complex.108.pdb	0	14.521	51.563
complex.109.pdb	0	21.351	49.269
complex.110.pdb	0	19.650	49.764
complex.111.pdb	0.120482	9.373	25.898
complex.112.pdb	0	18.488	42.734
complex.113.pdb	0	15.120	31.319
complex.114.pdb	0	19.295	46.893
complex.115.pdb	0	13.747	39.640
complex.116.pdb	0	12.324	39.682
complex.117.pdb	0	13.307	45.437
complex.118.pdb	0	19.388	60.276
complex.119.pdb	0	15.876	56.314
complex.120.pdb	0	22.874	54.744
complex.121.pdb	0.0240964	10.009	22.910
complex.122.pdb	0	12.799	38.921
complex.123.pdb	0	20.630	46.311
complex.124.pdb	0	14.178	42.143
complex.125.pdb	0	15.915	44.675
complex.126.pdb	0	17.197	43.836
complex.127.pdb	0	17.769	64.621
complex.128.pdb	0	18.812	45.872
complex.129.pdb	0.0120482	15.442	49.090
complex.130.pdb	0	20.973	42.988
complex.131.pdb	0	13.406	40.500
complex.132.pdb	0	15.507	39.877
complex.133.pdb	0	13.428	49.460
complex.134.pdb	0	18.424	43.375
complex.135.pdb	0	12.968	33.757
complex.136.pdb	0	15.479	45.350
complex.137.pdb	0	18.755	42.339
complex.138.pdb	0	15.572	49.650
complex.139.pdb	0	18.652	61.180
complex.140.pdb	0	23.355	56.450
complex.141.pdb	0	16.321	42.728
complex.142.pdb	0.26506	4.221	13.408
complex.143.pdb	0	13.014	42.680
complex.144.pdb	0	20.824	43.781
complex.145.pdb	0.349398	3.671	14.823
complex.146.pdb	0	19.465	48.405
complex.147.pdb	0.0240964	8.592	22.230
complex.148.pdb	0	11.477	32.908
complex.149.pdb	0	13.012	45.171
complex.150.pdb	0	13.705	43.342
complex.151.pdb	0	26.264	56.405
complex.152.pdb	0	19.986	46.586
complex.153.pdb	0	15.360	39.894
complex.154.pdb	0	19.232	43.541
complex.155.pdb	0	19.693	46.922
complex.156.pdb	0	13.570	50.339
complex.157.pdb	0.0120482	13.324	46.654
complex.158.pdb	0	18.244	43.102
complex.159.pdb	0	21.098	49.457
complex.160.pdb	0	19.301	41.787
complex.161.pdb	0	24.728	56.589
complex.162.pdb	0	22.783	55.307
complex.163.pdb	0	20.761	51.082
complex.164.pdb	0	13.049	30.393
complex.165.pdb	0	17.273	40.797
complex.166.pdb	0	15.953	29.258
complex.167.pdb	0	13.982	40.789
complex.168.pdb	0	19.731	62.016
complex.169.pdb	0.0120482	14.078	49.514
complex.170.pdb	0	19.873	40.518
complex.171.pdb	0	15.917	54.751
complex.172.pdb	0	19.286	43.586
complex.173.pdb	0.373494	3.055	9.419
complex.174.pdb	0	13.622	44.752
complex.175.pdb	0	17.559	52.481
complex.176.pdb	0	15.133	39.530
complex.177.pdb	0.46988	3.981	16.662
complex.178.pdb	0	18.914	43.648
complex.179.pdb	0.168675	5.711	19.277
complex.180.pdb	0	19.050	44.539
complex.181.pdb	0	18.649	49.986
complex.182.pdb	0	20.579	47.794
complex.183.pdb	0	13.149	40.277
complex.184.pdb	0.0120482	11.551	23.211
complex.185.pdb	0	14.890	42.528
complex.186.pdb	0	19.078	44.187
complex.187.pdb	0	15.282	47.157
complex.188.pdb	0	16.223	51.840
complex.189.pdb	0	14.131	52.460
complex.190.pdb	0	13.258	43.294
complex.191.pdb	0	25.259	66.121
complex.192.pdb	0	14.319	36.511
complex.193.pdb	0	21.293	50.076
complex.194.pdb	0	17.740	57.408
complex.195.pdb	0	13.155	46.689
complex.196.pdb	0	22.309	53.637
complex.197.pdb	0	14.531	39.979
complex.198.pdb	0.0963855	7.456	19.331
complex.199.pdb	0	12.436	33.767
complex.200.pdb	0	20.186	45.854
complex.201.pdb	0.0120482	10.176	23.371
complex.202.pdb	0	15.430	46.346
complex.203.pdb	0	13.922	39.494
complex.204.pdb	0	23.708	56.507
complex.205.pdb	0	16.960	43.231
complex.206.pdb	0	22.318	54.333
complex.207.pdb	0	17.099	53.834
complex.208.pdb	0	21.891	47.408
complex.209.pdb	0	19.191	43.200
complex.210.pdb	0	14.252	37.066
complex.211.pdb	0	18.777	43.579
complex.212.pdb	0	20.525	60.158
complex.213.pdb	0	19.641	48.944
complex.214.pdb	0	20.313	47.674
complex.215.pdb	0.0361446	9.673	25.564
complex.216.pdb	0	24.059	53.212
complex.217.pdb	0	15.227	44.326
complex.218.pdb	0.0361446	13.348	31.101
complex.219.pdb	0.445783	4.187	18.183
complex.220.pdb	0	14.136	50.480
complex.221.pdb	0	21.172	53.183
complex.222.pdb	0	19.117	44.747
complex.223.pdb	0	11.382	28.029
complex.224.pdb	0	14.282	36.613
complex.225.pdb	0	19.945	44.081
complex.226.pdb	0	16.649	45.093
complex.227.pdb	0	21.874	54.539
complex.228.pdb	0	25.283	57.890
complex.229.pdb	0	19.413	46.040
complex.230.pdb	0	17.525	44.760
complex.231.pdb	0	20.337	48.125
complex.232.pdb	0	20.611	46.871
complex.233.pdb	0	20.865	47.485
complex.234.pdb	0	15.970	44.214
complex.235.pdb	0.253012	4.979	18.201
complex.236.pdb	0	20.880	48.624
complex.237.pdb	0	16.491	32.013
complex.238.pdb	0	13.871	44.671
complex.239.pdb	0.0120482	10.417	32.908
complex.240.pdb	0	20.389	49.040
complex.241.pdb	0	15.502	42.726
complex.242.pdb	0	21.492	56.420
complex.243.pdb	0	17.980	44.297
complex.244.pdb	0	13.239	39.894
complex.245.pdb	0	16.221	55.333
complex.246.pdb	0	13.158	41.377
complex.247.pdb	0	19.019	49.429
complex.248.pdb	0	14.747	35.212
complex.249.pdb	0	17.467	38.864
complex.250.pdb	0.0120482	8.840	22.750
complex.251.pdb	0	19.052	42.807
complex.252.pdb	0	16.819	43.089
complex.253.pdb	0	21.714	50.695
complex.254.pdb	0	20.679	46.889
complex.255.pdb	0	16.454	43.249
complex.256.pdb	0	23.900	50.093
complex.257.pdb	0	19.049	47.750
complex.258.pdb	0	23.714	55.835
complex.259.pdb	0.0120482	14.396	38.630
complex.260.pdb	0	17.572	47.537
complex.261.pdb	0	18.670	42.351
complex.262.pdb	0	13.836	41.476
complex.263.pdb	0.0843373	9.357	24.842
complex.264.pdb	0	15.901	39.747
complex.265.pdb	0	15.640	49.882
complex.266.pdb	0.26506	5.002	14.871
complex.267.pdb	0	11.552	38.851
complex.268.pdb	0	9.999	22.245
complex.269.pdb	0	15.438	54.184
complex.270.pdb	0.0120482	9.488	25.449
complex.271.pdb	0	16.436	51.252
complex.272.pdb	0	20.365	47.952
complex.273.pdb	0	15.576	42.586
complex.274.pdb	0.349398	2.599	5.661
complex.275.pdb	0	19.833	44.791
complex.276.pdb	0.13253	7.524	19.756
complex.277.pdb	0	20.258	46.876
complex.278.pdb	0	14.282	36.236
complex.279.pdb	0	9.780	21.831
complex.280.pdb	0	12.820	39.842
complex.281.pdb	0	19.266	43.067
complex.282.pdb	0	16.571	49.505
complex.283.pdb	0	14.592	38.032
complex.284.pdb	0	15.148	42.160
complex.285.pdb	0	18.145	42.836
complex.286.pdb	0	15.847	49.676
complex.287.pdb	0	18.646	43.446
complex.288.pdb	0	21.778	51.439
complex.289.pdb	0	13.659	49.852
complex.290.pdb	0	17.417	39.883
complex.291.pdb	0	20.535	47.605
complex.292.pdb	0	20.595	47.203
complex.293.pdb	0.0843373	8.054	23.901
complex.294.pdb	0	13.330	38.592
complex.295.pdb	0	24.394	56.622
complex.296.pdb	0	15.531	46.555
complex.297.pdb	0	20.046	57.015
complex.298.pdb	0	23.933	51.404
complex.299.pdb	0	12.312	39.627
complex.300.pdb	0	19.931	47.320
complex.301.pdb	0	22.988	59.423
complex.302.pdb	0	13.967	45.471
complex.303.pdb	0	14.494	51.383
complex.304.pdb	0	13.216	41.403
complex.305.pdb	0.0120482	11.995	35.658
complex.306.pdb	0	17.123	48.493
complex.307.pdb	0	18.602	49.639
complex.308.pdb	0	18.766	42.306
complex.309.pdb	0	21.819	53.423
complex.310.pdb	0	21.894	47.378
complex.311.pdb	0	14.612	33.240
complex.312.pdb	0.0120482	14.531	52.531
complex.313.pdb	0	13.002	42.847
complex.314.pdb	0	17.851	40.941
complex.315.pdb	0	18.801	46.793
complex.316.pdb	0	19.605	46.153
complex.317.pdb	0	22.672	55.293
complex.318.pdb	0	11.911	35.453
complex.319.pdb	0.0120482	14.594	39.494
complex.320.pdb	0	14.896	44.756
complex.321.pdb	0.253012	4.338	17.057
complex.322.pdb	0	26.146	54.567
complex.323.pdb	0.289157	4.257	18.013
complex.324.pdb	0	13.829	32.171
complex.325.pdb	0	20.349	49.551
complex.326.pdb	0	20.645	47.275
complex.327.pdb	0	24.308	55.164
complex.328.pdb	0.0481928	12.732	40.092
complex.329.pdb	0.0120482	13.884	51.458
complex.330.pdb	0.289157	2.479	7.790
complex.331.pdb	0	11.242	31.257
complex.332.pdb	0	13.857	46.095
complex.333.pdb	0	21.148	47.388
complex.334.pdb	0	12.375	29.416
complex.335.pdb	0	18.240	37.776
complex.336.pdb	0	16.740	53.213
complex.337.pdb	0	16.576	39.351
complex.338.pdb	0	24.055	49.896
complex.339.pdb	0	17.208	51.815
complex.340.pdb	0	23.909	48.713
complex.341.pdb	0	22.622	54.082
complex.342.pdb	0	19.739	41.923
complex.343.pdb	0	19.992	49.003
complex.344.pdb	0	22.465	71.716
complex.345.pdb	0	22.598	47.785
complex.346.pdb	0	17.016	46.885
complex.347.pdb	0	20.937	49.907
complex.348.pdb	0	11.551	35.591
complex.349.pdb	0	15.317	32.074
complex.350.pdb	0	13.989	36.529
complex.351.pdb	0	14.977	35.720
complex.352.pdb	0.0120482	13.283	47.990
complex.353.pdb	0.722892	1.718	5.709
complex.354.pdb	0	20.115	47.707
complex.355.pdb	0	16.935	54.540
complex.356.pdb	0.0481928	5.871	22.732
complex.357.pdb	0.0120482	14.546	41.233
complex.358.pdb	0	20.814	53.900
complex.359.pdb	0	21.577	47.071
complex.360.pdb	0	21.474	52.557
complex.361.pdb	0	15.164	49.619
complex.362.pdb	0	20.596	49.883
complex.363.pdb	0	13.935	41.003
complex.364.pdb	0	18.575	36.713
complex.365.pdb	0	18.109	43.323
complex.366.pdb	0	19.285	45.444
complex.367.pdb	0	13.482	39.505
complex.368.pdb	0.0120482	14.982	50.190
complex.369.pdb	0	21.527	48.765
complex.370.pdb	0	21.799	54.695
complex.371.pdb	0	17.434	44.244
complex.372.pdb	0	18.860	44.481
complex.373.pdb	0	17.283	48.933
complex.374.pdb	0.13253	6.657	26.336
complex.375.pdb	0.506024	2.369	5.358
complex.376.pdb	0	21.797	50.586
complex.377.pdb	0	12.143	39.299
complex.378.pdb	0	14.482	36.007
complex.379.pdb	0	24.356	56.574
complex.380.pdb	0	21.560	48.719
complex.381.pdb	0	16.128	53.407
complex.382.pdb	0	12.527	36.904
complex.383.pdb	0	21.112	47.654
complex.384.pdb	0	19.874	46.595
complex.385.pdb	0	16.597	47.824
complex.386.pdb	0	20.457	48.775
complex.387.pdb	0	14.882	35.286
complex.388.pdb	0	14.574	34.428
complex.389.pdb	0	13.366	51.192
complex.390.pdb	0	15.270	49.737
complex.391.pdb	0	20.357	45.176
complex.392.pdb	0	19.947	49.670
complex.393.pdb	0	17.599	42.403
complex.394.pdb	0	18.938	44.632
complex.395.pdb	0	12.728	36.940
complex.396.pdb	0	14.607	48.471
complex.397.pdb	0	15.591	55.126
complex.398.pdb	0	20.508	43.826
complex.399.pdb	0	13.676	30.395
complex.400.pdb	0	16.233	54.727
complex.401.pdb	0.240964	4.906	22.471
complex.402.pdb	0.228916	4.183	16.644
complex.403.pdb	0	26.447	55.922
complex.404.pdb	0	22.304	54.172
complex.405.pdb	0.120482	8.163	18.642
complex.406.pdb	0	15.620	44.479
complex.407.pdb	0	17.300	38.076
complex.408.pdb	0	14.241	31.823
complex.409.pdb	0	18.961	44.281
complex.410.pdb	0	19.016	43.157
complex.411.pdb	0	16.283	54.488
complex.412.pdb	0	11.866	41.392
complex.413.pdb	0	13.318	42.531
complex.414.pdb	0	24.965	58.927
complex.415.pdb	0	12.627	43.217
complex.416.pdb	0	11.836	35.192
complex.417.pdb	0	15.575	44.485
complex.418.pdb	0	23.996	54.448
complex.419.pdb	0	21.119	49.877
complex.420.pdb	0	24.755	55.242
complex.421.pdb	0	26.052	55.530
complex.422.pdb	0	12.348	35.057
complex.423.pdb	0	19.287	45.069
complex.424.pdb	0	22.039	56.064
complex.425.pdb	0	24.192	56.273
complex.426.pdb	0	19.252	45.320
complex.427.pdb	0	13.334	33.545
complex.428.pdb	0.0120482	12.588	23.799
complex.429.pdb	0	21.260	50.270
complex.430.pdb	0	22.156	51.118
complex.431.pdb	0	16.197	45.247
complex.432.pdb	0.120482	6.512	15.287
complex.433.pdb	0	12.258	35.473
complex.434.pdb	0	18.955	44.555
complex.435.pdb	0	16.493	42.170
complex.436.pdb	0	15.169	42.516
complex.437.pdb	0	16.594	45.718
complex.438.pdb	0	18.071	41.133
complex.439.pdb	0	17.407	44.234
complex.440.pdb	0	13.129	41.421
complex.441.pdb	0	19.148	57.366
complex.442.pdb	0	10.955	29.879
complex.443.pdb	0	18.690	43.216
complex.444.pdb	0	16.284	52.879
complex.445.pdb	0	19.502	46.982
complex.446.pdb	0	14.919	44.704
complex.447.pdb	0.325301	4.663	20.679
complex.448.pdb	0	19.124	47.750
complex.449.pdb	0	15.852	41.378
complex.450.pdb	0	12.766	35.723
complex.451.pdb	0.13253	9.953	29.597
complex.452.pdb	0	23.653	48.233
complex.453.pdb	0	24.035	52.036
complex.454.pdb	0	18.887	61.332
complex.455.pdb	0	18.745	47.622
complex.456.pdb	0	18.100	45.293
complex.457.pdb	0	16.788	40.839
complex.458.pdb	0	18.294	48.226
complex.459.pdb	0.144578	5.108	18.833
complex.460.pdb	0	18.733	47.101
complex.461.pdb	0	14.152	44.946
complex.462.pdb	0	19.689	46.374
complex.463.pdb	0	22.740	52.674
complex.464.pdb	0	18.884	46.895
complex.465.pdb	0	21.777	47.875
complex.466.pdb	0	21.485	52.830
complex.467.pdb	0	21.346	49.587
complex.468.pdb	0	19.478	46.179
complex.469.pdb	0	17.703	41.732
complex.470.pdb	0	14.401	39.937
complex.471.pdb	0	25.777	60.124
complex.472.pdb	0	18.788	45.786
complex.473.pdb	0	21.879	55.185
complex.474.pdb	0	26.238	61.650
complex.475.pdb	0	14.974	37.328
complex.476.pdb	0	13.914	35.173
complex.477.pdb	0	19.475	46.235
complex.478.pdb	0	21.120	49.953
complex.479.pdb	0.0843373	9.098	26.546
complex.480.pdb	0.409639	2.878	11.149
complex.481.pdb	0	21.826	51.149
complex.482.pdb	0	19.158	46.248
complex.483.pdb	0	16.135	45.613
complex.484.pdb	0.0120482	14.498	52.887
complex.485.pdb	0	20.660	47.990
complex.486.pdb	0	23.921	56.432
complex.487.pdb	0	14.025	23.699
complex.488.pdb	0	19.668	60.023
complex.489.pdb	0	21.351	46.273
complex.490.pdb	0	15.954	45.084
complex.491.pdb	0	14.202	48.714
complex.492.pdb	0	15.800	54.568
complex.493.pdb	0	26.420	58.184
complex.494.pdb	0	16.362	50.984
complex.495.pdb	0	17.015	40.878
complex.496.pdb	0	13.950	53.577
complex.497.pdb	0	15.827	57.635
complex.498.pdb	0	18.344	41.234
complex.499.pdb	0	16.214	43.846
complex.500.pdb	0	13.674	31.236
complex.501.pdb	0	23.029	54.386
complex.502.pdb	0	13.899	24.156
complex.503.pdb	0	13.481	35.314
complex.504.pdb	0	20.996	50.500
complex.505.pdb	0	12.704	44.504
complex.506.pdb	0.0722892	8.711	18.735
complex.507.pdb	0	18.818	49.651
complex.508.pdb	0	18.710	44.272
complex.509.pdb	0	24.640	53.040
complex.510.pdb	0	18.763	46.992
complex.511.pdb	0	20.559	44.024
complex.512.pdb	0	14.404	32.172
complex.513.pdb	0	19.316	41.378
complex.514.pdb	0	21.315	56.735
complex.515.pdb	0	20.058	44.386
complex.516.pdb	0	26.664	58.281
complex.517.pdb	0	16.785	44.765
complex.518.pdb	0	15.257	41.194
complex.519.pdb	0	16.043	52.654
complex.520.pdb	0.277108	3.120	12.312
complex.521.pdb	0	21.202	49.454
complex.522.pdb	0	17.923	46.830
complex.523.pdb	0	17.284	51.954
complex.524.pdb	0	14.124	41.128
complex.525.pdb	0	17.213	46.464
complex.526.pdb	0	15.812	46.073
complex.527.pdb	0.060241	7.500	24.090
complex.528.pdb	0.0240964	10.391	28.129
complex.529.pdb	0	23.282	54.528
complex.530.pdb	0	12.587	36.428
complex.531.pdb	0	14.686	50.382
complex.532.pdb	0	18.882	40.913
complex.533.pdb	0	20.602	46.630
complex.534.pdb	0.108434	8.226	28.173
complex.535.pdb	0.0120482	13.291	43.718
complex.536.pdb	0	13.875	33.818
complex.537.pdb	0	18.211	46.597
complex.538.pdb	0	20.536	47.422
complex.539.pdb	0	14.327	51.138
complex.540.pdb	0	14.247	40.980
complex.541.pdb	0	17.436	45.776
complex.542.pdb	0	19.801	46.041
complex.543.pdb	0	14.944	43.061
complex.544.pdb	0	21.940	55.849
complex.545.pdb	0	16.451	38.622
complex.546.pdb	0	20.546	50.086
complex.547.pdb	0	16.058	52.629
complex.548.pdb	0	19.809	48.066
complex.549.pdb	0	19.611	58.894
complex.550.pdb	0	15.724	47.968
complex.551.pdb	0.060241	11.025	40.789
complex.552.pdb	0	11.196	34.028
complex.553.pdb	0	15.701	39.392
complex.554.pdb	0	12.622	32.651
complex.555.pdb	0	21.331	48.881
complex.556.pdb	0.108434	8.305	19.003
complex.557.pdb	0	15.340	48.533
complex.558.pdb	0	18.999	41.550
complex.559.pdb	0	17.852	45.860
complex.560.pdb	0.0722892	12.788	36.607
complex.561.pdb	0	17.926	41.620
complex.562.pdb	0.0843373	8.030	18.660
complex.563.pdb	0	13.566	31.337
complex.564.pdb	0	16.862	48.048
complex.565.pdb	0	14.031	34.321
complex.566.pdb	0.301205	4.454	19.855
complex.567.pdb	0	17.555	47.218
complex.568.pdb	0	18.245	44.030
complex.569.pdb	0	15.551	41.388
complex.570.pdb	0	17.477	39.642
complex.571.pdb	0	19.435	44.308
complex.572.pdb	0.0120482	15.691	50.367
complex.573.pdb	0	20.673	42.713
complex.574.pdb	0	18.548	47.001
complex.575.pdb	0	12.071	35.100
complex.576.pdb	0	13.262	46.979
complex.577.pdb	0	14.568	39.370
complex.578.pdb	0	18.580	54.708
complex.579.pdb	0	19.484	56.301
complex.580.pdb	0	15.568	49.867
complex.581.pdb	0	21.044	53.073
complex.582.pdb	0	16.421	55.644
complex.583.pdb	0.144578	3.917	11.996
complex.584.pdb	0	18.016	43.402
complex.585.pdb	0.0120482	12.702	36.427
complex.586.pdb	0	16.196	57.496
complex.587.pdb	0	20.770	48.795
complex.588.pdb	0	25.311	58.111
complex.589.pdb	0.0120482	12.350	26.559
complex.590.pdb	0	15.465	53.538
complex.591.pdb	0	19.286	43.055
complex.592.pdb	0	20.572	56.486
complex.593.pdb	0	15.957	51.143
complex.594.pdb	0	17.405	41.275
complex.595.pdb	0	19.128	44.296
complex.596.pdb	0	17.753	44.684
complex.597.pdb	0	16.597	56.688
complex.598.pdb	0.0240964	8.390	25.571
complex.599.pdb	0	10.341	17.852
complex.600.pdb	0	18.883	53.415
complex.601.pdb	0	24.930	56.016
complex.602.pdb	0	15.691	29.846
complex.603.pdb	0	18.130	42.770
complex.604.pdb	0	24.845	54.554
complex.605.pdb	0	16.816	44.886
complex.606.pdb	0	24.951	55.531
complex.607.pdb	0	21.492	52.707
complex.608.pdb	0	17.409	44.062
complex.609.pdb	0	23.797	57.135
complex.610.pdb	0	17.243	44.897
complex.611.pdb	0	21.738	52.448
complex.612.pdb	0	14.576	41.843
complex.613.pdb	0	20.815	54.167
complex.614.pdb	0	17.957	43.864
complex.615.pdb	0	16.908	39.610
complex.616.pdb	0	19.831	45.719
complex.617.pdb	0.301205	4.278	13.356
complex.618.pdb	0	15.683	59.053
complex.619.pdb	0	15.362	51.516
complex.620.pdb	0	15.888	45.931
complex.621.pdb	0	17.441	51.087
complex.622.pdb	0	10.503	25.353
complex.623.pdb	0	20.610	46.898
complex.624.pdb	0	16.951	43.758
complex.625.pdb	0	15.235	47.196
complex.626.pdb	0	16.621	43.431
complex.627.pdb	0	19.756	47.329
complex.628.pdb	0	16.246	46.967
complex.629.pdb	0	19.293	41.087
complex.630.pdb	0	13.372	52.054
complex.631.pdb	0.0120482	14.268	46.712
complex.632.pdb	0	14.647	41.214
complex.633.pdb	0	18.275	47.611
complex.634.pdb	0	23.422	56.215
complex.635.pdb	0.0843373	10.348	35.319
complex.636.pdb	0	12.977	37.043
complex.637.pdb	0	20.742	51.237
complex.638.pdb	0	15.690	38.728
complex.639.pdb	0	21.599	55.562
complex.640.pdb	0	20.378	47.783
complex.641.pdb	0.0843373	9.744	27.576
complex.642.pdb	0	14.940	45.210
complex.643.pdb	0	16.970	42.856
complex.644.pdb	0	21.288	51.635
complex.645.pdb	0	22.623	56.086
complex.646.pdb	0	13.334	39.480
complex.647.pdb	0	15.154	47.151
complex.648.pdb	0	18.007	49.081
complex.649.pdb	0	18.463	45.166
complex.650.pdb	0	14.786	37.705
complex.651.pdb	0	19.540	38.984
complex.652.pdb	0	11.315	39.521
complex.653.pdb	0	15.782	48.207
complex.654.pdb	0	19.745	47.668
complex.655.pdb	0	15.547	46.125
complex.656.pdb	0	16.985	50.216
complex.657.pdb	0	19.117	48.724
complex.658.pdb	0	18.446	47.183
complex.659.pdb	0	23.645	55.122
complex.660.pdb	0	18.713	46.047
complex.661.pdb	0	18.446	41.174
complex.662.pdb	0	14.148	39.748
complex.663.pdb	0	17.981	47.999
complex.664.pdb	0	25.861	55.557
complex.665.pdb	0	23.690	55.006
complex.666.pdb	0	16.550	45.903
complex.667.pdb	0	20.349	48.354
complex.668.pdb	0	19.188	47.083
complex.669.pdb	0	26.198	56.931
complex.670.pdb	0	20.527	45.397
complex.671.pdb	0	22.021	46.539
complex.672.pdb	0	21.111	48.922
complex.673.pdb	0	19.204	47.929
complex.674.pdb	0	11.912	32.996
complex.675.pdb	0.168675	5.579	23.481
complex.676.pdb	0.0843373	10.130	28.298
complex.677.pdb	0	26.299	56.082
complex.678.pdb	0	17.465	64.367
complex.679.pdb	0	19.524	59.140
complex.680.pdb	0	19.258	47.503
complex.681.pdb	0	19.513	48.265
complex.682.pdb	0	22.960	56.235
complex.683.pdb	0	14.093	36.750
complex.684.pdb	0	15.874	48.496
complex.685.pdb	0.0722892	13.080	37.658
complex.686.pdb	0.0361446	8.906	27.206
complex.687.pdb	0	24.627	61.172
complex.688.pdb	0	17.140	49.243
complex.689.pdb	0	18.477	43.412
complex.690.pdb	0	25.295	58.949
complex.691.pdb	0	14.111	32.593
complex.692.pdb	0	15.755	43.665
complex.693.pdb	0	15.096	50.613
complex.694.pdb	0	20.756	45.725
complex.695.pdb	0.0120482	15.544	48.347
complex.696.pdb	0	19.341	48.416
complex.697.pdb	0.0120482	11.427	23.312
complex.698.pdb	0	19.193	48.344
complex.699.pdb	0	22.812	51.979
complex.700.pdb	0	21.225	56.229
complex.701.pdb	0	19.649	49.271
complex.702.pdb	0.0361446	8.143	17.003
complex.703.pdb	0	20.813	41.693
complex.704.pdb	0	15.346	46.008
complex.705.pdb	0	16.156	48.393
complex.706.pdb	0.0120482	10.817	20.996
complex.707.pdb	0	20.605	48.023
complex.708.pdb	0.0843373	10.704	27.535
complex.709.pdb	0	25.371	55.374
complex.710.pdb	0.192771	3.580	13.127
complex.711.pdb	0	19.970	46.989
complex.712.pdb	0	20.366	51.324
complex.713.pdb	0	15.833	47.237
complex.714.pdb	0	15.367	41.738
complex.715.pdb	0	21.308	48.412
complex.716.pdb	0	14.709	35.960
complex.717.pdb	0.0722892	8.742	24.124
complex.718.pdb	0.349398	3.703	16.166
complex.719.pdb	0	14.685	42.184
complex.720.pdb	0	16.161	48.495
complex.721.pdb	0	18.593	42.679
complex.722.pdb	0	12.084	41.026
complex.723.pdb	0	18.605	46.416
complex.724.pdb	0.0361446	8.973	24.157
complex.725.pdb	0	21.074	56.385
complex.726.pdb	0	12.739	40.481
complex.727.pdb	0	16.507	58.543
complex.728.pdb	0	11.314	30.029
complex.729.pdb	0	15.475	54.131
complex.730.pdb	0.0843373	12.255	32.936
complex.731.pdb	0	16.991	51.639
complex.732.pdb	0	19.751	46.666
complex.733.pdb	0	18.633	40.666
complex.734.pdb	0	17.447	47.858
complex.735.pdb	0	21.330	51.646
complex.736.pdb	0.0120482	15.064	44.052
complex.737.pdb	0	21.189	47.730
complex.738.pdb	0	13.693	45.205
complex.739.pdb	0	20.295	43.390
complex.740.pdb	0	16.747	38.083
complex.741.pdb	0	18.680	40.126
complex.742.pdb	0	16.975	40.605
complex.743.pdb	0	21.564	46.915
complex.744.pdb	0	16.095	54.905
complex.745.pdb	0	16.019	46.123
complex.746.pdb	0	18.212	50.049
complex.747.pdb	0	25.540	59.446
complex.748.pdb	0	11.556	30.064
complex.749.pdb	0	11.538	22.695
complex.750.pdb	0.0120482	14.948	45.875
complex.751.pdb	0	7.351	26.686
complex.752.pdb	0	20.532	52.851
complex.753.pdb	0	15.916	51.512
complex.754.pdb	0	19.955	58.876
complex.755.pdb	0	17.622	58.882
complex.756.pdb	0	23.266	55.308
complex.757.pdb	0	19.196	45.180
complex.758.pdb	0	18.169	40.537
complex.759.pdb	0	14.313	37.927
complex.760.pdb	0.0120482	6.887	15.979
complex.761.pdb	0	16.589	43.605
complex.762.pdb	0	13.750	29.676
complex.763.pdb	0	19.851	43.634
complex.764.pdb	0	11.029	30.891
complex.765.pdb	0	21.605	50.572
complex.766.pdb	0	21.041	48.427
complex.767.pdb	0.0120482	14.964	45.192
complex.768.pdb	0.0722892	11.641	45.052
complex.769.pdb	0	19.728	46.826
complex.770.pdb	0	22.948	61.707
complex.771.pdb	0.0240964	9.434	23.571
complex.772.pdb	0	24.877	53.303
complex.773.pdb	0	18.858	46.630
complex.774.pdb	0	14.478	48.927
complex.775.pdb	0	15.852	54.780
complex.776.pdb	0	20.550	48.181
complex.777.pdb	0	18.910	45.910
complex.778.pdb	0	17.374	56.671
complex.779.pdb	0	17.926	60.152
complex.780.pdb	0.0120482	14.286	51.379
complex.781.pdb	0	16.794	41.394
complex.782.pdb	0	14.702	33.525
complex.783.pdb	0	17.851	44.756
complex.784.pdb	0	16.956	31.569
complex.785.pdb	0	18.121	39.188
complex.786.pdb	0	13.826	37.589
complex.787.pdb	0.0240964	8.843	22.984
complex.788.pdb	0	13.136	42.696
complex.789.pdb	0	17.371	42.716
complex.790.pdb	0	21.673	49.125
complex.791.pdb	0	19.355	46.294
complex.792.pdb	0	16.160	39.967
complex.793.pdb	0	13.441	31.509
complex.794.pdb	0	27.205	59.003
complex.795.pdb	0.277108	3.306	14.016
complex.796.pdb	0	17.890	44.598
complex.797.pdb	0.0120482	14.356	41.141
complex.798.pdb	0	17.205	41.747
complex.799.pdb	0	17.713	40.031
complex.800.pdb	0	13.106	32.226
complex.801.pdb	0	20.945	47.578
complex.802.pdb	0	14.063	39.526
complex.803.pdb	0	17.668	44.281
complex.804.pdb	0	16.962	51.440
complex.805.pdb	0	13.430	39.508
complex.806.pdb	0	11.236	38.436
complex.807.pdb	0	18.176	54.865
complex.808.pdb	0	17.759	38.598
complex.809.pdb	0	18.080	47.546
complex.810.pdb	0	26.654	58.391
complex.811.pdb	0	17.703	39.692
complex.812.pdb	0.0120482	15.525	48.598
complex.813.pdb	0	10.617	29.966
complex.814.pdb	0	13.139	30.492
complex.815.pdb	0.0120482	12.246	25.529
complex.816.pdb	0	18.088	37.846
complex.817.pdb	0.0722892	11.474	43.190
complex.818.pdb	0	26.083	59.551
complex.819.pdb	0	11.378	38.295
complex.820.pdb	0	18.360	44.227
complex.821.pdb	0	24.391	56.235
complex.822.pdb	0	16.350	42.334
complex.823.pdb	0	21.695	49.974
complex.824.pdb	0	21.771	49.804
complex.825.pdb	0	16.227	42.710
complex.826.pdb	0	10.314	31.624
complex.827.pdb	0	15.796	43.749
complex.828.pdb	0	17.381	44.316
complex.829.pdb	0.313253	3.434	11.070
complex.830.pdb	0	20.117	42.811
complex.831.pdb	0	22.860	50.679
complex.832.pdb	0	12.716	39.801
complex.833.pdb	0	18.929	42.272
complex.834.pdb	0	20.041	44.277
complex.835.pdb	0	13.718	30.415
complex.836.pdb	0	17.953	45.657
complex.837.pdb	0	18.430	47.000
complex.838.pdb	0	19.074	47.152
complex.839.pdb	0	18.651	38.361
complex.840.pdb	0	19.373	51.186
complex.841.pdb	0	17.857	44.333
complex.842.pdb	0.0120482	13.374	37.906
complex.843.pdb	0	18.803	43.863
complex.844.pdb	0	25.144	55.886
complex.845.pdb	0	10.966	34.098
complex.846.pdb	0.0120482	11.846	37.031
complex.847.pdb	0.0120482	14.288	41.347
complex.848.pdb	0	17.508	42.684
complex.849.pdb	0	18.074	42.969
complex.850.pdb	0.0361446	9.724	24.870
complex.851.pdb	0	18.134	51.424
complex.852.pdb	0	16.862	53.949
complex.853.pdb	0	16.240	51.486
complex.854.pdb	0	14.433	38.206
complex.855.pdb	0.13253	11.561	28.952
complex.856.pdb	0	17.946	60.173
complex.857.pdb	0	13.907	34.109
complex.858.pdb	0	17.898	44.611
complex.859.pdb	0	15.211	51.731
complex.860.pdb	0	18.439	44.582
complex.861.pdb	0	18.404	56.981
complex.862.pdb	0	18.673	46.551
complex.863.pdb	0	23.483	54.319
complex.864.pdb	0	17.919	41.302
complex.865.pdb	0	20.327	47.556
complex.866.pdb	0	24.139	55.966
complex.867.pdb	0	18.729	41.292
complex.868.pdb	0	28.442	57.836
complex.869.pdb	0.0481928	10.048	29.177
complex.870.pdb	0	17.634	45.942
complex.871.pdb	0	19.392	55.593
complex.872.pdb	0	21.055	48.932
complex.873.pdb	0	19.507	47.062
complex.874.pdb	0	13.820	52.114
complex.875.pdb	0	17.871	55.373
complex.876.pdb	0	12.831	37.592
complex.877.pdb	0	19.366	43.722
complex.878.pdb	0	12.970	36.418
complex.879.pdb	0.0240964	14.125	39.357
complex.880.pdb	0	18.347	43.439
complex.881.pdb	0	20.291	45.512
complex.882.pdb	0.253012	5.363	21.195
complex.883.pdb	0	15.571	28.027
complex.884.pdb	0	24.126	52.164
complex.885.pdb	0	12.699	43.260
complex.886.pdb	0.240964	3.704	7.523
complex.887.pdb	0	18.193	59.627
complex.888.pdb	0	17.378	40.374
complex.889.pdb	0	16.517	45.418
complex.890.pdb	0	23.083	57.547
complex.891.pdb	0	14.186	44.525
complex.892.pdb	0	18.451	44.384
complex.893.pdb	0	12.027	45.542
complex.894.pdb	0.0843373	10.727	28.766
complex.895.pdb	0	13.491	41.361
complex.896.pdb	0	27.194	60.880
complex.897.pdb	0	14.390	38.302
complex.898.pdb	0	18.530	55.412
complex.899.pdb	0	20.005	46.010
complex.900.pdb	0	21.944	47.856
complex.901.pdb	0	13.492	32.109
complex.902.pdb	0	24.507	54.873
complex.903.pdb	0	17.490	43.321
complex.904.pdb	0	13.478	52.436
complex.905.pdb	0	15.726	54.066
complex.906.pdb	0.108434	9.943	30.898
complex.907.pdb	0	25.679	58.392
complex.908.pdb	0	17.845	41.807
complex.909.pdb	0.337349	3.060	8.775
complex.910.pdb	0	13.842	30.452
complex.911.pdb	0.0120482	15.712	51.872
complex.912.pdb	0	19.916	56.191
complex.913.pdb	0	15.019	41.718
complex.914.pdb	0	13.229	27.245
complex.915.pdb	0.0120482	13.862	36.286
complex.916.pdb	0	18.830	41.227
complex.917.pdb	0	18.519	42.904
complex.918.pdb	0	18.313	42.574
complex.919.pdb	0	27.548	58.290
complex.920.pdb	0	21.218	49.227
complex.921.pdb	0	16.744	38.919
complex.922.pdb	0	11.094	19.998
complex.923.pdb	0	23.767	53.326
complex.924.pdb	0	19.261	38.551
complex.925.pdb	0	19.172	44.592
complex.926.pdb	0	17.028	42.296
complex.927.pdb	0	21.979	55.026
complex.928.pdb	0	23.133	56.309
complex.929.pdb	0	14.908	52.198
complex.930.pdb	0.0120482	13.412	36.042
complex.931.pdb	0	20.832	46.192
complex.932.pdb	0	18.919	51.015
complex.933.pdb	0	19.610	44.737
complex.934.pdb	0	21.315	56.236
complex.935.pdb	0	18.091	51.301
complex.936.pdb	0	12.514	31.977
complex.937.pdb	0	17.897	43.251
complex.938.pdb	0	22.100	49.855
complex.939.pdb	0	19.666	51.144
complex.940.pdb	0	22.532	57.518
complex.941.pdb	0	13.563	39.678
complex.942.pdb	0	10.017	26.003
complex.943.pdb	0	18.089	55.811
complex.944.pdb	0.0120482	12.445	34.105
complex.945.pdb	0	20.957	52.689
complex.946.pdb	0	18.077	45.539
complex.947.pdb	0	14.615	44.080
complex.948.pdb	0	16.425	52.716
complex.949.pdb	0	13.906	45.506
complex.950.pdb	0	19.907	43.773
complex.951.pdb	0	16.075	43.597
complex.952.pdb	0	23.468	54.823
complex.953.pdb	0	13.153	32.982
complex.954.pdb	0	17.472	42.446
complex.955.pdb	0	14.679	43.346
complex.956.pdb	0	18.642	44.806
complex.957.pdb	0	22.279	57.169
complex.958.pdb	0	23.610	49.692
complex.959.pdb	0	15.150	54.983
complex.960.pdb	0	18.647	43.184
complex.961.pdb	0	18.885	47.950
complex.962.pdb	0.0722892	9.827	27.169
complex.963.pdb	0	16.526	58.542
complex.964.pdb	0	16.280	38.653
complex.965.pdb	0	14.713	40.391
complex.966.pdb	0	18.071	42.023
complex.967.pdb	0	20.882	55.382
complex.968.pdb	0	15.362	53.350
complex.969.pdb	0	16.099	54.107
complex.970.pdb	0	18.426	46.797
complex.971.pdb	0	13.247	39.894
complex.972.pdb	0	19.028	44.928
complex.973.pdb	0	17.184	51.240
complex.974.pdb	0	17.291	58.173
complex.975.pdb	0	14.762	47.269
complex.976.pdb	0	23.556	52.964
complex.977.pdb	0	19.370	50.611
complex.978.pdb	0	18.881	38.929
complex.979.pdb	0	18.886	49.333
complex.980.pdb	0	18.888	46.562
complex.981.pdb	0	10.492	36.759
complex.982.pdb	0	20.907	52.473
complex.983.pdb	0	20.185	47.199
complex.984.pdb	0	14.036	36.913
complex.985.pdb	0.0843373	10.687	41.211
complex.986.pdb	0.0481928	12.408	46.190
complex.987.pdb	0	23.618	56.856
complex.988.pdb	0	24.220	56.643
complex.989.pdb	0	25.422	55.432
complex.990.pdb	0	21.543	49.525
complex.991.pdb	0	19.380	52.957
complex.992.pdb	0.554217	1.768	4.687
complex.993.pdb	0	17.938	58.145
complex.994.pdb	0	18.279	47.563
complex.995.pdb	0	19.218	48.611
complex.996.pdb	0	19.107	45.613
complex.997.pdb	0	19.333	41.405
complex.998.pdb	0.0120482	9.027	24.438
complex.999.pdb	0.0722892	10.163	37.151
complex.1000.pdb	0	14.874	28.071
complex.1001.pdb	0	20.106	44.543
complex.1002.pdb	0	20.883	50.874
complex.1003.pdb	0.0120482	11.798	23.547
complex.1004.pdb	0	17.724	49.609
complex.1005.pdb	0	15.896	56.704
complex.1006.pdb	0	9.044	16.641
complex.1007.pdb	0	11.870	32.745
complex.1008.pdb	0	20.080	49.836
complex.1009.pdb	0	11.433	38.431
complex.1010.pdb	0.204819	4.745	15.813
complex.1011.pdb	0	18.093	43.417
complex.1012.pdb	0	13.667	38.862
complex.1013.pdb	0	17.334	41.920
complex.1014.pdb	0.108434	9.327	22.097
complex.1015.pdb	0	15.124	49.741
complex.1016.pdb	0	17.018	41.057
complex.1017.pdb	0	19.688	47.638
complex.1018.pdb	0	17.393	40.284
complex.1019.pdb	0	23.593	49.069
complex.1020.pdb	0	19.371	61.018
complex.1021.pdb	0	21.736	49.064
complex.1022.pdb	0	17.663	44.887
complex.1023.pdb	0	19.043	46.679
complex.1024.pdb	0	20.532	47.473
complex.1025.pdb	0	15.182	53.538
complex.1026.pdb	0	16.319	49.429
complex.1027.pdb	0	17.613	43.075
complex.1028.pdb	0	16.683	48.474
complex.1029.pdb	0	15.962	50.516
complex.1030.pdb	0	24.987	54.865
complex.1031.pdb	0	18.988	48.329
complex.1032.pdb	0	17.899	59.357
complex.1033.pdb	0	19.200	46.383
complex.1034.pdb	0	16.853	40.401
complex.1035.pdb	0	18.378	47.781
complex.1036.pdb	0	18.754	47.066
complex.1037.pdb	0	13.015	29.154
complex.1038.pdb	0	18.811	41.905
complex.1039.pdb	0	17.082	35.361
complex.1040.pdb	0	19.124	40.086
complex.1041.pdb	0	16.139	48.639
complex.1042.pdb	0	21.720	50.560
complex.1043.pdb	0	12.274	34.592
complex.1044.pdb	0	18.943	48.059
complex.1045.pdb	0	13.087	39.607
complex.1046.pdb	0	12.371	46.442
complex.1047.pdb	0	20.738	47.277
complex.1048.pdb	0	12.605	31.759
complex.1049.pdb	0	20.839	49.418
complex.1050.pdb	0	17.827	40.027
complex.1051.pdb	0	23.538	48.941
complex.1052.pdb	0	17.139	52.384
complex.1053.pdb	0	19.791	48.545
complex.1054.pdb	0	20.656	47.823
complex.1055.pdb	0	15.934	50.968
complex.1056.pdb	0	16.573	47.580
complex.1057.pdb	0	25.662	57.705
complex.1058.pdb	0	16.420	44.659
complex.1059.pdb	0	15.532	30.933
complex.1060.pdb	0.0120482	10.127	33.384
complex.1061.pdb	0.0240964	9.867	37.408
complex.1062.pdb	0	17.785	43.271
complex.1063.pdb	0.0722892	12.412	46.998
complex.1064.pdb	0	18.804	47.169
complex.1065.pdb	0	23.417	56.350
complex.1066.pdb	0	13.053	33.931
complex.1067.pdb	0	18.422	48.755
complex.1068.pdb	0	15.000	40.788
complex.1069.pdb	0	16.856	45.004
complex.1070.pdb	0	15.699	40.987
complex.1071.pdb	0	22.341	49.033
complex.1072.pdb	0	19.760	48.551
complex.1073.pdb	0	13.953	52.057
complex.1074.pdb	0	14.480	37.253
complex.1075.pdb	0	20.613	48.627
complex.1076.pdb	0	18.344	43.734
complex.1077.pdb	0	9.536	18.929
complex.1078.pdb	0	25.647	57.054
complex.1079.pdb	0	18.354	45.106
complex.1080.pdb	0	20.025	48.012
complex.1081.pdb	0	25.364	56.115
complex.1082.pdb	0	26.696	60.762
complex.1083.pdb	0	11.993	26.434
complex.1084.pdb	0	22.945	53.963
complex.1085.pdb	0	13.518	27.987
complex.1086.pdb	0	15.501	52.789
complex.1087.pdb	0	13.819	41.440
complex.1088.pdb	0	16.140	46.706
complex.1089.pdb	0	23.122	52.673
complex.1090.pdb	0	19.352	41.541
complex.1091.pdb	0	14.337	35.859
complex.1092.pdb	0	15.910	47.569
complex.1093.pdb	0	16.225	56.112
complex.1094.pdb	0.0120482	13.531	37.245
complex.1095.pdb	0	11.296	40.390
complex.1096.pdb	0	21.436	49.733
complex.1097.pdb	0	16.713	39.576
complex.1098.pdb	0	15.715	30.677
complex.1099.pdb	0	21.769	54.439
complex.1100.pdb	0	17.020	41.941
complex.1101.pdb	0	17.815	55.009
complex.1102.pdb	0	14.710	37.640
complex.1103.pdb	0	17.654	61.186
complex.1104.pdb	0	19.838	45.703
complex.1105.pdb	0	20.681	42.285
complex.1106.pdb	0	18.688	41.899
complex.1107.pdb	0	13.121	39.242
complex.1108.pdb	0	19.943	59.147
complex.1109.pdb	0	17.202	45.301
complex.1110.pdb	0	18.385	58.552
complex.1111.pdb	0	22.331	49.250
complex.1112.pdb	0	21.631	50.418
complex.1113.pdb	0	17.984	46.053
complex.1114.pdb	0	17.719	44.025
complex.1115.pdb	0	18.946	46.315
complex.1116.pdb	0	19.669	48.877
complex.1117.pdb	0	21.295	49.992
complex.1118.pdb	0.0120482	10.757	28.664
complex.1119.pdb	0	18.729	46.071
complex.1120.pdb	0.0120482	11.671	30.044
complex.1121.pdb	0.0120482	12.442	37.836
complex.1122.pdb	0	15.742	30.273
complex.1123.pdb	0	15.735	41.207
complex.1124.pdb	0	18.277	43.291
complex.1125.pdb	0.0963855	9.773	26.657
complex.1126.pdb	0	18.242	41.908
complex.1127.pdb	0	18.136	42.240
complex.1128.pdb	0	25.992	61.423
complex.1129.pdb	0.0120482	14.624	40.188
complex.1130.pdb	0	16.518	47.529
complex.1131.pdb	0	15.579	49.767
complex.1132.pdb	0	17.188	40.610
complex.1133.pdb	0	22.670	47.488
complex.1134.pdb	0	16.916	43.000
complex.1135.pdb	0	22.595	54.109
complex.1136.pdb	0	13.389	28.241
complex.1137.pdb	0	18.732	51.865
complex.1138.pdb	0	18.554	38.539
complex.1139.pdb	0	13.779	30.475
complex.1140.pdb	0	21.656	46.231
complex.1141.pdb	0	14.180	25.359
complex.1142.pdb	0	17.598	52.851
complex.1143.pdb	0.325301	5.232	23.194
complex.1144.pdb	0	20.071	49.453
complex.1145.pdb	0	11.784	28.136
complex.1146.pdb	0	14.913	30.610
complex.1147.pdb	0	16.596	54.612
complex.1148.pdb	0	16.769	52.490
complex.1149.pdb	0	19.792	47.286
complex.1150.pdb	0	22.081	46.567
complex.1151.pdb	0	16.249	47.780
complex.1152.pdb	0	20.897	49.858
complex.1153.pdb	0	17.612	45.103
complex.1154.pdb	0	16.350	43.388
complex.1155.pdb	0	31.501	65.824
complex.1156.pdb	0	15.828	39.998
complex.1157.pdb	0	21.140	48.928
complex.1158.pdb	0.0240964	11.774	25.140
complex.1159.pdb	0	19.472	43.452
complex.1160.pdb	0	19.248	44.840
complex.1161.pdb	0	16.078	50.981
complex.1162.pdb	0	18.521	40.353
complex.1163.pdb	0.144578	4.956	19.820
complex.1164.pdb	0	14.448	45.508
complex.1165.pdb	0	21.565	50.696
complex.1166.pdb	0	14.592	37.121
complex.1167.pdb	0.385542	4.424	18.927
complex.1168.pdb	0	15.288	40.370
complex.1169.pdb	0	17.359	43.962
complex.1170.pdb	0	22.100	49.164
complex.1171.pdb	0	23.781	63.156
complex.1172.pdb	0	21.322	49.279
complex.1173.pdb	0	18.375	39.154
complex.1174.pdb	0	14.774	43.367
complex.1175.pdb	0	24.672	54.881
complex.1176.pdb	0.060241	10.595	36.840
complex.1177.pdb	0	16.855	57.921
complex.1178.pdb	0	17.995	47.538
complex.1179.pdb	0	14.352	41.939
complex.1180.pdb	0	16.068	52.024
complex.1181.pdb	0	18.148	45.140
complex.1182.pdb	0	17.075	44.376
complex.1183.pdb	0	19.211	38.263
complex.1184.pdb	0	17.318	36.940
complex.1185.pdb	0	16.760	36.682
complex.1186.pdb	0	21.998	57.939
complex.1187.pdb	0	22.515	48.710
complex.1188.pdb	0	17.249	58.035
complex.1189.pdb	0	23.754	52.863
complex.1190.pdb	0	21.478	52.105
complex.1191.pdb	0	19.720	50.433
complex.1192.pdb	0	21.690	45.036
complex.1193.pdb	0	17.142	40.482
complex.1194.pdb	0	21.442	44.956
complex.1195.pdb	0	12.385	28.693
complex.1196.pdb	0	18.286	47.975
complex.1197.pdb	0	18.220	42.265
complex.1198.pdb	0	23.022	55.556
complex.1199.pdb	0	16.061	50.987
complex.1200.pdb	0.0120482	12.572	40.047
complex.1201.pdb	0	23.667	51.417
complex.1202.pdb	0	22.741	53.383
complex.1203.pdb	0	16.434	36.054
complex.1204.pdb	0	17.985	39.634
complex.1205.pdb	0.13253	8.212	29.585
complex.1206.pdb	0	11.718	32.977
complex.1207.pdb	0	18.901	44.886
complex.1208.pdb	0	16.000	42.930
complex.1209.pdb	0	20.340	59.663
complex.1210.pdb	0	14.867	49.110
complex.1211.pdb	0	23.278	54.303
complex.1212.pdb	0	18.358	45.784
complex.1213.pdb	0	14.718	41.453
complex.1214.pdb	0	14.386	40.125
complex.1215.pdb	0	18.450	41.111
complex.1216.pdb	0.144578	11.237	24.372
complex.1217.pdb	0	12.634	31.271
complex.1218.pdb	0	15.349	53.549
complex.1219.pdb	0	24.266	54.189
complex.1220.pdb	0	14.480	44.095
complex.1221.pdb	0	15.692	49.011
complex.1222.pdb	0	14.864	50.613
complex.1223.pdb	0	18.420	60.978
complex.1224.pdb	0	28.722	61.818
complex.1225.pdb	0.0963855	8.542	21.128
complex.1226.pdb	0	13.250	43.924
complex.1227.pdb	0	19.727	58.001
complex.1228.pdb	0	15.305	52.006
complex.1229.pdb	0	18.356	44.500
complex.1230.pdb	0	23.056	55.421
complex.1231.pdb	0.0120482	16.201	53.081
complex.1232.pdb	0	20.703	61.198
complex.1233.pdb	0	18.047	58.759
complex.1234.pdb	0	20.564	59.413
complex.1235.pdb	0.060241	10.693	26.298
complex.1236.pdb	0	16.376	35.266
complex.1237.pdb	0	14.654	40.087
complex.1238.pdb	0	19.099	57.968
complex.1239.pdb	0	10.634	30.793
complex.1240.pdb	0	13.553	46.991
complex.1241.pdb	0	15.027	38.252
complex.1242.pdb	0	20.162	49.982
complex.1243.pdb	0	26.103	56.777
complex.1244.pdb	0	16.654	46.337
complex.1245.pdb	0	15.682	43.673
complex.1246.pdb	0	15.479	31.634
complex.1247.pdb	0	21.424	48.842
complex.1248.pdb	0	15.518	50.316
complex.1249.pdb	0	18.482	50.091
complex.1250.pdb	0	16.356	48.792
complex.1251.pdb	0	14.232	43.684
complex.1252.pdb	0	18.415	61.410
complex.1253.pdb	0	18.711	59.508
complex.1254.pdb	0.0120482	14.645	42.493
complex.1255.pdb	0	18.832	42.869
complex.1256.pdb	0	16.012	39.723
complex.1257.pdb	0	15.742	56.498
complex.1258.pdb	0	20.387	59.620
complex.1259.pdb	0.0120482	10.763	21.566
complex.1260.pdb	0	12.856	40.815
complex.1261.pdb	0	16.586	30.884
complex.1262.pdb	0	21.933	50.501
complex.1263.pdb	0	19.478	47.380
complex.1264.pdb	0	20.365	49.216
complex.1265.pdb	0	18.029	59.942
complex.1266.pdb	0	19.831	48.609
complex.1267.pdb	0.0481928	13.132	49.933
complex.1268.pdb	0	13.919	53.460
complex.1269.pdb	0	20.009	55.672
complex.1270.pdb	0	18.480	44.801
complex.1271.pdb	0	22.188	48.985
complex.1272.pdb	0	10.578	35.253
complex.1273.pdb	0	19.470	45.771
complex.1274.pdb	0	19.925	43.011
complex.1275.pdb	0	25.270	56.210
complex.1276.pdb	0	13.649	31.805
complex.1277.pdb	0	12.896	44.376
complex.1278.pdb	0	27.055	60.992
complex.1279.pdb	0	18.360	44.299
complex.1280.pdb	0	12.947	36.571
complex.1281.pdb	0	23.704	60.318
complex.1282.pdb	0	15.689	49.155
complex.1283.pdb	0	22.285	53.756
complex.1284.pdb	0	21.914	51.605
complex.1285.pdb	0	15.725	39.533
complex.1286.pdb	0	11.039	34.351
complex.1287.pdb	0	23.403	51.301
complex.1288.pdb	0	17.269	37.997
complex.1289.pdb	0	16.142	55.182
complex.1290.pdb	0	16.223	49.149
complex.1291.pdb	0	15.478	46.651
complex.1292.pdb	0	16.443	51.166
complex.1293.pdb	0	18.469	44.522
complex.1294.pdb	0	21.971	51.838
complex.1295.pdb	0	25.188	53.147
complex.1296.pdb	0	13.331	42.764
complex.1297.pdb	0	18.575	37.364
complex.1298.pdb	0	12.733	34.615
complex.1299.pdb	0	15.762	50.482
complex.1300.pdb	0.0120482	8.694	22.656
complex.1301.pdb	0	16.330	55.066
complex.1302.pdb	0	12.827	39.356
complex.1303.pdb	0	15.450	47.479
complex.1304.pdb	0	19.127	46.817
complex.1305.pdb	0	16.064	45.151
complex.1306.pdb	0	15.876	31.501
complex.1307.pdb	0.0120482	14.084	54.797
complex.1308.pdb	0	18.309	61.027
complex.1309.pdb	0	16.101	42.131
complex.1310.pdb	0	14.508	37.293
complex.1311.pdb	0	16.208	52.961
complex.1312.pdb	0	16.870	40.542
complex.1313.pdb	0	12.158	25.999
complex.1314.pdb	0	19.477	47.542
complex.1315.pdb	0	19.827	57.334
complex.1316.pdb	0	21.621	50.721
complex.1317.pdb	0	25.141	58.634
complex.1318.pdb	0	18.498	39.511
complex.1319.pdb	0.301205	3.260	12.903
complex.1320.pdb	0	17.950	51.903
complex.1321.pdb	0	18.064	49.615
complex.1322.pdb	0	17.673	44.147
complex.1323.pdb	0	15.342	29.765
complex.1324.pdb	0	13.328	32.070
complex.1325.pdb	0.0240964	14.161	42.309
complex.1326.pdb	0	17.676	47.521
complex.1327.pdb	0	16.093	52.196
complex.1328.pdb	0	15.142	45.036
complex.1329.pdb	0	9.401	29.950
complex.1330.pdb	0	18.055	42.156
complex.1331.pdb	0	23.714	48.325
complex.1332.pdb	0	16.223	33.081
complex.1333.pdb	0	27.807	62.842
complex.1334.pdb	0.0120482	12.263	24.788
complex.1335.pdb	0	16.714	52.304
complex.1336.pdb	0	16.294	55.684
complex.1337.pdb	0	10.585	30.079
complex.1338.pdb	0	12.415	41.060
complex.1339.pdb	0.0120482	7.889	22.324
complex.1340.pdb	0	19.800	38.511
complex.1341.pdb	0.0240964	9.872	40.437
complex.1342.pdb	0	17.836	46.467
complex.1343.pdb	0.0120482	16.219	53.518
complex.1344.pdb	0	19.932	41.034
complex.1345.pdb	0	20.257	58.833
complex.1346.pdb	0	21.955	69.631
complex.1347.pdb	0	16.417	43.764
complex.1348.pdb	0	18.794	42.309
complex.1349.pdb	0	20.902	46.709
complex.1350.pdb	0.0240964	13.053	40.639
complex.1351.pdb	0.253012	3.610	9.547
complex.1352.pdb	0	20.776	50.816
complex.1353.pdb	0	19.662	50.265
complex.1354.pdb	0	21.115	49.022
complex.1355.pdb	0	13.576	51.013
complex.1356.pdb	0	20.509	54.459
complex.1357.pdb	0	19.965	46.380
complex.1358.pdb	0	15.629	48.235
complex.1359.pdb	0	13.661	39.680
complex.1360.pdb	0	21.811	52.340
complex.1361.pdb	0	20.978	54.176
complex.1362.pdb	0.0120482	10.385	20.021
complex.1363.pdb	0	19.209	50.938
complex.1364.pdb	0	14.486	47.195
complex.1365.pdb	0	25.412	53.377
complex.1366.pdb	0	24.897	56.701
complex.1367.pdb	0	21.793	53.407
complex.1368.pdb	0	17.501	44.761
complex.1369.pdb	0	20.190	48.246
complex.1370.pdb	0	15.345	45.918
complex.1371.pdb	0	19.327	51.792
complex.1372.pdb	0	23.584	52.661
complex.1373.pdb	0.0120482	11.384	24.017
complex.1374.pdb	0	11.603	23.353
complex.1375.pdb	0	13.709	41.911
complex.1376.pdb	0.108434	9.490	37.305
complex.1377.pdb	0	16.387	46.906
complex.1378.pdb	0	17.924	44.135
complex.1379.pdb	0	20.618	49.034
complex.1380.pdb	0	25.012	53.613
complex.1381.pdb	0	23.426	51.923
complex.1382.pdb	0	16.596	59.432
complex.1383.pdb	0	17.474	51.885
complex.1384.pdb	0.0361446	12.304	47.027
complex.1385.pdb	0	21.125	54.193
complex.1386.pdb	0.0120482	15.595	51.028
complex.1387.pdb	0	14.600	40.263
complex.1388.pdb	0	18.563	43.345
complex.1389.pdb	0	26.722	60.623
complex.1390.pdb	0	17.381	48.546
complex.1391.pdb	0	19.589	56.918
complex.1392.pdb	0	18.252	45.469
complex.1393.pdb	0.0843373	10.602	22.085
complex.1394.pdb	0	25.082	55.546
complex.1395.pdb	0	17.763	41.180
complex.1396.pdb	0	17.696	45.064
complex.1397.pdb	0	22.855	49.926
complex.1398.pdb	0	15.925	53.390
complex.1399.pdb	0	21.628	49.852
complex.1400.pdb	0	18.170	46.750
complex.1401.pdb	0	20.501	45.794
complex.1402.pdb	0	14.373	36.306
complex.1403.pdb	0.060241	8.226	17.815
complex.1404.pdb	0	23.916	54.256
complex.1405.pdb	0	14.110	36.490
complex.1406.pdb	0.0843373	11.558	26.206
complex.1407.pdb	0	19.271	52.103
complex.1408.pdb	0	19.904	55.060
complex.1409.pdb	0.216867	4.180	17.884
complex.1410.pdb	0.0120482	9.795	32.206
complex.1411.pdb	0	26.082	54.610
complex.1412.pdb	0	15.982	43.034
complex.1413.pdb	0	19.850	52.406
complex.1414.pdb	0	13.561	37.782
complex.1415.pdb	0	19.377	44.238
complex.1416.pdb	0	18.737	45.345
complex.1417.pdb	0	25.037	58.369
complex.1418.pdb	0	20.038	47.747
complex.1419.pdb	0	15.777	55.093
complex.1420.pdb	0	20.629	52.270
complex.1421.pdb	0	20.045	57.529
complex.1422.pdb	0	22.012	50.550
complex.1423.pdb	0	26.131	56.871
complex.1424.pdb	0	16.596	54.588
complex.1425.pdb	0	18.923	44.682
complex.1426.pdb	0.0120482	11.164	21.998
complex.1427.pdb	0	17.462	49.656
complex.1428.pdb	0	18.022	39.954
complex.1429.pdb	0	20.588	54.817
complex.1430.pdb	0	21.264	45.602
complex.1431.pdb	0	14.583	38.404
complex.1432.pdb	0	24.340	56.263
complex.1433.pdb	0	13.719	40.226
complex.1434.pdb	0	18.540	57.842
complex.1435.pdb	0	19.705	55.011
complex.1436.pdb	0	16.684	55.363
complex.1437.pdb	0	16.621	55.466
complex.1438.pdb	0.0120482	12.685	25.620
complex.1439.pdb	0	26.255	60.906
complex.1440.pdb	0	16.475	51.611
complex.1441.pdb	0	13.348	38.356
complex.1442.pdb	0	21.773	67.921
complex.1443.pdb	0	23.295	51.284
complex.1444.pdb	0	18.333	42.835
complex.1445.pdb	0	18.816	47.414
complex.1446.pdb	0	18.076	54.188
complex.1447.pdb	0	16.142	50.197
complex.1448.pdb	0	24.875	56.645
complex.1449.pdb	0	20.141	43.796
complex.1450.pdb	0	15.004	40.898
complex.1451.pdb	0	13.580	49.885
complex.1452.pdb	0	16.217	55.328
complex.1453.pdb	0	18.617	46.208
complex.1454.pdb	0	10.033	24.883
complex.1455.pdb	0	20.784	50.784
complex.1456.pdb	0	16.735	44.760
complex.1457.pdb	0.0722892	8.553	34.955
complex.1458.pdb	0	20.941	45.874
complex.1459.pdb	0	19.355	47.013
complex.1460.pdb	0	18.846	38.872
complex.1461.pdb	0	23.628	54.878
complex.1462.pdb	0	15.979	55.431
complex.1463.pdb	0	26.795	60.003
complex.1464.pdb	0	25.128	61.566
complex.1465.pdb	0	17.671	51.707
complex.1466.pdb	0.0481928	6.426	17.106
complex.1467.pdb	0.0722892	7.739	24.982
complex.1468.pdb	0	18.795	41.330
complex.1469.pdb	0	18.124	40.708
complex.1470.pdb	0	18.424	42.905
complex.1471.pdb	0	18.911	46.499
complex.1472.pdb	0	23.190	55.796
complex.1473.pdb	0	16.684	61.940
complex.1474.pdb	0	17.259	49.848
complex.1475.pdb	0	13.476	34.395
complex.1476.pdb	0	14.939	43.756
complex.1477.pdb	0	11.561	36.051
complex.1478.pdb	0	18.918	47.591
complex.1479.pdb	0	17.643	53.037
complex.1480.pdb	0	16.684	53.454
complex.1481.pdb	0	20.605	57.870
complex.1482.pdb	0	24.498	56.346
complex.1483.pdb	0	23.346	58.749
complex.1484.pdb	0	18.356	52.570
complex.1485.pdb	0	22.845	49.120
complex.1486.pdb	0	23.310	58.650
complex.1487.pdb	0.156627	4.440	15.254
complex.1488.pdb	0	15.915	46.943
complex.1489.pdb	0	17.141	49.377
complex.1490.pdb	0	17.307	53.502
complex.1491.pdb	0.204819	4.999	21.246
complex.1492.pdb	0	20.041	51.816
complex.1493.pdb	0	17.853	44.070
complex.1494.pdb	0	25.657	59.441
complex.1495.pdb	0	18.920	48.313
complex.1496.pdb	0	18.474	43.373
complex.1497.pdb	0	17.314	48.972
complex.1498.pdb	0	14.355	53.586
complex.1499.pdb	0	20.237	42.148
complex.1500.pdb	0	12.453	36.565
complex.1501.pdb	0	11.296	41.035
complex.1502.pdb	0	24.557	57.460
complex.1503.pdb	0	21.210	49.379
complex.1504.pdb	0	16.707	54.301
complex.1505.pdb	0	17.794	45.742
complex.1506.pdb	0	16.410	53.709
complex.1507.pdb	0	17.773	49.188
complex.1508.pdb	0	11.445	33.878
complex.1509.pdb	0	19.002	40.613
complex.1510.pdb	0	18.999	47.470
complex.1511.pdb	0	24.746	53.612
complex.1512.pdb	0	18.439	60.333
complex.1513.pdb	0	13.801	39.480
complex.1514.pdb	0	18.112	46.290
complex.1515.pdb	0	17.347	59.188
complex.1516.pdb	0.0120482	14.254	36.194
complex.1517.pdb	0	16.044	52.688
complex.1518.pdb	0	14.945	52.697
complex.1519.pdb	0	16.080	50.817
complex.1520.pdb	0	17.894	61.144
complex.1521.pdb	0	15.255	28.439
complex.1522.pdb	0	18.692	47.398
complex.1523.pdb	0	27.563	62.767
complex.1524.pdb	0	22.892	58.016
complex.1525.pdb	0	16.950	55.909
complex.1526.pdb	0	19.672	48.433
complex.1527.pdb	0	17.149	43.339
complex.1528.pdb	0	19.314	47.991
complex.1529.pdb	0	24.055	58.365
complex.1530.pdb	0	27.686	58.038
complex.1531.pdb	0	27.797	67.886
complex.1532.pdb	0	16.408	33.336
complex.1533.pdb	0	20.499	46.247
complex.1534.pdb	0	22.890	49.739
complex.1535.pdb	0	15.426	44.775
complex.1536.pdb	0	18.520	45.979
complex.1537.pdb	0	26.150	60.824
complex.1538.pdb	0	16.536	52.593
complex.1539.pdb	0	15.602	54.240
complex.1540.pdb	0	22.155	53.107
complex.1541.pdb	0	13.215	36.453
complex.1542.pdb	0.156627	11.481	26.796
complex.1543.pdb	0	13.940	42.215
complex.1544.pdb	0	13.877	37.753
complex.1545.pdb	0	21.926	53.762
complex.1546.pdb	0	22.365	59.627
complex.1547.pdb	0	24.277	56.366
complex.1548.pdb	0	13.544	38.508
complex.1549.pdb	0	16.037	47.080
complex.1550.pdb	0	16.571	47.910
complex.1551.pdb	0	17.656	55.623
complex.1552.pdb	0	13.354	26.537
complex.1553.pdb	0	28.010	58.241
complex.1554.pdb	0	17.826	65.482
complex.1555.pdb	0	21.985	45.484
complex.1556.pdb	0	15.212	49.923
complex.1557.pdb	0	17.656	46.283
complex.1558.pdb	0	17.932	44.367
complex.1559.pdb	0	15.106	50.791
complex.1560.pdb	0	15.676	43.444
complex.1561.pdb	0	18.697	38.531
complex.1562.pdb	0.0120482	14.784	53.563
complex.1563.pdb	0	17.447	45.619
complex.1564.pdb	0	21.331	46.956
complex.1565.pdb	0	21.544	45.418
complex.1566.pdb	0	15.243	45.559
complex.1567.pdb	0	14.567	51.814
complex.1568.pdb	0	12.096	26.791
complex.1569.pdb	0	20.991	48.433
complex.1570.pdb	0	15.251	43.610
complex.1571.pdb	0	17.660	38.885
complex.1572.pdb	0	24.627	62.470
complex.1573.pdb	0.0963855	10.215	26.925
complex.1574.pdb	0	20.553	42.247
complex.1575.pdb	0	20.952	65.849
complex.1576.pdb	0	26.119	53.131
complex.1577.pdb	0	24.710	60.984
complex.1578.pdb	0	18.851	40.571
complex.1579.pdb	0	12.784	37.754
complex.1580.pdb	0	22.423	58.750
complex.1581.pdb	0	15.867	52.362
complex.1582.pdb	0	20.006	46.899
complex.1583.pdb	0.060241	6.371	15.666
complex.1584.pdb	0	10.862	31.882
complex.1585.pdb	0	11.058	34.606
complex.1586.pdb	0	18.201	37.973
complex.1587.pdb	0	26.111	54.706
complex.1588.pdb	0	22.012	48.957
complex.1589.pdb	0	15.988	53.020
complex.1590.pdb	0	17.330	42.610
complex.1591.pdb	0	17.972	50.559
complex.1592.pdb	0	19.491	46.262
complex.1593.pdb	0	14.952	45.967
complex.1594.pdb	0	18.069	61.815
complex.1595.pdb	0.0361446	9.358	24.267
complex.1596.pdb	0	21.175	48.203
complex.1597.pdb	0.0361446	10.402	26.794
complex.1598.pdb	0	22.460	50.037
complex.1599.pdb	0	21.742	47.685
complex.1600.pdb	0	19.949	49.622
complex.1601.pdb	0	19.289	54.025
complex.1602.pdb	0	19.778	59.421
complex.1603.pdb	0	14.215	37.276
complex.1604.pdb	0	16.604	52.226
complex.1605.pdb	0	21.050	66.511
complex.1606.pdb	0	20.592	44.202
complex.1607.pdb	0	19.644	53.189
complex.1608.pdb	0	20.821	52.861
complex.1609.pdb	0	20.592	46.289
complex.1610.pdb	0	21.597	49.546
complex.1611.pdb	0	23.951	64.309
complex.1612.pdb	0	15.514	52.291
complex.1613.pdb	0	20.077	51.044
complex.1614.pdb	0	18.208	45.463
complex.1615.pdb	0	20.358	47.672
complex.1616.pdb	0	24.247	60.606
complex.1617.pdb	0	16.683	52.671
complex.1618.pdb	0	17.797	58.128
complex.1619.pdb	0	18.953	46.345
complex.1620.pdb	0	20.720	54.730
complex.1621.pdb	0	16.056	46.587
complex.1622.pdb	0	16.243	58.247
complex.1623.pdb	0	21.962	54.065
complex.1624.pdb	0	26.617	59.971
complex.1625.pdb	0	17.998	45.501
complex.1626.pdb	0	17.753	48.786
complex.1627.pdb	0	13.595	50.323
complex.1628.pdb	0	21.332	52.096
complex.1629.pdb	0	18.330	45.198
complex.1630.pdb	0	16.656	53.650
complex.1631.pdb	0	23.627	52.104
complex.1632.pdb	0	18.666	45.520
complex.1633.pdb	0	15.868	48.099
complex.1634.pdb	0	18.339	60.832
complex.1635.pdb	0	14.193	50.064
complex.1636.pdb	0	17.031	48.383
complex.1637.pdb	0	21.989	44.208
complex.1638.pdb	0	21.388	56.518
complex.1639.pdb	0	16.471	59.409
complex.1640.pdb	0	15.412	44.917
complex.1641.pdb	0	19.766	53.597
complex.1642.pdb	0	15.903	55.713
complex.1643.pdb	0	12.038	42.943
complex.1644.pdb	0.0843373	8.715	21.270
complex.1645.pdb	0	20.098	63.445
complex.1646.pdb	0	17.947	53.004
complex.1647.pdb	0	14.282	45.404
complex.1648.pdb	0	15.992	32.246
complex.1649.pdb	0	18.612	46.655
complex.1650.pdb	0	15.772	53.573
complex.1651.pdb	0	14.033	34.378
complex.1652.pdb	0	18.014	50.502
complex.1653.pdb	0	18.805	43.543
complex.1654.pdb	0	25.806	57.666
complex.1655.pdb	0	20.088	56.660
complex.1656.pdb	0	29.355	63.450
complex.1657.pdb	0	17.700	47.894
complex.1658.pdb	0	18.956	48.342
complex.1659.pdb	0	17.749	44.593
complex.1660.pdb	0	17.388	43.603
complex.1661.pdb	0	13.705	42.456
complex.1662.pdb	0	25.101	60.987
complex.1663.pdb	0	15.471	39.283
complex.1664.pdb	0	18.348	47.961
complex.1665.pdb	0.0361446	15.748	45.631
complex.1666.pdb	0.0120482	15.908	43.215
complex.1667.pdb	0	18.316	44.068
complex.1668.pdb	0	21.176	46.420
complex.1669.pdb	0	22.325	51.911
complex.1670.pdb	0	21.192	51.078
complex.1671.pdb	0	28.024	70.100
complex.1672.pdb	0	21.578	49.231
complex.1673.pdb	0	17.080	38.174
complex.1674.pdb	0	16.583	58.261
complex.1675.pdb	0.0120482	10.515	20.608
complex.1676.pdb	0	20.196	43.677
complex.1677.pdb	0	20.328	47.061
complex.1678.pdb	0	13.704	37.066
complex.1679.pdb	0	19.791	43.895
complex.1680.pdb	0	20.078	46.001
complex.1681.pdb	0	24.774	55.551
complex.1682.pdb	0	16.511	43.524
complex.1683.pdb	0	16.154	50.436
complex.1684.pdb	0	18.968	37.840
complex.1685.pdb	0	23.319	52.569
complex.1686.pdb	0	16.710	31.848
complex.1687.pdb	0	15.621	44.156
complex.1688.pdb	0	18.460	41.088
complex.1689.pdb	0	28.920	64.163
complex.1690.pdb	0	14.245	39.008
complex.1691.pdb	0	18.057	45.005
complex.1692.pdb	0	15.398	46.950
complex.1693.pdb	0.0120482	14.735	53.935
complex.1694.pdb	0	15.798	40.530
complex.1695.pdb	0	15.370	47.275
complex.1696.pdb	0	18.734	38.843
complex.1697.pdb	0	13.566	45.637
complex.1698.pdb	0	15.211	53.538
complex.1699.pdb	0	15.247	28.832
complex.1700.pdb	0	20.892	49.549
complex.1701.pdb	0	12.537	38.610
complex.1702.pdb	0	20.789	51.831
complex.1703.pdb	0	18.836	49.358
complex.1704.pdb	0	14.175	40.380
complex.1705.pdb	0	18.201	45.098
complex.1706.pdb	0	16.842	55.263
complex.1707.pdb	0	16.533	50.278
complex.1708.pdb	0	17.339	50.220
complex.1709.pdb	0	21.894	59.636
complex.1710.pdb	0	19.066	41.451
complex.1711.pdb	0	15.500	58.294
complex.1712.pdb	0	18.678	46.382
complex.1713.pdb	0	21.777	54.895
complex.1714.pdb	0	11.768	37.213
complex.1715.pdb	0	25.371	63.673
complex.1716.pdb	0	13.942	35.610
complex.1717.pdb	0	10.960	31.022
complex.1718.pdb	0	15.001	41.550
complex.1719.pdb	0	21.641	55.113
complex.1720.pdb	0	16.487	45.935
complex.1721.pdb	0	19.120	41.084
complex.1722.pdb	0	20.501	46.336
complex.1723.pdb	0	19.093	50.362
complex.1724.pdb	0	20.721	54.150
complex.1725.pdb	0	14.025	50.717
complex.1726.pdb	0	15.591	47.173
complex.1727.pdb	0	18.871	47.236
complex.1728.pdb	0.0120482	11.117	20.941
complex.1729.pdb	0	20.318	64.335
complex.1730.pdb	0.216867	10.634	22.275
complex.1731.pdb	0	12.376	43.105
complex.1732.pdb	0	15.940	55.055
complex.1733.pdb	0	15.778	46.742
complex.1734.pdb	0	15.029	52.731
complex.1735.pdb	0	16.155	53.511
complex.1736.pdb	0	22.856	53.837
complex.1737.pdb	0	16.920	53.731
complex.1738.pdb	0	15.619	45.637
complex.1739.pdb	0	16.431	58.337
complex.1740.pdb	0	27.031	68.835
complex.1741.pdb	0	24.322	51.557
complex.1742.pdb	0	16.277	55.147
complex.1743.pdb	0	25.061	53.658
complex.1744.pdb	0	20.292	49.682
complex.1745.pdb	0	20.273	44.994
complex.1746.pdb	0	19.695	48.345
complex.1747.pdb	0	17.208	43.818
complex.1748.pdb	0	19.744	48.902
complex.1749.pdb	0	23.917	54.899
complex.1750.pdb	0	18.147	51.246
complex.1751.pdb	0	12.386	33.574
complex.1752.pdb	0.144578	8.393	32.478
complex.1753.pdb	0	17.569	57.640
complex.1754.pdb	0	22.889	71.906
complex.1755.pdb	0	26.066	60.335
complex.1756.pdb	0	23.328	53.974
complex.1757.pdb	0	15.656	51.311
complex.1758.pdb	0	15.068	49.399
complex.1759.pdb	0	26.640	62.307
complex.1760.pdb	0.0240964	10.779	23.527
complex.1761.pdb	0	16.219	41.843
complex.1762.pdb	0	16.659	38.909
complex.1763.pdb	0	15.985	45.892
complex.1764.pdb	0	17.820	44.411
complex.1765.pdb	0.0722892	13.857	42.601
complex.1766.pdb	0	18.765	41.401
complex.1767.pdb	0	13.751	29.401
complex.1768.pdb	0	25.421	60.274
complex.1769.pdb	0.0481928	7.941	18.837
complex.1770.pdb	0	13.551	32.984
complex.1771.pdb	0	25.358	61.078
complex.1772.pdb	0.0120482	14.180	39.907
complex.1773.pdb	0	21.428	52.589
complex.1774.pdb	0	21.088	49.782
complex.1775.pdb	0	20.438	65.994
complex.1776.pdb	0	21.277	46.033
complex.1777.pdb	0	17.242	43.129
complex.1778.pdb	0	14.695	42.307
complex.1779.pdb	0	20.401	43.459
complex.1780.pdb	0	25.084	54.488
complex.1781.pdb	0.0120482	15.065	44.784
complex.1782.pdb	0	18.653	42.117
complex.1783.pdb	0	21.246	49.953
complex.1784.pdb	0	18.852	48.104
complex.1785.pdb	0	20.759	46.422
complex.1786.pdb	0	18.973	41.546
complex.1787.pdb	0	15.509	49.323
complex.1788.pdb	0	15.381	43.001
complex.1789.pdb	0	17.420	43.713
complex.1790.pdb	0	18.594	46.732
complex.1791.pdb	0	12.834	44.739
complex.1792.pdb	0	15.930	53.165
complex.1793.pdb	0	15.081	45.172
complex.1794.pdb	0	18.873	45.984
complex.1795.pdb	0	15.367	29.215
complex.1796.pdb	0	15.658	36.875
complex.1797.pdb	0	21.943	51.298
complex.1798.pdb	0	19.339	46.055
complex.1799.pdb	0	15.069	41.818
complex.1800.pdb	0	12.271	31.047
complex.1801.pdb	0	24.170	60.792
complex.1802.pdb	0	21.905	50.508
complex.1803.pdb	0	20.383	72.918
complex.1804.pdb	0.0120482	12.280	37.665
complex.1805.pdb	0	16.401	57.565
complex.1806.pdb	0	19.596	46.972
complex.1807.pdb	0	16.354	47.872
complex.1808.pdb	0	20.792	67.927
complex.1809.pdb	0	21.815	47.617
complex.1810.pdb	0	14.289	28.949
complex.1811.pdb	0	17.520	60.283
complex.1812.pdb	0	19.385	52.818
complex.1813.pdb	0	24.501	54.815
complex.1814.pdb	0	16.031	30.842
complex.1815.pdb	0	18.768	41.217
complex.1816.pdb	0	20.481	61.549
complex.1817.pdb	0.0361446	8.625	22.964
complex.1818.pdb	0	18.630	44.116
complex.1819.pdb	0	18.270	43.437
complex.1820.pdb	0	17.248	51.871
complex.1821.pdb	0	17.772	42.304
complex.1822.pdb	0	14.134	53.118
complex.1823.pdb	0	12.252	33.156
complex.1824.pdb	0	17.920	52.105
complex.1825.pdb	0	22.415	49.049
complex.1826.pdb	0	26.399	67.656
complex.1827.pdb	0	21.013	47.922
complex.1828.pdb	0	18.067	45.318
complex.1829.pdb	0	14.529	40.928
complex.1830.pdb	0	16.493	49.139
complex.1831.pdb	0	16.736	49.615
complex.1832.pdb	0	17.646	58.357
complex.1833.pdb	0	16.594	38.223
complex.1834.pdb	0	15.058	42.580
complex.1835.pdb	0	16.663	55.899
complex.1836.pdb	0	19.331	43.174
complex.1837.pdb	0	18.246	46.753
complex.1838.pdb	0	14.113	35.473
complex.1839.pdb	0	21.396	51.362
complex.1840.pdb	0	18.156	50.225
complex.1841.pdb	0	14.643	50.256
complex.1842.pdb	0	24.862	56.947
complex.1843.pdb	0	17.173	51.240
complex.1844.pdb	0	16.398	56.314
complex.1845.pdb	0	25.437	57.684
complex.1846.pdb	0	17.120	41.388
complex.1847.pdb	0	23.469	54.367
complex.1848.pdb	0	16.963	53.877
complex.1849.pdb	0	15.818	51.834
complex.1850.pdb	0	17.852	52.581
complex.1851.pdb	0	14.185	36.622
complex.1852.pdb	0	18.676	39.469
complex.1853.pdb	0	10.186	32.615
complex.1854.pdb	0	10.487	28.721
complex.1855.pdb	0	16.726	55.273
complex.1856.pdb	0	19.456	58.794
complex.1857.pdb	0	22.768	56.293
complex.1858.pdb	0	15.305	45.107
complex.1859.pdb	0	12.913	48.430
complex.1860.pdb	0	22.087	52.111
complex.1861.pdb	0	18.470	44.041
complex.1862.pdb	0	16.364	54.611
complex.1863.pdb	0	16.800	62.675
complex.1864.pdb	0	19.352	47.497
complex.1865.pdb	0	18.482	42.038
complex.1866.pdb	0	19.223	54.129
complex.1867.pdb	0	16.803	54.655
complex.1868.pdb	0	13.568	24.595
complex.1869.pdb	0	12.559	27.694
complex.1870.pdb	0	23.722	55.083
complex.1871.pdb	0	13.834	39.704
complex.1872.pdb	0	27.428	59.249
complex.1873.pdb	0	18.486	38.051
complex.1874.pdb	0	15.134	53.085
complex.1875.pdb	0	23.638	58.746
complex.1876.pdb	0	15.852	44.405
complex.1877.pdb	0	19.068	46.785
complex.1878.pdb	0	21.993	61.404
complex.1879.pdb	0	15.916	41.924
complex.1880.pdb	0	15.011	41.434
complex.1881.pdb	0	19.776	45.995
complex.1882.pdb	0	17.097	44.296
complex.1883.pdb	0	14.568	43.897
complex.1884.pdb	0	16.024	54.654
complex.1885.pdb	0	23.068	54.021
complex.1886.pdb	0	18.361	42.898
complex.1887.pdb	0	26.570	58.334
complex.1888.pdb	0	13.760	51.872
complex.1889.pdb	0	11.986	30.302
complex.1890.pdb	0	16.991	51.516
complex.1891.pdb	0	29.480	61.923
complex.1892.pdb	0	14.541	43.631
complex.1893.pdb	0	16.131	49.089
complex.1894.pdb	0	16.492	50.526
complex.1895.pdb	0	14.721	44.839
complex.1896.pdb	0	10.790	39.938
complex.1897.pdb	0	20.144	56.721
complex.1898.pdb	0	11.272	30.300
complex.1899.pdb	0	16.254	56.803
complex.1900.pdb	0	16.669	33.776
complex.1901.pdb	0	21.074	54.185
complex.1902.pdb	0	14.465	35.641
complex.1903.pdb	0	20.151	45.488
complex.1904.pdb	0	16.942	58.572
complex.1905.pdb	0	20.288	46.666
complex.1906.pdb	0	13.227	24.333
complex.1907.pdb	0	21.420	47.580
complex.1908.pdb	0	19.214	49.268
complex.1909.pdb	0	19.511	56.452
complex.1910.pdb	0	27.825	61.232
complex.1911.pdb	0	17.187	48.823
complex.1912.pdb	0	13.591	29.698
complex.1913.pdb	0	27.431	70.610
complex.1914.pdb	0	18.940	46.590
complex.1915.pdb	0	16.878	44.580
complex.1916.pdb	0.0361446	12.932	49.629
complex.1917.pdb	0	17.638	51.557
complex.1918.pdb	0	13.617	35.100
complex.1919.pdb	0	18.612	56.372
complex.1920.pdb	0	14.215	39.216
complex.1921.pdb	0	16.949	37.727
complex.1922.pdb	0.0481928	8.943	31.313
complex.1923.pdb	0	23.273	51.528
complex.1924.pdb	0	15.761	53.160
complex.1925.pdb	0	18.301	43.182
complex.1926.pdb	0	18.417	44.909
complex.1927.pdb	0.0120482	14.780	44.403
complex.1928.pdb	0	21.701	47.891
complex.1929.pdb	0	17.769	44.218
complex.1930.pdb	0.0120482	10.309	21.463
complex.1931.pdb	0	15.242	45.222
complex.1932.pdb	0	30.125	63.017
complex.1933.pdb	0	21.500	51.296
complex.1934.pdb	0	15.118	42.503
complex.1935.pdb	0	17.239	44.842
complex.1936.pdb	0	18.046	44.508
complex.1937.pdb	0	20.897	46.247
complex.1938.pdb	0	16.277	52.096
complex.1939.pdb	0	17.551	61.191
complex.1940.pdb	0	20.209	48.803
complex.1941.pdb	0	15.573	52.736
complex.1942.pdb	0	22.955	53.973
complex.1943.pdb	0	16.585	50.988
complex.1944.pdb	0	13.635	37.407
complex.1945.pdb	0	17.018	53.965
complex.1946.pdb	0	21.340	52.746
complex.1947.pdb	0.301205	4.172	7.549
complex.1948.pdb	0.0361446	10.824	33.362
complex.1949.pdb	0	14.971	41.524
complex.1950.pdb	0	22.754	69.775
complex.1951.pdb	0	22.087	55.866
complex.1952.pdb	0	18.147	50.696
complex.1953.pdb	0	22.138	54.287
complex.1954.pdb	0	14.354	47.479
complex.1955.pdb	0	19.364	45.947
complex.1956.pdb	0	16.935	53.932
complex.1957.pdb	0	19.518	41.136
complex.1958.pdb	0	20.873	55.778
complex.1959.pdb	0	16.342	32.442
complex.1960.pdb	0	22.488	54.800
complex.1961.pdb	0	22.170	51.839
complex.1962.pdb	0	16.385	50.795
complex.1963.pdb	0	24.444	55.325
complex.1964.pdb	0	22.032	52.942
complex.1965.pdb	0	20.406	54.059
complex.1966.pdb	0	12.004	29.252
complex.1967.pdb	0	17.484	57.819
complex.1968.pdb	0	13.477	50.754
complex.1969.pdb	0	22.339	51.912
complex.1970.pdb	0	16.544	53.130
complex.1971.pdb	0	16.422	46.677
complex.1972.pdb	0	16.098	53.498
complex.1973.pdb	0	21.234	53.314
complex.1974.pdb	0	12.392	36.543
complex.1975.pdb	0	21.198	54.924
complex.1976.pdb	0	13.703	40.594
complex.1977.pdb	0	17.445	40.515
complex.1978.pdb	0	19.140	43.489
complex.1979.pdb	0	18.971	45.487
complex.1980.pdb	0.0120482	13.875	31.884
complex.1981.pdb	0.0120482	11.833	25.718
complex.1982.pdb	0	19.707	66.678
complex.1983.pdb	0	28.792	63.256
complex.1984.pdb	0	20.741	50.924
complex.1985.pdb	0	16.021	38.491
complex.1986.pdb	0	18.755	47.899
complex.1987.pdb	0	14.602	24.958
complex.1988.pdb	0	18.414	51.228
complex.1989.pdb	0	19.422	45.332
complex.1990.pdb	0	19.028	37.799
complex.1991.pdb	0	16.632	58.339
complex.1992.pdb	0	16.244	41.606
complex.1993.pdb	0	17.466	44.560
complex.1994.pdb	0	25.304	59.691
complex.1995.pdb	0	21.381	50.724
complex.1996.pdb	0	14.940	27.348
complex.1997.pdb	0	15.014	45.530
complex.1998.pdb	0	13.749	28.779
complex.1999.pdb	0	15.996	50.199
complex.2000.pdb	0	11.715	42.513
