5d0o_81w.pdb	0	32.737	67.058	-162.9751
5d0o_82w.pdb	0	17.689	40.614	-158.8189
5d0o_91w.pdb	0	29.903	61.628	-138.90498
5d0o_86w.pdb	0	28.171	64.978	-137.354
5d0o_52w.pdb	0	25.879	60.294	-132.47183
5d0o_96w.pdb	0	29.720	71.106	-129.0886
5d0o_80w.pdb	0	24.388	50.969	-128.00818
5d0o_98w.pdb	0	32.506	80.809	-126.7884
5d0o_60w.pdb	0	29.888	73.400	-125.8413
5d0o_99w.pdb	0	29.447	64.896	-125.5117
5d0o_78w.pdb	0	20.709	49.131	-125.31191
5d0o_29w.pdb	0.443182	2.407	3.930	-122.78766
5d0o_56w.pdb	0	31.934	63.916	-122.6127
5d0o_53w.pdb	0	28.424	62.328	-122.35138
5d0o_50w.pdb	0	20.076	53.155	-122.3435
5d0o_35w.pdb	0	33.179	77.822	-122.0791
5d0o_26w.pdb	0	23.460	53.602	-116.31974
5d0o_64w.pdb	0	26.305	66.440	-115.32663
5d0o_88w.pdb	0	29.171	65.553	-114.224
5d0o_63w.pdb	0	31.199	68.694	-113.6821
5d0o_54w.pdb	0	15.778	43.196	-112.7712
5d0o_1w.pdb	0	29.860	53.101	-112.7626
5d0o_38w.pdb	0	25.280	54.636	-110.77542
5d0o_46w.pdb	0	38.327	85.829	-110.34815
5d0o_17w.pdb	0	21.776	44.793	-109.8375
5d0o_84w.pdb	0	26.619	45.104	-106.61385
5d0o_97w.pdb	0	27.599	64.893	-106.4753
5d0o_51w.pdb	0	31.571	68.886	-104.82867
5d0o_4w.pdb	0	19.000	52.328	-104.80252
5d0o_37w.pdb	0	31.803	72.119	-104.57107
5d0o_68w.pdb	0	29.553	67.035	-104.11075
5d0o_70w.pdb	0	32.126	65.735	-103.385
5d0o_71w.pdb	0	25.448	45.049	-102.78651
5d0o_77w.pdb	0	22.614	53.684	-102.2958
5d0o_66w.pdb	0	24.816	54.200	-101.924
5d0o_44w.pdb	0	30.277	69.956	-101.11651
5d0o_87w.pdb	0	28.450	59.357	-101.022
5d0o_21w.pdb	0	30.194	64.785	-100.7161
5d0o_25w.pdb	0	28.850	70.661	-100.4579
5d0o_19w.pdb	0	27.439	69.738	-100.0737
5d0o_61w.pdb	0	18.768	35.134	-99.7361
5d0o_59w.pdb	0	28.112	72.444	-99.35736
5d0o_16w.pdb	0	31.941	62.234	-99.016
5d0o_39w.pdb	0	13.064	22.769	-98.9213
5d0o_79w.pdb	0	38.716	90.301	-98.53776
5d0o_85w.pdb	0	28.246	60.793	-98.4005
5d0o_9w.pdb	0	19.000	33.906	-97.77024
5d0o_33w.pdb	0	29.386	72.815	-97.607
5d0o_43w.pdb	0	31.279	70.566	-96.88811
5d0o_41w.pdb	0	28.853	73.389	-95.5604
5d0o_55w.pdb	0	35.925	84.051	-95.484
5d0o_45w.pdb	0	16.395	30.646	-95.2936
5d0o_72w.pdb	0.0113636	15.977	31.894	-94.70604
5d0o_67w.pdb	0	37.563	74.949	-94.61713
5d0o_92w.pdb	0	30.534	70.241	-94.02066
5d0o_93w.pdb	0	30.289	70.131	-93.18703
5d0o_40w.pdb	0	26.238	63.074	-93.11109
5d0o_28w.pdb	0	24.039	52.781	-91.0818
5d0o_24w.pdb	0	27.897	58.578	-90.50736
5d0o_58w.pdb	0	24.182	56.016	-90.0732
5d0o_23w.pdb	0	26.785	62.706	-90.051
5d0o_3w.pdb	0	30.503	62.816	-89.95612
5d0o_36w.pdb	0	35.395	70.724	-89.79858
5d0o_20w.pdb	0	31.499	68.676	-89.6123
5d0o_62w.pdb	0	29.647	75.580	-89.47167
5d0o_73w.pdb	0	34.696	84.442	-88.7651
5d0o_8w.pdb	0	32.106	57.529	-88.73908
5d0o_18w.pdb	0	24.033	53.993	-88.412295
5d0o_69w.pdb	0	32.302	71.257	-88.19983
5d0o_5w.pdb	0	31.798	64.680	-87.58118
5d0o_65w.pdb	0	27.024	65.046	-85.5463
5d0o_34w.pdb	0	31.212	68.846	-84.2383
5d0o_15w.pdb	0	39.770	91.816	-82.8858
5d0o_2w.pdb	0	20.214	46.372	-81.5227
5d0o_31w.pdb	0	12.434	21.971	-79.01193
5d0o_74w.pdb	0	13.220	19.296	-77.7735
5d0o_30w.pdb	0	18.132	33.704	-76.2913
5d0o_11w.pdb	0	33.260	70.945	-75.339614
5d0o_14w.pdb	0	31.282	72.475	-74.7428
5d0o_13w.pdb	0	24.605	43.514	-74.49145
5d0o_10w.pdb	0.0227273	12.158	24.983	-74.36466
5d0o_27w.pdb	0	28.734	69.841	-73.07297
5d0o_47w.pdb	0	25.943	52.709	-72.2457
5d0o_42w.pdb	0	31.884	63.072	-71.25103
5d0o_7w.pdb	0	23.892	48.910	-70.3653
5d0o_89w.pdb	0	28.414	63.882	-68.028734
5d0o_12w.pdb	0	12.189	24.021	-66.7554
5d0o_22w.pdb	0.0113636	20.486	38.223	-65.85056
5d0o_49w.pdb	0	23.108	43.042	-65.6453
5d0o_32w.pdb	0	24.869	49.542	-64.2584
5d0o_6w.pdb	0	25.725	53.884	-64.1114
5d0o_95w.pdb	0	29.856	67.376	-63.3185
5d0o_75w.pdb	0	29.736	63.526	-63.13438
5d0o_76w.pdb	0	38.315	88.491	-63.083458
5d0o_57w.pdb	0	15.007	30.880	-24.27232
5d0o_90w.pdb	0	28.051	58.882	1518.44475
5d0o_100w.pdb	0	24.534	57.667	1629.344
5d0o_83w.pdb	0	162.977	166.935	7408.31184
5d0o_94w.pdb	0	162.977	166.935	7408.31184
5d0o_48w.pdb	0	162.977	166.935	7408.31184
				
				
