complex.1.pdb	0	17.048	43.979
complex.2.pdb	0	19.148	48.554
complex.3.pdb	0	17.715	45.329
complex.4.pdb	0.00884956	15.928	38.992
complex.5.pdb	0	15.481	39.380
complex.6.pdb	0	24.372	48.993
complex.7.pdb	0.0619469	21.924	41.180
complex.8.pdb	0	15.838	45.153
complex.9.pdb	0.0176991	18.520	48.190
complex.10.pdb	0	16.243	44.172
complex.11.pdb	0.0265487	17.618	46.245
complex.12.pdb	0	23.449	40.015
complex.13.pdb	0	23.437	55.960
complex.14.pdb	0	29.591	56.659
complex.15.pdb	0	15.971	37.147
complex.16.pdb	0	20.394	51.088
complex.17.pdb	0.19469	4.859	11.523
complex.18.pdb	0.00884956	22.239	47.817
complex.19.pdb	0	18.113	45.566
complex.20.pdb	0.0176991	17.233	44.283
complex.21.pdb	0	14.274	36.346
complex.22.pdb	0	16.281	41.432
complex.23.pdb	0	18.900	47.486
complex.24.pdb	0	19.862	47.409
complex.25.pdb	0	14.047	40.204
complex.26.pdb	0	24.875	49.658
complex.27.pdb	0.513274	2.424	5.779
complex.28.pdb	0	25.109	50.816
complex.29.pdb	0	23.771	38.517
complex.30.pdb	0	18.593	47.605
complex.31.pdb	0	20.806	30.290
complex.32.pdb	0	23.221	52.644
complex.33.pdb	0	21.036	47.471
complex.34.pdb	0.0530973	16.520	44.034
complex.35.pdb	0.0353982	16.636	40.358
complex.36.pdb	0.0353982	26.949	51.163
complex.37.pdb	0.0353982	23.302	37.025
complex.38.pdb	0	17.619	42.606
complex.39.pdb	0	15.610	43.202
complex.40.pdb	0	29.448	55.808
complex.41.pdb	0.0265487	23.893	37.727
complex.42.pdb	0	19.040	46.877
complex.43.pdb	0	20.183	48.853
complex.44.pdb	0	23.793	41.844
complex.45.pdb	0	25.329	41.599
complex.46.pdb	0	19.387	27.218
complex.47.pdb	0	16.152	43.498
complex.48.pdb	0	23.567	48.470
complex.49.pdb	0.0265487	16.719	43.407
complex.50.pdb	0	28.811	56.332
complex.51.pdb	0	18.492	43.646
complex.52.pdb	0.00884956	19.233	44.110
complex.53.pdb	0	18.410	43.514
complex.54.pdb	0	16.799	41.907
complex.55.pdb	0	25.856	52.200
complex.56.pdb	0.00884956	16.722	41.567
complex.57.pdb	0.0265487	20.508	49.380
complex.58.pdb	0	17.441	40.022
complex.59.pdb	0	25.392	58.565
complex.60.pdb	0	24.424	43.606
complex.61.pdb	0	20.221	44.672
complex.62.pdb	0.0265487	14.751	37.948
complex.63.pdb	0	22.664	47.887
complex.64.pdb	0	17.951	38.509
complex.65.pdb	0	22.979	45.622
complex.66.pdb	0	17.863	46.626
complex.67.pdb	0	21.021	54.473
complex.68.pdb	0.0353982	17.752	44.370
complex.69.pdb	0	23.325	38.371
complex.70.pdb	0	24.787	51.226
complex.71.pdb	0	25.073	39.949
complex.72.pdb	0	20.327	46.398
complex.73.pdb	0	16.192	40.991
complex.74.pdb	0.00884956	24.497	48.274
complex.75.pdb	0.00884956	24.697	43.854
complex.76.pdb	0.0353982	20.417	45.625
complex.77.pdb	0	21.025	40.726
complex.78.pdb	0	20.437	38.169
complex.79.pdb	0.106195	6.087	12.680
complex.80.pdb	0.433628	2.832	5.740
complex.81.pdb	0.00884956	23.460	42.062
complex.82.pdb	0.00884956	25.324	60.347
complex.83.pdb	0	18.956	34.394
complex.84.pdb	0	10.156	14.884
complex.85.pdb	0	10.752	18.690
complex.86.pdb	0.00884956	25.971	41.400
complex.87.pdb	0	26.078	42.138
complex.88.pdb	0.0265487	24.767	44.176
complex.89.pdb	0.00884956	21.888	49.900
complex.90.pdb	0	16.814	31.937
complex.91.pdb	0	21.912	48.679
complex.92.pdb	0	20.440	48.500
complex.93.pdb	0.0176991	18.671	43.207
complex.94.pdb	0	24.489	40.474
complex.95.pdb	0	16.938	41.980
complex.96.pdb	0	24.084	42.918
complex.97.pdb	0	24.313	44.739
complex.98.pdb	0	23.671	52.633
complex.99.pdb	0	20.349	33.924
complex.100.pdb	0.00884956	18.916	38.210
complex.101.pdb	0.0265487	26.201	53.329
complex.102.pdb	0.0265487	20.914	38.569
complex.103.pdb	0	30.108	59.157
complex.104.pdb	0.0176991	11.245	19.136
complex.105.pdb	0.0265487	15.846	39.391
complex.106.pdb	0	19.709	46.910
complex.107.pdb	0.336283	2.351	5.037
complex.108.pdb	0	24.435	47.979
complex.109.pdb	0	25.124	60.184
complex.110.pdb	0	23.520	50.316
complex.111.pdb	0	16.204	45.098
complex.112.pdb	0.00884956	18.836	44.120
complex.113.pdb	0.00884956	22.831	39.757
complex.114.pdb	0.00884956	26.706	41.134
complex.115.pdb	0	25.790	48.144
complex.116.pdb	0.0176991	25.927	40.360
complex.117.pdb	0	18.835	31.647
complex.118.pdb	0	14.037	36.747
complex.119.pdb	0	30.746	70.509
complex.120.pdb	0.0176991	19.364	47.969
complex.121.pdb	0.0353982	27.574	48.404
complex.122.pdb	0	21.997	51.095
complex.123.pdb	0.00884956	18.098	37.283
complex.124.pdb	0.0265487	12.359	22.890
complex.125.pdb	0	16.935	40.608
complex.126.pdb	0.00884956	25.700	40.495
complex.127.pdb	0	22.257	38.984
complex.128.pdb	0	18.185	31.937
complex.129.pdb	0	12.527	23.763
complex.130.pdb	0	21.180	50.158
complex.131.pdb	0.0707965	9.398	15.460
complex.132.pdb	0.0353982	26.190	51.978
complex.133.pdb	0.0265487	13.946	37.652
complex.134.pdb	0	20.485	34.053
complex.135.pdb	0.0265487	27.170	45.773
complex.136.pdb	0.0265487	13.024	25.458
complex.137.pdb	0	22.186	46.430
complex.138.pdb	0	23.420	47.378
complex.139.pdb	0.00884956	23.721	40.751
complex.140.pdb	0.0265487	18.788	33.215
complex.141.pdb	0.0176991	23.582	37.365
complex.142.pdb	0	23.526	49.949
complex.143.pdb	0	25.226	40.743
complex.144.pdb	0	19.171	41.559
complex.145.pdb	0.00884956	18.308	49.142
complex.146.pdb	0	25.676	67.235
complex.147.pdb	0	17.232	33.201
complex.148.pdb	0	14.001	36.458
complex.149.pdb	0.0353982	21.276	46.641
complex.150.pdb	0	16.692	46.502
complex.151.pdb	0	15.539	29.958
complex.152.pdb	0	20.328	29.371
complex.153.pdb	0.0353982	25.966	50.933
complex.154.pdb	0	23.965	37.751
complex.155.pdb	0	19.411	46.427
complex.156.pdb	0	23.092	37.108
complex.157.pdb	0.0176991	26.590	43.886
complex.158.pdb	0	19.279	47.010
complex.159.pdb	0.0353982	22.644	47.747
complex.160.pdb	0	16.567	37.988
complex.161.pdb	0.0707965	26.552	46.238
complex.162.pdb	0	24.381	38.784
complex.163.pdb	0	26.875	50.055
complex.164.pdb	0.00884956	17.935	42.113
complex.165.pdb	0	22.178	34.803
complex.166.pdb	0	18.773	51.119
complex.167.pdb	0.336283	2.381	7.373
complex.168.pdb	0	22.828	37.521
complex.169.pdb	0.00884956	24.496	50.904
complex.170.pdb	0	18.058	42.698
complex.171.pdb	0	29.475	56.458
complex.172.pdb	0	18.704	32.002
complex.173.pdb	0	20.612	48.257
complex.174.pdb	0	11.862	28.937
complex.175.pdb	0	24.979	43.083
complex.176.pdb	0	15.108	35.170
complex.177.pdb	0.0265487	16.707	43.583
complex.178.pdb	0	24.269	46.653
complex.179.pdb	0	19.193	44.465
complex.180.pdb	0.0176991	24.982	39.982
complex.181.pdb	0.00884956	25.226	39.658
complex.182.pdb	0.0707965	19.966	37.325
complex.183.pdb	0.00884956	25.074	40.565
complex.184.pdb	0	25.825	48.653
complex.185.pdb	0.336283	4.184	8.914
complex.186.pdb	0	24.011	37.527
complex.187.pdb	0	22.931	37.131
complex.188.pdb	0	25.285	45.673
complex.189.pdb	0	25.939	60.472
complex.190.pdb	0.0265487	25.195	42.195
complex.191.pdb	0.0442478	21.767	46.157
complex.192.pdb	0	25.280	47.948
complex.193.pdb	0.0176991	17.505	47.450
complex.194.pdb	0.0353982	18.659	45.382
complex.195.pdb	0	25.910	48.615
complex.196.pdb	0	15.098	25.791
complex.197.pdb	0	10.162	17.557
complex.198.pdb	0	22.369	38.072
complex.199.pdb	0	20.521	50.232
complex.200.pdb	0	18.450	48.490
complex.201.pdb	0	25.259	43.921
complex.202.pdb	0.0265487	18.596	45.631
complex.203.pdb	0	27.209	68.599
complex.204.pdb	0	24.497	40.495
complex.205.pdb	0	11.255	28.025
complex.206.pdb	0	16.467	43.118
complex.207.pdb	0	30.335	58.714
complex.208.pdb	0	12.595	21.219
complex.209.pdb	0	17.545	37.560
complex.210.pdb	0	29.395	57.121
complex.211.pdb	0	19.431	33.786
complex.212.pdb	0	24.062	58.430
complex.213.pdb	0	14.220	35.976
complex.214.pdb	0	16.212	31.390
complex.215.pdb	0.0442478	8.670	24.285
complex.216.pdb	0	23.872	42.297
complex.217.pdb	0	19.209	34.535
complex.218.pdb	0	15.137	35.796
complex.219.pdb	0.0442478	17.849	41.907
complex.220.pdb	0	24.905	41.128
complex.221.pdb	0.0265487	18.283	45.827
complex.222.pdb	0	28.269	55.046
complex.223.pdb	0	15.221	32.292
complex.224.pdb	0	21.139	31.349
complex.225.pdb	0	23.003	41.587
complex.226.pdb	0.00884956	23.142	49.638
complex.227.pdb	0.0176991	8.426	17.632
complex.228.pdb	0	23.177	44.476
complex.229.pdb	0	20.056	43.127
complex.230.pdb	0	29.067	55.679
complex.231.pdb	0	27.187	50.467
complex.232.pdb	0	19.963	50.731
complex.233.pdb	0.00884956	19.566	45.040
complex.234.pdb	0	13.335	24.212
complex.235.pdb	0	26.464	49.141
complex.236.pdb	0	18.626	42.189
complex.237.pdb	0	23.459	56.854
complex.238.pdb	0.0619469	16.353	39.916
complex.239.pdb	0.0176991	16.811	46.784
complex.240.pdb	0	20.399	44.213
complex.241.pdb	0	24.002	58.145
complex.242.pdb	0.00884956	24.426	47.947
complex.243.pdb	0	19.253	44.585
complex.244.pdb	0	24.372	56.169
complex.245.pdb	0	27.050	51.489
complex.246.pdb	0	23.054	38.032
complex.247.pdb	0	21.907	47.469
complex.248.pdb	0	25.246	45.588
complex.249.pdb	0	23.060	45.578
complex.250.pdb	0	22.065	48.964
complex.251.pdb	0	22.689	46.640
complex.252.pdb	0	24.546	39.240
complex.253.pdb	0	24.446	58.990
complex.254.pdb	0.0176991	19.699	45.635
complex.255.pdb	0.00884956	27.578	51.969
complex.256.pdb	0	24.442	43.281
complex.257.pdb	0.0265487	28.078	53.587
complex.258.pdb	0	25.992	58.009
complex.259.pdb	0.0530973	14.015	28.997
complex.260.pdb	0	20.493	50.230
complex.261.pdb	0	20.316	59.582
complex.262.pdb	0	13.797	43.176
complex.263.pdb	0	23.719	42.228
complex.264.pdb	0.0619469	18.168	43.275
complex.265.pdb	0.0265487	25.430	53.517
complex.266.pdb	0	21.414	43.518
complex.267.pdb	0	24.303	51.676
complex.268.pdb	0	13.659	23.717
complex.269.pdb	0.0176991	16.897	34.052
complex.270.pdb	0	27.906	64.011
complex.271.pdb	0	19.472	31.201
complex.272.pdb	0	24.763	42.628
complex.273.pdb	0	16.478	37.351
complex.274.pdb	0	24.240	44.414
complex.275.pdb	0	28.479	56.698
complex.276.pdb	0	17.491	37.162
complex.277.pdb	0	16.561	39.394
complex.278.pdb	0	18.921	36.745
complex.279.pdb	0	14.548	43.365
complex.280.pdb	0	21.816	42.716
complex.281.pdb	0	20.837	55.865
complex.282.pdb	0	24.702	49.305
complex.283.pdb	0.0973451	5.994	11.752
complex.284.pdb	0	23.191	46.541
complex.285.pdb	0	27.794	54.565
complex.286.pdb	0	25.633	60.773
complex.287.pdb	0	19.778	40.711
complex.288.pdb	0	34.536	76.887
complex.289.pdb	0	25.837	40.519
complex.290.pdb	0	23.709	40.576
complex.291.pdb	0	18.513	47.824
complex.292.pdb	0.00884956	17.725	41.292
complex.293.pdb	0.00884956	20.228	49.818
complex.294.pdb	0	18.365	34.010
complex.295.pdb	0	19.201	55.721
complex.296.pdb	0	17.428	41.263
complex.297.pdb	0	24.415	46.442
complex.298.pdb	0	30.331	59.155
complex.299.pdb	0.0265487	15.580	41.987
complex.300.pdb	0	24.265	39.098
complex.301.pdb	0	29.058	55.650
complex.302.pdb	0	17.496	40.306
complex.303.pdb	0	21.867	45.312
complex.304.pdb	0	24.377	43.315
complex.305.pdb	0	23.091	39.030
complex.306.pdb	0.00884956	18.949	44.251
complex.307.pdb	0.0176991	28.274	47.279
complex.308.pdb	0	23.688	39.663
complex.309.pdb	0	27.002	69.656
complex.310.pdb	0	21.927	33.551
complex.311.pdb	0	19.484	42.117
complex.312.pdb	0	25.834	40.526
complex.313.pdb	0	30.609	64.550
complex.314.pdb	0	28.815	55.981
complex.315.pdb	0	20.119	42.855
complex.316.pdb	0	30.192	60.360
complex.317.pdb	0	26.311	47.020
complex.318.pdb	0	27.831	54.662
complex.319.pdb	0	18.160	51.882
complex.320.pdb	0	27.502	68.922
complex.321.pdb	0	16.492	38.520
complex.322.pdb	0.159292	4.701	9.747
complex.323.pdb	0	22.615	48.541
complex.324.pdb	0.0442478	15.525	33.496
complex.325.pdb	0	28.130	62.319
complex.326.pdb	0	29.963	59.397
complex.327.pdb	0.00884956	19.165	46.651
complex.328.pdb	0	25.604	46.944
complex.329.pdb	0	31.314	66.875
complex.330.pdb	0.0176991	25.491	51.446
complex.331.pdb	0	23.958	59.934
complex.332.pdb	0	22.746	37.210
complex.333.pdb	0	34.558	76.833
complex.334.pdb	0.00884956	27.616	57.475
complex.335.pdb	0	26.214	50.160
complex.336.pdb	0.00884956	17.009	45.349
complex.337.pdb	0	20.325	44.466
complex.338.pdb	0	29.903	57.491
complex.339.pdb	0	19.922	44.337
complex.340.pdb	0	18.475	43.367
complex.341.pdb	0	24.272	58.190
complex.342.pdb	0	21.555	41.707
complex.343.pdb	0	18.862	35.704
complex.344.pdb	0	18.499	48.020
complex.345.pdb	0.00884956	17.975	43.475
complex.346.pdb	0	26.274	43.503
complex.347.pdb	0.0973451	10.325	19.419
complex.348.pdb	0	22.649	46.029
complex.349.pdb	0	21.812	39.637
complex.350.pdb	0	26.307	40.355
complex.351.pdb	0.0265487	28.550	53.759
complex.352.pdb	0.0619469	7.828	23.160
complex.353.pdb	0	24.111	41.617
complex.354.pdb	0	28.265	55.331
complex.355.pdb	0	10.950	30.758
complex.356.pdb	0	28.181	55.752
complex.357.pdb	0.0176991	14.995	37.417
complex.358.pdb	0	26.070	47.094
complex.359.pdb	0	24.695	48.980
complex.360.pdb	0.0353982	19.602	43.528
complex.361.pdb	0	24.882	44.541
complex.362.pdb	0.0176991	22.242	55.527
complex.363.pdb	0.0265487	23.074	43.596
complex.364.pdb	0	24.993	43.775
complex.365.pdb	0	25.666	64.584
complex.366.pdb	0	23.992	54.466
complex.367.pdb	0.00884956	20.303	46.104
complex.368.pdb	0.0176991	16.451	42.306
complex.369.pdb	0	26.734	47.277
complex.370.pdb	0	27.868	52.983
complex.371.pdb	0	23.566	41.804
complex.372.pdb	0	13.779	28.267
complex.373.pdb	0	25.455	44.384
complex.374.pdb	0	25.970	47.892
complex.375.pdb	0	26.556	46.165
complex.376.pdb	0	25.831	48.883
complex.377.pdb	0.0442478	18.671	33.234
complex.378.pdb	0	27.080	58.299
complex.379.pdb	0	24.993	49.869
complex.380.pdb	0	29.440	57.561
complex.381.pdb	0	24.021	47.878
complex.382.pdb	0	23.729	53.274
complex.383.pdb	0	20.480	39.372
complex.384.pdb	0	17.539	44.496
complex.385.pdb	0	27.366	52.724
complex.386.pdb	0	25.741	44.687
complex.387.pdb	0	17.078	47.523
complex.388.pdb	0	26.213	47.494
complex.389.pdb	0	21.192	54.894
complex.390.pdb	0	24.043	56.112
complex.391.pdb	0	19.528	34.834
complex.392.pdb	0	29.887	59.544
complex.393.pdb	0	22.064	47.233
complex.394.pdb	0	22.028	47.356
complex.395.pdb	0	20.412	38.585
complex.396.pdb	0.0265487	26.599	46.818
complex.397.pdb	0.00884956	23.556	37.458
complex.398.pdb	0	26.552	48.552
complex.399.pdb	0	24.111	52.144
complex.400.pdb	0.0265487	18.650	41.852
complex.401.pdb	0	22.154	37.354
complex.402.pdb	0	28.663	57.531
complex.403.pdb	0	21.115	39.842
complex.404.pdb	0	16.507	44.251
complex.405.pdb	0.0265487	10.578	31.136
complex.406.pdb	0	15.357	41.810
complex.407.pdb	0	19.432	29.656
complex.408.pdb	0	22.271	45.609
complex.409.pdb	0	18.816	52.573
complex.410.pdb	0	17.880	30.736
complex.411.pdb	0	28.920	62.006
complex.412.pdb	0.0176991	26.624	47.424
complex.413.pdb	0	28.972	63.483
complex.414.pdb	0	22.460	49.131
complex.415.pdb	0	21.365	42.683
complex.416.pdb	0	26.623	45.920
complex.417.pdb	0.0884956	17.709	33.758
complex.418.pdb	0.20354	5.450	10.939
complex.419.pdb	0	13.648	26.936
complex.420.pdb	0.0176991	20.095	43.241
complex.421.pdb	0	15.335	41.217
complex.422.pdb	0.0265487	17.557	42.841
complex.423.pdb	0	21.684	53.396
complex.424.pdb	0	23.740	38.065
complex.425.pdb	0	22.826	52.952
complex.426.pdb	0	31.301	70.161
complex.427.pdb	0	25.678	43.930
complex.428.pdb	0	25.532	67.913
complex.429.pdb	0	25.623	67.357
complex.430.pdb	0	22.177	42.207
complex.431.pdb	0	23.804	54.616
complex.432.pdb	0	26.650	48.257
complex.433.pdb	0.00884956	27.263	46.730
complex.434.pdb	0	20.122	45.433
complex.435.pdb	0	24.638	60.258
complex.436.pdb	0	11.009	17.392
complex.437.pdb	0	26.205	43.798
complex.438.pdb	0.00884956	19.586	45.776
complex.439.pdb	0	19.440	36.480
complex.440.pdb	0	26.034	59.855
complex.441.pdb	0	16.805	41.367
complex.442.pdb	0.0265487	20.715	50.681
complex.443.pdb	0	23.210	39.660
complex.444.pdb	0	22.371	55.176
complex.445.pdb	0.00884956	19.976	41.995
complex.446.pdb	0.0353982	28.813	50.339
complex.447.pdb	0	19.679	31.870
complex.448.pdb	0	23.901	50.548
complex.449.pdb	0	24.071	41.629
complex.450.pdb	0.00884956	24.810	42.464
complex.451.pdb	0	17.834	48.229
complex.452.pdb	0	18.390	39.581
complex.453.pdb	0	21.061	37.122
complex.454.pdb	0	20.948	38.121
complex.455.pdb	0.00884956	23.340	46.781
complex.456.pdb	0	25.778	43.823
complex.457.pdb	0	24.183	47.679
complex.458.pdb	0	25.452	48.924
complex.459.pdb	0	20.915	40.209
complex.460.pdb	0.0265487	19.466	37.545
complex.461.pdb	0.0176991	15.930	32.807
complex.462.pdb	0.0707965	10.046	18.674
complex.463.pdb	0	22.292	53.824
complex.464.pdb	0	20.411	41.970
complex.465.pdb	0	24.225	39.696
complex.466.pdb	0	28.221	54.301
complex.467.pdb	0.0353982	27.596	57.251
complex.468.pdb	0	21.051	48.811
complex.469.pdb	0	24.836	49.228
complex.470.pdb	0	25.746	41.435
complex.471.pdb	0	24.490	55.949
complex.472.pdb	0	25.801	44.730
complex.473.pdb	0.0176991	12.538	29.354
complex.474.pdb	0	31.940	66.505
complex.475.pdb	0	24.004	47.738
complex.476.pdb	0	19.212	34.472
complex.477.pdb	0.0176991	19.008	47.609
complex.478.pdb	0	27.307	48.682
complex.479.pdb	0	23.395	57.297
complex.480.pdb	0	25.136	43.077
complex.481.pdb	0.0265487	11.684	30.592
complex.482.pdb	0	23.366	48.158
complex.483.pdb	0	28.417	65.750
complex.484.pdb	0	19.417	55.613
complex.485.pdb	0	29.498	63.229
complex.486.pdb	0	22.800	40.950
complex.487.pdb	0	22.086	54.333
complex.488.pdb	0	28.667	64.039
complex.489.pdb	0	22.276	43.223
complex.490.pdb	0	23.835	38.107
complex.491.pdb	0.00884956	24.749	49.475
complex.492.pdb	0	27.159	68.874
complex.493.pdb	0	20.073	32.961
complex.494.pdb	0.0442478	16.810	42.199
complex.495.pdb	0	21.785	46.830
complex.496.pdb	0.00884956	19.432	44.030
complex.497.pdb	0	30.082	59.704
complex.498.pdb	0	31.573	65.653
complex.499.pdb	0.0176991	26.340	50.638
complex.500.pdb	0	25.402	45.511
complex.501.pdb	0	25.430	59.570
complex.502.pdb	0	19.193	29.337
complex.503.pdb	0.0619469	17.690	33.082
complex.504.pdb	0	23.220	41.053
complex.505.pdb	0	23.556	46.324
complex.506.pdb	0.0619469	20.644	47.633
complex.507.pdb	0	22.198	38.077
complex.508.pdb	0	23.070	42.927
complex.509.pdb	0	24.415	42.212
complex.510.pdb	0.0353982	19.622	47.243
complex.511.pdb	0	31.131	64.935
complex.512.pdb	0	22.466	34.729
complex.513.pdb	0	23.448	58.485
complex.514.pdb	0.0707965	20.338	39.497
complex.515.pdb	0	23.375	48.632
complex.516.pdb	0.0265487	20.799	36.996
complex.517.pdb	0	18.517	31.958
complex.518.pdb	0	24.379	45.041
complex.519.pdb	0	16.708	36.842
complex.520.pdb	0	23.492	44.396
complex.521.pdb	0	26.822	56.239
complex.522.pdb	0.00884956	24.995	43.424
complex.523.pdb	0	29.620	56.004
complex.524.pdb	0.132743	6.149	12.088
complex.525.pdb	0.0265487	27.354	50.931
complex.526.pdb	0	25.538	67.152
complex.527.pdb	0	24.388	42.703
complex.528.pdb	0	25.547	47.272
complex.529.pdb	0	32.166	62.650
complex.530.pdb	0	32.519	62.488
complex.531.pdb	0.0353982	20.183	45.250
complex.532.pdb	0	26.537	41.435
complex.533.pdb	0.0530973	21.404	40.590
complex.534.pdb	0	14.065	43.202
complex.535.pdb	0	18.027	52.638
complex.536.pdb	0.0176991	25.679	60.916
complex.537.pdb	0	17.745	39.411
complex.538.pdb	0	23.611	45.859
complex.539.pdb	0	18.943	32.203
complex.540.pdb	0	17.373	45.819
complex.541.pdb	0	33.473	73.837
complex.542.pdb	0.0619469	19.683	41.679
complex.543.pdb	0	19.913	35.005
complex.544.pdb	0	15.707	36.448
complex.545.pdb	0	30.800	61.606
complex.546.pdb	0.00884956	16.057	42.791
complex.547.pdb	0	26.149	58.247
complex.548.pdb	0	26.657	50.770
complex.549.pdb	0	17.572	40.550
complex.550.pdb	0	21.634	33.931
complex.551.pdb	0	18.448	36.680
complex.552.pdb	0	24.632	53.144
complex.553.pdb	0	26.666	40.866
complex.554.pdb	0.0176991	27.040	49.168
complex.555.pdb	0	26.167	50.760
complex.556.pdb	0	25.989	41.732
complex.557.pdb	0	28.546	48.953
complex.558.pdb	0	25.191	42.807
complex.559.pdb	0	22.394	47.512
complex.560.pdb	0	29.517	55.618
complex.561.pdb	0	25.203	67.111
complex.562.pdb	0	24.122	48.218
complex.563.pdb	0.0442478	16.423	40.123
complex.564.pdb	0	25.433	58.688
complex.565.pdb	0	30.834	61.028
complex.566.pdb	0	22.171	44.697
complex.567.pdb	0	24.424	51.393
complex.568.pdb	0	18.873	37.234
complex.569.pdb	0.0176991	22.189	35.136
complex.570.pdb	0.0442478	5.807	11.318
complex.571.pdb	0	22.887	39.730
complex.572.pdb	0.0353982	18.361	47.861
complex.573.pdb	0	27.387	51.667
complex.574.pdb	0	23.092	43.849
complex.575.pdb	0	19.703	29.411
complex.576.pdb	0	26.256	47.972
complex.577.pdb	0	26.340	63.648
complex.578.pdb	0	23.182	41.597
complex.579.pdb	0	19.507	52.054
complex.580.pdb	0	23.904	39.809
complex.581.pdb	0	22.144	35.942
complex.582.pdb	0	25.840	40.385
complex.583.pdb	0.00884956	22.938	41.467
complex.584.pdb	0.300885	3.526	6.645
complex.585.pdb	0	23.609	38.895
complex.586.pdb	0	20.842	41.688
complex.587.pdb	0	24.777	47.882
complex.588.pdb	0	24.635	39.272
complex.589.pdb	0	27.678	57.140
complex.590.pdb	0	21.976	35.888
complex.591.pdb	0	16.566	39.227
complex.592.pdb	0	26.586	63.325
complex.593.pdb	0	24.147	47.767
complex.594.pdb	0.00884956	14.780	30.238
complex.595.pdb	0.0176991	23.418	39.110
complex.596.pdb	0.00884956	23.691	48.189
complex.597.pdb	0.00884956	25.894	40.235
complex.598.pdb	0	22.629	43.927
complex.599.pdb	0	16.122	36.753
complex.600.pdb	0.00884956	18.720	44.742
complex.601.pdb	0	18.745	47.450
complex.602.pdb	0.0442478	16.622	34.629
complex.603.pdb	0	27.119	47.202
complex.604.pdb	0	14.778	31.175
complex.605.pdb	0.00884956	26.239	41.408
complex.606.pdb	0	18.396	43.018
complex.607.pdb	0	24.010	56.527
complex.608.pdb	0	22.639	44.178
complex.609.pdb	0	22.822	48.270
complex.610.pdb	0	10.111	17.310
complex.611.pdb	0	19.166	30.938
complex.612.pdb	0	13.132	21.221
complex.613.pdb	0.0265487	24.994	52.714
complex.614.pdb	0	27.563	49.461
complex.615.pdb	0	24.737	44.059
complex.616.pdb	0	24.011	48.140
complex.617.pdb	0.00884956	19.544	48.259
complex.618.pdb	0	32.185	63.638
complex.619.pdb	0	22.999	47.793
complex.620.pdb	0.0353982	19.221	45.828
complex.621.pdb	0	26.863	59.804
complex.622.pdb	0	24.265	66.788
complex.623.pdb	0	27.364	63.062
complex.624.pdb	0	24.997	51.241
complex.625.pdb	0	21.376	51.638
complex.626.pdb	0	28.013	48.884
complex.627.pdb	0	19.620	32.432
complex.628.pdb	0.0176991	24.038	39.531
complex.629.pdb	0	29.016	58.003
complex.630.pdb	0	18.241	51.511
complex.631.pdb	0	25.749	48.784
complex.632.pdb	0	25.112	59.661
complex.633.pdb	0	13.593	27.466
complex.634.pdb	0	27.765	61.248
complex.635.pdb	0.0176991	22.219	51.744
complex.636.pdb	0	21.555	48.255
complex.637.pdb	0	22.640	35.422
complex.638.pdb	0	27.127	52.566
complex.639.pdb	0	19.269	47.904
complex.640.pdb	0	25.470	46.624
complex.641.pdb	0	16.609	38.257
complex.642.pdb	0.00884956	15.913	41.784
complex.643.pdb	0	22.922	44.874
complex.644.pdb	0	25.222	46.721
complex.645.pdb	0	19.666	34.986
complex.646.pdb	0.0530973	17.546	41.807
complex.647.pdb	0	15.975	39.988
complex.648.pdb	0	25.388	43.044
complex.649.pdb	0.00884956	27.958	53.747
complex.650.pdb	0	21.417	49.424
complex.651.pdb	0	23.816	46.051
complex.652.pdb	0.0176991	17.604	40.414
complex.653.pdb	0.0619469	15.474	42.310
complex.654.pdb	0	26.506	48.338
complex.655.pdb	0.0442478	24.969	39.507
complex.656.pdb	0	24.491	48.617
complex.657.pdb	0	23.968	49.384
complex.658.pdb	0	21.650	33.792
complex.659.pdb	0	22.447	41.046
complex.660.pdb	0	26.108	51.586
complex.661.pdb	0	29.611	68.446
complex.662.pdb	0	23.866	57.692
complex.663.pdb	0	22.159	46.754
complex.664.pdb	0	22.010	39.763
complex.665.pdb	0.00884956	24.218	50.165
complex.666.pdb	0	23.233	58.932
complex.667.pdb	0	19.184	47.021
complex.668.pdb	0	23.506	53.045
complex.669.pdb	0	29.997	68.837
complex.670.pdb	0	22.153	44.908
complex.671.pdb	0	27.691	54.185
complex.672.pdb	0	19.054	35.148
complex.673.pdb	0.0176991	22.160	47.635
complex.674.pdb	0	25.945	47.866
complex.675.pdb	0	14.060	27.942
complex.676.pdb	0	30.315	61.383
complex.677.pdb	0	31.810	61.085
complex.678.pdb	0	17.114	36.955
complex.679.pdb	0	31.489	63.822
complex.680.pdb	0	26.539	48.495
complex.681.pdb	0	24.080	38.089
complex.682.pdb	0	26.440	63.251
complex.683.pdb	0	32.470	65.563
complex.684.pdb	0	29.319	68.976
complex.685.pdb	0	21.382	52.811
complex.686.pdb	0.0176991	25.236	40.243
complex.687.pdb	0	19.109	30.989
complex.688.pdb	0	26.352	61.772
complex.689.pdb	0	24.557	50.608
complex.690.pdb	0	25.660	45.797
complex.691.pdb	0	24.681	45.555
complex.692.pdb	0	24.062	48.383
complex.693.pdb	0	18.514	41.790
complex.694.pdb	0	22.091	57.305
complex.695.pdb	0	22.863	51.129
complex.696.pdb	0	29.842	66.732
complex.697.pdb	0	19.376	56.987
complex.698.pdb	0	17.966	42.457
complex.699.pdb	0	25.419	49.738
complex.700.pdb	0	27.081	51.368
complex.701.pdb	0	22.357	55.015
complex.702.pdb	0	30.919	58.891
complex.703.pdb	0	25.939	63.235
complex.704.pdb	0	20.577	37.434
complex.705.pdb	0.00884956	22.617	50.103
complex.706.pdb	0	26.606	66.246
complex.707.pdb	0	12.703	27.345
complex.708.pdb	0	22.173	39.044
complex.709.pdb	0	26.304	48.096
complex.710.pdb	0	27.637	50.190
complex.711.pdb	0	27.076	57.460
complex.712.pdb	0	23.603	40.743
complex.713.pdb	0	20.561	37.750
complex.714.pdb	0	31.214	66.380
complex.715.pdb	0	27.837	50.928
complex.716.pdb	0.0530973	24.497	38.784
complex.717.pdb	0	26.755	65.306
complex.718.pdb	0	20.851	30.129
complex.719.pdb	0	24.371	44.633
complex.720.pdb	0.0176991	15.700	41.508
complex.721.pdb	0.00884956	25.601	41.300
complex.722.pdb	0	23.107	39.823
complex.723.pdb	0	26.875	49.938
complex.724.pdb	0	26.639	56.034
complex.725.pdb	0	30.628	63.177
complex.726.pdb	0	25.022	60.149
complex.727.pdb	0	17.104	39.745
complex.728.pdb	0	24.289	41.823
complex.729.pdb	0	22.913	38.305
complex.730.pdb	0.0442478	16.511	40.160
complex.731.pdb	0	16.250	35.017
complex.732.pdb	0	21.873	43.296
complex.733.pdb	0	32.546	70.560
complex.734.pdb	0	26.488	46.646
complex.735.pdb	0	19.385	40.084
complex.736.pdb	0	28.634	51.302
complex.737.pdb	0	31.546	67.988
complex.738.pdb	0	25.635	56.348
complex.739.pdb	0	30.580	70.488
complex.740.pdb	0	29.499	57.889
complex.741.pdb	0	21.410	37.777
complex.742.pdb	0	30.171	59.942
complex.743.pdb	0	31.560	60.742
complex.744.pdb	0.00884956	11.731	18.652
complex.745.pdb	0	14.132	43.560
complex.746.pdb	0	20.777	33.997
complex.747.pdb	0	30.469	63.203
complex.748.pdb	0	20.562	33.984
complex.749.pdb	0	32.271	71.440
complex.750.pdb	0	22.483	35.037
complex.751.pdb	0	20.625	35.593
complex.752.pdb	0	23.219	39.160
complex.753.pdb	0	24.478	40.071
complex.754.pdb	0.00884956	25.790	47.860
complex.755.pdb	0.0353982	20.236	41.203
complex.756.pdb	0	26.345	48.911
complex.757.pdb	0	18.103	46.575
complex.758.pdb	0	32.229	62.931
complex.759.pdb	0	26.278	58.919
complex.760.pdb	0	24.748	57.058
complex.761.pdb	0	29.528	57.360
complex.762.pdb	0	29.463	65.892
complex.763.pdb	0	12.741	26.218
complex.764.pdb	0	19.473	33.705
complex.765.pdb	0	20.193	29.700
complex.766.pdb	0	25.910	58.972
complex.767.pdb	0	24.851	52.778
complex.768.pdb	0	25.204	42.942
complex.769.pdb	0	20.421	58.751
complex.770.pdb	0	25.046	41.612
complex.771.pdb	0	25.804	46.255
complex.772.pdb	0	26.348	61.296
complex.773.pdb	0.0265487	21.167	45.200
complex.774.pdb	0	23.693	40.201
complex.775.pdb	0	28.100	55.592
complex.776.pdb	0	24.172	42.730
complex.777.pdb	0	22.516	43.152
complex.778.pdb	0.0353982	11.611	22.499
complex.779.pdb	0	21.410	51.812
complex.780.pdb	0	20.181	31.921
complex.781.pdb	0	23.922	40.375
complex.782.pdb	0.0265487	25.029	53.061
complex.783.pdb	0	30.259	58.448
complex.784.pdb	0	17.739	40.184
complex.785.pdb	0	27.701	52.473
complex.786.pdb	0	21.815	40.575
complex.787.pdb	0	19.638	40.299
complex.788.pdb	0	11.048	28.266
complex.789.pdb	0	18.491	42.977
complex.790.pdb	0	29.900	67.875
complex.791.pdb	0	16.585	44.320
complex.792.pdb	0	19.254	35.727
complex.793.pdb	0	17.042	38.848
complex.794.pdb	0	32.078	70.674
complex.795.pdb	0	24.134	43.106
complex.796.pdb	0	26.520	48.700
complex.797.pdb	0	24.790	46.644
complex.798.pdb	0	23.855	44.075
complex.799.pdb	0	23.909	42.059
complex.800.pdb	0	21.831	44.827
complex.801.pdb	0.0176991	28.750	52.520
complex.802.pdb	0.0265487	20.201	47.059
complex.803.pdb	0	25.631	63.769
complex.804.pdb	0.0176991	26.576	50.842
complex.805.pdb	0	19.624	54.095
complex.806.pdb	0	20.623	53.732
complex.807.pdb	0.0176991	20.198	42.544
complex.808.pdb	0	12.881	30.149
complex.809.pdb	0	24.316	43.259
complex.810.pdb	0	19.312	37.153
complex.811.pdb	0	25.354	59.000
complex.812.pdb	0.00884956	25.203	49.490
complex.813.pdb	0	16.280	48.101
complex.814.pdb	0.0176991	17.668	38.998
complex.815.pdb	0.0176991	27.855	46.407
complex.816.pdb	0	14.909	32.621
complex.817.pdb	0	21.959	45.165
complex.818.pdb	0	25.439	57.364
complex.819.pdb	0	21.022	43.853
complex.820.pdb	0	18.893	33.788
complex.821.pdb	0	24.871	67.723
complex.822.pdb	0.00884956	11.773	26.986
complex.823.pdb	0	17.195	26.622
complex.824.pdb	0	23.921	58.322
complex.825.pdb	0	29.115	61.472
complex.826.pdb	0	25.736	50.754
complex.827.pdb	0	34.014	76.972
complex.828.pdb	0	24.610	50.144
complex.829.pdb	0	26.365	56.895
complex.830.pdb	0	29.693	66.290
complex.831.pdb	0	25.618	62.877
complex.832.pdb	0	19.186	51.458
complex.833.pdb	0	24.019	38.507
complex.834.pdb	0	29.089	67.075
complex.835.pdb	0.159292	5.403	11.422
complex.836.pdb	0.0619469	24.564	40.992
complex.837.pdb	0	25.344	42.178
complex.838.pdb	0	26.210	52.804
complex.839.pdb	0	18.712	51.024
complex.840.pdb	0	34.183	77.427
complex.841.pdb	0	26.068	69.098
complex.842.pdb	0.0265487	11.296	25.196
complex.843.pdb	0.0176991	24.646	39.784
complex.844.pdb	0	24.660	43.649
complex.845.pdb	0	31.263	70.445
complex.846.pdb	0	32.705	71.093
complex.847.pdb	0.0265487	19.930	45.503
complex.848.pdb	0.00884956	17.379	47.913
complex.849.pdb	0	22.851	60.515
complex.850.pdb	0	34.020	74.342
complex.851.pdb	0	29.330	59.240
complex.852.pdb	0	27.759	50.146
complex.853.pdb	0.106195	6.590	14.804
complex.854.pdb	0	17.148	46.401
complex.855.pdb	0	24.284	40.692
complex.856.pdb	0	29.464	67.104
complex.857.pdb	0	21.050	40.196
complex.858.pdb	0	16.361	35.318
complex.859.pdb	0	30.110	60.664
complex.860.pdb	0	24.808	42.559
complex.861.pdb	0	24.455	55.564
complex.862.pdb	0	29.257	56.749
complex.863.pdb	0.0176991	9.121	18.012
complex.864.pdb	0	20.847	34.780
complex.865.pdb	0.0176991	25.676	48.899
complex.866.pdb	0	20.493	35.385
complex.867.pdb	0	14.110	27.299
complex.868.pdb	0.0619469	11.963	26.738
complex.869.pdb	0	26.512	50.164
complex.870.pdb	0	19.313	41.819
complex.871.pdb	0	30.237	70.423
complex.872.pdb	0	26.392	50.784
complex.873.pdb	0	29.286	70.160
complex.874.pdb	0	19.214	27.329
complex.875.pdb	0.00884956	27.123	58.913
complex.876.pdb	0	11.164	24.147
complex.877.pdb	0	27.235	63.925
complex.878.pdb	0	23.938	42.664
complex.879.pdb	0.00884956	19.430	36.158
complex.880.pdb	0.0265487	16.352	37.115
complex.881.pdb	0	21.503	58.762
complex.882.pdb	0	23.618	38.730
complex.883.pdb	0	21.878	38.433
complex.884.pdb	0	25.166	42.053
complex.885.pdb	0	15.809	27.298
complex.886.pdb	0.00884956	26.285	44.081
complex.887.pdb	0	27.854	51.161
complex.888.pdb	0	15.208	30.560
complex.889.pdb	0	26.267	43.850
complex.890.pdb	0	23.269	42.146
complex.891.pdb	0	25.424	55.660
complex.892.pdb	0	23.193	60.185
complex.893.pdb	0	13.603	32.474
complex.894.pdb	0	28.524	59.708
complex.895.pdb	0	22.029	35.251
complex.896.pdb	0	30.159	58.852
complex.897.pdb	0	27.474	51.040
complex.898.pdb	0.0176991	21.906	47.546
complex.899.pdb	0	19.858	31.193
complex.900.pdb	0.00884956	24.221	46.290
complex.901.pdb	0.0176991	26.498	54.512
complex.902.pdb	0	29.605	68.988
complex.903.pdb	0	26.314	47.735
complex.904.pdb	0	15.028	33.732
complex.905.pdb	0	23.485	48.019
complex.906.pdb	0	25.210	62.883
complex.907.pdb	0	22.016	46.740
complex.908.pdb	0	25.805	41.447
complex.909.pdb	0	25.430	59.287
complex.910.pdb	0	27.711	54.667
complex.911.pdb	0	19.183	38.995
complex.912.pdb	0	16.157	46.110
complex.913.pdb	0.0353982	27.284	54.083
complex.914.pdb	0	24.487	57.454
complex.915.pdb	0	29.987	60.850
complex.916.pdb	0.0176991	25.516	41.071
complex.917.pdb	0	24.861	62.224
complex.918.pdb	0	19.327	42.692
complex.919.pdb	0	24.513	57.868
complex.920.pdb	0	29.281	57.156
complex.921.pdb	0	26.216	47.052
complex.922.pdb	0	25.535	50.093
complex.923.pdb	0	23.181	56.217
complex.924.pdb	0	22.517	50.629
complex.925.pdb	0	24.017	57.376
complex.926.pdb	0	25.294	48.278
complex.927.pdb	0.0353982	27.340	52.059
complex.928.pdb	0	34.495	76.349
complex.929.pdb	0	21.925	39.717
complex.930.pdb	0.0442478	23.561	37.809
complex.931.pdb	0	21.634	42.699
complex.932.pdb	0	26.032	46.336
complex.933.pdb	0	22.461	48.791
complex.934.pdb	0.0265487	23.410	39.325
complex.935.pdb	0.00884956	19.677	45.220
complex.936.pdb	0.0442478	19.676	50.146
complex.937.pdb	0	25.556	60.021
complex.938.pdb	0.283186	3.925	7.230
complex.939.pdb	0	21.694	36.811
complex.940.pdb	0	22.571	35.583
complex.941.pdb	0	17.045	37.612
complex.942.pdb	0	12.950	28.424
complex.943.pdb	0.0442478	13.514	30.931
complex.944.pdb	0	25.567	46.290
complex.945.pdb	0	27.365	50.870
complex.946.pdb	0.0353982	8.498	17.841
complex.947.pdb	0	29.319	58.474
complex.948.pdb	0.00884956	21.622	44.498
complex.949.pdb	0.0442478	22.608	37.085
complex.950.pdb	0	34.576	74.453
complex.951.pdb	0	18.005	46.751
complex.952.pdb	0	20.625	30.146
complex.953.pdb	0.00884956	25.806	51.191
complex.954.pdb	0	15.503	37.191
complex.955.pdb	0	26.554	67.707
complex.956.pdb	0	19.206	34.035
complex.957.pdb	0	30.545	61.279
complex.958.pdb	0.0530973	10.345	20.742
complex.959.pdb	0	25.142	41.901
complex.960.pdb	0	13.925	26.956
complex.961.pdb	0	25.886	50.117
complex.962.pdb	0	27.917	52.589
complex.963.pdb	0	25.065	58.382
complex.964.pdb	0	25.611	42.333
complex.965.pdb	0	24.611	40.396
complex.966.pdb	0.0707965	19.833	42.875
complex.967.pdb	0	21.510	51.345
complex.968.pdb	0	24.067	50.363
complex.969.pdb	0	21.696	41.009
complex.970.pdb	0	24.020	44.349
complex.971.pdb	0.238938	6.705	16.032
complex.972.pdb	0	30.146	60.281
complex.973.pdb	0	25.688	55.734
complex.974.pdb	0	22.884	45.145
complex.975.pdb	0.00884956	20.021	49.211
complex.976.pdb	0	22.559	55.230
complex.977.pdb	0	17.796	44.167
complex.978.pdb	0	24.944	40.532
complex.979.pdb	0	30.706	59.646
complex.980.pdb	0	26.018	69.225
complex.981.pdb	0	24.076	42.691
complex.982.pdb	0	19.414	40.026
complex.983.pdb	0	29.667	71.080
complex.984.pdb	0	18.978	51.505
complex.985.pdb	0	8.352	14.572
complex.986.pdb	0.079646	18.205	44.205
complex.987.pdb	0	17.835	47.280
complex.988.pdb	0	20.253	42.660
complex.989.pdb	0	23.285	38.689
complex.990.pdb	0	15.153	29.812
complex.991.pdb	0	20.833	32.122
complex.992.pdb	0	32.068	63.776
complex.993.pdb	0	27.391	54.413
complex.994.pdb	0.0176991	26.352	40.351
complex.995.pdb	0	26.712	55.143
complex.996.pdb	0.0176991	28.855	54.097
complex.997.pdb	0	30.228	60.947
complex.998.pdb	0	28.216	55.866
complex.999.pdb	0	19.726	41.833
complex.1000.pdb	0.00884956	25.078	56.856
complex.1001.pdb	0	18.307	47.892
complex.1002.pdb	0	23.061	35.413
complex.1003.pdb	0.0176991	24.941	39.832
complex.1004.pdb	0	25.186	41.742
complex.1005.pdb	0	22.862	49.778
complex.1006.pdb	0	21.904	32.947
complex.1007.pdb	0.00884956	25.283	59.323
complex.1008.pdb	0	14.821	36.140
complex.1009.pdb	0	14.378	46.414
complex.1010.pdb	0	19.928	36.683
complex.1011.pdb	0	34.440	72.361
complex.1012.pdb	0	26.474	47.921
complex.1013.pdb	0	20.892	42.065
complex.1014.pdb	0	26.284	61.472
complex.1015.pdb	0.00884956	24.694	49.991
complex.1016.pdb	0	26.890	46.306
complex.1017.pdb	0	21.559	34.246
complex.1018.pdb	0.00884956	13.364	37.012
complex.1019.pdb	0	28.051	57.083
complex.1020.pdb	0	23.551	38.124
complex.1021.pdb	0	21.964	57.088
complex.1022.pdb	0	31.764	67.929
complex.1023.pdb	0	22.307	58.475
complex.1024.pdb	0	19.326	28.354
complex.1025.pdb	0.0176991	23.203	54.730
complex.1026.pdb	0	11.732	23.883
complex.1027.pdb	0	21.282	47.150
complex.1028.pdb	0	18.399	38.009
complex.1029.pdb	0	28.734	52.666
complex.1030.pdb	0	27.369	46.075
complex.1031.pdb	0.00884956	25.454	54.350
complex.1032.pdb	0	26.556	50.843
complex.1033.pdb	0	25.592	43.128
complex.1034.pdb	0.0707965	16.754	39.107
complex.1035.pdb	0	17.420	38.692
complex.1036.pdb	0	29.051	53.476
complex.1037.pdb	0.0442478	25.434	39.966
complex.1038.pdb	0	28.097	60.262
complex.1039.pdb	0	22.544	38.305
complex.1040.pdb	0	24.744	45.993
complex.1041.pdb	0	30.973	68.828
complex.1042.pdb	0.0265487	18.351	40.535
complex.1043.pdb	0	19.473	57.201
complex.1044.pdb	0	24.860	44.645
complex.1045.pdb	0.0265487	19.566	41.452
complex.1046.pdb	0	28.493	64.670
complex.1047.pdb	0	17.444	38.839
complex.1048.pdb	0	25.629	45.757
complex.1049.pdb	0	24.102	56.969
complex.1050.pdb	0	20.305	47.446
complex.1051.pdb	0	30.873	70.805
complex.1052.pdb	0	18.825	42.900
complex.1053.pdb	0	19.891	32.489
complex.1054.pdb	0.0353982	26.356	55.828
complex.1055.pdb	0	22.531	37.740
complex.1056.pdb	0	24.007	47.828
complex.1057.pdb	0	26.923	56.694
complex.1058.pdb	0	23.296	55.732
complex.1059.pdb	0	26.801	48.913
complex.1060.pdb	0	17.996	45.411
complex.1061.pdb	0	19.934	41.374
complex.1062.pdb	0	25.315	49.506
complex.1063.pdb	0	22.041	37.741
complex.1064.pdb	0	23.071	42.357
complex.1065.pdb	0	24.588	54.423
complex.1066.pdb	0	25.594	39.701
complex.1067.pdb	0	20.163	44.853
complex.1068.pdb	0	31.251	60.998
complex.1069.pdb	0	30.206	69.888
complex.1070.pdb	0.0265487	22.786	46.443
complex.1071.pdb	0	29.555	58.265
complex.1072.pdb	0	22.643	38.903
complex.1073.pdb	0.0176991	26.518	50.960
complex.1074.pdb	0	25.131	45.077
complex.1075.pdb	0	26.910	49.029
complex.1076.pdb	0	20.395	56.367
complex.1077.pdb	0	20.179	56.599
complex.1078.pdb	0	23.413	42.414
complex.1079.pdb	0.0530973	8.909	19.632
complex.1080.pdb	0	26.189	52.735
complex.1081.pdb	0	24.211	42.251
complex.1082.pdb	0.0265487	20.823	38.041
complex.1083.pdb	0	24.439	44.930
complex.1084.pdb	0	26.897	46.798
complex.1085.pdb	0	14.259	24.673
complex.1086.pdb	0	28.378	56.117
complex.1087.pdb	0	20.330	40.717
complex.1088.pdb	0	17.866	40.246
complex.1089.pdb	0	14.775	39.144
complex.1090.pdb	0.00884956	25.881	41.710
complex.1091.pdb	0	20.513	41.579
complex.1092.pdb	0	21.046	31.778
complex.1093.pdb	0	33.834	66.585
complex.1094.pdb	0	13.547	30.190
complex.1095.pdb	0.00884956	23.277	44.307
complex.1096.pdb	0	23.430	43.270
complex.1097.pdb	0	31.645	67.016
complex.1098.pdb	0	21.592	39.745
complex.1099.pdb	0	27.575	60.815
complex.1100.pdb	0	28.678	54.009
complex.1101.pdb	0	20.469	52.487
complex.1102.pdb	0	17.463	39.995
complex.1103.pdb	0	24.615	59.518
complex.1104.pdb	0	14.456	30.633
complex.1105.pdb	0	26.363	70.252
complex.1106.pdb	0	29.824	66.552
complex.1107.pdb	0	21.348	60.519
complex.1108.pdb	0	18.632	31.814
complex.1109.pdb	0	27.899	63.559
complex.1110.pdb	0.0176991	11.609	23.076
complex.1111.pdb	0	22.584	36.597
complex.1112.pdb	0	29.678	72.406
complex.1113.pdb	0	21.360	59.936
complex.1114.pdb	0.00884956	25.143	49.842
complex.1115.pdb	0	23.616	54.055
complex.1116.pdb	0.0176991	27.166	56.806
complex.1117.pdb	0	27.046	61.408
complex.1118.pdb	0	32.568	67.194
complex.1119.pdb	0	28.468	56.558
complex.1120.pdb	0.0176991	14.863	34.709
complex.1121.pdb	0.0442478	26.129	47.957
complex.1122.pdb	0	25.075	43.036
complex.1123.pdb	0	18.818	46.195
complex.1124.pdb	0	30.728	66.484
complex.1125.pdb	0	24.026	37.727
complex.1126.pdb	0	18.611	53.846
complex.1127.pdb	0.00884956	28.515	50.129
complex.1128.pdb	0	23.200	37.632
complex.1129.pdb	0	25.954	49.829
complex.1130.pdb	0.0265487	26.738	52.574
complex.1131.pdb	0	15.390	29.087
complex.1132.pdb	0	20.383	38.923
complex.1133.pdb	0	21.483	33.451
complex.1134.pdb	0	29.526	64.227
complex.1135.pdb	0	28.874	56.003
complex.1136.pdb	0.00884956	25.193	44.350
complex.1137.pdb	0	18.778	53.089
complex.1138.pdb	0.0265487	28.670	49.989
complex.1139.pdb	0	18.784	39.922
complex.1140.pdb	0	27.417	50.111
complex.1141.pdb	0	23.141	36.397
complex.1142.pdb	0.0176991	23.199	52.498
complex.1143.pdb	0	22.055	35.460
complex.1144.pdb	0	28.088	49.690
complex.1145.pdb	0.0442478	23.672	38.086
complex.1146.pdb	0	22.155	51.522
complex.1147.pdb	0	24.220	41.521
complex.1148.pdb	0	29.726	67.975
complex.1149.pdb	0.0176991	25.172	43.631
complex.1150.pdb	0	20.983	36.886
complex.1151.pdb	0	35.098	77.105
complex.1152.pdb	0	26.655	62.299
complex.1153.pdb	0.00884956	16.777	38.753
complex.1154.pdb	0	26.770	62.286
complex.1155.pdb	0	34.740	75.651
complex.1156.pdb	0	14.423	27.294
complex.1157.pdb	0	18.797	52.515
complex.1158.pdb	0	22.880	43.990
complex.1159.pdb	0	15.370	41.992
complex.1160.pdb	0.00884956	26.819	46.020
complex.1161.pdb	0	29.155	61.801
complex.1162.pdb	0	22.875	36.126
complex.1163.pdb	0	22.792	38.697
complex.1164.pdb	0.0265487	27.309	49.048
complex.1165.pdb	0	25.079	39.644
complex.1166.pdb	0	21.355	39.368
complex.1167.pdb	0	29.758	65.592
complex.1168.pdb	0	20.884	30.904
complex.1169.pdb	0	21.164	60.001
complex.1170.pdb	0.0265487	26.364	53.468
complex.1171.pdb	0.0353982	25.437	44.265
complex.1172.pdb	0.176991	3.746	8.837
complex.1173.pdb	0	20.763	48.347
complex.1174.pdb	0	21.210	44.541
complex.1175.pdb	0	27.084	62.629
complex.1176.pdb	0	26.034	48.228
complex.1177.pdb	0	27.050	61.266
complex.1178.pdb	0	24.284	46.105
complex.1179.pdb	0	23.107	59.514
complex.1180.pdb	0	21.365	39.990
complex.1181.pdb	0	29.418	66.895
complex.1182.pdb	0.0176991	22.722	49.028
complex.1183.pdb	0.079646	7.147	16.876
complex.1184.pdb	0.0442478	19.147	39.371
complex.1185.pdb	0	21.649	39.400
complex.1186.pdb	0	27.467	52.754
complex.1187.pdb	0	26.592	44.951
complex.1188.pdb	0	20.208	42.619
complex.1189.pdb	0	25.362	61.953
complex.1190.pdb	0.0442478	6.872	18.924
complex.1191.pdb	0	29.828	58.894
complex.1192.pdb	0	27.722	68.945
complex.1193.pdb	0	26.699	57.776
complex.1194.pdb	0.19469	5.344	12.240
complex.1195.pdb	0	13.597	28.731
complex.1196.pdb	0	24.843	41.251
complex.1197.pdb	0	23.136	41.033
complex.1198.pdb	0	33.773	64.595
complex.1199.pdb	0	18.224	52.404
complex.1200.pdb	0	26.716	56.072
complex.1201.pdb	0	24.340	39.624
complex.1202.pdb	0	22.316	46.057
complex.1203.pdb	0	33.564	70.199
complex.1204.pdb	0	24.712	66.093
complex.1205.pdb	0.0353982	15.714	41.740
complex.1206.pdb	0	34.575	76.909
complex.1207.pdb	0	20.938	36.986
complex.1208.pdb	0	29.513	61.189
complex.1209.pdb	0.0265487	15.823	41.147
complex.1210.pdb	0.0176991	8.723	17.001
complex.1211.pdb	0	18.849	53.448
complex.1212.pdb	0	17.877	37.768
complex.1213.pdb	0	24.882	43.481
complex.1214.pdb	0	27.234	50.979
complex.1215.pdb	0	21.617	44.061
complex.1216.pdb	0	15.110	44.885
complex.1217.pdb	0	20.704	51.438
complex.1218.pdb	0	30.310	62.776
complex.1219.pdb	0	22.959	46.238
complex.1220.pdb	0	24.403	52.271
complex.1221.pdb	0	27.420	70.095
complex.1222.pdb	0	23.348	43.371
complex.1223.pdb	0.0265487	28.277	53.275
complex.1224.pdb	0	25.234	63.451
complex.1225.pdb	0	22.416	58.247
complex.1226.pdb	0	28.928	65.449
complex.1227.pdb	0	26.937	64.690
complex.1228.pdb	0.0176991	11.161	25.777
complex.1229.pdb	0	26.369	64.283
complex.1230.pdb	0	25.915	61.852
complex.1231.pdb	0	26.411	48.802
complex.1232.pdb	0.0176991	22.612	46.340
complex.1233.pdb	0	25.339	48.205
complex.1234.pdb	0.0707965	7.657	21.644
complex.1235.pdb	0	18.265	35.283
complex.1236.pdb	0	18.525	32.472
complex.1237.pdb	0.0176991	9.265	25.570
complex.1238.pdb	0	27.705	63.773
complex.1239.pdb	0.0265487	27.319	45.015
complex.1240.pdb	0.00884956	26.225	46.246
complex.1241.pdb	0	35.042	72.499
complex.1242.pdb	0.00884956	23.301	47.716
complex.1243.pdb	0	26.064	43.054
complex.1244.pdb	0	12.816	24.701
complex.1245.pdb	0	12.474	32.445
complex.1246.pdb	0	19.357	52.551
complex.1247.pdb	0	28.556	52.176
complex.1248.pdb	0	25.490	46.981
complex.1249.pdb	0	27.920	62.681
complex.1250.pdb	0	26.150	42.134
complex.1251.pdb	0	17.224	35.980
complex.1252.pdb	0	15.050	28.017
complex.1253.pdb	0	24.809	53.767
complex.1254.pdb	0	18.150	28.750
complex.1255.pdb	0	29.286	60.977
complex.1256.pdb	0	19.486	51.859
complex.1257.pdb	0	29.014	56.883
complex.1258.pdb	0	26.795	49.853
complex.1259.pdb	0	26.302	43.915
complex.1260.pdb	0	21.932	33.542
complex.1261.pdb	0	16.300	45.646
complex.1262.pdb	0	25.788	60.491
complex.1263.pdb	0	21.904	35.614
complex.1264.pdb	0	19.511	35.744
complex.1265.pdb	0	23.187	40.269
complex.1266.pdb	0	21.306	54.067
complex.1267.pdb	0	29.662	54.819
complex.1268.pdb	0.0353982	20.783	46.438
complex.1269.pdb	0	24.412	60.406
complex.1270.pdb	0	26.271	61.047
complex.1271.pdb	0.0442478	11.589	30.674
complex.1272.pdb	0.0265487	26.329	48.994
complex.1273.pdb	0	32.635	70.287
complex.1274.pdb	0	24.106	44.811
complex.1275.pdb	0	21.514	42.643
complex.1276.pdb	0	10.585	22.728
complex.1277.pdb	0	25.379	68.675
complex.1278.pdb	0.00884956	22.940	47.409
complex.1279.pdb	0	24.084	46.309
complex.1280.pdb	0	27.605	52.656
complex.1281.pdb	0	24.795	41.283
complex.1282.pdb	0	31.521	63.952
complex.1283.pdb	0.0884956	13.058	29.105
complex.1284.pdb	0	19.440	35.875
complex.1285.pdb	0	11.603	22.525
complex.1286.pdb	0	27.070	49.695
complex.1287.pdb	0	30.383	62.863
complex.1288.pdb	0	24.717	63.040
complex.1289.pdb	0	21.421	35.653
complex.1290.pdb	0	14.181	25.009
complex.1291.pdb	0	23.277	37.941
complex.1292.pdb	0	26.780	58.270
complex.1293.pdb	0	24.678	38.421
complex.1294.pdb	0	21.766	55.422
complex.1295.pdb	0	20.188	32.785
complex.1296.pdb	0	28.289	53.040
complex.1297.pdb	0	18.941	34.046
complex.1298.pdb	0	24.599	45.120
complex.1299.pdb	0	30.088	56.272
complex.1300.pdb	0	18.303	38.745
complex.1301.pdb	0	28.307	58.718
complex.1302.pdb	0.00884956	17.049	35.194
complex.1303.pdb	0	19.803	34.654
complex.1304.pdb	0.0353982	26.227	50.119
complex.1305.pdb	0	18.398	36.326
complex.1306.pdb	0	25.727	51.516
complex.1307.pdb	0	29.569	57.541
complex.1308.pdb	0	28.150	52.001
complex.1309.pdb	0	25.324	62.074
complex.1310.pdb	0	17.452	35.891
complex.1311.pdb	0	33.451	77.054
complex.1312.pdb	0	21.670	38.896
complex.1313.pdb	0	18.089	35.236
complex.1314.pdb	0	18.068	30.794
complex.1315.pdb	0.0176991	24.109	46.046
complex.1316.pdb	0	29.567	61.259
complex.1317.pdb	0	19.314	36.331
complex.1318.pdb	0	25.160	43.251
complex.1319.pdb	0	22.313	42.774
complex.1320.pdb	0	33.596	69.458
complex.1321.pdb	0.0265487	21.352	45.526
complex.1322.pdb	0	27.478	48.055
complex.1323.pdb	0	25.232	52.007
complex.1324.pdb	0	21.375	38.435
complex.1325.pdb	0.00884956	18.309	50.631
complex.1326.pdb	0	25.997	61.475
complex.1327.pdb	0.0176991	25.708	40.889
complex.1328.pdb	0	18.242	41.855
complex.1329.pdb	0	21.671	37.806
complex.1330.pdb	0	19.886	56.920
complex.1331.pdb	0.00884956	26.743	47.129
complex.1332.pdb	0	25.596	45.454
complex.1333.pdb	0	24.187	39.660
complex.1334.pdb	0	26.729	48.199
complex.1335.pdb	0	17.566	47.769
complex.1336.pdb	0	23.219	40.646
complex.1337.pdb	0	25.915	57.181
complex.1338.pdb	0	26.664	45.761
complex.1339.pdb	0	24.366	50.298
complex.1340.pdb	0	29.639	57.063
complex.1341.pdb	0	23.545	40.459
complex.1342.pdb	0	23.966	37.426
complex.1343.pdb	0	19.722	36.408
complex.1344.pdb	0	19.501	27.783
complex.1345.pdb	0	27.185	47.390
complex.1346.pdb	0	29.089	52.559
complex.1347.pdb	0	26.867	47.615
complex.1348.pdb	0	22.669	38.494
complex.1349.pdb	0	32.603	63.867
complex.1350.pdb	0	23.608	58.678
complex.1351.pdb	0	25.586	62.866
complex.1352.pdb	0	17.871	36.863
complex.1353.pdb	0	23.277	44.215
complex.1354.pdb	0	27.137	46.119
complex.1355.pdb	0	22.271	40.156
complex.1356.pdb	0	22.674	36.516
complex.1357.pdb	0	20.921	44.580
complex.1358.pdb	0	25.204	62.917
complex.1359.pdb	0	26.362	66.045
complex.1360.pdb	0	25.955	56.861
complex.1361.pdb	0	24.458	61.492
complex.1362.pdb	0	23.199	40.797
complex.1363.pdb	0	20.773	58.359
complex.1364.pdb	0	24.980	46.048
complex.1365.pdb	0	18.838	37.869
complex.1366.pdb	0	18.133	41.431
complex.1367.pdb	0	25.694	44.107
complex.1368.pdb	0.00884956	24.490	49.649
complex.1369.pdb	0	28.148	57.820
complex.1370.pdb	0	27.388	65.516
complex.1371.pdb	0.00884956	23.829	49.254
complex.1372.pdb	0.0265487	19.061	34.401
complex.1373.pdb	0	27.270	51.413
complex.1374.pdb	0	28.035	67.486
complex.1375.pdb	0	29.884	60.578
complex.1376.pdb	0	23.576	38.110
complex.1377.pdb	0	26.680	48.404
complex.1378.pdb	0	22.630	35.409
complex.1379.pdb	0.0265487	19.267	38.763
complex.1380.pdb	0	26.156	46.614
complex.1381.pdb	0	19.557	33.954
complex.1382.pdb	0.0973451	6.295	16.990
complex.1383.pdb	0	28.134	47.922
complex.1384.pdb	0	24.280	47.799
complex.1385.pdb	0	25.774	47.345
complex.1386.pdb	0.00884956	30.236	53.107
complex.1387.pdb	0	28.233	58.359
complex.1388.pdb	0.00884956	24.871	48.650
complex.1389.pdb	0.00884956	27.512	44.478
complex.1390.pdb	0	30.493	64.972
complex.1391.pdb	0	14.611	37.908
complex.1392.pdb	0.0265487	21.783	44.640
complex.1393.pdb	0	24.835	54.593
complex.1394.pdb	0	24.556	45.506
complex.1395.pdb	0	24.244	38.659
complex.1396.pdb	0	20.737	46.691
complex.1397.pdb	0	28.358	55.855
complex.1398.pdb	0	24.602	57.856
complex.1399.pdb	0.0176991	27.608	50.387
complex.1400.pdb	0	30.181	63.099
complex.1401.pdb	0	27.780	52.879
complex.1402.pdb	0	29.127	55.828
complex.1403.pdb	0.0265487	19.598	45.118
complex.1404.pdb	0	18.095	34.870
complex.1405.pdb	0	25.206	44.064
complex.1406.pdb	0	26.091	63.592
complex.1407.pdb	0	20.769	51.727
complex.1408.pdb	0	23.119	59.892
complex.1409.pdb	0	31.396	61.238
complex.1410.pdb	0.0176991	22.782	36.469
complex.1411.pdb	0	24.418	58.744
complex.1412.pdb	0	26.696	43.718
complex.1413.pdb	0	25.852	55.468
complex.1414.pdb	0.0442478	28.676	53.111
complex.1415.pdb	0	26.493	41.777
complex.1416.pdb	0	25.318	50.773
complex.1417.pdb	0	18.673	43.558
complex.1418.pdb	0	18.192	30.939
complex.1419.pdb	0	22.401	35.901
complex.1420.pdb	0	24.014	59.090
complex.1421.pdb	0	22.857	40.569
complex.1422.pdb	0	25.071	39.489
complex.1423.pdb	0	21.613	40.292
complex.1424.pdb	0.00884956	26.296	45.528
complex.1425.pdb	0.0176991	27.788	54.663
complex.1426.pdb	0.00884956	13.775	29.093
complex.1427.pdb	0	23.866	65.541
complex.1428.pdb	0	22.419	46.510
complex.1429.pdb	0	20.313	40.044
complex.1430.pdb	0.0176991	22.975	48.284
complex.1431.pdb	0	22.105	57.551
complex.1432.pdb	0	19.642	31.546
complex.1433.pdb	0	28.628	54.467
complex.1434.pdb	0	27.056	62.284
complex.1435.pdb	0	12.969	27.761
complex.1436.pdb	0	22.954	41.181
complex.1437.pdb	0	22.777	57.797
complex.1438.pdb	0	24.026	49.264
complex.1439.pdb	0	20.670	52.491
complex.1440.pdb	0	22.408	42.520
complex.1441.pdb	0	22.339	33.697
complex.1442.pdb	0	20.273	58.819
complex.1443.pdb	0	26.183	40.865
complex.1444.pdb	0	18.360	48.242
complex.1445.pdb	0	25.200	42.937
complex.1446.pdb	0	22.820	39.903
complex.1447.pdb	0	14.622	32.580
complex.1448.pdb	0	19.899	50.032
complex.1449.pdb	0	25.283	47.038
complex.1450.pdb	0.00884956	25.656	41.367
complex.1451.pdb	0	17.512	37.714
complex.1452.pdb	0.00884956	24.592	51.941
complex.1453.pdb	0	29.334	63.733
complex.1454.pdb	0	30.952	58.961
complex.1455.pdb	0	25.378	55.326
complex.1456.pdb	0	16.758	46.084
complex.1457.pdb	0	23.564	55.220
complex.1458.pdb	0	19.189	46.698
complex.1459.pdb	0	33.826	67.077
complex.1460.pdb	0	23.492	48.916
complex.1461.pdb	0	23.937	39.557
complex.1462.pdb	0	23.728	59.352
complex.1463.pdb	0	24.614	56.922
complex.1464.pdb	0	26.760	48.698
complex.1465.pdb	0	21.404	41.286
complex.1466.pdb	0	29.434	58.837
complex.1467.pdb	0.00884956	28.799	57.454
complex.1468.pdb	0	28.727	69.350
complex.1469.pdb	0	26.215	60.632
complex.1470.pdb	0	27.121	51.269
complex.1471.pdb	0	25.800	63.725
complex.1472.pdb	0	20.559	60.233
complex.1473.pdb	0.00884956	24.999	50.464
complex.1474.pdb	0	20.745	53.496
complex.1475.pdb	0.00884956	25.961	49.494
complex.1476.pdb	0	14.039	30.508
complex.1477.pdb	0	24.042	40.069
complex.1478.pdb	0	26.471	67.946
complex.1479.pdb	0	28.288	48.764
complex.1480.pdb	0	23.208	41.566
complex.1481.pdb	0	18.907	56.437
complex.1482.pdb	0	21.374	51.327
complex.1483.pdb	0	25.190	44.559
complex.1484.pdb	0	25.319	48.290
complex.1485.pdb	0	17.589	46.617
complex.1486.pdb	0	24.584	40.681
complex.1487.pdb	0	12.603	34.242
complex.1488.pdb	0	21.222	39.852
complex.1489.pdb	0	18.229	43.896
complex.1490.pdb	0	20.104	31.531
complex.1491.pdb	0	20.836	53.009
complex.1492.pdb	0	21.942	40.152
complex.1493.pdb	0	24.681	46.377
complex.1494.pdb	0.0176991	21.676	46.123
complex.1495.pdb	0	22.448	36.598
complex.1496.pdb	0	28.046	48.341
complex.1497.pdb	0	29.849	57.265
complex.1498.pdb	0	28.324	59.340
complex.1499.pdb	0	25.364	59.662
complex.1500.pdb	0	25.877	42.635
complex.1501.pdb	0	18.493	31.585
complex.1502.pdb	0	20.766	34.251
complex.1503.pdb	0	15.435	32.335
complex.1504.pdb	0	19.763	56.756
complex.1505.pdb	0	33.931	64.719
complex.1506.pdb	0.0176991	12.609	27.998
complex.1507.pdb	0	23.163	36.290
complex.1508.pdb	0	32.646	73.071
complex.1509.pdb	0	22.122	48.816
complex.1510.pdb	0	34.908	74.427
complex.1511.pdb	0.00884956	30.133	55.201
complex.1512.pdb	0	15.490	39.471
complex.1513.pdb	0	27.480	43.187
complex.1514.pdb	0	16.644	33.297
complex.1515.pdb	0	24.643	41.500
complex.1516.pdb	0	17.123	37.705
complex.1517.pdb	0	20.051	30.946
complex.1518.pdb	0	25.217	41.342
complex.1519.pdb	0	18.554	55.047
complex.1520.pdb	0	26.651	43.101
complex.1521.pdb	0	21.802	57.292
complex.1522.pdb	0	34.616	76.987
complex.1523.pdb	0.0176991	27.799	49.404
complex.1524.pdb	0	28.069	53.708
complex.1525.pdb	0	26.702	52.815
complex.1526.pdb	0	21.552	46.221
complex.1527.pdb	0	24.540	41.314
complex.1528.pdb	0	28.463	48.359
complex.1529.pdb	0	24.421	39.154
complex.1530.pdb	0	22.351	41.794
complex.1531.pdb	0	28.131	54.062
complex.1532.pdb	0.0265487	23.145	42.332
complex.1533.pdb	0	23.462	50.115
complex.1534.pdb	0.0442478	20.541	47.580
complex.1535.pdb	0	22.930	47.770
complex.1536.pdb	0	23.380	37.964
complex.1537.pdb	0	21.730	58.500
complex.1538.pdb	0	23.693	41.000
complex.1539.pdb	0	33.586	76.867
complex.1540.pdb	0	26.103	50.981
complex.1541.pdb	0	26.262	44.743
complex.1542.pdb	0	28.476	57.953
complex.1543.pdb	0	30.736	69.174
complex.1544.pdb	0	29.285	65.355
complex.1545.pdb	0	29.550	55.274
complex.1546.pdb	0	18.245	39.340
complex.1547.pdb	0	31.010	67.367
complex.1548.pdb	0	21.171	55.307
complex.1549.pdb	0	28.958	55.663
complex.1550.pdb	0	19.549	41.822
complex.1551.pdb	0	18.792	45.945
complex.1552.pdb	0	30.725	63.404
complex.1553.pdb	0	26.880	48.070
complex.1554.pdb	0	28.628	55.726
complex.1555.pdb	0.0619469	12.186	28.559
complex.1556.pdb	0	29.679	55.189
complex.1557.pdb	0	16.248	39.713
complex.1558.pdb	0	28.902	67.843
complex.1559.pdb	0	22.738	46.158
complex.1560.pdb	0	24.224	57.160
complex.1561.pdb	0	23.420	48.241
complex.1562.pdb	0.00884956	21.318	40.686
complex.1563.pdb	0	29.920	72.639
complex.1564.pdb	0	20.646	32.341
complex.1565.pdb	0	27.059	45.522
complex.1566.pdb	0	28.936	68.268
complex.1567.pdb	0	28.794	71.717
complex.1568.pdb	0	29.990	60.995
complex.1569.pdb	0	20.278	43.895
complex.1570.pdb	0	17.618	31.634
complex.1571.pdb	0	19.393	39.067
complex.1572.pdb	0	24.496	49.337
complex.1573.pdb	0	25.962	64.669
complex.1574.pdb	0	24.106	57.090
complex.1575.pdb	0	19.646	36.426
complex.1576.pdb	0	25.095	68.715
complex.1577.pdb	0	18.751	29.348
complex.1578.pdb	0.00884956	25.654	47.574
complex.1579.pdb	0	34.564	67.689
complex.1580.pdb	0	21.938	46.688
complex.1581.pdb	0	34.259	74.121
complex.1582.pdb	0	24.817	45.363
complex.1583.pdb	0	18.682	52.234
complex.1584.pdb	0	15.586	32.101
complex.1585.pdb	0	24.347	60.459
complex.1586.pdb	0	21.001	36.768
complex.1587.pdb	0	29.731	59.299
complex.1588.pdb	0	26.117	49.624
complex.1589.pdb	0.0176991	11.907	22.417
complex.1590.pdb	0	23.438	36.125
complex.1591.pdb	0	23.973	37.355
complex.1592.pdb	0	25.671	45.200
complex.1593.pdb	0	17.154	43.050
complex.1594.pdb	0	25.413	65.377
complex.1595.pdb	0.0265487	19.029	34.341
complex.1596.pdb	0	23.019	59.592
complex.1597.pdb	0	20.190	43.610
complex.1598.pdb	0	18.345	35.582
complex.1599.pdb	0	22.115	37.728
complex.1600.pdb	0	25.147	42.419
complex.1601.pdb	0	28.739	65.368
complex.1602.pdb	0.0265487	22.739	40.987
complex.1603.pdb	0	20.715	44.125
complex.1604.pdb	0	35.058	72.520
complex.1605.pdb	0	28.937	69.358
complex.1606.pdb	0	19.915	48.011
complex.1607.pdb	0	31.852	69.346
complex.1608.pdb	0	24.661	40.125
complex.1609.pdb	0	20.991	32.101
complex.1610.pdb	0	20.578	39.686
complex.1611.pdb	0	26.966	63.395
complex.1612.pdb	0.00884956	10.990	33.197
complex.1613.pdb	0	14.561	42.560
complex.1614.pdb	0	22.458	34.301
complex.1615.pdb	0	21.436	54.031
complex.1616.pdb	0	27.676	60.130
complex.1617.pdb	0	29.033	56.565
complex.1618.pdb	0	21.768	42.360
complex.1619.pdb	0	21.666	55.427
complex.1620.pdb	0	25.811	51.715
complex.1621.pdb	0	28.534	60.654
complex.1622.pdb	0	31.397	65.223
complex.1623.pdb	0	30.874	60.561
complex.1624.pdb	0	29.511	57.053
complex.1625.pdb	0	24.902	62.259
complex.1626.pdb	0	22.120	54.961
complex.1627.pdb	0	32.597	67.494
complex.1628.pdb	0	24.789	45.141
complex.1629.pdb	0	29.285	57.151
complex.1630.pdb	0	21.320	46.927
complex.1631.pdb	0	21.820	55.882
complex.1632.pdb	0	29.766	57.819
complex.1633.pdb	0	24.007	39.940
complex.1634.pdb	0	25.793	56.316
complex.1635.pdb	0	28.887	55.044
complex.1636.pdb	0	29.178	67.905
complex.1637.pdb	0	30.252	56.361
complex.1638.pdb	0.0265487	16.323	30.774
complex.1639.pdb	0	27.381	49.324
complex.1640.pdb	0.00884956	13.735	33.062
complex.1641.pdb	0.00884956	21.581	44.800
complex.1642.pdb	0	31.349	59.399
complex.1643.pdb	0.00884956	12.910	24.949
complex.1644.pdb	0	24.429	39.881
complex.1645.pdb	0	21.474	38.729
complex.1646.pdb	0	26.254	50.797
complex.1647.pdb	0	23.510	52.596
complex.1648.pdb	0	22.052	48.905
complex.1649.pdb	0	28.692	51.775
complex.1650.pdb	0.0265487	18.830	37.414
complex.1651.pdb	0	32.465	69.204
complex.1652.pdb	0	25.493	60.210
complex.1653.pdb	0.0619469	14.083	34.096
complex.1654.pdb	0	21.320	29.882
complex.1655.pdb	0	25.798	70.399
complex.1656.pdb	0	31.220	60.393
complex.1657.pdb	0	27.304	52.524
complex.1658.pdb	0	33.632	65.822
complex.1659.pdb	0	35.139	71.696
complex.1660.pdb	0	31.848	72.332
complex.1661.pdb	0.00884956	21.458	47.459
complex.1662.pdb	0	26.869	55.462
complex.1663.pdb	0	18.456	39.319
complex.1664.pdb	0	15.859	33.128
complex.1665.pdb	0.0707965	9.969	19.093
complex.1666.pdb	0	22.476	40.330
complex.1667.pdb	0	24.988	58.198
complex.1668.pdb	0	27.192	52.923
complex.1669.pdb	0.0353982	21.025	47.216
complex.1670.pdb	0.00884956	25.307	47.365
complex.1671.pdb	0	25.782	41.629
complex.1672.pdb	0	30.800	64.802
complex.1673.pdb	0	24.553	60.747
complex.1674.pdb	0	17.270	36.957
complex.1675.pdb	0	19.106	40.978
complex.1676.pdb	0.0265487	24.339	51.744
complex.1677.pdb	0	26.183	45.894
complex.1678.pdb	0	26.000	59.374
complex.1679.pdb	0.0619469	25.523	42.887
complex.1680.pdb	0	28.618	63.681
complex.1681.pdb	0.00884956	18.292	49.150
complex.1682.pdb	0	34.996	77.069
complex.1683.pdb	0	12.646	24.011
complex.1684.pdb	0	25.846	58.838
complex.1685.pdb	0	28.045	52.250
complex.1686.pdb	0	31.274	62.434
complex.1687.pdb	0	26.772	54.388
complex.1688.pdb	0	23.796	59.965
complex.1689.pdb	0	23.445	37.358
complex.1690.pdb	0.0176991	29.774	60.720
complex.1691.pdb	0	25.698	45.107
complex.1692.pdb	0	15.197	32.642
complex.1693.pdb	0	24.600	46.367
complex.1694.pdb	0	25.077	46.520
complex.1695.pdb	0	22.622	47.737
complex.1696.pdb	0	31.139	68.250
complex.1697.pdb	0	23.135	44.125
complex.1698.pdb	0	20.179	54.219
complex.1699.pdb	0	26.304	41.996
complex.1700.pdb	0	27.277	50.686
complex.1701.pdb	0	24.775	46.722
complex.1702.pdb	0	19.587	50.666
complex.1703.pdb	0	24.991	53.602
complex.1704.pdb	0	27.124	61.521
complex.1705.pdb	0	27.810	53.808
complex.1706.pdb	0	19.821	35.833
complex.1707.pdb	0	24.773	64.957
complex.1708.pdb	0.0707965	16.378	38.541
complex.1709.pdb	0	29.497	55.796
complex.1710.pdb	0	34.595	73.894
complex.1711.pdb	0	28.797	57.377
complex.1712.pdb	0	23.963	45.027
complex.1713.pdb	0	21.519	31.852
complex.1714.pdb	0.0265487	9.192	23.381
complex.1715.pdb	0	27.209	62.925
complex.1716.pdb	0	24.614	45.698
complex.1717.pdb	0	20.211	36.140
complex.1718.pdb	0	8.934	18.937
complex.1719.pdb	0	26.476	61.688
complex.1720.pdb	0	25.565	41.478
complex.1721.pdb	0	26.181	51.040
complex.1722.pdb	0	31.348	60.184
complex.1723.pdb	0	28.477	53.096
complex.1724.pdb	0	34.037	67.062
complex.1725.pdb	0.0353982	20.134	41.680
complex.1726.pdb	0	28.248	65.524
complex.1727.pdb	0	23.960	46.857
complex.1728.pdb	0	22.683	59.479
complex.1729.pdb	0	27.338	51.361
complex.1730.pdb	0	23.933	44.726
complex.1731.pdb	0	22.877	57.272
complex.1732.pdb	0	19.678	29.439
complex.1733.pdb	0	19.251	33.939
complex.1734.pdb	0	32.355	61.553
complex.1735.pdb	0	19.914	43.239
complex.1736.pdb	0	28.145	49.487
complex.1737.pdb	0.0353982	13.872	31.397
complex.1738.pdb	0	19.372	31.356
complex.1739.pdb	0	25.552	60.589
complex.1740.pdb	0	26.896	51.275
complex.1741.pdb	0	27.369	50.369
complex.1742.pdb	0	25.111	43.501
complex.1743.pdb	0	31.062	68.335
complex.1744.pdb	0	24.065	49.895
complex.1745.pdb	0	26.222	59.674
complex.1746.pdb	0	22.703	36.424
complex.1747.pdb	0.0442478	15.918	28.886
complex.1748.pdb	0	21.096	32.987
complex.1749.pdb	0	16.661	32.366
complex.1750.pdb	0	19.375	50.710
complex.1751.pdb	0	15.885	31.206
complex.1752.pdb	0	23.045	48.829
complex.1753.pdb	0.0353982	27.923	55.320
complex.1754.pdb	0	31.302	70.842
complex.1755.pdb	0	34.591	73.141
complex.1756.pdb	0	26.788	65.939
complex.1757.pdb	0	21.955	37.578
complex.1758.pdb	0	18.006	39.155
complex.1759.pdb	0	30.169	67.378
complex.1760.pdb	0	28.258	55.755
complex.1761.pdb	0	26.373	43.403
complex.1762.pdb	0	25.108	50.549
complex.1763.pdb	0.0176991	14.526	29.021
complex.1764.pdb	0	17.893	27.005
complex.1765.pdb	0.0442478	26.278	47.390
complex.1766.pdb	0	20.237	34.824
complex.1767.pdb	0	26.390	61.485
complex.1768.pdb	0	27.800	53.346
complex.1769.pdb	0.00884956	23.770	48.273
complex.1770.pdb	0	21.699	33.530
complex.1771.pdb	0	18.240	31.704
complex.1772.pdb	0.0353982	23.175	47.276
complex.1773.pdb	0.00884956	20.859	47.239
complex.1774.pdb	0	24.621	46.716
complex.1775.pdb	0.0265487	20.868	40.205
complex.1776.pdb	0	25.159	45.727
complex.1777.pdb	0	25.007	57.254
complex.1778.pdb	0	29.593	57.621
complex.1779.pdb	0	29.585	57.125
complex.1780.pdb	0.0442478	18.368	36.036
complex.1781.pdb	0	19.186	36.385
complex.1782.pdb	0	29.729	59.133
complex.1783.pdb	0	24.996	48.108
complex.1784.pdb	0	16.404	44.431
complex.1785.pdb	0	23.171	40.388
complex.1786.pdb	0	26.190	43.046
complex.1787.pdb	0	28.554	50.537
complex.1788.pdb	0	27.397	47.722
complex.1789.pdb	0	26.064	49.420
complex.1790.pdb	0	19.153	52.286
complex.1791.pdb	0	29.720	59.310
complex.1792.pdb	0	30.461	62.384
complex.1793.pdb	0.00884956	24.186	44.573
complex.1794.pdb	0	26.301	47.162
complex.1795.pdb	0	22.613	38.167
complex.1796.pdb	0	24.538	42.226
complex.1797.pdb	0	24.505	48.573
complex.1798.pdb	0	29.179	60.241
complex.1799.pdb	0	20.554	55.929
complex.1800.pdb	0	33.288	65.398
complex.1801.pdb	0	27.992	51.875
complex.1802.pdb	0.00884956	25.073	58.543
complex.1803.pdb	0	27.788	46.168
complex.1804.pdb	0	19.260	40.929
complex.1805.pdb	0	21.671	58.941
complex.1806.pdb	0	24.783	41.638
complex.1807.pdb	0.00884956	25.792	53.068
complex.1808.pdb	0	24.825	43.944
complex.1809.pdb	0	24.621	41.236
complex.1810.pdb	0	23.442	53.472
complex.1811.pdb	0	26.782	67.838
complex.1812.pdb	0.0176991	25.526	40.143
complex.1813.pdb	0	24.644	56.967
complex.1814.pdb	0	29.830	60.183
complex.1815.pdb	0	17.500	46.484
complex.1816.pdb	0	20.928	30.668
complex.1817.pdb	0	29.230	64.115
complex.1818.pdb	0.00884956	21.157	46.407
complex.1819.pdb	0.176991	5.552	12.365
complex.1820.pdb	0	29.054	59.300
complex.1821.pdb	0	32.103	63.273
complex.1822.pdb	0	34.165	70.893
complex.1823.pdb	0	26.585	47.802
complex.1824.pdb	0	33.354	70.793
complex.1825.pdb	0	13.666	40.604
complex.1826.pdb	0	23.343	40.955
complex.1827.pdb	0	26.592	45.835
complex.1828.pdb	0	25.418	59.379
complex.1829.pdb	0	27.746	63.832
complex.1830.pdb	0	23.245	52.429
complex.1831.pdb	0	25.931	46.318
complex.1832.pdb	0	29.052	59.111
complex.1833.pdb	0	26.934	49.938
complex.1834.pdb	0	28.871	65.920
complex.1835.pdb	0	22.101	42.476
complex.1836.pdb	0	31.569	66.039
complex.1837.pdb	0	31.439	59.295
complex.1838.pdb	0.0265487	14.546	35.389
complex.1839.pdb	0	30.778	61.503
complex.1840.pdb	0	31.920	68.691
complex.1841.pdb	0	28.569	53.793
complex.1842.pdb	0	24.022	41.550
complex.1843.pdb	0.0176991	29.862	58.873
complex.1844.pdb	0	21.659	33.406
complex.1845.pdb	0	26.185	44.660
complex.1846.pdb	0	24.795	46.271
complex.1847.pdb	0	19.435	47.848
complex.1848.pdb	0	26.589	62.589
complex.1849.pdb	0	26.048	68.070
complex.1850.pdb	0	23.570	39.946
complex.1851.pdb	0	25.152	61.302
complex.1852.pdb	0	32.871	68.647
complex.1853.pdb	0	21.482	55.934
complex.1854.pdb	0.0353982	9.892	21.488
complex.1855.pdb	0	24.998	39.301
complex.1856.pdb	0	26.955	45.432
complex.1857.pdb	0	24.423	38.951
complex.1858.pdb	0	21.971	35.252
complex.1859.pdb	0	19.245	30.052
complex.1860.pdb	0	29.623	52.792
complex.1861.pdb	0	26.233	44.330
complex.1862.pdb	0	16.005	29.267
complex.1863.pdb	0	35.248	72.768
complex.1864.pdb	0	32.756	63.878
complex.1865.pdb	0	21.785	33.589
complex.1866.pdb	0	23.826	47.285
complex.1867.pdb	0	31.941	62.619
complex.1868.pdb	0	24.229	46.910
complex.1869.pdb	0.0265487	23.130	44.465
complex.1870.pdb	0	27.533	45.830
complex.1871.pdb	0	29.401	53.171
complex.1872.pdb	0	20.177	53.892
complex.1873.pdb	0	30.182	68.726
complex.1874.pdb	0	21.285	41.931
complex.1875.pdb	0	23.745	50.800
complex.1876.pdb	0	29.385	61.934
complex.1877.pdb	0	20.366	40.054
complex.1878.pdb	0.0176991	26.389	44.683
complex.1879.pdb	0	26.567	64.193
complex.1880.pdb	0	24.049	41.360
complex.1881.pdb	0	23.230	35.921
complex.1882.pdb	0.00884956	18.142	38.834
complex.1883.pdb	0	23.343	53.304
complex.1884.pdb	0	28.241	50.476
complex.1885.pdb	0	23.025	54.728
complex.1886.pdb	0.00884956	29.217	54.570
complex.1887.pdb	0	24.801	40.993
complex.1888.pdb	0	22.917	46.655
complex.1889.pdb	0	28.294	59.476
complex.1890.pdb	0	26.296	47.813
complex.1891.pdb	0	14.708	42.513
complex.1892.pdb	0	32.875	60.972
complex.1893.pdb	0	25.288	57.816
complex.1894.pdb	0	21.468	42.234
complex.1895.pdb	0	30.307	57.315
complex.1896.pdb	0	21.216	31.475
complex.1897.pdb	0	23.386	42.461
complex.1898.pdb	0	19.419	30.718
complex.1899.pdb	0	27.219	51.226
complex.1900.pdb	0	18.738	35.786
complex.1901.pdb	0	29.974	56.342
complex.1902.pdb	0	30.931	60.443
complex.1903.pdb	0	23.189	37.003
complex.1904.pdb	0	27.580	51.277
complex.1905.pdb	0	24.169	63.013
complex.1906.pdb	0	22.329	47.008
complex.1907.pdb	0.0530973	17.693	36.824
complex.1908.pdb	0	25.953	54.564
complex.1909.pdb	0	27.347	48.133
complex.1910.pdb	0	27.073	60.990
complex.1911.pdb	0	26.112	45.386
complex.1912.pdb	0	27.226	56.662
complex.1913.pdb	0	32.511	65.162
complex.1914.pdb	0	29.403	67.350
complex.1915.pdb	0	27.528	45.640
complex.1916.pdb	0	23.125	40.230
complex.1917.pdb	0	14.419	21.643
complex.1918.pdb	0	29.274	59.142
complex.1919.pdb	0	21.679	35.116
complex.1920.pdb	0	25.851	67.428
complex.1921.pdb	0	28.570	57.556
complex.1922.pdb	0	24.992	59.603
complex.1923.pdb	0	26.813	45.446
complex.1924.pdb	0	20.293	29.125
complex.1925.pdb	0	22.956	38.614
complex.1926.pdb	0	22.184	51.346
complex.1927.pdb	0.0265487	22.471	50.649
complex.1928.pdb	0	29.850	64.561
complex.1929.pdb	0.0619469	20.883	41.401
complex.1930.pdb	0	29.195	65.256
complex.1931.pdb	0	31.100	67.080
complex.1932.pdb	0	25.334	41.116
complex.1933.pdb	0	13.753	26.126
complex.1934.pdb	0	29.112	60.431
complex.1935.pdb	0	20.430	38.545
complex.1936.pdb	0	12.898	26.801
complex.1937.pdb	0.0176991	16.411	33.854
complex.1938.pdb	0	26.096	57.425
complex.1939.pdb	0	27.577	48.580
complex.1940.pdb	0	30.758	59.631
complex.1941.pdb	0	11.472	28.970
complex.1942.pdb	0.0265487	16.507	33.170
complex.1943.pdb	0	24.771	48.659
complex.1944.pdb	0	28.930	51.838
complex.1945.pdb	0	20.799	58.665
complex.1946.pdb	0	24.024	39.925
complex.1947.pdb	0	24.810	46.439
complex.1948.pdb	0	23.914	59.016
complex.1949.pdb	0	27.669	52.002
complex.1950.pdb	0	25.483	51.639
complex.1951.pdb	0	28.601	62.474
complex.1952.pdb	0	20.764	42.957
complex.1953.pdb	0	26.414	46.674
complex.1954.pdb	0	22.159	41.322
complex.1955.pdb	0	20.865	31.322
complex.1956.pdb	0	21.087	51.025
complex.1957.pdb	0	19.456	56.184
complex.1958.pdb	0.00884956	17.326	47.062
complex.1959.pdb	0	18.129	37.807
complex.1960.pdb	0.0707965	15.684	38.816
complex.1961.pdb	0	34.428	76.510
complex.1962.pdb	0	21.244	58.015
complex.1963.pdb	0	27.602	51.621
complex.1964.pdb	0	24.496	66.814
complex.1965.pdb	0	26.807	46.258
complex.1966.pdb	0	30.286	67.467
complex.1967.pdb	0	23.900	41.443
complex.1968.pdb	0	14.579	33.566
complex.1969.pdb	0.00884956	18.924	43.195
complex.1970.pdb	0	24.896	43.513
complex.1971.pdb	0	24.851	67.463
complex.1972.pdb	0	28.170	51.207
complex.1973.pdb	0	19.664	34.291
complex.1974.pdb	0	23.943	41.069
complex.1975.pdb	0	25.659	49.667
complex.1976.pdb	0.0353982	17.111	32.270
complex.1977.pdb	0	24.013	52.513
complex.1978.pdb	0	26.863	48.680
complex.1979.pdb	0	24.544	42.407
complex.1980.pdb	0	34.735	74.682
complex.1981.pdb	0.00884956	23.826	41.808
complex.1982.pdb	0	16.007	34.766
complex.1983.pdb	0	21.106	44.499
complex.1984.pdb	0	18.517	29.401
complex.1985.pdb	0	21.194	43.483
complex.1986.pdb	0	18.219	43.678
complex.1987.pdb	0	21.114	47.142
complex.1988.pdb	0	23.481	49.392
complex.1989.pdb	0	26.554	47.287
complex.1990.pdb	0	15.366	31.663
complex.1991.pdb	0	26.962	48.081
complex.1992.pdb	0	23.034	35.629
complex.1993.pdb	0	28.555	64.283
complex.1994.pdb	0	21.551	57.322
complex.1995.pdb	0	18.055	44.693
complex.1996.pdb	0	20.691	45.672
complex.1997.pdb	0	25.692	50.074
complex.1998.pdb	0	30.011	72.199
complex.1999.pdb	0	24.950	43.556
complex.2000.pdb	0	31.655	69.196
