swarm_16_188.pdb	0.0238095	5.525	29.511	21.532
swarm_29_83.pdb	0	6.945	33.151	21.530
swarm_7_15.pdb	0	5.899	16.048	21.455
swarm_30_59.pdb	0.0238095	5.703	15.454	21.246
swarm_17_60.pdb	0.0238095	6.352	31.077	20.521
swarm_13_169.pdb	0	7.078	27.866	19.656
swarm_18_176.pdb	0	6.108	16.180	19.587
swarm_5_95.pdb	0.0238095	6.275	47.701	19.112
swarm_5_143.pdb	0	7.792	42.772	18.999
swarm_50_15.pdb	0	11.314	53.318	18.666
swarm_41_6.pdb	0	8.438	30.168	18.445
swarm_16_22.pdb	0	6.752	26.167	18.170
swarm_21_31.pdb	0.0238095	8.893	64.891	18.095
swarm_20_150.pdb	0.0238095	6.216	22.926	18.070
swarm_3_181.pdb	0	16.996	62.848	17.980
swarm_82_129.pdb	0	16.880	57.990	17.904
swarm_5_198.pdb	0.0238095	7.646	58.668	17.817
swarm_17_139.pdb	0.047619	4.975	22.398	17.807
swarm_57_181.pdb	0	10.671	60.758	17.792
swarm_15_70.pdb	0	8.638	47.746	17.685
swarm_15_21.pdb	0	11.522	36.644	17.532
swarm_53_126.pdb	0.0238095	5.889	21.802	17.448
swarm_50_16.pdb	0	10.477	66.584	17.411
swarm_36_131.pdb	0	10.448	60.724	17.349
swarm_11_38.pdb	0	14.913	53.013	17.281
swarm_38_161.pdb	0	7.194	38.348	17.108
swarm_66_160.pdb	0.119048	5.449	38.292	17.094
swarm_50_10.pdb	0	10.840	58.611	17.045
swarm_56_14.pdb	0.0714286	7.126	55.907	17.032
swarm_27_28.pdb	0	11.207	47.458	16.736
swarm_22_146.pdb	0	7.485	31.747	16.708
swarm_24_173.pdb	0	6.353	29.900	16.508
swarm_37_22.pdb	0	11.775	55.419	16.432
swarm_43_14.pdb	0	8.924	37.339	16.400
swarm_22_179.pdb	0.261905	5.706	50.502	16.377
swarm_7_149.pdb	0.047619	4.880	12.480	16.268
swarm_30_39.pdb	0.119048	4.492	30.431	16.181
swarm_36_0.pdb	0	12.173	51.838	15.808
swarm_8_130.pdb	0	13.767	34.296	15.694
swarm_52_187.pdb	0	7.841	30.645	15.690
swarm_59_112.pdb	0	10.418	41.807	15.614
swarm_77_116.pdb	0	14.061	37.035	15.483
swarm_9_72.pdb	0.0238095	4.113	6.151	15.416
swarm_36_196.pdb	0	11.045	58.375	15.307
swarm_14_24.pdb	0	8.126	17.651	15.217
swarm_41_9.pdb	0.0238095	6.716	32.328	15.160
swarm_12_13.pdb	0	15.967	57.132	15.158
swarm_52_49.pdb	0	7.303	34.123	15.067
swarm_40_47.pdb	0	11.555	45.499	15.001
swarm_45_42.pdb	0	11.768	57.244	14.973
swarm_5_3.pdb	0	10.475	36.947	14.846
swarm_56_27.pdb	0	15.065	59.742	14.824
swarm_13_42.pdb	0	6.759	34.773	14.726
swarm_8_109.pdb	0	15.190	38.576	14.683
swarm_5_67.pdb	0	9.267	52.637	14.644
swarm_82_192.pdb	0	13.385	61.976	14.393
swarm_6_152.pdb	0.0714286	7.099	57.148	14.383
swarm_8_5.pdb	0.190476	6.116	50.972	14.347
swarm_9_153.pdb	0.452381	2.874	25.139	14.195
swarm_13_24.pdb	0.047619	6.574	47.185	14.123
swarm_11_67.pdb	0	13.836	61.103	13.869
swarm_22_4.pdb	0.0238095	6.884	42.319	13.842
swarm_36_132.pdb	0	12.482	47.769	13.807
swarm_14_129.pdb	0.119048	4.535	11.346	13.563
swarm_52_185.pdb	0.0952381	4.976	38.077	13.558
swarm_18_120.pdb	0.0714286	5.277	32.985	13.364
swarm_7_4.pdb	0.52381	2.249	9.283	13.231
swarm_16_114.pdb	0	8.597	21.413	13.228
swarm_41_81.pdb	0	7.586	20.683	13.183
swarm_24_87.pdb	0.047619	5.372	39.931	13.148
swarm_5_22.pdb	0.0238095	7.783	57.598	13.128
swarm_11_114.pdb	0	10.662	63.750	13.053
swarm_14_120.pdb	0.309524	2.919	7.480	12.946
swarm_45_55.pdb	0	13.060	60.965	12.936
swarm_21_156.pdb	0	14.727	54.972	12.835
swarm_30_170.pdb	0	7.723	28.543	12.767
swarm_17_103.pdb	0.333333	4.031	34.077	12.665
swarm_11_189.pdb	0	10.368	61.514	12.655
swarm_72_166.pdb	0	12.240	63.835	12.633
swarm_51_92.pdb	0	11.751	67.671	12.562
swarm_37_190.pdb	0	12.463	46.230	12.443
swarm_3_142.pdb	0	16.658	70.074	12.429
swarm_36_177.pdb	0	8.471	63.962	12.334
swarm_20_122.pdb	0.428571	2.364	5.679	12.252
swarm_40_179.pdb	0	8.429	56.354	12.240
swarm_63_35.pdb	0	12.583	71.086	12.121
swarm_15_198.pdb	0	11.371	56.842	12.037
swarm_17_121.pdb	0	12.920	26.485	12.031
swarm_71_43.pdb	0	11.490	61.962	12.016
swarm_59_31.pdb	0	7.557	54.201	12.010
swarm_19_76.pdb	0.0952381	4.601	29.923	12.007
swarm_55_24.pdb	0.190476	4.422	24.301	11.948
swarm_45_171.pdb	0.0238095	9.456	67.961	11.935
swarm_51_49.pdb	0	15.031	77.010	11.887
swarm_43_42.pdb	0	8.517	45.307	11.851
swarm_18_45.pdb	0	9.205	23.620	11.800
swarm_82_70.pdb	0.0238095	10.324	74.659	11.798
swarm_45_39.pdb	0	13.890	49.608	11.762
swarm_30_117.pdb	0	8.687	31.388	11.757
swarm_28_50.pdb	0	7.718	45.918	11.729
swarm_58_106.pdb	0	11.306	71.075	11.561
swarm_9_134.pdb	0	11.409	19.425	11.527
swarm_19_47.pdb	0	11.243	25.400	11.473
swarm_38_108.pdb	0	10.970	34.710	11.419
swarm_23_119.pdb	0	20.411	70.362	11.387
swarm_9_182.pdb	0	6.991	23.200	11.315
swarm_42_70.pdb	0.047619	5.581	34.313	11.205
swarm_56_100.pdb	0	14.079	51.027	11.149
swarm_50_100.pdb	0	11.127	45.242	11.099
swarm_36_49.pdb	0	12.274	49.330	11.064
swarm_29_176.pdb	0.166667	4.742	34.047	11.020
swarm_65_18.pdb	0.0952381	6.147	50.351	10.982
swarm_13_148.pdb	0	13.589	33.883	10.926
swarm_17_46.pdb	0.0238095	7.068	41.276	10.911
swarm_38_63.pdb	0	10.095	42.531	10.858
swarm_79_132.pdb	0	10.373	66.594	10.840
swarm_1_92.pdb	0	13.641	72.326	10.789
swarm_27_176.pdb	0	8.298	49.583	10.784
swarm_7_30.pdb	0	11.170	20.419	10.749
swarm_81_105.pdb	0	13.679	36.310	10.743
swarm_14_121.pdb	0.309524	3.146	16.099	10.700
swarm_13_81.pdb	0.0952381	5.777	43.198	10.584
swarm_17_51.pdb	0.190476	4.739	32.788	10.481
swarm_20_61.pdb	0	6.217	21.235	10.468
swarm_24_46.pdb	0	14.361	34.185	10.457
swarm_37_147.pdb	0	9.528	65.361	10.378
swarm_1_4.pdb	0	17.080	67.643	10.361
swarm_7_191.pdb	0.333333	3.497	22.997	10.360
swarm_5_57.pdb	0	15.356	40.746	10.315
swarm_6_126.pdb	0	14.267	41.860	10.284
swarm_69_69.pdb	0	11.331	62.742	10.137
swarm_0_126.pdb	0	11.125	71.972	10.132
swarm_18_97.pdb	0	7.970	30.290	10.041
swarm_46_199.pdb	0	13.764	64.751	9.997
swarm_53_133.pdb	0.404762	3.876	32.503	9.944
swarm_57_130.pdb	0	12.969	60.922	9.897
swarm_22_142.pdb	0	13.789	29.446	9.791
swarm_46_136.pdb	0	17.694	74.398	9.785
swarm_73_36.pdb	0	7.562	55.929	9.684
swarm_71_57.pdb	0	13.034	71.739	9.680
swarm_17_48.pdb	0	10.626	19.235	9.593
swarm_47_185.pdb	0	12.898	66.182	9.511
swarm_59_6.pdb	0	11.729	66.268	9.506
swarm_56_124.pdb	0	17.832	45.284	9.377
swarm_1_50.pdb	0	16.756	68.006	9.288
swarm_40_185.pdb	0	9.684	39.846	8.955
swarm_24_25.pdb	0	7.470	42.790	8.775
swarm_70_83.pdb	0.119048	4.301	28.478	8.515
swarm_3_13.pdb	0	16.793	70.835	8.462
swarm_45_106.pdb	0.047619	8.669	61.874	8.403
swarm_52_4.pdb	0	10.430	25.781	8.390
swarm_65_27.pdb	0	9.089	46.827	8.336
swarm_18_46.pdb	0	11.239	21.687	8.296
swarm_12_15.pdb	0	9.395	68.238	8.268
swarm_27_79.pdb	0	11.298	40.862	8.253
swarm_65_33.pdb	0	7.352	42.002	8.037
swarm_71_150.pdb	0	12.745	66.980	7.975
swarm_15_116.pdb	0	11.801	57.373	7.804
swarm_0_15.pdb	0	14.888	67.112	7.679
swarm_40_154.pdb	0	10.476	56.124	7.609
swarm_18_185.pdb	0.0238095	5.208	29.564	7.598
swarm_65_167.pdb	0	8.477	33.502	7.522
swarm_46_13.pdb	0	13.150	69.609	7.511
swarm_40_113.pdb	0	7.243	40.738	7.313
swarm_4_161.pdb	0	12.157	59.696	7.275
swarm_47_132.pdb	0	11.656	72.350	7.202
swarm_57_48.pdb	0	12.034	50.968	7.194
swarm_65_40.pdb	0	9.435	52.540	7.138
swarm_41_57.pdb	0	6.773	37.370	6.947
swarm_39_75.pdb	0	9.916	48.223	6.921
swarm_29_67.pdb	0	8.112	34.171	6.883
swarm_72_27.pdb	0	10.928	71.629	6.844
swarm_45_110.pdb	0	14.297	58.562	6.367
swarm_56_160.pdb	0	18.657	48.274	6.352
swarm_56_87.pdb	0	9.770	60.139	6.349
swarm_8_190.pdb	0.261905	5.452	46.169	6.344
swarm_66_72.pdb	0	6.086	29.489	6.296
swarm_21_155.pdb	0	10.589	66.974	6.288
swarm_0_38.pdb	0	11.642	68.787	6.110
swarm_0_187.pdb	0	14.671	62.160	6.085
swarm_55_62.pdb	0	10.849	23.180	6.071
swarm_73_58.pdb	0	9.619	56.842	6.031
swarm_79_186.pdb	0	10.704	53.021	5.814
swarm_64_119.pdb	0	12.439	74.106	5.786
swarm_52_143.pdb	0	7.400	35.162	5.698
swarm_65_115.pdb	0	11.944	35.836	5.696
swarm_0_93.pdb	0	21.913	60.983	5.505
swarm_63_91.pdb	0	11.718	63.423	5.478
swarm_19_172.pdb	0	11.640	23.942	5.432
swarm_69_5.pdb	0	10.999	65.097	5.396
swarm_9_37.pdb	0.571429	2.315	17.982	5.386
swarm_56_47.pdb	0	13.477	54.563	5.239
swarm_20_34.pdb	0	9.674	36.342	4.788
swarm_38_166.pdb	0.0238095	7.537	50.663	4.714
swarm_47_114.pdb	0	16.547	75.753	4.696
swarm_27_88.pdb	0	10.792	54.270	4.659
swarm_82_113.pdb	0	15.790	53.178	4.487
swarm_11_41.pdb	0.0714286	7.540	58.982	4.459
swarm_25_174.pdb	0.0238095	4.914	13.945	4.418
swarm_3_45.pdb	0	15.008	71.903	4.327
swarm_12_140.pdb	0	14.136	57.833	4.310
swarm_52_122.pdb	0	7.136	51.757	4.169
swarm_21_64.pdb	0	13.472	67.974	4.020
swarm_34_9.pdb	0	20.592	63.288	3.840
swarm_76_149.pdb	0	11.502	33.761	3.591
swarm_43_37.pdb	0	12.194	38.174	3.588
swarm_58_198.pdb	0	11.238	68.464	3.511
swarm_59_189.pdb	0	9.187	49.482	3.504
swarm_25_106.pdb	0.0952381	3.956	19.768	3.495
swarm_25_177.pdb	0	8.115	15.461	3.354
swarm_11_126.pdb	0	10.828	57.865	3.297
swarm_78_54.pdb	0	16.920	68.983	3.067
swarm_20_42.pdb	0	11.645	25.820	2.950
swarm_82_180.pdb	0	14.078	65.577	2.810
swarm_2_116.pdb	0	12.539	70.057	2.735
swarm_6_156.pdb	0	15.587	43.798	2.694
swarm_58_163.pdb	0	12.824	58.379	2.638
swarm_21_11.pdb	0	12.343	74.191	2.582
swarm_16_102.pdb	0.261905	5.234	41.439	2.582
swarm_31_70.pdb	0	8.670	23.627	2.153
swarm_19_85.pdb	0.0714286	4.344	19.703	2.103
swarm_53_84.pdb	0	12.140	36.554	1.893
swarm_20_89.pdb	0.571429	3.163	20.508	1.872
swarm_75_95.pdb	0	10.957	62.316	1.770
swarm_82_2.pdb	0	13.307	77.742	1.497
swarm_27_16.pdb	0.142857	6.766	59.763	1.454
swarm_57_152.pdb	0	10.916	71.179	1.404
swarm_4_15.pdb	0	8.495	57.608	1.354
swarm_78_144.pdb	0	16.051	76.462	0.908
swarm_45_181.pdb	0	17.721	59.341	0.859
swarm_34_180.pdb	0	18.355	77.193	0.696
swarm_34_167.pdb	0	12.395	70.529	0.103
swarm_40_163.pdb	0	11.503	54.005	-0.098
swarm_7_66.pdb	0.0238095	8.730	21.016	-0.217
swarm_74_12.pdb	0	9.607	55.967	-0.883
swarm_2_59.pdb	0	19.934	67.889	-0.913
swarm_10_113.pdb	0	16.686	89.491	-1.218
swarm_70_20.pdb	0.0714286	5.937	41.028	-1.303
swarm_2_34.pdb	0	20.334	58.159	-1.303
swarm_78_31.pdb	0	14.939	81.421	-1.369
swarm_16_153.pdb	0	12.147	32.197	-1.563
swarm_37_116.pdb	0	11.951	49.423	-1.879
swarm_60_34.pdb	0.047619	5.305	19.062	-1.912
swarm_12_171.pdb	0	19.133	53.846	-2.008
swarm_26_7.pdb	0	16.243	84.362	-2.067
swarm_51_184.pdb	0	11.263	63.021	-2.071
swarm_26_9.pdb	0	16.461	77.303	-2.237
swarm_80_93.pdb	0.0238095	7.589	52.995	-2.354
swarm_55_49.pdb	0	10.979	19.274	-2.453
swarm_73_67.pdb	0	8.840	45.381	-2.745
swarm_23_110.pdb	0	14.269	78.127	-2.838
swarm_33_49.pdb	0	12.961	80.579	-2.882
swarm_72_44.pdb	0	11.904	77.580	-3.030
swarm_70_18.pdb	0	11.193	27.424	-3.062
swarm_4_165.pdb	0	18.767	51.532	-3.357
swarm_3_76.pdb	0	14.049	82.036	-3.394
swarm_54_155.pdb	0	10.146	32.789	-3.519
swarm_76_11.pdb	0.047619	6.358	47.079	-3.557
swarm_31_182.pdb	0.0238095	9.212	15.282	-3.564
swarm_2_16.pdb	0	18.113	72.164	-3.906
swarm_13_193.pdb	0.333333	5.940	52.097	-3.943
swarm_75_162.pdb	0	13.905	58.176	-4.405
swarm_70_163.pdb	0.0952381	4.961	34.172	-4.436
swarm_76_196.pdb	0	11.677	44.417	-4.781
swarm_55_69.pdb	0.0238095	5.428	29.458	-4.886
swarm_4_3.pdb	0.0238095	7.620	55.312	-5.022
swarm_41_82.pdb	0	13.568	39.188	-5.055
swarm_25_32.pdb	0.0238095	6.206	14.520	-5.080
swarm_77_14.pdb	0	6.803	33.738	-5.152
swarm_2_173.pdb	0	20.565	58.621	-5.202
swarm_35_33.pdb	0	19.656	86.582	-5.260
swarm_6_79.pdb	0	11.574	55.031	-5.282
swarm_20_68.pdb	0	10.644	21.433	-5.374
swarm_68_129.pdb	0.0714286	4.912	25.246	-5.561
swarm_0_41.pdb	0	19.837	62.747	-5.808
swarm_66_140.pdb	0	13.913	34.787	-5.955
swarm_29_114.pdb	0.238095	4.598	33.389	-6.050
swarm_67_148.pdb	0	23.864	87.788	-6.183
swarm_28_24.pdb	0.166667	5.742	46.354	-6.280
swarm_4_122.pdb	0	17.859	57.499	-6.337
swarm_21_22.pdb	0	12.124	66.080	-6.413
swarm_61_27.pdb	0	13.864	78.818	-6.415
swarm_31_130.pdb	0.0714286	4.828	23.936	-6.531
swarm_60_89.pdb	0.357143	3.298	24.113	-6.604
swarm_43_186.pdb	0.119048	6.130	51.306	-6.740
swarm_82_1.pdb	0	20.012	62.052	-7.383
swarm_2_151.pdb	0	18.619	65.810	-7.426
swarm_79_44.pdb	0	9.404	57.408	-7.434
swarm_47_190.pdb	0	18.185	79.486	-7.468
swarm_1_31.pdb	0	14.451	80.827	-7.530
swarm_6_58.pdb	0	16.385	43.139	-7.676
swarm_72_139.pdb	0	11.315	76.704	-7.700
swarm_26_163.pdb	0	17.310	74.089	-7.735
swarm_23_158.pdb	0	13.150	83.625	-8.121
swarm_32_156.pdb	0	15.805	91.522	-8.337
swarm_81_116.pdb	0	7.336	39.351	-8.795
swarm_12_78.pdb	0	12.677	69.025	-8.922
swarm_0_120.pdb	0	15.743	60.749	-8.982
swarm_44_100.pdb	0	8.557	27.104	-9.173
swarm_12_37.pdb	0	12.745	65.159	-9.475
swarm_10_173.pdb	0	15.019	80.212	-9.621
swarm_39_110.pdb	0	16.628	40.037	-9.855
swarm_44_24.pdb	0	12.568	24.103	-10.094
swarm_49_70.pdb	0	13.441	76.856	-10.416
swarm_0_95.pdb	0	19.804	61.548	-10.441
swarm_67_21.pdb	0	14.660	82.500	-10.448
swarm_8_116.pdb	0	8.539	42.823	-10.463
swarm_62_93.pdb	0	15.060	79.614	-10.644
swarm_33_171.pdb	0	15.487	75.379	-10.804
swarm_80_139.pdb	0	12.026	43.122	-10.815
swarm_0_36.pdb	0	12.250	67.881	-11.260
swarm_23_194.pdb	0	19.891	83.939	-11.351
swarm_63_44.pdb	0	13.637	70.012	-11.490
swarm_26_18.pdb	0	14.757	90.013	-11.526
swarm_67_151.pdb	0	19.310	91.385	-11.548
swarm_10_16.pdb	0	16.558	80.698	-11.679
swarm_10_142.pdb	0	16.648	79.111	-11.684
swarm_29_120.pdb	0	10.186	29.996	-11.705
swarm_54_24.pdb	0	10.230	33.551	-11.899
swarm_15_161.pdb	0	12.387	45.171	-11.964
swarm_32_144.pdb	0	15.775	81.219	-12.358
swarm_30_78.pdb	0	12.328	30.974	-12.423
swarm_26_138.pdb	0	16.341	85.013	-12.528
swarm_76_115.pdb	0	8.848	58.766	-12.762
swarm_32_114.pdb	0	20.462	94.281	-12.913
swarm_20_177.pdb	0	8.936	31.618	-13.346
swarm_68_153.pdb	0	7.836	22.164	-13.388
swarm_48_114.pdb	0	11.782	75.434	-13.739
swarm_12_91.pdb	0	17.439	63.297	-13.930
swarm_11_37.pdb	0	14.563	51.502	-14.088
swarm_28_69.pdb	0	9.209	58.027	-14.293
swarm_81_62.pdb	0	11.799	24.703	-14.551
swarm_50_39.pdb	0	14.358	53.688	-14.607
swarm_75_137.pdb	0	10.391	44.623	-14.971
swarm_51_24.pdb	0	17.784	74.097	-15.063
swarm_55_86.pdb	0.214286	5.509	38.710	-15.081
swarm_24_160.pdb	0	14.777	33.792	-15.139
swarm_78_45.pdb	0	15.841	74.477	-15.224
swarm_32_46.pdb	0	19.566	80.685	-15.233
swarm_34_66.pdb	0	21.666	66.388	-15.868
swarm_79_58.pdb	0	14.580	63.974	-15.968
swarm_35_2.pdb	0	16.336	75.420	-16.004
swarm_80_166.pdb	0.0952381	6.627	50.177	-16.161
swarm_67_88.pdb	0	16.492	93.788	-16.258
swarm_68_184.pdb	0	8.789	23.896	-16.364
swarm_69_1.pdb	0	15.014	81.401	-16.438
swarm_34_97.pdb	0	19.734	75.886	-16.520
swarm_70_29.pdb	0	13.931	30.566	-16.552
swarm_44_20.pdb	0.190476	3.720	28.008	-16.584
swarm_61_103.pdb	0	16.110	80.772	-16.629
swarm_80_171.pdb	0	13.171	31.778	-17.039
swarm_48_82.pdb	0	12.152	79.636	-17.111
swarm_23_141.pdb	0	21.297	75.816	-17.115
swarm_21_10.pdb	0	15.877	62.255	-17.124
swarm_49_122.pdb	0	12.304	84.216	-17.149
swarm_74_167.pdb	0	10.499	46.226	-17.309
swarm_31_82.pdb	0	11.781	29.828	-17.479
swarm_82_39.pdb	0	12.064	68.282	-17.623
swarm_51_189.pdb	0	12.333	78.914	-17.732
swarm_21_93.pdb	0	13.315	54.125	-17.767
swarm_77_31.pdb	0	12.258	25.422	-18.112
swarm_44_116.pdb	0.0238095	7.675	37.838	-18.169
swarm_4_51.pdb	0	17.465	56.853	-18.381
swarm_13_77.pdb	0	8.522	40.426	-18.456
swarm_23_151.pdb	0	20.796	80.174	-18.532
swarm_67_135.pdb	0	15.749	95.762	-18.683
swarm_10_40.pdb	0	14.302	86.504	-19.382
swarm_26_68.pdb	0	17.926	77.443	-19.601
swarm_61_0.pdb	0	18.812	81.588	-19.640
swarm_68_115.pdb	0	12.176	27.984	-19.757
swarm_68_89.pdb	0	9.798	37.609	-19.827
swarm_82_139.pdb	0	16.637	65.668	-19.989
swarm_52_103.pdb	0.214286	5.890	49.532	-20.456
swarm_43_106.pdb	0	7.358	43.242	-20.481
swarm_33_55.pdb	0	17.917	81.837	-20.736
swarm_11_145.pdb	0	8.417	64.684	-20.780
swarm_49_86.pdb	0	15.650	81.619	-21.032
swarm_0_156.pdb	0	21.640	56.200	-21.262
swarm_33_117.pdb	0	17.538	72.407	-21.420
swarm_14_157.pdb	0.0238095	7.854	21.527	-21.539
swarm_44_125.pdb	0.261905	4.779	32.125	-21.774
swarm_82_108.pdb	0	14.146	61.631	-22.107
swarm_47_128.pdb	0	12.117	69.104	-22.134
swarm_48_192.pdb	0	16.081	79.340	-22.193
swarm_10_68.pdb	0	16.500	90.174	-22.274
swarm_66_8.pdb	0.0238095	7.583	49.590	-22.361
swarm_47_163.pdb	0	12.333	71.190	-22.619
swarm_67_61.pdb	0	23.055	87.189	-22.696
swarm_61_179.pdb	0	18.395	87.938	-22.729
swarm_4_175.pdb	0	15.499	63.470	-23.077
swarm_62_122.pdb	0	13.234	81.348	-23.100
swarm_42_153.pdb	0	13.506	43.006	-23.219
swarm_35_41.pdb	0	17.686	87.714	-23.224
swarm_55_110.pdb	0.0714286	6.188	29.957	-23.380
swarm_32_164.pdb	0	16.391	89.910	-23.772
swarm_4_191.pdb	0	16.497	51.054	-23.818
swarm_67_160.pdb	0	23.003	77.423	-23.893
swarm_28_126.pdb	0	16.554	55.770	-23.910
swarm_48_146.pdb	0	12.450	67.854	-24.160
swarm_60_66.pdb	0	11.943	23.229	-24.360
swarm_31_83.pdb	0	12.013	31.391	-25.079
swarm_35_112.pdb	0	15.674	75.893	-25.362
swarm_64_150.pdb	0	16.940	84.929	-26.092
swarm_32_141.pdb	0	17.919	79.923	-26.377
swarm_67_168.pdb	0	22.524	69.851	-26.683
swarm_73_55.pdb	0	14.449	56.879	-27.217
swarm_1_130.pdb	0	20.366	67.635	-27.979
swarm_64_21.pdb	0	14.024	74.864	-28.205
swarm_69_35.pdb	0	11.822	75.447	-28.754
swarm_72_86.pdb	0	20.730	72.013	-29.118
swarm_11_84.pdb	0	11.078	65.206	-29.331
swarm_77_174.pdb	0	7.575	23.938	-29.364
swarm_25_136.pdb	0.0238095	8.146	22.813	-29.441
swarm_0_101.pdb	0	10.798	70.107	-29.480
swarm_41_40.pdb	0	8.315	45.794	-29.788
swarm_35_129.pdb	0	13.151	87.890	-30.400
swarm_23_159.pdb	0	22.526	65.980	-31.521
swarm_23_186.pdb	0	14.751	83.073	-31.706
swarm_34_21.pdb	0	13.062	82.018	-31.821
swarm_28_55.pdb	0	15.828	40.438	-32.039
swarm_3_71.pdb	0	14.200	78.523	-32.237
swarm_62_198.pdb	0	13.186	80.164	-32.321
swarm_60_185.pdb	0.0714286	6.697	28.927	-33.049
swarm_29_131.pdb	0	10.575	42.803	-33.097
swarm_39_154.pdb	0	12.123	41.380	-33.346
swarm_42_57.pdb	0	12.406	34.192	-33.425
swarm_64_196.pdb	0	12.776	81.931	-33.547
swarm_46_42.pdb	0	11.561	64.304	-33.651
swarm_39_76.pdb	0	7.947	53.073	-33.925
swarm_32_118.pdb	0	16.621	85.243	-33.957
swarm_45_137.pdb	0	9.427	69.058	-34.066
swarm_56_53.pdb	0	11.672	52.354	-34.271
swarm_79_103.pdb	0	12.265	65.497	-34.543
swarm_44_106.pdb	0	10.970	25.785	-34.588
swarm_67_189.pdb	0	14.452	90.244	-34.687
swarm_44_69.pdb	0	11.046	30.225	-35.686
swarm_28_5.pdb	0	14.268	51.540	-35.810
swarm_39_157.pdb	0	16.535	47.398	-35.890
swarm_44_57.pdb	0	15.460	39.938	-36.129
swarm_57_177.pdb	0	14.450	69.021	-36.463
swarm_31_6.pdb	0.214286	5.518	28.033	-36.849
swarm_6_63.pdb	0.119048	7.227	55.075	-37.128
swarm_24_80.pdb	0	14.411	37.679	-38.638
swarm_51_128.pdb	0	14.333	79.335	-39.031
swarm_79_138.pdb	0	16.621	54.301	-39.065
swarm_77_87.pdb	0.0238095	7.290	36.118	-39.369
swarm_62_136.pdb	0	13.920	73.753	-40.162
swarm_47_35.pdb	0	15.689	81.200	-40.184
swarm_41_37.pdb	0.309524	5.406	39.826	-40.276
swarm_1_70.pdb	0	11.848	76.298	-41.789
swarm_0_79.pdb	0	19.973	58.547	-43.528
swarm_47_64.pdb	0	15.772	65.021	-43.783
swarm_54_8.pdb	0	11.702	28.495	-43.948
swarm_54_74.pdb	0	12.201	38.398	-44.443
swarm_68_108.pdb	0	13.080	30.219	-44.863
swarm_14_62.pdb	0	9.800	31.696	-45.102
swarm_42_61.pdb	0	12.993	28.848	-45.938
swarm_61_117.pdb	0	16.764	71.614	-45.991
swarm_28_131.pdb	0	15.356	37.660	-46.015
swarm_25_183.pdb	0.0714286	6.082	28.901	-46.520
swarm_24_184.pdb	0	13.301	29.195	-48.188
swarm_76_25.pdb	0	9.021	49.849	-48.547
swarm_25_5.pdb	0	10.427	31.035	-49.518
swarm_31_24.pdb	0.0238095	8.252	18.463	-50.654
swarm_9_14.pdb	0	9.434	25.293	-50.709
swarm_23_130.pdb	0	21.160	76.170	-51.147
swarm_46_129.pdb	0	14.439	76.859	-51.184
swarm_49_142.pdb	0	16.233	72.278	-51.699
swarm_39_155.pdb	0	13.687	57.109	-52.089
swarm_54_193.pdb	0	12.455	36.436	-52.439
swarm_1_179.pdb	0	20.740	60.778	-53.394
swarm_63_40.pdb	0	12.782	75.570	-53.464
swarm_44_82.pdb	0	11.646	29.306	-53.544
swarm_77_179.pdb	0	11.287	25.772	-54.865
swarm_81_110.pdb	0.261905	6.168	40.127	-54.925
swarm_61_112.pdb	0	18.390	86.072	-55.155
swarm_23_185.pdb	0	18.782	71.643	-55.173
swarm_46_39.pdb	0	12.393	71.067	-55.740
swarm_20_179.pdb	0	8.502	36.223	-55.958
swarm_6_150.pdb	0	14.304	54.152	-56.568
swarm_6_144.pdb	0	15.236	51.072	-57.599
swarm_33_99.pdb	0	16.767	82.021	-57.671
swarm_69_130.pdb	0	15.724	83.334	-57.995
swarm_14_15.pdb	0.261905	4.970	20.468	-58.495
swarm_18_6.pdb	0	9.368	28.850	-59.164
swarm_23_165.pdb	0	13.529	79.303	-59.771
swarm_20_115.pdb	0	8.984	19.614	-60.826
swarm_75_120.pdb	0.190476	7.087	61.585	-61.733
swarm_8_70.pdb	0	12.356	40.164	-62.003
swarm_48_191.pdb	0	15.845	80.869	-64.267
swarm_35_59.pdb	0	15.860	79.119	-64.730
swarm_39_102.pdb	0	14.170	34.347	-64.936
swarm_22_124.pdb	0.428571	6.475	56.110	-64.972
swarm_25_92.pdb	0	8.676	22.288	-65.064
swarm_49_132.pdb	0	16.151	66.648	-65.869
swarm_4_72.pdb	0	16.878	53.199	-65.917
swarm_22_89.pdb	0	13.782	30.085	-66.387
swarm_48_5.pdb	0	12.833	80.756	-66.902
swarm_74_105.pdb	0	16.665	54.863	-67.124
swarm_34_142.pdb	0	10.748	81.347	-67.160
swarm_76_52.pdb	0	16.340	48.307	-67.904
swarm_21_66.pdb	0	11.147	71.453	-68.341
swarm_48_184.pdb	0	13.534	71.641	-68.407
swarm_28_195.pdb	0	15.777	54.558	-68.472
swarm_45_52.pdb	0	14.669	46.326	-69.629
swarm_73_77.pdb	0.0238095	7.945	64.864	-70.119
swarm_58_59.pdb	0	13.649	71.378	-72.641
swarm_16_176.pdb	0	10.696	39.688	-72.716
swarm_46_97.pdb	0	11.013	80.509	-73.237
swarm_73_169.pdb	0	13.284	41.315	-73.634
swarm_66_94.pdb	0	14.305	37.149	-74.900
swarm_61_190.pdb	0	18.925	84.201	-75.483
swarm_59_101.pdb	0	10.716	66.088	-75.762
swarm_74_182.pdb	0.166667	6.451	60.898	-77.402
swarm_74_84.pdb	0	9.892	73.650	-77.467
swarm_34_3.pdb	0	20.460	63.303	-77.942
swarm_62_59.pdb	0	13.239	82.611	-79.617
swarm_9_168.pdb	0.0238095	7.844	31.117	-79.789
swarm_28_196.pdb	0	12.865	38.432	-80.092
swarm_64_43.pdb	0	11.974	77.828	-80.387
swarm_18_123.pdb	0	7.566	18.642	-81.099
swarm_65_38.pdb	0	12.323	47.812	-82.025
swarm_64_12.pdb	0	12.919	72.344	-82.387
swarm_80_62.pdb	0.0238095	7.429	42.560	-83.253
swarm_55_9.pdb	0.238095	7.105	40.940	-85.624
swarm_76_185.pdb	0.047619	8.482	64.647	-88.052
swarm_16_117.pdb	0	7.776	39.685	-88.141
swarm_2_141.pdb	0	15.912	68.820	-89.522
swarm_36_190.pdb	0	9.926	71.292	-90.583
swarm_58_189.pdb	0	13.621	62.692	-90.597
swarm_65_143.pdb	0	8.746	34.881	-91.040
swarm_53_138.pdb	0	12.883	30.137	-91.378
swarm_39_3.pdb	0.0238095	8.013	52.281	-93.080
swarm_39_121.pdb	0	14.502	46.380	-94.405
swarm_64_144.pdb	0	16.203	71.140	-96.608
swarm_60_107.pdb	0.142857	7.755	41.926	-97.110
swarm_2_148.pdb	0	11.682	75.011	-97.154
swarm_81_16.pdb	0.0238095	8.350	49.172	-98.361
swarm_50_109.pdb	0	11.993	59.066	-98.474
swarm_71_99.pdb	0	11.807	72.960	-98.661
swarm_64_98.pdb	0	11.155	85.273	-99.529
swarm_74_97.pdb	0	7.869	57.742	-99.778
swarm_59_70.pdb	0.0238095	8.088	57.994	-100.560
swarm_43_174.pdb	0	8.177	57.339	-100.916
swarm_75_46.pdb	0.357143	5.790	53.625	-101.637
swarm_49_162.pdb	0	14.879	76.382	-103.190
swarm_53_156.pdb	0.285714	6.359	37.327	-104.495
swarm_78_2.pdb	0	19.563	68.814	-104.959
swarm_58_7.pdb	0	10.696	61.079	-105.768
swarm_58_37.pdb	0	12.935	72.973	-108.348
swarm_48_43.pdb	0	15.187	69.610	-110.209
swarm_19_112.pdb	0	11.481	25.992	-110.610
swarm_3_107.pdb	0	18.178	71.049	-111.158
swarm_25_57.pdb	0	10.542	27.610	-111.174
swarm_42_110.pdb	0	13.889	36.401	-114.808
swarm_81_182.pdb	0.380952	5.942	47.941	-115.997
swarm_51_67.pdb	0	13.793	77.550	-118.518
swarm_24_1.pdb	0	13.117	29.315	-120.323
swarm_9_142.pdb	0.0238095	9.807	32.161	-123.957
swarm_14_91.pdb	0.047619	7.643	27.264	-125.337
swarm_52_127.pdb	0	10.244	29.768	-127.746
swarm_25_116.pdb	0.5	5.975	31.535	-134.223
swarm_61_145.pdb	0	16.569	76.781	-134.367
swarm_5_15.pdb	0	14.356	49.067	-139.509
swarm_30_175.pdb	0	8.082	32.294	-140.669
swarm_7_26.pdb	0.047619	7.806	23.817	-141.446
swarm_48_183.pdb	0	13.915	74.581	-141.826
swarm_17_128.pdb	0	11.592	25.425	-146.369
swarm_51_33.pdb	0	15.613	62.805	-148.084
swarm_43_125.pdb	0.0714286	7.728	51.524	-148.137
swarm_66_25.pdb	0.142857	6.826	40.545	-152.422
swarm_60_184.pdb	0	10.117	30.197	-152.982
swarm_21_87.pdb	0	10.140	65.454	-154.572
swarm_53_24.pdb	0.190476	6.195	37.589	-154.842
swarm_31_156.pdb	0	10.794	35.353	-156.619
swarm_27_67.pdb	0	12.504	43.982	-156.888
swarm_5_43.pdb	0	13.224	52.810	-158.055
swarm_21_3.pdb	0	11.872	62.635	-158.348
swarm_55_189.pdb	0	10.639	24.340	-160.024
swarm_25_2.pdb	0	9.425	29.926	-164.133
swarm_56_158.pdb	0	12.648	53.968	-164.465
swarm_31_13.pdb	0.047619	8.148	36.608	-165.375
swarm_6_141.pdb	0.119048	8.503	59.304	-166.971
swarm_63_158.pdb	0	15.557	55.874	-168.659
swarm_59_120.pdb	0	9.341	57.165	-169.185
swarm_27_36.pdb	0	11.873	38.038	-169.638
swarm_76_198.pdb	0.0238095	7.350	52.254	-169.825
swarm_53_144.pdb	0.428571	5.932	31.509	-170.239
swarm_60_24.pdb	0	9.105	35.120	-170.316
swarm_72_167.pdb	0	12.198	55.646	-170.323
swarm_61_171.pdb	0	13.209	79.752	-171.320
swarm_38_43.pdb	0	10.667	49.550	-173.358
swarm_58_129.pdb	0	12.190	64.586	-173.820
swarm_72_168.pdb	0	13.469	78.254	-174.525
swarm_30_97.pdb	0	9.666	37.318	-175.736
swarm_74_67.pdb	0	13.564	51.114	-178.688
swarm_20_37.pdb	0	8.903	29.595	-179.255
swarm_62_164.pdb	0	15.789	68.757	-180.201
swarm_26_6.pdb	0	15.051	66.225	-181.223
swarm_30_192.pdb	0	11.544	34.931	-181.232
swarm_22_69.pdb	0	12.929	38.804	-182.074
swarm_43_119.pdb	0	10.494	34.364	-182.454
swarm_73_63.pdb	0	8.283	63.468	-183.604
swarm_55_193.pdb	0.333333	6.943	35.353	-188.360
swarm_65_56.pdb	0	13.147	37.389	-190.466
swarm_63_152.pdb	0	13.203	62.069	-193.663
swarm_16_163.pdb	0.190476	8.292	47.679	-202.690
swarm_27_146.pdb	0	11.601	51.394	-202.899
swarm_47_97.pdb	0	12.626	77.439	-203.920
swarm_42_126.pdb	0.404762	7.440	49.107	-204.698
swarm_21_41.pdb	0	14.495	59.348	-204.810
swarm_62_117.pdb	0	12.375	81.148	-219.717
swarm_61_105.pdb	0	13.577	71.497	-240.374
swarm_60_116.pdb	0.238095	8.393	35.540	-245.714
swarm_71_117.pdb	0	13.214	51.389	-247.354
swarm_73_10.pdb	0	13.308	46.319	-247.695
swarm_79_160.pdb	0.0238095	8.606	62.821	-248.451
swarm_72_84.pdb	0	14.043	61.164	-254.375
swarm_29_132.pdb	0	11.500	38.746	-255.571
swarm_71_61.pdb	0	13.384	57.231	-256.511
swarm_13_122.pdb	0.0714286	8.941	50.869	-260.380
swarm_74_127.pdb	0	14.858	59.530	-262.195
swarm_36_145.pdb	0	11.980	59.950	-264.290
swarm_8_7.pdb	0.261905	9.207	52.902	-281.485
swarm_42_137.pdb	0.190476	9.726	51.001	-285.402
swarm_74_65.pdb	0	14.162	57.361	-296.952
swarm_43_184.pdb	0.047619	8.061	49.659	-303.869
swarm_79_13.pdb	0	13.774	61.284	-304.679
swarm_50_53.pdb	0	11.119	58.675	-314.271
swarm_24_188.pdb	0	10.858	42.639	-340.425
swarm_66_56.pdb	0	10.107	42.921	-405.778
swarm_71_110.pdb	0	10.533	59.528	-426.589
swarm_38_147.pdb	0	10.998	47.215	-437.007
