complex.1.pdb	0.0196078	9.664	18.817
complex.2.pdb	0.0392157	9.243	19.818
complex.3.pdb	0.0392157	8.885	16.591
complex.4.pdb	0.0196078	9.463	17.838
complex.5.pdb	0	10.913	25.271
complex.6.pdb	0	10.768	21.433
complex.7.pdb	0	8.620	25.104
complex.8.pdb	0	11.354	26.080
complex.9.pdb	0	12.493	30.046
complex.10.pdb	0.0196078	8.947	18.018
complex.11.pdb	0.0196078	12.062	21.620
complex.12.pdb	0.0196078	9.500	17.777
complex.13.pdb	0.0196078	10.280	18.277
complex.14.pdb	0	10.731	34.768
complex.15.pdb	0.0980392	10.032	20.697
complex.16.pdb	0.0588235	9.276	27.869
complex.17.pdb	0	11.643	29.067
complex.18.pdb	0.0588235	11.168	19.562
complex.19.pdb	0	10.533	28.714
complex.20.pdb	0	13.631	23.778
complex.21.pdb	0	8.704	15.148
complex.22.pdb	0	12.098	34.366
complex.23.pdb	0.0392157	9.410	24.986
complex.24.pdb	0	8.862	23.586
complex.25.pdb	0	10.188	33.624
complex.26.pdb	0	9.980	17.868
complex.27.pdb	0.0784314	9.580	19.059
complex.28.pdb	0	11.158	20.347
complex.29.pdb	0	10.287	31.669
complex.30.pdb	0	10.396	27.871
complex.31.pdb	0.0196078	9.123	16.288
complex.32.pdb	0	8.623	25.212
complex.33.pdb	0	11.934	26.204
complex.34.pdb	0	8.618	23.379
complex.35.pdb	0	8.720	23.191
complex.36.pdb	0	11.498	23.635
complex.37.pdb	0	10.502	22.560
complex.38.pdb	0	10.162	18.668
complex.39.pdb	0	10.041	28.414
complex.40.pdb	0	11.306	20.432
complex.41.pdb	0	9.489	16.965
complex.42.pdb	0	12.616	28.479
complex.43.pdb	0	12.323	21.919
complex.44.pdb	0	11.008	23.289
complex.45.pdb	0	9.060	26.168
complex.46.pdb	0	12.324	33.446
complex.47.pdb	0	10.377	22.352
complex.48.pdb	0.0196078	10.314	20.875
complex.49.pdb	0	11.169	22.277
complex.50.pdb	0	13.207	24.032
complex.51.pdb	0.0196078	11.730	21.200
complex.52.pdb	0.0392157	11.355	21.624
complex.53.pdb	0.0392157	11.610	21.675
complex.54.pdb	0	12.807	29.126
complex.55.pdb	0	13.326	24.429
complex.56.pdb	0.0392157	10.327	20.608
complex.57.pdb	0	8.939	16.936
complex.58.pdb	0.0196078	10.510	25.472
complex.59.pdb	0.0588235	11.806	20.892
complex.60.pdb	0.0588235	9.619	20.277
complex.61.pdb	0.0392157	11.770	22.691
complex.62.pdb	0.0196078	11.783	23.036
complex.63.pdb	0	10.541	22.960
complex.64.pdb	0	9.085	20.516
complex.65.pdb	0	11.244	22.626
complex.66.pdb	0	10.967	27.511
complex.67.pdb	0	10.992	27.597
complex.68.pdb	0.0588235	10.755	20.889
complex.69.pdb	0	12.510	37.144
complex.70.pdb	0	13.770	27.717
complex.71.pdb	0	11.855	20.307
complex.72.pdb	0	13.959	28.535
complex.73.pdb	0	11.415	29.943
complex.74.pdb	0.0588235	11.543	20.137
complex.75.pdb	0	8.947	14.819
complex.76.pdb	0	12.067	25.739
complex.77.pdb	0	10.412	19.816
complex.78.pdb	0	13.608	27.371
complex.79.pdb	0	14.054	24.201
complex.80.pdb	0	11.992	32.709
complex.81.pdb	0	12.055	30.378
complex.82.pdb	0	10.384	23.222
complex.83.pdb	0	10.989	24.950
complex.84.pdb	0	13.577	24.862
complex.85.pdb	0.0980392	10.993	24.777
complex.86.pdb	0	12.729	22.677
complex.87.pdb	0	13.405	23.888
complex.88.pdb	0.0196078	9.096	16.736
complex.89.pdb	0	9.398	21.992
complex.90.pdb	0	11.337	23.238
complex.91.pdb	0	9.202	18.683
complex.92.pdb	0	12.585	32.916
complex.93.pdb	0	11.461	30.859
complex.94.pdb	0.0196078	11.546	18.627
complex.95.pdb	0	8.953	17.787
complex.96.pdb	0	7.699	17.394
complex.97.pdb	0	10.795	26.034
complex.98.pdb	0	9.057	19.187
complex.99.pdb	0	11.735	26.218
complex.100.pdb	0	8.441	21.922
complex.101.pdb	0.0392157	10.992	22.173
complex.102.pdb	0	10.714	35.966
complex.103.pdb	0	9.563	27.700
complex.104.pdb	0.0784314	8.681	21.805
complex.105.pdb	0.0196078	11.858	21.137
complex.106.pdb	0	10.172	18.311
complex.107.pdb	0	12.476	34.404
complex.108.pdb	0	12.785	24.286
complex.109.pdb	0	10.385	27.971
complex.110.pdb	0.0196078	11.383	21.923
complex.111.pdb	0	10.644	23.000
complex.112.pdb	0	8.919	17.697
complex.113.pdb	0.0196078	10.060	17.424
complex.114.pdb	0.0196078	12.267	24.948
complex.115.pdb	0	10.187	32.736
complex.116.pdb	0	9.519	21.286
complex.117.pdb	0	13.573	26.223
complex.118.pdb	0.0196078	11.186	28.227
complex.119.pdb	0	12.043	21.337
complex.120.pdb	0	12.077	32.951
complex.121.pdb	0	8.764	18.185
complex.122.pdb	0	10.283	24.181
complex.123.pdb	0	8.742	15.152
complex.124.pdb	0	9.265	25.585
complex.125.pdb	0.0196078	11.111	21.080
complex.126.pdb	0	8.835	21.215
complex.127.pdb	0	10.243	21.761
complex.128.pdb	0	12.433	36.662
complex.129.pdb	0.352941	4.018	16.449
complex.130.pdb	0	12.473	30.070
complex.131.pdb	0	12.472	32.531
complex.132.pdb	0.0392157	12.032	21.322
complex.133.pdb	0	11.092	29.936
complex.134.pdb	0	12.156	31.148
complex.135.pdb	0.0588235	10.464	19.376
complex.136.pdb	0	11.444	27.825
complex.137.pdb	0	12.099	24.721
complex.138.pdb	0	12.124	21.116
complex.139.pdb	0.0196078	11.788	20.224
complex.140.pdb	0.0196078	8.316	15.382
complex.141.pdb	0.0196078	12.139	28.801
complex.142.pdb	0	11.881	32.584
complex.143.pdb	0	11.081	19.047
complex.144.pdb	0.0392157	11.507	18.894
complex.145.pdb	0	12.277	24.439
complex.146.pdb	0	11.536	28.308
complex.147.pdb	0	10.880	27.626
complex.148.pdb	0	9.959	30.770
complex.149.pdb	0	11.062	21.866
complex.150.pdb	0.392157	3.697	12.579
complex.151.pdb	0.0196078	11.336	29.487
complex.152.pdb	0	9.781	21.279
complex.153.pdb	0	12.019	30.448
complex.154.pdb	0	11.523	28.398
complex.155.pdb	0.0392157	8.687	16.016
complex.156.pdb	0	9.157	19.772
complex.157.pdb	0	12.477	33.600
complex.158.pdb	0.0196078	11.451	23.887
complex.159.pdb	0	9.738	23.814
complex.160.pdb	0.0196078	10.966	19.815
complex.161.pdb	0	12.612	33.735
complex.162.pdb	0	10.763	21.740
complex.163.pdb	0.0196078	11.313	18.732
complex.164.pdb	0	11.295	30.112
complex.165.pdb	0.0196078	10.258	18.371
complex.166.pdb	0.0588235	11.149	20.390
complex.167.pdb	0	11.098	38.526
complex.168.pdb	0	9.318	22.602
complex.169.pdb	0	12.657	36.870
complex.170.pdb	0	11.681	29.132
complex.171.pdb	0	12.067	22.891
complex.172.pdb	0	13.825	25.226
complex.173.pdb	0	11.088	17.503
complex.174.pdb	0	13.232	26.273
complex.175.pdb	0.0196078	8.718	14.873
complex.176.pdb	0	8.771	19.297
complex.177.pdb	0	13.644	24.510
complex.178.pdb	0.0392157	11.769	19.578
complex.179.pdb	0.0196078	10.622	21.322
complex.180.pdb	0.0196078	8.790	16.908
complex.181.pdb	0	12.213	34.933
complex.182.pdb	0	12.880	36.974
complex.183.pdb	0	12.746	31.491
complex.184.pdb	0	12.545	32.045
complex.185.pdb	0	9.018	23.003
complex.186.pdb	0.0196078	7.106	23.298
complex.187.pdb	0	11.256	31.598
complex.188.pdb	0	11.447	29.338
complex.189.pdb	0.0784314	11.808	19.604
complex.190.pdb	0	9.669	21.945
complex.191.pdb	0	10.563	24.302
complex.192.pdb	0	9.889	30.253
complex.193.pdb	0	12.771	32.746
complex.194.pdb	0	8.750	22.598
complex.195.pdb	0	13.048	32.512
complex.196.pdb	0	11.886	32.898
complex.197.pdb	0.0196078	8.107	22.440
complex.198.pdb	0	8.741	22.320
complex.199.pdb	0	11.409	19.038
complex.200.pdb	0.0196078	11.497	19.528
complex.201.pdb	0	12.313	31.498
complex.202.pdb	0	10.385	23.454
complex.203.pdb	0	10.900	31.182
complex.204.pdb	0	8.950	19.417
complex.205.pdb	0	10.562	29.550
complex.206.pdb	0	10.632	29.290
complex.207.pdb	0	11.255	21.021
complex.208.pdb	0.0588235	10.490	19.105
complex.209.pdb	0.0196078	11.090	22.441
complex.210.pdb	0	10.587	23.612
complex.211.pdb	0	11.472	22.532
complex.212.pdb	0	8.903	16.163
complex.213.pdb	0	12.348	35.839
complex.214.pdb	0	9.975	19.357
complex.215.pdb	0.0784314	10.844	20.704
complex.216.pdb	0	8.242	17.417
complex.217.pdb	0.0392157	11.295	24.339
complex.218.pdb	0	8.670	16.898
complex.219.pdb	0.0392157	9.862	21.675
complex.220.pdb	0	12.499	21.456
complex.221.pdb	0	8.572	24.346
complex.222.pdb	0	11.672	19.831
complex.223.pdb	0	12.704	32.554
complex.224.pdb	0	10.269	17.207
complex.225.pdb	0	8.265	18.919
complex.226.pdb	0.529412	2.518	9.091
complex.227.pdb	0	12.357	22.584
complex.228.pdb	0.0196078	11.572	25.392
complex.229.pdb	0.254902	4.544	19.252
complex.230.pdb	0	9.622	18.519
complex.231.pdb	0	11.401	20.116
complex.232.pdb	0.0196078	10.996	22.906
complex.233.pdb	0	10.261	20.936
complex.234.pdb	0	10.495	20.203
complex.235.pdb	0	9.086	18.250
complex.236.pdb	0.0980392	10.705	27.130
complex.237.pdb	0	8.602	18.478
complex.238.pdb	0	13.325	23.504
complex.239.pdb	0	11.765	21.720
complex.240.pdb	0	12.104	36.408
complex.241.pdb	0	12.585	22.969
complex.242.pdb	0	12.734	34.901
complex.243.pdb	0	9.832	29.274
complex.244.pdb	0.352941	3.563	15.078
complex.245.pdb	0.0588235	10.694	18.135
complex.246.pdb	0	11.446	23.611
complex.247.pdb	0.0392157	9.858	19.080
complex.248.pdb	0	12.604	24.263
complex.249.pdb	0.0392157	9.231	20.819
complex.250.pdb	0	12.755	26.473
complex.251.pdb	0	12.782	24.452
complex.252.pdb	0.0588235	9.294	16.785
complex.253.pdb	0.0196078	11.807	23.111
complex.254.pdb	0	9.744	23.054
complex.255.pdb	0	11.350	31.215
complex.256.pdb	0.0196078	8.587	18.497
complex.257.pdb	0	10.441	22.835
complex.258.pdb	0	12.552	20.719
complex.259.pdb	0	10.114	25.733
complex.260.pdb	0	11.379	18.946
complex.261.pdb	0	11.667	21.029
complex.262.pdb	0	11.119	20.015
complex.263.pdb	0	10.746	27.640
complex.264.pdb	0	11.417	28.621
complex.265.pdb	0	12.600	35.939
complex.266.pdb	0	11.118	22.648
complex.267.pdb	0	13.498	24.764
complex.268.pdb	0	12.864	27.509
complex.269.pdb	0	11.489	38.175
complex.270.pdb	0	9.737	19.566
complex.271.pdb	0	12.333	23.757
complex.272.pdb	0.27451	4.788	20.455
complex.273.pdb	0	9.125	25.151
complex.274.pdb	0	11.854	23.608
complex.275.pdb	0	12.875	25.296
complex.276.pdb	0	11.526	17.738
complex.277.pdb	0	10.007	18.306
complex.278.pdb	0.254902	4.001	14.822
complex.279.pdb	0	9.544	27.426
complex.280.pdb	0	11.967	21.033
complex.281.pdb	0	12.487	33.761
complex.282.pdb	0.0196078	11.412	22.949
complex.283.pdb	0.0784314	10.970	19.934
complex.284.pdb	0	11.326	22.448
complex.285.pdb	0	9.011	27.221
complex.286.pdb	0	12.113	23.010
complex.287.pdb	0	12.440	36.889
complex.288.pdb	0	11.071	22.539
complex.289.pdb	0.0196078	7.875	27.437
complex.290.pdb	0	11.729	21.752
complex.291.pdb	0.0588235	11.080	20.502
complex.292.pdb	0	8.803	20.874
complex.293.pdb	0	10.240	23.476
complex.294.pdb	0	10.197	27.275
complex.295.pdb	0	13.033	30.895
complex.296.pdb	0	11.773	28.554
complex.297.pdb	0	11.648	19.299
complex.298.pdb	0	12.148	32.520
complex.299.pdb	0	9.127	17.886
complex.300.pdb	0.0588235	9.390	16.620
complex.301.pdb	0	11.494	37.629
complex.302.pdb	0	12.752	28.130
complex.303.pdb	0	11.712	31.305
complex.304.pdb	0	9.544	27.122
complex.305.pdb	0	10.216	28.048
complex.306.pdb	0.0980392	11.519	24.029
complex.307.pdb	0	12.181	28.799
complex.308.pdb	0	13.039	35.926
complex.309.pdb	0.0196078	9.417	17.224
complex.310.pdb	0	12.062	23.628
complex.311.pdb	0.0588235	10.201	23.380
complex.312.pdb	0	7.523	15.338
complex.313.pdb	0	10.289	18.226
complex.314.pdb	0.0392157	11.219	25.577
complex.315.pdb	0	11.434	36.401
complex.316.pdb	0	12.467	35.371
complex.317.pdb	0	10.614	28.054
complex.318.pdb	0	13.354	23.738
complex.319.pdb	0	8.792	24.015
complex.320.pdb	0.0588235	9.253	18.453
complex.321.pdb	0	8.948	18.133
complex.322.pdb	0.176471	4.378	13.408
complex.323.pdb	0.137255	10.122	23.361
complex.324.pdb	0	10.292	26.423
complex.325.pdb	0	11.697	24.311
complex.326.pdb	0	12.409	30.547
complex.327.pdb	0	12.575	33.884
complex.328.pdb	0.0392157	11.044	26.190
complex.329.pdb	0	10.500	26.945
complex.330.pdb	0	11.923	33.579
complex.331.pdb	0.352941	4.400	15.422
complex.332.pdb	0	12.762	23.438
complex.333.pdb	0.0588235	10.697	19.090
complex.334.pdb	0	11.877	30.555
complex.335.pdb	0	11.457	27.132
complex.336.pdb	0.0392157	11.530	19.125
complex.337.pdb	0	11.628	18.612
complex.338.pdb	0	11.647	19.441
complex.339.pdb	0	12.922	29.593
complex.340.pdb	0.0392157	9.019	15.323
complex.341.pdb	0	12.557	27.190
complex.342.pdb	0	12.782	32.879
complex.343.pdb	0	11.702	20.885
complex.344.pdb	0	11.767	19.849
complex.345.pdb	0	10.540	25.423
complex.346.pdb	0	12.744	25.820
complex.347.pdb	0	10.280	29.737
complex.348.pdb	0	10.379	20.030
complex.349.pdb	0	9.386	26.452
complex.350.pdb	0	11.133	29.956
complex.351.pdb	0	14.603	24.851
complex.352.pdb	0	14.720	25.685
complex.353.pdb	0	12.065	34.163
complex.354.pdb	0	11.903	33.029
complex.355.pdb	0	10.877	28.333
complex.356.pdb	0	9.254	18.592
complex.357.pdb	0	11.492	28.892
complex.358.pdb	0	13.072	32.791
complex.359.pdb	0	13.110	25.527
complex.360.pdb	0	9.137	18.889
complex.361.pdb	0	11.563	22.044
complex.362.pdb	0	10.490	27.378
complex.363.pdb	0	10.176	20.010
complex.364.pdb	0	12.525	24.102
complex.365.pdb	0	13.373	41.089
complex.366.pdb	0	10.699	36.949
complex.367.pdb	0.0196078	9.586	22.048
complex.368.pdb	0	9.122	20.957
complex.369.pdb	0	11.829	22.890
complex.370.pdb	0	9.659	18.183
complex.371.pdb	0	10.413	23.451
complex.372.pdb	0	11.029	26.298
complex.373.pdb	0	8.950	21.016
complex.374.pdb	0	10.830	33.119
complex.375.pdb	0	10.663	19.489
complex.376.pdb	0	11.188	30.136
complex.377.pdb	0	14.338	26.521
complex.378.pdb	0	12.155	35.273
complex.379.pdb	0.0588235	10.360	23.619
complex.380.pdb	0	8.878	15.166
complex.381.pdb	0	8.989	22.543
complex.382.pdb	0	12.187	27.184
complex.383.pdb	0	13.252	40.027
complex.384.pdb	0	9.449	27.719
complex.385.pdb	0	9.837	21.227
complex.386.pdb	0	15.452	24.765
complex.387.pdb	0	8.110	25.897
complex.388.pdb	0	11.040	18.336
complex.389.pdb	0	11.734	21.238
complex.390.pdb	0	11.809	22.027
complex.391.pdb	0.0980392	10.520	21.504
complex.392.pdb	0	11.966	29.859
complex.393.pdb	0	10.003	27.495
complex.394.pdb	0.0196078	10.485	23.008
complex.395.pdb	0	11.455	22.342
complex.396.pdb	0	10.103	34.632
complex.397.pdb	0	11.439	21.662
complex.398.pdb	0.156863	7.199	20.370
complex.399.pdb	0.352941	3.648	13.668
complex.400.pdb	0.0196078	12.014	22.736
complex.401.pdb	0.0784314	10.195	18.378
complex.402.pdb	0	9.947	22.386
complex.403.pdb	0	10.322	23.009
complex.404.pdb	0	9.999	19.345
complex.405.pdb	0	8.937	21.714
complex.406.pdb	0.0588235	8.397	19.274
complex.407.pdb	0.0588235	8.956	16.942
complex.408.pdb	0	12.032	20.040
complex.409.pdb	0	9.883	20.787
complex.410.pdb	0	8.695	14.581
complex.411.pdb	0	9.001	18.260
complex.412.pdb	0	10.074	31.057
complex.413.pdb	0.0588235	9.267	18.814
complex.414.pdb	0	10.843	34.483
complex.415.pdb	0	8.590	14.310
complex.416.pdb	0	12.332	21.907
complex.417.pdb	0	11.389	17.675
complex.418.pdb	0	11.509	28.486
complex.419.pdb	0	10.688	28.054
complex.420.pdb	0	9.229	22.814
complex.421.pdb	0	10.528	18.059
complex.422.pdb	0	11.059	30.116
complex.423.pdb	0	10.492	29.646
complex.424.pdb	0	11.559	35.615
complex.425.pdb	0	12.107	28.185
complex.426.pdb	0	12.530	25.840
complex.427.pdb	0	11.782	18.852
complex.428.pdb	0.0392157	8.382	26.802
complex.429.pdb	0	9.553	17.600
complex.430.pdb	0.0196078	5.329	12.516
complex.431.pdb	0	13.647	23.385
complex.432.pdb	0	9.213	21.439
complex.433.pdb	0.0980392	5.198	16.906
complex.434.pdb	0.0784314	10.120	25.957
complex.435.pdb	0.0392157	11.736	22.714
complex.436.pdb	0.0588235	9.620	17.265
complex.437.pdb	0	13.387	23.813
complex.438.pdb	0	10.562	22.955
complex.439.pdb	0	8.541	18.750
complex.440.pdb	0	10.464	20.466
complex.441.pdb	0.0196078	11.618	21.158
complex.442.pdb	0.0588235	9.168	19.964
complex.443.pdb	0.0196078	11.506	26.205
complex.444.pdb	0.0784314	5.361	11.652
complex.445.pdb	0.0392157	9.393	30.193
complex.446.pdb	0.0196078	11.757	23.720
complex.447.pdb	0.0196078	8.264	30.421
complex.448.pdb	0	9.448	21.733
complex.449.pdb	0	14.731	26.029
complex.450.pdb	0.215686	5.033	19.115
complex.451.pdb	0.117647	10.915	21.484
complex.452.pdb	0	9.695	19.438
complex.453.pdb	0.0392157	8.737	25.401
complex.454.pdb	0.0980392	13.539	23.867
complex.455.pdb	0	10.352	25.230
complex.456.pdb	0	13.889	24.963
complex.457.pdb	0.0196078	11.599	19.010
complex.458.pdb	0.0196078	8.951	20.799
complex.459.pdb	0.0196078	9.236	35.604
complex.460.pdb	0	9.144	21.854
complex.461.pdb	0	12.042	37.263
complex.462.pdb	0.0196078	9.201	16.899
complex.463.pdb	0.0392157	8.514	17.137
complex.464.pdb	0	11.178	23.350
complex.465.pdb	0.0196078	10.261	18.760
complex.466.pdb	0.0392157	7.893	27.614
complex.467.pdb	0.0588235	8.627	29.295
complex.468.pdb	0	10.778	31.647
complex.469.pdb	0	9.624	19.772
complex.470.pdb	0	9.255	19.806
complex.471.pdb	0	10.341	16.903
complex.472.pdb	0	10.212	22.216
complex.473.pdb	0.0784314	10.086	19.699
complex.474.pdb	0	11.010	17.367
complex.475.pdb	0	10.470	27.308
complex.476.pdb	0.0588235	9.812	23.027
complex.477.pdb	0	14.451	25.056
complex.478.pdb	0	10.562	18.386
complex.479.pdb	0	9.775	29.033
complex.480.pdb	0	12.920	37.070
complex.481.pdb	0	12.076	35.440
complex.482.pdb	0	11.665	24.093
complex.483.pdb	0.137255	13.611	29.726
complex.484.pdb	0	11.648	30.247
complex.485.pdb	0.0196078	8.564	32.845
complex.486.pdb	0	9.257	14.205
complex.487.pdb	0	9.563	15.882
complex.488.pdb	0	9.402	24.115
complex.489.pdb	0	11.724	30.610
complex.490.pdb	0.0196078	8.062	13.604
complex.491.pdb	0	9.870	21.585
complex.492.pdb	0	9.599	17.582
complex.493.pdb	0.0588235	10.717	21.312
complex.494.pdb	0.0588235	11.863	25.535
complex.495.pdb	0	14.426	24.626
complex.496.pdb	0	9.269	16.016
complex.497.pdb	0.0196078	9.575	16.478
complex.498.pdb	0	11.852	35.727
complex.499.pdb	0	9.915	20.384
complex.500.pdb	0	10.956	16.874
complex.501.pdb	0.0392157	10.065	16.330
complex.502.pdb	0	9.008	19.322
complex.503.pdb	0	9.295	20.396
complex.504.pdb	0.0392157	11.312	24.459
complex.505.pdb	0	12.215	31.645
complex.506.pdb	0	12.813	25.114
complex.507.pdb	0	14.411	24.987
complex.508.pdb	0	13.328	33.726
complex.509.pdb	0	10.910	27.751
complex.510.pdb	0	13.658	23.773
complex.511.pdb	0	10.004	23.722
complex.512.pdb	0	13.734	25.871
complex.513.pdb	0.0588235	10.145	18.777
complex.514.pdb	0	13.149	29.083
complex.515.pdb	0	9.070	18.266
complex.516.pdb	0	10.010	24.937
complex.517.pdb	0	10.758	29.513
complex.518.pdb	0.117647	10.145	20.992
complex.519.pdb	0	9.773	18.303
complex.520.pdb	0.156863	4.680	11.872
complex.521.pdb	0	12.756	33.057
complex.522.pdb	0	9.786	26.377
complex.523.pdb	0	9.309	20.875
complex.524.pdb	0	10.278	35.024
complex.525.pdb	0	10.506	19.484
complex.526.pdb	0	12.090	30.806
complex.527.pdb	0	10.064	24.837
complex.528.pdb	0	12.812	38.559
complex.529.pdb	0	11.093	18.808
complex.530.pdb	0.509804	2.584	8.868
complex.531.pdb	0.0392157	10.079	17.444
complex.532.pdb	0	11.867	22.967
complex.533.pdb	0	11.323	24.316
complex.534.pdb	0	11.718	33.325
complex.535.pdb	0	12.022	23.885
complex.536.pdb	0	14.404	25.958
complex.537.pdb	0.0980392	10.357	20.835
complex.538.pdb	0	10.689	27.457
complex.539.pdb	0	9.822	22.339
complex.540.pdb	0	7.460	14.038
complex.541.pdb	0.0392157	9.867	18.258
complex.542.pdb	0	9.788	26.217
complex.543.pdb	0	11.500	20.825
complex.544.pdb	0	9.865	16.782
complex.545.pdb	0	8.472	18.320
complex.546.pdb	0	10.747	25.134
complex.547.pdb	0.0196078	9.576	17.277
complex.548.pdb	0.215686	4.419	16.930
complex.549.pdb	0	12.549	36.098
complex.550.pdb	0.117647	9.671	23.123
complex.551.pdb	0	9.488	19.446
complex.552.pdb	0.0196078	11.419	25.780
complex.553.pdb	0	9.355	27.450
complex.554.pdb	0	10.864	20.089
complex.555.pdb	0	10.489	26.642
complex.556.pdb	0.470588	2.672	10.192
complex.557.pdb	0	11.837	27.312
complex.558.pdb	0	11.879	20.270
complex.559.pdb	0	13.878	45.073
complex.560.pdb	0	11.358	35.260
complex.561.pdb	0	11.632	21.263
complex.562.pdb	0.0392157	11.640	20.395
complex.563.pdb	0	9.481	22.051
complex.564.pdb	0	16.117	29.051
complex.565.pdb	0	8.163	21.130
complex.566.pdb	0.0784314	9.966	24.440
complex.567.pdb	0	13.321	24.384
complex.568.pdb	0.0196078	8.157	32.581
complex.569.pdb	0	9.672	22.108
complex.570.pdb	0	9.242	20.247
complex.571.pdb	0	9.816	23.830
complex.572.pdb	0	11.170	37.222
complex.573.pdb	0	13.409	35.093
complex.574.pdb	0	11.630	32.424
complex.575.pdb	0	8.523	16.457
complex.576.pdb	0	11.154	16.737
complex.577.pdb	0	13.027	25.563
complex.578.pdb	0	13.521	25.222
complex.579.pdb	0.0196078	10.055	22.490
complex.580.pdb	0	11.855	38.035
complex.581.pdb	0	10.130	22.378
complex.582.pdb	0	12.013	36.272
complex.583.pdb	0.0196078	9.278	23.024
complex.584.pdb	0	9.421	20.703
complex.585.pdb	0	13.287	24.344
complex.586.pdb	0	11.363	19.698
complex.587.pdb	0	12.778	27.827
complex.588.pdb	0	10.422	24.040
complex.589.pdb	0	9.482	27.019
complex.590.pdb	0	8.960	35.585
complex.591.pdb	0.0392157	9.956	17.529
complex.592.pdb	0	9.014	21.289
complex.593.pdb	0	12.451	36.085
complex.594.pdb	0	14.274	25.894
complex.595.pdb	0	9.358	22.484
complex.596.pdb	0	8.073	24.516
complex.597.pdb	0	11.237	27.869
complex.598.pdb	0	11.902	24.037
complex.599.pdb	0.0196078	11.662	19.598
complex.600.pdb	0.0196078	9.841	16.598
complex.601.pdb	0.0196078	11.577	26.537
complex.602.pdb	0	8.178	22.005
complex.603.pdb	0.0392157	12.202	24.910
complex.604.pdb	0.0196078	9.945	19.701
complex.605.pdb	0	9.875	22.048
complex.606.pdb	0	13.645	24.282
complex.607.pdb	0	9.542	18.559
complex.608.pdb	0.0392157	8.016	28.671
complex.609.pdb	0.0196078	9.113	18.038
complex.610.pdb	0	10.974	19.039
complex.611.pdb	0.0196078	12.177	22.372
complex.612.pdb	0	8.800	14.345
complex.613.pdb	0.0196078	12.965	24.202
complex.614.pdb	0	10.499	19.897
complex.615.pdb	0	9.740	21.130
complex.616.pdb	0	13.345	25.734
complex.617.pdb	0.0588235	10.930	19.297
complex.618.pdb	0	10.127	25.417
complex.619.pdb	0	14.552	25.502
complex.620.pdb	0.0392157	9.899	17.794
complex.621.pdb	0	13.706	25.328
complex.622.pdb	0.0392157	10.188	29.655
complex.623.pdb	0	10.285	22.710
complex.624.pdb	0.0196078	11.493	25.281
complex.625.pdb	0	9.245	20.647
complex.626.pdb	0.0588235	10.607	21.377
complex.627.pdb	0	7.929	17.468
complex.628.pdb	0	10.689	38.080
complex.629.pdb	0	12.190	22.481
complex.630.pdb	0	10.784	17.699
complex.631.pdb	0.0392157	8.057	23.743
complex.632.pdb	0	9.663	23.080
complex.633.pdb	0	11.155	17.483
complex.634.pdb	0	11.152	32.864
complex.635.pdb	0	11.840	31.660
complex.636.pdb	0	14.507	25.153
complex.637.pdb	0	8.984	20.949
complex.638.pdb	0	14.298	25.412
complex.639.pdb	0	12.953	38.042
complex.640.pdb	0.0588235	8.771	18.328
complex.641.pdb	0	9.747	20.384
complex.642.pdb	0.0196078	9.482	18.399
complex.643.pdb	0	16.505	26.948
complex.644.pdb	0	12.738	25.164
complex.645.pdb	0	9.038	24.420
complex.646.pdb	0	8.946	19.976
complex.647.pdb	0	8.515	18.421
complex.648.pdb	0.117647	10.252	23.464
complex.649.pdb	0.0392157	12.041	19.802
complex.650.pdb	0	13.546	22.909
complex.651.pdb	0.0588235	9.433	17.516
complex.652.pdb	0	11.962	27.642
complex.653.pdb	0.137255	13.532	28.173
complex.654.pdb	0	8.421	20.217
complex.655.pdb	0	9.124	16.034
complex.656.pdb	0	11.890	22.369
complex.657.pdb	0.0196078	9.341	18.913
complex.658.pdb	0	10.159	24.125
complex.659.pdb	0	8.200	19.001
complex.660.pdb	0	14.880	25.343
complex.661.pdb	0	12.210	23.983
complex.662.pdb	0	12.660	36.634
complex.663.pdb	0	11.665	20.191
complex.664.pdb	0	10.346	25.749
complex.665.pdb	0	14.077	26.187
complex.666.pdb	0.0196078	11.402	22.285
complex.667.pdb	0	8.976	17.600
complex.668.pdb	0	14.336	28.065
complex.669.pdb	0	12.749	25.289
complex.670.pdb	0	11.129	20.527
complex.671.pdb	0.0392157	9.153	28.195
complex.672.pdb	0	13.333	35.933
complex.673.pdb	0	9.691	15.557
complex.674.pdb	0	8.622	15.413
complex.675.pdb	0	12.339	38.051
complex.676.pdb	0	13.338	27.164
complex.677.pdb	0	10.505	20.163
complex.678.pdb	0	12.588	26.399
complex.679.pdb	0	13.265	22.739
complex.680.pdb	0	12.384	24.757
complex.681.pdb	0.0196078	10.792	20.402
complex.682.pdb	0	11.021	35.604
complex.683.pdb	0	12.380	31.810
complex.684.pdb	0	10.747	19.408
complex.685.pdb	0	6.794	11.498
complex.686.pdb	0.0392157	11.033	19.759
complex.687.pdb	0.0784314	6.627	19.773
complex.688.pdb	0	9.585	33.454
complex.689.pdb	0	12.909	38.250
complex.690.pdb	0.0392157	9.025	17.646
complex.691.pdb	0	8.967	15.431
complex.692.pdb	0	13.616	25.818
complex.693.pdb	0.0588235	12.483	26.336
complex.694.pdb	0	12.375	25.091
complex.695.pdb	0	9.330	26.643
complex.696.pdb	0.0980392	13.257	24.890
complex.697.pdb	0.0784314	10.261	25.309
complex.698.pdb	0	13.921	26.253
complex.699.pdb	0.0196078	9.095	18.985
complex.700.pdb	0	9.457	22.128
complex.701.pdb	0.137255	8.751	15.698
complex.702.pdb	0	11.500	27.909
complex.703.pdb	0	9.585	19.769
complex.704.pdb	0	10.994	17.975
complex.705.pdb	0	10.978	19.061
complex.706.pdb	0	9.081	18.870
complex.707.pdb	0.0392157	12.071	19.542
complex.708.pdb	0.45098	2.039	4.067
complex.709.pdb	0	15.635	24.837
complex.710.pdb	0	8.468	16.987
complex.711.pdb	0	14.403	24.532
complex.712.pdb	0	10.659	33.379
complex.713.pdb	0	13.080	27.396
complex.714.pdb	0	9.628	16.493
complex.715.pdb	0	8.754	19.781
complex.716.pdb	0	14.285	24.350
complex.717.pdb	0	9.593	18.149
complex.718.pdb	0	11.894	37.569
complex.719.pdb	0.0196078	8.630	33.783
complex.720.pdb	0	11.461	38.988
complex.721.pdb	0	12.282	23.121
complex.722.pdb	0	10.225	30.219
complex.723.pdb	0	9.670	24.630
complex.724.pdb	0.0196078	9.565	18.758
complex.725.pdb	0	14.246	27.759
complex.726.pdb	0	11.682	27.315
complex.727.pdb	0.156863	13.074	28.251
complex.728.pdb	0	11.617	34.748
complex.729.pdb	0	11.302	32.718
complex.730.pdb	0	9.126	21.462
complex.731.pdb	0	14.051	24.946
complex.732.pdb	0	11.495	34.114
complex.733.pdb	0	14.817	26.043
complex.734.pdb	0	13.705	24.054
complex.735.pdb	0	11.970	28.101
complex.736.pdb	0	12.150	25.056
complex.737.pdb	0	8.486	19.783
complex.738.pdb	0	12.319	20.922
complex.739.pdb	0.0392157	11.095	19.183
complex.740.pdb	0.0588235	8.550	16.114
complex.741.pdb	0	11.767	22.491
complex.742.pdb	0	11.036	21.549
complex.743.pdb	0	13.083	33.170
complex.744.pdb	0	13.202	23.231
complex.745.pdb	0.0392157	9.973	18.213
complex.746.pdb	0	11.264	19.438
complex.747.pdb	0	14.097	24.702
complex.748.pdb	0	10.495	32.303
complex.749.pdb	0	13.220	24.496
complex.750.pdb	0.0196078	9.340	17.870
complex.751.pdb	0	9.767	21.851
complex.752.pdb	0	12.044	24.101
complex.753.pdb	0	10.889	18.607
complex.754.pdb	0	9.718	16.299
complex.755.pdb	0.0980392	7.738	20.281
complex.756.pdb	0	13.153	36.541
complex.757.pdb	0	10.515	17.012
complex.758.pdb	0	11.027	16.464
complex.759.pdb	0	9.102	23.252
complex.760.pdb	0.0392157	8.021	25.810
complex.761.pdb	0	10.450	30.275
complex.762.pdb	0.0196078	7.594	25.172
complex.763.pdb	0	11.281	30.238
complex.764.pdb	0	14.009	25.583
complex.765.pdb	0.0392157	8.314	21.150
complex.766.pdb	0	9.120	24.916
complex.767.pdb	0	8.722	19.619
complex.768.pdb	0	11.017	21.187
complex.769.pdb	0	8.130	17.237
complex.770.pdb	0	8.943	34.718
complex.771.pdb	0	12.942	23.112
complex.772.pdb	0	9.443	24.536
complex.773.pdb	0	12.075	29.793
complex.774.pdb	0	11.507	32.975
complex.775.pdb	0	9.433	21.205
complex.776.pdb	0	11.882	23.947
complex.777.pdb	0.27451	4.448	17.839
complex.778.pdb	0.0196078	8.657	24.468
complex.779.pdb	0	13.038	37.438
complex.780.pdb	0.156863	12.940	25.870
complex.781.pdb	0	11.847	21.328
complex.782.pdb	0	11.931	31.818
complex.783.pdb	0	13.526	39.769
complex.784.pdb	0	10.035	26.063
complex.785.pdb	0	10.249	20.423
complex.786.pdb	0	13.213	31.141
complex.787.pdb	0	12.511	25.828
complex.788.pdb	0	13.578	30.380
complex.789.pdb	0	10.211	17.855
complex.790.pdb	0.176471	4.781	11.640
complex.791.pdb	0	9.462	18.016
complex.792.pdb	0	8.345	13.178
complex.793.pdb	0	9.855	29.953
complex.794.pdb	0	15.424	26.601
complex.795.pdb	0	11.347	33.502
complex.796.pdb	0	7.991	15.460
complex.797.pdb	0	10.459	22.149
complex.798.pdb	0.117647	7.757	30.976
complex.799.pdb	0	9.980	20.104
complex.800.pdb	0	11.602	34.414
complex.801.pdb	0	11.747	20.887
complex.802.pdb	0.0196078	11.945	25.193
complex.803.pdb	0.0784314	11.323	26.526
complex.804.pdb	0	12.448	23.838
complex.805.pdb	0	9.780	35.035
complex.806.pdb	0	13.168	40.229
complex.807.pdb	0.0588235	14.475	25.691
complex.808.pdb	0	11.247	26.392
complex.809.pdb	0.0784314	5.927	15.396
complex.810.pdb	0	10.726	31.054
complex.811.pdb	0	8.196	18.138
complex.812.pdb	0	9.193	14.000
complex.813.pdb	0	10.585	18.737
complex.814.pdb	0	13.430	24.155
complex.815.pdb	0	8.905	19.298
complex.816.pdb	0.0588235	12.445	28.760
complex.817.pdb	0	13.717	23.869
complex.818.pdb	0	13.730	24.789
complex.819.pdb	0.0392157	9.752	19.761
complex.820.pdb	0	10.499	19.841
complex.821.pdb	0	11.882	30.372
complex.822.pdb	0.0196078	9.653	20.987
complex.823.pdb	0.0784314	7.388	13.091
complex.824.pdb	0.0196078	9.104	17.104
complex.825.pdb	0	11.710	25.054
complex.826.pdb	0	11.174	19.431
complex.827.pdb	0	12.992	26.505
complex.828.pdb	0	10.908	20.211
complex.829.pdb	0	12.978	40.951
complex.830.pdb	0.0588235	11.651	21.601
complex.831.pdb	0	12.443	23.318
complex.832.pdb	0	9.733	15.809
complex.833.pdb	0	7.746	27.620
complex.834.pdb	0	9.166	21.616
complex.835.pdb	0	11.204	24.645
complex.836.pdb	0	11.171	18.572
complex.837.pdb	0	13.525	23.923
complex.838.pdb	0	12.471	22.335
complex.839.pdb	0	12.665	36.570
complex.840.pdb	0	14.019	44.376
complex.841.pdb	0.0196078	12.024	25.029
complex.842.pdb	0.0196078	9.398	20.881
complex.843.pdb	0.0588235	11.754	21.732
complex.844.pdb	0	9.269	25.269
complex.845.pdb	0	11.523	19.281
complex.846.pdb	0	10.803	25.975
complex.847.pdb	0.45098	2.212	4.050
complex.848.pdb	0.0588235	11.387	23.832
complex.849.pdb	0	12.261	21.639
complex.850.pdb	0	13.216	23.027
complex.851.pdb	0.0196078	11.899	21.607
complex.852.pdb	0	12.787	39.454
complex.853.pdb	0	15.390	24.950
complex.854.pdb	0	14.172	26.755
complex.855.pdb	0.0392157	8.099	15.148
complex.856.pdb	0.0196078	9.169	20.953
complex.857.pdb	0	11.699	20.058
complex.858.pdb	0	9.896	33.412
complex.859.pdb	0	8.038	16.252
complex.860.pdb	0	9.335	18.933
complex.861.pdb	0	11.182	21.005
complex.862.pdb	0	11.203	37.241
complex.863.pdb	0.137255	7.032	21.262
complex.864.pdb	0.0392157	11.351	23.836
complex.865.pdb	0	14.037	26.511
complex.866.pdb	0	10.906	23.729
complex.867.pdb	0	11.025	31.221
complex.868.pdb	0	9.712	22.008
complex.869.pdb	0.0196078	12.827	25.971
complex.870.pdb	0.0784314	10.084	19.421
complex.871.pdb	0.0980392	12.167	25.799
complex.872.pdb	0	12.924	22.371
complex.873.pdb	0	10.689	37.533
complex.874.pdb	0.0980392	9.524	20.114
complex.875.pdb	0	9.809	17.022
complex.876.pdb	0.0392157	14.355	24.878
complex.877.pdb	0	9.345	27.392
complex.878.pdb	0	12.126	24.329
complex.879.pdb	0	14.112	24.316
complex.880.pdb	0.0196078	13.298	23.236
complex.881.pdb	0.45098	2.099	5.682
complex.882.pdb	0.27451	4.445	14.655
complex.883.pdb	0	13.136	39.656
complex.884.pdb	0.0588235	11.875	20.143
complex.885.pdb	0	14.543	23.677
complex.886.pdb	0.0588235	11.942	21.557
complex.887.pdb	0	15.101	24.862
complex.888.pdb	0	12.926	40.933
complex.889.pdb	0	10.509	23.065
complex.890.pdb	0	10.820	27.090
complex.891.pdb	0.0392157	11.484	22.254
complex.892.pdb	0	11.328	32.879
complex.893.pdb	0.27451	4.556	15.537
complex.894.pdb	0	11.980	21.792
complex.895.pdb	0.0588235	10.692	19.480
complex.896.pdb	0.0784314	12.690	29.270
complex.897.pdb	0	9.488	17.012
complex.898.pdb	0.0196078	6.974	12.886
complex.899.pdb	0	8.482	24.908
complex.900.pdb	0.0392157	9.799	26.693
complex.901.pdb	0.0196078	11.184	23.424
complex.902.pdb	0.0784314	8.084	18.816
complex.903.pdb	0	13.742	23.861
complex.904.pdb	0	9.691	18.886
complex.905.pdb	0.0392157	10.301	24.214
complex.906.pdb	0	12.954	32.124
complex.907.pdb	0	12.053	34.534
complex.908.pdb	0	12.800	31.325
complex.909.pdb	0	12.054	37.662
complex.910.pdb	0	11.626	37.072
complex.911.pdb	0	10.837	21.768
complex.912.pdb	0	10.928	19.733
complex.913.pdb	0.0588235	13.136	24.680
complex.914.pdb	0	14.891	23.559
complex.915.pdb	0	9.968	24.133
complex.916.pdb	0	11.492	22.079
complex.917.pdb	0	15.467	25.203
complex.918.pdb	0	11.007	26.071
complex.919.pdb	0	8.901	14.060
complex.920.pdb	0	15.326	23.997
complex.921.pdb	0	13.536	24.714
complex.922.pdb	0.117647	6.325	16.284
complex.923.pdb	0	9.263	17.252
complex.924.pdb	0	9.952	18.055
complex.925.pdb	0	10.735	18.928
complex.926.pdb	0	9.191	23.734
complex.927.pdb	0.0196078	11.206	26.746
complex.928.pdb	0.0588235	12.800	32.085
complex.929.pdb	0	8.993	17.337
complex.930.pdb	0	7.869	15.666
complex.931.pdb	0.0784314	10.971	19.399
complex.932.pdb	0.0588235	9.500	19.581
complex.933.pdb	0	13.674	24.872
complex.934.pdb	0.117647	5.984	11.451
complex.935.pdb	0	10.852	20.663
complex.936.pdb	0.0196078	8.365	24.939
complex.937.pdb	0	15.546	25.042
complex.938.pdb	0	8.863	19.677
complex.939.pdb	0	14.703	23.626
complex.940.pdb	0	9.329	26.204
complex.941.pdb	0	8.533	20.891
complex.942.pdb	0	12.872	37.809
complex.943.pdb	0	11.586	20.466
complex.944.pdb	0	9.077	23.045
complex.945.pdb	0.0196078	8.503	28.652
complex.946.pdb	0.0784314	11.220	20.201
complex.947.pdb	0.490196	2.392	9.330
complex.948.pdb	0	10.096	29.086
complex.949.pdb	0	13.793	25.187
complex.950.pdb	0	11.057	32.865
complex.951.pdb	0.0196078	7.910	24.611
complex.952.pdb	0	10.131	20.549
complex.953.pdb	0	9.167	16.662
complex.954.pdb	0	13.681	24.150
complex.955.pdb	0	9.360	17.457
complex.956.pdb	0	9.457	25.692
complex.957.pdb	0	10.694	23.211
complex.958.pdb	0	11.882	37.828
complex.959.pdb	0	15.557	25.012
complex.960.pdb	0	11.945	39.131
complex.961.pdb	0	8.692	18.245
complex.962.pdb	0	11.117	21.603
complex.963.pdb	0	9.708	27.986
complex.964.pdb	0	12.605	25.384
complex.965.pdb	0.0392157	9.075	17.280
complex.966.pdb	0.0392157	11.466	20.974
complex.967.pdb	0	8.225	20.551
complex.968.pdb	0	9.945	28.386
complex.969.pdb	0.0392157	11.202	20.603
complex.970.pdb	0	11.373	21.377
complex.971.pdb	0	13.338	25.491
complex.972.pdb	0.117647	5.067	17.244
complex.973.pdb	0	13.237	24.577
complex.974.pdb	0.137255	13.257	30.585
complex.975.pdb	0	14.270	24.051
complex.976.pdb	0	11.151	19.549
complex.977.pdb	0.0588235	11.581	22.701
complex.978.pdb	0	10.763	25.141
complex.979.pdb	0.0392157	10.790	25.617
complex.980.pdb	0.0392157	11.462	19.576
complex.981.pdb	0.0588235	8.491	20.801
complex.982.pdb	0	10.291	27.920
complex.983.pdb	0	9.052	23.713
complex.984.pdb	0	9.261	21.054
complex.985.pdb	0	11.727	32.939
complex.986.pdb	0	10.360	20.210
complex.987.pdb	0	12.227	28.189
complex.988.pdb	0	9.072	24.910
complex.989.pdb	0	9.473	20.367
complex.990.pdb	0.392157	3.692	15.555
complex.991.pdb	0	12.837	23.046
complex.992.pdb	0	12.006	24.173
complex.993.pdb	0.0980392	5.824	16.143
complex.994.pdb	0.0196078	7.799	20.428
complex.995.pdb	0	8.646	23.944
complex.996.pdb	0	10.709	28.145
complex.997.pdb	0	12.433	33.410
complex.998.pdb	0.0196078	11.747	20.610
complex.999.pdb	0.0980392	7.697	31.332
complex.1000.pdb	0.176471	5.989	13.649
complex.1001.pdb	0	11.022	28.064
complex.1002.pdb	0	10.374	38.209
complex.1003.pdb	0	10.520	38.520
complex.1004.pdb	0	12.627	38.783
complex.1005.pdb	0	13.938	42.380
complex.1006.pdb	0.0392157	12.173	22.856
complex.1007.pdb	0.0196078	8.412	16.629
complex.1008.pdb	0	14.926	25.287
complex.1009.pdb	0	11.360	28.915
complex.1010.pdb	0	8.867	12.833
complex.1011.pdb	0	14.719	24.950
complex.1012.pdb	0	13.745	38.032
complex.1013.pdb	0	13.827	45.304
complex.1014.pdb	0	12.294	24.518
complex.1015.pdb	0.0196078	10.532	19.323
complex.1016.pdb	0	8.947	24.350
complex.1017.pdb	0	14.402	25.605
complex.1018.pdb	0	9.566	24.878
complex.1019.pdb	0	10.881	30.333
complex.1020.pdb	0.0392157	9.838	27.543
complex.1021.pdb	0	14.508	26.276
complex.1022.pdb	0.0588235	11.703	25.719
complex.1023.pdb	0.117647	5.785	17.766
complex.1024.pdb	0	13.452	24.539
complex.1025.pdb	0	12.834	37.535
complex.1026.pdb	0	11.535	20.941
complex.1027.pdb	0	11.406	24.424
complex.1028.pdb	0.0588235	9.694	22.569
complex.1029.pdb	0	10.030	24.446
complex.1030.pdb	0.0196078	10.748	22.791
complex.1031.pdb	0	10.196	24.991
complex.1032.pdb	0	11.777	22.388
complex.1033.pdb	0	15.479	26.174
complex.1034.pdb	0.0588235	11.248	24.894
complex.1035.pdb	0	11.801	33.623
complex.1036.pdb	0.0392157	8.699	30.430
complex.1037.pdb	0.0196078	7.762	15.602
complex.1038.pdb	0.0392157	13.580	26.752
complex.1039.pdb	0.137255	5.474	20.230
complex.1040.pdb	0.0588235	9.589	23.311
complex.1041.pdb	0	13.862	23.365
complex.1042.pdb	0	9.105	22.402
complex.1043.pdb	0.0588235	13.080	23.670
complex.1044.pdb	0	13.011	39.798
complex.1045.pdb	0	9.251	31.082
complex.1046.pdb	0.0392157	11.795	28.080
complex.1047.pdb	0.176471	5.681	21.634
complex.1048.pdb	0	12.060	35.889
complex.1049.pdb	0	11.817	37.815
complex.1050.pdb	0	10.074	23.602
complex.1051.pdb	0	15.538	25.500
complex.1052.pdb	0	11.751	32.319
complex.1053.pdb	0	11.703	24.815
complex.1054.pdb	0	12.042	19.939
complex.1055.pdb	0.0392157	9.802	19.482
complex.1056.pdb	0	13.716	24.548
complex.1057.pdb	0	10.700	15.334
complex.1058.pdb	0	13.996	41.356
complex.1059.pdb	0.0196078	10.823	22.993
complex.1060.pdb	0	16.325	27.219
complex.1061.pdb	0.0196078	8.804	19.297
complex.1062.pdb	0	7.715	18.563
complex.1063.pdb	0.0196078	10.328	23.408
complex.1064.pdb	0	12.049	37.828
complex.1065.pdb	0	12.854	29.035
complex.1066.pdb	0	9.253	20.022
complex.1067.pdb	0	9.912	24.041
complex.1068.pdb	0	11.191	22.888
complex.1069.pdb	0	15.538	24.624
complex.1070.pdb	0	12.250	20.495
complex.1071.pdb	0	12.771	33.647
complex.1072.pdb	0.0392157	8.048	18.097
complex.1073.pdb	0	8.617	19.633
complex.1074.pdb	0.0980392	5.816	18.089
complex.1075.pdb	0.0196078	7.261	25.063
complex.1076.pdb	0	10.087	25.068
complex.1077.pdb	0.0196078	10.790	37.235
complex.1078.pdb	0	12.427	28.421
complex.1079.pdb	0	8.202	19.616
complex.1080.pdb	0.137255	5.419	16.677
complex.1081.pdb	0	9.513	19.054
complex.1082.pdb	0.0784314	9.919	18.070
complex.1083.pdb	0	8.994	15.877
complex.1084.pdb	0.0588235	10.073	37.211
complex.1085.pdb	0	10.908	20.643
complex.1086.pdb	0	9.609	31.843
complex.1087.pdb	0	9.996	21.423
complex.1088.pdb	0	12.149	21.092
complex.1089.pdb	0	8.982	24.819
complex.1090.pdb	0	10.287	25.547
complex.1091.pdb	0	10.812	37.207
complex.1092.pdb	0	15.814	27.664
complex.1093.pdb	0	15.055	31.110
complex.1094.pdb	0	12.740	36.044
complex.1095.pdb	0	10.697	30.582
complex.1096.pdb	0	9.336	28.573
complex.1097.pdb	0.0980392	8.465	34.973
complex.1098.pdb	0	9.158	31.976
complex.1099.pdb	0	12.963	33.478
complex.1100.pdb	0	9.653	25.054
complex.1101.pdb	0	10.617	19.508
complex.1102.pdb	0	14.056	35.636
complex.1103.pdb	0	13.748	43.186
complex.1104.pdb	0	9.050	26.230
complex.1105.pdb	0.254902	3.241	10.340
complex.1106.pdb	0.0784314	9.861	22.272
complex.1107.pdb	0	11.499	21.067
complex.1108.pdb	0	10.421	24.133
complex.1109.pdb	0.0980392	7.504	13.575
complex.1110.pdb	0	14.669	26.324
complex.1111.pdb	0	14.849	27.536
complex.1112.pdb	0	11.249	34.841
complex.1113.pdb	0	13.264	37.392
complex.1114.pdb	0	13.432	24.784
complex.1115.pdb	0.0196078	8.801	35.851
complex.1116.pdb	0	8.733	20.811
complex.1117.pdb	0	10.184	23.232
complex.1118.pdb	0.0980392	6.829	12.431
complex.1119.pdb	0.0784314	9.392	22.064
complex.1120.pdb	0.117647	13.405	25.846
complex.1121.pdb	0.0588235	11.788	22.541
complex.1122.pdb	0.0392157	11.887	20.878
complex.1123.pdb	0	8.888	18.399
complex.1124.pdb	0	15.750	25.065
complex.1125.pdb	0.0196078	7.588	22.795
complex.1126.pdb	0.0588235	9.299	22.285
complex.1127.pdb	0	13.685	22.800
complex.1128.pdb	0.0196078	10.792	21.906
complex.1129.pdb	0	9.365	23.603
complex.1130.pdb	0	9.950	23.692
complex.1131.pdb	0	13.310	24.147
complex.1132.pdb	0	13.328	38.165
complex.1133.pdb	0	13.930	25.084
complex.1134.pdb	0	10.575	33.386
complex.1135.pdb	0	13.377	23.512
complex.1136.pdb	0	8.848	14.277
complex.1137.pdb	0	12.105	23.210
complex.1138.pdb	0	9.062	25.682
complex.1139.pdb	0	14.582	24.997
complex.1140.pdb	0.0784314	10.730	23.318
complex.1141.pdb	0.196078	4.990	16.759
complex.1142.pdb	0	10.089	27.569
complex.1143.pdb	0	12.638	34.170
complex.1144.pdb	0.0392157	7.688	15.412
complex.1145.pdb	0	9.934	20.414
complex.1146.pdb	0	10.726	18.628
complex.1147.pdb	0.0392157	9.470	16.195
complex.1148.pdb	0.0392157	8.129	17.859
complex.1149.pdb	0	13.997	46.789
complex.1150.pdb	0	13.007	24.297
complex.1151.pdb	0.0196078	7.714	15.185
complex.1152.pdb	0	8.594	12.922
complex.1153.pdb	0	9.407	28.351
complex.1154.pdb	0	9.773	31.909
complex.1155.pdb	0.0392157	12.382	26.013
complex.1156.pdb	0	12.552	21.939
complex.1157.pdb	0	12.358	24.758
complex.1158.pdb	0	10.306	20.068
complex.1159.pdb	0.0196078	8.155	13.811
complex.1160.pdb	0.0196078	9.377	17.303
complex.1161.pdb	0.0392157	11.774	19.387
complex.1162.pdb	0.0392157	8.703	16.179
complex.1163.pdb	0	13.249	22.461
complex.1164.pdb	0.0980392	12.477	22.824
complex.1165.pdb	0.0196078	12.163	23.751
complex.1166.pdb	0	15.339	25.195
complex.1167.pdb	0.0588235	12.410	28.825
complex.1168.pdb	0	9.340	23.409
complex.1169.pdb	0	11.377	20.822
complex.1170.pdb	0.0588235	11.398	21.758
complex.1171.pdb	0	12.243	21.972
complex.1172.pdb	0	11.334	19.717
complex.1173.pdb	0.0196078	11.156	19.125
complex.1174.pdb	0.0196078	8.401	31.715
complex.1175.pdb	0.0196078	13.040	25.070
complex.1176.pdb	0	11.391	31.908
complex.1177.pdb	0.0980392	6.461	18.956
complex.1178.pdb	0	14.094	44.731
complex.1179.pdb	0	11.363	22.237
complex.1180.pdb	0	13.503	24.703
complex.1181.pdb	0	12.724	23.245
complex.1182.pdb	0	11.985	32.894
complex.1183.pdb	0	14.287	27.203
complex.1184.pdb	0	15.861	26.032
complex.1185.pdb	0	14.251	24.474
complex.1186.pdb	0	10.595	29.192
complex.1187.pdb	0	14.609	24.735
complex.1188.pdb	0.0392157	11.361	26.023
complex.1189.pdb	0.0196078	13.486	23.062
complex.1190.pdb	0	8.635	24.376
complex.1191.pdb	0	14.257	25.163
complex.1192.pdb	0	13.346	34.042
complex.1193.pdb	0	12.508	36.873
complex.1194.pdb	0	8.385	14.094
complex.1195.pdb	0	13.607	41.356
complex.1196.pdb	0	13.829	43.271
complex.1197.pdb	0	13.256	21.614
complex.1198.pdb	0	11.903	23.461
complex.1199.pdb	0	11.597	21.247
complex.1200.pdb	0	13.544	44.696
complex.1201.pdb	0	13.092	25.001
complex.1202.pdb	0.0392157	11.761	24.954
complex.1203.pdb	0.235294	5.339	16.140
complex.1204.pdb	0	14.066	24.222
complex.1205.pdb	0	14.356	24.766
complex.1206.pdb	0	11.772	25.877
complex.1207.pdb	0	9.599	19.343
complex.1208.pdb	0.0196078	10.837	22.716
complex.1209.pdb	0.0392157	11.102	19.895
complex.1210.pdb	0.0784314	8.712	18.587
complex.1211.pdb	0.0392157	7.982	23.779
complex.1212.pdb	0.137255	12.861	25.893
complex.1213.pdb	0	8.837	34.206
complex.1214.pdb	0.0784314	11.118	19.716
complex.1215.pdb	0	12.007	37.575
complex.1216.pdb	0.0196078	11.675	20.551
complex.1217.pdb	0	15.225	24.750
complex.1218.pdb	0	9.920	37.634
complex.1219.pdb	0	12.637	32.276
complex.1220.pdb	0.0392157	9.502	29.233
complex.1221.pdb	0.0196078	9.596	20.498
complex.1222.pdb	0	9.475	30.633
complex.1223.pdb	0.0588235	9.835	35.144
complex.1224.pdb	0	9.005	36.361
complex.1225.pdb	0	12.692	22.679
complex.1226.pdb	0.0588235	8.273	15.821
complex.1227.pdb	0	11.236	20.032
complex.1228.pdb	0	10.816	32.745
complex.1229.pdb	0	9.980	27.280
complex.1230.pdb	0	8.577	13.745
complex.1231.pdb	0.0588235	13.277	26.157
complex.1232.pdb	0	15.262	24.314
complex.1233.pdb	0.0392157	9.769	18.494
complex.1234.pdb	0.0980392	4.865	14.623
complex.1235.pdb	0	10.339	30.678
complex.1236.pdb	0	13.580	42.245
complex.1237.pdb	0	9.427	37.943
complex.1238.pdb	0.0392157	9.334	17.131
complex.1239.pdb	0	9.725	22.719
complex.1240.pdb	0	12.614	38.865
complex.1241.pdb	0.0980392	10.112	21.954
complex.1242.pdb	0.0588235	11.798	21.905
complex.1243.pdb	0.0588235	10.497	18.755
complex.1244.pdb	0	13.518	23.138
complex.1245.pdb	0	13.987	23.540
complex.1246.pdb	0.0392157	11.953	26.240
complex.1247.pdb	0	11.176	25.934
complex.1248.pdb	0.196078	5.595	18.661
complex.1249.pdb	0.0196078	9.417	16.857
complex.1250.pdb	0	9.609	14.702
complex.1251.pdb	0.117647	11.814	23.584
complex.1252.pdb	0	11.587	20.680
complex.1253.pdb	0	12.591	24.002
complex.1254.pdb	0.0196078	13.190	23.533
complex.1255.pdb	0	12.114	20.918
complex.1256.pdb	0	16.470	27.647
complex.1257.pdb	0	9.446	19.362
complex.1258.pdb	0	12.991	24.210
complex.1259.pdb	0	10.308	28.834
complex.1260.pdb	0	9.477	24.884
complex.1261.pdb	0	9.346	24.017
complex.1262.pdb	0	11.142	38.824
complex.1263.pdb	0	9.195	15.757
complex.1264.pdb	0	13.504	21.872
complex.1265.pdb	0	15.264	24.052
complex.1266.pdb	0.0196078	12.193	20.505
complex.1267.pdb	0.0588235	10.825	25.939
complex.1268.pdb	0	13.216	37.241
complex.1269.pdb	0	10.176	37.477
complex.1270.pdb	0	8.966	27.022
complex.1271.pdb	0	8.493	13.932
complex.1272.pdb	0	8.515	30.539
complex.1273.pdb	0	11.493	20.610
complex.1274.pdb	0	11.596	32.524
complex.1275.pdb	0	10.607	21.806
complex.1276.pdb	0	11.375	32.122
complex.1277.pdb	0.0196078	6.675	20.716
complex.1278.pdb	0	12.093	31.372
complex.1279.pdb	0	11.014	17.844
complex.1280.pdb	0.0980392	10.519	24.867
complex.1281.pdb	0	13.197	28.326
complex.1282.pdb	0	11.106	34.537
complex.1283.pdb	0	6.302	11.835
complex.1284.pdb	0	12.230	25.724
complex.1285.pdb	0	14.453	25.529
complex.1286.pdb	0	10.392	23.599
complex.1287.pdb	0	13.978	24.886
complex.1288.pdb	0	9.282	37.243
complex.1289.pdb	0	11.616	36.902
complex.1290.pdb	0	12.924	28.971
complex.1291.pdb	0	13.974	45.883
complex.1292.pdb	0	15.253	24.107
complex.1293.pdb	0	8.113	21.376
complex.1294.pdb	0.0392157	11.346	24.094
complex.1295.pdb	0.156863	12.350	24.520
complex.1296.pdb	0	12.438	36.226
complex.1297.pdb	0.0392157	9.117	20.500
complex.1298.pdb	0.0392157	9.614	22.097
complex.1299.pdb	0.0392157	11.866	24.275
complex.1300.pdb	0.0196078	9.220	18.766
complex.1301.pdb	0	9.386	37.638
complex.1302.pdb	0	14.312	25.454
complex.1303.pdb	0	9.762	21.885
complex.1304.pdb	0	15.546	26.389
complex.1305.pdb	0	14.378	25.563
complex.1306.pdb	0	10.849	20.842
complex.1307.pdb	0.0980392	8.122	19.989
complex.1308.pdb	0.0392157	11.721	22.705
complex.1309.pdb	0	9.418	22.422
complex.1310.pdb	0	11.290	28.322
complex.1311.pdb	0	10.205	17.944
complex.1312.pdb	0	14.933	23.319
complex.1313.pdb	0.0980392	12.257	26.972
complex.1314.pdb	0	12.469	22.171
complex.1315.pdb	0	11.593	36.735
complex.1316.pdb	0	14.113	22.533
complex.1317.pdb	0	11.521	39.046
complex.1318.pdb	0	9.303	29.350
complex.1319.pdb	0	12.835	28.032
complex.1320.pdb	0.0588235	12.392	31.145
complex.1321.pdb	0	10.947	39.531
complex.1322.pdb	0	13.528	24.403
complex.1323.pdb	0	13.354	22.181
complex.1324.pdb	0	13.761	23.915
complex.1325.pdb	0	10.307	29.418
complex.1326.pdb	0	10.155	34.717
complex.1327.pdb	0	11.606	23.519
complex.1328.pdb	0	9.048	18.353
complex.1329.pdb	0	14.862	26.698
complex.1330.pdb	0	13.593	23.995
complex.1331.pdb	0	11.607	21.872
complex.1332.pdb	0.0392157	9.471	23.889
complex.1333.pdb	0	12.290	23.190
complex.1334.pdb	0	9.056	14.391
complex.1335.pdb	0	12.119	21.289
complex.1336.pdb	0	9.368	19.229
complex.1337.pdb	0	12.218	36.817
complex.1338.pdb	0.0588235	9.523	18.505
complex.1339.pdb	0	14.268	24.343
complex.1340.pdb	0.0784314	12.357	27.218
complex.1341.pdb	0.0784314	8.743	19.394
complex.1342.pdb	0	10.851	21.528
complex.1343.pdb	0.0980392	9.631	23.966
complex.1344.pdb	0	9.114	18.815
complex.1345.pdb	0.0196078	10.439	26.477
complex.1346.pdb	0	10.734	19.147
complex.1347.pdb	0	11.653	33.687
complex.1348.pdb	0	15.441	24.600
complex.1349.pdb	0	15.362	25.460
complex.1350.pdb	0.0196078	9.264	25.113
complex.1351.pdb	0.0980392	7.948	17.559
complex.1352.pdb	0	13.699	39.514
complex.1353.pdb	0.0196078	10.779	23.024
complex.1354.pdb	0	15.427	25.380
complex.1355.pdb	0.0392157	10.597	20.156
complex.1356.pdb	0.0196078	10.305	17.568
complex.1357.pdb	0	8.319	31.614
complex.1358.pdb	0	9.310	16.217
complex.1359.pdb	0	9.827	23.239
complex.1360.pdb	0	15.384	25.493
complex.1361.pdb	0.0588235	10.712	19.501
complex.1362.pdb	0.0784314	10.590	24.656
complex.1363.pdb	0	13.649	27.905
complex.1364.pdb	0	10.446	16.319
complex.1365.pdb	0.117647	8.373	21.504
complex.1366.pdb	0.0980392	9.563	24.624
complex.1367.pdb	0	10.401	28.149
complex.1368.pdb	0.0196078	11.361	21.178
complex.1369.pdb	0	14.618	26.453
complex.1370.pdb	0	11.124	22.630
complex.1371.pdb	0	11.552	21.732
complex.1372.pdb	0	12.081	30.800
complex.1373.pdb	0	9.095	16.319
complex.1374.pdb	0.0980392	10.177	25.103
complex.1375.pdb	0	11.437	20.357
complex.1376.pdb	0	11.738	21.870
complex.1377.pdb	0	14.248	24.867
complex.1378.pdb	0	15.332	24.509
complex.1379.pdb	0	12.799	35.529
complex.1380.pdb	0	11.963	20.700
complex.1381.pdb	0.0392157	11.076	18.155
complex.1382.pdb	0.0784314	12.197	26.324
complex.1383.pdb	0.0392157	15.241	27.481
complex.1384.pdb	0.0392157	10.263	21.184
complex.1385.pdb	0	13.770	40.730
complex.1386.pdb	0	10.902	33.251
complex.1387.pdb	0.0588235	11.801	30.115
complex.1388.pdb	0.0392157	14.133	23.361
complex.1389.pdb	0.0392157	10.882	18.963
complex.1390.pdb	0.0196078	12.116	31.980
complex.1391.pdb	0	16.771	27.493
complex.1392.pdb	0	12.532	26.301
complex.1393.pdb	0	13.290	23.847
complex.1394.pdb	0.0588235	7.300	26.122
complex.1395.pdb	0	12.603	22.326
complex.1396.pdb	0	15.285	26.055
complex.1397.pdb	0	13.701	22.254
complex.1398.pdb	0.0588235	7.957	16.965
complex.1399.pdb	0.0196078	15.510	25.475
complex.1400.pdb	0.0784314	7.802	33.390
complex.1401.pdb	0	9.731	20.885
complex.1402.pdb	0.137255	6.623	14.591
complex.1403.pdb	0	13.591	23.370
complex.1404.pdb	0	13.352	23.107
complex.1405.pdb	0	9.073	21.547
complex.1406.pdb	0.0196078	13.011	21.715
complex.1407.pdb	0	8.807	19.460
complex.1408.pdb	0.0392157	11.798	32.779
complex.1409.pdb	0.0588235	7.531	17.693
complex.1410.pdb	0.0392157	12.383	26.115
complex.1411.pdb	0.0392157	8.722	22.946
complex.1412.pdb	0.0980392	6.751	14.902
complex.1413.pdb	0	9.048	27.590
complex.1414.pdb	0	8.164	15.011
complex.1415.pdb	0.0784314	9.144	23.413
complex.1416.pdb	0.0588235	10.650	17.408
complex.1417.pdb	0	11.022	18.510
complex.1418.pdb	0	14.814	24.113
complex.1419.pdb	0	14.322	24.391
complex.1420.pdb	0.0392157	8.011	14.384
complex.1421.pdb	0	9.527	20.531
complex.1422.pdb	0	10.528	26.131
complex.1423.pdb	0.0588235	8.769	24.953
complex.1424.pdb	0	16.717	29.829
complex.1425.pdb	0	11.590	18.828
complex.1426.pdb	0	9.644	26.764
complex.1427.pdb	0	14.155	22.852
complex.1428.pdb	0.0392157	11.230	23.859
complex.1429.pdb	0	9.913	34.822
complex.1430.pdb	0	15.666	25.751
complex.1431.pdb	0.156863	5.804	15.006
complex.1432.pdb	0	11.992	21.873
complex.1433.pdb	0	11.323	36.197
complex.1434.pdb	0.0392157	11.128	19.790
complex.1435.pdb	0	11.005	28.496
complex.1436.pdb	0.0784314	9.419	22.298
complex.1437.pdb	0	11.643	20.155
complex.1438.pdb	0.0980392	9.003	19.841
complex.1439.pdb	0	13.174	42.751
complex.1440.pdb	0	9.201	24.768
complex.1441.pdb	0	14.559	23.368
complex.1442.pdb	0.0392157	12.628	27.631
complex.1443.pdb	0.176471	7.378	15.607
complex.1444.pdb	0.137255	13.098	24.820
complex.1445.pdb	0.156863	13.545	24.376
complex.1446.pdb	0	14.235	27.426
complex.1447.pdb	0	9.184	16.281
complex.1448.pdb	0	12.523	38.456
complex.1449.pdb	0.0588235	7.547	17.027
complex.1450.pdb	0	11.825	26.479
complex.1451.pdb	0	9.433	29.940
complex.1452.pdb	0	9.122	26.176
complex.1453.pdb	0	8.519	33.366
complex.1454.pdb	0	8.103	27.567
complex.1455.pdb	0.0588235	8.631	21.271
complex.1456.pdb	0	13.568	25.196
complex.1457.pdb	0	13.951	39.675
complex.1458.pdb	0	14.583	24.886
complex.1459.pdb	0	15.347	26.039
complex.1460.pdb	0.196078	5.762	22.847
complex.1461.pdb	0	11.310	24.289
complex.1462.pdb	0	13.950	24.693
complex.1463.pdb	0	11.884	19.943
complex.1464.pdb	0	13.719	25.948
complex.1465.pdb	0	9.152	16.440
complex.1466.pdb	0.0784314	12.882	24.450
complex.1467.pdb	0	11.592	31.361
complex.1468.pdb	0	11.996	26.112
complex.1469.pdb	0	13.595	42.576
complex.1470.pdb	0	10.745	19.404
complex.1471.pdb	0	10.146	23.560
complex.1472.pdb	0	14.959	24.690
complex.1473.pdb	0	15.226	25.077
complex.1474.pdb	0.0980392	8.718	24.917
complex.1475.pdb	0	8.939	21.055
complex.1476.pdb	0	13.300	40.671
complex.1477.pdb	0	13.880	26.146
complex.1478.pdb	0	14.321	25.829
complex.1479.pdb	0	10.423	25.120
complex.1480.pdb	0	15.201	23.823
complex.1481.pdb	0	12.990	39.040
complex.1482.pdb	0.0196078	12.856	23.476
complex.1483.pdb	0	9.402	24.600
complex.1484.pdb	0	12.514	33.753
complex.1485.pdb	0.0980392	6.189	14.104
complex.1486.pdb	0	11.833	32.829
complex.1487.pdb	0	9.833	25.067
complex.1488.pdb	0	15.549	24.558
complex.1489.pdb	0.0784314	8.772	20.574
complex.1490.pdb	0	14.399	25.858
complex.1491.pdb	0	11.543	34.484
complex.1492.pdb	0	13.818	24.226
complex.1493.pdb	0	13.620	24.495
complex.1494.pdb	0.176471	4.609	14.049
complex.1495.pdb	0	9.223	27.191
complex.1496.pdb	0	10.846	21.144
complex.1497.pdb	0.0196078	8.431	14.535
complex.1498.pdb	0.0588235	8.830	20.241
complex.1499.pdb	0	10.704	27.555
complex.1500.pdb	0	13.846	35.972
complex.1501.pdb	0	10.982	34.957
complex.1502.pdb	0	14.307	24.856
complex.1503.pdb	0	12.160	32.454
complex.1504.pdb	0.137255	4.719	10.845
complex.1505.pdb	0	10.591	24.773
complex.1506.pdb	0	8.407	17.333
complex.1507.pdb	0.0588235	7.834	32.426
complex.1508.pdb	0	14.256	22.257
complex.1509.pdb	0	15.582	25.657
complex.1510.pdb	0.0196078	9.195	15.870
complex.1511.pdb	0	14.779	25.174
complex.1512.pdb	0	12.373	40.385
complex.1513.pdb	0	15.453	24.108
complex.1514.pdb	0	15.731	29.455
complex.1515.pdb	0.0784314	6.710	19.368
complex.1516.pdb	0.0196078	9.561	38.697
complex.1517.pdb	0	13.829	44.669
complex.1518.pdb	0	15.306	24.068
complex.1519.pdb	0	11.591	31.473
complex.1520.pdb	0.0196078	8.189	18.548
complex.1521.pdb	0.0196078	9.179	20.114
complex.1522.pdb	0	14.081	23.272
complex.1523.pdb	0	13.333	23.949
complex.1524.pdb	0	14.587	25.073
complex.1525.pdb	0	12.257	34.295
complex.1526.pdb	0	9.281	21.904
complex.1527.pdb	0.0196078	9.537	21.403
complex.1528.pdb	0.0196078	8.394	28.085
complex.1529.pdb	0.0784314	10.800	20.598
complex.1530.pdb	0	11.501	20.950
complex.1531.pdb	0	11.150	40.856
complex.1532.pdb	0	14.067	26.027
complex.1533.pdb	0.529412	2.662	9.221
complex.1534.pdb	0.0588235	9.175	22.061
complex.1535.pdb	0	9.266	18.367
complex.1536.pdb	0	10.038	20.449
complex.1537.pdb	0	15.030	23.965
complex.1538.pdb	0	15.051	25.153
complex.1539.pdb	0.0196078	11.501	20.618
complex.1540.pdb	0	15.102	25.934
complex.1541.pdb	0.0196078	11.734	26.306
complex.1542.pdb	0.0196078	11.342	24.824
complex.1543.pdb	0	12.849	22.007
complex.1544.pdb	0	10.350	20.416
complex.1545.pdb	0.0392157	13.332	24.392
complex.1546.pdb	0.0392157	6.310	17.796
complex.1547.pdb	0	14.292	23.331
complex.1548.pdb	0.0196078	8.535	23.395
complex.1549.pdb	0	13.906	26.261
complex.1550.pdb	0.117647	7.589	20.929
complex.1551.pdb	0	12.863	25.987
complex.1552.pdb	0	12.116	25.604
complex.1553.pdb	0.0588235	8.751	15.727
complex.1554.pdb	0	9.474	32.066
complex.1555.pdb	0	9.568	22.492
complex.1556.pdb	0	9.433	20.105
complex.1557.pdb	0	10.902	23.080
complex.1558.pdb	0	10.221	22.278
complex.1559.pdb	0	12.919	21.141
complex.1560.pdb	0	11.907	28.727
complex.1561.pdb	0	13.533	21.802
complex.1562.pdb	0.0588235	8.417	17.876
complex.1563.pdb	0	8.533	24.271
complex.1564.pdb	0	9.038	32.383
complex.1565.pdb	0	11.826	24.762
complex.1566.pdb	0	9.410	20.410
complex.1567.pdb	0	15.005	24.631
complex.1568.pdb	0	11.969	36.947
complex.1569.pdb	0	11.841	25.030
complex.1570.pdb	0.0196078	11.380	21.289
complex.1571.pdb	0	12.029	23.799
complex.1572.pdb	0	13.644	23.240
complex.1573.pdb	0	13.661	42.988
complex.1574.pdb	0	13.918	24.703
complex.1575.pdb	0	13.295	45.609
complex.1576.pdb	0	10.789	32.540
complex.1577.pdb	0.0588235	12.577	22.190
complex.1578.pdb	0	12.915	35.799
complex.1579.pdb	0	12.905	38.637
complex.1580.pdb	0	11.250	35.716
complex.1581.pdb	0.137255	11.681	23.270
complex.1582.pdb	0	14.478	23.720
complex.1583.pdb	0.0588235	10.502	18.578
complex.1584.pdb	0.0196078	8.868	30.588
complex.1585.pdb	0.470588	3.098	10.273
complex.1586.pdb	0	14.704	29.668
complex.1587.pdb	0.0392157	5.714	10.696
complex.1588.pdb	0	12.378	38.321
complex.1589.pdb	0	10.747	19.102
complex.1590.pdb	0.0980392	9.210	25.459
complex.1591.pdb	0.0196078	11.734	20.208
complex.1592.pdb	0	14.139	25.329
complex.1593.pdb	0.0392157	9.084	26.921
complex.1594.pdb	0.0588235	7.604	31.278
complex.1595.pdb	0	12.631	24.897
complex.1596.pdb	0	15.471	24.409
complex.1597.pdb	0	7.500	20.545
complex.1598.pdb	0	11.216	19.622
complex.1599.pdb	0	12.355	23.185
complex.1600.pdb	0	14.373	26.049
complex.1601.pdb	0	10.199	16.935
complex.1602.pdb	0	12.256	27.045
complex.1603.pdb	0	14.405	23.482
complex.1604.pdb	0	8.146	15.388
complex.1605.pdb	0	11.104	28.078
complex.1606.pdb	0.0784314	8.509	35.826
complex.1607.pdb	0	9.468	21.352
complex.1608.pdb	0	13.057	22.659
complex.1609.pdb	0	11.060	33.380
complex.1610.pdb	0	13.874	23.318
complex.1611.pdb	0	14.039	23.009
complex.1612.pdb	0	12.484	36.481
complex.1613.pdb	0	9.065	33.779
complex.1614.pdb	0.0588235	8.313	23.746
complex.1615.pdb	0	9.079	15.149
complex.1616.pdb	0.0588235	9.397	17.263
complex.1617.pdb	0.0392157	8.842	20.357
complex.1618.pdb	0	13.898	22.940
complex.1619.pdb	0	14.464	23.979
complex.1620.pdb	0	9.619	18.050
complex.1621.pdb	0.0980392	5.408	14.426
complex.1622.pdb	0	11.873	21.169
complex.1623.pdb	0	16.278	28.288
complex.1624.pdb	0	15.485	24.408
complex.1625.pdb	0	12.775	33.940
complex.1626.pdb	0.0392157	12.232	27.007
complex.1627.pdb	0	14.609	29.038
complex.1628.pdb	0.0392157	11.015	21.100
complex.1629.pdb	0	12.466	41.407
complex.1630.pdb	0.0392157	10.639	20.892
complex.1631.pdb	0.0784314	12.090	24.543
complex.1632.pdb	0	14.735	25.387
complex.1633.pdb	0.0980392	9.597	21.750
complex.1634.pdb	0	12.508	36.745
complex.1635.pdb	0	9.961	38.517
complex.1636.pdb	0	8.341	30.315
complex.1637.pdb	0	12.331	21.929
complex.1638.pdb	0	12.454	23.896
complex.1639.pdb	0	10.709	28.736
complex.1640.pdb	0	13.827	26.032
complex.1641.pdb	0	12.520	38.269
complex.1642.pdb	0	9.519	18.707
complex.1643.pdb	0	7.908	20.540
complex.1644.pdb	0.137255	6.539	18.823
complex.1645.pdb	0	15.735	26.412
complex.1646.pdb	0.0980392	8.088	33.515
complex.1647.pdb	0.0196078	8.160	28.271
complex.1648.pdb	0	12.641	39.837
complex.1649.pdb	0.0784314	13.344	26.466
complex.1650.pdb	0	14.100	25.128
complex.1651.pdb	0	10.720	25.747
complex.1652.pdb	0	12.369	21.994
complex.1653.pdb	0	10.505	22.920
complex.1654.pdb	0	12.813	23.683
complex.1655.pdb	0.0196078	12.938	25.048
complex.1656.pdb	0	13.792	22.999
complex.1657.pdb	0.0196078	9.090	24.616
complex.1658.pdb	0	14.148	23.256
complex.1659.pdb	0.0196078	11.598	29.149
complex.1660.pdb	0.0196078	8.288	18.657
complex.1661.pdb	0	12.825	22.528
complex.1662.pdb	0	10.317	29.214
complex.1663.pdb	0.0588235	8.381	16.439
complex.1664.pdb	0	13.650	23.339
complex.1665.pdb	0	14.961	25.011
complex.1666.pdb	0	12.932	25.909
complex.1667.pdb	0	15.553	26.206
complex.1668.pdb	0.0392157	9.835	26.132
complex.1669.pdb	0.0196078	11.230	22.122
complex.1670.pdb	0.117647	4.739	11.709
complex.1671.pdb	0	15.238	25.491
complex.1672.pdb	0.156863	13.828	24.350
complex.1673.pdb	0	12.971	22.261
complex.1674.pdb	0.0392157	11.347	24.539
complex.1675.pdb	0	8.844	23.815
complex.1676.pdb	0	15.237	25.670
complex.1677.pdb	0	15.103	23.717
complex.1678.pdb	0	14.454	23.696
complex.1679.pdb	0	14.002	25.062
complex.1680.pdb	0	8.909	22.525
complex.1681.pdb	0	12.475	24.164
complex.1682.pdb	0.0588235	11.522	28.431
complex.1683.pdb	0	14.025	24.515
complex.1684.pdb	0	8.737	16.042
complex.1685.pdb	0.0196078	10.259	20.742
complex.1686.pdb	0	8.497	28.061
complex.1687.pdb	0	14.883	24.898
complex.1688.pdb	0.0392157	9.595	36.366
complex.1689.pdb	0	14.259	24.580
complex.1690.pdb	0	10.059	22.000
complex.1691.pdb	0	9.020	28.307
complex.1692.pdb	0	8.445	30.451
complex.1693.pdb	0	15.446	24.273
complex.1694.pdb	0	10.897	19.089
complex.1695.pdb	0.0980392	10.045	20.045
complex.1696.pdb	0.0980392	13.578	24.503
complex.1697.pdb	0	14.730	23.840
complex.1698.pdb	0	11.677	25.001
complex.1699.pdb	0	13.748	40.986
complex.1700.pdb	0.0980392	13.407	23.550
complex.1701.pdb	0	13.810	45.389
complex.1702.pdb	0	8.780	18.866
complex.1703.pdb	0.0196078	7.335	19.370
complex.1704.pdb	0	10.971	24.025
complex.1705.pdb	0	8.252	22.863
complex.1706.pdb	0.176471	7.744	16.453
complex.1707.pdb	0	9.334	23.763
complex.1708.pdb	0	10.530	18.813
complex.1709.pdb	0	14.026	43.052
complex.1710.pdb	0.0588235	6.581	12.002
complex.1711.pdb	0	10.282	28.607
complex.1712.pdb	0.0588235	9.139	33.336
complex.1713.pdb	0	13.858	23.953
complex.1714.pdb	0	13.311	23.198
complex.1715.pdb	0	11.181	23.959
complex.1716.pdb	0	10.976	19.572
complex.1717.pdb	0	9.182	14.770
complex.1718.pdb	0	8.686	24.039
complex.1719.pdb	0.0392157	11.424	21.166
complex.1720.pdb	0	16.424	28.703
complex.1721.pdb	0.0392157	10.099	16.634
complex.1722.pdb	0.0392157	10.431	19.970
complex.1723.pdb	0	14.267	24.279
complex.1724.pdb	0.0588235	10.648	35.908
complex.1725.pdb	0.0196078	10.366	21.007
complex.1726.pdb	0	11.403	18.875
complex.1727.pdb	0	5.871	10.384
complex.1728.pdb	0	11.243	26.876
complex.1729.pdb	0	10.090	30.652
complex.1730.pdb	0	10.602	32.441
complex.1731.pdb	0	13.702	44.627
complex.1732.pdb	0	14.368	26.019
complex.1733.pdb	0	10.950	21.025
complex.1734.pdb	0.0196078	15.151	26.893
complex.1735.pdb	0	14.642	23.303
complex.1736.pdb	0	13.709	39.859
complex.1737.pdb	0.0392157	7.321	13.880
complex.1738.pdb	0	8.830	34.308
complex.1739.pdb	0	15.677	26.459
complex.1740.pdb	0	15.009	23.773
complex.1741.pdb	0.0588235	10.477	33.878
complex.1742.pdb	0.0784314	9.742	19.708
complex.1743.pdb	0	12.988	23.273
complex.1744.pdb	0.0784314	11.421	22.770
complex.1745.pdb	0.0196078	9.428	35.996
complex.1746.pdb	0	10.346	29.138
complex.1747.pdb	0	10.410	18.453
complex.1748.pdb	0	14.982	23.939
complex.1749.pdb	0.0588235	10.920	18.326
complex.1750.pdb	0	14.889	25.652
complex.1751.pdb	0	10.288	20.595
complex.1752.pdb	0.0588235	10.393	24.960
complex.1753.pdb	0	14.410	26.290
complex.1754.pdb	0	14.702	23.473
complex.1755.pdb	0	8.591	18.520
complex.1756.pdb	0	16.317	27.194
complex.1757.pdb	0	14.008	22.767
complex.1758.pdb	0.0196078	9.245	19.544
complex.1759.pdb	0.117647	12.886	23.109
complex.1760.pdb	0.0392157	12.462	28.341
complex.1761.pdb	0.176471	6.145	11.890
complex.1762.pdb	0.0980392	9.527	28.763
complex.1763.pdb	0	14.295	26.710
complex.1764.pdb	0.137255	11.483	23.823
complex.1765.pdb	0	10.280	37.480
complex.1766.pdb	0	15.375	25.177
complex.1767.pdb	0	12.831	34.316
complex.1768.pdb	0	13.466	40.632
complex.1769.pdb	0	12.433	30.999
complex.1770.pdb	0	15.389	25.100
complex.1771.pdb	0	12.620	34.834
complex.1772.pdb	0.0392157	10.955	23.860
complex.1773.pdb	0	9.596	23.916
complex.1774.pdb	0.137255	11.298	21.487
complex.1775.pdb	0.0588235	9.297	18.714
complex.1776.pdb	0.0392157	11.922	27.141
complex.1777.pdb	0.0196078	7.729	28.494
complex.1778.pdb	0	14.681	30.119
complex.1779.pdb	0	14.359	44.830
complex.1780.pdb	0	11.765	22.147
complex.1781.pdb	0	9.786	18.651
complex.1782.pdb	0.0196078	12.429	27.407
complex.1783.pdb	0	9.642	35.856
complex.1784.pdb	0	12.802	40.661
complex.1785.pdb	0	7.444	20.544
complex.1786.pdb	0	14.786	23.891
complex.1787.pdb	0	9.263	18.548
complex.1788.pdb	0.0784314	7.039	25.411
complex.1789.pdb	0	12.063	21.841
complex.1790.pdb	0	8.842	20.574
complex.1791.pdb	0.0392157	12.006	27.036
complex.1792.pdb	0.0392157	11.747	22.476
complex.1793.pdb	0	9.857	34.217
complex.1794.pdb	0.0392157	10.401	24.433
complex.1795.pdb	0	10.804	23.940
complex.1796.pdb	0	11.886	22.078
complex.1797.pdb	0	14.778	24.789
complex.1798.pdb	0	14.293	24.609
complex.1799.pdb	0	10.081	20.630
complex.1800.pdb	0	12.700	22.425
complex.1801.pdb	0.0980392	10.932	29.192
complex.1802.pdb	0.254902	5.171	18.916
complex.1803.pdb	0.0196078	7.284	25.163
complex.1804.pdb	0	10.476	20.937
complex.1805.pdb	0	12.295	22.511
complex.1806.pdb	0	10.619	32.166
complex.1807.pdb	0	11.980	25.202
complex.1808.pdb	0	9.514	31.462
complex.1809.pdb	0.0196078	9.965	18.316
complex.1810.pdb	0.117647	6.706	29.732
complex.1811.pdb	0	12.273	21.050
complex.1812.pdb	0	13.366	38.261
complex.1813.pdb	0	13.653	23.407
complex.1814.pdb	0	6.354	12.327
complex.1815.pdb	0	8.496	15.434
complex.1816.pdb	0.0196078	11.886	22.201
complex.1817.pdb	0	12.046	22.010
complex.1818.pdb	0	9.579	21.009
complex.1819.pdb	0	13.996	24.096
complex.1820.pdb	0	11.602	19.817
complex.1821.pdb	0.0196078	6.265	13.308
complex.1822.pdb	0.0392157	10.106	18.023
complex.1823.pdb	0.0588235	10.671	19.981
complex.1824.pdb	0	14.630	23.603
complex.1825.pdb	0	12.702	22.017
complex.1826.pdb	0.0392157	9.885	22.620
complex.1827.pdb	0	13.495	25.587
complex.1828.pdb	0	13.293	25.122
complex.1829.pdb	0	9.822	27.194
complex.1830.pdb	0	12.875	22.951
complex.1831.pdb	0.0196078	12.793	24.525
complex.1832.pdb	0	14.241	23.133
complex.1833.pdb	0.0588235	11.017	23.809
complex.1834.pdb	0	12.466	22.125
complex.1835.pdb	0.0196078	9.910	27.492
complex.1836.pdb	0.0196078	9.657	21.760
complex.1837.pdb	0.0196078	7.001	17.024
complex.1838.pdb	0	9.618	17.665
complex.1839.pdb	0	15.636	26.911
complex.1840.pdb	0	8.980	19.502
complex.1841.pdb	0.0196078	13.224	22.227
complex.1842.pdb	0	10.845	20.434
complex.1843.pdb	0	14.139	25.158
complex.1844.pdb	0.156863	8.781	20.289
complex.1845.pdb	0	11.418	22.383
complex.1846.pdb	0	10.696	36.474
complex.1847.pdb	0	8.558	17.579
complex.1848.pdb	0	14.554	24.705
complex.1849.pdb	0	14.351	27.978
complex.1850.pdb	0	8.848	16.104
complex.1851.pdb	0	15.239	25.163
complex.1852.pdb	0.0588235	11.407	28.426
complex.1853.pdb	0	12.397	30.719
complex.1854.pdb	0	14.411	23.359
complex.1855.pdb	0.0588235	12.201	24.714
complex.1856.pdb	0	14.008	25.432
complex.1857.pdb	0	12.287	38.025
complex.1858.pdb	0.0784314	9.570	18.604
complex.1859.pdb	0.0980392	13.537	25.730
complex.1860.pdb	0.0196078	5.244	9.114
complex.1861.pdb	0	8.648	20.481
complex.1862.pdb	0	14.900	24.854
complex.1863.pdb	0.196078	4.174	8.014
complex.1864.pdb	0	6.250	12.948
complex.1865.pdb	0.0784314	11.166	20.802
complex.1866.pdb	0	11.019	34.666
complex.1867.pdb	0.0196078	10.490	23.491
complex.1868.pdb	0	9.416	27.926
complex.1869.pdb	0	15.145	23.402
complex.1870.pdb	0.0196078	8.444	16.267
complex.1871.pdb	0.0392157	7.737	15.077
complex.1872.pdb	0.0588235	13.187	22.045
complex.1873.pdb	0.0392157	10.496	19.187
complex.1874.pdb	0.0784314	6.905	28.481
complex.1875.pdb	0	14.780	24.957
complex.1876.pdb	0	11.707	37.077
complex.1877.pdb	0.0392157	11.978	21.412
complex.1878.pdb	0	12.245	24.251
complex.1879.pdb	0	11.485	23.071
complex.1880.pdb	0	15.282	23.794
complex.1881.pdb	0.0196078	9.746	19.998
complex.1882.pdb	0	9.667	23.967
complex.1883.pdb	0.0196078	9.962	29.291
complex.1884.pdb	0	10.986	23.780
complex.1885.pdb	0	8.206	28.571
complex.1886.pdb	0.0196078	13.982	25.751
complex.1887.pdb	0	15.725	26.894
complex.1888.pdb	0	13.445	24.177
complex.1889.pdb	0	7.841	22.645
complex.1890.pdb	0	11.710	24.563
complex.1891.pdb	0	10.049	17.511
complex.1892.pdb	0	12.200	26.026
complex.1893.pdb	0	8.818	23.288
complex.1894.pdb	0.0784314	6.497	23.399
complex.1895.pdb	0.137255	10.997	20.246
complex.1896.pdb	0.0980392	10.399	19.618
complex.1897.pdb	0	9.756	18.652
complex.1898.pdb	0.0588235	9.745	19.391
complex.1899.pdb	0	13.822	23.627
complex.1900.pdb	0	11.315	21.135
complex.1901.pdb	0.117647	12.184	21.958
complex.1902.pdb	0.0588235	10.993	22.338
complex.1903.pdb	0	15.444	25.611
complex.1904.pdb	0	14.484	23.339
complex.1905.pdb	0	13.456	25.612
complex.1906.pdb	0	10.645	21.258
complex.1907.pdb	0.0980392	7.391	29.342
complex.1908.pdb	0	8.868	19.350
complex.1909.pdb	0	13.088	23.130
complex.1910.pdb	0	12.283	26.529
complex.1911.pdb	0	14.627	23.992
complex.1912.pdb	0	14.215	25.222
complex.1913.pdb	0.0196078	7.827	20.255
complex.1914.pdb	0	13.918	24.740
complex.1915.pdb	0	17.634	29.066
complex.1916.pdb	0	15.528	25.227
complex.1917.pdb	0	9.463	38.490
complex.1918.pdb	0.117647	6.256	24.195
complex.1919.pdb	0	11.785	27.997
complex.1920.pdb	0	14.684	24.901
complex.1921.pdb	0	10.009	35.663
complex.1922.pdb	0	12.619	38.212
complex.1923.pdb	0	10.265	22.482
complex.1924.pdb	0	9.078	18.208
complex.1925.pdb	0.137255	12.583	28.467
complex.1926.pdb	0.0784314	8.040	21.090
complex.1927.pdb	0	12.219	23.961
complex.1928.pdb	0	14.642	24.534
complex.1929.pdb	0	8.968	19.269
complex.1930.pdb	0	12.487	31.722
complex.1931.pdb	0	13.705	22.462
complex.1932.pdb	0	8.232	21.132
complex.1933.pdb	0.0196078	9.109	28.486
complex.1934.pdb	0.0196078	7.328	11.919
complex.1935.pdb	0	13.672	25.627
complex.1936.pdb	0	9.243	32.866
complex.1937.pdb	0	11.793	26.335
complex.1938.pdb	0	11.595	30.391
complex.1939.pdb	0.0588235	11.541	21.476
complex.1940.pdb	0.0392157	7.574	16.789
complex.1941.pdb	0	14.700	26.449
complex.1942.pdb	0.0588235	5.937	20.176
complex.1943.pdb	0.0392157	11.966	22.048
complex.1944.pdb	0	14.125	28.187
complex.1945.pdb	0	10.069	22.107
complex.1946.pdb	0	13.963	28.292
complex.1947.pdb	0.0588235	13.170	31.897
complex.1948.pdb	0	11.867	21.418
complex.1949.pdb	0	10.130	27.246
complex.1950.pdb	0	11.678	20.874
complex.1951.pdb	0	13.838	24.143
complex.1952.pdb	0	8.573	31.168
complex.1953.pdb	0.0196078	8.486	26.581
complex.1954.pdb	0	8.948	21.975
complex.1955.pdb	0	9.704	33.864
complex.1956.pdb	0	12.863	21.196
complex.1957.pdb	0	11.814	22.234
complex.1958.pdb	0	15.210	26.130
complex.1959.pdb	0.0784314	12.026	27.109
complex.1960.pdb	0	11.871	26.995
complex.1961.pdb	0	9.561	19.486
complex.1962.pdb	0	12.420	24.860
complex.1963.pdb	0	11.889	23.192
complex.1964.pdb	0	10.297	30.835
complex.1965.pdb	0	8.735	34.204
complex.1966.pdb	0.0588235	14.492	25.100
complex.1967.pdb	0	9.630	17.462
complex.1968.pdb	0.176471	7.186	18.664
complex.1969.pdb	0	12.340	21.892
complex.1970.pdb	0	15.175	24.711
complex.1971.pdb	0	10.836	20.652
complex.1972.pdb	0	8.304	31.363
complex.1973.pdb	0	12.843	22.266
complex.1974.pdb	0	14.111	24.168
complex.1975.pdb	0	15.157	24.581
complex.1976.pdb	0.0196078	10.482	19.998
complex.1977.pdb	0.215686	5.403	22.557
complex.1978.pdb	0	9.425	21.043
complex.1979.pdb	0	13.343	38.127
complex.1980.pdb	0.0392157	10.760	26.843
complex.1981.pdb	0.0392157	11.106	21.669
complex.1982.pdb	0	12.496	25.738
complex.1983.pdb	0	9.333	22.436
complex.1984.pdb	0	12.589	21.961
complex.1985.pdb	0.313725	2.718	6.905
complex.1986.pdb	0	7.908	16.888
complex.1987.pdb	0.0392157	9.214	24.824
complex.1988.pdb	0	12.796	33.714
complex.1989.pdb	0	8.909	21.163
complex.1990.pdb	0.0784314	8.116	34.776
complex.1991.pdb	0.156863	5.968	25.322
complex.1992.pdb	0.0392157	9.700	20.140
complex.1993.pdb	0	11.283	20.452
complex.1994.pdb	0.0980392	13.236	29.356
complex.1995.pdb	0.0196078	11.946	24.441
complex.1996.pdb	0	12.701	37.512
complex.1997.pdb	0	14.734	24.224
complex.1998.pdb	0	11.059	17.910
complex.1999.pdb	0.0196078	9.721	26.244
complex.2000.pdb	0	16.655	29.229
