32.364
30.785
27.664
26.081
26.013
26.006
25.826
25.764
25.737
25.658
25.651
25.279
25.146
25.077
24.881
24.465
24.077
23.711
23.710
23.569
23.395
23.030
23.018
22.759
22.668
22.568
22.318
22.157
21.998
21.805
21.685
21.525
21.441
21.358
21.193
21.098
20.896
20.802
20.569
20.523
20.509
20.471
20.351
20.059
20.040
20.037
19.852
19.752
19.631
19.543
19.501
19.496
19.174
19.157
19.119
18.833
18.819
18.786
18.755
18.665
18.660
18.544
18.423
18.418
18.413
18.347
18.274
18.265
18.244
18.223
18.205
18.103
17.969
17.891
17.890
17.880
17.687
17.592
17.573
17.553
17.530
17.481
17.379
17.358
17.234
17.168
17.061
17.010
17.004
16.950
16.941
16.925
16.897
16.888
16.886
16.883
16.850
16.835
16.640
16.639
16.562
16.523
16.504
16.457
16.452
16.336
16.330
16.307
16.295
16.287
16.152
16.128
16.110
16.085
16.085
16.008
15.943
15.929
15.825
15.795
15.783
15.728
15.713
15.685
15.655
15.639
15.638
15.637
15.637
15.637
15.610
15.595
15.582
15.547
15.438
15.432
15.393
15.365
15.351
15.316
15.302
15.284
15.259
15.222
15.214
15.126
15.121
15.113
15.112
15.088
15.003
14.956
14.914
14.859
14.821
14.792
14.784
14.762
14.735
14.707
14.522
14.511
14.510
14.506
14.501
14.464
14.425
14.425
14.420
14.332
14.332
14.326
14.321
14.319
14.300
14.284
14.262
14.254
14.238
14.198
14.192
14.174
14.117
14.034
14.026
13.968
13.943
13.876
13.875
13.852
13.842
13.836
13.832
13.799
13.797
13.791
13.782
13.757
13.734
13.714
13.713
13.700
13.649
13.646
13.620
13.560
13.556
13.534
13.481
13.445
13.388
13.364
13.364
13.334
13.285
13.284
13.252
13.238
13.223
13.176
13.159
13.049
13.033
13.029
13.024
12.954
12.932
12.923
12.906
12.905
12.902
12.883
12.882
12.854
12.843
12.830
12.805
12.790
12.749
12.727
12.721
12.696
12.666
12.665
12.656
12.641
12.621
12.612
12.575
12.536
12.505
12.473
12.470
12.447
12.438
12.428
12.414
12.382
12.378
12.321
12.232
12.208
12.184
12.177
12.173
12.169
12.155
12.151
12.150
12.149
12.122
12.107
12.096
12.094
12.076
12.073
12.066
12.025
12.021
11.993
11.991
11.980
11.963
11.960
11.956
11.950
11.909
11.884
11.878
11.877
11.812
11.802
11.798
11.786
11.781
11.776
11.773
11.766
11.764
11.739
11.738
11.706
11.701
11.675
11.670
11.669
11.659
11.642
11.630
11.582
11.582
11.577
11.522
11.510
11.475
11.463
11.461
11.457
11.457
11.451
11.410
11.402
11.394
11.385
11.369
11.368
11.347
11.327
11.317
11.309
11.271
11.266
11.258
11.255
11.244
11.164
11.163
11.138
11.121
11.090
11.053
11.024
11.013
11.002
11.000
10.992
10.986
10.950
10.946
10.918
10.853
10.828
10.815
10.808
10.802
10.791
10.767
10.744
10.677
10.663
10.646
10.579
10.568
10.553
10.549
10.548
10.545
10.544
10.536
10.453
10.439
10.432
10.378
10.365
10.350
10.239
10.177
10.154
10.148
10.147
10.111
10.025
9.993
9.967
9.952
9.945
9.910
9.899
9.896
9.888
9.880
9.862
9.838
9.824
9.754
9.715
9.663
9.655
9.599
9.589
9.568
9.524
9.422
9.393
9.305
9.287
9.287
9.273
9.261
9.252
9.251
9.236
9.183
9.179
9.161
9.161
9.095
9.057
9.046
9.036
9.029
9.028
9.021
9.000
8.830
8.815
8.812
8.810
8.808
8.752
8.744
8.671
8.592
8.586
8.563
8.462
8.460
8.375
8.366
8.364
8.323
8.291
8.284
8.280
8.209
8.206
8.202
8.137
8.112
8.049
8.044
8.015
7.954
7.949
7.910
7.876
7.819
7.818
7.804
7.775
7.706
7.695
7.681
7.585
7.581
7.524
7.519
7.493
7.478
7.380
7.356
7.312
7.291
7.233
7.225
7.192
7.150
7.075
7.075
7.002
6.960
6.862
6.799
6.741
6.723
6.719
6.713
6.687
6.655
6.599
6.567
6.485
6.467
6.273
6.194
6.176
6.149
6.099
6.002
5.975
5.951
5.885
5.860
5.789
5.676
5.611
5.590
5.581
5.578
5.502
5.440
5.390
5.276
5.150
5.041
5.039
5.011
4.964
4.844
4.834
4.781
4.534
4.464
4.400
4.341
4.315
4.253
4.198
4.131
4.117
3.995
3.920
3.916
3.838
3.643
3.585
3.519
3.515
3.515
3.511
3.469
3.252
3.199
3.161
3.126
3.057
2.970
2.956
2.950
2.864
2.734
2.660
2.640
2.564
2.543
2.476
2.403
2.369
2.313
2.067
1.887
1.824
1.708
1.648
1.575
1.529
1.210
1.145
1.009
0.938
0.847
0.728
0.185
0.162
0.155
0.065
-0.010
-0.051
-0.055
-0.067
-0.106
-0.139
-0.246
-0.417
-0.460
-0.488
-0.566
-0.580
-0.646
-0.839
-1.005
-1.126
-1.216
-1.341
-1.451
-1.461
-1.493
-1.600
-1.673
-1.769
-1.899
-2.017
-2.063
-2.532
-2.564
-2.622
-2.630
-2.704
-2.731
-2.834
-3.080
-3.327
-3.409
-3.409
-3.436
-3.549
-4.098
-4.113
-4.224
-4.234
-4.291
-4.352
-4.408
-4.636
-4.894
-5.028
-5.060
-5.152
-5.344
-5.378
-5.466
-5.489
-5.590
-5.666
-5.685
-5.688
-6.012
-6.105
-6.120
-6.323
-6.515
-6.546
-6.983
-7.027
-7.089
-7.354
-7.446
-7.524
-7.582
-7.650
-7.668
-8.204
-8.326
-8.346
-8.541
-8.547
-9.061
-9.141
-9.239
-9.285
-9.400
-9.535
-9.784
-10.442
-10.703
-10.985
-11.328
-11.450
-11.661
-11.712
-11.716
-11.734
-11.882
-12.176
-12.202
-12.332
-13.414
-14.656
-14.983
-16.180
-17.142
-17.164
-17.728
-17.791
-17.859
-18.726
-19.954
-19.991
-20.021
-20.473
-20.509
-20.683
-24.322
-25.329
-25.404
-27.942
-28.138
-28.674
-29.491
-37.121
-39.162
-52.692
-78.527
-82.135
-97.797
-106.649
