swarm_329_58.pdb	0	16.578	44.371	43.567
swarm_282_14.pdb	0	16.522	44.216	43.460
swarm_324_101.pdb	0	16.489	44.161	42.554
swarm_331_26.pdb	0	16.797	44.090	42.521
swarm_318_44.pdb	0	16.719	44.012	41.984
swarm_184_173.pdb	0	17.003	44.524	40.974
swarm_284_163.pdb	0	16.978	44.305	40.919
swarm_333_152.pdb	0	16.887	44.436	40.439
swarm_326_54.pdb	0	16.790	44.608	40.210
swarm_315_19.pdb	0	16.865	44.582	39.567
swarm_280_7.pdb	0	16.828	45.072	39.058
swarm_156_27.pdb	0	16.983	44.381	38.759
swarm_230_132.pdb	0	17.614	45.267	38.048
swarm_286_75.pdb	0	17.063	43.702	38.045
swarm_316_114.pdb	0	17.591	45.824	37.963
swarm_144_99.pdb	0	17.507	45.734	37.769
swarm_192_139.pdb	0	17.557	45.946	37.569
swarm_233_185.pdb	0	17.520	45.695	37.080
swarm_324_190.pdb	0	13.398	38.990	37.071
swarm_322_105.pdb	0	13.443	39.565	36.670
swarm_283_85.pdb	0	17.513	45.762	36.540
swarm_300_184.pdb	0	15.915	44.522	36.330
swarm_319_27.pdb	0	17.791	45.953	36.217
swarm_104_82.pdb	0	14.145	40.822	35.973
swarm_309_0.pdb	0	17.996	46.826	35.955
swarm_83_1.pdb	0	17.264	44.137	35.797
swarm_277_158.pdb	0	13.427	38.755	35.472
swarm_326_79.pdb	0	14.787	42.124	35.455
swarm_45_105.pdb	0	14.107	40.206	35.307
swarm_48_50.pdb	0	13.529	39.476	35.306
swarm_302_100.pdb	0	13.346	38.936	35.003
swarm_100_178.pdb	0	13.043	40.983	34.942
swarm_249_192.pdb	0	13.184	41.582	34.922
swarm_316_47.pdb	0	13.378	39.278	34.868
swarm_298_90.pdb	0	15.705	37.356	34.818
swarm_314_50.pdb	0	14.926	42.398	34.665
swarm_278_163.pdb	0	17.304	44.378	34.387
swarm_47_187.pdb	0	16.285	43.524	34.134
swarm_220_149.pdb	0	16.726	44.660	33.998
swarm_214_152.pdb	0	15.373	35.463	33.868
swarm_275_113.pdb	0	13.253	39.978	33.719
swarm_245_85.pdb	0	16.173	38.073	33.633
swarm_244_63.pdb	0	15.077	35.044	33.484
swarm_232_157.pdb	0	17.726	45.872	33.248
swarm_270_37.pdb	0	15.879	37.636	33.167
swarm_219_82.pdb	0	14.590	41.363	33.124
swarm_47_70.pdb	0	13.539	38.672	33.085
swarm_258_163.pdb	0	17.883	46.202	33.059
swarm_217_61.pdb	0	13.592	40.171	32.811
swarm_348_9.pdb	0	13.250	37.472	32.717
swarm_383_177.pdb	0	16.726	43.658	32.416
swarm_288_141.pdb	0	18.104	46.940	32.210
swarm_73_186.pdb	0	13.186	39.880	32.118
swarm_248_171.pdb	0	13.554	41.705	31.957
swarm_324_135.pdb	0	15.777	43.570	31.906
swarm_272_90.pdb	0	16.274	37.933	31.883
swarm_283_64.pdb	0	15.854	42.833	31.788
swarm_198_186.pdb	0	18.237	47.137	31.760
swarm_289_119.pdb	0	17.686	46.104	31.558
swarm_219_167.pdb	0	12.969	38.424	31.541
swarm_182_91.pdb	0	16.602	55.029	31.503
swarm_261_79.pdb	0	18.492	47.367	31.351
swarm_61_66.pdb	0	15.280	35.145	31.346
swarm_142_25.pdb	0	16.427	54.368	31.317
swarm_292_87.pdb	0	14.790	32.446	31.292
swarm_147_71.pdb	0	18.365	48.629	31.145
swarm_173_183.pdb	0	15.665	48.187	30.954
swarm_236_162.pdb	0	18.721	47.951	30.918
swarm_295_94.pdb	0	15.639	35.611	30.856
swarm_208_37.pdb	0	18.673	47.720	30.839
swarm_174_125.pdb	0	13.664	42.652	30.795
swarm_177_131.pdb	0	13.559	41.900	30.766
swarm_69_77.pdb	0	16.045	49.154	30.710
swarm_167_50.pdb	0	18.396	47.620	30.605
swarm_136_115.pdb	0	13.450	42.150	30.449
swarm_293_29.pdb	0	15.403	36.832	30.414
swarm_172_134.pdb	0	15.568	48.194	30.357
swarm_161_48.pdb	0	18.675	47.754	30.326
swarm_267_100.pdb	0	15.577	38.878	30.317
swarm_98_138.pdb	0	15.821	36.573	30.282
swarm_240_118.pdb	0	14.028	30.968	29.852
swarm_87_14.pdb	0	17.268	45.689	29.838
swarm_202_72.pdb	0	18.688	48.220	29.813
swarm_37_167.pdb	0	16.770	49.983	29.715
swarm_250_38.pdb	0	17.068	48.471	29.530
swarm_245_91.pdb	0	17.875	42.882	29.427
swarm_293_69.pdb	0	14.809	33.288	29.314
swarm_128_179.pdb	0	15.121	43.000	29.306
swarm_17_53.pdb	0	15.814	42.003	29.218
swarm_70_0.pdb	0	13.199	41.397	29.203
swarm_322_40.pdb	0	16.984	46.678	29.099
swarm_271_26.pdb	0	16.766	41.479	28.938
swarm_104_115.pdb	0	13.169	40.220	28.800
swarm_162_123.pdb	0	15.184	39.264	28.741
swarm_263_76.pdb	0	15.360	38.516	28.661
swarm_188_189.pdb	0	14.816	43.175	28.515
swarm_156_143.pdb	0	17.336	45.794	28.436
swarm_99_79.pdb	0	15.934	48.568	28.406
swarm_183_198.pdb	0	17.013	47.442	28.393
swarm_294_147.pdb	0	17.266	41.921	28.363
swarm_310_156.pdb	0	15.640	38.968	28.345
swarm_240_80.pdb	0	15.409	40.215	28.276
swarm_264_16.pdb	0	16.847	41.313	28.259
swarm_272_76.pdb	0	16.047	36.157	28.247
swarm_288_149.pdb	0	19.172	49.324	28.220
swarm_97_15.pdb	0	19.957	44.645	28.198
swarm_243_116.pdb	0	16.437	40.455	28.097
swarm_273_186.pdb	0	16.158	38.901	28.094
swarm_262_157.pdb	0	15.431	39.716	28.000
swarm_269_60.pdb	0	16.667	41.363	27.996
swarm_311_154.pdb	0	19.019	48.989	27.942
swarm_189_102.pdb	0.0366972	19.638	65.983	27.903
swarm_209_104.pdb	0	15.342	39.044	27.892
swarm_53_126.pdb	0.0275229	20.725	64.903	27.802
swarm_75_102.pdb	0	17.457	49.198	27.796
swarm_243_65.pdb	0	16.694	38.939	27.714
swarm_214_62.pdb	0	14.684	32.369	27.701
swarm_298_19.pdb	0	15.785	37.087	27.682
swarm_265_106.pdb	0	18.026	45.820	27.667
swarm_213_107.pdb	0	17.385	42.595	27.663
swarm_242_9.pdb	0	20.324	45.853	27.659
swarm_268_11.pdb	0	15.633	41.431	27.646
swarm_215_124.pdb	0	17.993	41.854	27.629
swarm_280_75.pdb	0	13.061	41.343	27.613
swarm_325_53.pdb	0	14.474	40.569	27.578
swarm_238_142.pdb	0	15.786	36.370	27.553
swarm_313_152.pdb	0	16.598	41.569	27.548
swarm_296_160.pdb	0	16.621	41.528	27.532
swarm_178_125.pdb	0	17.177	50.054	27.513
swarm_244_134.pdb	0	18.870	44.011	27.469
swarm_278_90.pdb	0	17.890	51.003	27.447
swarm_271_98.pdb	0	20.075	45.043	27.439
swarm_332_26.pdb	0	18.278	47.808	27.394
swarm_296_73.pdb	0	19.964	44.798	27.267
swarm_210_111.pdb	0	20.662	46.816	27.222
swarm_171_127.pdb	0	20.416	45.951	27.196
swarm_255_196.pdb	0	16.865	44.842	27.183
swarm_33_48.pdb	0	16.812	39.814	27.146
swarm_380_83.pdb	0.0275229	19.881	66.811	27.099
swarm_163_88.pdb	0	14.425	31.663	27.097
swarm_72_176.pdb	0	17.059	49.702	27.089
swarm_321_87.pdb	0	15.252	37.603	27.085
swarm_207_57.pdb	0	13.736	29.008	27.039
swarm_285_105.pdb	0	16.960	45.396	27.010
swarm_266_151.pdb	0	15.405	39.409	27.005
swarm_120_118.pdb	0.0183486	20.118	62.648	27.003
swarm_309_144.pdb	0	19.382	49.658	26.964
swarm_299_130.pdb	0	16.880	40.467	26.913
swarm_330_125.pdb	0	16.994	44.998	26.894
swarm_169_181.pdb	0	16.660	39.470	26.886
swarm_138_51.pdb	0	17.828	50.275	26.869
swarm_327_176.pdb	0	15.049	43.384	26.831
swarm_267_174.pdb	0	14.463	34.301	26.827
swarm_297_112.pdb	0	16.199	40.034	26.808
swarm_260_107.pdb	0	18.558	47.269	26.791
swarm_188_76.pdb	0	17.330	45.947	26.771
swarm_274_112.pdb	0	15.916	35.901	26.752
swarm_271_184.pdb	0	17.657	41.640	26.752
swarm_297_133.pdb	0	20.911	47.304	26.735
swarm_244_196.pdb	0	16.327	38.719	26.669
swarm_320_111.pdb	0	14.316	39.091	26.637
swarm_219_172.pdb	0	13.320	40.925	26.513
swarm_305_35.pdb	0	13.947	40.484	26.509
swarm_207_28.pdb	0	16.225	37.104	26.499
swarm_325_180.pdb	0	14.867	43.293	26.480
swarm_269_106.pdb	0	18.578	45.232	26.476
swarm_117_22.pdb	0	14.198	43.011	26.437
swarm_272_8.pdb	0	19.082	41.887	26.414
swarm_368_80.pdb	0	18.849	53.804	26.313
swarm_6_63.pdb	0	18.865	54.037	26.291
swarm_297_169.pdb	0	18.080	44.577	26.291
swarm_193_99.pdb	0	14.199	38.942	26.287
swarm_242_146.pdb	0	16.569	42.382	26.280
swarm_239_42.pdb	0	15.431	38.454	26.265
swarm_205_9.pdb	0	16.354	39.821	26.245
swarm_289_162.pdb	0	16.918	44.509	26.234
swarm_267_94.pdb	0	18.438	47.466	26.222
swarm_294_53.pdb	0	16.320	41.252	26.220
swarm_308_155.pdb	0	18.007	47.508	26.212
swarm_165_122.pdb	0	18.979	48.280	26.185
swarm_203_0.pdb	0	15.691	38.713	26.168
swarm_299_82.pdb	0	16.981	39.810	26.166
swarm_237_34.pdb	0	14.727	33.156	26.142
swarm_245_95.pdb	0	15.687	36.242	26.108
swarm_328_122.pdb	0	16.777	44.379	26.102
swarm_285_158.pdb	0	15.389	43.700	26.045
swarm_274_2.pdb	0	17.244	40.564	26.031
swarm_298_86.pdb	0	18.471	45.356	26.009
swarm_287_192.pdb	0	16.257	41.780	25.999
swarm_256_43.pdb	0	15.263	37.971	25.922
swarm_105_178.pdb	0.0366972	15.170	46.609	25.916
swarm_399_27.pdb	0	21.202	47.837	25.892
swarm_180_127.pdb	0	17.952	51.294	25.890
swarm_170_77.pdb	0	19.523	43.690	25.890
swarm_291_141.pdb	0	17.506	45.033	25.864
swarm_281_22.pdb	0	14.588	41.167	25.860
swarm_291_30.pdb	0	18.587	40.968	25.858
swarm_238_138.pdb	0	14.813	42.480	25.837
swarm_196_71.pdb	0	19.704	49.925	25.830
swarm_273_59.pdb	0	20.576	46.525	25.818
swarm_221_159.pdb	0	14.494	41.700	25.813
swarm_228_183.pdb	0	17.437	58.189	25.812
swarm_310_141.pdb	0	17.689	44.780	25.793
swarm_150_0.pdb	0.0642202	6.168	19.500	25.791
swarm_332_22.pdb	0	14.817	39.204	25.787
swarm_267_190.pdb	0	13.577	29.107	25.779
swarm_65_115.pdb	0	19.473	44.784	25.777
swarm_247_5.pdb	0	15.146	45.723	25.719
swarm_307_92.pdb	0	14.625	39.333	25.678
swarm_256_59.pdb	0	16.441	43.401	25.666
swarm_188_26.pdb	0	18.557	49.851	25.662
swarm_315_164.pdb	0	18.214	50.065	25.657
swarm_260_29.pdb	0	16.251	42.023	25.639
swarm_105_186.pdb	0	14.542	48.184	25.639
swarm_234_145.pdb	0	14.208	39.145	25.604
swarm_315_3.pdb	0	18.945	49.983	25.601
swarm_231_52.pdb	0	14.142	38.215	25.591
swarm_228_182.pdb	0	19.326	51.194	25.586
swarm_222_91.pdb	0	14.458	39.621	25.584
swarm_210_51.pdb	0	16.032	39.557	25.560
swarm_317_176.pdb	0	14.414	40.681	25.557
swarm_264_179.pdb	0	17.295	44.262	25.513
swarm_277_190.pdb	0	13.895	43.690	25.504
swarm_155_1.pdb	0.0275229	19.870	66.618	25.394
swarm_237_65.pdb	0	18.772	47.893	25.363
swarm_299_121.pdb	0	21.107	47.785	25.349
swarm_330_10.pdb	0	15.084	43.821	25.330
swarm_220_152.pdb	0	17.864	50.842	25.319
swarm_106_175.pdb	0	16.440	56.458	25.300
swarm_300_96.pdb	0	15.517	45.024	25.281
swarm_199_23.pdb	0	15.284	38.600	25.258
swarm_299_111.pdb	0	18.767	45.916	25.244
swarm_304_121.pdb	0	14.992	43.761	25.238
swarm_293_25.pdb	0	19.271	49.209	25.198
swarm_169_157.pdb	0	20.358	45.606	25.155
swarm_307_112.pdb	0	17.398	46.258	25.153
swarm_164_37.pdb	0	16.027	36.993	25.130
swarm_103_106.pdb	0	19.163	56.180	25.123
swarm_204_44.pdb	0	19.226	49.058	25.119
swarm_321_146.pdb	0	18.154	47.063	25.109
swarm_160_99.pdb	0.00917431	20.976	66.179	25.105
swarm_74_64.pdb	0	17.959	52.038	25.081
swarm_164_33.pdb	0	13.746	33.631	25.025
swarm_64_47.pdb	0	18.521	42.435	25.010
swarm_181_181.pdb	0	16.515	49.518	24.994
swarm_316_156.pdb	0	14.106	44.545	24.963
swarm_259_8.pdb	0	15.231	38.497	24.961
swarm_170_95.pdb	0	18.082	41.877	24.934
swarm_136_180.pdb	0	16.763	48.691	24.928
swarm_238_27.pdb	0	14.321	33.773	24.923
swarm_317_29.pdb	0	14.705	44.017	24.898
swarm_65_165.pdb	0	21.138	47.835	24.862
swarm_281_167.pdb	0	16.974	44.944	24.805
swarm_158_164.pdb	0.183486	3.586	9.154	24.712
swarm_379_173.pdb	0.00917431	20.697	66.322	24.667
swarm_267_122.pdb	0	17.930	40.167	24.649
swarm_180_171.pdb	0.00917431	18.322	52.646	24.626
swarm_52_169.pdb	0.0733945	5.879	17.925	24.573
swarm_163_169.pdb	0	16.610	38.158	24.566
swarm_158_83.pdb	0.0733945	6.276	19.022	24.551
swarm_29_124.pdb	0	14.976	36.661	24.547
swarm_58_156.pdb	0.00917431	22.458	63.751	24.540
swarm_120_78.pdb	0.0183486	20.413	66.333	24.505
swarm_241_188.pdb	0	18.624	47.294	24.490
swarm_350_112.pdb	0.119266	5.402	13.386	24.472
swarm_266_199.pdb	0	16.222	37.365	24.463
swarm_307_105.pdb	0	13.587	37.839	24.462
swarm_214_63.pdb	0	17.986	41.238	24.452
swarm_281_125.pdb	0	14.778	43.842	24.446
swarm_50_63.pdb	0.0550459	6.950	23.266	24.428
swarm_286_188.pdb	0	16.601	44.011	24.419
swarm_3_73.pdb	0	20.864	46.891	24.368
swarm_25_148.pdb	0	24.362	65.530	24.360
swarm_31_50.pdb	0	15.554	37.600	24.359
swarm_261_98.pdb	0	17.272	43.966	24.321
swarm_302_26.pdb	0	15.754	46.003	24.298
swarm_225_68.pdb	0.0458716	6.577	23.852	24.256
swarm_110_87.pdb	0	19.152	53.341	24.248
swarm_275_148.pdb	0	15.433	45.675	24.244
swarm_255_106.pdb	0	13.673	40.116	24.231
swarm_270_154.pdb	0	14.804	34.100	24.218
swarm_364_53.pdb	0	20.980	47.367	24.212
swarm_311_168.pdb	0	14.676	33.509	24.208
swarm_132_32.pdb	0	19.687	50.273	24.197
swarm_219_91.pdb	0	11.411	41.086	24.177
swarm_95_178.pdb	0	18.590	46.531	24.127
swarm_396_181.pdb	0	16.203	36.383	24.090
swarm_85_183.pdb	0	17.781	46.271	24.050
swarm_129_199.pdb	0	18.638	47.601	24.008
swarm_206_2.pdb	0	15.531	38.653	24.001
swarm_175_129.pdb	0	14.308	45.654	23.998
swarm_18_160.pdb	0.0183486	20.471	64.962	23.988
swarm_149_121.pdb	0	13.619	38.340	23.981
swarm_207_48.pdb	0	17.935	45.996	23.975
swarm_176_106.pdb	0.00917431	18.159	52.923	23.961
swarm_97_126.pdb	0	21.672	49.828	23.947
swarm_178_152.pdb	0	16.421	55.961	23.874
swarm_93_70.pdb	0	22.334	63.123	23.853
swarm_119_160.pdb	0.0550459	6.173	20.768	23.829
swarm_84_127.pdb	0.0183486	20.877	63.367	23.771
swarm_229_41.pdb	0.0183486	6.921	24.555	23.753
swarm_175_199.pdb	0.00917431	18.431	51.917	23.753
swarm_213_39.pdb	0	17.472	50.434	23.734
swarm_233_199.pdb	0	19.950	50.965	23.725
swarm_382_117.pdb	0.100917	5.286	14.864	23.719
swarm_83_40.pdb	0	14.017	44.138	23.718
swarm_377_124.pdb	0.0183486	20.702	67.012	23.714
swarm_140_187.pdb	0.0183486	6.715	24.029	23.681
swarm_331_39.pdb	0	19.896	52.261	23.673
swarm_97_160.pdb	0	18.433	43.804	23.658
swarm_152_13.pdb	0.0275229	6.594	23.535	23.572
swarm_187_3.pdb	0.0183486	20.869	64.759	23.565
swarm_211_67.pdb	0	16.181	38.196	23.556
swarm_238_98.pdb	0	13.463	27.445	23.503
swarm_119_52.pdb	0.192661	3.502	7.382	23.495
swarm_34_61.pdb	0	19.718	45.288	23.472
swarm_297_173.pdb	0	16.754	38.599	23.420
swarm_107_176.pdb	0.0275229	6.782	24.866	23.418
swarm_186_33.pdb	0.00917431	6.973	25.817	23.311
swarm_274_7.pdb	0	20.679	48.088	23.303
swarm_385_58.pdb	0	15.985	51.048	23.242
swarm_396_28.pdb	0	15.233	41.060	23.214
swarm_195_67.pdb	0.0183486	20.392	64.063	23.193
swarm_59_110.pdb	0	22.859	63.652	23.191
swarm_332_5.pdb	0	15.310	43.867	23.188
swarm_97_22.pdb	0	17.689	52.318	23.178
swarm_296_4.pdb	0	19.954	46.240	23.147
swarm_47_152.pdb	0	11.554	40.073	23.132
swarm_132_199.pdb	0	18.260	51.493	23.112
swarm_86_96.pdb	0	22.363	63.964	23.106
swarm_269_188.pdb	0	18.038	47.399	23.093
swarm_83_128.pdb	0	12.446	42.053	23.070
swarm_276_150.pdb	0	19.195	54.576	23.057
swarm_170_124.pdb	0	20.034	46.327	23.017
swarm_48_48.pdb	0	11.525	40.654	23.005
swarm_221_16.pdb	0	15.163	44.626	22.951
swarm_308_3.pdb	0	13.813	38.907	22.948
swarm_73_92.pdb	0	11.484	41.256	22.899
swarm_77_130.pdb	0	18.043	59.696	22.888
swarm_73_125.pdb	0	15.907	45.203	22.868
swarm_17_58.pdb	0	11.282	39.032	22.836
swarm_184_64.pdb	0	19.812	55.048	22.826
swarm_53_77.pdb	0.00917431	23.175	64.360	22.769
swarm_360_142.pdb	0.0183486	21.936	63.268	22.745
swarm_116_170.pdb	0.0275229	19.668	67.207	22.703
swarm_303_88.pdb	0	15.028	45.132	22.675
swarm_255_84.pdb	0	14.327	41.775	22.665
swarm_382_40.pdb	0.0550459	7.616	25.293	22.660
swarm_243_188.pdb	0	20.160	45.042	22.604
swarm_183_63.pdb	0	19.472	53.385	22.599
swarm_386_139.pdb	0	14.233	36.357	22.593
swarm_384_90.pdb	0	19.224	49.196	22.560
swarm_208_64.pdb	0	20.489	50.336	22.530
swarm_96_121.pdb	0	15.351	41.528	22.517
swarm_241_15.pdb	0	16.962	39.136	22.476
swarm_327_151.pdb	0	19.018	51.502	22.447
swarm_220_35.pdb	0	15.496	44.024	22.445
swarm_282_102.pdb	0	20.071	52.724	22.437
swarm_197_80.pdb	0.0183486	23.953	63.965	22.429
swarm_227_23.pdb	0.12844	5.963	19.629	22.426
swarm_294_119.pdb	0	14.685	34.116	22.418
swarm_210_66.pdb	0	17.462	47.259	22.407
swarm_287_26.pdb	0	13.489	37.514	22.401
swarm_134_169.pdb	0	14.823	35.022	22.374
swarm_30_95.pdb	0	20.622	51.039	22.348
swarm_307_140.pdb	0	14.252	41.973	22.331
swarm_269_64.pdb	0	15.924	35.117	22.316
swarm_272_170.pdb	0	18.293	46.169	22.315
swarm_211_121.pdb	0	14.751	33.045	22.245
swarm_174_121.pdb	0	16.146	48.977	22.232
swarm_300_153.pdb	0	18.454	50.664	22.166
swarm_128_182.pdb	0	14.975	35.092	22.163
swarm_204_105.pdb	0	20.418	51.901	22.159
swarm_381_143.pdb	0	18.566	61.860	22.158
swarm_351_70.pdb	0.00917431	20.987	68.243	22.144
swarm_270_198.pdb	0	17.952	40.813	22.132
swarm_212_181.pdb	0.00917431	20.971	63.036	22.132
swarm_343_191.pdb	0	17.338	55.901	22.114
swarm_94_4.pdb	0.0183486	23.126	63.825	22.097
swarm_84_164.pdb	0	21.869	63.924	22.091
swarm_352_80.pdb	0	20.517	54.451	22.074
swarm_81_65.pdb	0	12.609	37.185	22.064
swarm_171_28.pdb	0	18.387	44.726	21.983
swarm_150_81.pdb	0.146789	4.872	14.514	21.976
swarm_126_82.pdb	0.0183486	23.285	64.081	21.971
swarm_227_5.pdb	0.0550459	5.916	21.175	21.939
swarm_182_54.pdb	0	19.955	56.273	21.930
swarm_236_43.pdb	0	16.316	43.584	21.916
swarm_263_133.pdb	0	16.298	36.628	21.915
swarm_172_47.pdb	0.00917431	19.738	54.998	21.914
swarm_85_50.pdb	0	15.730	50.018	21.910
swarm_98_88.pdb	0	16.245	39.352	21.907
swarm_109_52.pdb	0	14.798	43.549	21.891
swarm_215_88.pdb	0	20.881	48.168	21.870
swarm_51_158.pdb	0	21.303	65.578	21.842
swarm_347_64.pdb	0.0183486	20.447	66.786	21.831
swarm_2_98.pdb	0	24.722	61.161	21.830
swarm_64_129.pdb	0	21.381	50.177	21.826
swarm_121_89.pdb	0.155963	4.107	11.570	21.758
swarm_123_46.pdb	0.0642202	5.787	15.541	21.757
swarm_74_54.pdb	0	20.248	56.775	21.753
swarm_185_147.pdb	0.0183486	7.712	26.879	21.746
swarm_233_178.pdb	0	19.909	53.845	21.743
swarm_81_142.pdb	0	13.672	39.551	21.718
swarm_118_50.pdb	0.0183486	6.339	20.800	21.709
swarm_247_72.pdb	0.00917431	18.945	53.163	21.698
swarm_157_73.pdb	0	13.945	42.115	21.688
swarm_395_44.pdb	0.0183486	22.391	64.291	21.668
swarm_109_117.pdb	0.0183486	13.710	38.582	21.643
swarm_169_173.pdb	0	15.744	35.925	21.621
swarm_304_138.pdb	0	17.860	61.830	21.620
swarm_171_125.pdb	0	20.596	48.706	21.612
swarm_47_144.pdb	0.00917431	12.534	45.267	21.569
swarm_189_30.pdb	0.00917431	21.970	63.393	21.512
swarm_252_186.pdb	0	19.562	56.399	21.492
swarm_326_90.pdb	0	15.929	56.490	21.489
swarm_63_33.pdb	0	20.888	48.749	21.457
swarm_89_140.pdb	0	22.608	65.448	21.448
swarm_213_4.pdb	0	21.968	50.942	21.432
swarm_143_192.pdb	0	13.715	38.770	21.419
swarm_78_187.pdb	0	18.780	53.229	21.381
swarm_125_80.pdb	0	21.044	62.211	21.366
swarm_187_49.pdb	0.00917431	21.609	64.372	21.365
swarm_230_134.pdb	0	18.967	51.047	21.336
swarm_351_39.pdb	0	22.130	66.319	21.331
swarm_51_12.pdb	0.00917431	23.034	65.908	21.330
swarm_107_58.pdb	0.0366972	8.975	33.016	21.318
swarm_207_168.pdb	0	13.369	34.547	21.314
swarm_274_124.pdb	0	18.606	40.465	21.289
swarm_311_102.pdb	0	18.063	42.283	21.270
swarm_215_93.pdb	0	22.266	50.929	21.265
swarm_116_179.pdb	0.00917431	21.079	68.233	21.254
swarm_132_109.pdb	0	15.211	38.583	21.250
swarm_271_168.pdb	0	20.485	51.255	21.234
swarm_132_163.pdb	0	18.532	46.781	21.228
swarm_265_104.pdb	0	17.370	44.826	21.199
swarm_184_154.pdb	0	15.816	56.267	21.196
swarm_160_49.pdb	0.0183486	22.961	64.834	21.176
swarm_349_198.pdb	0	18.545	63.988	21.172
swarm_240_87.pdb	0	14.919	32.855	21.149
swarm_77_115.pdb	0	20.575	58.223	21.147
swarm_229_54.pdb	0.146789	5.351	17.083	21.119
swarm_137_179.pdb	0	15.491	46.769	21.105
swarm_262_146.pdb	0	14.154	32.980	21.038
swarm_242_67.pdb	0	21.211	48.577	21.037
swarm_82_151.pdb	0.0183486	20.197	66.661	21.007
swarm_167_128.pdb	0	18.876	47.894	21.000
swarm_172_193.pdb	0	16.178	48.775	20.955
swarm_353_7.pdb	0.0733945	5.511	15.040	20.932
swarm_217_81.pdb	0	16.223	47.482	20.925
swarm_272_101.pdb	0	21.860	51.413	20.915
swarm_27_113.pdb	0.0183486	22.748	63.988	20.914
swarm_66_36.pdb	0	14.428	45.110	20.899
swarm_141_47.pdb	0.0183486	6.510	21.653	20.893
swarm_197_85.pdb	0	23.044	64.709	20.858
swarm_269_173.pdb	0	21.201	48.999	20.821
swarm_232_169.pdb	0	20.388	53.499	20.819
swarm_249_152.pdb	0	19.839	54.489	20.814
swarm_167_167.pdb	0	17.881	43.868	20.811
swarm_56_47.pdb	0	13.461	33.767	20.783
swarm_240_28.pdb	0	17.553	39.642	20.741
swarm_126_151.pdb	0	21.286	62.423	20.729
swarm_49_136.pdb	0.0733945	7.347	25.803	20.724
swarm_40_34.pdb	0	15.605	44.960	20.714
swarm_80_75.pdb	0.00917431	21.908	64.849	20.712
swarm_3_154.pdb	0	20.011	46.545	20.706
swarm_102_38.pdb	0	15.198	52.530	20.663
swarm_398_12.pdb	0	15.081	38.243	20.662
swarm_113_8.pdb	0.0183486	6.811	20.020	20.661
swarm_19_57.pdb	0	18.424	63.383	20.660
swarm_391_64.pdb	0	14.339	31.269	20.656
swarm_252_25.pdb	0	17.651	60.653	20.643
swarm_87_78.pdb	0	13.963	35.970	20.639
swarm_111_171.pdb	0.0183486	8.352	31.373	20.628
swarm_88_176.pdb	0.0550459	6.179	16.177	20.627
swarm_298_66.pdb	0	21.902	49.823	20.609
swarm_394_86.pdb	0.00917431	22.794	64.818	20.597
swarm_388_157.pdb	0	14.341	31.156	20.583
swarm_243_139.pdb	0	14.436	32.185	20.583
swarm_254_83.pdb	0	14.531	45.810	20.573
swarm_26_139.pdb	0.0183486	23.148	64.643	20.564
swarm_189_103.pdb	0.00917431	20.576	67.831	20.554
swarm_242_117.pdb	0	19.777	44.743	20.551
swarm_162_148.pdb	0	13.668	31.602	20.536
swarm_56_76.pdb	0	13.510	27.060	20.523
swarm_123_198.pdb	0.119266	4.352	11.907	20.514
swarm_151_36.pdb	0	21.654	63.075	20.486
swarm_218_82.pdb	0	17.207	50.255	20.480
swarm_118_143.pdb	0.12844	4.330	13.762	20.479
swarm_150_17.pdb	0.119266	5.911	17.402	20.460
swarm_222_57.pdb	0	15.960	50.107	20.459
swarm_156_170.pdb	0	15.057	43.840	20.431
swarm_306_149.pdb	0	20.536	56.269	20.420
swarm_40_137.pdb	0	11.511	41.182	20.402
swarm_161_66.pdb	0	20.443	59.521	20.385
swarm_43_80.pdb	0	20.653	60.235	20.373
swarm_129_183.pdb	0	21.832	51.894	20.365
swarm_89_136.pdb	0	20.845	61.460	20.362
swarm_253_46.pdb	0	15.977	47.496	20.359
swarm_32_121.pdb	0	20.174	49.882	20.356
swarm_141_73.pdb	0.0917431	8.120	29.011	20.356
swarm_70_13.pdb	0	17.152	48.954	20.341
swarm_232_152.pdb	0	16.509	56.168	20.336
swarm_45_185.pdb	0	12.534	42.169	20.294
swarm_22_137.pdb	0.0183486	22.231	65.727	20.283
swarm_166_53.pdb	0	20.615	47.523	20.265
swarm_170_189.pdb	0	22.013	51.564	20.255
swarm_58_20.pdb	0	21.536	67.749	20.247
swarm_254_167.pdb	0	16.992	50.164	20.219
swarm_318_40.pdb	0	15.666	55.697	20.214
swarm_122_115.pdb	0.00917431	6.519	22.304	20.202
swarm_88_190.pdb	0	8.931	20.632	20.200
swarm_315_35.pdb	0	15.639	55.598	20.188
swarm_318_161.pdb	0	16.885	58.314	20.157
swarm_49_195.pdb	0.0550459	6.780	22.764	20.143
swarm_86_176.pdb	0	22.904	62.631	20.122
swarm_197_122.pdb	0	21.445	68.094	20.116
swarm_286_27.pdb	0	15.954	53.962	20.093
swarm_72_21.pdb	0.00917431	21.162	58.517	20.085
swarm_283_89.pdb	0	16.068	42.052	20.084
swarm_276_72.pdb	0	16.418	48.556	20.061
swarm_175_136.pdb	0	16.490	49.632	20.048
swarm_199_72.pdb	0	12.870	30.928	20.020
swarm_303_56.pdb	0.0366972	15.987	50.768	20.002
swarm_104_170.pdb	0	11.672	40.988	20.001
swarm_140_46.pdb	0.0550459	8.438	30.816	19.997
swarm_154_132.pdb	0	21.733	62.610	19.991
swarm_277_193.pdb	0	12.959	45.314	19.983
swarm_216_40.pdb	0.00917431	16.221	51.360	19.981
swarm_305_106.pdb	0	16.458	52.220	19.970
swarm_338_151.pdb	0	10.882	37.726	19.965
swarm_228_17.pdb	0.00917431	16.816	54.857	19.960
swarm_24_46.pdb	0.00917431	7.969	22.474	19.954
swarm_341_124.pdb	0	21.941	68.882	19.949
swarm_155_134.pdb	0.00917431	21.779	64.224	19.947
swarm_194_72.pdb	0	20.260	60.391	19.946
swarm_240_68.pdb	0	16.112	34.477	19.944
swarm_102_176.pdb	0	14.740	46.083	19.930
swarm_338_81.pdb	0	12.262	43.035	19.907
swarm_187_103.pdb	0.00917431	21.052	62.352	19.896
swarm_293_106.pdb	0	19.237	43.930	19.895
swarm_292_3.pdb	0	17.964	42.251	19.852
swarm_145_27.pdb	0	21.863	64.836	19.829
swarm_69_179.pdb	0.00917431	17.840	52.469	19.826
swarm_250_131.pdb	0	20.977	57.852	19.812
swarm_380_142.pdb	0	22.346	66.672	19.807
swarm_343_120.pdb	0	18.349	49.880	19.801
swarm_283_78.pdb	0	14.606	48.070	19.795
swarm_375_116.pdb	0.0183486	20.814	65.591	19.758
swarm_297_30.pdb	0	16.067	34.638	19.756
swarm_278_154.pdb	0	16.388	58.372	19.755
swarm_267_51.pdb	0	16.361	42.239	19.751
swarm_63_88.pdb	0	22.566	52.298	19.732
swarm_335_111.pdb	0.0458716	7.707	27.689	19.721
swarm_33_184.pdb	0	14.967	37.365	19.704
swarm_251_94.pdb	0	15.497	48.524	19.691
swarm_95_144.pdb	0	23.648	55.993	19.684
swarm_328_187.pdb	0	18.807	50.824	19.680
swarm_203_173.pdb	0	14.535	31.145	19.680
swarm_22_24.pdb	0.0183486	22.259	67.009	19.670
swarm_358_120.pdb	0	20.240	51.238	19.633
swarm_196_62.pdb	0	20.726	60.417	19.630
swarm_18_84.pdb	0	22.623	66.971	19.605
swarm_62_110.pdb	0	21.042	51.074	19.593
swarm_100_61.pdb	0.00917431	11.577	41.921	19.573
swarm_151_32.pdb	0	21.739	64.829	19.572
swarm_87_110.pdb	0	15.222	42.422	19.558
swarm_134_90.pdb	0	14.030	29.920	19.540
swarm_191_122.pdb	0.0458716	20.006	68.361	19.535
swarm_194_162.pdb	0	21.181	64.521	19.527
swarm_336_156.pdb	0	22.612	67.633	19.504
swarm_297_154.pdb	0	19.199	41.845	19.498
swarm_218_111.pdb	0	15.223	46.662	19.485
swarm_105_136.pdb	0	14.843	43.299	19.474
swarm_203_100.pdb	0	13.986	37.689	19.424
swarm_200_168.pdb	0	21.299	62.817	19.414
swarm_115_55.pdb	0	13.736	38.160	19.393
swarm_154_45.pdb	0	21.378	64.417	19.356
swarm_264_119.pdb	0	21.081	49.290	19.352
swarm_360_110.pdb	0	21.482	68.383	19.336
swarm_315_139.pdb	0	14.958	47.554	19.323
swarm_393_122.pdb	0	22.644	67.275	19.320
swarm_210_192.pdb	0	22.332	53.688	19.307
swarm_174_144.pdb	0	15.533	57.051	19.297
swarm_239_169.pdb	0	13.711	31.602	19.293
swarm_27_70.pdb	0.0183486	20.434	65.224	19.287
swarm_365_75.pdb	0	21.714	50.070	19.258
swarm_42_188.pdb	0	8.550	29.290	19.252
swarm_309_128.pdb	0	16.422	56.008	19.236
swarm_2_154.pdb	0	25.170	60.003	19.226
swarm_258_24.pdb	0	20.707	55.184	19.215
swarm_108_190.pdb	0.0275229	7.105	28.906	19.209
swarm_348_2.pdb	0	10.543	35.457	19.205
swarm_385_50.pdb	0	19.036	47.494	19.195
swarm_294_152.pdb	0	19.206	41.082	19.195
swarm_205_16.pdb	0	21.689	51.780	19.186
swarm_198_21.pdb	0	20.488	59.883	19.185
swarm_106_12.pdb	0	16.678	60.677	19.174
swarm_39_49.pdb	0	22.313	61.793	19.172
swarm_322_120.pdb	0	13.957	46.229	19.167
swarm_329_117.pdb	0	15.584	53.741	19.153
swarm_92_191.pdb	0	22.949	63.899	19.131
swarm_133_146.pdb	0	20.049	58.098	19.131
swarm_98_173.pdb	0	14.941	33.656	19.126
swarm_355_149.pdb	0	14.446	37.749	19.111
swarm_237_12.pdb	0	16.089	43.710	19.100
swarm_388_84.pdb	0	12.526	30.458	19.058
swarm_337_145.pdb	0	24.067	68.276	19.036
swarm_160_130.pdb	0	21.749	67.032	19.030
swarm_132_78.pdb	0	22.392	52.271	19.030
swarm_177_51.pdb	0	15.278	48.502	19.012
swarm_36_136.pdb	0	14.210	46.948	19.003
swarm_225_172.pdb	0.0550459	8.276	29.474	19.000
swarm_21_164.pdb	0	12.638	24.215	18.978
swarm_183_98.pdb	0	17.471	63.699	18.974
swarm_236_37.pdb	0	14.750	39.406	18.970
swarm_144_50.pdb	0	20.825	55.201	18.962
swarm_268_128.pdb	0	15.877	43.619	18.912
swarm_300_188.pdb	0	15.537	55.427	18.910
swarm_158_186.pdb	0.00917431	8.442	21.696	18.899
swarm_70_62.pdb	0	13.085	44.796	18.888
swarm_305_176.pdb	0	14.562	42.573	18.885
swarm_342_94.pdb	0	15.710	44.166	18.865
swarm_334_144.pdb	0	22.751	64.773	18.855
swarm_45_81.pdb	0	11.023	38.108	18.841
swarm_191_94.pdb	0.0183486	19.899	68.690	18.837
swarm_10_165.pdb	0	23.615	68.346	18.824
swarm_265_71.pdb	0	20.416	57.733	18.821
swarm_212_60.pdb	0	25.031	59.629	18.779
swarm_377_18.pdb	0	22.579	68.040	18.769
swarm_90_55.pdb	0	24.802	66.258	18.757
swarm_323_141.pdb	0	24.209	56.998	18.751
swarm_143_7.pdb	0.0275229	15.283	46.039	18.751
swarm_261_21.pdb	0	16.756	56.348	18.746
swarm_84_146.pdb	0	21.910	62.271	18.729
swarm_374_21.pdb	0	24.135	67.422	18.729
swarm_195_18.pdb	0	21.382	67.244	18.729
swarm_137_26.pdb	0	15.449	55.687	18.719
swarm_306_190.pdb	0	17.293	57.433	18.701
swarm_202_56.pdb	0	20.481	58.094	18.689
swarm_333_42.pdb	0	18.162	47.597	18.688
swarm_96_0.pdb	0	13.529	32.226	18.684
swarm_233_60.pdb	0	20.253	58.944	18.667
swarm_354_69.pdb	0	22.027	69.040	18.665
swarm_11_23.pdb	0	11.488	33.410	18.664
swarm_306_107.pdb	0	19.147	55.445	18.645
swarm_61_29.pdb	0	12.841	28.293	18.641
swarm_220_167.pdb	0	17.174	62.498	18.631
swarm_144_28.pdb	0	19.040	53.158	18.614
swarm_206_137.pdb	0	14.928	31.827	18.607
swarm_118_146.pdb	0.0733945	7.622	25.864	18.604
swarm_99_53.pdb	0	16.423	60.071	18.601
swarm_384_161.pdb	0.00917431	18.755	62.360	18.600
swarm_385_42.pdb	0	20.298	49.804	18.594
swarm_182_7.pdb	0	16.574	58.617	18.581
swarm_81_9.pdb	0	14.484	43.246	18.580
swarm_165_164.pdb	0	20.244	57.387	18.552
swarm_381_55.pdb	0	21.758	60.360	18.518
swarm_290_6.pdb	0	11.076	19.468	18.505
swarm_10_32.pdb	0	19.940	56.919	18.495
swarm_313_10.pdb	0	20.523	47.690	18.461
swarm_79_83.pdb	0	25.073	67.194	18.452
swarm_275_6.pdb	0	15.344	55.409	18.452
swarm_364_18.pdb	0	23.062	59.003	18.446
swarm_351_154.pdb	0	22.210	69.208	18.433
swarm_350_31.pdb	0.00917431	8.074	23.251	18.432
swarm_142_191.pdb	0	18.419	64.121	18.430
swarm_369_80.pdb	0	14.802	48.515	18.419
swarm_395_62.pdb	0	23.029	58.904	18.355
swarm_110_28.pdb	0	17.783	65.300	18.345
swarm_392_89.pdb	0.0183486	22.698	66.845	18.337
swarm_138_37.pdb	0	17.573	64.249	18.319
swarm_95_42.pdb	0	22.409	55.407	18.315
swarm_284_155.pdb	0	16.250	53.123	18.299
swarm_163_126.pdb	0	14.416	39.879	18.295
swarm_67_16.pdb	0	13.333	46.527	18.286
swarm_323_37.pdb	0	21.778	51.318	18.271
swarm_258_165.pdb	0	15.700	51.382	18.250
swarm_379_196.pdb	0	22.189	66.632	18.237
swarm_276_190.pdb	0	16.648	59.841	18.234
swarm_383_192.pdb	0	16.057	43.917	18.227
swarm_128_106.pdb	0	15.027	42.399	18.226
swarm_346_15.pdb	0	22.815	66.697	18.222
swarm_387_21.pdb	0	10.988	20.311	18.221
swarm_258_107.pdb	0	19.616	51.815	18.218
swarm_175_17.pdb	0	16.355	59.026	18.216
swarm_26_100.pdb	0	22.434	59.273	18.215
swarm_16_62.pdb	0	24.439	68.652	18.200
swarm_87_144.pdb	0	14.375	48.125	18.194
swarm_6_83.pdb	0	18.444	66.457	18.165
swarm_347_51.pdb	0	22.699	66.485	18.165
swarm_231_163.pdb	0	12.885	31.872	18.161
swarm_141_117.pdb	0.0458716	6.228	19.960	18.146
swarm_33_54.pdb	0	15.618	37.794	18.144
swarm_167_83.pdb	0	20.335	55.483	18.135
swarm_178_10.pdb	0	15.642	56.468	18.133
swarm_130_57.pdb	0	20.932	61.876	18.129
swarm_327_76.pdb	0	17.768	59.420	18.119
swarm_51_124.pdb	0.00917431	21.280	70.599	18.110
swarm_63_4.pdb	0.0183486	21.438	63.300	18.098
swarm_103_127.pdb	0	16.470	59.478	18.095
swarm_198_69.pdb	0	19.880	55.210	18.085
swarm_188_194.pdb	0	17.921	59.659	18.070
swarm_21_96.pdb	0.00917431	7.294	15.999	18.061
swarm_341_140.pdb	0.00917431	22.115	74.227	18.054
swarm_292_15.pdb	0	16.106	41.773	18.047
swarm_370_187.pdb	0	10.448	29.799	18.027
swarm_365_90.pdb	0	21.503	58.743	18.027
swarm_381_1.pdb	0	24.250	68.680	18.025
swarm_2_1.pdb	0	25.867	67.815	18.016
swarm_14_157.pdb	0.00917431	9.882	35.893	18.005
swarm_34_120.pdb	0	22.255	52.021	17.993
swarm_51_184.pdb	0	22.102	69.109	17.981
swarm_286_15.pdb	0	14.569	46.471	17.979
swarm_209_133.pdb	0	14.255	32.266	17.960
swarm_376_156.pdb	0	18.659	62.201	17.948
swarm_96_31.pdb	0	14.477	34.299	17.945
swarm_393_0.pdb	0	25.098	67.127	17.944
swarm_185_110.pdb	0.0458716	7.831	27.885	17.937
swarm_204_19.pdb	0	21.468	59.139	17.935
swarm_142_117.pdb	0	17.396	58.713	17.933
swarm_211_174.pdb	0	13.893	29.610	17.925
swarm_46_137.pdb	0.00917431	8.022	25.371	17.878
swarm_230_112.pdb	0	16.862	56.310	17.878
swarm_226_83.pdb	0	17.294	58.348	17.871
swarm_130_61.pdb	0	21.893	59.827	17.868
swarm_201_87.pdb	0	13.812	35.807	17.862
swarm_397_155.pdb	0	22.379	60.493	17.856
swarm_156_147.pdb	0	15.445	52.324	17.846
swarm_399_77.pdb	0	20.889	62.223	17.834
swarm_166_90.pdb	0	23.116	53.925	17.834
swarm_237_71.pdb	0	15.057	38.700	17.819
swarm_142_82.pdb	0	19.261	67.292	17.786
swarm_290_23.pdb	0.00917431	7.226	16.589	17.782
swarm_60_140.pdb	0	13.133	29.669	17.757
swarm_222_153.pdb	0	13.978	42.901	17.740
swarm_191_90.pdb	0	21.602	63.253	17.739
swarm_347_2.pdb	0.0183486	22.025	68.987	17.731
swarm_150_11.pdb	0	9.994	20.241	17.727
swarm_399_136.pdb	0	21.858	52.475	17.722
swarm_331_54.pdb	0	15.658	51.757	17.708
swarm_85_6.pdb	0.00917431	18.609	60.611	17.706
swarm_238_79.pdb	0	13.462	30.666	17.706
swarm_44_82.pdb	0.0366972	8.983	32.311	17.701
swarm_56_104.pdb	0	12.607	30.300	17.685
swarm_323_181.pdb	0	19.067	53.589	17.677
swarm_190_34.pdb	0	14.667	40.815	17.670
swarm_139_114.pdb	0	14.103	43.990	17.659
swarm_66_94.pdb	0	14.234	43.860	17.652
swarm_349_61.pdb	0	24.502	69.233	17.652
swarm_377_58.pdb	0.0733945	20.844	72.057	17.644
swarm_146_121.pdb	0	13.490	27.571	17.630
swarm_30_35.pdb	0	21.372	59.449	17.627
swarm_168_30.pdb	0	12.813	40.831	17.606
swarm_288_67.pdb	0	15.203	40.056	17.603
swarm_155_59.pdb	0.00917431	21.336	66.271	17.546
swarm_121_122.pdb	0.0366972	6.430	15.893	17.535
swarm_391_25.pdb	0	11.159	20.920	17.533
swarm_240_115.pdb	0	13.876	37.062	17.507
swarm_375_89.pdb	0	22.478	66.786	17.506
swarm_159_13.pdb	0	12.674	34.161	17.506
swarm_142_27.pdb	0	21.559	59.249	17.495
swarm_186_133.pdb	0.00917431	6.911	24.346	17.493
swarm_195_11.pdb	0.00917431	21.256	62.116	17.483
swarm_234_56.pdb	0	12.680	29.550	17.475
swarm_391_129.pdb	0	13.596	31.101	17.459
swarm_54_39.pdb	0.0642202	6.409	20.293	17.457
swarm_131_49.pdb	0	12.808	29.283	17.455
swarm_192_168.pdb	0	21.467	63.027	17.429
swarm_177_35.pdb	0	13.952	52.330	17.427
swarm_166_52.pdb	0	19.933	51.951	17.423
swarm_362_54.pdb	0	13.135	31.037	17.410
swarm_151_22.pdb	0	20.820	56.195	17.410
swarm_312_7.pdb	0	20.958	51.727	17.406
swarm_127_162.pdb	0	12.789	26.107	17.401
swarm_204_197.pdb	0	20.677	63.207	17.397
swarm_274_8.pdb	0	16.179	35.839	17.395
swarm_146_53.pdb	0	13.584	37.757	17.389
swarm_381_174.pdb	0.0183486	20.423	70.357	17.377
swarm_232_28.pdb	0	20.933	58.573	17.376
swarm_75_121.pdb	0	19.978	57.198	17.373
swarm_258_141.pdb	0	20.830	58.387	17.373
swarm_380_158.pdb	0.0917431	20.639	71.288	17.360
swarm_66_164.pdb	0	15.121	54.060	17.359
swarm_63_78.pdb	0	23.588	55.262	17.351
swarm_358_58.pdb	0	23.918	57.788	17.348
swarm_354_117.pdb	0	22.850	65.620	17.342
swarm_270_134.pdb	0	20.652	46.138	17.320
swarm_369_37.pdb	0	12.436	39.430	17.318
swarm_301_40.pdb	0	13.019	26.267	17.317
swarm_65_121.pdb	0	22.114	52.468	17.315
swarm_148_37.pdb	0.0550459	7.446	28.115	17.303
swarm_320_135.pdb	0	18.044	48.248	17.294
swarm_251_183.pdb	0	15.381	54.790	17.287
swarm_388_164.pdb	0	13.258	26.005	17.284
swarm_392_43.pdb	0	23.148	63.033	17.276
swarm_171_196.pdb	0	20.984	48.773	17.269
swarm_318_164.pdb	0	20.009	58.094	17.247
swarm_159_153.pdb	0	14.372	28.953	17.247
swarm_245_83.pdb	0	15.955	34.431	17.236
swarm_55_89.pdb	0	13.050	28.360	17.232
swarm_386_3.pdb	0	12.776	27.221	17.227
swarm_216_145.pdb	0	16.468	58.078	17.224
swarm_333_112.pdb	0	16.207	52.685	17.222
swarm_396_3.pdb	0	14.753	30.837	17.216
swarm_93_123.pdb	0	23.655	65.776	17.209
swarm_235_197.pdb	0	24.551	68.883	17.200
swarm_57_144.pdb	0	23.116	67.195	17.196
swarm_170_103.pdb	0	18.249	47.201	17.193
swarm_348_25.pdb	0.00917431	12.366	37.026	17.181
swarm_70_93.pdb	0	14.488	38.944	17.177
swarm_53_198.pdb	0	21.822	71.619	17.170
swarm_259_107.pdb	0	12.306	31.066	17.161
swarm_14_57.pdb	0	10.138	25.513	17.159
swarm_10_9.pdb	0.00917431	22.364	68.286	17.153
swarm_226_105.pdb	0	17.826	61.144	17.135
swarm_397_165.pdb	0.0183486	22.593	65.145	17.126
swarm_103_104.pdb	0.0366972	19.687	55.372	17.124
swarm_94_49.pdb	0	22.216	59.215	17.108
swarm_14_68.pdb	0.0366972	8.920	29.018	17.108
swarm_11_103.pdb	0	12.063	44.739	17.104
swarm_235_103.pdb	0	22.671	69.657	17.101
swarm_89_47.pdb	0	23.220	64.974	17.097
swarm_20_137.pdb	0	8.960	15.358	17.089
swarm_130_191.pdb	0	23.419	65.355	17.067
swarm_116_122.pdb	0.0825688	19.951	66.783	17.060
swarm_336_102.pdb	0	24.935	68.789	17.059
swarm_263_186.pdb	0	19.586	47.444	17.056
swarm_214_55.pdb	0	14.331	32.163	17.055
swarm_346_47.pdb	0	22.486	64.052	17.052
swarm_19_155.pdb	0.00917431	21.118	71.447	17.052
swarm_168_0.pdb	0	10.769	34.203	17.040
swarm_165_100.pdb	0	22.928	59.972	17.038
swarm_104_163.pdb	0	13.610	52.519	17.031
swarm_113_190.pdb	0	8.405	30.274	17.027
swarm_95_193.pdb	0	19.773	60.760	17.013
swarm_218_141.pdb	0	17.049	48.999	17.008
swarm_59_92.pdb	0	22.322	61.965	17.006
swarm_342_183.pdb	0	15.047	37.805	17.001
swarm_173_23.pdb	0	16.530	61.072	16.965
swarm_34_78.pdb	0	22.118	51.029	16.962
swarm_83_4.pdb	0	14.118	49.912	16.937
swarm_133_127.pdb	0	22.097	57.864	16.930
swarm_17_106.pdb	0	14.691	51.226	16.929
swarm_396_73.pdb	0	19.081	40.655	16.927
swarm_379_164.pdb	0	24.322	67.570	16.924
swarm_376_57.pdb	0	22.251	63.137	16.924
swarm_360_63.pdb	0	25.172	68.398	16.903
swarm_206_173.pdb	0	12.800	33.572	16.903
swarm_309_188.pdb	0	16.639	43.501	16.882
swarm_176_114.pdb	0	16.590	61.616	16.873
swarm_20_31.pdb	0.0275229	7.411	19.376	16.863
swarm_352_174.pdb	0	20.639	69.413	16.844
swarm_77_113.pdb	0.0183486	20.634	71.155	16.835
swarm_226_172.pdb	0.00917431	20.139	69.531	16.828
swarm_384_6.pdb	0	22.009	58.951	16.825
swarm_217_107.pdb	0.00917431	12.272	44.297	16.824
swarm_394_59.pdb	0	22.500	62.570	16.818
swarm_127_128.pdb	0	12.364	31.912	16.813
swarm_129_143.pdb	0	18.384	52.218	16.808
swarm_81_112.pdb	0	11.473	30.886	16.806
swarm_397_170.pdb	0	22.939	60.012	16.802
swarm_105_14.pdb	0	14.550	49.390	16.787
swarm_250_58.pdb	0	16.315	58.789	16.780
swarm_181_81.pdb	0	18.028	64.394	16.744
swarm_174_79.pdb	0	13.936	48.267	16.734
swarm_71_54.pdb	0	17.767	64.992	16.732
swarm_22_81.pdb	0	23.844	69.997	16.725
swarm_216_63.pdb	0	14.553	48.076	16.721
swarm_79_2.pdb	0	22.039	71.872	16.706
swarm_228_82.pdb	0	19.224	65.883	16.703
swarm_379_187.pdb	0	24.064	70.401	16.697
swarm_311_57.pdb	0	14.454	40.671	16.691
swarm_386_17.pdb	0	12.959	29.885	16.686
swarm_34_111.pdb	0	20.931	59.373	16.677
swarm_15_42.pdb	0.0366972	20.910	68.415	16.669
swarm_343_146.pdb	0	21.226	51.303	16.646
swarm_373_176.pdb	0	22.719	63.783	16.645
swarm_3_146.pdb	0	23.355	55.447	16.643
swarm_96_80.pdb	0	15.930	33.423	16.631
swarm_83_89.pdb	0	16.270	43.475	16.615
swarm_214_85.pdb	0	15.391	32.408	16.611
swarm_195_110.pdb	0	21.660	62.558	16.603
swarm_241_163.pdb	0	22.197	52.108	16.598
swarm_181_161.pdb	0	15.203	53.433	16.582
swarm_6_15.pdb	0.00917431	19.894	59.334	16.575
swarm_69_23.pdb	0	17.635	64.349	16.570
swarm_147_160.pdb	0	21.744	62.643	16.549
swarm_196_182.pdb	0	21.023	62.350	16.548
swarm_76_138.pdb	0.00917431	11.215	41.291	16.540
swarm_158_81.pdb	0.0550459	5.981	13.422	16.529
swarm_213_126.pdb	0	20.864	48.310	16.496
swarm_393_15.pdb	0	23.639	57.933	16.492
swarm_340_138.pdb	0	23.266	70.459	16.491
swarm_339_13.pdb	0	22.156	65.833	16.473
swarm_153_111.pdb	0	11.886	30.738	16.471
swarm_399_143.pdb	0	23.542	55.839	16.464
swarm_346_125.pdb	0	22.690	66.581	16.462
swarm_67_157.pdb	0	14.311	44.699	16.456
swarm_122_81.pdb	0	12.352	28.082	16.444
swarm_198_139.pdb	0	16.160	52.114	16.432
swarm_282_19.pdb	0	17.216	57.345	16.431
swarm_362_111.pdb	0	11.422	21.519	16.429
swarm_254_98.pdb	0	13.123	49.734	16.418
swarm_385_189.pdb	0	20.911	57.023	16.389
swarm_350_183.pdb	0.119266	6.130	21.458	16.375
swarm_90_166.pdb	0	23.784	69.024	16.345
swarm_270_5.pdb	0	14.977	32.752	16.342
swarm_282_150.pdb	0	19.624	57.268	16.341
swarm_354_167.pdb	0	25.162	70.846	16.317
swarm_125_155.pdb	0	21.405	59.048	16.301
swarm_76_181.pdb	0	10.800	32.096	16.292
swarm_248_151.pdb	0	14.878	53.017	16.288
swarm_20_172.pdb	0	8.220	20.177	16.272
swarm_352_136.pdb	0	18.364	52.746	16.270
swarm_365_101.pdb	0	23.552	55.895	16.258
swarm_5_84.pdb	0	14.818	44.366	16.246
swarm_199_54.pdb	0	10.853	31.629	16.242
swarm_36_141.pdb	0	16.395	48.364	16.235
swarm_27_77.pdb	0	20.263	51.583	16.231
swarm_194_180.pdb	0	21.420	56.818	16.231
swarm_371_106.pdb	0	22.250	62.128	16.229
swarm_341_65.pdb	0.0366972	22.741	77.698	16.225
swarm_306_21.pdb	0	17.177	59.697	16.223
swarm_129_87.pdb	0	20.888	56.781	16.216
swarm_247_150.pdb	0	16.140	59.863	16.212
swarm_144_110.pdb	0	17.887	59.349	16.210
swarm_328_37.pdb	0	16.967	59.496	16.199
swarm_317_194.pdb	0	16.467	46.854	16.190
swarm_82_111.pdb	0.0550459	20.838	72.825	16.189
swarm_279_7.pdb	0	22.362	74.959	16.183
swarm_244_199.pdb	0	20.873	46.471	16.178
swarm_143_65.pdb	0	12.473	38.391	16.178
swarm_9_66.pdb	0	12.151	39.067	16.164
swarm_358_139.pdb	0	22.046	57.008	16.149
swarm_129_108.pdb	0	19.917	50.261	16.130
swarm_20_156.pdb	0	11.733	22.845	16.105
swarm_133_48.pdb	0	21.580	64.020	16.105
swarm_212_130.pdb	0.0275229	20.383	56.947	16.100
swarm_53_98.pdb	0	20.944	69.915	16.098
swarm_64_42.pdb	0	21.148	56.799	16.096
swarm_242_8.pdb	0	23.788	57.508	16.072
swarm_56_163.pdb	0	11.859	24.908	16.069
swarm_82_170.pdb	0	21.276	63.297	16.056
swarm_85_58.pdb	0	16.061	51.081	16.040
swarm_354_129.pdb	0.0366972	22.753	78.031	16.039
swarm_41_137.pdb	0.00917431	18.749	56.701	16.037
swarm_99_142.pdb	0	18.558	64.235	16.032
swarm_24_123.pdb	0.0733945	6.203	22.063	15.995
swarm_89_89.pdb	0	22.102	59.454	15.988
swarm_20_110.pdb	0	10.683	20.688	15.982
swarm_134_167.pdb	0	18.200	36.576	15.979
swarm_157_108.pdb	0.00917431	12.211	39.205	15.974
swarm_41_49.pdb	0	18.924	67.456	15.972
swarm_147_115.pdb	0	21.704	59.349	15.967
swarm_71_30.pdb	0.00917431	18.707	55.265	15.962
swarm_52_67.pdb	0	12.781	25.729	15.958
swarm_22_151.pdb	0.00917431	21.185	70.483	15.957
swarm_92_29.pdb	0	21.334	63.783	15.939
swarm_172_173.pdb	0	14.946	54.076	15.937
swarm_25_128.pdb	0.00917431	22.746	64.620	15.934
swarm_364_43.pdb	0.00917431	22.571	65.286	15.924
swarm_146_52.pdb	0.00917431	9.701	27.749	15.908
swarm_304_56.pdb	0	18.112	49.773	15.899
swarm_32_97.pdb	0	23.013	53.419	15.894
swarm_363_17.pdb	0	11.506	22.412	15.887
swarm_72_23.pdb	0	18.645	66.269	15.885
swarm_308_112.pdb	0.0183486	14.656	49.683	15.883
swarm_357_40.pdb	0	9.146	15.765	15.869
swarm_114_1.pdb	0	19.807	60.398	15.846
swarm_306_6.pdb	0.0275229	15.316	48.687	15.840
swarm_146_97.pdb	0	13.006	30.564	15.836
swarm_148_72.pdb	0	11.452	31.464	15.835
swarm_73_188.pdb	0	12.168	41.355	15.830
swarm_8_16.pdb	0	22.804	64.335	15.808
swarm_122_151.pdb	0	10.906	31.343	15.798
swarm_202_65.pdb	0	16.565	53.297	15.792
swarm_359_10.pdb	0	11.040	18.775	15.785
swarm_105_36.pdb	0	12.694	40.539	15.784
swarm_337_68.pdb	0	23.777	66.685	15.783
swarm_44_73.pdb	0	12.596	39.755	15.773
swarm_193_106.pdb	0	11.709	29.807	15.766
swarm_164_71.pdb	0	11.972	31.154	15.763
swarm_78_102.pdb	0.0550459	20.813	67.409	15.760
swarm_337_96.pdb	0	24.255	70.530	15.755
swarm_32_115.pdb	0	22.210	61.098	15.755
swarm_125_60.pdb	0	22.043	64.629	15.750
swarm_228_123.pdb	0	22.413	63.763	15.748
swarm_353_66.pdb	0.0733945	8.115	28.905	15.743
swarm_126_71.pdb	0.00917431	21.214	67.549	15.733
swarm_251_21.pdb	0	18.172	62.085	15.730
swarm_138_198.pdb	0	20.855	63.465	15.726
swarm_182_65.pdb	0	17.062	59.157	15.720
swarm_41_144.pdb	0	18.860	64.221	15.713
swarm_19_112.pdb	0	22.471	59.459	15.707
swarm_43_44.pdb	0.00917431	19.814	59.090	15.703
swarm_9_60.pdb	0	11.724	40.625	15.695
swarm_304_74.pdb	0	15.797	52.505	15.688
swarm_152_174.pdb	0	11.359	30.868	15.685
swarm_252_120.pdb	0	18.658	65.420	15.672
swarm_224_54.pdb	0	22.736	73.369	15.669
swarm_117_49.pdb	0	12.746	38.580	15.667
swarm_257_192.pdb	0.00917431	22.808	73.043	15.655
swarm_77_183.pdb	0	18.850	53.385	15.646
swarm_71_127.pdb	0.00917431	17.789	52.876	15.646
swarm_36_4.pdb	0	15.917	54.575	15.641
swarm_136_118.pdb	0	14.819	50.552	15.641
swarm_268_89.pdb	0	15.534	38.115	15.638
swarm_29_109.pdb	0	14.526	29.411	15.628
swarm_59_38.pdb	0	22.069	63.413	15.627
swarm_151_12.pdb	0	21.190	59.261	15.621
swarm_262_33.pdb	0	12.018	33.646	15.620
swarm_366_24.pdb	0	12.219	37.703	15.605
swarm_239_156.pdb	0	16.301	33.387	15.601
swarm_7_165.pdb	0	12.185	41.824	15.599
swarm_5_114.pdb	0	12.638	45.167	15.584
swarm_111_141.pdb	0	13.128	40.012	15.581
swarm_372_168.pdb	0	12.950	40.282	15.563
swarm_257_130.pdb	0	22.414	66.009	15.561
swarm_388_170.pdb	0	11.182	20.314	15.560
swarm_4_76.pdb	0	14.604	52.276	15.549
swarm_279_71.pdb	0	24.335	70.271	15.549
swarm_54_142.pdb	0.0183486	5.660	16.883	15.548
swarm_80_74.pdb	0.0458716	20.882	72.689	15.541
swarm_162_116.pdb	0	10.933	31.394	15.537
swarm_350_180.pdb	0.0458716	6.506	17.595	15.534
swarm_39_122.pdb	0.00917431	18.777	56.639	15.525
swarm_351_171.pdb	0.0183486	22.068	75.274	15.520
swarm_92_160.pdb	0	22.475	62.086	15.518
swarm_195_40.pdb	0	20.333	70.012	15.510
swarm_28_161.pdb	0	15.413	28.774	15.509
swarm_99_81.pdb	0.0366972	20.109	56.461	15.504
swarm_91_95.pdb	0	13.302	25.644	15.483
swarm_27_79.pdb	0	24.218	66.570	15.470
swarm_253_64.pdb	0.0366972	16.008	51.413	15.470
swarm_279_151.pdb	0	23.416	69.781	15.450
swarm_285_194.pdb	0.0183486	18.930	63.898	15.447
swarm_268_173.pdb	0	15.782	38.753	15.428
swarm_190_72.pdb	0	15.807	37.351	15.391
swarm_353_104.pdb	0.00917431	8.225	20.939	15.388
swarm_235_19.pdb	0	23.315	69.708	15.386
swarm_397_30.pdb	0	22.120	64.252	15.367
swarm_302_125.pdb	0	14.196	48.819	15.364
swarm_15_119.pdb	0	22.852	69.079	15.355
swarm_54_143.pdb	0	12.089	27.789	15.354
swarm_14_144.pdb	0.00917431	11.265	41.866	15.352
swarm_190_159.pdb	0	13.962	45.097	15.349
swarm_368_101.pdb	0.00917431	19.882	59.643	15.348
swarm_40_145.pdb	0	12.017	39.709	15.341
swarm_325_65.pdb	0	16.720	58.838	15.332
swarm_72_64.pdb	0	19.217	70.208	15.331
swarm_352_178.pdb	0	22.280	60.648	15.310
swarm_395_143.pdb	0	24.248	58.203	15.292
swarm_280_136.pdb	0	15.883	43.639	15.283
swarm_350_173.pdb	0.0458716	7.548	20.032	15.277
swarm_76_38.pdb	0	12.183	44.995	15.264
swarm_223_113.pdb	0	25.329	67.959	15.256
swarm_134_161.pdb	0	15.167	28.028	15.255
swarm_349_151.pdb	0.00917431	21.802	75.873	15.254
swarm_268_60.pdb	0	14.382	47.200	15.252
swarm_344_0.pdb	0	15.601	49.740	15.251
swarm_70_129.pdb	0	14.320	47.326	15.248
swarm_373_47.pdb	0	23.179	67.892	15.236
swarm_395_90.pdb	0	22.477	62.577	15.228
swarm_387_187.pdb	0	11.741	24.023	15.227
swarm_108_116.pdb	0.00917431	10.247	38.252	15.220
swarm_68_21.pdb	0	26.128	70.345	15.219
swarm_11_31.pdb	0	12.181	45.329	15.216
swarm_94_62.pdb	0	21.770	62.943	15.208
swarm_29_3.pdb	0	14.476	28.672	15.193
swarm_114_138.pdb	0.0183486	20.436	64.704	15.193
swarm_121_127.pdb	0.0550459	7.202	20.769	15.179
swarm_376_143.pdb	0	23.780	66.681	15.176
swarm_124_171.pdb	0.0733945	8.349	30.897	15.176
swarm_398_174.pdb	0	14.547	31.626	15.173
swarm_359_152.pdb	0	11.146	21.217	15.157
swarm_99_134.pdb	0	17.525	51.321	15.138
swarm_393_89.pdb	0	22.652	63.407	15.138
swarm_111_172.pdb	0.00917431	11.191	41.407	15.121
swarm_357_169.pdb	0	12.237	22.422	15.120
swarm_7_47.pdb	0	11.596	35.333	15.113
swarm_342_92.pdb	0	15.143	39.294	15.107
swarm_25_108.pdb	0	22.499	63.874	15.107
swarm_184_112.pdb	0	21.211	60.590	15.099
swarm_28_137.pdb	0	15.247	33.459	15.094
swarm_114_154.pdb	0	21.831	67.232	15.089
swarm_315_39.pdb	0	20.883	58.786	15.083
swarm_71_185.pdb	0	18.884	68.953	15.082
swarm_134_85.pdb	0	11.437	28.095	15.076
swarm_375_29.pdb	0.0458716	21.014	74.093	15.075
swarm_38_167.pdb	0	11.913	34.731	15.071
swarm_38_86.pdb	0	14.649	46.482	15.070
swarm_378_90.pdb	0	12.156	23.459	15.061
swarm_182_120.pdb	0.0458716	15.741	52.647	15.054
swarm_11_123.pdb	0	14.731	46.542	15.051
swarm_86_129.pdb	0.0183486	21.663	66.172	15.049
swarm_223_2.pdb	0	26.247	70.759	15.041
swarm_23_181.pdb	0.0275229	6.942	12.685	15.038
swarm_256_124.pdb	0	12.575	37.955	15.024
swarm_24_56.pdb	0	8.656	21.787	15.021
swarm_344_146.pdb	0	15.457	48.779	15.003
swarm_222_74.pdb	0	13.934	45.966	14.997
swarm_359_32.pdb	0	13.960	28.845	14.995
swarm_13_33.pdb	0	10.886	34.463	14.991
swarm_335_113.pdb	0.00917431	9.187	33.855	14.984
swarm_27_174.pdb	0	26.639	65.464	14.981
swarm_285_69.pdb	0	17.210	57.585	14.968
swarm_366_120.pdb	0	15.768	45.950	14.953
swarm_235_136.pdb	0	22.709	75.483	14.938
swarm_5_77.pdb	0	12.002	39.534	14.936
swarm_18_172.pdb	0	24.544	71.780	14.935
swarm_46_32.pdb	0	11.558	21.604	14.915
swarm_200_5.pdb	0	20.196	64.722	14.909
swarm_12_41.pdb	0	22.024	65.858	14.896
swarm_103_139.pdb	0.0733945	15.945	52.422	14.890
swarm_16_179.pdb	0	22.173	64.771	14.875
swarm_278_134.pdb	0	20.368	58.585	14.849
swarm_312_195.pdb	0	24.645	59.113	14.829
swarm_165_11.pdb	0	18.077	57.806	14.827
swarm_56_173.pdb	0	9.870	30.211	14.826
swarm_372_72.pdb	0	11.006	32.303	14.816
swarm_62_134.pdb	0	24.214	63.817	14.804
swarm_199_93.pdb	0	12.308	32.876	14.800
swarm_110_164.pdb	0	22.048	64.565	14.798
swarm_0_20.pdb	0	25.593	68.883	14.796
swarm_289_80.pdb	0	16.723	50.220	14.788
swarm_245_81.pdb	0	20.777	45.823	14.775
swarm_301_26.pdb	0	8.518	22.894	14.768
swarm_185_68.pdb	0.0275229	9.281	32.270	14.757
swarm_37_10.pdb	0	17.939	65.169	14.738
swarm_340_192.pdb	0	26.167	71.790	14.730
swarm_390_185.pdb	0	13.455	25.428	14.720
swarm_157_54.pdb	0	10.508	36.491	14.718
swarm_53_57.pdb	0	24.210	69.845	14.711
swarm_75_23.pdb	0	22.732	62.602	14.694
swarm_361_41.pdb	0	12.677	23.584	14.692
swarm_349_102.pdb	0	22.701	66.486	14.687
swarm_169_198.pdb	0	20.286	44.628	14.682
swarm_135_95.pdb	0	14.324	37.750	14.677
swarm_37_170.pdb	0.00917431	20.001	60.452	14.676
swarm_40_59.pdb	0	13.587	43.869	14.671
swarm_394_44.pdb	0	22.546	60.171	14.665
swarm_186_143.pdb	0	11.132	27.685	14.650
swarm_106_182.pdb	0	22.620	65.473	14.646
swarm_375_195.pdb	0	22.023	70.718	14.627
swarm_96_146.pdb	0	18.998	39.323	14.609
swarm_131_150.pdb	0	13.901	28.096	14.600
swarm_4_99.pdb	0	15.244	46.473	14.598
swarm_26_117.pdb	0	22.292	64.274	14.593
swarm_257_67.pdb	0	23.245	76.780	14.584
swarm_31_120.pdb	0	13.847	30.875	14.565
swarm_57_33.pdb	0	23.665	72.723	14.562
swarm_317_87.pdb	0	14.626	49.012	14.559
swarm_281_148.pdb	0	13.037	48.901	14.558
swarm_50_90.pdb	0.0183486	7.489	24.719	14.548
swarm_41_110.pdb	0	20.447	62.083	14.546
swarm_35_19.pdb	0	23.448	71.652	14.527
swarm_139_128.pdb	0	12.423	47.217	14.524
swarm_226_119.pdb	0.0183486	18.187	62.521	14.501
swarm_197_182.pdb	0	23.448	66.723	14.489
swarm_159_131.pdb	0	11.045	27.790	14.487
swarm_339_85.pdb	0.0183486	22.833	75.033	14.484
swarm_385_20.pdb	0	19.376	62.483	14.483
swarm_142_81.pdb	0	22.777	66.528	14.483
swarm_84_153.pdb	0	21.270	67.311	14.467
swarm_35_67.pdb	0	21.757	65.439	14.458
swarm_73_1.pdb	0	10.543	34.330	14.456
swarm_43_150.pdb	0	20.076	69.590	14.447
swarm_374_15.pdb	0	24.337	71.913	14.445
swarm_226_199.pdb	0	21.578	59.198	14.429
swarm_152_175.pdb	0	8.896	23.408	14.417
swarm_230_186.pdb	0	20.098	54.935	14.408
swarm_140_196.pdb	0.00917431	10.179	37.425	14.400
swarm_252_89.pdb	0	17.507	54.446	14.398
swarm_343_139.pdb	0	19.868	65.555	14.394
swarm_69_170.pdb	0	19.042	66.960	14.389
swarm_340_179.pdb	0	23.294	70.763	14.389
swarm_143_168.pdb	0	12.421	36.312	14.389
swarm_136_125.pdb	0	17.037	60.328	14.387
swarm_295_153.pdb	0	19.299	41.474	14.386
swarm_257_189.pdb	0	25.273	68.973	14.386
swarm_23_189.pdb	0.0733945	5.765	12.041	14.378
swarm_50_198.pdb	0	8.740	22.586	14.370
swarm_115_1.pdb	0	11.042	33.166	14.365
swarm_344_64.pdb	0	12.685	37.772	14.320
swarm_138_78.pdb	0	16.463	56.645	14.312
swarm_185_150.pdb	0	11.531	32.408	14.311
swarm_52_30.pdb	0.0183486	9.406	20.275	14.310
swarm_14_124.pdb	0	10.644	34.116	14.309
swarm_52_17.pdb	0	9.370	20.353	14.303
swarm_30_12.pdb	0	24.384	57.894	14.292
swarm_133_186.pdb	0	23.647	58.343	14.265
swarm_364_113.pdb	0	25.693	67.055	14.263
swarm_112_73.pdb	0	10.753	30.251	14.261
swarm_339_12.pdb	0	26.469	71.883	14.256
swarm_252_153.pdb	0.0183486	17.661	51.079	14.249
swarm_248_68.pdb	0	17.423	53.184	14.241
swarm_89_126.pdb	0	21.054	61.516	14.234
swarm_201_13.pdb	0	15.221	41.760	14.210
swarm_395_189.pdb	0.0366972	20.752	64.322	14.209
swarm_75_170.pdb	0	18.077	66.342	14.207
swarm_125_196.pdb	0	20.631	65.712	14.176
swarm_131_99.pdb	0	14.850	27.386	14.165
swarm_391_54.pdb	0	15.634	31.717	14.150
swarm_212_76.pdb	0	22.899	56.099	14.141
swarm_145_19.pdb	0.0183486	20.923	67.912	14.124
swarm_115_35.pdb	0	12.488	45.075	14.117
swarm_153_70.pdb	0	14.064	36.017	14.093
swarm_76_125.pdb	0.00917431	8.337	32.258	14.076
swarm_360_28.pdb	0	25.323	68.431	14.068
swarm_58_67.pdb	0.00917431	23.714	68.317	14.066
swarm_244_51.pdb	0	18.911	39.484	14.038
swarm_50_196.pdb	0	11.589	27.943	14.030
swarm_116_84.pdb	0.0366972	21.071	73.018	14.028
swarm_42_25.pdb	0.0275229	9.305	34.559	14.024
swarm_393_184.pdb	0	24.662	67.278	14.020
swarm_86_60.pdb	0.0183486	19.920	63.122	14.012
swarm_42_113.pdb	0	10.760	30.719	13.997
swarm_55_64.pdb	0	11.099	20.508	13.983
swarm_149_11.pdb	0	11.675	31.540	13.981
swarm_336_1.pdb	0.00917431	22.225	73.741	13.974
swarm_60_193.pdb	0	16.265	31.125	13.971
swarm_370_9.pdb	0	12.626	44.485	13.966
swarm_109_101.pdb	0	12.293	46.054	13.947
swarm_205_10.pdb	0	20.510	48.136	13.945
swarm_361_16.pdb	0	13.422	24.463	13.930
swarm_346_88.pdb	0	23.792	71.880	13.917
swarm_386_105.pdb	0.00917431	9.359	26.630	13.916
swarm_90_177.pdb	0	21.681	71.507	13.897
swarm_243_63.pdb	0	19.447	40.046	13.889
swarm_97_99.pdb	0	20.692	54.716	13.873
swarm_86_198.pdb	0	21.459	68.960	13.864
swarm_338_108.pdb	0	14.865	39.936	13.856
swarm_370_12.pdb	0	11.175	36.714	13.852
swarm_60_36.pdb	0	11.173	24.372	13.849
swarm_234_197.pdb	0	11.980	36.863	13.846
swarm_40_125.pdb	0	13.736	47.609	13.842
swarm_54_120.pdb	0	10.146	24.774	13.835
swarm_334_187.pdb	0	25.464	60.925	13.833
swarm_33_91.pdb	0	13.970	30.577	13.826
swarm_98_109.pdb	0	19.476	41.400	13.815
swarm_372_176.pdb	0	10.506	34.357	13.814
swarm_383_172.pdb	0	13.865	47.541	13.809
swarm_189_52.pdb	0	23.618	69.967	13.801
swarm_197_16.pdb	0.00917431	22.802	67.851	13.786
swarm_41_69.pdb	0	24.453	69.425	13.782
swarm_23_94.pdb	0	11.320	20.307	13.778
swarm_228_75.pdb	0	17.633	60.837	13.767
swarm_123_159.pdb	0	10.648	19.152	13.765
swarm_13_139.pdb	0.00917431	11.730	30.457	13.756
swarm_18_97.pdb	0.0275229	21.914	76.501	13.748
swarm_13_8.pdb	0.0275229	10.277	37.267	13.748
swarm_34_150.pdb	0	20.503	61.931	13.740
swarm_246_28.pdb	0.0458716	8.965	32.865	13.739
swarm_145_136.pdb	0	22.076	63.595	13.732
swarm_347_136.pdb	0.00917431	21.623	74.200	13.723
swarm_109_24.pdb	0	12.854	36.898	13.716
swarm_371_13.pdb	0	22.676	67.895	13.704
swarm_157_191.pdb	0	14.164	36.419	13.692
swarm_44_54.pdb	0.00917431	10.123	37.534	13.687
swarm_80_123.pdb	0	22.226	62.635	13.686
swarm_249_59.pdb	0	16.233	58.770	13.682
swarm_290_158.pdb	0.00917431	8.553	19.185	13.668
swarm_103_150.pdb	0.00917431	22.190	63.936	13.666
swarm_42_120.pdb	0.00917431	10.339	38.619	13.658
swarm_79_106.pdb	0	24.683	70.703	13.657
swarm_108_104.pdb	0	14.828	46.228	13.646
swarm_23_4.pdb	0	13.555	23.373	13.639
swarm_390_126.pdb	0	13.467	23.127	13.625
swarm_368_86.pdb	0.00917431	22.879	65.596	13.609
swarm_127_23.pdb	0	10.909	28.453	13.605
swarm_65_66.pdb	0	20.904	62.605	13.603
swarm_12_52.pdb	0.00917431	22.996	70.786	13.598
swarm_370_180.pdb	0	10.622	40.297	13.572
swarm_336_78.pdb	0.00917431	21.499	73.918	13.569
swarm_146_167.pdb	0	10.931	36.571	13.569
swarm_109_156.pdb	0	12.919	40.976	13.562
swarm_33_4.pdb	0	19.107	38.937	13.560
swarm_313_150.pdb	0	14.073	38.102	13.553
swarm_63_27.pdb	0	25.152	62.920	13.545
swarm_294_156.pdb	0	19.343	45.914	13.545
swarm_249_46.pdb	0	16.003	51.440	13.545
swarm_112_123.pdb	0	15.700	33.098	13.544
swarm_396_132.pdb	0	16.345	32.514	13.534
swarm_97_20.pdb	0	23.056	60.932	13.526
swarm_173_115.pdb	0	15.804	56.323	13.517
swarm_373_142.pdb	0.0550459	21.371	70.174	13.515
swarm_55_51.pdb	0	8.994	17.195	13.512
swarm_346_17.pdb	0.00917431	21.790	76.856	13.506
swarm_0_22.pdb	0	26.128	71.667	13.506
swarm_97_10.pdb	0	24.252	57.841	13.505
swarm_224_18.pdb	0	23.880	72.406	13.504
swarm_131_76.pdb	0	10.300	25.759	13.502
swarm_73_41.pdb	0	12.410	34.309	13.497
swarm_3_20.pdb	0	22.780	58.665	13.493
swarm_208_192.pdb	0	19.268	55.779	13.493
swarm_36_160.pdb	0	14.906	47.837	13.491
swarm_91_97.pdb	0.0550459	4.557	13.096	13.482
swarm_115_7.pdb	0.0183486	8.923	33.154	13.473
swarm_145_77.pdb	0	20.886	62.956	13.466
swarm_65_90.pdb	0	22.358	58.821	13.463
swarm_215_174.pdb	0	19.348	53.537	13.461
swarm_88_10.pdb	0.119266	5.330	10.719	13.453
swarm_378_63.pdb	0	12.326	31.812	13.448
swarm_23_82.pdb	0	10.911	21.683	13.441
swarm_118_141.pdb	0	11.611	27.891	13.436
swarm_41_28.pdb	0	20.197	68.905	13.428
swarm_21_199.pdb	0	12.570	21.672	13.419
swarm_381_99.pdb	0	21.141	63.525	13.412
swarm_224_72.pdb	0	22.783	67.254	13.403
swarm_383_74.pdb	0	16.091	41.022	13.399
swarm_91_31.pdb	0	9.202	17.676	13.395
swarm_80_17.pdb	0	21.350	69.208	13.389
swarm_35_90.pdb	0	25.894	70.284	13.383
swarm_347_78.pdb	0	25.696	71.051	13.383
swarm_29_64.pdb	0	19.267	39.577	13.380
swarm_185_101.pdb	0.0275229	10.340	37.598	13.375
swarm_60_103.pdb	0	13.779	26.619	13.374
swarm_38_62.pdb	0	10.622	34.026	13.360
swarm_137_159.pdb	0	16.976	50.945	13.357
swarm_358_130.pdb	0	20.213	61.899	13.356
swarm_323_76.pdb	0	20.147	60.259	13.356
swarm_192_154.pdb	0	19.035	55.608	13.350
swarm_12_183.pdb	0	24.441	71.607	13.342
swarm_242_148.pdb	0	23.384	59.944	13.340
swarm_57_35.pdb	0	26.461	72.196	13.335
swarm_337_162.pdb	0.00917431	22.992	71.441	13.330
swarm_390_115.pdb	0	9.620	18.975	13.328
swarm_153_92.pdb	0	11.178	35.443	13.325
swarm_131_3.pdb	0	10.643	21.452	13.319
swarm_209_31.pdb	0	17.669	35.239	13.311
swarm_98_144.pdb	0	15.587	30.489	13.298
swarm_152_102.pdb	0.0183486	7.955	24.440	13.297
swarm_379_112.pdb	0	25.073	71.062	13.295
swarm_101_27.pdb	0.0183486	10.480	29.687	13.264
swarm_91_98.pdb	0	9.204	24.478	13.262
swarm_390_190.pdb	0.00917431	9.627	16.784	13.257
swarm_378_174.pdb	0.00917431	9.282	24.321	13.249
swarm_376_145.pdb	0.00917431	21.470	73.318	13.233
swarm_46_112.pdb	0.00917431	9.569	22.104	13.231
swarm_392_190.pdb	0	22.325	65.624	13.220
swarm_216_98.pdb	0.00917431	20.272	58.365	13.205
swarm_363_77.pdb	0	14.006	27.745	13.195
swarm_143_142.pdb	0	14.536	48.480	13.190
swarm_31_187.pdb	0	13.704	28.213	13.184
swarm_375_174.pdb	0	22.648	65.069	13.178
swarm_363_24.pdb	0	15.911	35.950	13.176
swarm_4_62.pdb	0	16.172	51.237	13.175
swarm_246_15.pdb	0.0550459	7.486	24.148	13.172
swarm_291_49.pdb	0	16.340	49.833	13.165
swarm_74_184.pdb	0	22.797	66.025	13.149
swarm_25_188.pdb	0.00917431	24.937	69.006	13.135
swarm_24_22.pdb	0.0183486	10.083	35.408	13.126
swarm_273_74.pdb	0	19.870	41.468	13.124
swarm_398_127.pdb	0	14.876	33.411	13.120
swarm_256_42.pdb	0	12.108	38.845	13.120
swarm_252_65.pdb	0.0458716	16.109	54.309	13.119
swarm_364_81.pdb	0	22.542	60.907	13.111
swarm_77_199.pdb	0	20.807	61.093	13.105
swarm_204_90.pdb	0	20.097	62.442	13.095
swarm_179_43.pdb	0	13.017	32.013	13.087
swarm_126_175.pdb	0	24.159	66.871	13.065
swarm_78_52.pdb	0.0183486	19.198	60.049	13.053
swarm_42_170.pdb	0	13.743	42.082	13.051
swarm_266_110.pdb	0	19.768	41.751	13.035
swarm_341_73.pdb	0	22.099	72.917	13.022
swarm_1_187.pdb	0	17.066	42.292	13.020
swarm_395_110.pdb	0	25.190	66.249	13.009
swarm_46_53.pdb	0.00917431	10.565	23.451	13.006
swarm_340_150.pdb	0	22.802	74.176	12.999
swarm_123_114.pdb	0	12.415	21.651	12.991
swarm_326_85.pdb	0	17.938	51.281	12.989
swarm_88_185.pdb	0	9.404	18.060	12.981
swarm_124_12.pdb	0	9.023	25.834	12.960
swarm_148_12.pdb	0.0275229	8.818	31.874	12.941
swarm_377_75.pdb	0.0366972	21.736	74.332	12.925
swarm_395_186.pdb	0	25.597	63.045	12.922
swarm_15_48.pdb	0.0366972	21.580	71.357	12.915
swarm_356_130.pdb	0	13.226	31.152	12.913
swarm_46_5.pdb	0.00917431	10.261	30.476	12.885
swarm_357_60.pdb	0	13.724	26.456	12.869
swarm_148_42.pdb	0	9.490	27.319	12.846
swarm_28_112.pdb	0	11.376	25.935	12.843
swarm_113_126.pdb	0	9.887	26.063	12.825
swarm_226_25.pdb	0	22.495	65.909	12.823
swarm_112_42.pdb	0	10.969	36.243	12.821
swarm_68_185.pdb	0	23.585	63.345	12.815
swarm_263_45.pdb	0	15.368	39.792	12.811
swarm_139_122.pdb	0.00917431	13.746	43.405	12.810
swarm_338_168.pdb	0	11.979	34.086	12.807
swarm_374_146.pdb	0.00917431	22.985	72.008	12.795
swarm_39_199.pdb	0.0183486	21.347	67.739	12.779
swarm_79_6.pdb	0	26.262	72.478	12.770
swarm_301_86.pdb	0	10.312	22.857	12.731
swarm_343_66.pdb	0	23.033	62.246	12.722
swarm_383_170.pdb	0	14.835	52.153	12.714
swarm_253_158.pdb	0	19.612	57.291	12.710
swarm_37_142.pdb	0.00917431	21.804	60.399	12.706
swarm_392_53.pdb	0	25.671	68.986	12.695
swarm_352_154.pdb	0.00917431	18.032	59.623	12.682
swarm_379_4.pdb	0.0183486	22.680	73.420	12.679
swarm_361_37.pdb	0	10.794	22.815	12.674
swarm_367_135.pdb	0	14.856	41.490	12.669
swarm_260_102.pdb	0	16.101	45.871	12.668
swarm_301_13.pdb	0	11.645	32.304	12.644
swarm_35_186.pdb	0	22.523	68.968	12.627
swarm_10_184.pdb	0	22.914	66.188	12.623
swarm_276_76.pdb	0.0275229	16.048	54.794	12.619
swarm_173_90.pdb	0.0183486	20.960	59.616	12.619
swarm_21_12.pdb	0	9.456	17.882	12.618
swarm_370_25.pdb	0	12.028	44.717	12.617
swarm_95_151.pdb	0	24.087	58.301	12.614
swarm_70_10.pdb	0	13.962	53.537	12.614
swarm_64_128.pdb	0	24.079	60.651	12.584
swarm_349_4.pdb	0	23.169	68.800	12.582
swarm_117_108.pdb	0	11.711	36.449	12.581
swarm_399_45.pdb	0	23.727	63.691	12.565
swarm_193_44.pdb	0.0183486	12.156	42.499	12.562
swarm_365_8.pdb	0	23.528	61.887	12.557
swarm_241_129.pdb	0	18.975	46.858	12.547
swarm_111_105.pdb	0	9.506	31.645	12.542
swarm_346_106.pdb	0	22.307	76.823	12.532
swarm_255_183.pdb	0	12.727	37.056	12.521
swarm_44_103.pdb	0	10.399	28.688	12.510
swarm_312_17.pdb	0	22.184	62.283	12.509
swarm_375_141.pdb	0	25.640	71.250	12.502
swarm_55_52.pdb	0.00917431	8.661	15.186	12.500
swarm_389_8.pdb	0	23.013	68.142	12.485
swarm_233_18.pdb	0	20.247	63.819	12.479
swarm_71_115.pdb	0	23.392	66.315	12.456
swarm_210_91.pdb	0	17.143	40.581	12.445
swarm_3_30.pdb	0	22.020	61.250	12.429
swarm_398_152.pdb	0	17.030	33.766	12.415
swarm_273_100.pdb	0	19.041	42.592	12.413
swarm_369_156.pdb	0	12.616	42.443	12.396
swarm_92_65.pdb	0	21.177	69.419	12.382
swarm_182_124.pdb	0	23.088	65.490	12.379
swarm_111_71.pdb	0	8.606	29.685	12.374
swarm_60_141.pdb	0	10.469	21.579	12.368
swarm_343_52.pdb	0	23.102	56.443	12.355
swarm_13_23.pdb	0.0366972	12.247	37.900	12.324
swarm_117_112.pdb	0	12.875	37.156	12.322
swarm_78_40.pdb	0	21.895	67.159	12.295
swarm_342_135.pdb	0	14.916	45.910	12.287
swarm_166_134.pdb	0	22.264	64.051	12.280
swarm_348_176.pdb	0	11.752	30.586	12.271
swarm_88_83.pdb	0	13.079	23.635	12.244
swarm_313_177.pdb	0	18.103	38.391	12.241
swarm_147_166.pdb	0	20.527	70.745	12.231
swarm_394_136.pdb	0	25.219	68.418	12.228
swarm_12_21.pdb	0.00917431	22.122	63.417	12.228
swarm_385_118.pdb	0	18.155	58.573	12.226
swarm_212_132.pdb	0	26.306	63.931	12.216
swarm_85_28.pdb	0	21.681	52.806	12.214
swarm_108_192.pdb	0	12.506	37.024	12.210
swarm_68_74.pdb	0	21.507	65.024	12.195
swarm_74_63.pdb	0	23.942	69.987	12.192
swarm_389_120.pdb	0	24.990	71.316	12.192
swarm_393_54.pdb	0	23.627	65.803	12.179
swarm_325_195.pdb	0	17.953	50.072	12.174
swarm_159_68.pdb	0	9.733	30.482	12.169
swarm_96_60.pdb	0	18.319	37.485	12.138
swarm_379_72.pdb	0.0183486	22.422	79.010	12.126
swarm_69_119.pdb	0.0183486	21.807	61.848	12.122
swarm_196_185.pdb	0	19.929	65.981	12.113
swarm_52_62.pdb	0.0183486	5.788	14.162	12.103
swarm_345_134.pdb	0.0458716	10.938	39.247	12.103
swarm_43_76.pdb	0	21.830	74.749	12.091
swarm_367_126.pdb	0	12.064	33.957	12.083
swarm_124_102.pdb	0	13.753	32.949	12.068
swarm_33_3.pdb	0	14.151	30.289	12.067
swarm_357_65.pdb	0	10.813	21.138	12.061
swarm_363_116.pdb	0	14.685	26.435	12.058
swarm_43_88.pdb	0	23.798	67.990	12.044
swarm_155_130.pdb	0	24.253	67.386	12.002
swarm_365_194.pdb	0	24.949	66.816	11.999
swarm_344_132.pdb	0	13.529	44.729	11.984
swarm_290_127.pdb	0	10.727	24.318	11.979
swarm_380_187.pdb	0.0183486	22.387	79.070	11.960
swarm_256_38.pdb	0	11.916	31.574	11.939
swarm_31_113.pdb	0	18.580	37.452	11.921
swarm_123_82.pdb	0	9.264	16.477	11.901
swarm_362_84.pdb	0	15.185	31.084	11.897
swarm_221_73.pdb	0	12.517	46.180	11.890
swarm_190_145.pdb	0	16.469	40.625	11.890
swarm_351_89.pdb	0	21.254	70.532	11.888
swarm_156_1.pdb	0	16.847	48.015	11.888
swarm_50_70.pdb	0	11.951	23.303	11.885
swarm_235_169.pdb	0	25.278	70.487	11.875
swarm_211_23.pdb	0	15.342	41.388	11.873
swarm_74_198.pdb	0.0275229	20.510	65.795	11.862
swarm_135_4.pdb	0	15.238	45.343	11.860
swarm_367_195.pdb	0	12.243	40.607	11.859
swarm_328_71.pdb	0	17.817	54.773	11.829
swarm_152_132.pdb	0.0275229	8.613	29.437	11.825
swarm_340_36.pdb	0	24.172	70.170	11.817
swarm_307_143.pdb	0	15.161	48.447	11.810
swarm_24_94.pdb	0.0550459	8.684	21.574	11.810
swarm_71_142.pdb	0	19.169	68.827	11.795
swarm_320_102.pdb	0	19.678	46.794	11.784
swarm_353_146.pdb	0.00917431	10.015	23.211	11.777
swarm_335_59.pdb	0.00917431	12.070	34.866	11.775
swarm_287_165.pdb	0	19.527	51.959	11.775
swarm_356_92.pdb	0	10.630	34.526	11.753
swarm_176_108.pdb	0.0458716	20.649	61.114	11.734
swarm_113_189.pdb	0.0366972	10.545	36.020	11.733
swarm_23_77.pdb	0	10.865	18.903	11.681
swarm_231_78.pdb	0.0275229	11.400	39.105	11.653
swarm_380_160.pdb	0	26.759	73.647	11.649
swarm_101_180.pdb	0	9.509	28.751	11.634
swarm_155_54.pdb	0.0275229	21.115	68.604	11.628
swarm_304_177.pdb	0	18.487	56.665	11.624
swarm_211_38.pdb	0	18.595	38.648	11.621
swarm_391_20.pdb	0	11.329	27.914	11.599
swarm_361_124.pdb	0	10.642	21.898	11.587
swarm_101_70.pdb	0	12.929	34.674	11.585
swarm_375_137.pdb	0.0275229	21.603	75.524	11.583
swarm_399_37.pdb	0	22.956	60.788	11.579
swarm_347_185.pdb	0.00917431	22.124	77.090	11.574
swarm_246_51.pdb	0	12.065	25.690	11.574
swarm_181_155.pdb	0	19.346	59.145	11.569
swarm_246_129.pdb	0.0642202	8.675	23.255	11.563
swarm_114_124.pdb	0.00917431	19.700	62.696	11.563
swarm_33_142.pdb	0	12.588	28.792	11.550
swarm_12_186.pdb	0	21.410	66.928	11.549
swarm_359_54.pdb	0	15.214	28.593	11.548
swarm_114_175.pdb	0	20.286	56.218	11.526
swarm_15_62.pdb	0	24.492	67.602	11.504
swarm_244_188.pdb	0	15.643	34.132	11.498
swarm_127_177.pdb	0	12.154	26.426	11.491
swarm_384_195.pdb	0	23.834	64.198	11.482
swarm_179_5.pdb	0	13.644	36.646	11.472
swarm_328_185.pdb	0	14.143	46.395	11.466
swarm_124_167.pdb	0	13.019	24.700	11.462
swarm_117_58.pdb	0.0183486	10.509	38.832	11.462
swarm_198_142.pdb	0	19.073	62.344	11.451
swarm_153_98.pdb	0	12.182	34.348	11.433
swarm_27_6.pdb	0	21.668	59.827	11.416
swarm_81_95.pdb	0.00917431	9.750	33.951	11.404
swarm_387_117.pdb	0	10.600	24.759	11.393
swarm_108_170.pdb	0	11.492	43.132	11.393
swarm_31_71.pdb	0	16.002	33.838	11.387
swarm_349_107.pdb	0.0550459	19.525	65.686	11.383
swarm_162_68.pdb	0	17.250	36.136	11.374
swarm_151_183.pdb	0.00917431	20.686	67.593	11.374
swarm_112_22.pdb	0	11.412	26.910	11.367
swarm_388_97.pdb	0	13.841	28.597	11.366
swarm_29_68.pdb	0	18.493	37.803	11.363
swarm_398_68.pdb	0	14.903	27.156	11.358
swarm_284_51.pdb	0	19.866	57.130	11.349
swarm_368_183.pdb	0.00917431	21.576	75.978	11.345
swarm_359_51.pdb	0	10.581	23.984	11.344
swarm_378_45.pdb	0	11.393	24.991	11.339
swarm_65_12.pdb	0	25.364	60.590	11.334
swarm_13_66.pdb	0	10.088	24.982	11.320
swarm_388_103.pdb	0	11.347	26.202	11.319
swarm_398_142.pdb	0	18.490	37.258	11.317
swarm_108_172.pdb	0	12.350	36.579	11.317
swarm_46_12.pdb	0.0366972	9.446	32.815	11.314
swarm_361_144.pdb	0	15.816	28.698	11.289
swarm_26_40.pdb	0	26.036	66.757	11.276
swarm_192_120.pdb	0	19.319	66.313	11.270
swarm_179_26.pdb	0	10.482	33.135	11.259
swarm_387_51.pdb	0	13.418	26.463	11.251
swarm_63_191.pdb	0	25.087	63.685	11.237
swarm_359_176.pdb	0	13.536	23.003	11.233
swarm_349_193.pdb	0	21.259	70.730	11.217
swarm_387_89.pdb	0	12.975	21.728	11.213
swarm_356_48.pdb	0	15.340	38.632	11.202
swarm_344_142.pdb	0	13.459	44.335	11.199
swarm_158_34.pdb	0	11.015	20.849	11.198
swarm_385_30.pdb	0	19.620	56.853	11.196
swarm_103_57.pdb	0.00917431	19.511	59.706	11.195
swarm_101_119.pdb	0.0275229	12.069	42.562	11.188
swarm_44_74.pdb	0.0183486	8.559	30.328	11.185
swarm_363_103.pdb	0	14.212	28.971	11.176
swarm_361_99.pdb	0	10.046	18.636	11.167
swarm_396_94.pdb	0	15.063	30.715	11.155
swarm_325_5.pdb	0	14.769	47.425	11.138
swarm_15_19.pdb	0.0275229	22.006	76.857	11.121
swarm_19_109.pdb	0	22.856	66.416	11.108
swarm_251_127.pdb	0.0275229	17.377	53.173	11.101
swarm_84_55.pdb	0	24.436	66.442	11.098
swarm_84_28.pdb	0.00917431	21.390	72.971	11.090
swarm_257_22.pdb	0	23.865	69.905	11.085
swarm_72_163.pdb	0.00917431	22.769	66.193	11.068
swarm_8_110.pdb	0.00917431	21.552	66.168	11.066
swarm_339_23.pdb	0	25.928	73.703	11.064
swarm_35_88.pdb	0	24.822	66.401	11.050
swarm_149_88.pdb	0	11.072	38.657	11.037
swarm_115_196.pdb	0.0183486	9.204	31.103	10.974
swarm_103_196.pdb	0	22.170	64.197	10.942
swarm_210_38.pdb	0	20.350	45.675	10.908
swarm_192_61.pdb	0	19.971	60.762	10.897
swarm_26_75.pdb	0	25.222	68.198	10.890
swarm_113_171.pdb	0.0366972	8.175	25.121	10.888
swarm_337_188.pdb	0	23.241	79.673	10.886
swarm_57_153.pdb	0	23.389	74.398	10.878
swarm_253_0.pdb	0.00917431	16.474	55.635	10.875
swarm_144_23.pdb	0	20.187	69.602	10.848
swarm_190_192.pdb	0	14.408	43.189	10.793
swarm_368_189.pdb	0.0183486	19.599	63.154	10.792
swarm_169_151.pdb	0	17.864	38.233	10.780
swarm_398_128.pdb	0	12.540	27.141	10.777
swarm_14_171.pdb	0.00917431	10.262	37.392	10.752
swarm_268_9.pdb	0	14.577	44.724	10.747
swarm_28_103.pdb	0	18.020	35.165	10.729
swarm_1_141.pdb	0	15.898	44.351	10.711
swarm_62_89.pdb	0	24.461	67.408	10.708
swarm_10_125.pdb	0.00917431	21.415	75.125	10.708
swarm_68_150.pdb	0	22.805	69.441	10.697
swarm_362_142.pdb	0	11.454	27.542	10.677
swarm_130_32.pdb	0	20.811	68.048	10.656
swarm_68_83.pdb	0	21.616	69.251	10.636
swarm_11_88.pdb	0	13.538	45.441	10.608
swarm_246_196.pdb	0	9.490	21.197	10.595
swarm_33_74.pdb	0	17.816	40.421	10.594
swarm_367_40.pdb	0	14.381	35.964	10.590
swarm_335_123.pdb	0	9.880	28.704	10.586
swarm_157_55.pdb	0	10.820	35.904	10.576
swarm_122_76.pdb	0.0550459	8.651	25.038	10.571
swarm_226_174.pdb	0	17.652	49.240	10.567
swarm_342_160.pdb	0	18.939	47.691	10.564
swarm_389_40.pdb	0	24.019	64.578	10.563
swarm_330_16.pdb	0.00917431	15.302	51.304	10.525
swarm_122_195.pdb	0	11.342	23.695	10.499
swarm_239_71.pdb	0	20.004	43.082	10.485
swarm_335_75.pdb	0	10.416	26.772	10.480
swarm_345_170.pdb	0.00917431	12.448	37.512	10.470
swarm_352_199.pdb	0	23.544	68.801	10.468
swarm_233_128.pdb	0	19.357	56.754	10.464
swarm_201_96.pdb	0	13.831	32.199	10.459
swarm_1_194.pdb	0	13.178	42.544	10.448
swarm_373_7.pdb	0.0183486	22.190	77.430	10.443
swarm_341_126.pdb	0	27.377	74.910	10.440
swarm_33_192.pdb	0	16.201	31.943	10.437
swarm_312_164.pdb	0	21.194	62.654	10.423
swarm_154_9.pdb	0	20.907	68.628	10.422
swarm_4_130.pdb	0	12.765	44.643	10.412
swarm_346_53.pdb	0.0183486	23.049	74.597	10.395
swarm_368_130.pdb	0.00917431	20.934	63.345	10.394
swarm_168_161.pdb	0	12.036	42.030	10.388
swarm_394_5.pdb	0	23.490	62.257	10.362
swarm_255_115.pdb	0.00917431	14.044	44.356	10.354
swarm_260_135.pdb	0	19.995	47.109	10.352
swarm_147_139.pdb	0.00917431	19.593	60.395	10.351
swarm_0_63.pdb	0	26.678	73.709	10.351
swarm_334_97.pdb	0	21.488	66.204	10.312
swarm_135_126.pdb	0	19.074	43.911	10.303
swarm_319_21.pdb	0	19.056	54.875	10.301
swarm_274_155.pdb	0	17.026	40.098	10.296
swarm_101_112.pdb	0.00917431	10.986	35.539	10.229
swarm_90_146.pdb	0	28.839	76.333	10.225
swarm_93_87.pdb	0.00917431	25.622	68.409	10.222
swarm_195_34.pdb	0.00917431	21.613	72.543	10.216
swarm_149_15.pdb	0	13.636	40.972	10.216
swarm_91_137.pdb	0	11.601	21.202	10.165
swarm_28_75.pdb	0	14.649	29.278	10.142
swarm_54_82.pdb	0	11.055	21.190	10.130
swarm_24_44.pdb	0.00917431	9.752	23.806	10.130
swarm_235_16.pdb	0	23.253	78.551	10.130
swarm_356_112.pdb	0	15.140	42.803	10.117
swarm_375_121.pdb	0.00917431	22.002	70.330	10.108
swarm_366_189.pdb	0	12.897	37.829	10.108
swarm_201_158.pdb	0	15.231	38.418	10.099
swarm_273_178.pdb	0	21.368	49.038	10.068
swarm_347_67.pdb	0.00917431	22.378	73.178	10.067
swarm_343_145.pdb	0	19.388	58.698	10.057
swarm_163_140.pdb	0	13.304	32.770	10.057
swarm_351_91.pdb	0	26.559	72.647	10.039
swarm_337_14.pdb	0	23.971	68.523	10.035
swarm_181_172.pdb	0	17.064	55.970	10.020
swarm_13_115.pdb	0	12.512	32.427	9.979
swarm_371_30.pdb	0	21.832	76.025	9.971
swarm_345_106.pdb	0.0183486	10.892	27.556	9.958
swarm_110_124.pdb	0	19.455	64.649	9.956
swarm_138_171.pdb	0	21.632	62.892	9.934
swarm_363_13.pdb	0	13.962	26.603	9.906
swarm_363_75.pdb	0	12.079	26.535	9.904
swarm_24_58.pdb	0.0366972	9.925	31.259	9.884
swarm_101_133.pdb	0	10.095	34.545	9.880
swarm_334_21.pdb	0	24.768	70.497	9.862
swarm_223_92.pdb	0	25.107	66.531	9.819
swarm_80_192.pdb	0.0275229	20.936	72.342	9.805
swarm_303_191.pdb	0.00917431	15.646	56.052	9.791
swarm_360_169.pdb	0	24.188	66.088	9.789
swarm_68_25.pdb	0	25.700	66.868	9.788
swarm_124_98.pdb	0.0183486	11.731	30.170	9.759
swarm_35_185.pdb	0	24.121	74.263	9.751
swarm_360_50.pdb	0	22.357	66.236	9.741
swarm_1_78.pdb	0	14.516	39.366	9.729
swarm_19_89.pdb	0	21.697	63.358	9.721
swarm_356_196.pdb	0	13.563	42.447	9.720
swarm_246_181.pdb	0	14.164	28.829	9.690
swarm_345_53.pdb	0.0275229	10.901	37.803	9.668
swarm_396_2.pdb	0	17.691	35.386	9.659
swarm_16_1.pdb	0	23.835	72.181	9.641
swarm_251_115.pdb	0.00917431	20.076	57.284	9.629
swarm_179_181.pdb	0.0275229	13.348	40.709	9.601
swarm_168_102.pdb	0	11.420	32.491	9.577
swarm_21_83.pdb	0	11.960	20.393	9.576
swarm_320_51.pdb	0	17.401	47.072	9.554
swarm_389_13.pdb	0	23.194	66.602	9.540
swarm_141_148.pdb	0.0183486	10.976	32.419	9.538
swarm_107_0.pdb	0.0183486	9.059	31.711	9.538
swarm_339_177.pdb	0	23.943	74.153	9.533
swarm_356_152.pdb	0	13.337	35.375	9.531
swarm_387_11.pdb	0	11.350	19.108	9.522
swarm_79_7.pdb	0	25.136	69.300	9.506
swarm_190_19.pdb	0	15.175	40.781	9.500
swarm_212_106.pdb	0	23.163	64.888	9.496
swarm_66_78.pdb	0	16.376	53.303	9.470
swarm_364_68.pdb	0	27.673	66.762	9.461
swarm_52_21.pdb	0.00917431	8.087	14.023	9.434
swarm_129_177.pdb	0	23.975	56.948	9.430
swarm_223_85.pdb	0	23.884	70.793	9.420
swarm_224_13.pdb	0	24.477	73.806	9.384
swarm_7_107.pdb	0	12.721	45.299	9.358
swarm_37_185.pdb	0.00917431	20.752	63.361	9.357
swarm_281_76.pdb	0	14.957	48.929	9.334
swarm_345_169.pdb	0	10.027	27.726	9.319
swarm_285_113.pdb	0.0183486	14.699	49.777	9.302
swarm_102_128.pdb	0	13.164	44.227	9.263
swarm_344_18.pdb	0	13.489	44.840	9.258
swarm_362_32.pdb	0	18.821	36.704	9.226
swarm_135_123.pdb	0	14.420	37.005	9.201
swarm_233_62.pdb	0	19.086	64.335	9.145
swarm_264_57.pdb	0	18.467	40.196	9.143
swarm_390_29.pdb	0	11.299	22.463	9.135
swarm_334_130.pdb	0	25.443	72.167	9.130
swarm_321_38.pdb	0	18.325	42.908	9.128
swarm_0_176.pdb	0	26.968	70.070	9.109
swarm_120_44.pdb	0	26.362	74.268	9.106
swarm_340_140.pdb	0	23.365	72.201	9.105
swarm_161_53.pdb	0	23.013	57.617	9.099
swarm_268_134.pdb	0	15.195	41.276	9.096
swarm_370_63.pdb	0	14.150	43.421	9.083
swarm_32_37.pdb	0	25.435	61.601	9.052
swarm_301_108.pdb	0	12.748	27.898	9.051
swarm_186_71.pdb	0.0550459	9.102	29.791	9.045
swarm_357_96.pdb	0	12.074	23.237	8.987
swarm_323_96.pdb	0	23.843	69.835	8.987
swarm_200_68.pdb	0	18.976	51.272	8.961
swarm_203_196.pdb	0	18.912	41.055	8.948
swarm_231_43.pdb	0.00917431	14.200	46.051	8.940
swarm_254_182.pdb	0.0183486	13.813	43.742	8.905
swarm_3_42.pdb	0	25.645	63.319	8.902
swarm_2_107.pdb	0	24.548	70.444	8.902
swarm_23_56.pdb	0	13.773	24.758	8.876
swarm_357_177.pdb	0	12.949	22.009	8.804
swarm_376_79.pdb	0	25.044	75.565	8.793
swarm_209_168.pdb	0	18.819	41.830	8.789
swarm_323_47.pdb	0	24.866	60.752	8.756
swarm_343_88.pdb	0	26.022	67.541	8.739
swarm_390_66.pdb	0	11.115	19.298	8.727
swarm_167_68.pdb	0	24.729	60.851	8.726
swarm_161_157.pdb	0	20.840	66.089	8.689
swarm_72_52.pdb	0	19.457	60.113	8.645
swarm_113_62.pdb	0.0275229	12.213	30.982	8.584
swarm_67_118.pdb	0	16.065	50.692	8.560
swarm_389_1.pdb	0	27.555	72.716	8.559
swarm_367_92.pdb	0	14.761	35.682	8.513
swarm_351_15.pdb	0.00917431	22.939	79.317	8.509
swarm_246_149.pdb	0.0458716	8.637	26.850	8.509
swarm_112_122.pdb	0	14.048	33.760	8.462
swarm_335_197.pdb	0.0458716	8.982	28.867	8.453
swarm_49_95.pdb	0	10.747	27.623	8.388
swarm_141_34.pdb	0.0183486	10.997	31.143	8.340
swarm_136_31.pdb	0	16.232	48.540	8.337
swarm_94_122.pdb	0	21.962	63.290	8.323
swarm_135_163.pdb	0	14.718	48.191	8.309
swarm_367_163.pdb	0	14.946	33.100	8.303
swarm_11_40.pdb	0.00917431	10.906	38.790	8.294
swarm_366_54.pdb	0	13.833	47.603	8.259
swarm_391_85.pdb	0	14.072	25.100	8.236
swarm_365_35.pdb	0	27.837	67.882	8.223
swarm_35_93.pdb	0	24.042	76.987	8.211
swarm_93_175.pdb	0	22.466	74.974	8.096
swarm_128_39.pdb	0	18.770	45.663	8.086
swarm_332_157.pdb	0.00917431	15.180	51.546	8.077
swarm_123_122.pdb	0	10.679	20.226	7.980
swarm_276_26.pdb	0.0183486	15.504	46.688	7.927
swarm_281_179.pdb	0.0183486	12.859	40.736	7.914
swarm_179_162.pdb	0	13.020	30.551	7.901
swarm_382_125.pdb	0	12.295	29.360	7.897
swarm_0_180.pdb	0	23.917	70.511	7.873
swarm_179_149.pdb	0	13.426	41.888	7.870
swarm_224_71.pdb	0	23.773	79.603	7.827
swarm_334_135.pdb	0	28.073	69.898	7.718
swarm_61_88.pdb	0	13.576	29.741	7.668
swarm_257_89.pdb	0	23.665	72.689	7.627
swarm_146_33.pdb	0	16.687	37.974	7.607
swarm_367_99.pdb	0	16.090	33.433	7.604
swarm_385_107.pdb	0	24.409	64.692	7.602
swarm_41_46.pdb	0.00917431	21.371	66.108	7.596
swarm_19_4.pdb	0	18.975	51.820	7.548
swarm_28_79.pdb	0	11.900	24.225	7.433
swarm_169_52.pdb	0	19.791	39.484	7.383
swarm_342_176.pdb	0	18.742	45.245	7.343
swarm_374_156.pdb	0	24.856	78.879	7.273
swarm_59_9.pdb	0	25.628	69.623	7.248
swarm_362_110.pdb	0	13.071	27.200	7.086
swarm_34_198.pdb	0	25.811	61.777	7.067
swarm_358_87.pdb	0	25.963	62.128	7.048
swarm_56_31.pdb	0	16.665	35.240	6.905
swarm_348_159.pdb	0	17.053	42.486	6.878
swarm_122_128.pdb	0	9.580	22.384	6.793
swarm_178_72.pdb	0.0366972	18.816	54.276	6.574
swarm_51_95.pdb	0	26.899	74.743	6.561
swarm_368_154.pdb	0.0642202	20.762	67.534	6.487
swarm_103_20.pdb	0.00917431	17.168	61.521	6.476
swarm_182_173.pdb	0.00917431	20.960	58.471	6.271
swarm_218_169.pdb	0.0183486	15.223	54.592	6.270
swarm_15_152.pdb	0	20.304	59.097	6.201
swarm_15_23.pdb	0	25.907	74.396	6.161
swarm_73_47.pdb	0	16.695	47.001	5.950
swarm_218_67.pdb	0.0825688	16.162	53.070	5.906
swarm_44_41.pdb	0.0183486	9.381	27.795	5.874
swarm_49_110.pdb	0	8.714	21.996	5.751
swarm_338_142.pdb	0	14.250	37.920	5.727
swarm_219_111.pdb	0	17.237	47.799	5.709
swarm_183_108.pdb	0	19.590	58.990	5.683
swarm_107_28.pdb	0.00917431	11.855	37.072	5.655
swarm_18_178.pdb	0	27.986	79.289	5.607
swarm_47_105.pdb	0	17.418	47.040	5.340
swarm_49_85.pdb	0.0183486	10.561	29.587	5.212
swarm_212_192.pdb	0	25.806	71.133	5.157
swarm_378_155.pdb	0	15.142	32.727	5.111
swarm_113_191.pdb	0	8.558	29.588	4.958
swarm_146_35.pdb	0	18.668	39.978	4.936
swarm_382_184.pdb	0.0183486	10.562	26.047	4.904
swarm_46_31.pdb	0	14.283	27.907	4.853
swarm_220_156.pdb	0	21.657	60.901	4.802
swarm_352_141.pdb	0	25.832	69.938	4.745
swarm_384_114.pdb	0	24.180	63.709	4.726
swarm_382_103.pdb	0.0733945	7.192	27.154	4.691
swarm_180_106.pdb	0.0458716	20.955	59.121	4.629
swarm_305_28.pdb	0	14.707	51.703	4.576
swarm_396_150.pdb	0	11.600	24.219	3.857
swarm_231_84.pdb	0.00917431	12.713	36.493	3.852
swarm_373_116.pdb	0.0275229	20.259	64.860	2.819
swarm_347_112.pdb	0	23.023	67.014	2.800
swarm_121_169.pdb	0	10.730	21.241	2.451
swarm_7_187.pdb	0	12.875	41.561	2.152
swarm_52_70.pdb	0	8.817	14.864	2.103
swarm_119_139.pdb	0	10.540	20.569	1.897
swarm_382_98.pdb	0.155963	4.550	19.632	1.137
swarm_304_148.pdb	0.0366972	14.860	51.122	0.742
swarm_164_57.pdb	0	10.470	25.166	0.579
swarm_152_134.pdb	0.00917431	8.861	30.382	0.572
swarm_168_50.pdb	0	10.943	28.089	0.285
swarm_175_141.pdb	0.0183486	15.520	56.207	-0.025
swarm_6_194.pdb	0.0366972	21.556	64.657	-0.034
swarm_153_185.pdb	0.0733945	9.317	26.369	-0.446
swarm_138_14.pdb	0	18.914	57.709	-0.524
swarm_260_195.pdb	0	18.076	49.162	-0.807
swarm_350_182.pdb	0.00917431	8.501	16.725	-0.852
swarm_78_75.pdb	0.00917431	19.529	60.551	-1.671
swarm_206_14.pdb	0	12.965	23.846	-1.837
swarm_124_106.pdb	0	11.173	33.265	-1.842
swarm_109_106.pdb	0	13.249	43.879	-2.078
swarm_249_120.pdb	0	16.582	47.449	-2.508
swarm_123_32.pdb	0.0275229	8.301	18.802	-2.529
swarm_149_110.pdb	0.0458716	7.543	28.282	-2.896
swarm_88_94.pdb	0.0275229	7.590	13.996	-3.145
swarm_201_138.pdb	0	14.686	31.866	-3.380
swarm_39_21.pdb	0	17.074	59.548	-3.849
swarm_121_47.pdb	0	9.517	19.738	-3.857
swarm_300_137.pdb	0	18.876	52.550	-4.926
swarm_54_145.pdb	0.0275229	8.368	16.015	-5.295
swarm_123_189.pdb	0	8.375	16.802	-5.490
swarm_55_105.pdb	0	11.893	21.213	-5.515
swarm_316_132.pdb	0	16.292	51.811	-5.939
swarm_19_79.pdb	0.00917431	21.065	63.699	-5.996
swarm_357_85.pdb	0	13.245	24.460	-6.123
swarm_42_150.pdb	0.0642202	8.502	31.010	-6.180
swarm_246_6.pdb	0.0183486	7.978	21.350	-6.475
swarm_139_197.pdb	0.00917431	10.268	38.539	-7.152
swarm_229_24.pdb	0.0183486	10.049	26.056	-7.714
swarm_122_46.pdb	0.0550459	8.252	28.987	-8.005
swarm_19_195.pdb	0	21.275	61.142	-8.145
swarm_287_180.pdb	0.0642202	15.036	44.050	-8.947
swarm_206_147.pdb	0.00917431	10.244	27.890	-9.390
swarm_179_169.pdb	0	13.742	33.577	-9.413
swarm_303_131.pdb	0.0366972	12.061	41.473	-9.875
swarm_14_40.pdb	0.0825688	8.409	31.987	-10.272
swarm_21_174.pdb	0	10.753	19.590	-11.307
swarm_173_126.pdb	0	17.402	54.453	-11.743
swarm_311_91.pdb	0	15.215	39.253	-11.825
swarm_42_93.pdb	0	8.855	31.658	-11.976
swarm_106_55.pdb	0.0366972	18.374	65.451	-12.111
swarm_173_13.pdb	0	16.453	55.867	-12.441
swarm_148_97.pdb	0	8.961	21.816	-12.471
swarm_47_131.pdb	0	12.853	38.153	-12.540
swarm_159_169.pdb	0.0183486	9.076	20.217	-12.543
swarm_229_16.pdb	0	9.715	20.976	-12.818
swarm_149_161.pdb	0.0183486	10.490	31.254	-12.828
swarm_158_28.pdb	0	10.737	18.330	-13.134
swarm_20_54.pdb	0	10.717	19.829	-13.201
swarm_352_176.pdb	0	20.411	58.014	-13.536
swarm_381_65.pdb	0	19.431	56.297	-13.934
swarm_345_60.pdb	0.110092	7.562	29.504	-15.128
swarm_372_65.pdb	0.00917431	9.768	33.008	-16.459
swarm_124_6.pdb	0	10.294	25.941	-17.259
swarm_234_79.pdb	0.100917	8.164	28.511	-18.003
swarm_225_199.pdb	0.0642202	8.260	27.229	-18.080
swarm_107_132.pdb	0.0183486	8.574	28.636	-18.469
swarm_71_199.pdb	0	15.894	52.633	-19.941
swarm_188_66.pdb	0.0275229	15.545	53.008	-19.958
swarm_330_118.pdb	0.00917431	18.080	53.804	-20.402
swarm_148_33.pdb	0.0550459	8.769	30.244	-20.575
swarm_99_150.pdb	0.0275229	19.094	57.837	-20.667
swarm_37_57.pdb	0.00917431	20.463	59.825	-20.811
swarm_122_121.pdb	0.0275229	8.640	16.905	-21.225
swarm_277_44.pdb	0	13.347	37.973	-21.376
swarm_166_29.pdb	0.00917431	19.484	54.492	-22.100
swarm_131_110.pdb	0.0183486	9.249	23.072	-22.512
swarm_153_55.pdb	0.0275229	9.666	33.809	-22.892
swarm_174_6.pdb	0.00917431	14.465	48.458	-24.718
swarm_244_80.pdb	0.0183486	12.750	29.157	-26.779
swarm_164_80.pdb	0	12.925	27.788	-27.835
swarm_181_117.pdb	0	20.875	59.808	-27.973
swarm_151_129.pdb	0.0642202	18.905	53.643	-28.322
swarm_187_4.pdb	0.174312	18.388	60.376	-28.847
swarm_91_136.pdb	0.0275229	8.866	18.317	-29.709
swarm_60_176.pdb	0	10.315	18.223	-29.975
swarm_69_167.pdb	0.0275229	15.330	50.357	-33.819
swarm_50_7.pdb	0.0642202	9.434	24.849	-39.074
swarm_188_44.pdb	0	17.410	52.977	-40.610
swarm_141_90.pdb	0.00917431	7.277	21.667	-41.229
swarm_93_57.pdb	0.0366972	18.770	58.298	-42.244
swarm_44_84.pdb	0.110092	7.282	29.050	-42.670
swarm_105_29.pdb	0.0366972	10.307	37.709	-43.773
swarm_158_174.pdb	0.0183486	9.554	20.791	-44.198
swarm_66_148.pdb	0.00917431	16.220	48.323	-47.709
swarm_321_171.pdb	0	10.579	29.497	-51.356
swarm_225_161.pdb	0.0183486	10.266	32.144	-51.744
swarm_102_87.pdb	0.0642202	12.032	42.374	-53.097
swarm_196_177.pdb	0.0733945	17.810	53.447	-53.656
swarm_310_25.pdb	0	11.596	29.908	-58.812
swarm_225_164.pdb	0.0825688	7.885	23.324	-60.650
swarm_142_144.pdb	0.110092	17.747	56.948	-61.841
swarm_176_139.pdb	0.0366972	19.600	55.831	-65.263
swarm_327_153.pdb	0.110092	17.524	51.345	-67.368
swarm_304_128.pdb	0.0366972	14.484	45.215	-70.067
swarm_287_53.pdb	0.100917	11.575	40.481	-71.209
swarm_305_2.pdb	0.00917431	11.979	37.930	-78.824
swarm_121_199.pdb	0.00917431	8.612	19.352	-81.244
swarm_287_47.pdb	0	11.947	36.076	-81.797
swarm_176_152.pdb	0.0183486	16.225	55.411	-106.626
swarm_328_56.pdb	0.00917431	14.995	45.529	-108.127
swarm_333_172.pdb	0.0733945	12.552	35.020	-132.342
swarm_317_149.pdb	0.0275229	12.801	40.262	-143.847
