swarm_53_77.pdb	0.148148	6.818	19.242	30.159
swarm_54_113.pdb	0.12963	6.226	16.542	29.544
swarm_49_77.pdb	0.277778	2.752	5.041	29.386
swarm_25_86.pdb	0	16.788	36.158	29.248
swarm_54_175.pdb	0.0185185	7.250	16.015	28.679
swarm_52_84.pdb	0	10.053	23.047	27.479
swarm_51_183.pdb	0.0185185	7.860	15.389	26.751
swarm_47_169.pdb	0.0185185	7.238	14.307	26.638
swarm_38_12.pdb	0.0185185	12.167	23.164	25.546
swarm_54_93.pdb	0	13.882	25.231	25.299
swarm_46_16.pdb	0	11.688	27.872	25.147
swarm_48_167.pdb	0.037037	7.963	22.255	24.559
swarm_50_162.pdb	0.0185185	13.042	23.496	24.035
swarm_47_193.pdb	0.037037	6.562	11.483	23.791
swarm_49_108.pdb	0	12.576	23.719	23.616
swarm_47_12.pdb	0	14.156	24.592	23.502
swarm_27_107.pdb	0	13.064	25.723	23.502
swarm_57_29.pdb	0	16.681	34.939	23.455
swarm_48_23.pdb	0	14.929	27.585	23.297
swarm_50_52.pdb	0	12.609	21.620	23.149
swarm_39_8.pdb	0.0925926	8.710	15.458	23.080
swarm_40_186.pdb	0	15.821	26.626	23.031
swarm_51_127.pdb	0.185185	2.514	4.751	23.021
swarm_46_41.pdb	0.0185185	12.680	25.628	22.800
swarm_53_164.pdb	0	15.563	28.725	22.479
swarm_14_13.pdb	0	13.075	28.525	22.479
swarm_49_107.pdb	0	11.933	28.114	22.455
swarm_53_3.pdb	0	11.842	23.088	22.441
swarm_37_14.pdb	0	13.244	25.006	22.423
swarm_41_120.pdb	0	9.114	18.447	22.366
swarm_48_181.pdb	0	11.382	20.661	22.137
swarm_43_126.pdb	0	12.347	27.794	22.093
swarm_50_0.pdb	0	8.390	15.484	22.067
swarm_51_65.pdb	0	16.523	27.976	22.020
swarm_41_110.pdb	0	16.328	27.916	22.020
swarm_46_178.pdb	0.12963	12.742	24.924	21.975
swarm_45_163.pdb	0	19.582	41.952	21.952
swarm_0_59.pdb	0	14.693	30.501	21.637
swarm_54_81.pdb	0	13.360	26.314	21.360
swarm_53_197.pdb	0	12.137	21.891	21.319
swarm_11_60.pdb	0	19.679	44.030	21.227
swarm_46_165.pdb	0	10.779	21.215	21.168
swarm_32_42.pdb	0	5.854	12.295	21.166
swarm_47_57.pdb	0	13.133	24.801	21.069
swarm_35_111.pdb	0	9.971	19.895	21.012
swarm_7_170.pdb	0	20.785	41.067	20.978
swarm_46_35.pdb	0	13.119	26.630	20.954
swarm_45_72.pdb	0	13.909	29.123	20.878
swarm_39_12.pdb	0	14.840	25.156	20.777
swarm_29_101.pdb	0	15.710	31.311	20.764
swarm_31_53.pdb	0	12.167	28.811	20.721
swarm_36_96.pdb	0	12.407	27.543	20.562
swarm_42_37.pdb	0	10.034	19.268	20.350
swarm_0_168.pdb	0	16.323	30.367	20.292
swarm_31_138.pdb	0	12.899	25.160	20.152
swarm_44_177.pdb	0	11.402	21.522	20.024
swarm_49_41.pdb	0	13.703	26.391	19.999
swarm_55_44.pdb	0	18.025	41.543	19.977
swarm_35_199.pdb	0.037037	10.964	24.946	19.969
swarm_47_176.pdb	0	9.314	17.408	19.897
swarm_52_46.pdb	0	11.946	28.680	19.880
swarm_32_119.pdb	0	10.668	20.032	19.860
swarm_17_111.pdb	0	15.547	32.684	19.756
swarm_18_113.pdb	0	13.510	25.433	19.606
swarm_41_17.pdb	0	10.518	20.360	19.524
swarm_30_2.pdb	0	15.792	26.753	19.515
swarm_48_84.pdb	0	14.540	28.571	19.509
swarm_41_190.pdb	0	17.107	30.980	19.481
swarm_58_109.pdb	0	12.713	27.572	19.474
swarm_44_13.pdb	0	16.354	30.953	19.378
swarm_26_87.pdb	0	12.750	27.187	19.301
swarm_53_179.pdb	0	12.961	22.059	19.249
swarm_32_93.pdb	0	16.739	28.245	19.202
swarm_44_187.pdb	0	7.970	23.122	19.108
swarm_52_179.pdb	0	13.736	25.155	18.985
swarm_46_110.pdb	0	13.418	25.487	18.886
swarm_49_6.pdb	0.037037	11.982	25.552	18.868
swarm_49_52.pdb	0	13.185	25.827	18.715
swarm_26_106.pdb	0	10.369	21.965	18.696
swarm_57_194.pdb	0	15.744	35.142	18.686
swarm_35_133.pdb	0	11.996	25.171	18.658
swarm_48_24.pdb	0	10.441	25.274	18.592
swarm_25_122.pdb	0	10.496	22.627	18.571
swarm_23_49.pdb	0	14.520	37.381	18.537
swarm_39_195.pdb	0	15.839	26.939	18.458
swarm_38_93.pdb	0	8.546	17.086	18.452
swarm_1_68.pdb	0	13.957	30.547	18.389
swarm_7_198.pdb	0	16.911	34.417	18.240
swarm_37_180.pdb	0	13.114	23.441	18.232
swarm_43_107.pdb	0	9.952	21.970	18.225
swarm_52_86.pdb	0	14.902	29.546	18.211
swarm_32_159.pdb	0	15.793	27.654	18.208
swarm_28_41.pdb	0	15.369	26.162	18.190
swarm_28_164.pdb	0	11.884	27.780	18.188
swarm_43_41.pdb	0	15.255	28.663	18.086
swarm_51_120.pdb	0	11.320	18.926	18.011
swarm_58_167.pdb	0	16.219	34.661	17.954
swarm_29_77.pdb	0	13.801	28.566	17.923
swarm_20_10.pdb	0	13.097	30.425	17.856
swarm_27_159.pdb	0	13.667	25.716	17.826
swarm_18_66.pdb	0	10.779	23.683	17.789
swarm_23_24.pdb	0	16.193	34.077	17.742
swarm_50_50.pdb	0	13.075	23.253	17.703
swarm_25_120.pdb	0	15.232	35.286	17.674
swarm_32_136.pdb	0	13.052	23.944	17.670
swarm_7_82.pdb	0	18.524	33.672	17.600
swarm_23_88.pdb	0	14.931	34.592	17.566
swarm_0_54.pdb	0	22.227	42.148	17.419
swarm_2_80.pdb	0	16.107	36.794	17.364
swarm_18_121.pdb	0	16.272	32.165	17.355
swarm_0_96.pdb	0	16.491	36.096	17.344
swarm_28_131.pdb	0	10.636	19.575	17.291
swarm_46_21.pdb	0	11.042	28.517	17.250
swarm_1_113.pdb	0	19.221	39.526	17.181
swarm_4_174.pdb	0	15.276	33.477	17.079
swarm_17_109.pdb	0	16.483	30.654	17.049
swarm_10_46.pdb	0.037037	11.505	30.067	17.044
swarm_19_86.pdb	0	15.382	33.388	16.978
swarm_55_188.pdb	0	20.670	48.339	16.794
swarm_21_159.pdb	0	20.610	47.410	16.782
swarm_26_188.pdb	0	10.343	18.837	16.734
swarm_30_134.pdb	0	10.586	23.821	16.713
swarm_55_183.pdb	0	21.168	45.902	16.707
swarm_20_183.pdb	0	17.021	37.842	16.658
swarm_10_57.pdb	0	11.717	25.597	16.628
swarm_34_143.pdb	0	14.590	31.766	16.610
swarm_48_163.pdb	0	14.194	26.901	16.570
swarm_4_67.pdb	0	15.316	36.156	16.554
swarm_14_52.pdb	0	15.958	26.480	16.552
swarm_42_40.pdb	0	17.731	31.224	16.518
swarm_33_33.pdb	0	10.255	26.849	16.500
swarm_19_42.pdb	0	17.755	31.054	16.472
swarm_5_73.pdb	0	16.404	39.935	16.427
swarm_36_148.pdb	0.0740741	9.975	21.962	16.426
swarm_29_122.pdb	0	15.319	33.381	16.397
swarm_9_81.pdb	0.0185185	11.798	25.649	16.394
swarm_1_151.pdb	0	17.047	31.293	16.382
swarm_21_104.pdb	0	20.465	47.667	16.355
swarm_27_116.pdb	0	12.959	25.390	16.286
swarm_36_86.pdb	0	14.160	31.402	16.260
swarm_13_146.pdb	0	18.837	41.448	16.254
swarm_50_172.pdb	0	11.200	19.850	16.250
swarm_9_177.pdb	0	12.597	24.279	16.249
swarm_33_110.pdb	0	8.323	18.990	16.235
swarm_22_83.pdb	0	18.218	33.120	16.204
swarm_34_114.pdb	0	18.958	40.901	16.157
swarm_27_12.pdb	0	11.860	23.101	16.093
swarm_20_23.pdb	0	13.323	28.576	16.061
swarm_35_87.pdb	0	14.702	31.934	16.047
swarm_24_9.pdb	0	14.751	31.301	16.029
swarm_7_152.pdb	0	11.833	24.518	16.016
swarm_51_169.pdb	0	16.232	27.357	15.972
swarm_1_32.pdb	0	15.414	31.572	15.947
swarm_21_199.pdb	0	20.438	43.433	15.876
swarm_6_91.pdb	0	17.090	34.905	15.857
swarm_2_117.pdb	0.037037	18.334	41.738	15.779
swarm_36_65.pdb	0	13.247	24.975	15.751
swarm_30_169.pdb	0	15.440	27.805	15.644
swarm_29_0.pdb	0	11.470	25.017	15.532
swarm_8_112.pdb	0	12.621	25.468	15.522
swarm_53_24.pdb	0	12.786	30.275	15.503
swarm_35_4.pdb	0	15.084	29.076	15.474
swarm_10_14.pdb	0	19.584	42.268	15.461
swarm_3_49.pdb	0	18.132	38.964	15.454
swarm_21_36.pdb	0	17.485	38.628	15.435
swarm_24_132.pdb	0	19.588	37.263	15.371
swarm_20_188.pdb	0	14.448	28.843	15.301
swarm_34_93.pdb	0	16.569	41.740	15.266
swarm_3_52.pdb	0	15.131	31.518	15.251
swarm_16_166.pdb	0	15.635	32.258	15.204
swarm_16_3.pdb	0	13.917	31.357	15.172
swarm_37_109.pdb	0	14.323	27.686	15.164
swarm_5_65.pdb	0	16.579	38.799	15.142
swarm_30_124.pdb	0	14.014	25.912	15.142
swarm_40_12.pdb	0	11.607	24.332	15.110
swarm_16_102.pdb	0	20.781	45.502	15.100
swarm_28_156.pdb	0	19.321	36.038	15.084
swarm_0_151.pdb	0	19.321	38.855	15.070
swarm_21_189.pdb	0	17.037	40.748	15.029
swarm_2_165.pdb	0	17.209	36.506	14.984
swarm_7_119.pdb	0	12.038	24.032	14.972
swarm_43_11.pdb	0	17.347	31.988	14.921
swarm_41_146.pdb	0	14.941	25.827	14.887
swarm_5_158.pdb	0	19.116	41.880	14.857
swarm_39_37.pdb	0	12.054	23.571	14.828
swarm_33_159.pdb	0	17.210	39.059	14.804
swarm_44_56.pdb	0	11.557	25.692	14.781
swarm_45_43.pdb	0	19.302	46.259	14.775
swarm_39_2.pdb	0	13.593	26.446	14.743
swarm_20_184.pdb	0	12.830	33.264	14.721
swarm_53_184.pdb	0	16.694	31.012	14.716
swarm_4_144.pdb	0	14.481	29.246	14.650
swarm_52_134.pdb	0	12.197	25.061	14.625
swarm_38_199.pdb	0	10.013	23.772	14.625
swarm_47_180.pdb	0.0185185	10.689	18.763	14.589
swarm_21_71.pdb	0	18.096	41.638	14.582
swarm_52_170.pdb	0	14.960	30.697	14.569
swarm_37_100.pdb	0	13.120	23.191	14.566
swarm_40_1.pdb	0	10.473	24.059	14.565
swarm_49_13.pdb	0	11.342	20.086	14.552
swarm_23_194.pdb	0	16.043	37.738	14.525
swarm_39_49.pdb	0	13.295	23.481	14.514
swarm_31_28.pdb	0	13.059	29.192	14.496
swarm_32_144.pdb	0	18.570	33.069	14.482
swarm_15_65.pdb	0	16.483	31.219	14.462
swarm_50_134.pdb	0.037037	14.429	24.373	14.458
swarm_45_155.pdb	0	17.604	38.865	14.384
swarm_56_73.pdb	0	21.123	45.951	14.350
swarm_31_148.pdb	0	14.047	32.354	14.324
swarm_42_127.pdb	0	17.765	32.496	14.318
swarm_44_32.pdb	0	16.753	30.737	14.312
swarm_19_185.pdb	0	19.707	37.757	14.291
swarm_36_11.pdb	0	18.053	35.738	14.215
swarm_43_167.pdb	0	12.713	28.083	14.202
swarm_44_64.pdb	0	17.056	33.264	14.196
swarm_17_154.pdb	0	17.616	35.426	14.192
swarm_36_74.pdb	0	18.037	38.970	14.184
swarm_6_72.pdb	0	20.774	48.795	14.158
swarm_0_104.pdb	0	18.078	33.781	14.157
swarm_16_160.pdb	0	18.011	43.524	14.150
swarm_58_31.pdb	0	16.743	37.617	14.147
swarm_56_17.pdb	0	19.395	45.952	14.102
swarm_13_34.pdb	0	15.720	34.399	14.091
swarm_8_34.pdb	0.037037	14.575	32.424	14.036
swarm_36_111.pdb	0	16.362	38.327	14.034
swarm_24_195.pdb	0	16.086	37.700	13.996
swarm_22_40.pdb	0	16.306	35.907	13.996
swarm_45_187.pdb	0	16.435	39.275	13.984
swarm_10_7.pdb	0	13.257	28.802	13.951
swarm_22_46.pdb	0	12.389	23.944	13.950
swarm_52_139.pdb	0	15.474	28.634	13.944
swarm_22_30.pdb	0	18.912	33.847	13.937
swarm_25_115.pdb	0	15.215	33.484	13.908
swarm_9_67.pdb	0	11.202	26.262	13.899
swarm_8_83.pdb	0	15.871	35.817	13.889
swarm_10_40.pdb	0	18.285	39.871	13.878
swarm_24_139.pdb	0	19.552	44.991	13.860
swarm_3_92.pdb	0	17.043	43.999	13.852
swarm_20_173.pdb	0	16.931	33.465	13.804
swarm_32_118.pdb	0	18.733	32.440	13.783
swarm_3_97.pdb	0	16.201	35.130	13.779
swarm_33_82.pdb	0	11.666	28.166	13.772
swarm_30_155.pdb	0	14.793	31.814	13.747
swarm_8_24.pdb	0	14.587	33.193	13.741
swarm_46_133.pdb	0.0185185	12.851	27.452	13.731
swarm_29_111.pdb	0	16.287	34.186	13.707
swarm_9_199.pdb	0.037037	14.223	31.585	13.687
swarm_11_90.pdb	0	17.640	39.326	13.681
swarm_30_21.pdb	0.148148	8.307	21.066	13.680
swarm_13_184.pdb	0	12.953	25.947	13.679
swarm_5_3.pdb	0	14.673	30.864	13.676
swarm_56_63.pdb	0	16.888	40.984	13.654
swarm_31_47.pdb	0	17.609	37.408	13.645
swarm_43_196.pdb	0	14.128	29.035	13.599
swarm_57_154.pdb	0	13.511	33.956	13.554
swarm_14_101.pdb	0	18.491	31.745	13.550
swarm_29_91.pdb	0	8.969	16.226	13.546
swarm_6_33.pdb	0	14.346	32.350	13.544
swarm_5_126.pdb	0	18.714	45.823	13.508
swarm_8_5.pdb	0	15.647	30.392	13.502
swarm_54_82.pdb	0	12.199	21.956	13.501
swarm_28_12.pdb	0	13.165	29.452	13.486
swarm_57_195.pdb	0	14.392	38.816	13.473
swarm_29_167.pdb	0	13.046	29.938	13.461
swarm_15_103.pdb	0	15.713	38.664	13.461
swarm_0_197.pdb	0	18.598	36.797	13.413
swarm_14_116.pdb	0	18.345	31.236	13.360
swarm_57_101.pdb	0	18.762	41.529	13.356
swarm_53_147.pdb	0	15.459	27.865	13.332
swarm_19_29.pdb	0	20.104	39.966	13.312
swarm_51_138.pdb	0	14.619	24.449	13.297
swarm_1_45.pdb	0	15.497	31.777	13.258
swarm_8_98.pdb	0	12.915	30.185	13.247
swarm_11_165.pdb	0	16.930	35.086	13.239
swarm_16_113.pdb	0	18.874	40.380	13.238
swarm_24_183.pdb	0	20.748	39.798	13.233
swarm_55_17.pdb	0	17.238	37.265	13.231
swarm_6_44.pdb	0	18.233	44.418	13.219
swarm_13_63.pdb	0	16.879	38.809	13.210
swarm_56_132.pdb	0	14.679	34.092	13.181
swarm_15_112.pdb	0	21.028	48.022	13.160
swarm_29_34.pdb	0.037037	14.232	27.358	13.142
swarm_23_39.pdb	0	15.692	37.490	13.128
swarm_15_90.pdb	0	12.437	29.455	13.128
swarm_34_140.pdb	0	18.594	42.429	13.087
swarm_40_133.pdb	0	10.971	23.837	13.084
swarm_37_63.pdb	0	8.174	14.679	13.079
swarm_25_184.pdb	0	17.398	34.898	13.047
swarm_14_71.pdb	0.037037	14.058	24.959	13.038
swarm_3_11.pdb	0	15.269	35.793	13.003
swarm_38_115.pdb	0	14.139	24.903	12.974
swarm_58_51.pdb	0	15.020	31.178	12.961
swarm_10_113.pdb	0	16.979	33.400	12.937
swarm_42_199.pdb	0	18.834	35.005	12.936
swarm_57_106.pdb	0	12.239	25.291	12.935
swarm_26_158.pdb	0.0740741	11.408	29.481	12.907
swarm_25_14.pdb	0	14.665	32.920	12.904
swarm_41_132.pdb	0	16.433	28.365	12.892
swarm_15_106.pdb	0	18.119	40.359	12.846
swarm_30_53.pdb	0	16.270	29.855	12.821
swarm_7_150.pdb	0	20.070	34.382	12.775
swarm_19_152.pdb	0	14.684	30.936	12.770
swarm_1_127.pdb	0	18.048	31.554	12.750
swarm_15_156.pdb	0	20.744	44.345	12.734
swarm_0_193.pdb	0	16.047	32.266	12.732
swarm_8_13.pdb	0.0185185	14.044	30.960	12.715
swarm_4_128.pdb	0	19.838	40.819	12.691
swarm_18_26.pdb	0	20.799	39.780	12.671
swarm_14_177.pdb	0	11.294	22.401	12.586
swarm_26_160.pdb	0	17.525	34.971	12.568
swarm_12_66.pdb	0	15.450	33.257	12.539
swarm_22_52.pdb	0	15.472	26.601	12.505
swarm_26_179.pdb	0	16.506	32.015	12.498
swarm_28_172.pdb	0	18.054	33.034	12.493
swarm_58_137.pdb	0	14.734	33.013	12.489
swarm_21_155.pdb	0	15.478	32.537	12.465
swarm_31_165.pdb	0.0185185	14.195	34.306	12.464
swarm_58_68.pdb	0	16.497	32.681	12.455
swarm_33_111.pdb	0	18.854	36.159	12.451
swarm_12_85.pdb	0	19.042	43.202	12.445
swarm_9_149.pdb	0	15.086	33.122	12.399
swarm_14_107.pdb	0	13.843	26.077	12.348
swarm_24_29.pdb	0	17.833	34.778	12.323
swarm_12_84.pdb	0	13.925	35.292	12.295
swarm_17_187.pdb	0	18.420	40.149	12.279
swarm_22_24.pdb	0	17.621	33.912	12.261
swarm_12_130.pdb	0	20.414	41.396	12.260
swarm_34_66.pdb	0	13.654	34.430	12.236
swarm_39_24.pdb	0	8.864	16.680	12.206
swarm_28_33.pdb	0	16.394	29.930	12.185
swarm_36_9.pdb	0	13.162	27.185	12.184
swarm_26_142.pdb	0	9.486	22.919	12.162
swarm_30_27.pdb	0	10.818	20.694	12.123
swarm_2_107.pdb	0	19.529	48.621	12.113
swarm_5_53.pdb	0	19.394	43.559	12.108
swarm_13_134.pdb	0	15.295	34.637	12.084
swarm_53_162.pdb	0	10.118	23.803	12.058
swarm_35_74.pdb	0	14.049	30.727	12.015
swarm_40_85.pdb	0	17.522	29.501	11.975
swarm_33_152.pdb	0	17.048	33.552	11.962
swarm_55_182.pdb	0	15.483	38.911	11.959
swarm_12_24.pdb	0	17.619	40.437	11.913
swarm_1_52.pdb	0	20.429	37.503	11.891
swarm_6_83.pdb	0	17.989	40.853	11.873
swarm_27_122.pdb	0	13.947	28.363	11.865
swarm_58_170.pdb	0	10.896	28.786	11.793
swarm_52_81.pdb	0.0740741	11.862	25.520	11.780
swarm_25_3.pdb	0	15.609	33.273	11.768
swarm_22_11.pdb	0	19.200	34.193	11.712
swarm_18_36.pdb	0	19.308	37.319	11.706
swarm_55_126.pdb	0	17.510	41.886	11.662
swarm_40_25.pdb	0	18.575	31.661	11.648
swarm_23_139.pdb	0	19.444	41.678	11.639
swarm_21_177.pdb	0	19.751	46.500	11.616
swarm_33_130.pdb	0	16.681	33.494	11.556
swarm_56_39.pdb	0	18.764	40.427	11.540
swarm_33_184.pdb	0	14.384	32.732	11.532
swarm_30_189.pdb	0.0185185	17.038	29.781	11.498
swarm_15_117.pdb	0	16.582	36.626	11.482
swarm_40_115.pdb	0	12.822	22.037	11.450
swarm_36_16.pdb	0	14.962	35.726	11.433
swarm_10_56.pdb	0	17.179	32.370	11.389
swarm_50_164.pdb	0	9.555	17.328	11.366
swarm_34_43.pdb	0.0555556	16.971	44.884	11.308
swarm_37_25.pdb	0	15.690	31.121	11.262
swarm_34_123.pdb	0.0185185	18.159	42.359	11.258
swarm_55_18.pdb	0	19.596	46.372	11.227
swarm_1_91.pdb	0	19.711	36.048	11.198
swarm_56_197.pdb	0	21.879	50.919	11.172
swarm_58_27.pdb	0	16.456	36.397	11.155
swarm_12_168.pdb	0	19.535	44.551	11.142
swarm_0_188.pdb	0	21.723	38.223	11.131
swarm_26_76.pdb	0	15.414	31.476	11.111
swarm_10_4.pdb	0	14.631	31.342	11.110
swarm_31_35.pdb	0	16.213	35.844	11.099
swarm_8_90.pdb	0	11.136	24.766	11.074
swarm_37_131.pdb	0.111111	8.860	17.238	11.072
swarm_20_186.pdb	0.0555556	10.800	28.955	11.071
swarm_28_175.pdb	0	15.418	27.861	11.033
swarm_16_164.pdb	0	19.435	39.046	11.014
swarm_13_182.pdb	0.0185185	15.457	34.517	11.004
swarm_43_125.pdb	0	18.979	34.350	10.922
swarm_55_1.pdb	0	20.216	44.050	10.921
swarm_42_28.pdb	0	14.905	31.428	10.899
swarm_12_136.pdb	0	18.996	45.074	10.857
swarm_18_0.pdb	0	13.678	31.857	10.834
swarm_14_154.pdb	0	20.531	36.876	10.797
swarm_58_28.pdb	0	17.954	37.034	10.720
swarm_22_163.pdb	0	16.799	29.948	10.690
swarm_54_85.pdb	0	15.768	30.682	10.674
swarm_19_163.pdb	0	20.459	41.277	10.655
swarm_38_107.pdb	0	13.011	23.254	10.612
swarm_58_17.pdb	0	16.831	37.340	10.564
swarm_9_0.pdb	0	13.117	27.779	10.541
swarm_6_190.pdb	0	17.211	41.300	10.530
swarm_23_41.pdb	0	15.339	35.340	10.529
swarm_18_28.pdb	0	17.284	35.529	10.515
swarm_19_59.pdb	0	18.494	40.453	10.451
swarm_3_28.pdb	0	18.228	37.992	10.443
swarm_3_113.pdb	0	18.936	43.200	10.408
swarm_19_75.pdb	0	18.444	36.125	10.393
swarm_6_77.pdb	0	20.947	45.564	10.378
swarm_55_58.pdb	0	17.319	41.129	10.307
swarm_2_23.pdb	0	17.248	38.258	10.245
swarm_45_28.pdb	0	18.734	41.185	10.208
swarm_31_185.pdb	0	17.355	32.677	10.208
swarm_58_98.pdb	0	17.668	40.600	10.153
swarm_56_58.pdb	0	20.683	43.007	10.127
swarm_12_80.pdb	0	19.197	37.436	10.114
swarm_7_46.pdb	0	23.029	42.605	10.106
swarm_4_87.pdb	0	16.621	35.931	10.062
swarm_18_123.pdb	0	20.547	36.658	10.009
swarm_49_198.pdb	0.0185185	11.913	21.780	9.997
swarm_10_161.pdb	0	15.487	33.313	9.982
swarm_13_167.pdb	0	15.641	39.093	9.978
swarm_28_48.pdb	0	18.442	33.212	9.973
swarm_13_59.pdb	0	13.774	31.923	9.933
swarm_19_72.pdb	0	23.045	44.192	9.925
swarm_18_154.pdb	0	18.167	36.881	9.917
swarm_20_62.pdb	0	18.305	37.380	9.848
swarm_4_62.pdb	0	17.654	39.649	9.817
swarm_4_82.pdb	0	14.313	33.966	9.781
swarm_15_64.pdb	0	15.606	39.268	9.779
swarm_33_35.pdb	0	13.669	32.491	9.725
swarm_3_146.pdb	0	15.850	39.093	9.705
swarm_17_134.pdb	0	19.622	38.927	9.619
swarm_19_184.pdb	0	21.217	39.290	9.487
swarm_34_45.pdb	0	21.000	44.208	9.427
swarm_21_141.pdb	0	22.816	50.173	9.425
swarm_4_9.pdb	0	15.417	29.934	9.387
swarm_24_26.pdb	0	19.849	41.956	9.344
swarm_9_90.pdb	0	16.302	29.855	9.287
swarm_26_145.pdb	0.037037	15.321	30.324	9.274
swarm_1_92.pdb	0	14.721	32.139	9.274
swarm_22_114.pdb	0	21.901	39.386	9.248
swarm_38_51.pdb	0	12.149	23.756	9.212
swarm_32_39.pdb	0	11.458	20.763	9.150
swarm_17_101.pdb	0	17.118	38.150	9.130
swarm_12_14.pdb	0	14.741	35.714	9.115
swarm_39_120.pdb	0	16.408	28.596	9.007
swarm_0_70.pdb	0	20.217	37.347	8.995
swarm_15_19.pdb	0	16.343	35.027	8.993
swarm_11_106.pdb	0	18.768	47.897	8.974
swarm_57_189.pdb	0	15.545	34.841	8.950
swarm_36_94.pdb	0	14.474	31.391	8.911
swarm_17_118.pdb	0	20.214	38.039	8.895
swarm_12_172.pdb	0	18.991	43.865	8.882
swarm_57_179.pdb	0	18.879	40.076	8.832
swarm_18_90.pdb	0	19.631	34.965	8.751
swarm_24_118.pdb	0	18.831	42.457	8.656
swarm_6_49.pdb	0	22.830	50.160	8.606
swarm_36_8.pdb	0	18.233	34.751	8.603
swarm_27_73.pdb	0	16.867	31.689	8.479
swarm_9_74.pdb	0	16.944	36.474	8.414
swarm_27_91.pdb	0	10.155	22.346	8.333
swarm_23_54.pdb	0	19.302	41.773	8.325
swarm_9_187.pdb	0	13.219	23.939	8.258
swarm_17_181.pdb	0	16.846	40.586	8.217
swarm_0_92.pdb	0	21.351	40.453	8.216
swarm_2_112.pdb	0	16.544	37.882	8.057
swarm_20_147.pdb	0	16.741	38.930	7.948
swarm_56_91.pdb	0	24.349	51.379	7.944
swarm_42_17.pdb	0	21.317	38.300	7.937
swarm_14_77.pdb	0	15.608	29.122	7.931
swarm_4_163.pdb	0	18.785	39.953	7.736
swarm_35_188.pdb	0	12.955	25.900	7.566
swarm_15_162.pdb	0	17.972	38.660	7.485
swarm_28_49.pdb	0	19.723	33.804	7.356
swarm_7_149.pdb	0	19.830	37.564	7.281
swarm_48_124.pdb	0	15.469	29.787	6.716
swarm_0_52.pdb	0	21.074	37.079	6.151
swarm_35_126.pdb	0	16.093	32.771	6.125
swarm_51_149.pdb	0	16.008	26.988	5.962
swarm_44_89.pdb	0	18.182	33.957	4.874
swarm_3_0.pdb	0	16.622	37.175	4.809
swarm_38_164.pdb	0	13.363	26.231	3.950
swarm_56_163.pdb	0	17.777	42.045	2.139
swarm_7_158.pdb	0	17.752	34.275	0.103
swarm_49_4.pdb	0	12.314	23.367	-0.672
swarm_49_79.pdb	0.12963	9.591	22.777	-13.103
swarm_42_34.pdb	0	10.116	23.735	-14.538
swarm_28_68.pdb	0	14.789	26.881	-17.808
swarm_34_11.pdb	0	15.539	33.192	-35.876
swarm_39_104.pdb	0.0740741	7.028	16.889	-36.536
swarm_32_133.pdb	0	11.307	20.528	-44.528
