complex.1.pdb	0.318182	3.375	29.62
complex.2.pdb	0.30303	3.453	31.759
complex.3.pdb	0.121212	12.283	33.7
complex.4.pdb	0.0909091	13.21	27.701
complex.5.pdb	0.227273	4.063	29.765
complex.6.pdb	0.0757576	12.707	34.733
complex.7.pdb	0.0454545	12.489	33.228
complex.8.pdb	0.0	15.109	36.541
complex.9.pdb	0.0	14.159	47.661
complex.10.pdb	0.106061	11.15	37.112
complex.11.pdb	0.0606061	13.485	34.735
complex.12.pdb	0.0454545	14.666	33.883
complex.13.pdb	0.0151515	14.976	40.335
complex.14.pdb	0.121212	11.852	34.213
complex.15.pdb	0.0151515	12.895	32.146
complex.16.pdb	0.530303	1.99	9.278
complex.17.pdb	0.0757576	12.438	37.984
complex.18.pdb	0.0454545	13.852	31.714
complex.19.pdb	0.030303	13.411	40.776
complex.20.pdb	0.575758	2.774	8.394
complex.21.pdb	0.530303	1.885	14.332
complex.22.pdb	0.030303	14.867	39.376
complex.23.pdb	0.272727	3.483	33.007
complex.24.pdb	0.0	14.438	48.204
complex.25.pdb	0.0	14.134	48.59
complex.26.pdb	0.0757576	8.175	39.08
complex.27.pdb	0.030303	13.111	29.237
complex.28.pdb	0.030303	13.662	29.334
complex.29.pdb	0.212121	4.11	32.304
complex.30.pdb	0.030303	11.446	41.725
complex.31.pdb	0.0606061	12.312	38.186
complex.32.pdb	0.19697	4.872	28.694
complex.33.pdb	0.0454545	13.117	27.493
complex.34.pdb	0.0606061	13.47	37.828
complex.35.pdb	0.212121	4.178	25.379
complex.36.pdb	0.212121	4.09	30.364
complex.37.pdb	0.30303	3.988	31.171
complex.38.pdb	0.0151515	14.938	38.826
complex.39.pdb	0.0151515	12.876	30.974
complex.40.pdb	0.0909091	13.157	30.979
complex.41.pdb	0.30303	4.101	30.99
complex.42.pdb	0.287879	4.425	29.268
complex.43.pdb	0.257576	4.065	30.619
complex.44.pdb	0.0151515	13.833	39.668
complex.45.pdb	0.212121	4.053	28.83
complex.46.pdb	0.424242	3.421	19.556
complex.47.pdb	0.666667	1.134	9.55
complex.48.pdb	0.0454545	14.67	33.726
complex.49.pdb	0.030303	13.0	37.01
complex.50.pdb	0.030303	14.28	33.063
complex.51.pdb	0.106061	9.06	41.762
complex.52.pdb	0.0454545	10.842	38.258
complex.53.pdb	0.0	12.435	32.3
complex.54.pdb	0.0	12.77	49.194
complex.55.pdb	0.530303	1.739	12.038
complex.56.pdb	0.0151515	14.619	36.728
complex.57.pdb	0.0909091	11.134	36.609
complex.58.pdb	0.0454545	14.754	29.969
complex.59.pdb	0.0151515	13.406	36.15
complex.60.pdb	0.212121	5.459	24.523
complex.61.pdb	0.0151515	15.195	40.758
complex.62.pdb	0.0454545	10.72	39.603
complex.63.pdb	0.0	14.779	47.5
complex.64.pdb	0.0454545	14.155	36.027
complex.65.pdb	0.5	1.789	16.066
complex.66.pdb	0.0454545	12.044	40.983
complex.67.pdb	0.0909091	12.943	34.376
complex.68.pdb	0.257576	5.456	31.722
complex.69.pdb	0.0	12.494	32.5
complex.70.pdb	0.530303	1.627	14.542
complex.71.pdb	0.0757576	13.124	27.792
complex.72.pdb	0.0757576	12.0	27.185
complex.73.pdb	0.0454545	14.156	37.879
complex.74.pdb	0.0	13.595	40.904
complex.75.pdb	0.0151515	14.1	36.202
complex.76.pdb	0.0151515	14.81	37.013
complex.77.pdb	0.621212	1.09	2.191
complex.78.pdb	0.393939	2.378	18.125
complex.79.pdb	0.030303	13.545	30.236
complex.80.pdb	0.030303	14.603	33.115
complex.81.pdb	0.0454545	13.437	29.292
complex.82.pdb	0.30303	3.505	28.846
complex.83.pdb	0.030303	7.423	33.805
complex.84.pdb	0.106061	13.258	27.334
complex.85.pdb	0.0	15.744	39.89
complex.86.pdb	0.106061	10.109	27.051
complex.87.pdb	0.0757576	14.633	30.883
complex.88.pdb	0.0	12.294	35.006
complex.89.pdb	0.19697	9.608	26.194
complex.90.pdb	0.0	12.612	34.458
complex.91.pdb	0.0	14.09	27.037
complex.92.pdb	0.454545	2.218	14.981
complex.93.pdb	0.0151515	8.986	35.985
complex.94.pdb	0.0	13.554	33.349
complex.95.pdb	0.0	10.984	32.272
complex.96.pdb	0.0	15.268	38.026
complex.97.pdb	0.0454545	14.272	29.515
complex.98.pdb	0.0909091	6.665	28.725
complex.99.pdb	0.0606061	13.802	33.254
complex.100.pdb	0.136364	5.115	24.136
complex.101.pdb	0.0151515	13.061	32.946
complex.102.pdb	0.030303	13.6	38.303
complex.103.pdb	0.0	13.99	45.541
complex.104.pdb	0.0	13.885	27.623
complex.105.pdb	0.0	13.197	47.577
complex.106.pdb	0.106061	13.137	29.899
complex.107.pdb	0.0	12.415	39.073
complex.108.pdb	0.484848	2.231	12.743
complex.109.pdb	0.0151515	15.276	39.102
complex.110.pdb	0.030303	15.367	42.303
complex.111.pdb	0.121212	12.277	28.886
complex.112.pdb	0.0	9.164	32.408
complex.113.pdb	0.030303	14.816	41.459
complex.114.pdb	0.0	13.852	28.858
complex.115.pdb	0.0606061	14.495	29.745
complex.116.pdb	0.227273	4.047	31.904
complex.117.pdb	0.030303	10.94	37.992
complex.118.pdb	0.0	13.698	46.144
complex.119.pdb	0.0	14.172	48.405
complex.120.pdb	0.030303	14.198	36.87
complex.121.pdb	0.0757576	12.877	35.698
complex.122.pdb	0.0909091	12.803	31.224
complex.123.pdb	0.181818	8.973	21.163
complex.124.pdb	0.272727	5.188	25.699
complex.125.pdb	0.030303	12.92	27.367
complex.126.pdb	0.0	15.172	37.952
complex.127.pdb	0.0151515	14.898	36.983
complex.128.pdb	0.0454545	15.26	39.659
complex.129.pdb	0.0	13.61	35.974
complex.130.pdb	0.0	15.568	38.491
complex.131.pdb	0.106061	11.08	44.686
complex.132.pdb	0.106061	4.389	39.276
complex.133.pdb	0.0	13.487	27.747
complex.134.pdb	0.0606061	13.08	34.575
complex.135.pdb	0.0454545	13.005	37.721
complex.136.pdb	0.0151515	15.356	38.401
complex.137.pdb	0.0909091	7.768	40.355
complex.138.pdb	0.257576	3.773	33.09
complex.139.pdb	0.0	16.571	45.024
complex.140.pdb	0.0151515	11.659	47.959
complex.141.pdb	0.0	11.633	27.592
complex.142.pdb	0.0151515	11.487	46.042
complex.143.pdb	0.742424	1.199	6.598
complex.144.pdb	0.121212	11.646	30.467
complex.145.pdb	0.106061	12.934	32.128
complex.146.pdb	0.0	15.448	41.455
complex.147.pdb	0.136364	4.728	34.253
complex.148.pdb	0.0	10.948	34.51
complex.149.pdb	0.0	14.979	47.983
complex.150.pdb	0.0	12.064	32.925
complex.151.pdb	0.69697	1.356	5.814
complex.152.pdb	0.0909091	8.81	31.735
complex.153.pdb	0.030303	13.114	27.406
complex.154.pdb	0.409091	3.86	18.821
complex.155.pdb	0.0151515	14.08	29.339
complex.156.pdb	0.0	13.367	27.827
complex.157.pdb	0.0	13.539	37.315
complex.158.pdb	0.030303	15.148	34.079
complex.159.pdb	0.227273	5.025	31.161
complex.160.pdb	0.136364	5.16	37.58
complex.161.pdb	0.727273	0.757	3.059
complex.162.pdb	0.212121	4.344	33.504
complex.163.pdb	0.590909	1.846	12.919
complex.164.pdb	0.0151515	14.376	38.19
complex.165.pdb	0.0606061	9.541	32.83
complex.166.pdb	0.0454545	13.811	30.058
complex.167.pdb	0.439394	3.728	14.061
complex.168.pdb	0.0	10.818	36.842
complex.169.pdb	0.0151515	11.993	35.898
complex.170.pdb	0.030303	14.188	41.973
complex.171.pdb	0.0757576	12.106	37.364
complex.172.pdb	0.106061	11.996	32.214
complex.173.pdb	0.030303	10.878	37.062
complex.174.pdb	0.0	10.398	31.416
complex.175.pdb	0.257576	6.997	24.271
complex.176.pdb	0.454545	1.747	17.122
complex.177.pdb	0.0606061	14.715	39.758
complex.178.pdb	0.0	14.126	36.538
complex.179.pdb	0.0	14.467	33.321
complex.180.pdb	0.0151515	12.187	25.928
complex.181.pdb	0.439394	2.689	13.721
complex.182.pdb	0.0	11.649	36.276
complex.183.pdb	0.227273	5.641	31.325
complex.184.pdb	0.0151515	14.507	35.862
complex.185.pdb	0.136364	12.015	34.851
complex.186.pdb	0.0	16.481	37.404
complex.187.pdb	0.0606061	12.056	32.327
complex.188.pdb	0.0606061	13.78	33.908
complex.189.pdb	0.0909091	11.675	36.372
complex.190.pdb	0.515152	2.192	15.633
complex.191.pdb	0.121212	14.02	30.131
complex.192.pdb	0.0909091	11.615	42.434
complex.193.pdb	0.0	12.801	40.932
complex.194.pdb	0.0	16.044	33.393
complex.195.pdb	0.0151515	13.475	40.189
complex.196.pdb	0.136364	5.385	34.606
complex.197.pdb	0.121212	4.238	35.432
complex.198.pdb	0.136364	11.1	26.15
complex.199.pdb	0.0	11.31	29.994
complex.200.pdb	0.136364	6.59	25.488
complex.201.pdb	0.030303	15.315	33.47
complex.202.pdb	0.0	12.615	37.742
complex.203.pdb	0.0151515	14.259	42.201
complex.204.pdb	0.227273	5.388	26.102
complex.205.pdb	0.121212	4.066	34.112
complex.206.pdb	0.0	16.016	36.384
complex.207.pdb	0.121212	10.569	29.332
complex.208.pdb	0.212121	4.397	34.339
complex.209.pdb	0.0	17.839	43.128
complex.210.pdb	0.0151515	15.623	35.948
complex.211.pdb	0.136364	4.264	27.267
complex.212.pdb	0.0	13.008	44.127
complex.213.pdb	0.0151515	13.23	46.324
complex.214.pdb	0.030303	15.731	33.418
complex.215.pdb	0.0151515	12.661	33.305
complex.216.pdb	0.030303	12.193	46.632
complex.217.pdb	0.0151515	14.602	38.389
complex.218.pdb	0.30303	4.53	29.531
complex.219.pdb	0.030303	13.976	29.066
complex.220.pdb	0.0	13.91	38.194
complex.221.pdb	0.0606061	12.472	35.777
complex.222.pdb	0.0757576	12.725	43.519
complex.223.pdb	0.0	16.252	47.058
complex.224.pdb	0.0606061	12.953	33.485
complex.225.pdb	0.0151515	8.894	19.402
complex.226.pdb	0.0	14.844	36.962
complex.227.pdb	0.0454545	12.912	31.103
complex.228.pdb	0.0151515	15.427	35.047
complex.229.pdb	0.151515	10.139	23.914
complex.230.pdb	0.0757576	4.883	35.772
complex.231.pdb	0.0606061	10.514	28.324
complex.232.pdb	0.0	12.882	49.669
complex.233.pdb	0.0151515	9.171	31.137
complex.234.pdb	0.0	14.75	44.843
complex.235.pdb	0.0	30.555	51.062
complex.236.pdb	0.0	13.323	45.144
complex.237.pdb	0.0151515	15.773	38.726
complex.238.pdb	0.0	12.365	30.83
complex.239.pdb	0.0	12.967	48.289
complex.240.pdb	0.0	13.128	46.845
complex.241.pdb	0.0	14.445	41.016
complex.242.pdb	0.0	15.539	46.852
complex.243.pdb	0.0909091	11.958	28.395
complex.244.pdb	0.0909091	11.299	44.085
complex.245.pdb	0.0151515	9.012	18.016
complex.246.pdb	0.0	14.628	48.579
complex.247.pdb	0.621212	1.539	10.568
complex.248.pdb	0.439394	1.738	9.875
complex.249.pdb	0.0	16.208	43.921
complex.250.pdb	0.227273	5.706	28.446
complex.251.pdb	0.151515	12.984	29.828
complex.252.pdb	0.0	15.477	34.662
complex.253.pdb	0.121212	14.81	31.469
complex.254.pdb	0.106061	11.703	38.588
complex.255.pdb	0.0	12.038	35.753
complex.256.pdb	0.0	15.431	47.916
complex.257.pdb	0.0	13.241	30.117
complex.258.pdb	0.121212	11.751	35.923
complex.259.pdb	0.151515	4.136	34.192
complex.260.pdb	0.151515	4.879	26.088
complex.261.pdb	0.0	13.038	48.319
complex.262.pdb	0.0	14.946	34.962
complex.263.pdb	0.030303	15.503	33.055
complex.264.pdb	0.030303	15.672	35.107
complex.265.pdb	0.030303	10.442	29.536
complex.266.pdb	0.0	12.76	38.951
complex.267.pdb	0.0	10.637	32.041
complex.268.pdb	0.030303	14.783	32.692
complex.269.pdb	0.0757576	11.862	26.875
complex.270.pdb	0.0	12.701	38.752
complex.271.pdb	0.227273	6.328	29.53
complex.272.pdb	0.0	15.014	35.657
complex.273.pdb	0.242424	2.783	23.739
complex.274.pdb	0.0151515	12.494	47.781
complex.275.pdb	0.0	13.778	33.17
complex.276.pdb	0.0	14.235	44.357
complex.277.pdb	0.0454545	10.725	33.187
complex.278.pdb	0.106061	9.975	29.845
complex.279.pdb	0.0	10.871	32.493
complex.280.pdb	0.0606061	12.289	33.221
complex.281.pdb	0.0454545	10.766	37.536
complex.282.pdb	0.0151515	14.109	42.299
complex.283.pdb	0.0454545	14.567	33.557
complex.284.pdb	0.0757576	10.723	40.31
complex.285.pdb	0.0	13.345	27.893
complex.286.pdb	0.0454545	12.521	27.394
complex.287.pdb	0.106061	10.874	25.027
complex.288.pdb	0.0757576	12.336	27.781
complex.289.pdb	0.136364	11.407	39.285
complex.290.pdb	0.0	15.983	34.391
complex.291.pdb	0.242424	5.962	32.384
complex.292.pdb	0.636364	1.651	9.085
complex.293.pdb	0.0	12.462	39.762
complex.294.pdb	0.0	10.295	28.069
complex.295.pdb	0.0151515	12.222	29.442
complex.296.pdb	0.0	12.668	39.053
complex.297.pdb	0.0	14.165	39.068
complex.298.pdb	0.0151515	16.151	34.638
complex.299.pdb	0.181818	5.589	24.176
complex.300.pdb	0.0	12.723	39.487
complex.301.pdb	0.0757576	12.81	27.855
complex.302.pdb	0.0	17.298	44.997
complex.303.pdb	0.0606061	4.682	31.818
complex.304.pdb	0.0	11.158	35.496
complex.305.pdb	0.030303	15.93	37.138
complex.306.pdb	0.0454545	7.234	34.153
complex.307.pdb	0.106061	15.252	29.388
complex.308.pdb	0.0151515	9.364	19.045
complex.309.pdb	0.0909091	4.306	35.963
complex.310.pdb	0.030303	12.545	26.767
complex.311.pdb	0.0	16.368	37.303
complex.312.pdb	0.0606061	11.084	26.733
complex.313.pdb	0.0	15.815	37.551
complex.314.pdb	0.0	14.695	36.074
complex.315.pdb	0.0606061	15.528	40.507
complex.316.pdb	0.0151515	11.655	37.423
complex.317.pdb	0.0	11.44	37.139
complex.318.pdb	0.0757576	13.502	38.185
complex.319.pdb	0.454545	2.807	19.032
complex.320.pdb	0.0757576	12.777	27.25
complex.321.pdb	0.0757576	13.128	28.253
complex.322.pdb	0.0757576	12.138	26.338
complex.323.pdb	0.0151515	5.01	44.052
complex.324.pdb	0.121212	11.46	35.896
complex.325.pdb	0.0	15.872	33.551
complex.326.pdb	0.0757576	14.357	30.819
complex.327.pdb	0.0454545	14.229	34.854
complex.328.pdb	0.0	12.333	38.945
complex.329.pdb	0.030303	13.187	27.372
complex.330.pdb	0.0	15.176	42.522
complex.331.pdb	0.0	28.053	50.36
complex.332.pdb	0.121212	12.034	28.538
complex.333.pdb	0.0	22.673	44.35
complex.334.pdb	0.121212	12.667	26.593
complex.335.pdb	0.0	15.756	44.663
complex.336.pdb	0.0454545	11.992	27.988
complex.337.pdb	0.0	12.833	29.028
complex.338.pdb	0.106061	11.638	41.139
complex.339.pdb	0.0454545	14.009	32.666
complex.340.pdb	0.030303	16.033	37.79
complex.341.pdb	0.106061	6.04	28.605
complex.342.pdb	0.0909091	11.376	26.648
complex.343.pdb	0.212121	4.379	28.219
complex.344.pdb	0.348485	4.4	19.736
complex.345.pdb	0.106061	11.412	41.641
complex.346.pdb	0.0	15.434	36.129
complex.347.pdb	0.0	12.461	35.77
complex.348.pdb	0.030303	13.922	28.838
complex.349.pdb	0.0	13.34	42.401
complex.350.pdb	0.0	13.654	34.743
complex.351.pdb	0.484848	1.609	7.659
complex.352.pdb	0.030303	13.046	32.745
complex.353.pdb	0.0909091	11.465	41.225
complex.354.pdb	0.106061	10.75	44.674
complex.355.pdb	0.0	13.627	45.625
complex.356.pdb	0.0	15.067	43.682
complex.357.pdb	0.121212	11.58	26.808
complex.358.pdb	0.106061	10.914	38.141
complex.359.pdb	0.0	15.798	40.212
complex.360.pdb	0.0	11.742	31.904
complex.361.pdb	0.19697	8.095	21.681
complex.362.pdb	0.0	28.611	48.147
complex.363.pdb	0.0	9.978	23.223
complex.364.pdb	0.0	17.119	37.008
complex.365.pdb	0.0	13.13	48.515
complex.366.pdb	0.0151515	10.73	22.589
complex.367.pdb	0.166667	4.305	37.934
complex.368.pdb	0.0909091	11.078	44.447
complex.369.pdb	0.0606061	14.901	39.239
complex.370.pdb	0.0	16.593	39.166
complex.371.pdb	0.106061	11.019	28.354
complex.372.pdb	0.242424	4.488	30.951
complex.373.pdb	0.030303	15.373	35.606
complex.374.pdb	0.106061	12.427	41.445
complex.375.pdb	0.0	18.808	36.056
complex.376.pdb	0.0151515	10.507	20.425
complex.377.pdb	0.0	9.826	27.807
complex.378.pdb	0.0	12.897	29.722
complex.379.pdb	0.0	15.713	35.585
complex.380.pdb	0.030303	13.118	33.943
complex.381.pdb	0.0151515	11.859	38.105
complex.382.pdb	0.0	18.497	36.142
complex.383.pdb	0.0	15.303	35.929
complex.384.pdb	0.0606061	13.663	35.437
complex.385.pdb	0.0757576	13.753	31.819
complex.386.pdb	0.0151515	13.136	30.293
complex.387.pdb	0.0	12.44	33.443
complex.388.pdb	0.0909091	11.198	29.643
complex.389.pdb	0.0	12.356	29.494
complex.390.pdb	0.0	14.592	31.97
complex.391.pdb	0.0	9.549	30.916
complex.392.pdb	0.0909091	13.465	36.84
complex.393.pdb	0.212121	7.086	32.387
complex.394.pdb	0.106061	8.983	22.712
complex.395.pdb	0.0909091	11.617	39.125
complex.396.pdb	0.0	12.036	28.864
complex.397.pdb	0.0	13.816	47.743
complex.398.pdb	0.0454545	15.543	35.272
complex.399.pdb	0.0	13.096	37.827
complex.400.pdb	0.121212	10.762	26.644
complex.401.pdb	0.0	10.915	31.676
complex.402.pdb	0.0	30.017	46.027
complex.403.pdb	0.166667	3.639	32.203
complex.404.pdb	0.0	12.815	33.814
complex.405.pdb	0.0151515	10.994	23.001
complex.406.pdb	0.0	13.597	47.871
complex.407.pdb	0.0	15.216	45.404
complex.408.pdb	0.0	13.664	27.754
complex.409.pdb	0.0	12.189	30.428
complex.410.pdb	0.106061	13.414	29.968
complex.411.pdb	0.0757576	10.962	26.847
complex.412.pdb	0.0606061	12.615	37.165
complex.413.pdb	0.121212	11.504	28.717
complex.414.pdb	0.0151515	9.105	23.3
complex.415.pdb	0.030303	11.232	31.185
complex.416.pdb	0.0	12.513	25.408
complex.417.pdb	0.106061	11.653	28.433
complex.418.pdb	0.0909091	6.171	27.666
complex.419.pdb	0.409091	3.984	13.938
complex.420.pdb	0.0909091	10.958	40.238
complex.421.pdb	0.0	30.917	49.07
complex.422.pdb	0.0	12.47	42.309
complex.423.pdb	0.0	14.761	35.773
complex.424.pdb	0.0	10.593	34.556
complex.425.pdb	0.0909091	10.902	28.22
complex.426.pdb	0.0454545	15.023	37.046
complex.427.pdb	0.212121	7.563	31.748
complex.428.pdb	0.0	9.969	34.625
complex.429.pdb	0.0606061	13.999	30.041
complex.430.pdb	0.0	12.464	29.575
complex.431.pdb	0.0151515	15.26	41.789
complex.432.pdb	0.0909091	11.886	44.729
complex.433.pdb	0.0	13.309	40.207
complex.434.pdb	0.0	13.896	40.647
complex.435.pdb	0.0909091	12.149	40.116
complex.436.pdb	0.0151515	12.209	30.424
complex.437.pdb	0.409091	2.326	19.269
complex.438.pdb	0.0	15.537	45.019
complex.439.pdb	0.106061	12.323	40.612
complex.440.pdb	0.0	12.061	41.44
complex.441.pdb	0.030303	10.536	35.385
complex.442.pdb	0.0454545	9.745	42.949
complex.443.pdb	0.0	17.999	44.845
complex.444.pdb	0.0	13.66	46.782
complex.445.pdb	0.0	20.052	40.436
complex.446.pdb	0.0606061	7.179	43.285
complex.447.pdb	0.0	16.584	46.473
complex.448.pdb	0.0151515	14.519	38.737
complex.449.pdb	0.0	11.419	36.424
complex.450.pdb	0.0	14.118	36.653
complex.451.pdb	0.0	12.905	34.578
complex.452.pdb	0.0	15.414	37.564
complex.453.pdb	0.0	19.245	44.741
complex.454.pdb	0.0	14.065	37.572
complex.455.pdb	0.0151515	12.384	45.981
complex.456.pdb	0.0454545	9.425	33.671
complex.457.pdb	0.242424	4.059	31.743
complex.458.pdb	0.0151515	11.026	27.034
complex.459.pdb	0.0	14.789	30.106
complex.460.pdb	0.0	23.4	42.685
complex.461.pdb	0.0909091	14.751	31.125
complex.462.pdb	0.0	11.109	23.86
complex.463.pdb	0.0757576	8.834	39.484
complex.464.pdb	0.0757576	14.806	29.281
complex.465.pdb	0.136364	13.811	30.077
complex.466.pdb	0.0151515	12.182	39.582
complex.467.pdb	0.0909091	10.234	30.878
complex.468.pdb	0.0	13.604	32.59
complex.469.pdb	0.0151515	9.733	36.424
complex.470.pdb	0.030303	5.362	35.642
complex.471.pdb	0.0606061	13.179	29.269
complex.472.pdb	0.0151515	11.808	24.751
complex.473.pdb	0.106061	12.791	33.42
complex.474.pdb	0.0	12.931	33.696
complex.475.pdb	0.0	12.386	41.383
complex.476.pdb	0.0	16.493	41.838
complex.477.pdb	0.0606061	14.263	29.046
complex.478.pdb	0.0909091	15.481	29.863
complex.479.pdb	0.0	17.799	35.175
complex.480.pdb	0.0	17.666	31.438
complex.481.pdb	0.0	17.676	36.111
complex.482.pdb	0.0	10.708	20.462
complex.483.pdb	0.0	17.206	45.661
complex.484.pdb	0.0	14.37	46.175
complex.485.pdb	0.151515	4.24	38.166
complex.486.pdb	0.0606061	12.62	40.07
complex.487.pdb	0.0	10.417	31.114
complex.488.pdb	0.030303	12.069	26.324
complex.489.pdb	0.181818	4.881	36.69
complex.490.pdb	0.106061	4.574	30.402
complex.491.pdb	0.0606061	12.547	28.228
complex.492.pdb	0.0	11.149	26.176
complex.493.pdb	0.0	15.663	40.928
complex.494.pdb	0.0	27.16	43.974
complex.495.pdb	0.0909091	7.167	42.314
complex.496.pdb	0.212121	6.567	30.126
complex.497.pdb	0.0454545	14.028	30.068
complex.498.pdb	0.0151515	9.786	36.928
complex.499.pdb	0.0909091	10.13	39.709
complex.500.pdb	0.106061	11.306	36.805
complex.501.pdb	0.0	10.925	26.583
complex.502.pdb	0.0909091	12.28	41.764
complex.503.pdb	0.0454545	12.633	31.204
complex.504.pdb	0.030303	5.3	27.038
complex.505.pdb	0.242424	4.541	29.318
complex.506.pdb	0.0	12.681	36.151
complex.507.pdb	0.0	17.657	46.653
complex.508.pdb	0.0	15.805	37.998
complex.509.pdb	0.257576	5.036	32.35
complex.510.pdb	0.0	15.2	30.029
complex.511.pdb	0.0	15.969	34.691
complex.512.pdb	0.0151515	14.103	40.653
complex.513.pdb	0.166667	4.875	25.201
complex.514.pdb	0.0909091	11.995	41.758
complex.515.pdb	0.0757576	13.001	32.679
complex.516.pdb	0.0	12.538	38.468
complex.517.pdb	0.121212	15.043	30.472
complex.518.pdb	0.0	11.169	37.137
complex.519.pdb	0.0757576	12.695	29.526
complex.520.pdb	0.151515	10.714	24.911
complex.521.pdb	0.0606061	11.635	41.419
complex.522.pdb	0.030303	11.911	41.198
complex.523.pdb	0.0151515	13.823	41.158
complex.524.pdb	0.0	11.814	31.235
complex.525.pdb	0.0909091	10.094	24.532
complex.526.pdb	0.0	12.68	33.588
complex.527.pdb	0.0757576	14.826	39.798
complex.528.pdb	0.0909091	13.814	40.414
complex.529.pdb	0.0757576	6.899	33.14
complex.530.pdb	0.0	20.152	45.727
complex.531.pdb	0.0	11.277	38.221
complex.532.pdb	0.0	10.398	32.811
complex.533.pdb	0.0	13.644	37.797
complex.534.pdb	0.0	17.203	47.969
complex.535.pdb	0.0	17.367	42.777
complex.536.pdb	0.106061	11.231	40.361
complex.537.pdb	0.0	12.441	26.176
complex.538.pdb	0.0	18.617	45.598
complex.539.pdb	0.030303	15.349	32.027
complex.540.pdb	0.0	11.565	25.305
complex.541.pdb	0.0151515	9.27	18.135
complex.542.pdb	0.0606061	13.685	30.114
complex.543.pdb	0.0	11.234	28.626
complex.544.pdb	0.0606061	13.705	29.586
complex.545.pdb	0.0757576	13.046	32.111
complex.546.pdb	0.0	13.708	28.819
complex.547.pdb	0.5	1.87	15.159
complex.548.pdb	0.0	13.41	47.122
complex.549.pdb	0.121212	9.806	29.764
complex.550.pdb	0.0	18.692	45.117
complex.551.pdb	0.030303	14.468	38.509
complex.552.pdb	0.0454545	13.181	32.448
complex.553.pdb	0.121212	13.885	29.262
complex.554.pdb	0.0757576	11.656	26.334
complex.555.pdb	0.0	9.02	16.789
complex.556.pdb	0.0	8.932	27.447
complex.557.pdb	0.30303	3.99	25.646
complex.558.pdb	0.106061	13.056	30.713
complex.559.pdb	0.0	28.534	45.106
complex.560.pdb	0.0	16.582	36.65
complex.561.pdb	0.0	12.475	40.878
complex.562.pdb	0.0	14.889	37.588
complex.563.pdb	0.0757576	10.969	43.978
complex.564.pdb	0.0909091	11.064	41.237
complex.565.pdb	0.0	15.794	42.974
complex.566.pdb	0.0	12.447	24.096
complex.567.pdb	0.0909091	15.085	33.792
complex.568.pdb	0.136364	6.25	26.084
complex.569.pdb	0.136364	13.33	29.966
complex.570.pdb	0.0757576	13.356	31.312
complex.571.pdb	0.0	16.285	40.155
complex.572.pdb	0.0	15.597	40.432
complex.573.pdb	0.0	28.912	52.507
complex.574.pdb	0.0	16.893	37.309
complex.575.pdb	0.0	12.202	32.752
complex.576.pdb	0.30303	2.814	28.31
complex.577.pdb	0.030303	15.656	32.501
complex.578.pdb	0.030303	15.462	35.454
complex.579.pdb	0.0	16.922	47.001
complex.580.pdb	0.0	19.2	36.906
complex.581.pdb	0.378788	3.741	22.884
complex.582.pdb	0.0	19.299	41.152
complex.583.pdb	0.0151515	16.43	33.468
complex.584.pdb	0.0	16.426	41.444
complex.585.pdb	0.0909091	15.272	32.702
complex.586.pdb	0.0151515	11.839	28.149
complex.587.pdb	0.106061	13.095	31.706
complex.588.pdb	0.0	15.495	35.418
complex.589.pdb	0.0	17.199	43.331
complex.590.pdb	0.0	12.202	32.26
complex.591.pdb	0.287879	3.416	22.63
complex.592.pdb	0.0	28.027	45.64
complex.593.pdb	0.0	13.111	36.956
complex.594.pdb	0.0	17.032	44.699
complex.595.pdb	0.287879	5.154	23.799
complex.596.pdb	0.0909091	10.419	31.053
complex.597.pdb	0.0151515	12.781	38.277
complex.598.pdb	0.030303	14.165	40.27
complex.599.pdb	0.106061	13.534	37.619
complex.600.pdb	0.0	15.34	38.446
complex.601.pdb	0.0151515	12.791	23.908
complex.602.pdb	0.393939	3.592	16.624
complex.603.pdb	0.0151515	16.054	43.626
complex.604.pdb	0.0	16.689	42.955
complex.605.pdb	0.0	17.286	41.318
complex.606.pdb	0.0	12.617	36.299
complex.607.pdb	0.0	10.745	21.134
complex.608.pdb	0.0	9.968	33.848
complex.609.pdb	0.0151515	11.964	27.647
complex.610.pdb	0.0151515	12.735	39.232
complex.611.pdb	0.0454545	14.784	46.669
complex.612.pdb	0.0151515	12.729	26.624
complex.613.pdb	0.0757576	13.647	34.579
complex.614.pdb	0.0	14.43	43.962
complex.615.pdb	0.106061	13.313	37.33
complex.616.pdb	0.0	11.753	29.28
complex.617.pdb	0.0	14.26	31.184
complex.618.pdb	0.0454545	12.811	31.805
complex.619.pdb	0.0909091	14.704	30.528
complex.620.pdb	0.0454545	7.068	31.787
complex.621.pdb	0.0454545	11.992	40.668
complex.622.pdb	0.0757576	13.887	34.794
complex.623.pdb	0.0606061	11.419	27.164
complex.624.pdb	0.0	16.133	44.763
complex.625.pdb	0.0151515	13.668	45.581
complex.626.pdb	0.0	22.918	43.323
complex.627.pdb	0.0909091	12.961	28.388
complex.628.pdb	0.0	14.757	31.033
complex.629.pdb	0.0151515	8.92	20.3
complex.630.pdb	0.0	9.241	30.602
complex.631.pdb	0.0	16.684	35.611
complex.632.pdb	0.378788	4.008	21.082
complex.633.pdb	0.0151515	16.314	34.428
complex.634.pdb	0.0757576	11.559	40.039
complex.635.pdb	0.166667	9.418	22.227
complex.636.pdb	0.0	16.188	40.689
complex.637.pdb	0.0	13.245	40.578
complex.638.pdb	0.0	17.797	36.04
complex.639.pdb	0.0151515	15.885	35.1
complex.640.pdb	0.0	11.951	29.242
complex.641.pdb	0.0	22.036	41.514
complex.642.pdb	0.136364	13.086	39.544
complex.643.pdb	0.0909091	13.337	32.867
complex.644.pdb	0.0	12.435	33.29
complex.645.pdb	0.0	14.479	36.128
complex.646.pdb	0.0	15.288	39.774
complex.647.pdb	0.0	30.386	47.742
complex.648.pdb	0.0	13.388	46.115
complex.649.pdb	0.0	13.23	37.086
complex.650.pdb	0.0151515	14.331	33.48
complex.651.pdb	0.106061	11.622	37.488
complex.652.pdb	0.0	12.236	35.412
complex.653.pdb	0.0	17.492	43.169
complex.654.pdb	0.0	11.775	40.428
complex.655.pdb	0.0	12.363	23.466
complex.656.pdb	0.0757576	9.911	28.041
complex.657.pdb	0.0	11.056	34.12
complex.658.pdb	0.0757576	13.188	42.03
complex.659.pdb	0.0	15.839	36.54
complex.660.pdb	0.0757576	11.241	29.23
complex.661.pdb	0.0	13.218	30.963
complex.662.pdb	0.0	20.685	44.899
complex.663.pdb	0.712121	0.87	4.957
complex.664.pdb	0.0606061	11.689	26.945
complex.665.pdb	0.166667	8.104	18.847
complex.666.pdb	0.0	17.844	34.421
complex.667.pdb	0.0	17.378	40.399
complex.668.pdb	0.0	20.471	45.083
complex.669.pdb	0.0	21.109	49.362
complex.670.pdb	0.0	13.261	45.824
complex.671.pdb	0.0	17.714	39.106
complex.672.pdb	0.0	13.256	42.567
complex.673.pdb	0.0	15.158	36.031
complex.674.pdb	0.439394	2.156	15.675
complex.675.pdb	0.0	10.861	31.227
complex.676.pdb	0.0	13.783	42.173
complex.677.pdb	0.0	17.43	43.048
complex.678.pdb	0.151515	3.493	27.517
complex.679.pdb	0.0151515	10.101	30.976
complex.680.pdb	0.0	18.069	47.46
complex.681.pdb	0.0606061	13.774	31.581
complex.682.pdb	0.0	11.024	27.238
complex.683.pdb	0.0757576	11.507	43.075
complex.684.pdb	0.0909091	14.213	33.818
complex.685.pdb	0.030303	11.487	32.598
complex.686.pdb	0.0	15.698	40.506
complex.687.pdb	0.030303	15.615	33.944
complex.688.pdb	0.0	30.875	48.575
complex.689.pdb	0.106061	14.618	29.635
complex.690.pdb	0.0454545	10.936	42.123
complex.691.pdb	0.0	12.548	32.396
complex.692.pdb	0.0	15.014	38.418
complex.693.pdb	0.0	17.517	38.997
complex.694.pdb	0.0909091	13.199	32.678
complex.695.pdb	0.0	10.932	29.377
complex.696.pdb	0.0151515	14.529	32.141
complex.697.pdb	0.0	9.49	17.645
complex.698.pdb	0.136364	9.931	33.528
complex.699.pdb	0.0151515	11.51	35.94
complex.700.pdb	0.0	8.917	20.969
complex.701.pdb	0.0	10.625	22.794
complex.702.pdb	0.0	18.722	40.247
complex.703.pdb	0.030303	14.51	36.863
complex.704.pdb	0.0	17.198	44.169
complex.705.pdb	0.0454545	10.97	40.744
complex.706.pdb	0.0	13.418	36.926
complex.707.pdb	0.136364	9.891	38.274
complex.708.pdb	0.0	14.512	40.175
complex.709.pdb	0.0	15.334	42.27
complex.710.pdb	0.0909091	11.996	34.219
complex.711.pdb	0.0	14.946	37.22
complex.712.pdb	0.0	9.632	31.78
complex.713.pdb	0.0	9.839	32.709
complex.714.pdb	0.0454545	9.739	26.1
complex.715.pdb	0.0	9.37	21.37
complex.716.pdb	0.151515	11.899	36.566
complex.717.pdb	0.0909091	11.476	41.55
complex.718.pdb	0.0151515	12.513	26.336
complex.719.pdb	0.0	11.922	30.249
complex.720.pdb	0.0	10.383	25.67
complex.721.pdb	0.0	8.742	18.781
complex.722.pdb	0.0	28.553	50.051
complex.723.pdb	0.0909091	12.473	45.152
complex.724.pdb	0.0	11.115	23.933
complex.725.pdb	0.121212	12.084	26.983
complex.726.pdb	0.0	12.865	33.32
complex.727.pdb	0.030303	12.302	31.61
complex.728.pdb	0.0	15.228	39.446
complex.729.pdb	0.0	9.778	24.042
complex.730.pdb	0.0	14.591	39.657
complex.731.pdb	0.0	19.386	42.318
complex.732.pdb	0.0	11.2	32.733
complex.733.pdb	0.0757576	11.019	41.525
complex.734.pdb	0.0	15.596	46.495
complex.735.pdb	0.0	17.193	47.809
complex.736.pdb	0.0	17.341	43.548
complex.737.pdb	0.0	14.474	33.348
complex.738.pdb	0.0	16.128	36.785
complex.739.pdb	0.136364	7.776	20.285
complex.740.pdb	0.0	11.844	37.15
complex.741.pdb	0.121212	12.61	31.493
complex.742.pdb	0.0	10.388	18.53
complex.743.pdb	0.0	11.948	27.302
complex.744.pdb	0.030303	15.757	31.965
complex.745.pdb	0.0909091	11.498	33.243
complex.746.pdb	0.0757576	11.354	32.119
complex.747.pdb	0.348485	2.818	18.135
complex.748.pdb	0.0	30.528	50.219
complex.749.pdb	0.0	23.311	42.935
complex.750.pdb	0.106061	11.623	39.28
complex.751.pdb	0.0	15.591	45.102
complex.752.pdb	0.0757576	9.333	24.535
complex.753.pdb	0.0	9.535	17.589
complex.754.pdb	0.0151515	14.665	33.589
complex.755.pdb	0.106061	11.878	38.45
complex.756.pdb	0.0151515	10.978	22.67
complex.757.pdb	0.0606061	7.214	28.887
complex.758.pdb	0.0	15.957	36.466
complex.759.pdb	0.0151515	12.381	22.061
complex.760.pdb	0.121212	10.611	25.037
complex.761.pdb	0.0606061	9.328	37.081
complex.762.pdb	0.0	14.733	47.335
complex.763.pdb	0.0454545	16.314	38.358
complex.764.pdb	0.0909091	12.363	40.64
complex.765.pdb	0.0	16.9	44.319
complex.766.pdb	0.606061	1.846	5.938
complex.767.pdb	0.0	10.769	16.841
complex.768.pdb	0.0	15.172	36.467
complex.769.pdb	0.0	15.544	28.537
complex.770.pdb	0.0	18.782	36.62
complex.771.pdb	0.0	13.546	33.213
complex.772.pdb	0.106061	15.226	32.238
complex.773.pdb	0.151515	13.647	29.38
complex.774.pdb	0.0	10.734	33.978
complex.775.pdb	0.0757576	12.899	28.515
complex.776.pdb	0.0	13.985	37.138
complex.777.pdb	0.0	9.461	34.531
complex.778.pdb	0.0454545	13.487	33.979
complex.779.pdb	0.0	10.804	21.04
complex.780.pdb	0.0	11.831	22.361
complex.781.pdb	0.0	11.078	23.279
complex.782.pdb	0.0	11.785	31.086
complex.783.pdb	0.0757576	10.804	33.049
complex.784.pdb	0.106061	13.416	30.442
complex.785.pdb	0.0	14.799	48.032
complex.786.pdb	0.0	11.898	23.808
complex.787.pdb	0.0	15.646	43.902
complex.788.pdb	0.0	11.337	24.203
complex.789.pdb	0.590909	2.032	7.191
complex.790.pdb	0.0	17.178	42.631
complex.791.pdb	0.0757576	13.113	43.553
complex.792.pdb	0.0	11.772	27.861
complex.793.pdb	0.19697	6.701	26.621
complex.794.pdb	0.0	12.839	36.688
complex.795.pdb	0.0	30.533	51.296
complex.796.pdb	0.19697	5.059	28.111
complex.797.pdb	0.212121	4.245	32.603
complex.798.pdb	0.0	17.734	36.038
complex.799.pdb	0.0	13.772	36.055
complex.800.pdb	0.0909091	14.547	28.952
complex.801.pdb	0.0	16.05	41.677
complex.802.pdb	0.0	14.188	27.439
complex.803.pdb	0.106061	12.683	39.147
complex.804.pdb	0.0	15.266	43.635
complex.805.pdb	0.0454545	10.458	33.77
complex.806.pdb	0.0	17.513	33.045
complex.807.pdb	0.0	12.233	28.23
complex.808.pdb	0.136364	5.443	25.502
complex.809.pdb	0.0	11.314	34.756
complex.810.pdb	0.0454545	11.032	28.094
complex.811.pdb	0.0909091	12.484	41.816
complex.812.pdb	0.030303	12.165	39.432
complex.813.pdb	0.030303	15.618	36.108
complex.814.pdb	0.0	20.763	43.508
complex.815.pdb	0.0	13.656	24.2
complex.816.pdb	0.030303	15.195	35.859
complex.817.pdb	0.0	12.148	44.58
complex.818.pdb	0.0	15.379	34.783
complex.819.pdb	0.0	31.034	49.766
complex.820.pdb	0.0151515	14.208	43.146
complex.821.pdb	0.0	30.921	50.169
complex.822.pdb	0.0	16.245	35.71
complex.823.pdb	0.0	14.923	39.05
complex.824.pdb	0.0151515	14.957	32.694
complex.825.pdb	0.151515	10.39	36.695
complex.826.pdb	0.19697	5.743	29.654
complex.827.pdb	0.0757576	13.798	37.627
complex.828.pdb	0.0151515	14.576	34.486
complex.829.pdb	0.0	26.53	44.308
complex.830.pdb	0.0454545	10.485	23.169
complex.831.pdb	0.0	12.979	47.125
complex.832.pdb	0.0	15.773	45.287
complex.833.pdb	0.0	12.338	40.226
complex.834.pdb	0.121212	13.454	30.04
complex.835.pdb	0.0454545	13.548	34.107
complex.836.pdb	0.0	15.414	40.757
complex.837.pdb	0.0757576	13.638	39.855
complex.838.pdb	0.0	9.317	19.581
complex.839.pdb	0.0	11.94	35.218
complex.840.pdb	0.0	23.364	43.296
complex.841.pdb	0.106061	11.506	35.98
complex.842.pdb	0.0	14.539	38.945
complex.843.pdb	0.0	20.21	40.574
complex.844.pdb	0.0909091	10.815	40.83
complex.845.pdb	0.0	12.154	35.33
complex.846.pdb	0.0	12.273	33.957
complex.847.pdb	0.0	12.709	36.359
complex.848.pdb	0.136364	13.041	35.769
complex.849.pdb	0.0909091	11.945	47.208
complex.850.pdb	0.0	16.72	36.969
complex.851.pdb	0.0	29.217	47.002
complex.852.pdb	0.121212	11.818	25.262
complex.853.pdb	0.0	16.93	45.496
complex.854.pdb	0.106061	14.104	30.129
complex.855.pdb	0.0	15.405	42.72
complex.856.pdb	0.0	18.372	45.746
complex.857.pdb	0.0	13.88	38.686
complex.858.pdb	0.0909091	10.713	28.888
complex.859.pdb	0.0454545	9.577	24.112
complex.860.pdb	0.0	15.723	40.778
complex.861.pdb	0.0757576	13.993	32.585
complex.862.pdb	0.0	13.567	29.138
complex.863.pdb	0.0909091	11.869	46.024
complex.864.pdb	0.0	13.503	21.046
complex.865.pdb	0.106061	11.672	44.264
complex.866.pdb	0.0	16.664	40.642
complex.867.pdb	0.030303	14.826	35.696
complex.868.pdb	0.0	19.303	44.557
complex.869.pdb	0.0	17.236	38.722
complex.870.pdb	0.0	17.164	44.034
complex.871.pdb	0.030303	8.41	46.194
complex.872.pdb	0.0909091	14.769	32.37
complex.873.pdb	0.181818	5.454	31.508
complex.874.pdb	0.0	29.603	48.288
complex.875.pdb	0.0	10.103	16.398
complex.876.pdb	0.0	12.449	34.462
complex.877.pdb	0.0909091	12.574	33.837
complex.878.pdb	0.0	15.066	46.02
complex.879.pdb	0.030303	14.848	31.335
complex.880.pdb	0.0151515	10.743	42.26
complex.881.pdb	0.0	18.459	37.479
complex.882.pdb	0.0	13.589	29.469
complex.883.pdb	0.0	12.637	31.456
complex.884.pdb	0.0	11.957	41.187
complex.885.pdb	0.0	27.208	50.538
complex.886.pdb	0.0	13.832	31.275
complex.887.pdb	0.0454545	13.788	28.712
complex.888.pdb	0.0151515	9.174	18.943
complex.889.pdb	0.0151515	11.73	33.436
complex.890.pdb	0.0757576	12.681	40.51
complex.891.pdb	0.0151515	15.613	36.964
complex.892.pdb	0.0454545	12.407	38.214
complex.893.pdb	0.0	17.476	44.066
complex.894.pdb	0.0	14.548	34.552
complex.895.pdb	0.0151515	13.714	36.011
complex.896.pdb	0.0	11.775	26.077
complex.897.pdb	0.0	30.035	50.192
complex.898.pdb	0.0	12.037	32.04
complex.899.pdb	0.0	16.329	30.11
complex.900.pdb	0.0454545	10.209	35.832
complex.901.pdb	0.0	11.162	29.076
complex.902.pdb	0.106061	13.848	28.216
complex.903.pdb	0.0909091	11.086	44.826
complex.904.pdb	0.106061	7.06	22.549
complex.905.pdb	0.0	17.353	41.395
complex.906.pdb	0.0	16.881	48.224
complex.907.pdb	0.0	13.901	28.934
complex.908.pdb	0.0	15.558	37.475
complex.909.pdb	0.0	13.91	30.623
complex.910.pdb	0.0	30.874	47.899
complex.911.pdb	0.0	18.258	39.282
complex.912.pdb	0.0	17.451	35.829
complex.913.pdb	0.0	11.833	31.178
complex.914.pdb	0.0	28.348	44.738
complex.915.pdb	0.0909091	11.408	45.932
complex.916.pdb	0.0	15.312	26.827
complex.917.pdb	0.0606061	12.402	32.669
complex.918.pdb	0.0	29.738	47.419
complex.919.pdb	0.242424	4.964	24.58
complex.920.pdb	0.0	29.979	48.822
complex.921.pdb	0.0	20.675	43.696
complex.922.pdb	0.0151515	10.915	22.739
complex.923.pdb	0.0	12.189	44.958
complex.924.pdb	0.0757576	9.425	23.422
complex.925.pdb	0.0	15.359	36.759
complex.926.pdb	0.0	11.792	30.833
complex.927.pdb	0.0	15.681	44.357
complex.928.pdb	0.0	14.304	33.333
complex.929.pdb	0.0	16.797	34.299
complex.930.pdb	0.106061	13.564	27.638
complex.931.pdb	0.0	13.913	33.778
complex.932.pdb	0.0	28.539	48.449
complex.933.pdb	0.0	12.535	32.873
complex.934.pdb	0.0	13.49	24.737
complex.935.pdb	0.0	16.527	38.687
complex.936.pdb	0.0	14.899	30.148
complex.937.pdb	0.0	14.489	37.142
complex.938.pdb	0.0	22.975	42.098
complex.939.pdb	0.0	16.988	35.972
complex.940.pdb	0.0151515	11.797	29.938
complex.941.pdb	0.0	8.98	16.6
complex.942.pdb	0.0	11.551	33.142
complex.943.pdb	0.0	11.076	28.236
complex.944.pdb	0.181818	7.331	24.516
complex.945.pdb	0.0	19.324	40.994
complex.946.pdb	0.0151515	15.199	35.448
complex.947.pdb	0.0151515	15.377	37.39
complex.948.pdb	0.151515	11.09	25.667
complex.949.pdb	0.0606061	13.163	30.879
complex.950.pdb	0.0	18.157	35.913
complex.951.pdb	0.030303	14.594	39.923
complex.952.pdb	0.0757576	13.666	27.735
complex.953.pdb	0.0	18.486	36.013
complex.954.pdb	0.136364	5.887	23.784
complex.955.pdb	0.0	25.138	46.445
complex.956.pdb	0.0	15.31	40.084
complex.957.pdb	0.0	13.772	36.095
complex.958.pdb	0.0	11.381	34.704
complex.959.pdb	0.272727	4.59	25.597
complex.960.pdb	0.166667	10.052	36.508
complex.961.pdb	0.106061	11.179	26.024
complex.962.pdb	0.0606061	12.676	37.73
complex.963.pdb	0.0	10.781	36.404
complex.964.pdb	0.0	20.772	48.536
complex.965.pdb	0.0	17.131	44.192
complex.966.pdb	0.0	17.55	39.676
complex.967.pdb	0.0	13.4	38.418
complex.968.pdb	0.0909091	14.337	40.926
complex.969.pdb	0.0	29.695	52.267
complex.970.pdb	0.0151515	13.023	37.275
complex.971.pdb	0.0454545	11.205	37.659
complex.972.pdb	0.0	19.206	36.242
complex.973.pdb	0.0	10.696	30.556
complex.974.pdb	0.030303	15.579	40.527
complex.975.pdb	0.0606061	11.541	35.374
complex.976.pdb	0.121212	12.458	33.034
complex.977.pdb	0.0454545	13.672	28.541
complex.978.pdb	0.0	29.765	50.943
complex.979.pdb	0.0	15.186	43.335
complex.980.pdb	0.0	17.755	37.078
complex.981.pdb	0.0	11.832	28.126
complex.982.pdb	0.0	12.683	34.706
complex.983.pdb	0.0	15.643	36.153
complex.984.pdb	0.030303	12.409	42.429
complex.985.pdb	0.0	16.777	37.236
complex.986.pdb	0.0909091	6.77	17.949
complex.987.pdb	0.0151515	14.207	37.683
complex.988.pdb	0.0	18.994	45.39
complex.989.pdb	0.0	14.139	27.342
complex.990.pdb	0.0	15.618	44.615
complex.991.pdb	0.0	18.144	32.437
complex.992.pdb	0.0454545	9.295	40.825
complex.993.pdb	0.0	15.987	37.705
complex.994.pdb	0.0	30.302	49.402
complex.995.pdb	0.0454545	14.013	37.273
complex.996.pdb	0.0	16.701	44.968
complex.997.pdb	0.0	17.826	47.331
complex.998.pdb	0.0	10.729	34.552
complex.999.pdb	0.0	21.981	40.717
complex.1000.pdb	0.0	18.043	41.401
complex.1001.pdb	0.0909091	11.039	43.548
complex.1002.pdb	0.0909091	11.817	43.397
complex.1003.pdb	0.0	17.422	46.63
complex.1004.pdb	0.0	14.858	37.089
complex.1005.pdb	0.0	18.51	45.848
complex.1006.pdb	0.0	25.15	45.853
complex.1007.pdb	0.0454545	5.767	36.156
complex.1008.pdb	0.121212	10.237	24.002
complex.1009.pdb	0.0	17.799	33.594
complex.1010.pdb	0.0	17.585	46.877
complex.1011.pdb	0.0757576	13.321	36.534
complex.1012.pdb	0.0	10.094	23.648
complex.1013.pdb	0.0	17.439	40.414
complex.1014.pdb	0.0	11.999	28.744
complex.1015.pdb	0.0606061	13.099	36.127
complex.1016.pdb	0.0	16.33	33.297
complex.1017.pdb	0.0606061	14.507	33.049
complex.1018.pdb	0.0	14.309	33.101
complex.1019.pdb	0.0	11.402	28.483
complex.1020.pdb	0.0	30.387	50.003
complex.1021.pdb	0.0	14.902	39.037
complex.1022.pdb	0.0	17.386	42.709
complex.1023.pdb	0.0454545	12.378	40.601
complex.1024.pdb	0.0	30.741	51.098
complex.1025.pdb	0.0151515	15.649	31.922
complex.1026.pdb	0.227273	4.926	29.462
complex.1027.pdb	0.0909091	10.87	41.826
complex.1028.pdb	0.0	14.582	38.888
complex.1029.pdb	0.0	16.923	39.559
complex.1030.pdb	0.0	12.121	34.9
complex.1031.pdb	0.0	18.939	45.628
complex.1032.pdb	0.0909091	12.246	33.154
complex.1033.pdb	0.0151515	9.265	38.282
complex.1034.pdb	0.0	28.092	46.01
complex.1035.pdb	0.0	29.344	48.633
complex.1036.pdb	0.0	15.104	33.284
complex.1037.pdb	0.0909091	11.803	41.73
complex.1038.pdb	0.0	13.842	43.105
complex.1039.pdb	0.0	15.474	46.753
complex.1040.pdb	0.0	15.154	33.969
complex.1041.pdb	0.0	19.123	43.808
complex.1042.pdb	0.0	15.175	33.445
complex.1043.pdb	0.0	16.686	31.249
complex.1044.pdb	0.0	12.309	26.083
complex.1045.pdb	0.136364	6.636	24.759
complex.1046.pdb	0.030303	11.407	26.605
complex.1047.pdb	0.0	22.886	42.38
complex.1048.pdb	0.0	13.134	36.66
complex.1049.pdb	0.0	20.36	48.425
complex.1050.pdb	0.0	15.036	46.402
complex.1051.pdb	0.0	26.292	48.102
complex.1052.pdb	0.0	18.173	45.995
complex.1053.pdb	0.0	28.53	44.2
complex.1054.pdb	0.0	30.799	47.305
complex.1055.pdb	0.0	31.075	49.686
complex.1056.pdb	0.0	19.883	40.507
complex.1057.pdb	0.030303	15.654	32.645
complex.1058.pdb	0.0	15.541	27.911
complex.1059.pdb	0.0606061	8.95	39.808
complex.1060.pdb	0.0	30.695	48.947
complex.1061.pdb	0.0909091	11.061	25.169
complex.1062.pdb	0.0	19.775	36.282
complex.1063.pdb	0.0	13.068	37.819
complex.1064.pdb	0.0	16.797	39.387
complex.1065.pdb	0.0	16.633	43.17
complex.1066.pdb	0.0909091	11.068	45.129
complex.1067.pdb	0.136364	9.916	23.63
complex.1068.pdb	0.227273	5.152	26.1
complex.1069.pdb	0.0	26.239	45.005
complex.1070.pdb	0.0909091	11.193	41.698
complex.1071.pdb	0.0151515	15.42	37.205
complex.1072.pdb	0.0	10.558	19.592
complex.1073.pdb	0.136364	13.633	41.917
complex.1074.pdb	0.106061	15.01	34.913
complex.1075.pdb	0.0	11.647	25.372
complex.1076.pdb	0.0	14.626	45.682
complex.1077.pdb	0.0	11.884	29.282
complex.1078.pdb	0.0	19.809	37.458
complex.1079.pdb	0.0	10.471	22.386
complex.1080.pdb	0.106061	15.06	34.049
complex.1081.pdb	0.0	16.227	42.911
complex.1082.pdb	0.0	13.467	42.577
complex.1083.pdb	0.0	10.95	36.524
complex.1084.pdb	0.0151515	13.781	41.591
complex.1085.pdb	0.0	17.034	43.931
complex.1086.pdb	0.0	31.182	49.101
complex.1087.pdb	0.0	12.12	35.729
complex.1088.pdb	0.0909091	14.012	29.152
complex.1089.pdb	0.0	11.821	26.917
complex.1090.pdb	0.0	12.851	25.216
complex.1091.pdb	0.0	15.185	41.08
complex.1092.pdb	0.0	17.113	39.885
complex.1093.pdb	0.0	18.721	36.81
complex.1094.pdb	0.106061	13.555	45.856
complex.1095.pdb	0.0909091	11.204	47.452
complex.1096.pdb	0.0909091	10.863	25.619
complex.1097.pdb	0.0	13.534	38.903
complex.1098.pdb	0.0	13.752	38.285
complex.1099.pdb	0.0	14.571	45.698
complex.1100.pdb	0.0	10.881	35.643
complex.1101.pdb	0.121212	14.286	35.163
complex.1102.pdb	0.0151515	12.671	31.927
complex.1103.pdb	0.0	15.323	42.913
complex.1104.pdb	0.106061	10.231	34.3
complex.1105.pdb	0.0	22.558	44.543
complex.1106.pdb	0.0	12.178	35.654
complex.1107.pdb	0.0	14.717	29.821
complex.1108.pdb	0.0	17.125	47.313
complex.1109.pdb	0.0	13.382	33.567
complex.1110.pdb	0.0	13.556	36.747
complex.1111.pdb	0.0	13.866	32.191
complex.1112.pdb	0.0454545	15.048	36.394
complex.1113.pdb	0.0	12.448	27.884
complex.1114.pdb	0.0	16.141	32.617
complex.1115.pdb	0.0757576	12.151	42.346
complex.1116.pdb	0.0	14.055	46.808
complex.1117.pdb	0.0909091	14.799	35.982
complex.1118.pdb	0.0	17.301	42.163
complex.1119.pdb	0.0	16.144	31.002
complex.1120.pdb	0.0	12.573	34.945
complex.1121.pdb	0.0	11.781	16.362
complex.1122.pdb	0.0	14.226	25.452
complex.1123.pdb	0.0757576	11.896	37.094
complex.1124.pdb	0.0606061	11.5	25.957
complex.1125.pdb	0.0151515	12.195	36.095
complex.1126.pdb	0.0	27.4	43.614
complex.1127.pdb	0.0	19.171	45.277
complex.1128.pdb	0.0757576	11.175	45.227
complex.1129.pdb	0.0	18.036	45.262
complex.1130.pdb	0.0606061	14.938	31.104
complex.1131.pdb	0.0151515	11.687	38.406
complex.1132.pdb	0.030303	12.255	38.218
complex.1133.pdb	0.0	16.122	38.473
complex.1134.pdb	0.0151515	16.223	32.373
complex.1135.pdb	0.0	9.563	16.391
complex.1136.pdb	0.0151515	11.586	34.834
complex.1137.pdb	0.0	13.703	31.432
complex.1138.pdb	0.0	17.339	44.757
complex.1139.pdb	0.0	27.803	54.699
complex.1140.pdb	0.0	17.274	44.524
complex.1141.pdb	0.030303	11.484	32.053
complex.1142.pdb	0.0	11.784	32.956
complex.1143.pdb	0.0	18.68	47.252
complex.1144.pdb	0.0	11.827	40.922
complex.1145.pdb	0.0	11.303	26.486
complex.1146.pdb	0.030303	12.603	40.055
complex.1147.pdb	0.0	20.041	40.143
complex.1148.pdb	0.030303	14.357	37.332
complex.1149.pdb	0.0151515	16.427	34.824
complex.1150.pdb	0.0	13.173	20.384
complex.1151.pdb	0.0	11.738	32.393
complex.1152.pdb	0.0	30.336	46.774
complex.1153.pdb	0.0	27.411	47.971
complex.1154.pdb	0.0	14.861	26.12
complex.1155.pdb	0.0	30.779	47.15
complex.1156.pdb	0.0	13.116	47.081
complex.1157.pdb	0.0	22.381	41.113
complex.1158.pdb	0.0	14.116	25.662
complex.1159.pdb	0.0	28.716	45.453
complex.1160.pdb	0.0	10.752	20.39
complex.1161.pdb	0.0	14.45	41.005
complex.1162.pdb	0.0	11.582	17.662
complex.1163.pdb	0.0	14.46	46.794
complex.1164.pdb	0.0454545	11.656	35.169
complex.1165.pdb	0.0	12.276	39.715
complex.1166.pdb	0.363636	4.841	18.746
complex.1167.pdb	0.0	11.045	20.802
complex.1168.pdb	0.0	12.513	42.399
complex.1169.pdb	0.0	16.772	43.31
complex.1170.pdb	0.0909091	14.718	29.723
complex.1171.pdb	0.0909091	9.727	34.0
complex.1172.pdb	0.0	11.142	30.536
complex.1173.pdb	0.0757576	11.573	44.072
complex.1174.pdb	0.0	12.285	43.684
complex.1175.pdb	0.0454545	14.712	29.145
complex.1176.pdb	0.0	12.542	22.764
complex.1177.pdb	0.0	17.758	36.033
complex.1178.pdb	0.0	12.635	34.059
complex.1179.pdb	0.0	14.205	40.027
complex.1180.pdb	0.0	31.297	51.182
complex.1181.pdb	0.0606061	11.299	40.894
complex.1182.pdb	0.0	13.336	34.069
complex.1183.pdb	0.0	14.817	34.078
complex.1184.pdb	0.0151515	10.799	30.275
complex.1185.pdb	0.0909091	14.483	33.426
complex.1186.pdb	0.030303	14.808	49.628
complex.1187.pdb	0.106061	12.923	31.436
complex.1188.pdb	0.0	10.796	34.446
complex.1189.pdb	0.0	17.697	44.588
complex.1190.pdb	0.0	13.068	31.369
complex.1191.pdb	0.0606061	14.914	41.483
complex.1192.pdb	0.0	13.593	29.401
complex.1193.pdb	0.0	16.407	32.759
complex.1194.pdb	0.030303	11.744	38.708
complex.1195.pdb	0.0	17.708	36.731
complex.1196.pdb	0.0	16.038	39.686
complex.1197.pdb	0.0	17.346	39.009
complex.1198.pdb	0.0454545	11.633	31.795
complex.1199.pdb	0.0454545	7.824	30.023
complex.1200.pdb	0.0	12.499	36.052
complex.1201.pdb	0.0	15.207	42.87
complex.1202.pdb	0.0	28.179	44.529
complex.1203.pdb	0.0	12.421	24.378
complex.1204.pdb	0.0	26.111	45.231
complex.1205.pdb	0.0	30.409	49.391
complex.1206.pdb	0.0	22.141	40.977
complex.1207.pdb	0.0	17.657	44.323
complex.1208.pdb	0.121212	10.18	36.906
complex.1209.pdb	0.030303	15.126	34.054
complex.1210.pdb	0.0	30.992	53.88
complex.1211.pdb	0.0	20.854	41.243
complex.1212.pdb	0.0	11.801	32.575
complex.1213.pdb	0.0454545	12.784	46.075
complex.1214.pdb	0.0	13.162	22.864
complex.1215.pdb	0.0151515	12.049	30.179
complex.1216.pdb	0.0	14.56	31.341
complex.1217.pdb	0.0151515	11.785	38.469
complex.1218.pdb	0.0	20.949	43.017
complex.1219.pdb	0.030303	16.125	42.146
complex.1220.pdb	0.0	11.317	24.318
complex.1221.pdb	0.0	30.421	51.588
complex.1222.pdb	0.0909091	11.628	50.021
complex.1223.pdb	0.0151515	12.559	40.281
complex.1224.pdb	0.0	11.204	39.55
complex.1225.pdb	0.0909091	6.733	33.074
complex.1226.pdb	0.0	24.528	45.287
complex.1227.pdb	0.0	12.962	32.255
complex.1228.pdb	0.0	15.628	33.918
complex.1229.pdb	0.0	21.384	41.699
complex.1230.pdb	0.0	13.31	27.743
complex.1231.pdb	0.0	27.894	45.853
complex.1232.pdb	0.0	13.74	24.527
complex.1233.pdb	0.0151515	11.535	38.359
complex.1234.pdb	0.0	21.279	52.993
complex.1235.pdb	0.0	11.946	42.778
complex.1236.pdb	0.0	14.94	38.546
complex.1237.pdb	0.0606061	7.688	36.41
complex.1238.pdb	0.0	25.787	49.036
complex.1239.pdb	0.0151515	11.803	33.379
complex.1240.pdb	0.106061	15.101	32.008
complex.1241.pdb	0.151515	13.66	35.63
complex.1242.pdb	0.0	9.866	20.999
complex.1243.pdb	0.0	13.679	46.619
complex.1244.pdb	0.0	7.89	24.122
complex.1245.pdb	0.0	15.77	38.73
complex.1246.pdb	0.0	12.318	31.579
complex.1247.pdb	0.0909091	13.767	30.885
complex.1248.pdb	0.0757576	9.922	23.847
complex.1249.pdb	0.121212	14.077	33.104
complex.1250.pdb	0.0	16.774	38.323
complex.1251.pdb	0.0	14.414	41.489
complex.1252.pdb	0.0151515	12.437	45.653
complex.1253.pdb	0.136364	11.024	24.404
complex.1254.pdb	0.0151515	14.217	38.623
complex.1255.pdb	0.0606061	13.075	32.328
complex.1256.pdb	0.030303	14.805	41.158
complex.1257.pdb	0.0	16.888	42.625
complex.1258.pdb	0.0	28.934	49.357
complex.1259.pdb	0.0	12.924	40.382
complex.1260.pdb	0.0	13.972	35.941
complex.1261.pdb	0.0	29.798	49.077
complex.1262.pdb	0.0	11.809	30.269
complex.1263.pdb	0.0	12.867	36.132
complex.1264.pdb	0.181818	11.953	28.595
complex.1265.pdb	0.0	21.053	42.112
complex.1266.pdb	0.0	19.337	42.827
complex.1267.pdb	0.0	16.068	37.805
complex.1268.pdb	0.0	12.617	28.664
complex.1269.pdb	0.0	21.043	51.31
complex.1270.pdb	0.121212	5.183	29.633
complex.1271.pdb	0.0	14.444	33.105
complex.1272.pdb	0.0	19.306	41.554
complex.1273.pdb	0.0	11.258	46.763
complex.1274.pdb	0.0909091	11.529	40.496
complex.1275.pdb	0.0	13.568	38.852
complex.1276.pdb	0.0	17.919	36.327
complex.1277.pdb	0.0	12.325	35.742
complex.1278.pdb	0.0	19.108	36.096
complex.1279.pdb	0.0757576	11.009	25.304
complex.1280.pdb	0.0606061	9.67	25.468
complex.1281.pdb	0.0	21.282	40.769
complex.1282.pdb	0.0151515	11.838	38.704
complex.1283.pdb	0.030303	8.935	35.387
complex.1284.pdb	0.0606061	8.399	24.669
complex.1285.pdb	0.0	11.39	19.854
complex.1286.pdb	0.0	14.338	35.07
complex.1287.pdb	0.0	14.888	29.144
complex.1288.pdb	0.0757576	11.725	35.715
complex.1289.pdb	0.181818	10.259	27.942
complex.1290.pdb	0.0	17.696	39.422
complex.1291.pdb	0.0	16.088	38.187
complex.1292.pdb	0.0	14.743	40.339
complex.1293.pdb	0.0	14.405	30.045
complex.1294.pdb	0.0	29.402	49.527
complex.1295.pdb	0.0	15.743	27.164
complex.1296.pdb	0.0606061	14.141	41.882
complex.1297.pdb	0.0	11.955	38.457
complex.1298.pdb	0.0	18.617	45.117
complex.1299.pdb	0.0	17.09	35.509
complex.1300.pdb	0.0	15.605	36.196
complex.1301.pdb	0.0	28.863	49.792
complex.1302.pdb	0.0	11.574	46.331
complex.1303.pdb	0.0	10.876	23.129
complex.1304.pdb	0.0	17.202	41.458
complex.1305.pdb	0.0	18.493	41.846
complex.1306.pdb	0.0606061	14.694	32.584
complex.1307.pdb	0.0606061	14.298	44.682
complex.1308.pdb	0.0	16.911	36.152
complex.1309.pdb	0.0	30.375	47.626
complex.1310.pdb	0.0454545	11.667	29.01
complex.1311.pdb	0.0	11.387	32.407
complex.1312.pdb	0.0	20.47	48.901
complex.1313.pdb	0.121212	11.269	35.472
complex.1314.pdb	0.0	17.381	42.758
complex.1315.pdb	0.0	29.691	50.595
complex.1316.pdb	0.0	14.36	29.278
complex.1317.pdb	0.0	17.383	42.221
complex.1318.pdb	0.0	12.731	38.05
complex.1319.pdb	0.0	11.805	26.904
complex.1320.pdb	0.0	14.756	27.933
complex.1321.pdb	0.0	31.544	51.933
complex.1322.pdb	0.0	13.3	24.792
complex.1323.pdb	0.0	12.043	32.244
complex.1324.pdb	0.0	30.575	52.41
complex.1325.pdb	0.0	14.68	33.236
complex.1326.pdb	0.0	15.23	47.594
complex.1327.pdb	0.0	16.209	31.261
complex.1328.pdb	0.0	11.431	24.916
complex.1329.pdb	0.0	12.286	23.171
complex.1330.pdb	0.0	17.222	36.344
complex.1331.pdb	0.0454545	14.339	40.513
complex.1332.pdb	0.0	11.603	25.057
complex.1333.pdb	0.0	18.185	42.657
complex.1334.pdb	0.0	13.889	40.362
complex.1335.pdb	0.0	15.294	42.142
complex.1336.pdb	0.0	12.116	34.748
complex.1337.pdb	0.0	17.862	37.491
complex.1338.pdb	0.0151515	12.997	25.472
complex.1339.pdb	0.0	20.417	45.386
complex.1340.pdb	0.0151515	13.904	41.011
complex.1341.pdb	0.121212	10.935	29.977
complex.1342.pdb	0.0	15.249	44.671
complex.1343.pdb	0.0	13.968	31.948
complex.1344.pdb	0.0909091	13.229	38.159
complex.1345.pdb	0.0	12.592	37.238
complex.1346.pdb	0.0	27.835	49.747
complex.1347.pdb	0.0	10.968	19.728
complex.1348.pdb	0.0	31.062	49.172
complex.1349.pdb	0.0151515	12.922	24.475
complex.1350.pdb	0.0	12.512	32.63
complex.1351.pdb	0.0	25.672	42.702
complex.1352.pdb	0.0	12.851	19.426
complex.1353.pdb	0.0606061	13.99	40.984
complex.1354.pdb	0.030303	16.781	35.932
complex.1355.pdb	0.0	23.935	45.98
complex.1356.pdb	0.0	17.611	46.226
complex.1357.pdb	0.0	15.354	29.249
complex.1358.pdb	0.0	12.446	21.622
complex.1359.pdb	0.0454545	10.137	25.799
complex.1360.pdb	0.0	14.866	33.725
complex.1361.pdb	0.0	12.08	32.071
complex.1362.pdb	0.0	10.44	22.804
complex.1363.pdb	0.136364	13.377	30.551
complex.1364.pdb	0.0	16.815	39.051
complex.1365.pdb	0.0	30.706	49.855
complex.1366.pdb	0.0	12.527	32.823
complex.1367.pdb	0.0	20.53	43.873
complex.1368.pdb	0.0	13.112	21.551
complex.1369.pdb	0.0	27.835	44.745
complex.1370.pdb	0.0	13.142	33.11
complex.1371.pdb	0.0606061	14.157	33.722
complex.1372.pdb	0.0	30.498	50.345
complex.1373.pdb	0.0	9.975	21.18
complex.1374.pdb	0.0606061	9.252	44.036
complex.1375.pdb	0.0	20.514	46.404
complex.1376.pdb	0.0	29.77	47.287
complex.1377.pdb	0.0	11.772	31.911
complex.1378.pdb	0.0	17.875	40.369
complex.1379.pdb	0.0	13.691	33.618
complex.1380.pdb	0.0	17.911	41.342
complex.1381.pdb	0.0	26.258	45.416
complex.1382.pdb	0.0	31.225	51.018
complex.1383.pdb	0.0151515	13.869	35.016
complex.1384.pdb	0.0	12.206	36.067
complex.1385.pdb	0.0	23.344	43.342
complex.1386.pdb	0.0	30.157	50.685
complex.1387.pdb	0.0	27.912	44.151
complex.1388.pdb	0.121212	13.822	30.72
complex.1389.pdb	0.030303	12.472	42.506
complex.1390.pdb	0.0	15.478	52.863
complex.1391.pdb	0.0454545	14.803	44.112
complex.1392.pdb	0.0	13.417	30.159
complex.1393.pdb	0.0	27.868	45.363
complex.1394.pdb	0.0606061	13.347	31.115
complex.1395.pdb	0.0	21.832	47.4
complex.1396.pdb	0.0	27.198	46.62
complex.1397.pdb	0.0	31.129	45.834
complex.1398.pdb	0.0	22.233	43.119
complex.1399.pdb	0.0	11.82	25.948
complex.1400.pdb	0.0	11.838	35.07
complex.1401.pdb	0.0151515	14.526	39.356
complex.1402.pdb	0.0	22.093	47.185
complex.1403.pdb	0.0	12.125	35.159
complex.1404.pdb	0.0	30.436	50.003
complex.1405.pdb	0.0	15.876	34.675
complex.1406.pdb	0.0	30.193	50.935
complex.1407.pdb	0.0	15.522	44.759
complex.1408.pdb	0.0	10.828	39.27
complex.1409.pdb	0.0	10.153	30.028
complex.1410.pdb	0.0	11.274	27.673
complex.1411.pdb	0.0	18.266	36.143
complex.1412.pdb	0.0	10.721	20.123
complex.1413.pdb	0.0	19.38	46.074
complex.1414.pdb	0.0	17.884	35.71
complex.1415.pdb	0.106061	14.782	32.77
complex.1416.pdb	0.0	15.36	35.655
complex.1417.pdb	0.0	30.983	49.905
complex.1418.pdb	0.0	19.79	37.317
complex.1419.pdb	0.0	29.657	47.939
complex.1420.pdb	0.0	32.467	53.885
complex.1421.pdb	0.0	16.117	33.166
complex.1422.pdb	0.0	14.448	35.408
complex.1423.pdb	0.0606061	13.704	41.034
complex.1424.pdb	0.030303	11.479	32.022
complex.1425.pdb	0.0	30.79	51.008
complex.1426.pdb	0.0	16.046	39.525
complex.1427.pdb	0.0	18.606	44.257
complex.1428.pdb	0.0	29.703	48.826
complex.1429.pdb	0.0	13.605	32.631
complex.1430.pdb	0.0	11.907	27.998
complex.1431.pdb	0.0	15.876	47.024
complex.1432.pdb	0.0	13.339	43.042
complex.1433.pdb	0.0	14.532	29.249
complex.1434.pdb	0.0909091	11.487	35.945
complex.1435.pdb	0.0	10.613	39.791
complex.1436.pdb	0.0	10.564	31.402
complex.1437.pdb	0.0	12.84	25.031
complex.1438.pdb	0.0	17.83	47.234
complex.1439.pdb	0.0	16.851	32.02
complex.1440.pdb	0.0	15.903	33.656
complex.1441.pdb	0.106061	12.444	40.942
complex.1442.pdb	0.0454545	14.654	38.146
complex.1443.pdb	0.0	18.12	42.85
complex.1444.pdb	0.0	30.909	49.327
complex.1445.pdb	0.0	27.002	46.508
complex.1446.pdb	0.0	17.791	43.762
complex.1447.pdb	0.0	14.529	36.757
complex.1448.pdb	0.0151515	7.38	36.762
complex.1449.pdb	0.0	16.517	46.887
complex.1450.pdb	0.0	12.766	30.968
complex.1451.pdb	0.0	17.523	49.191
complex.1452.pdb	0.0	17.604	30.501
complex.1453.pdb	0.0	11.708	21.379
complex.1454.pdb	0.030303	9.273	39.804
complex.1455.pdb	0.0151515	12.949	31.794
complex.1456.pdb	0.0	11.83	33.685
complex.1457.pdb	0.0	12.005	31.96
complex.1458.pdb	0.0	12.293	42.669
complex.1459.pdb	0.0	12.256	28.645
complex.1460.pdb	0.227273	4.74	27.467
complex.1461.pdb	0.0	17.26	35.335
complex.1462.pdb	0.0454545	12.135	42.203
complex.1463.pdb	0.0	13.098	34.414
complex.1464.pdb	0.0	20.578	44.963
complex.1465.pdb	0.0	12.574	25.913
complex.1466.pdb	0.0	11.141	32.628
complex.1467.pdb	0.0757576	12.357	36.228
complex.1468.pdb	0.106061	14.295	35.499
complex.1469.pdb	0.0	14.874	33.371
complex.1470.pdb	0.0	14.336	38.234
complex.1471.pdb	0.0	28.672	46.197
complex.1472.pdb	0.0	11.518	31.597
complex.1473.pdb	0.0151515	9.553	32.523
complex.1474.pdb	0.0	16.032	34.642
complex.1475.pdb	0.0	30.263	48.287
complex.1476.pdb	0.166667	13.265	31.317
complex.1477.pdb	0.0	30.248	49.304
complex.1478.pdb	0.0	29.57	49.037
complex.1479.pdb	0.0	17.168	44.746
complex.1480.pdb	0.106061	12.844	36.246
complex.1481.pdb	0.136364	13.564	30.668
complex.1482.pdb	0.0	17.908	45.284
complex.1483.pdb	0.0	22.823	41.733
complex.1484.pdb	0.030303	10.824	35.796
complex.1485.pdb	0.0	11.659	17.071
complex.1486.pdb	0.0	12.039	24.102
complex.1487.pdb	0.0757576	13.614	34.32
complex.1488.pdb	0.0	26.414	42.849
complex.1489.pdb	0.0	20.649	43.255
complex.1490.pdb	0.030303	13.019	40.804
complex.1491.pdb	0.0	15.631	46.034
complex.1492.pdb	0.0	28.197	45.442
complex.1493.pdb	0.0	29.697	51.282
complex.1494.pdb	0.0	31.059	50.429
complex.1495.pdb	0.0	12.619	22.908
complex.1496.pdb	0.0454545	13.702	43.306
complex.1497.pdb	0.0	10.414	41.015
complex.1498.pdb	0.0	23.261	42.591
complex.1499.pdb	0.0151515	15.321	31.937
complex.1500.pdb	0.0	15.745	42.516
complex.1501.pdb	0.0	28.193	46.973
complex.1502.pdb	0.0	16.955	44.616
complex.1503.pdb	0.0	17.511	45.06
complex.1504.pdb	0.0	11.863	44.669
complex.1505.pdb	0.0	12.113	35.99
complex.1506.pdb	0.0	15.511	35.342
complex.1507.pdb	0.106061	12.661	43.508
complex.1508.pdb	0.121212	14.655	36.667
complex.1509.pdb	0.0	10.795	19.004
complex.1510.pdb	0.0	30.032	46.947
complex.1511.pdb	0.0151515	11.689	35.973
complex.1512.pdb	0.030303	13.317	34.118
complex.1513.pdb	0.0	19.524	37.107
complex.1514.pdb	0.0	14.792	30.088
complex.1515.pdb	0.0	11.914	25.681
complex.1516.pdb	0.0	12.162	22.665
complex.1517.pdb	0.0	17.244	36.798
complex.1518.pdb	0.0	30.516	51.123
complex.1519.pdb	0.106061	14.002	55.436
complex.1520.pdb	0.0757576	12.878	29.481
complex.1521.pdb	0.0	13.323	37.581
complex.1522.pdb	0.0	32.191	54.091
complex.1523.pdb	0.0	16.975	41.757
complex.1524.pdb	0.0	13.804	33.492
complex.1525.pdb	0.0	16.781	34.327
complex.1526.pdb	0.0	20.881	43.144
complex.1527.pdb	0.0	18.607	40.469
complex.1528.pdb	0.0	11.382	29.665
complex.1529.pdb	0.0	30.406	48.775
complex.1530.pdb	0.0	30.019	47.484
complex.1531.pdb	0.0	13.365	33.962
complex.1532.pdb	0.0	13.295	30.94
complex.1533.pdb	0.0	11.727	33.465
complex.1534.pdb	0.0	15.988	36.668
complex.1535.pdb	0.0	12.042	44.672
complex.1536.pdb	0.0	17.461	39.557
complex.1537.pdb	0.0	12.961	38.919
complex.1538.pdb	0.030303	11.971	38.481
complex.1539.pdb	0.0	17.256	46.325
complex.1540.pdb	0.0	13.787	35.8
complex.1541.pdb	0.0	17.952	36.424
complex.1542.pdb	0.0	15.016	39.346
complex.1543.pdb	0.0	21.951	41.438
complex.1544.pdb	0.0	14.633	47.384
complex.1545.pdb	0.0757576	13.461	42.418
complex.1546.pdb	0.106061	12.04	38.922
complex.1547.pdb	0.0	12.098	31.805
complex.1548.pdb	0.0	12.168	39.281
complex.1549.pdb	0.0454545	10.579	31.927
complex.1550.pdb	0.0	16.049	46.701
complex.1551.pdb	0.0	14.143	33.774
complex.1552.pdb	0.0	16.946	52.145
complex.1553.pdb	0.0	31.113	49.187
complex.1554.pdb	0.0	12.043	28.096
complex.1555.pdb	0.0	11.268	21.797
complex.1556.pdb	0.0	15.002	33.446
complex.1557.pdb	0.0	12.686	18.767
complex.1558.pdb	0.0	13.504	22.155
complex.1559.pdb	0.0	30.243	51.74
complex.1560.pdb	0.0	17.93	44.337
complex.1561.pdb	0.0	17.134	45.058
complex.1562.pdb	0.0	17.165	40.613
complex.1563.pdb	0.0151515	16.014	34.171
complex.1564.pdb	0.0	17.589	42.149
complex.1565.pdb	0.0	10.783	30.186
complex.1566.pdb	0.0	14.0	25.189
complex.1567.pdb	0.0	20.307	37.381
complex.1568.pdb	0.0	24.711	41.581
complex.1569.pdb	0.0	29.245	45.718
complex.1570.pdb	0.0	31.018	50.512
complex.1571.pdb	0.0	22.801	42.591
complex.1572.pdb	0.0	26.104	45.148
complex.1573.pdb	0.0	17.225	45.465
complex.1574.pdb	0.0	30.616	51.05
complex.1575.pdb	0.0	11.873	36.886
complex.1576.pdb	0.0	15.404	31.458
complex.1577.pdb	0.0151515	12.17	39.164
complex.1578.pdb	0.0	11.387	26.38
complex.1579.pdb	0.0	17.474	42.868
complex.1580.pdb	0.0	14.115	33.279
complex.1581.pdb	0.0	30.17	50.13
complex.1582.pdb	0.0	11.157	37.034
complex.1583.pdb	0.0454545	13.295	41.162
complex.1584.pdb	0.0	19.437	36.391
complex.1585.pdb	0.212121	4.931	34.036
complex.1586.pdb	0.0454545	13.39	27.327
complex.1587.pdb	0.0	30.099	50.555
complex.1588.pdb	0.0606061	14.973	36.512
complex.1589.pdb	0.0	13.04	22.66
complex.1590.pdb	0.0	30.639	48.735
complex.1591.pdb	0.0454545	15.707	43.931
complex.1592.pdb	0.0	15.209	51.919
complex.1593.pdb	0.0	31.109	49.633
complex.1594.pdb	0.0606061	12.973	31.921
complex.1595.pdb	0.106061	11.987	35.559
complex.1596.pdb	0.030303	13.864	35.028
complex.1597.pdb	0.0	30.953	49.23
complex.1598.pdb	0.0	18.2	45.962
complex.1599.pdb	0.030303	16.612	37.068
complex.1600.pdb	0.0	33.457	51.091
complex.1601.pdb	0.0	14.103	37.288
complex.1602.pdb	0.0	31.175	51.567
complex.1603.pdb	0.121212	11.529	28.196
complex.1604.pdb	0.0	13.241	21.824
complex.1605.pdb	0.0	11.184	36.428
complex.1606.pdb	0.0	14.263	36.044
complex.1607.pdb	0.0	29.224	45.437
complex.1608.pdb	0.0	14.99	36.01
complex.1609.pdb	0.0	15.872	30.697
complex.1610.pdb	0.0	9.383	37.712
complex.1611.pdb	0.0909091	14.474	34.116
complex.1612.pdb	0.0606061	11.912	32.195
complex.1613.pdb	0.0	27.609	47.637
complex.1614.pdb	0.0	14.863	35.075
complex.1615.pdb	0.0	31.717	52.62
complex.1616.pdb	0.0	28.063	45.616
complex.1617.pdb	0.0	18.045	41.85
complex.1618.pdb	0.0	17.451	35.397
complex.1619.pdb	0.0	29.311	47.359
complex.1620.pdb	0.030303	12.921	28.097
complex.1621.pdb	0.0151515	14.136	48.679
complex.1622.pdb	0.0	10.093	27.067
complex.1623.pdb	0.0	25.577	44.675
complex.1624.pdb	0.0	12.349	35.094
complex.1625.pdb	0.030303	11.776	42.801
complex.1626.pdb	0.0	16.266	43.997
complex.1627.pdb	0.0151515	11.132	28.828
complex.1628.pdb	0.0	19.282	40.892
complex.1629.pdb	0.0	11.028	32.137
complex.1630.pdb	0.0	19.895	45.923
complex.1631.pdb	0.0	11.79	40.456
complex.1632.pdb	0.0	13.117	30.949
complex.1633.pdb	0.0	20.006	40.414
complex.1634.pdb	0.0	15.135	34.352
complex.1635.pdb	0.0454545	14.106	34.339
complex.1636.pdb	0.0454545	13.479	27.395
complex.1637.pdb	0.0	15.982	47.183
complex.1638.pdb	0.0151515	12.874	35.29
complex.1639.pdb	0.0	14.905	40.691
complex.1640.pdb	0.030303	11.737	47.042
complex.1641.pdb	0.0909091	14.777	36.134
complex.1642.pdb	0.0	10.008	31.064
complex.1643.pdb	0.0	15.538	42.46
complex.1644.pdb	0.0	11.209	30.243
complex.1645.pdb	0.030303	15.698	31.506
complex.1646.pdb	0.0	25.429	42.28
complex.1647.pdb	0.0	19.548	41.062
complex.1648.pdb	0.0606061	12.691	28.419
complex.1649.pdb	0.106061	13.443	35.324
complex.1650.pdb	0.0	11.645	42.321
complex.1651.pdb	0.0	18.425	37.087
complex.1652.pdb	0.0	14.472	24.328
complex.1653.pdb	0.0	14.737	32.425
complex.1654.pdb	0.0	18.526	43.343
complex.1655.pdb	0.0	20.387	45.516
complex.1656.pdb	0.0	30.602	50.431
complex.1657.pdb	0.0	28.091	45.853
complex.1658.pdb	0.0	18.407	36.739
complex.1659.pdb	0.0	20.509	37.668
complex.1660.pdb	0.0	30.944	52.307
complex.1661.pdb	0.0	28.741	45.723
complex.1662.pdb	0.0	30.999	47.918
complex.1663.pdb	0.0454545	14.53	48.43
complex.1664.pdb	0.0	14.42	30.12
complex.1665.pdb	0.0454545	12.04	33.095
complex.1666.pdb	0.0454545	14.181	29.792
complex.1667.pdb	0.0	15.599	43.72
complex.1668.pdb	0.0909091	9.396	37.066
complex.1669.pdb	0.0606061	13.862	41.282
complex.1670.pdb	0.0	17.879	47.509
complex.1671.pdb	0.0	19.973	45.095
complex.1672.pdb	0.0	10.905	45.141
complex.1673.pdb	0.0	16.602	37.609
complex.1674.pdb	0.030303	11.201	39.166
complex.1675.pdb	0.030303	11.321	31.289
complex.1676.pdb	0.0	25.475	47.714
complex.1677.pdb	0.0	18.746	36.693
complex.1678.pdb	0.0	13.453	36.171
complex.1679.pdb	0.0	10.554	28.946
complex.1680.pdb	0.0	17.116	41.408
complex.1681.pdb	0.0454545	15.379	39.889
complex.1682.pdb	0.0151515	12.405	42.27
complex.1683.pdb	0.0	31.52	51.285
complex.1684.pdb	0.0	15.526	41.506
complex.1685.pdb	0.0	32.542	51.776
complex.1686.pdb	0.0454545	14.342	30.048
complex.1687.pdb	0.0	31.37	50.874
complex.1688.pdb	0.0	16.912	43.035
complex.1689.pdb	0.0	16.953	40.627
complex.1690.pdb	0.0454545	14.271	30.148
complex.1691.pdb	0.0	28.467	45.69
complex.1692.pdb	0.0	17.12	46.156
complex.1693.pdb	0.0151515	10.054	44.62
complex.1694.pdb	0.0	15.205	39.346
complex.1695.pdb	0.0	10.596	28.847
complex.1696.pdb	0.0	20.766	45.514
complex.1697.pdb	0.0	28.103	44.778
complex.1698.pdb	0.0	15.343	37.283
complex.1699.pdb	0.0	31.371	51.892
complex.1700.pdb	0.0606061	14.935	32.309
complex.1701.pdb	0.0	17.047	45.873
complex.1702.pdb	0.0	19.61	37.921
complex.1703.pdb	0.0	16.824	46.419
complex.1704.pdb	0.106061	8.551	25.705
complex.1705.pdb	0.0151515	12.772	41.928
complex.1706.pdb	0.0	29.246	48.187
complex.1707.pdb	0.0	24.573	46.196
complex.1708.pdb	0.0606061	14.779	33.611
complex.1709.pdb	0.0	25.615	40.739
complex.1710.pdb	0.0	17.671	48.167
complex.1711.pdb	0.0454545	12.579	36.497
complex.1712.pdb	0.0	19.958	43.524
complex.1713.pdb	0.0909091	8.052	27.658
complex.1714.pdb	0.0	30.865	47.564
complex.1715.pdb	0.0	29.262	47.76
complex.1716.pdb	0.0	16.887	38.741
complex.1717.pdb	0.0	14.508	41.493
complex.1718.pdb	0.0	15.276	47.787
complex.1719.pdb	0.0606061	7.425	32.233
complex.1720.pdb	0.0151515	15.433	42.645
complex.1721.pdb	0.0757576	13.653	29.878
complex.1722.pdb	0.0151515	10.725	24.741
complex.1723.pdb	0.0	20.696	43.795
complex.1724.pdb	0.0454545	15.298	38.843
complex.1725.pdb	0.0	31.463	49.879
complex.1726.pdb	0.0	28.928	46.521
complex.1727.pdb	0.0	21.224	44.839
complex.1728.pdb	0.0	14.029	36.79
complex.1729.pdb	0.0	14.202	26.206
complex.1730.pdb	0.0909091	6.102	16.378
complex.1731.pdb	0.0151515	14.66	37.721
complex.1732.pdb	0.0	11.919	37.719
complex.1733.pdb	0.0	13.567	30.439
complex.1734.pdb	0.0	11.836	33.301
complex.1735.pdb	0.030303	11.598	35.873
complex.1736.pdb	0.0	12.209	44.193
complex.1737.pdb	0.0	30.407	49.951
complex.1738.pdb	0.0	11.896	18.596
complex.1739.pdb	0.0	13.334	30.712
complex.1740.pdb	0.0	15.481	44.175
complex.1741.pdb	0.0	14.656	41.239
complex.1742.pdb	0.030303	12.589	29.414
complex.1743.pdb	0.0	13.54	56.603
complex.1744.pdb	0.0	11.372	26.27
complex.1745.pdb	0.0	15.546	30.908
complex.1746.pdb	0.0	12.919	36.788
complex.1747.pdb	0.0	14.604	42.923
complex.1748.pdb	0.0454545	13.954	51.261
complex.1749.pdb	0.0	10.354	37.652
complex.1750.pdb	0.0454545	14.892	46.1
complex.1751.pdb	0.0	17.57	46.712
complex.1752.pdb	0.0151515	12.639	30.868
complex.1753.pdb	0.0	10.353	23.229
complex.1754.pdb	0.0	28.569	46.488
complex.1755.pdb	0.0	14.792	44.858
complex.1756.pdb	0.0	20.735	37.726
complex.1757.pdb	0.030303	11.599	26.99
complex.1758.pdb	0.0	18.176	35.962
complex.1759.pdb	0.0	16.707	38.564
complex.1760.pdb	0.0	30.13	46.041
complex.1761.pdb	0.0	19.852	44.497
complex.1762.pdb	0.0	24.237	40.241
complex.1763.pdb	0.0	15.783	36.064
complex.1764.pdb	0.0	32.358	51.487
complex.1765.pdb	0.0151515	15.974	36.227
complex.1766.pdb	0.0	17.381	47.041
complex.1767.pdb	0.0	28.348	44.874
complex.1768.pdb	0.0151515	14.476	33.544
complex.1769.pdb	0.0454545	13.676	47.031
complex.1770.pdb	0.0	11.3	38.113
complex.1771.pdb	0.0	14.987	44.511
complex.1772.pdb	0.0454545	15.941	36.094
complex.1773.pdb	0.0	11.906	44.016
complex.1774.pdb	0.0	29.797	49.042
complex.1775.pdb	0.0151515	10.675	44.839
complex.1776.pdb	0.0	29.876	46.064
complex.1777.pdb	0.0	28.217	49.465
complex.1778.pdb	0.0	31.847	52.872
complex.1779.pdb	0.0	30.501	48.246
complex.1780.pdb	0.0606061	12.061	26.756
complex.1781.pdb	0.0151515	11.887	43.823
complex.1782.pdb	0.0	14.444	25.431
complex.1783.pdb	0.0	18.486	43.512
complex.1784.pdb	0.0	18.384	45.092
complex.1785.pdb	0.030303	12.369	38.808
complex.1786.pdb	0.0	22.229	41.14
complex.1787.pdb	0.0	8.266	40.205
complex.1788.pdb	0.0	26.322	44.797
complex.1789.pdb	0.0	17.398	39.563
complex.1790.pdb	0.0	16.85	42.755
complex.1791.pdb	0.0	26.467	52.988
complex.1792.pdb	0.0	14.497	41.584
complex.1793.pdb	0.0606061	12.728	35.451
complex.1794.pdb	0.0	12.824	31.917
complex.1795.pdb	0.0454545	14.331	43.072
complex.1796.pdb	0.0	31.23	49.718
complex.1797.pdb	0.0757576	13.265	43.797
complex.1798.pdb	0.0	29.875	47.5
complex.1799.pdb	0.0	18.177	45.76
complex.1800.pdb	0.0606061	12.64	28.193
complex.1801.pdb	0.0	16.114	44.255
complex.1802.pdb	0.0	18.517	40.982
complex.1803.pdb	0.0	16.517	45.791
complex.1804.pdb	0.0	14.254	37.223
complex.1805.pdb	0.0757576	9.349	46.591
complex.1806.pdb	0.0	14.81	32.031
complex.1807.pdb	0.030303	10.774	30.072
complex.1808.pdb	0.0	12.648	38.461
complex.1809.pdb	0.0	13.57	20.934
complex.1810.pdb	0.0	16.853	37.059
complex.1811.pdb	0.0	28.921	51.716
complex.1812.pdb	0.0	31.024	50.252
complex.1813.pdb	0.0	24.062	41.969
complex.1814.pdb	0.0	25.661	43.294
complex.1815.pdb	0.0454545	15.319	40.4
complex.1816.pdb	0.0	13.137	19.741
complex.1817.pdb	0.0	13.108	36.474
complex.1818.pdb	0.0	18.687	36.498
complex.1819.pdb	0.0	15.075	44.552
complex.1820.pdb	0.0	15.959	33.95
complex.1821.pdb	0.030303	12.359	39.053
complex.1822.pdb	0.0	30.152	47.522
complex.1823.pdb	0.0	19.529	37.755
complex.1824.pdb	0.0606061	8.615	41.238
complex.1825.pdb	0.0	12.672	37.028
complex.1826.pdb	0.0	23.556	45.926
complex.1827.pdb	0.0	16.052	43.564
complex.1828.pdb	0.0	11.45	22.947
complex.1829.pdb	0.0	17.089	44.725
complex.1830.pdb	0.0454545	13.605	31.765
complex.1831.pdb	0.0	12.928	39.268
complex.1832.pdb	0.0	16.292	42.802
complex.1833.pdb	0.0757576	11.701	30.191
complex.1834.pdb	0.0	16.523	47.208
complex.1835.pdb	0.0	23.34	39.829
complex.1836.pdb	0.0	21.368	39.619
complex.1837.pdb	0.212121	7.812	21.772
complex.1838.pdb	0.0454545	15.415	35.474
complex.1839.pdb	0.0	28.456	45.906
complex.1840.pdb	0.0151515	15.04	35.287
complex.1841.pdb	0.0	13.037	31.208
complex.1842.pdb	0.0	21.424	53.196
complex.1843.pdb	0.0	29.878	45.372
complex.1844.pdb	0.0	15.053	37.541
complex.1845.pdb	0.0	16.544	38.26
complex.1846.pdb	0.0	11.287	32.687
complex.1847.pdb	0.0	19.226	45.339
complex.1848.pdb	0.030303	9.929	40.389
complex.1849.pdb	0.0	18.554	45.345
complex.1850.pdb	0.0	15.213	28.648
complex.1851.pdb	0.0	11.339	28.404
complex.1852.pdb	0.0	12.561	30.338
complex.1853.pdb	0.0	23.099	46.581
complex.1854.pdb	0.0	25.727	44.597
complex.1855.pdb	0.0	30.065	50.605
complex.1856.pdb	0.0151515	14.69	25.066
complex.1857.pdb	0.0	11.793	37.391
complex.1858.pdb	0.0	24.1	41.877
complex.1859.pdb	0.030303	15.267	39.681
complex.1860.pdb	0.0	25.657	41.08
complex.1861.pdb	0.0	30.12	47.71
complex.1862.pdb	0.0	30.608	47.884
complex.1863.pdb	0.0	30.298	49.922
complex.1864.pdb	0.0	16.001	44.413
complex.1865.pdb	0.0	16.82	45.112
complex.1866.pdb	0.0606061	14.285	44.043
complex.1867.pdb	0.0	15.799	36.376
complex.1868.pdb	0.0	14.539	35.214
complex.1869.pdb	0.0151515	11.008	35.97
complex.1870.pdb	0.0	10.666	24.209
complex.1871.pdb	0.0	30.052	50.344
complex.1872.pdb	0.0	29.928	50.822
complex.1873.pdb	0.030303	12.849	44.233
complex.1874.pdb	0.0	13.348	36.96
complex.1875.pdb	0.0	16.953	46.797
complex.1876.pdb	0.0	12.089	45.498
complex.1877.pdb	0.0	14.347	24.126
complex.1878.pdb	0.0	32.549	49.678
complex.1879.pdb	0.0	14.26	48.026
complex.1880.pdb	0.0151515	11.657	41.876
complex.1881.pdb	0.0	31.388	52.444
complex.1882.pdb	0.0	29.406	46.278
complex.1883.pdb	0.0	11.656	30.082
complex.1884.pdb	0.136364	11.417	25.231
complex.1885.pdb	0.030303	15.084	45.099
complex.1886.pdb	0.0151515	12.979	25.205
complex.1887.pdb	0.030303	13.173	45.187
complex.1888.pdb	0.106061	11.159	46.567
complex.1889.pdb	0.0454545	15.71	36.295
complex.1890.pdb	0.0	31.837	50.8
complex.1891.pdb	0.0454545	14.456	40.708
complex.1892.pdb	0.0151515	13.959	30.093
complex.1893.pdb	0.030303	15.244	33.139
complex.1894.pdb	0.0	23.699	41.732
complex.1895.pdb	0.136364	8.045	22.505
complex.1896.pdb	0.0	27.795	45.869
complex.1897.pdb	0.0151515	10.94	39.384
complex.1898.pdb	0.0	11.873	27.831
complex.1899.pdb	0.0	14.01	38.877
complex.1900.pdb	0.0	16.064	40.57
complex.1901.pdb	0.0	11.751	30.455
complex.1902.pdb	0.0	12.607	45.765
complex.1903.pdb	0.0	18.471	43.592
complex.1904.pdb	0.0	13.7	54.953
complex.1905.pdb	0.0	14.812	29.433
complex.1906.pdb	0.0	18.311	44.521
complex.1907.pdb	0.0	15.379	46.608
complex.1908.pdb	0.0	17.039	36.718
complex.1909.pdb	0.0	22.661	41.229
complex.1910.pdb	0.0	19.213	37.283
complex.1911.pdb	0.0	15.364	36.499
complex.1912.pdb	0.0	28.974	45.427
complex.1913.pdb	0.0	27.503	44.749
complex.1914.pdb	0.0	15.413	43.099
complex.1915.pdb	0.0	13.259	43.28
complex.1916.pdb	0.0	18.434	37.302
complex.1917.pdb	0.0151515	14.724	36.821
complex.1918.pdb	0.0151515	12.556	38.817
complex.1919.pdb	0.0	14.53	34.637
complex.1920.pdb	0.0454545	14.498	45.451
complex.1921.pdb	0.030303	13.553	24.852
complex.1922.pdb	0.0	17.681	43.967
complex.1923.pdb	0.0	28.115	50.988
complex.1924.pdb	0.0	16.028	36.396
complex.1925.pdb	0.0	12.41	37.104
complex.1926.pdb	0.0151515	14.747	30.348
complex.1927.pdb	0.0	30.514	51.193
complex.1928.pdb	0.0	29.958	51.315
complex.1929.pdb	0.030303	12.324	27.5
complex.1930.pdb	0.0	12.302	24.062
complex.1931.pdb	0.0	13.923	30.659
complex.1932.pdb	0.0454545	15.71	45.606
complex.1933.pdb	0.0151515	12.856	35.841
complex.1934.pdb	0.0	15.95	36.972
complex.1935.pdb	0.0454545	14.971	45.345
complex.1936.pdb	0.0	30.364	50.249
complex.1937.pdb	0.030303	15.488	45.306
complex.1938.pdb	0.0151515	14.587	52.833
complex.1939.pdb	0.0	29.843	50.618
complex.1940.pdb	0.0	14.221	44.719
complex.1941.pdb	0.0	28.693	44.27
complex.1942.pdb	0.030303	14.855	43.004
complex.1943.pdb	0.0	21.526	39.459
complex.1944.pdb	0.0	22.64	41.78
complex.1945.pdb	0.0	28.811	47.901
complex.1946.pdb	0.0	12.485	22.501
complex.1947.pdb	0.0	16.467	35.424
complex.1948.pdb	0.0	27.484	45.414
complex.1949.pdb	0.0	11.952	28.316
complex.1950.pdb	0.0151515	10.585	40.214
complex.1951.pdb	0.0	30.456	48.212
complex.1952.pdb	0.0	11.742	28.046
complex.1953.pdb	0.0	12.287	32.243
complex.1954.pdb	0.0454545	14.308	45.029
complex.1955.pdb	0.0	15.434	34.023
complex.1956.pdb	0.0	25.999	42.896
complex.1957.pdb	0.0	24.312	45.781
complex.1958.pdb	0.0	30.211	49.176
complex.1959.pdb	0.0	14.384	32.356
complex.1960.pdb	0.0	13.488	32.441
complex.1961.pdb	0.0151515	10.041	43.808
complex.1962.pdb	0.0	28.072	47.705
complex.1963.pdb	0.0	27.443	47.594
complex.1964.pdb	0.030303	13.531	44.658
complex.1965.pdb	0.0454545	14.583	29.844
complex.1966.pdb	0.0	14.048	24.103
complex.1967.pdb	0.0	29.036	44.732
complex.1968.pdb	0.0	11.755	44.282
complex.1969.pdb	0.0	10.711	32.705
complex.1970.pdb	0.0454545	13.875	31.072
complex.1971.pdb	0.0	29.89	49.762
complex.1972.pdb	0.0	16.529	39.515
complex.1973.pdb	0.0	15.004	42.265
complex.1974.pdb	0.0	30.285	48.466
complex.1975.pdb	0.0454545	12.941	29.147
complex.1976.pdb	0.0	28.431	45.863
complex.1977.pdb	0.0	28.581	47.824
complex.1978.pdb	0.106061	10.725	25.816
complex.1979.pdb	0.0	19.812	42.526
complex.1980.pdb	0.0	25.891	52.746
complex.1981.pdb	0.0	30.491	50.431
complex.1982.pdb	0.0	16.223	37.871
complex.1983.pdb	0.0	12.396	39.594
complex.1984.pdb	0.030303	17.127	29.869
complex.1985.pdb	0.0151515	13.154	36.926
complex.1986.pdb	0.0151515	13.984	42.324
complex.1987.pdb	0.0606061	14.361	48.214
complex.1988.pdb	0.0454545	12.573	42.077
complex.1989.pdb	0.0	16.128	47.925
complex.1990.pdb	0.0	30.248	50.286
complex.1991.pdb	0.0	17.127	33.301
complex.1992.pdb	0.0	31.298	48.57
complex.1993.pdb	0.0	17.726	38.212
complex.1994.pdb	0.0	11.229	28.608
complex.1995.pdb	0.0	11.611	34.35
complex.1996.pdb	0.0	29.664	51.602
complex.1997.pdb	0.030303	14.072	42.534
complex.1998.pdb	0.0	21.175	50.266
complex.1999.pdb	0.0454545	14.663	42.483
complex.2000.pdb	0.0	14.216	39.913
