complex.1.pdb	0.87234	0.809	3.170
complex.2.pdb	0.822695	1.716	6.826
complex.3.pdb	0.0070922	20.947	43.062
complex.4.pdb	0.503546	2.648	6.425
complex.5.pdb	0.680851	2.208	9.410
complex.6.pdb	0.0070922	22.200	54.484
complex.7.pdb	0.312057	3.458	11.020
complex.8.pdb	0.184397	4.205	12.566
complex.9.pdb	0.0070922	20.852	42.574
complex.10.pdb	0.283688	3.448	11.235
complex.11.pdb	0.425532	2.982	9.439
complex.12.pdb	0	21.240	43.768
complex.13.pdb	0.411348	3.323	10.418
complex.14.pdb	0.0212766	18.657	42.533
complex.15.pdb	0.262411	5.006	17.253
complex.16.pdb	0.0070922	18.122	44.337
complex.17.pdb	0.0070922	17.643	47.172
complex.18.pdb	0	21.239	43.268
complex.19.pdb	0.269504	5.005	15.865
complex.20.pdb	0	20.872	43.509
complex.21.pdb	0.205674	5.906	14.742
complex.22.pdb	0	17.545	53.716
complex.23.pdb	0.29078	5.747	13.682
complex.24.pdb	0	20.707	42.553
complex.25.pdb	0	20.687	43.777
complex.26.pdb	0.0212766	19.787	59.614
complex.27.pdb	0	21.562	43.509
complex.28.pdb	0.0212766	19.618	46.789
complex.29.pdb	0	21.365	48.171
complex.30.pdb	0	17.648	41.832
complex.31.pdb	0.255319	4.210	16.946
complex.32.pdb	0	11.159	25.129
complex.33.pdb	0	20.959	44.244
complex.34.pdb	0.340426	3.458	12.113
complex.35.pdb	0	20.014	44.378
complex.36.pdb	0.340426	3.660	9.879
complex.37.pdb	0.304965	3.518	14.119
complex.38.pdb	0.0212766	13.323	35.688
complex.39.pdb	0.035461	7.906	28.138
complex.40.pdb	0	17.853	42.346
complex.41.pdb	0	20.792	42.353
complex.42.pdb	0.0070922	18.587	41.256
complex.43.pdb	0.177305	5.783	17.340
complex.44.pdb	0.276596	5.397	13.439
complex.45.pdb	0	17.194	43.944
complex.46.pdb	0.0638298	12.607	38.340
complex.47.pdb	0	18.041	44.208
complex.48.pdb	0.0070922	22.427	52.721
complex.49.pdb	0	20.456	43.836
complex.50.pdb	0	22.091	46.152
complex.51.pdb	0	21.353	50.448
complex.52.pdb	0	19.611	40.911
complex.53.pdb	0	17.293	47.411
complex.54.pdb	0.0567376	8.414	32.442
complex.55.pdb	0.0141844	14.296	33.888
complex.56.pdb	0.255319	4.267	9.870
complex.57.pdb	0	21.297	44.552
complex.58.pdb	0.0496454	15.328	47.173
complex.59.pdb	0.0070922	20.609	48.857
complex.60.pdb	0	21.434	48.504
complex.61.pdb	0.248227	6.138	18.030
complex.62.pdb	0.212766	4.465	16.785
complex.63.pdb	0	20.542	44.395
complex.64.pdb	0.283688	5.155	13.323
complex.65.pdb	0.0070922	21.493	51.573
complex.66.pdb	0	22.509	61.258
complex.67.pdb	0	20.208	56.023
complex.68.pdb	0	16.281	42.167
complex.69.pdb	0	21.153	43.632
complex.70.pdb	0	19.076	41.623
complex.71.pdb	0.0070922	19.293	49.220
complex.72.pdb	0	23.892	50.201
complex.73.pdb	0	22.236	47.084
complex.74.pdb	0.113475	5.513	18.934
complex.75.pdb	0	19.829	41.771
complex.76.pdb	0	16.620	39.854
complex.77.pdb	0	23.786	52.013
complex.78.pdb	0	20.000	41.283
complex.79.pdb	0.219858	5.680	20.810
complex.80.pdb	0	20.603	47.543
complex.81.pdb	0	19.378	56.561
complex.82.pdb	0	20.175	40.199
complex.83.pdb	0	17.802	51.705
complex.84.pdb	0	22.761	62.874
complex.85.pdb	0.212766	7.107	18.091
complex.86.pdb	0.070922	5.641	21.967
complex.87.pdb	0.0212766	14.245	39.593
complex.88.pdb	0	15.451	40.127
complex.89.pdb	0	18.083	45.751
complex.90.pdb	0.0070922	21.415	57.419
complex.91.pdb	0.0141844	9.697	28.241
complex.92.pdb	0.0070922	12.598	33.143
complex.93.pdb	0	20.554	45.628
complex.94.pdb	0	17.748	45.035
complex.95.pdb	0.12766	5.451	18.712
complex.96.pdb	0	18.500	50.634
complex.97.pdb	0	19.682	44.979
complex.98.pdb	0.283688	5.683	17.309
complex.99.pdb	0.0638298	13.490	38.332
complex.100.pdb	0.113475	8.172	18.330
complex.101.pdb	0.0141844	17.927	52.074
complex.102.pdb	0.276596	5.188	14.499
complex.103.pdb	0	18.933	39.054
complex.104.pdb	0	9.809	33.013
complex.105.pdb	0	18.416	47.896
complex.106.pdb	0.0141844	21.360	61.424
complex.107.pdb	0.12766	9.285	20.106
complex.108.pdb	0	20.536	58.530
complex.109.pdb	0	19.848	47.863
complex.110.pdb	0	19.025	42.523
complex.111.pdb	0	19.023	42.607
complex.112.pdb	0	21.104	44.675
complex.113.pdb	0	18.793	40.428
complex.114.pdb	0.283688	3.545	16.434
complex.115.pdb	0	18.973	43.528
complex.116.pdb	0.0921986	11.811	31.049
complex.117.pdb	0.0141844	21.084	56.038
complex.118.pdb	0	21.477	45.429
complex.119.pdb	0	14.218	35.418
complex.120.pdb	0	14.979	38.780
complex.121.pdb	0	18.014	49.140
complex.122.pdb	0.191489	6.461	19.072
complex.123.pdb	0	18.969	46.727
complex.124.pdb	0.255319	5.749	21.102
complex.125.pdb	0	20.362	42.366
complex.126.pdb	0.0070922	15.585	50.482
complex.127.pdb	0.035461	21.635	65.087
complex.128.pdb	0.0141844	23.103	61.729
complex.129.pdb	0	17.729	51.831
complex.130.pdb	0.0496454	13.977	28.677
complex.131.pdb	0	24.050	54.721
complex.132.pdb	0	20.556	57.458
complex.133.pdb	0	21.675	45.291
complex.134.pdb	0	19.138	42.000
complex.135.pdb	0	20.826	48.278
complex.136.pdb	0	20.525	50.246
complex.137.pdb	0.0141844	16.395	56.514
complex.138.pdb	0	20.051	44.065
complex.139.pdb	0.0992908	7.188	25.559
complex.140.pdb	0.113475	10.875	34.127
complex.141.pdb	0.120567	10.077	25.934
complex.142.pdb	0	20.664	45.576
complex.143.pdb	0	37.104	64.190
complex.144.pdb	0	15.518	35.168
complex.145.pdb	0.0425532	15.384	43.281
complex.146.pdb	0.0141844	18.759	47.064
complex.147.pdb	0.148936	4.236	17.198
complex.148.pdb	0.0567376	14.100	27.387
complex.149.pdb	0	26.554	65.915
complex.150.pdb	0.0141844	21.232	63.107
complex.151.pdb	0	21.103	53.836
complex.152.pdb	0.0141844	20.950	54.633
complex.153.pdb	0	21.448	45.059
complex.154.pdb	0.12766	8.743	24.761
complex.155.pdb	0.0567376	8.950	33.399
complex.156.pdb	0	24.453	47.184
complex.157.pdb	0.0141844	19.098	60.181
complex.158.pdb	0.0141844	25.684	60.869
complex.159.pdb	0.0212766	27.797	74.111
complex.160.pdb	0.0070922	20.575	42.644
complex.161.pdb	0	20.922	46.076
complex.162.pdb	0	13.869	40.077
complex.163.pdb	0.0425532	20.850	60.489
complex.164.pdb	0.312057	3.201	6.627
complex.165.pdb	0	18.587	63.216
complex.166.pdb	0	21.415	44.399
complex.167.pdb	0.156028	7.735	18.539
complex.168.pdb	0	19.672	58.878
complex.169.pdb	0.212766	7.693	20.826
complex.170.pdb	0	18.000	47.105
complex.171.pdb	0	26.073	37.630
complex.172.pdb	0	23.102	53.722
complex.173.pdb	0	20.790	42.463
complex.174.pdb	0	20.208	39.798
complex.175.pdb	0.070922	14.095	36.946
complex.176.pdb	0	20.197	44.850
complex.177.pdb	0	24.355	49.302
complex.178.pdb	0	17.893	41.540
complex.179.pdb	0.0425532	14.411	36.774
complex.180.pdb	0.212766	7.642	21.592
complex.181.pdb	0	21.503	44.231
complex.182.pdb	0	22.280	47.538
complex.183.pdb	0.241135	5.463	17.648
complex.184.pdb	0	36.903	60.940
complex.185.pdb	0	21.130	49.024
complex.186.pdb	0	18.513	42.300
complex.187.pdb	0	20.616	56.471
complex.188.pdb	0.262411	4.827	14.667
complex.189.pdb	0	33.706	65.379
complex.190.pdb	0.198582	6.140	18.384
complex.191.pdb	0	12.550	31.445
complex.192.pdb	0.035461	20.605	51.652
complex.193.pdb	0	19.157	44.298
complex.194.pdb	0.0070922	24.002	63.089
complex.195.pdb	0	22.956	49.798
complex.196.pdb	0.0070922	16.674	46.067
complex.197.pdb	0.0425532	10.462	24.659
complex.198.pdb	0.191489	3.387	9.536
complex.199.pdb	0	19.036	51.326
complex.200.pdb	0.212766	6.907	21.626
complex.201.pdb	0.0212766	26.009	77.775
complex.202.pdb	0.0070922	18.367	46.970
complex.203.pdb	0	35.118	68.248
complex.204.pdb	0	27.410	42.400
complex.205.pdb	0.106383	12.836	34.491
complex.206.pdb	0.0141844	21.562	64.772
complex.207.pdb	0	12.023	32.988
complex.208.pdb	0	20.276	42.821
complex.209.pdb	0	23.140	60.309
complex.210.pdb	0	24.476	50.209
complex.211.pdb	0.198582	7.270	17.777
complex.212.pdb	0.0992908	6.843	29.206
complex.213.pdb	0.0212766	18.901	50.374
complex.214.pdb	0	24.669	47.045
complex.215.pdb	0.0141844	21.308	53.049
complex.216.pdb	0.0212766	29.256	68.148
complex.217.pdb	0.0141844	23.796	57.985
complex.218.pdb	0.148936	6.631	28.517
complex.219.pdb	0.035461	16.629	44.070
complex.220.pdb	0	25.491	58.262
complex.221.pdb	0.0283688	20.561	59.507
complex.222.pdb	0.0070922	12.524	45.249
complex.223.pdb	0	19.349	42.687
complex.224.pdb	0	22.646	48.722
complex.225.pdb	0.035461	19.277	55.552
complex.226.pdb	0	20.763	50.964
complex.227.pdb	0.0921986	11.203	30.961
complex.228.pdb	0	16.044	40.306
complex.229.pdb	0.0070922	20.522	55.374
complex.230.pdb	0	17.206	36.383
complex.231.pdb	0.0141844	22.509	55.307
complex.232.pdb	0	14.861	38.127
complex.233.pdb	0	24.694	52.361
complex.234.pdb	0	19.240	48.297
complex.235.pdb	0	23.805	57.850
complex.236.pdb	0.120567	7.619	22.517
complex.237.pdb	0.0141844	22.293	64.693
complex.238.pdb	0	18.156	51.815
complex.239.pdb	0.0212766	20.737	56.803
complex.240.pdb	0	11.361	40.587
complex.241.pdb	0.0992908	7.423	22.326
complex.242.pdb	0.0851064	13.933	34.775
complex.243.pdb	0	19.068	43.527
complex.244.pdb	0	24.464	43.419
complex.245.pdb	0	20.953	49.248
complex.246.pdb	0.0070922	16.769	42.030
complex.247.pdb	0	17.990	48.406
complex.248.pdb	0	19.715	44.764
complex.249.pdb	0	20.622	46.311
complex.250.pdb	0.0212766	20.952	53.317
complex.251.pdb	0.0212766	25.256	64.406
complex.252.pdb	0.0851064	12.551	29.944
complex.253.pdb	0	22.968	47.942
complex.254.pdb	0	29.688	69.189
complex.255.pdb	0	21.941	46.975
complex.256.pdb	0.177305	9.722	23.173
complex.257.pdb	0	20.105	42.882
complex.258.pdb	0.0425532	15.349	43.266
complex.259.pdb	0	24.395	65.189
complex.260.pdb	0.0212766	13.829	42.446
complex.261.pdb	0	18.675	52.625
complex.262.pdb	0	24.851	56.521
complex.263.pdb	0	31.539	51.150
complex.264.pdb	0	19.145	48.279
complex.265.pdb	0.035461	26.507	73.941
complex.266.pdb	0	33.841	62.235
complex.267.pdb	0.120567	10.873	28.008
complex.268.pdb	0	30.686	47.821
complex.269.pdb	0	21.708	47.314
complex.270.pdb	0.0141844	15.907	42.477
complex.271.pdb	0	18.984	48.229
complex.272.pdb	0.0283688	17.716	60.217
complex.273.pdb	0.035461	6.770	24.004
complex.274.pdb	0	23.113	47.502
complex.275.pdb	0.0070922	11.771	42.389
complex.276.pdb	0	21.289	43.276
complex.277.pdb	0	15.601	57.690
complex.278.pdb	0	36.860	76.974
complex.279.pdb	0.035461	24.819	76.131
complex.280.pdb	0.0070922	23.758	63.222
complex.281.pdb	0	32.069	48.423
complex.282.pdb	0	13.759	36.539
complex.283.pdb	0.12766	6.442	23.593
complex.284.pdb	0	14.414	41.585
complex.285.pdb	0	21.960	45.660
complex.286.pdb	0	23.026	46.613
complex.287.pdb	0.0070922	6.410	16.506
complex.288.pdb	0.0212766	20.444	59.131
complex.289.pdb	0	18.216	40.015
complex.290.pdb	0.0921986	9.645	23.145
complex.291.pdb	0	20.781	42.442
complex.292.pdb	0.0070922	21.344	54.102
complex.293.pdb	0	26.495	48.321
complex.294.pdb	0	19.096	61.303
complex.295.pdb	0	20.824	43.669
complex.296.pdb	0	15.720	55.091
complex.297.pdb	0	16.136	55.307
complex.298.pdb	0	18.806	51.142
complex.299.pdb	0	15.267	38.320
complex.300.pdb	0.035461	20.776	65.657
complex.301.pdb	0.0212766	17.537	58.578
complex.302.pdb	0.141844	6.920	26.360
complex.303.pdb	0.0212766	22.068	55.991
complex.304.pdb	0.0141844	21.437	56.007
complex.305.pdb	0	24.470	52.416
complex.306.pdb	0.0070922	23.401	60.567
complex.307.pdb	0.035461	12.048	32.661
complex.308.pdb	0	22.007	46.144
complex.309.pdb	0	21.039	45.140
complex.310.pdb	0	24.891	55.946
complex.311.pdb	0.0070922	17.892	55.110
complex.312.pdb	0.035461	13.604	29.882
complex.313.pdb	0.0921986	11.921	30.551
complex.314.pdb	0	27.171	65.370
complex.315.pdb	0.0141844	20.050	64.659
complex.316.pdb	0	23.683	54.364
complex.317.pdb	0	16.651	38.061
complex.318.pdb	0	28.302	56.450
complex.319.pdb	0	24.547	53.724
complex.320.pdb	0	21.227	48.462
complex.321.pdb	0.0070922	12.450	45.190
complex.322.pdb	0.0425532	16.899	43.755
complex.323.pdb	0.0496454	8.239	36.187
complex.324.pdb	0	19.784	51.297
complex.325.pdb	0	26.891	56.222
complex.326.pdb	0	24.813	67.154
complex.327.pdb	0	16.143	57.124
complex.328.pdb	0	25.141	58.367
complex.329.pdb	0.0070922	19.848	56.055
complex.330.pdb	0	15.911	33.955
complex.331.pdb	0	17.374	41.975
complex.332.pdb	0	23.216	50.953
complex.333.pdb	0	23.999	47.865
complex.334.pdb	0	18.497	63.990
complex.335.pdb	0	24.763	56.381
complex.336.pdb	0	25.182	54.180
complex.337.pdb	0	19.314	62.142
complex.338.pdb	0	18.181	46.279
complex.339.pdb	0	18.979	59.528
complex.340.pdb	0.0070922	13.866	36.501
complex.341.pdb	0	13.351	34.970
complex.342.pdb	0	24.171	59.741
complex.343.pdb	0.0283688	25.997	77.269
complex.344.pdb	0	18.776	50.604
complex.345.pdb	0.0283688	20.934	56.536
complex.346.pdb	0	32.111	54.814
complex.347.pdb	0	28.562	57.682
complex.348.pdb	0	16.465	39.383
complex.349.pdb	0	22.640	56.959
complex.350.pdb	0	22.381	61.273
complex.351.pdb	0	33.026	58.873
complex.352.pdb	0.0283688	12.568	41.009
complex.353.pdb	0	19.305	48.007
complex.354.pdb	0.0070922	17.285	39.114
complex.355.pdb	0	19.936	45.624
complex.356.pdb	0	16.693	50.375
complex.357.pdb	0.0141844	17.567	48.046
complex.358.pdb	0.0070922	22.574	57.090
complex.359.pdb	0	19.563	65.614
complex.360.pdb	0	30.247	50.098
complex.361.pdb	0.0212766	9.329	29.788
complex.362.pdb	0	17.965	51.068
complex.363.pdb	0.212766	8.134	26.474
complex.364.pdb	0	21.664	57.352
complex.365.pdb	0.0851064	9.387	35.743
complex.366.pdb	0.0070922	21.335	54.773
complex.367.pdb	0.0425532	22.527	73.431
complex.368.pdb	0.0638298	12.121	31.469
complex.369.pdb	0.035461	20.541	57.426
complex.370.pdb	0	35.356	67.405
complex.371.pdb	0	14.775	36.781
complex.372.pdb	0	22.161	60.268
complex.373.pdb	0	16.241	50.636
complex.374.pdb	0	24.272	51.967
complex.375.pdb	0	27.252	67.950
complex.376.pdb	0.0567376	12.511	25.695
complex.377.pdb	0	17.648	45.072
complex.378.pdb	0	21.041	43.076
complex.379.pdb	0.070922	13.126	37.645
complex.380.pdb	0	25.453	63.362
complex.381.pdb	0	21.702	47.316
complex.382.pdb	0	19.457	56.057
complex.383.pdb	0	33.154	53.299
complex.384.pdb	0	22.834	49.608
complex.385.pdb	0.0070922	29.303	65.667
complex.386.pdb	0	16.086	53.448
complex.387.pdb	0.106383	14.768	35.174
complex.388.pdb	0	22.783	68.144
complex.389.pdb	0	22.282	44.295
complex.390.pdb	0	29.639	46.634
complex.391.pdb	0	17.416	39.687
complex.392.pdb	0.120567	10.337	22.134
complex.393.pdb	0	30.114	56.962
complex.394.pdb	0.0212766	11.453	36.068
complex.395.pdb	0	20.765	45.384
complex.396.pdb	0	19.325	48.830
complex.397.pdb	0	21.238	46.309
complex.398.pdb	0	13.655	37.405
complex.399.pdb	0	18.490	39.010
complex.400.pdb	0	25.611	64.206
complex.401.pdb	0	23.164	62.387
complex.402.pdb	0	20.406	38.608
complex.403.pdb	0.0141844	26.379	63.810
complex.404.pdb	0	24.966	41.654
complex.405.pdb	0	19.078	53.688
complex.406.pdb	0.0212766	25.522	58.219
complex.407.pdb	0	12.745	25.497
complex.408.pdb	0	23.710	45.572
complex.409.pdb	0	25.457	53.352
complex.410.pdb	0	9.455	29.185
complex.411.pdb	0.0212766	19.705	59.599
complex.412.pdb	0	21.865	47.665
complex.413.pdb	0	17.955	40.198
complex.414.pdb	0	18.746	64.085
complex.415.pdb	0	21.028	45.420
complex.416.pdb	0.070922	18.938	57.421
complex.417.pdb	0	35.914	69.550
complex.418.pdb	0	18.207	45.859
complex.419.pdb	0	22.615	49.369
complex.420.pdb	0	19.788	51.238
complex.421.pdb	0	22.190	55.956
complex.422.pdb	0.0283688	15.582	45.105
complex.423.pdb	0	15.285	37.018
complex.424.pdb	0	22.290	45.677
complex.425.pdb	0	19.141	46.789
complex.426.pdb	0	27.483	46.097
complex.427.pdb	0.0070922	8.854	27.884
complex.428.pdb	0	35.686	58.913
complex.429.pdb	0	31.416	50.802
complex.430.pdb	0.120567	11.725	28.832
complex.431.pdb	0	16.354	47.237
complex.432.pdb	0.0780142	19.893	56.543
complex.433.pdb	0.035461	9.367	38.880
complex.434.pdb	0.0283688	28.437	71.230
complex.435.pdb	0	35.792	64.682
complex.436.pdb	0	34.213	60.648
complex.437.pdb	0	23.413	57.633
complex.438.pdb	0	15.109	34.696
complex.439.pdb	0	24.399	63.224
complex.440.pdb	0.12766	10.576	30.362
complex.441.pdb	0.0212766	17.524	43.384
complex.442.pdb	0	16.485	42.955
complex.443.pdb	0	31.721	54.257
complex.444.pdb	0.0212766	23.374	61.517
complex.445.pdb	0	16.460	44.136
complex.446.pdb	0	27.546	63.143
complex.447.pdb	0	18.679	44.435
complex.448.pdb	0	15.838	50.315
complex.449.pdb	0	24.472	48.326
complex.450.pdb	0.0212766	17.923	62.966
complex.451.pdb	0	17.412	42.021
complex.452.pdb	0	13.380	45.601
complex.453.pdb	0	26.511	46.892
complex.454.pdb	0	15.997	56.825
complex.455.pdb	0	33.225	57.594
complex.456.pdb	0	20.984	50.237
complex.457.pdb	0.319149	5.691	26.456
complex.458.pdb	0	18.895	43.104
complex.459.pdb	0	26.102	63.513
complex.460.pdb	0	35.093	66.770
complex.461.pdb	0	29.544	70.693
complex.462.pdb	0	14.857	54.787
complex.463.pdb	0.035461	7.837	29.856
complex.464.pdb	0.0141844	21.156	62.341
complex.465.pdb	0.0141844	23.364	55.038
complex.466.pdb	0	23.902	49.036
complex.467.pdb	0	27.725	74.445
complex.468.pdb	0	34.966	64.572
complex.469.pdb	0.0567376	11.494	41.972
complex.470.pdb	0	24.647	71.035
complex.471.pdb	0.0070922	16.205	45.793
complex.472.pdb	0.070922	12.244	31.590
complex.473.pdb	0	14.455	30.528
complex.474.pdb	0.0567376	11.613	41.198
complex.475.pdb	0.184397	7.538	22.649
complex.476.pdb	0	18.776	58.278
complex.477.pdb	0.205674	9.450	27.375
complex.478.pdb	0	19.020	44.504
complex.479.pdb	0.212766	8.443	21.382
complex.480.pdb	0	11.508	30.739
complex.481.pdb	0.0992908	13.675	31.907
complex.482.pdb	0	37.815	64.651
complex.483.pdb	0	29.425	71.015
complex.484.pdb	0	17.059	49.664
complex.485.pdb	0.0425532	16.277	43.535
complex.486.pdb	0	27.146	42.811
complex.487.pdb	0.170213	9.856	26.070
complex.488.pdb	0.035461	13.167	27.441
complex.489.pdb	0	25.878	52.593
complex.490.pdb	0	38.968	75.575
complex.491.pdb	0	32.966	56.827
complex.492.pdb	0.0141844	10.115	29.666
complex.493.pdb	0	24.377	47.636
complex.494.pdb	0	32.772	69.496
complex.495.pdb	0	33.313	56.038
complex.496.pdb	0.0212766	28.510	54.496
complex.497.pdb	0	26.599	62.906
complex.498.pdb	0.0070922	13.801	35.265
complex.499.pdb	0	16.908	38.982
complex.500.pdb	0.070922	12.365	33.976
complex.501.pdb	0	22.263	60.023
complex.502.pdb	0	19.533	63.123
complex.503.pdb	0	22.919	55.297
complex.504.pdb	0.0141844	22.047	58.355
complex.505.pdb	0	18.808	47.138
complex.506.pdb	0	27.974	59.422
complex.507.pdb	0	26.877	50.400
complex.508.pdb	0	20.293	66.851
complex.509.pdb	0	20.947	58.617
complex.510.pdb	0	30.857	50.618
complex.511.pdb	0	23.522	62.263
complex.512.pdb	0	37.848	76.577
complex.513.pdb	0	36.997	57.546
complex.514.pdb	0.0212766	27.833	76.306
complex.515.pdb	0.0070922	19.718	46.351
complex.516.pdb	0	38.925	77.915
complex.517.pdb	0	23.402	64.973
complex.518.pdb	0	16.520	50.206
complex.519.pdb	0	31.781	46.159
complex.520.pdb	0.0212766	21.197	61.746
complex.521.pdb	0	21.271	43.634
complex.522.pdb	0	25.135	55.311
complex.523.pdb	0	23.005	57.473
complex.524.pdb	0	9.814	22.506
complex.525.pdb	0	19.319	58.978
complex.526.pdb	0	30.546	55.345
complex.527.pdb	0	27.611	44.230
complex.528.pdb	0	19.813	41.744
complex.529.pdb	0	20.405	63.570
complex.530.pdb	0.0283688	27.399	73.999
complex.531.pdb	0.0283688	11.400	20.988
complex.532.pdb	0.0283688	20.936	64.201
complex.533.pdb	0.0425532	14.154	37.065
complex.534.pdb	0.0283688	16.159	51.153
complex.535.pdb	0	28.239	50.617
complex.536.pdb	0	25.154	50.975
complex.537.pdb	0	25.491	60.638
complex.538.pdb	0	20.902	54.217
complex.539.pdb	0	27.093	55.974
complex.540.pdb	0.035461	28.624	57.203
complex.541.pdb	0	19.799	48.995
complex.542.pdb	0.0851064	17.282	50.018
complex.543.pdb	0.0638298	17.863	50.378
complex.544.pdb	0.0070922	26.071	54.735
complex.545.pdb	0	21.441	51.082
complex.546.pdb	0.0425532	12.927	46.343
complex.547.pdb	0.0212766	20.416	56.446
complex.548.pdb	0	24.332	62.246
complex.549.pdb	0	16.408	42.344
complex.550.pdb	0	23.035	54.114
complex.551.pdb	0.134752	9.377	22.747
complex.552.pdb	0	19.689	45.655
complex.553.pdb	0	19.090	40.830
complex.554.pdb	0.0638298	17.901	46.251
complex.555.pdb	0.0425532	12.301	38.609
complex.556.pdb	0	19.463	59.708
complex.557.pdb	0	32.790	58.597
complex.558.pdb	0.163121	8.638	26.207
complex.559.pdb	0	17.293	44.984
complex.560.pdb	0	21.709	67.249
complex.561.pdb	0.035461	20.195	64.598
complex.562.pdb	0	30.119	59.723
complex.563.pdb	0	26.506	62.678
complex.564.pdb	0	29.663	48.020
complex.565.pdb	0	37.416	64.897
complex.566.pdb	0	22.613	51.442
complex.567.pdb	0	20.020	55.458
complex.568.pdb	0	19.344	59.390
complex.569.pdb	0	29.079	50.778
complex.570.pdb	0.0070922	27.006	66.776
complex.571.pdb	0	19.142	61.077
complex.572.pdb	0	13.724	42.822
complex.573.pdb	0	26.362	37.461
complex.574.pdb	0	19.402	41.576
complex.575.pdb	0	13.951	44.580
complex.576.pdb	0.035461	22.121	56.441
complex.577.pdb	0	22.498	56.952
complex.578.pdb	0	18.790	61.278
complex.579.pdb	0	19.299	48.531
complex.580.pdb	0	32.566	56.467
complex.581.pdb	0	24.263	56.433
complex.582.pdb	0	11.741	46.399
complex.583.pdb	0	23.059	56.459
complex.584.pdb	0	27.262	40.308
complex.585.pdb	0.0212766	13.440	42.650
complex.586.pdb	0	21.524	55.073
complex.587.pdb	0	21.516	39.516
complex.588.pdb	0	33.114	63.163
complex.589.pdb	0	23.438	61.340
complex.590.pdb	0	25.237	64.444
complex.591.pdb	0	15.414	33.218
complex.592.pdb	0	32.993	57.910
complex.593.pdb	0	29.182	72.591
complex.594.pdb	0.035461	14.989	57.787
complex.595.pdb	0	23.441	50.979
complex.596.pdb	0	28.573	53.341
complex.597.pdb	0	37.251	62.350
complex.598.pdb	0	36.359	71.095
complex.599.pdb	0	30.051	45.768
complex.600.pdb	0	20.323	49.508
complex.601.pdb	0	23.577	42.521
complex.602.pdb	0	22.977	47.760
complex.603.pdb	0	35.971	64.065
complex.604.pdb	0	19.361	45.985
complex.605.pdb	0	34.024	62.812
complex.606.pdb	0	18.306	63.159
complex.607.pdb	0.0070922	24.434	57.607
complex.608.pdb	0	30.315	49.878
complex.609.pdb	0	21.347	46.671
complex.610.pdb	0	19.628	46.503
complex.611.pdb	0	17.451	44.545
complex.612.pdb	0	20.289	43.800
complex.613.pdb	0	31.110	58.064
complex.614.pdb	0.0283688	24.859	75.474
complex.615.pdb	0.0141844	25.479	61.823
complex.616.pdb	0	34.441	50.348
complex.617.pdb	0.0212766	20.511	61.687
complex.618.pdb	0	31.819	52.870
complex.619.pdb	0.170213	8.949	23.767
complex.620.pdb	0	19.820	48.106
complex.621.pdb	0	35.485	66.381
complex.622.pdb	0.0496454	13.710	31.905
complex.623.pdb	0.0638298	13.951	38.154
complex.624.pdb	0	29.835	69.960
complex.625.pdb	0	18.298	47.995
complex.626.pdb	0	20.550	54.728
complex.627.pdb	0	34.193	53.532
complex.628.pdb	0	18.946	61.571
complex.629.pdb	0.0567376	10.410	30.276
complex.630.pdb	0	21.503	44.940
complex.631.pdb	0	22.687	36.843
complex.632.pdb	0.0283688	24.126	77.178
complex.633.pdb	0.0070922	16.338	43.248
complex.634.pdb	0.0283688	14.399	34.433
complex.635.pdb	0	15.599	46.372
complex.636.pdb	0	34.900	60.424
complex.637.pdb	0	25.190	50.989
complex.638.pdb	0	23.253	67.252
complex.639.pdb	0.070922	14.696	34.239
complex.640.pdb	0.0567376	14.658	47.622
complex.641.pdb	0	17.088	52.781
complex.642.pdb	0.0070922	18.047	63.674
complex.643.pdb	0	30.927	61.044
complex.644.pdb	0.0425532	18.893	54.618
complex.645.pdb	0	18.475	44.750
complex.646.pdb	0	26.812	71.785
complex.647.pdb	0	22.027	66.174
complex.648.pdb	0.0141844	21.205	61.817
complex.649.pdb	0	26.813	51.356
complex.650.pdb	0	25.400	54.058
complex.651.pdb	0	20.393	50.765
complex.652.pdb	0.0567376	18.975	51.004
complex.653.pdb	0	36.708	61.540
complex.654.pdb	0	22.092	57.862
complex.655.pdb	0	20.808	61.499
complex.656.pdb	0	16.621	39.547
complex.657.pdb	0.0070922	18.728	42.441
complex.658.pdb	0	36.818	58.882
complex.659.pdb	0	20.888	50.526
complex.660.pdb	0	26.430	53.477
complex.661.pdb	0	33.640	55.186
complex.662.pdb	0.248227	5.775	13.267
complex.663.pdb	0	18.637	61.180
complex.664.pdb	0	21.905	57.861
complex.665.pdb	0	32.733	56.867
complex.666.pdb	0	35.128	57.844
complex.667.pdb	0	27.573	54.385
complex.668.pdb	0	29.155	50.329
complex.669.pdb	0	20.788	65.766
complex.670.pdb	0.0070922	20.404	55.954
complex.671.pdb	0.205674	7.429	20.591
complex.672.pdb	0	19.899	51.860
complex.673.pdb	0	19.081	39.002
complex.674.pdb	0	31.489	52.629
complex.675.pdb	0	31.344	57.100
complex.676.pdb	0	12.992	49.559
complex.677.pdb	0.070922	12.720	45.444
complex.678.pdb	0	35.592	67.331
complex.679.pdb	0	25.826	46.368
complex.680.pdb	0	36.188	71.387
complex.681.pdb	0	18.848	42.998
complex.682.pdb	0	21.820	63.424
complex.683.pdb	0	25.688	62.460
complex.684.pdb	0	36.085	64.539
complex.685.pdb	0	23.022	62.700
complex.686.pdb	0	30.640	50.596
complex.687.pdb	0	36.544	56.498
complex.688.pdb	0	19.055	51.770
complex.689.pdb	0.0141844	20.972	51.924
complex.690.pdb	0	25.543	54.983
complex.691.pdb	0.0141844	21.015	70.816
complex.692.pdb	0	27.351	45.070
complex.693.pdb	0	22.444	58.679
complex.694.pdb	0	21.930	51.137
complex.695.pdb	0	16.042	42.930
complex.696.pdb	0	25.749	60.883
complex.697.pdb	0	25.548	60.179
complex.698.pdb	0	30.989	55.781
complex.699.pdb	0	15.859	29.995
complex.700.pdb	0	17.440	56.230
complex.701.pdb	0	17.393	41.240
complex.702.pdb	0	35.675	62.881
complex.703.pdb	0	28.238	51.672
complex.704.pdb	0	18.843	56.974
complex.705.pdb	0.0070922	11.055	29.349
complex.706.pdb	0.0567376	16.920	54.373
complex.707.pdb	0	14.083	55.065
complex.708.pdb	0	25.052	55.876
complex.709.pdb	0	35.428	58.097
complex.710.pdb	0	28.248	75.263
complex.711.pdb	0	33.032	51.032
complex.712.pdb	0	21.430	58.138
complex.713.pdb	0	27.954	69.603
complex.714.pdb	0	25.264	52.493
complex.715.pdb	0.0070922	25.717	68.269
complex.716.pdb	0	17.080	48.748
complex.717.pdb	0	19.667	46.605
complex.718.pdb	0	25.980	37.448
complex.719.pdb	0	24.559	42.810
complex.720.pdb	0	32.220	45.012
complex.721.pdb	0	21.705	64.126
complex.722.pdb	0.234043	7.830	19.213
complex.723.pdb	0	30.249	49.178
complex.724.pdb	0	24.457	66.877
complex.725.pdb	0	27.965	56.144
complex.726.pdb	0	13.228	25.039
complex.727.pdb	0	18.632	57.142
complex.728.pdb	0	20.353	39.406
complex.729.pdb	0.0283688	15.953	52.283
complex.730.pdb	0	23.540	53.986
complex.731.pdb	0	31.803	62.688
complex.732.pdb	0	17.405	37.732
complex.733.pdb	0	18.849	60.571
complex.734.pdb	0	33.730	60.006
complex.735.pdb	0.035461	15.659	55.564
complex.736.pdb	0	28.146	46.214
complex.737.pdb	0	28.462	52.736
complex.738.pdb	0	32.559	60.133
complex.739.pdb	0.0212766	20.053	55.063
complex.740.pdb	0.0070922	18.037	45.812
complex.741.pdb	0	25.034	50.868
complex.742.pdb	0	22.179	46.665
complex.743.pdb	0	16.844	60.762
complex.744.pdb	0.035461	15.033	52.343
complex.745.pdb	0	20.127	60.051
complex.746.pdb	0	30.531	51.743
complex.747.pdb	0	14.309	36.176
complex.748.pdb	0.141844	10.539	25.290
complex.749.pdb	0	24.678	70.326
complex.750.pdb	0.0780142	10.768	35.180
complex.751.pdb	0.0070922	12.722	45.593
complex.752.pdb	0	34.974	63.371
complex.753.pdb	0	34.440	60.849
complex.754.pdb	0	27.575	53.289
complex.755.pdb	0	19.651	43.143
complex.756.pdb	0	21.309	47.272
complex.757.pdb	0	27.682	47.957
complex.758.pdb	0	36.335	66.361
complex.759.pdb	0	18.152	40.243
complex.760.pdb	0	34.139	61.287
complex.761.pdb	0.177305	6.589	22.119
complex.762.pdb	0	31.951	55.336
complex.763.pdb	0	26.310	64.805
complex.764.pdb	0	23.542	36.287
complex.765.pdb	0	21.024	39.528
complex.766.pdb	0	32.184	50.847
complex.767.pdb	0	25.247	62.230
complex.768.pdb	0	21.579	50.473
complex.769.pdb	0	30.909	55.602
complex.770.pdb	0	35.597	61.860
complex.771.pdb	0	35.632	58.591
complex.772.pdb	0	33.630	54.269
complex.773.pdb	0.0141844	19.046	43.630
complex.774.pdb	0	32.618	58.491
complex.775.pdb	0	29.390	44.175
complex.776.pdb	0	23.255	60.739
complex.777.pdb	0	26.130	54.091
complex.778.pdb	0	34.577	59.049
complex.779.pdb	0	25.024	52.956
complex.780.pdb	0	15.820	37.851
complex.781.pdb	0.0567376	12.490	45.341
complex.782.pdb	0	28.787	51.939
complex.783.pdb	0	36.859	68.885
complex.784.pdb	0.0567376	11.454	23.971
complex.785.pdb	0	27.801	50.356
complex.786.pdb	0	24.067	49.139
complex.787.pdb	0	30.592	61.921
complex.788.pdb	0	20.261	41.783
complex.789.pdb	0	36.790	67.527
complex.790.pdb	0	17.582	40.485
complex.791.pdb	0.035461	20.163	53.269
complex.792.pdb	0	25.223	55.346
complex.793.pdb	0	19.897	58.970
complex.794.pdb	0	17.258	42.706
complex.795.pdb	0.0638298	10.324	30.485
complex.796.pdb	0	32.661	53.968
complex.797.pdb	0	25.416	49.628
complex.798.pdb	0.134752	12.858	31.575
complex.799.pdb	0.0283688	13.884	38.923
complex.800.pdb	0	20.338	52.442
complex.801.pdb	0	36.510	60.454
complex.802.pdb	0	18.963	50.625
complex.803.pdb	0	25.311	60.354
complex.804.pdb	0	34.325	55.814
complex.805.pdb	0	22.530	50.252
complex.806.pdb	0	17.566	38.875
complex.807.pdb	0	21.157	57.789
complex.808.pdb	0	21.165	52.148
complex.809.pdb	0	20.807	40.714
complex.810.pdb	0	33.264	54.867
complex.811.pdb	0	24.386	60.408
complex.812.pdb	0	21.372	48.815
complex.813.pdb	0	24.419	49.802
complex.814.pdb	0.0496454	9.713	44.768
complex.815.pdb	0	26.706	65.297
complex.816.pdb	0	36.455	65.343
complex.817.pdb	0	22.952	51.398
complex.818.pdb	0.113475	7.597	34.452
complex.819.pdb	0	35.010	64.038
complex.820.pdb	0.0212766	19.882	38.914
complex.821.pdb	0	33.614	52.265
complex.822.pdb	0	33.568	57.987
complex.823.pdb	0	20.452	51.404
complex.824.pdb	0.0070922	28.819	54.380
complex.825.pdb	0.0141844	15.523	33.249
complex.826.pdb	0	28.459	53.303
complex.827.pdb	0	16.659	49.030
complex.828.pdb	0	37.487	78.003
complex.829.pdb	0	21.222	44.202
complex.830.pdb	0	24.880	64.858
complex.831.pdb	0	18.838	55.816
complex.832.pdb	0	23.257	57.465
complex.833.pdb	0	20.540	59.636
complex.834.pdb	0	18.870	55.206
complex.835.pdb	0	33.011	72.885
complex.836.pdb	0.0141844	14.287	43.637
complex.837.pdb	0	24.927	61.587
complex.838.pdb	0	19.823	55.077
complex.839.pdb	0	30.743	51.381
complex.840.pdb	0	12.061	30.347
complex.841.pdb	0	20.910	57.967
complex.842.pdb	0	35.980	74.093
complex.843.pdb	0	15.457	50.097
complex.844.pdb	0	22.366	46.350
complex.845.pdb	0	37.357	73.621
complex.846.pdb	0	22.393	51.965
complex.847.pdb	0.0070922	22.283	57.919
complex.848.pdb	0	27.150	52.137
complex.849.pdb	0	25.929	59.304
complex.850.pdb	0	30.637	72.535
complex.851.pdb	0	30.119	66.647
complex.852.pdb	0.035461	19.722	38.954
complex.853.pdb	0	20.748	63.705
complex.854.pdb	0	36.944	71.309
complex.855.pdb	0.035461	13.453	33.065
complex.856.pdb	0	33.694	53.508
complex.857.pdb	0	36.427	58.446
complex.858.pdb	0	32.226	54.489
complex.859.pdb	0.0212766	12.113	43.696
complex.860.pdb	0	28.533	48.335
complex.861.pdb	0	25.547	60.872
complex.862.pdb	0	25.274	49.142
complex.863.pdb	0	20.290	42.510
complex.864.pdb	0	30.536	51.402
complex.865.pdb	0	18.955	61.343
complex.866.pdb	0.106383	14.023	46.094
complex.867.pdb	0	28.471	56.111
complex.868.pdb	0	20.896	42.733
complex.869.pdb	0	28.554	71.931
complex.870.pdb	0	17.578	39.620
complex.871.pdb	0.070922	10.121	32.909
complex.872.pdb	0	31.512	55.483
complex.873.pdb	0	22.796	54.618
complex.874.pdb	0	14.364	42.304
complex.875.pdb	0	18.974	43.133
complex.876.pdb	0.0283688	19.088	60.341
complex.877.pdb	0.0141844	24.360	60.397
complex.878.pdb	0	20.432	39.656
complex.879.pdb	0.035461	19.793	50.290
complex.880.pdb	0	22.198	55.401
complex.881.pdb	0	23.837	53.133
complex.882.pdb	0	22.800	55.446
complex.883.pdb	0	17.350	46.669
complex.884.pdb	0	23.336	47.616
complex.885.pdb	0	33.242	57.130
complex.886.pdb	0	20.224	56.677
complex.887.pdb	0	35.079	63.898
complex.888.pdb	0	20.696	54.583
complex.889.pdb	0	24.220	34.788
complex.890.pdb	0	18.788	65.548
complex.891.pdb	0.035461	25.408	75.219
complex.892.pdb	0	26.961	65.612
complex.893.pdb	0	35.239	60.100
complex.894.pdb	0	17.688	46.484
complex.895.pdb	0	21.621	53.408
complex.896.pdb	0	23.279	52.279
complex.897.pdb	0	17.344	41.621
complex.898.pdb	0	21.485	48.049
complex.899.pdb	0	32.722	59.008
complex.900.pdb	0	28.606	50.611
complex.901.pdb	0	21.924	56.279
complex.902.pdb	0	31.007	47.856
complex.903.pdb	0	25.467	58.706
complex.904.pdb	0.0283688	20.730	66.413
complex.905.pdb	0	31.843	52.198
complex.906.pdb	0	33.243	57.743
complex.907.pdb	0.0212766	18.134	44.957
complex.908.pdb	0	37.192	74.146
complex.909.pdb	0	36.068	66.574
complex.910.pdb	0	25.660	54.245
complex.911.pdb	0	34.592	63.817
complex.912.pdb	0	28.980	51.450
complex.913.pdb	0	23.205	56.376
complex.914.pdb	0	20.967	52.874
complex.915.pdb	0	29.276	64.503
complex.916.pdb	0	27.004	56.272
complex.917.pdb	0.0141844	18.291	61.478
complex.918.pdb	0	35.709	66.607
complex.919.pdb	0	31.889	56.262
complex.920.pdb	0	26.646	63.933
complex.921.pdb	0	25.865	57.507
complex.922.pdb	0	23.824	57.811
complex.923.pdb	0	25.161	42.792
complex.924.pdb	0	37.218	71.133
complex.925.pdb	0.0212766	21.473	63.824
complex.926.pdb	0.0141844	9.909	39.342
complex.927.pdb	0	22.387	67.595
complex.928.pdb	0	36.715	64.405
complex.929.pdb	0	19.552	61.253
complex.930.pdb	0	30.610	52.712
complex.931.pdb	0	19.158	65.495
complex.932.pdb	0	21.543	47.944
complex.933.pdb	0	32.920	52.714
complex.934.pdb	0	25.570	39.240
complex.935.pdb	0	31.450	44.960
complex.936.pdb	0	24.685	56.299
complex.937.pdb	0.0496454	10.099	29.570
complex.938.pdb	0	26.970	44.221
complex.939.pdb	0	25.954	60.568
complex.940.pdb	0.0212766	17.534	66.013
complex.941.pdb	0	27.415	67.219
complex.942.pdb	0	38.239	76.479
complex.943.pdb	0	12.118	25.173
complex.944.pdb	0	18.387	57.483
complex.945.pdb	0	24.671	49.983
complex.946.pdb	0.106383	11.461	28.089
complex.947.pdb	0	25.468	58.842
complex.948.pdb	0	36.518	61.846
complex.949.pdb	0	33.508	57.267
complex.950.pdb	0	28.552	58.690
complex.951.pdb	0	21.508	57.368
complex.952.pdb	0	27.705	61.719
complex.953.pdb	0	23.656	54.014
complex.954.pdb	0	24.261	43.469
complex.955.pdb	0	33.424	54.412
complex.956.pdb	0	30.816	49.762
complex.957.pdb	0	19.019	42.643
complex.958.pdb	0.0141844	14.823	51.939
complex.959.pdb	0.113475	14.485	40.280
complex.960.pdb	0.0070922	24.322	58.471
complex.961.pdb	0	16.567	62.332
complex.962.pdb	0	26.242	38.766
complex.963.pdb	0	26.306	66.965
complex.964.pdb	0.035461	14.744	32.488
complex.965.pdb	0	26.273	39.317
complex.966.pdb	0	23.752	47.890
complex.967.pdb	0	27.093	64.507
complex.968.pdb	0	28.039	68.399
complex.969.pdb	0.035461	9.323	43.429
complex.970.pdb	0	34.991	59.044
complex.971.pdb	0	32.441	52.791
complex.972.pdb	0	21.964	53.344
complex.973.pdb	0	36.769	60.897
complex.974.pdb	0	26.545	46.395
complex.975.pdb	0	29.354	61.859
complex.976.pdb	0	20.419	64.657
complex.977.pdb	0.0425532	8.646	38.162
complex.978.pdb	0	24.809	54.287
complex.979.pdb	0	32.644	63.181
complex.980.pdb	0	32.272	50.227
complex.981.pdb	0	31.750	46.627
complex.982.pdb	0	29.705	44.617
complex.983.pdb	0.0567376	12.270	29.069
complex.984.pdb	0.0070922	16.489	44.831
complex.985.pdb	0	21.157	52.867
complex.986.pdb	0	19.940	49.008
complex.987.pdb	0	22.737	42.530
complex.988.pdb	0	18.834	62.345
complex.989.pdb	0	22.108	63.945
complex.990.pdb	0	23.644	60.614
complex.991.pdb	0	37.561	62.589
complex.992.pdb	0.035461	15.791	46.242
complex.993.pdb	0	27.455	50.267
complex.994.pdb	0	28.742	46.422
complex.995.pdb	0	35.974	68.715
complex.996.pdb	0	30.352	61.999
complex.997.pdb	0.0212766	27.291	52.808
complex.998.pdb	0.0141844	21.131	59.605
complex.999.pdb	0	27.254	51.926
complex.1000.pdb	0	31.150	57.422
complex.1001.pdb	0	35.217	68.284
complex.1002.pdb	0.0283688	27.721	54.684
complex.1003.pdb	0	29.814	72.414
complex.1004.pdb	0	25.259	55.278
complex.1005.pdb	0	20.624	43.582
complex.1006.pdb	0.0567376	8.631	36.127
complex.1007.pdb	0	34.991	65.632
complex.1008.pdb	0	15.698	57.299
complex.1009.pdb	0	23.034	55.860
complex.1010.pdb	0.035461	23.844	74.717
complex.1011.pdb	0	35.089	62.709
complex.1012.pdb	0	30.420	47.741
complex.1013.pdb	0	19.517	60.951
complex.1014.pdb	0	33.915	59.734
complex.1015.pdb	0	36.610	59.264
complex.1016.pdb	0	25.885	49.159
complex.1017.pdb	0	22.859	53.704
complex.1018.pdb	0	34.526	61.561
complex.1019.pdb	0	34.871	65.021
complex.1020.pdb	0	19.469	53.350
complex.1021.pdb	0	26.799	64.655
complex.1022.pdb	0	22.343	58.078
complex.1023.pdb	0.0567376	19.627	53.188
complex.1024.pdb	0	37.181	67.696
complex.1025.pdb	0.0496454	14.048	33.994
complex.1026.pdb	0.0070922	21.927	51.028
complex.1027.pdb	0.0141844	12.475	29.838
complex.1028.pdb	0	17.663	55.950
complex.1029.pdb	0	37.071	59.684
complex.1030.pdb	0	37.871	73.633
complex.1031.pdb	0	33.980	48.899
complex.1032.pdb	0	26.180	46.464
complex.1033.pdb	0	37.309	77.327
complex.1034.pdb	0	35.228	61.036
complex.1035.pdb	0	24.957	51.398
complex.1036.pdb	0	35.075	64.000
complex.1037.pdb	0	22.097	73.515
complex.1038.pdb	0	31.149	50.458
complex.1039.pdb	0	16.447	38.762
complex.1040.pdb	0	30.647	48.830
complex.1041.pdb	0	33.598	57.740
complex.1042.pdb	0	26.571	47.998
complex.1043.pdb	0	27.894	52.249
complex.1044.pdb	0.0425532	10.845	25.694
complex.1045.pdb	0	35.913	63.296
complex.1046.pdb	0	28.538	54.641
complex.1047.pdb	0	12.700	48.330
complex.1048.pdb	0	33.020	62.085
complex.1049.pdb	0	16.259	31.414
complex.1050.pdb	0	18.633	37.907
complex.1051.pdb	0.141844	8.937	19.656
complex.1052.pdb	0	32.373	55.758
complex.1053.pdb	0.035461	17.965	54.636
complex.1054.pdb	0	24.651	52.678
complex.1055.pdb	0	22.002	53.942
complex.1056.pdb	0	26.290	69.168
complex.1057.pdb	0.0070922	15.534	41.396
complex.1058.pdb	0	22.695	46.084
complex.1059.pdb	0	34.008	54.439
complex.1060.pdb	0	26.908	68.258
complex.1061.pdb	0	21.085	49.119
complex.1062.pdb	0.0212766	22.410	66.156
complex.1063.pdb	0	31.962	58.889
complex.1064.pdb	0	27.431	45.736
complex.1065.pdb	0	22.587	48.409
complex.1066.pdb	0.0141844	11.436	40.123
complex.1067.pdb	0	21.689	62.574
complex.1068.pdb	0	13.134	43.407
complex.1069.pdb	0	29.118	49.247
complex.1070.pdb	0.120567	11.472	33.351
complex.1071.pdb	0	34.749	63.959
complex.1072.pdb	0	24.878	68.240
complex.1073.pdb	0	34.493	55.145
complex.1074.pdb	0	22.894	54.223
complex.1075.pdb	0	31.278	53.313
complex.1076.pdb	0	36.067	72.140
complex.1077.pdb	0	22.006	56.147
complex.1078.pdb	0	34.205	59.326
complex.1079.pdb	0.0141844	13.330	43.543
complex.1080.pdb	0	34.587	62.466
complex.1081.pdb	0.120567	9.168	32.267
complex.1082.pdb	0.184397	9.076	30.346
complex.1083.pdb	0	13.966	32.178
complex.1084.pdb	0	33.041	64.708
complex.1085.pdb	0	29.233	60.934
complex.1086.pdb	0	21.422	49.362
complex.1087.pdb	0	30.816	60.693
complex.1088.pdb	0	36.834	70.124
complex.1089.pdb	0	20.424	49.521
complex.1090.pdb	0	36.809	71.727
complex.1091.pdb	0	27.336	67.865
complex.1092.pdb	0	32.605	55.130
complex.1093.pdb	0.0283688	19.119	65.678
complex.1094.pdb	0	36.954	58.363
complex.1095.pdb	0	26.408	58.085
complex.1096.pdb	0	36.951	72.644
complex.1097.pdb	0	32.813	60.459
complex.1098.pdb	0	28.056	71.384
complex.1099.pdb	0	32.583	51.159
complex.1100.pdb	0.035461	20.101	57.590
complex.1101.pdb	0	37.065	70.023
complex.1102.pdb	0.0496454	7.482	25.029
complex.1103.pdb	0	30.504	46.720
complex.1104.pdb	0	30.036	51.136
complex.1105.pdb	0.0567376	16.785	34.658
complex.1106.pdb	0	29.886	44.318
complex.1107.pdb	0.0212766	20.836	55.901
complex.1108.pdb	0	22.146	42.689
complex.1109.pdb	0	32.358	53.679
complex.1110.pdb	0	15.292	38.220
complex.1111.pdb	0	16.832	44.352
complex.1112.pdb	0	33.103	58.114
complex.1113.pdb	0.035461	18.932	57.342
complex.1114.pdb	0	36.164	75.795
complex.1115.pdb	0	19.014	47.557
complex.1116.pdb	0.0070922	21.686	51.425
complex.1117.pdb	0	24.167	49.442
complex.1118.pdb	0	29.866	49.715
complex.1119.pdb	0	34.703	53.282
complex.1120.pdb	0	23.093	44.193
complex.1121.pdb	0	24.545	50.069
complex.1122.pdb	0	25.414	50.740
complex.1123.pdb	0	20.308	39.522
complex.1124.pdb	0	25.478	60.253
complex.1125.pdb	0	27.552	65.516
complex.1126.pdb	0	23.156	62.376
complex.1127.pdb	0.0141844	21.453	44.769
complex.1128.pdb	0	19.822	62.323
complex.1129.pdb	0	29.089	43.354
complex.1130.pdb	0	27.775	68.786
complex.1131.pdb	0.0567376	25.174	66.923
complex.1132.pdb	0	18.936	56.524
complex.1133.pdb	0	21.795	57.154
complex.1134.pdb	0	35.968	58.861
complex.1135.pdb	0	26.174	37.944
complex.1136.pdb	0	26.074	65.850
complex.1137.pdb	0	23.461	66.132
complex.1138.pdb	0	35.171	66.322
complex.1139.pdb	0	19.655	50.028
complex.1140.pdb	0	26.739	52.268
complex.1141.pdb	0.0425532	13.924	46.826
complex.1142.pdb	0.035461	15.010	42.712
complex.1143.pdb	0	33.087	61.711
complex.1144.pdb	0	22.820	66.030
complex.1145.pdb	0	21.856	52.458
complex.1146.pdb	0	11.303	32.598
complex.1147.pdb	0.0070922	11.635	39.717
complex.1148.pdb	0	11.039	33.843
complex.1149.pdb	0.0780142	17.494	41.208
complex.1150.pdb	0	24.265	50.893
complex.1151.pdb	0	25.801	58.566
complex.1152.pdb	0	27.211	51.175
complex.1153.pdb	0	16.063	34.286
complex.1154.pdb	0	26.862	41.864
complex.1155.pdb	0.0212766	17.368	45.366
complex.1156.pdb	0	18.633	64.636
complex.1157.pdb	0	23.122	43.181
complex.1158.pdb	0	25.244	62.086
complex.1159.pdb	0.0212766	19.517	43.290
complex.1160.pdb	0	25.858	49.539
complex.1161.pdb	0.035461	16.915	55.362
complex.1162.pdb	0	34.744	60.749
complex.1163.pdb	0	33.024	58.430
complex.1164.pdb	0	35.558	70.417
complex.1165.pdb	0	23.160	33.685
complex.1166.pdb	0	21.757	54.481
complex.1167.pdb	0	33.953	62.231
complex.1168.pdb	0	31.870	57.209
complex.1169.pdb	0	31.087	54.774
complex.1170.pdb	0	31.562	52.363
complex.1171.pdb	0	30.378	71.454
complex.1172.pdb	0.0212766	24.954	77.697
complex.1173.pdb	0	36.058	66.785
complex.1174.pdb	0.0070922	24.220	58.047
complex.1175.pdb	0	24.708	56.715
complex.1176.pdb	0	25.808	73.723
complex.1177.pdb	0	26.758	72.938
complex.1178.pdb	0.0283688	24.282	78.975
complex.1179.pdb	0	21.760	45.308
complex.1180.pdb	0	36.202	74.248
complex.1181.pdb	0	29.820	49.607
complex.1182.pdb	0	26.161	36.881
complex.1183.pdb	0	34.242	62.679
complex.1184.pdb	0	18.501	51.931
complex.1185.pdb	0	13.450	50.875
complex.1186.pdb	0	19.938	64.218
complex.1187.pdb	0	37.530	75.531
complex.1188.pdb	0	29.799	54.615
complex.1189.pdb	0	18.201	46.420
complex.1190.pdb	0	31.281	59.030
complex.1191.pdb	0	32.790	57.749
complex.1192.pdb	0	22.208	40.697
complex.1193.pdb	0	35.883	67.482
complex.1194.pdb	0	31.430	52.155
complex.1195.pdb	0	27.661	47.723
complex.1196.pdb	0	19.027	68.425
complex.1197.pdb	0	24.491	58.361
complex.1198.pdb	0	16.373	46.912
complex.1199.pdb	0	23.485	50.454
complex.1200.pdb	0	25.938	43.143
complex.1201.pdb	0	36.935	70.612
complex.1202.pdb	0	29.266	49.060
complex.1203.pdb	0	32.400	54.057
complex.1204.pdb	0	21.028	62.714
complex.1205.pdb	0	33.299	60.283
complex.1206.pdb	0	18.531	50.469
complex.1207.pdb	0	37.594	66.101
complex.1208.pdb	0.0070922	26.229	48.352
complex.1209.pdb	0.0141844	21.852	58.618
complex.1210.pdb	0	17.498	47.832
complex.1211.pdb	0	25.067	58.141
complex.1212.pdb	0	36.860	74.909
complex.1213.pdb	0	25.876	51.687
complex.1214.pdb	0	19.696	59.907
complex.1215.pdb	0	22.703	62.526
complex.1216.pdb	0	29.828	50.278
complex.1217.pdb	0	37.384	74.640
complex.1218.pdb	0.0070922	29.157	64.980
complex.1219.pdb	0	30.830	47.815
complex.1220.pdb	0	34.412	63.667
complex.1221.pdb	0	28.687	65.178
complex.1222.pdb	0	34.057	60.806
complex.1223.pdb	0	21.774	54.166
complex.1224.pdb	0	27.264	53.384
complex.1225.pdb	0	22.704	56.107
complex.1226.pdb	0	30.791	54.789
complex.1227.pdb	0	26.466	59.034
complex.1228.pdb	0	20.114	53.612
complex.1229.pdb	0	31.397	52.130
complex.1230.pdb	0	36.722	64.260
complex.1231.pdb	0	24.058	46.064
complex.1232.pdb	0.0070922	29.086	65.500
complex.1233.pdb	0.0070922	18.545	45.141
complex.1234.pdb	0	29.519	52.342
complex.1235.pdb	0	27.700	42.217
complex.1236.pdb	0	33.949	60.550
complex.1237.pdb	0	21.026	54.665
complex.1238.pdb	0	31.950	59.521
complex.1239.pdb	0	15.608	41.734
complex.1240.pdb	0	25.830	61.061
complex.1241.pdb	0	18.856	63.371
complex.1242.pdb	0.0283688	25.774	75.605
complex.1243.pdb	0	30.416	54.631
complex.1244.pdb	0	20.992	62.477
complex.1245.pdb	0.0638298	20.176	56.869
complex.1246.pdb	0	22.286	50.551
complex.1247.pdb	0	26.888	55.758
complex.1248.pdb	0	35.534	65.872
complex.1249.pdb	0	18.424	44.135
complex.1250.pdb	0	20.954	55.949
complex.1251.pdb	0	34.103	49.474
complex.1252.pdb	0	27.872	55.249
complex.1253.pdb	0	21.907	42.506
complex.1254.pdb	0	15.972	37.410
complex.1255.pdb	0	35.695	62.165
complex.1256.pdb	0	25.636	58.915
complex.1257.pdb	0	36.187	71.203
complex.1258.pdb	0	36.394	63.375
complex.1259.pdb	0	20.791	38.606
complex.1260.pdb	0	8.032	22.588
complex.1261.pdb	0	33.676	58.444
complex.1262.pdb	0	16.871	33.705
complex.1263.pdb	0	36.453	55.414
complex.1264.pdb	0	23.641	62.204
complex.1265.pdb	0	31.650	47.990
complex.1266.pdb	0	36.229	53.221
complex.1267.pdb	0	36.797	69.808
complex.1268.pdb	0	28.107	45.472
complex.1269.pdb	0	20.035	30.206
complex.1270.pdb	0	27.087	45.776
complex.1271.pdb	0	21.436	54.570
complex.1272.pdb	0	28.698	56.676
complex.1273.pdb	0.0070922	14.149	46.780
complex.1274.pdb	0	21.106	57.190
complex.1275.pdb	0.0212766	20.666	53.436
complex.1276.pdb	0.0212766	21.919	66.535
complex.1277.pdb	0	16.892	47.999
complex.1278.pdb	0	26.515	67.584
complex.1279.pdb	0	29.082	53.874
complex.1280.pdb	0	18.537	36.415
complex.1281.pdb	0	20.645	60.162
complex.1282.pdb	0	35.327	56.344
complex.1283.pdb	0	34.636	55.091
complex.1284.pdb	0.0141844	8.371	36.783
complex.1285.pdb	0	28.479	47.150
complex.1286.pdb	0	37.273	64.602
complex.1287.pdb	0	30.123	48.142
complex.1288.pdb	0	25.717	35.967
complex.1289.pdb	0	26.564	47.983
complex.1290.pdb	0	36.593	61.549
complex.1291.pdb	0	15.526	34.363
complex.1292.pdb	0.0141844	28.161	64.543
complex.1293.pdb	0	29.659	47.335
complex.1294.pdb	0.035461	26.060	75.991
complex.1295.pdb	0	11.369	41.186
complex.1296.pdb	0	29.119	41.993
complex.1297.pdb	0	32.964	63.431
complex.1298.pdb	0	19.398	50.488
complex.1299.pdb	0	34.908	54.852
complex.1300.pdb	0	34.682	54.071
complex.1301.pdb	0.219858	5.775	15.185
complex.1302.pdb	0	38.667	74.857
complex.1303.pdb	0	28.300	41.253
complex.1304.pdb	0	21.459	48.062
complex.1305.pdb	0.0141844	19.695	65.276
complex.1306.pdb	0	18.896	44.559
complex.1307.pdb	0	24.219	69.253
complex.1308.pdb	0	28.715	56.622
complex.1309.pdb	0	24.142	55.245
complex.1310.pdb	0.113475	12.895	44.287
complex.1311.pdb	0	21.995	51.556
complex.1312.pdb	0	26.225	52.136
complex.1313.pdb	0	23.024	50.707
complex.1314.pdb	0	22.914	48.841
complex.1315.pdb	0	35.017	61.383
complex.1316.pdb	0	37.390	65.203
complex.1317.pdb	0.106383	16.739	53.927
complex.1318.pdb	0	31.679	56.387
complex.1319.pdb	0.0212766	23.013	60.029
complex.1320.pdb	0	27.628	72.577
complex.1321.pdb	0	23.794	60.840
complex.1322.pdb	0	26.039	43.703
complex.1323.pdb	0.035461	20.960	58.952
complex.1324.pdb	0	22.851	63.169
complex.1325.pdb	0	24.476	62.380
complex.1326.pdb	0	31.139	54.329
complex.1327.pdb	0	28.960	50.183
complex.1328.pdb	0	23.117	53.485
complex.1329.pdb	0	29.499	52.555
complex.1330.pdb	0	20.558	51.176
complex.1331.pdb	0	30.043	72.438
complex.1332.pdb	0	37.456	62.971
complex.1333.pdb	0	33.865	63.489
complex.1334.pdb	0.0425532	23.152	58.649
complex.1335.pdb	0	26.644	45.999
complex.1336.pdb	0	20.229	38.971
complex.1337.pdb	0	37.151	75.940
complex.1338.pdb	0	28.013	68.868
complex.1339.pdb	0	27.908	48.981
complex.1340.pdb	0	36.682	74.735
complex.1341.pdb	0	25.838	36.447
complex.1342.pdb	0	33.238	60.643
complex.1343.pdb	0	18.828	66.045
complex.1344.pdb	0	29.711	64.329
complex.1345.pdb	0	37.121	65.272
complex.1346.pdb	0	21.153	48.114
complex.1347.pdb	0	20.320	58.357
complex.1348.pdb	0	26.347	58.524
complex.1349.pdb	0	29.565	62.570
complex.1350.pdb	0	15.535	43.828
complex.1351.pdb	0	20.019	44.591
complex.1352.pdb	0.035461	18.916	61.578
complex.1353.pdb	0	21.911	50.899
complex.1354.pdb	0.0070922	22.958	62.997
complex.1355.pdb	0	22.558	49.874
complex.1356.pdb	0	27.740	40.545
complex.1357.pdb	0	25.963	39.343
complex.1358.pdb	0	21.432	41.629
complex.1359.pdb	0	27.748	66.022
complex.1360.pdb	0	26.803	48.578
complex.1361.pdb	0	26.259	37.626
complex.1362.pdb	0	22.021	57.137
complex.1363.pdb	0	24.140	35.788
complex.1364.pdb	0.0070922	22.165	69.656
complex.1365.pdb	0.0070922	25.165	47.707
complex.1366.pdb	0.0141844	28.930	68.307
complex.1367.pdb	0	24.939	59.434
complex.1368.pdb	0	28.929	44.831
complex.1369.pdb	0.0425532	22.095	55.018
complex.1370.pdb	0	24.443	53.603
complex.1371.pdb	0	32.590	48.075
complex.1372.pdb	0	17.414	38.740
complex.1373.pdb	0.0141844	17.291	47.411
complex.1374.pdb	0	27.531	67.889
complex.1375.pdb	0	37.559	72.745
complex.1376.pdb	0	22.790	51.795
complex.1377.pdb	0	34.958	59.514
complex.1378.pdb	0	18.807	48.106
complex.1379.pdb	0	27.578	45.533
complex.1380.pdb	0	22.356	43.300
complex.1381.pdb	0	27.279	44.010
complex.1382.pdb	0	30.174	46.352
complex.1383.pdb	0	26.254	63.594
complex.1384.pdb	0.0780142	11.754	26.393
complex.1385.pdb	0	22.608	57.246
complex.1386.pdb	0	25.878	51.746
complex.1387.pdb	0	24.808	65.465
complex.1388.pdb	0	37.495	67.140
complex.1389.pdb	0	27.856	64.117
complex.1390.pdb	0	28.654	56.622
complex.1391.pdb	0	21.885	63.296
complex.1392.pdb	0	31.457	54.966
complex.1393.pdb	0	35.347	69.665
complex.1394.pdb	0	22.575	43.170
complex.1395.pdb	0	29.585	61.798
complex.1396.pdb	0.0638298	19.077	49.984
complex.1397.pdb	0	20.949	54.333
complex.1398.pdb	0	28.544	72.128
complex.1399.pdb	0	28.483	48.038
complex.1400.pdb	0	37.464	71.380
complex.1401.pdb	0.0070922	29.413	64.708
complex.1402.pdb	0	31.419	54.853
complex.1403.pdb	0.0141844	18.260	62.730
complex.1404.pdb	0	16.754	51.767
complex.1405.pdb	0	37.042	70.530
complex.1406.pdb	0	25.603	48.028
complex.1407.pdb	0	35.757	67.417
complex.1408.pdb	0	28.126	46.310
complex.1409.pdb	0	35.901	71.495
complex.1410.pdb	0	34.857	49.707
complex.1411.pdb	0	33.949	52.703
complex.1412.pdb	0.0070922	29.331	60.917
complex.1413.pdb	0	21.152	40.607
complex.1414.pdb	0	26.169	56.274
complex.1415.pdb	0.0141844	14.952	44.116
complex.1416.pdb	0.0141844	28.889	64.546
complex.1417.pdb	0	27.513	64.627
complex.1418.pdb	0	31.314	53.509
complex.1419.pdb	0	35.393	54.115
complex.1420.pdb	0	32.322	48.894
complex.1421.pdb	0	25.671	57.942
complex.1422.pdb	0	14.233	37.863
complex.1423.pdb	0.0567376	11.460	32.338
complex.1424.pdb	0	32.705	58.101
complex.1425.pdb	0.0425532	18.410	47.997
complex.1426.pdb	0	36.098	57.812
complex.1427.pdb	0	31.573	56.558
complex.1428.pdb	0	29.946	43.618
complex.1429.pdb	0	18.693	49.917
complex.1430.pdb	0	28.535	50.129
complex.1431.pdb	0	25.158	51.278
complex.1432.pdb	0	28.838	74.647
complex.1433.pdb	0	21.698	46.130
complex.1434.pdb	0	23.198	44.010
complex.1435.pdb	0	23.162	52.432
complex.1436.pdb	0	24.052	39.955
complex.1437.pdb	0	32.328	56.992
complex.1438.pdb	0	32.298	54.326
complex.1439.pdb	0	36.515	73.052
complex.1440.pdb	0	19.691	45.056
complex.1441.pdb	0	21.252	58.470
complex.1442.pdb	0	31.876	50.182
complex.1443.pdb	0	32.241	51.154
complex.1444.pdb	0.0212766	25.283	53.150
complex.1445.pdb	0	32.966	54.258
complex.1446.pdb	0	26.085	57.424
complex.1447.pdb	0	31.034	49.273
complex.1448.pdb	0	19.179	43.131
complex.1449.pdb	0	36.827	67.688
complex.1450.pdb	0	34.822	54.669
complex.1451.pdb	0	27.655	46.936
complex.1452.pdb	0	21.209	52.266
complex.1453.pdb	0	28.368	47.053
complex.1454.pdb	0	28.037	54.736
complex.1455.pdb	0	24.516	56.091
complex.1456.pdb	0	30.315	45.716
complex.1457.pdb	0	36.715	58.761
complex.1458.pdb	0	24.255	50.236
complex.1459.pdb	0	32.568	72.989
complex.1460.pdb	0	24.659	49.411
complex.1461.pdb	0	30.359	52.527
complex.1462.pdb	0	34.760	64.307
complex.1463.pdb	0	32.716	51.236
complex.1464.pdb	0	17.765	49.378
complex.1465.pdb	0	37.789	77.479
complex.1466.pdb	0	34.876	57.770
complex.1467.pdb	0	21.885	49.821
complex.1468.pdb	0	35.861	65.456
complex.1469.pdb	0	25.783	58.904
complex.1470.pdb	0	36.428	73.725
complex.1471.pdb	0	23.425	51.922
complex.1472.pdb	0	20.591	64.746
complex.1473.pdb	0	35.691	65.302
complex.1474.pdb	0	37.330	74.102
complex.1475.pdb	0	20.299	47.378
complex.1476.pdb	0	28.263	56.384
complex.1477.pdb	0	22.289	43.190
complex.1478.pdb	0	21.027	43.371
complex.1479.pdb	0	33.404	63.465
complex.1480.pdb	0.0567376	20.604	59.477
complex.1481.pdb	0	34.150	57.412
complex.1482.pdb	0	28.087	61.057
complex.1483.pdb	0.198582	6.442	21.657
complex.1484.pdb	0.0070922	20.331	47.331
complex.1485.pdb	0	36.723	67.166
complex.1486.pdb	0	29.749	62.622
complex.1487.pdb	0	21.957	59.158
complex.1488.pdb	0	28.702	51.989
complex.1489.pdb	0.0638298	19.224	55.234
complex.1490.pdb	0	38.025	63.158
complex.1491.pdb	0	36.612	74.459
complex.1492.pdb	0	18.182	64.779
complex.1493.pdb	0	22.095	49.850
complex.1494.pdb	0	35.734	53.358
complex.1495.pdb	0	24.027	53.835
complex.1496.pdb	0.035461	19.565	45.054
complex.1497.pdb	0.0141844	24.716	54.385
complex.1498.pdb	0.0780142	6.717	19.817
complex.1499.pdb	0	21.114	50.797
complex.1500.pdb	0	36.022	64.778
complex.1501.pdb	0	29.904	43.196
complex.1502.pdb	0	22.027	58.280
complex.1503.pdb	0	36.550	74.227
complex.1504.pdb	0.0070922	11.315	43.354
complex.1505.pdb	0	15.433	41.637
complex.1506.pdb	0	30.254	47.912
complex.1507.pdb	0	34.874	64.342
complex.1508.pdb	0.0283688	16.479	41.924
complex.1509.pdb	0	27.036	71.712
complex.1510.pdb	0	25.774	54.689
complex.1511.pdb	0	30.507	50.601
complex.1512.pdb	0	18.308	44.620
complex.1513.pdb	0	32.090	55.620
complex.1514.pdb	0	34.493	60.004
complex.1515.pdb	0	24.549	35.244
complex.1516.pdb	0	16.805	34.556
complex.1517.pdb	0	28.580	55.395
complex.1518.pdb	0.0070922	24.874	49.320
complex.1519.pdb	0	25.013	72.614
complex.1520.pdb	0	18.527	52.494
complex.1521.pdb	0	19.791	66.121
complex.1522.pdb	0	26.322	39.941
complex.1523.pdb	0	22.495	67.417
complex.1524.pdb	0	32.052	49.549
complex.1525.pdb	0	20.478	58.876
complex.1526.pdb	0.0425532	11.118	33.679
complex.1527.pdb	0	19.302	48.460
complex.1528.pdb	0	29.744	56.980
complex.1529.pdb	0.0212766	11.842	34.035
complex.1530.pdb	0	19.734	47.200
complex.1531.pdb	0.0212766	24.229	78.559
complex.1532.pdb	0	28.076	48.494
complex.1533.pdb	0	26.240	60.580
complex.1534.pdb	0	33.279	59.594
complex.1535.pdb	0.0141844	25.514	47.098
complex.1536.pdb	0.0070922	25.472	46.781
complex.1537.pdb	0	25.784	39.243
complex.1538.pdb	0	18.235	58.239
complex.1539.pdb	0.0851064	19.146	52.368
complex.1540.pdb	0	17.810	36.925
complex.1541.pdb	0	27.910	43.885
complex.1542.pdb	0	34.164	63.408
complex.1543.pdb	0	22.386	38.540
complex.1544.pdb	0.0496454	10.313	33.775
complex.1545.pdb	0	37.261	63.847
complex.1546.pdb	0	19.037	50.556
complex.1547.pdb	0.0141844	25.484	58.672
complex.1548.pdb	0	34.976	64.975
complex.1549.pdb	0	29.900	55.257
complex.1550.pdb	0.035461	21.576	57.969
complex.1551.pdb	0	34.561	56.302
complex.1552.pdb	0	29.341	50.351
complex.1553.pdb	0	19.706	45.748
complex.1554.pdb	0	35.778	70.483
complex.1555.pdb	0.106383	13.219	39.898
complex.1556.pdb	0.0283688	20.616	55.282
complex.1557.pdb	0	28.610	46.240
complex.1558.pdb	0	32.931	50.894
complex.1559.pdb	0.0070922	12.885	51.854
complex.1560.pdb	0	22.470	53.340
complex.1561.pdb	0	35.539	51.466
complex.1562.pdb	0	37.102	74.037
complex.1563.pdb	0	26.057	58.797
complex.1564.pdb	0.0070922	21.036	55.249
complex.1565.pdb	0.0212766	13.741	29.041
complex.1566.pdb	0	36.569	67.309
complex.1567.pdb	0	35.990	61.489
complex.1568.pdb	0.0921986	18.309	50.858
complex.1569.pdb	0	32.433	54.945
complex.1570.pdb	0	22.113	47.401
complex.1571.pdb	0	25.204	35.979
complex.1572.pdb	0.0425532	16.510	34.828
complex.1573.pdb	0	28.497	70.421
complex.1574.pdb	0	21.557	50.434
complex.1575.pdb	0	36.798	70.366
complex.1576.pdb	0	27.521	45.461
complex.1577.pdb	0	33.170	58.286
complex.1578.pdb	0	31.628	55.283
complex.1579.pdb	0	25.479	48.745
complex.1580.pdb	0.0070922	16.965	44.029
complex.1581.pdb	0	17.513	34.902
complex.1582.pdb	0.0070922	18.876	40.682
complex.1583.pdb	0.0141844	29.345	65.835
complex.1584.pdb	0	21.397	53.584
complex.1585.pdb	0	33.809	61.647
complex.1586.pdb	0	36.748	64.530
complex.1587.pdb	0	24.665	56.290
complex.1588.pdb	0.0212766	24.002	78.981
complex.1589.pdb	0	28.696	59.097
complex.1590.pdb	0	39.037	67.795
complex.1591.pdb	0	28.259	48.203
complex.1592.pdb	0	16.481	46.836
complex.1593.pdb	0	33.725	60.851
complex.1594.pdb	0	37.078	71.496
complex.1595.pdb	0	30.501	56.712
complex.1596.pdb	0	36.123	67.927
complex.1597.pdb	0	23.012	64.390
complex.1598.pdb	0	34.310	59.750
complex.1599.pdb	0.0070922	13.496	47.485
complex.1600.pdb	0	38.380	80.900
complex.1601.pdb	0	31.199	53.020
complex.1602.pdb	0	35.679	63.563
complex.1603.pdb	0	33.126	54.878
complex.1604.pdb	0	28.854	48.770
complex.1605.pdb	0	29.130	50.186
complex.1606.pdb	0	18.874	44.138
complex.1607.pdb	0.0496454	23.057	76.079
complex.1608.pdb	0	23.939	35.261
complex.1609.pdb	0	34.457	61.726
complex.1610.pdb	0	36.852	70.037
complex.1611.pdb	0	34.547	65.059
complex.1612.pdb	0	37.173	60.021
complex.1613.pdb	0	27.803	47.699
complex.1614.pdb	0	26.720	50.942
complex.1615.pdb	0.0141844	15.703	38.148
complex.1616.pdb	0.0212766	19.329	48.056
complex.1617.pdb	0	29.085	58.288
complex.1618.pdb	0	33.075	51.757
complex.1619.pdb	0	36.637	73.060
complex.1620.pdb	0	34.310	56.908
complex.1621.pdb	0	34.949	53.543
complex.1622.pdb	0.0070922	23.159	50.954
complex.1623.pdb	0	34.515	63.582
complex.1624.pdb	0.0070922	26.091	58.328
complex.1625.pdb	0	22.422	58.087
complex.1626.pdb	0	26.705	47.224
complex.1627.pdb	0	30.162	51.079
complex.1628.pdb	0	21.330	50.640
complex.1629.pdb	0	22.145	62.110
complex.1630.pdb	0	28.093	65.236
complex.1631.pdb	0	31.253	62.994
complex.1632.pdb	0	18.498	40.725
complex.1633.pdb	0	28.246	42.790
complex.1634.pdb	0	20.980	49.206
complex.1635.pdb	0	33.431	59.818
complex.1636.pdb	0	35.636	63.377
complex.1637.pdb	0.0851064	14.087	30.518
complex.1638.pdb	0	17.166	45.463
complex.1639.pdb	0.0283688	17.825	41.142
complex.1640.pdb	0	25.582	35.821
complex.1641.pdb	0	18.980	59.920
complex.1642.pdb	0	33.628	54.143
complex.1643.pdb	0	32.993	53.460
complex.1644.pdb	0	31.099	51.031
complex.1645.pdb	0	18.727	52.486
complex.1646.pdb	0	24.307	46.811
complex.1647.pdb	0	24.068	42.048
complex.1648.pdb	0	35.972	61.796
complex.1649.pdb	0.0070922	14.092	42.718
complex.1650.pdb	0	25.672	51.962
complex.1651.pdb	0	26.200	63.339
complex.1652.pdb	0	31.771	56.812
complex.1653.pdb	0	31.932	52.720
complex.1654.pdb	0	26.384	59.170
complex.1655.pdb	0	29.287	43.971
complex.1656.pdb	0.0070922	24.491	46.561
complex.1657.pdb	0	25.577	58.999
complex.1658.pdb	0.0567376	9.205	20.393
complex.1659.pdb	0	27.757	47.066
complex.1660.pdb	0	31.713	48.907
complex.1661.pdb	0	27.365	49.229
complex.1662.pdb	0.0283688	15.510	36.413
complex.1663.pdb	0	31.697	61.539
complex.1664.pdb	0.0070922	16.434	58.061
complex.1665.pdb	0	25.866	70.491
complex.1666.pdb	0	31.653	49.353
complex.1667.pdb	0	23.109	52.833
complex.1668.pdb	0	29.059	49.244
complex.1669.pdb	0	35.954	67.313
complex.1670.pdb	0.035461	29.939	65.737
complex.1671.pdb	0	20.396	67.107
complex.1672.pdb	0	33.600	59.906
complex.1673.pdb	0	33.477	61.988
complex.1674.pdb	0.0851064	17.718	48.185
complex.1675.pdb	0	23.434	45.170
complex.1676.pdb	0	30.159	42.565
complex.1677.pdb	0	31.709	50.667
complex.1678.pdb	0	29.085	54.934
complex.1679.pdb	0	31.189	43.734
complex.1680.pdb	0	22.458	46.345
complex.1681.pdb	0	38.165	71.347
complex.1682.pdb	0	30.727	48.209
complex.1683.pdb	0.0141844	20.917	66.238
complex.1684.pdb	0	21.990	61.205
complex.1685.pdb	0	30.411	61.721
complex.1686.pdb	0.0425532	24.725	69.149
complex.1687.pdb	0	27.749	44.767
complex.1688.pdb	0	22.361	53.939
complex.1689.pdb	0	28.617	66.543
complex.1690.pdb	0	26.208	50.758
complex.1691.pdb	0	20.149	57.310
complex.1692.pdb	0.0070922	15.993	55.162
complex.1693.pdb	0	27.553	49.844
complex.1694.pdb	0.0851064	6.696	20.208
complex.1695.pdb	0	29.439	43.472
complex.1696.pdb	0	21.283	61.397
complex.1697.pdb	0.035461	16.938	39.298
complex.1698.pdb	0.0992908	8.430	25.662
complex.1699.pdb	0	34.598	68.538
complex.1700.pdb	0	36.023	74.607
complex.1701.pdb	0	17.453	50.930
complex.1702.pdb	0	20.633	54.818
complex.1703.pdb	0	16.620	32.833
complex.1704.pdb	0	20.102	58.874
complex.1705.pdb	0	34.442	51.878
complex.1706.pdb	0	31.076	60.848
complex.1707.pdb	0	15.172	34.833
complex.1708.pdb	0	23.864	60.038
complex.1709.pdb	0	34.098	61.526
complex.1710.pdb	0	37.389	59.727
complex.1711.pdb	0	29.788	60.139
complex.1712.pdb	0	18.558	42.381
complex.1713.pdb	0	21.789	53.014
complex.1714.pdb	0	20.775	46.961
complex.1715.pdb	0	25.815	48.131
complex.1716.pdb	0.0141844	20.486	50.387
complex.1717.pdb	0	29.183	71.041
complex.1718.pdb	0.0141844	19.398	52.727
complex.1719.pdb	0	21.403	64.013
complex.1720.pdb	0.0283688	16.947	62.189
complex.1721.pdb	0	35.604	61.152
complex.1722.pdb	0	23.273	58.778
complex.1723.pdb	0	33.931	52.233
complex.1724.pdb	0	18.982	47.074
complex.1725.pdb	0	37.215	68.952
complex.1726.pdb	0	24.495	46.865
complex.1727.pdb	0.0141844	16.869	33.228
complex.1728.pdb	0	37.545	74.430
complex.1729.pdb	0	28.482	52.939
complex.1730.pdb	0	31.290	47.725
complex.1731.pdb	0	32.390	56.762
complex.1732.pdb	0	34.787	54.508
complex.1733.pdb	0	23.278	50.872
complex.1734.pdb	0	27.551	44.706
complex.1735.pdb	0	29.025	54.967
complex.1736.pdb	0	21.805	50.762
complex.1737.pdb	0	36.582	71.409
complex.1738.pdb	0	38.015	74.172
complex.1739.pdb	0.106383	13.103	31.398
complex.1740.pdb	0	16.633	44.169
complex.1741.pdb	0.0141844	23.714	44.913
complex.1742.pdb	0	31.464	46.940
complex.1743.pdb	0	21.315	51.519
complex.1744.pdb	0	33.915	51.554
complex.1745.pdb	0	16.869	54.253
complex.1746.pdb	0.0425532	16.247	36.715
complex.1747.pdb	0	16.224	38.727
complex.1748.pdb	0	25.721	62.771
complex.1749.pdb	0	36.082	56.957
complex.1750.pdb	0	17.543	43.045
complex.1751.pdb	0	19.415	54.130
complex.1752.pdb	0	31.690	43.145
complex.1753.pdb	0	34.099	61.498
complex.1754.pdb	0	27.538	44.685
complex.1755.pdb	0	24.224	49.186
complex.1756.pdb	0	22.006	57.916
complex.1757.pdb	0	17.966	34.283
complex.1758.pdb	0	36.700	75.971
complex.1759.pdb	0	35.613	57.718
complex.1760.pdb	0	27.005	46.177
complex.1761.pdb	0	16.916	35.144
complex.1762.pdb	0	36.990	57.970
complex.1763.pdb	0	26.602	62.108
complex.1764.pdb	0.0283688	16.352	44.427
complex.1765.pdb	0	21.285	43.488
complex.1766.pdb	0	28.666	53.902
complex.1767.pdb	0	26.772	45.057
complex.1768.pdb	0	20.534	53.325
complex.1769.pdb	0.0070922	19.084	48.359
complex.1770.pdb	0	18.226	37.880
complex.1771.pdb	0	31.828	56.404
complex.1772.pdb	0	37.673	78.646
complex.1773.pdb	0	35.643	65.581
complex.1774.pdb	0.035461	17.932	44.348
complex.1775.pdb	0	35.574	72.961
complex.1776.pdb	0	31.951	49.259
complex.1777.pdb	0.0141844	19.197	70.465
complex.1778.pdb	0.035461	15.968	61.962
complex.1779.pdb	0	26.126	54.478
complex.1780.pdb	0	35.377	51.810
complex.1781.pdb	0	21.418	54.053
complex.1782.pdb	0	15.445	40.595
complex.1783.pdb	0	29.890	68.626
complex.1784.pdb	0	31.832	70.686
complex.1785.pdb	0.0212766	21.686	53.552
complex.1786.pdb	0.0851064	16.437	45.922
complex.1787.pdb	0	26.643	42.517
complex.1788.pdb	0	26.091	46.360
complex.1789.pdb	0	24.479	54.916
complex.1790.pdb	0	33.495	64.660
complex.1791.pdb	0.0283688	18.978	39.549
complex.1792.pdb	0	36.859	62.475
complex.1793.pdb	0.035461	20.603	43.595
complex.1794.pdb	0	26.560	61.570
complex.1795.pdb	0	28.657	47.167
complex.1796.pdb	0	27.141	60.217
complex.1797.pdb	0	36.668	56.486
complex.1798.pdb	0	33.269	59.889
complex.1799.pdb	0	29.911	50.300
complex.1800.pdb	0.0212766	21.044	66.950
complex.1801.pdb	0	20.849	39.739
complex.1802.pdb	0	13.327	43.130
complex.1803.pdb	0	30.370	53.552
complex.1804.pdb	0	30.177	43.006
complex.1805.pdb	0	32.442	56.943
complex.1806.pdb	0	35.943	61.150
complex.1807.pdb	0.0425532	30.047	66.082
complex.1808.pdb	0	31.953	48.985
complex.1809.pdb	0	32.330	58.821
complex.1810.pdb	0.0070922	21.163	67.189
complex.1811.pdb	0	22.680	60.250
complex.1812.pdb	0	27.648	54.567
complex.1813.pdb	0	33.435	68.949
complex.1814.pdb	0	22.578	48.112
complex.1815.pdb	0	21.574	52.373
complex.1816.pdb	0	34.221	66.705
complex.1817.pdb	0	28.117	60.757
complex.1818.pdb	0	18.460	59.210
complex.1819.pdb	0	34.526	53.446
complex.1820.pdb	0.035461	21.298	74.741
complex.1821.pdb	0	24.041	48.719
complex.1822.pdb	0	32.215	56.628
complex.1823.pdb	0	28.641	42.952
complex.1824.pdb	0	28.818	53.249
complex.1825.pdb	0	13.563	45.813
complex.1826.pdb	0	20.521	50.075
complex.1827.pdb	0	11.420	41.435
complex.1828.pdb	0	27.638	54.053
complex.1829.pdb	0	26.261	46.810
complex.1830.pdb	0	31.673	53.198
complex.1831.pdb	0.0212766	19.901	67.657
complex.1832.pdb	0	29.889	53.988
complex.1833.pdb	0	37.687	61.580
complex.1834.pdb	0.0141844	13.084	42.193
complex.1835.pdb	0	34.258	62.928
complex.1836.pdb	0	27.725	68.627
complex.1837.pdb	0	17.901	50.749
complex.1838.pdb	0	25.762	61.589
complex.1839.pdb	0	21.811	42.559
complex.1840.pdb	0	24.524	48.062
complex.1841.pdb	0	29.530	71.217
complex.1842.pdb	0.035461	11.901	29.139
complex.1843.pdb	0.0212766	21.872	64.040
complex.1844.pdb	0	30.142	47.002
complex.1845.pdb	0	28.487	64.371
complex.1846.pdb	0.035461	10.764	35.105
complex.1847.pdb	0	20.321	34.255
complex.1848.pdb	0	29.299	48.905
complex.1849.pdb	0.0141844	20.013	39.132
complex.1850.pdb	0	33.127	57.419
complex.1851.pdb	0	29.375	62.304
complex.1852.pdb	0	36.766	71.653
complex.1853.pdb	0	31.537	46.953
complex.1854.pdb	0	22.287	60.839
complex.1855.pdb	0	21.181	66.929
complex.1856.pdb	0	37.041	60.649
complex.1857.pdb	0	36.418	67.773
complex.1858.pdb	0	27.042	63.779
complex.1859.pdb	0	23.451	39.126
complex.1860.pdb	0.0070922	28.912	57.976
complex.1861.pdb	0	31.408	52.628
complex.1862.pdb	0	19.751	43.865
complex.1863.pdb	0	14.397	57.747
complex.1864.pdb	0	22.347	57.674
complex.1865.pdb	0.035461	21.020	55.301
complex.1866.pdb	0	35.666	61.587
complex.1867.pdb	0.0070922	11.258	36.715
complex.1868.pdb	0	30.630	48.805
complex.1869.pdb	0	23.444	43.056
complex.1870.pdb	0	34.764	68.091
complex.1871.pdb	0	26.973	64.324
complex.1872.pdb	0	33.025	59.446
complex.1873.pdb	0	29.100	57.290
complex.1874.pdb	0	32.438	55.766
complex.1875.pdb	0	34.553	67.704
complex.1876.pdb	0	35.632	67.136
complex.1877.pdb	0	21.022	49.737
complex.1878.pdb	0	32.480	49.530
complex.1879.pdb	0	24.378	47.346
complex.1880.pdb	0	35.662	75.519
complex.1881.pdb	0.148936	11.058	27.465
complex.1882.pdb	0.0283688	21.267	60.565
complex.1883.pdb	0	36.736	66.461
complex.1884.pdb	0	29.408	50.088
complex.1885.pdb	0	22.089	55.250
complex.1886.pdb	0.0212766	17.697	40.055
complex.1887.pdb	0	12.838	48.214
complex.1888.pdb	0	32.157	51.088
complex.1889.pdb	0.0070922	19.473	52.021
complex.1890.pdb	0	32.921	60.741
complex.1891.pdb	0	26.974	56.441
complex.1892.pdb	0	35.504	63.601
complex.1893.pdb	0	20.491	41.664
complex.1894.pdb	0	37.907	64.951
complex.1895.pdb	0	18.627	49.851
complex.1896.pdb	0	17.462	38.946
complex.1897.pdb	0	26.677	46.222
complex.1898.pdb	0.0141844	23.428	57.796
complex.1899.pdb	0	36.932	63.850
complex.1900.pdb	0	24.521	70.556
complex.1901.pdb	0	21.464	53.588
complex.1902.pdb	0	24.240	61.692
complex.1903.pdb	0	31.217	67.847
complex.1904.pdb	0	21.205	62.647
complex.1905.pdb	0	23.436	39.394
complex.1906.pdb	0	13.303	34.867
complex.1907.pdb	0	28.944	47.216
complex.1908.pdb	0	33.888	54.691
complex.1909.pdb	0.0141844	30.205	62.124
complex.1910.pdb	0	26.438	63.604
complex.1911.pdb	0	26.557	37.615
complex.1912.pdb	0	30.265	48.118
complex.1913.pdb	0	25.440	46.138
complex.1914.pdb	0.0070922	25.250	46.630
complex.1915.pdb	0	26.282	54.462
complex.1916.pdb	0.0070922	14.875	57.287
complex.1917.pdb	0	36.660	65.032
complex.1918.pdb	0.0283688	26.672	62.403
complex.1919.pdb	0	30.374	51.648
complex.1920.pdb	0	18.737	36.619
complex.1921.pdb	0.0212766	23.952	68.496
complex.1922.pdb	0.0070922	27.018	62.604
complex.1923.pdb	0	30.390	72.897
complex.1924.pdb	0.035461	21.608	51.788
complex.1925.pdb	0	35.894	66.420
complex.1926.pdb	0	29.488	58.074
complex.1927.pdb	0	35.955	56.272
complex.1928.pdb	0	25.463	60.349
complex.1929.pdb	0	32.676	45.036
complex.1930.pdb	0	36.675	60.499
complex.1931.pdb	0.0070922	21.292	51.533
complex.1932.pdb	0	21.997	40.804
complex.1933.pdb	0.0141844	20.642	60.857
complex.1934.pdb	0	32.965	59.946
complex.1935.pdb	0	27.473	60.633
complex.1936.pdb	0	35.041	67.285
complex.1937.pdb	0	22.897	60.501
complex.1938.pdb	0	24.411	70.557
complex.1939.pdb	0.0070922	19.831	40.147
complex.1940.pdb	0	36.077	76.309
complex.1941.pdb	0	26.190	71.059
complex.1942.pdb	0	22.125	50.307
complex.1943.pdb	0	32.190	53.191
complex.1944.pdb	0	33.555	60.075
complex.1945.pdb	0	23.712	52.882
complex.1946.pdb	0	33.052	58.986
complex.1947.pdb	0	36.949	56.851
complex.1948.pdb	0.035461	18.081	63.058
complex.1949.pdb	0	21.479	55.731
complex.1950.pdb	0	32.403	48.546
complex.1951.pdb	0	30.076	47.181
complex.1952.pdb	0	20.894	65.163
complex.1953.pdb	0	34.688	57.958
complex.1954.pdb	0	26.673	55.889
complex.1955.pdb	0	37.216	73.317
complex.1956.pdb	0	33.635	61.260
complex.1957.pdb	0	35.690	67.560
complex.1958.pdb	0.0070922	27.463	61.800
complex.1959.pdb	0	25.652	52.251
complex.1960.pdb	0	25.592	46.179
complex.1961.pdb	0	35.243	62.240
complex.1962.pdb	0	23.115	59.070
complex.1963.pdb	0.035461	25.867	68.527
complex.1964.pdb	0.0070922	18.748	35.829
complex.1965.pdb	0	24.212	48.459
complex.1966.pdb	0.0141844	22.858	66.477
complex.1967.pdb	0	23.797	40.932
complex.1968.pdb	0	27.744	47.617
complex.1969.pdb	0	21.483	45.081
complex.1970.pdb	0	25.800	69.308
complex.1971.pdb	0	28.479	63.996
complex.1972.pdb	0	35.907	69.857
complex.1973.pdb	0.0567376	17.602	57.255
complex.1974.pdb	0	34.775	48.570
complex.1975.pdb	0	30.874	45.198
complex.1976.pdb	0	32.197	57.492
complex.1977.pdb	0	37.237	59.265
complex.1978.pdb	0.0496454	27.023	78.519
complex.1979.pdb	0	17.322	28.346
complex.1980.pdb	0	22.431	54.313
complex.1981.pdb	0	27.640	53.865
complex.1982.pdb	0	33.501	59.285
complex.1983.pdb	0	20.515	44.586
complex.1984.pdb	0.0141844	19.871	38.041
complex.1985.pdb	0	36.438	74.293
complex.1986.pdb	0	26.191	61.512
complex.1987.pdb	0	18.815	32.554
complex.1988.pdb	0	26.292	47.226
complex.1989.pdb	0	37.939	78.977
complex.1990.pdb	0	25.453	66.402
complex.1991.pdb	0.0212766	16.055	45.022
complex.1992.pdb	0	35.546	68.187
complex.1993.pdb	0	28.625	66.441
complex.1994.pdb	0	32.255	51.609
complex.1995.pdb	0.0283688	14.114	51.954
complex.1996.pdb	0	27.952	47.796
complex.1997.pdb	0	30.397	49.704
complex.1998.pdb	0	33.603	59.971
complex.1999.pdb	0	34.727	67.053
complex.2000.pdb	0	30.067	53.480
