3x29_89w.pdb	0	15.571	41.840	-164.9142
3x29_61w.pdb	0	18.823	52.156	-157.18808
3x29_94w.pdb	0	16.358	51.588	-157.03466
3x29_69w.pdb	0.6	1.784	4.893	-155.3635
3x29_82w.pdb	0	16.502	51.509	-154.1359
3x29_50w.pdb	0	12.934	45.060	-153.1838
3x29_76w.pdb	0.24	3.850	11.165	-148.50563
3x29_73w.pdb	0	17.694	50.951	-142.185086
3x29_91w.pdb	0	17.594	51.513	-141.41753
3x29_28w.pdb	0.04	14.135	43.090	-140.07452
3x29_100w.pdb	0.173333	3.617	9.883	-136.63563
3x29_43w.pdb	0	15.955	51.222	-136.0961
3x29_56w.pdb	0	17.877	51.138	-134.6333288
3x29_83w.pdb	0	18.229	52.881	-133.31898
3x29_80w.pdb	0	16.310	43.964	-131.48658
3x29_35w.pdb	0	14.097	44.886	-129.68742
3x29_81w.pdb	0	15.684	45.283	-128.60326
3x29_52w.pdb	0	18.707	57.939	-128.185862
3x29_65w.pdb	0	16.550	45.609	-127.707372
3x29_77w.pdb	0.0133333	16.403	45.855	-126.0214
3x29_36w.pdb	0	17.790	48.920	-125.17962
3x29_68w.pdb	0	14.020	44.237	-124.67978
3x29_55w.pdb	0	18.703	57.416	-124.57992
3x29_79w.pdb	0	20.819	56.367	-123.55166
3x29_70w.pdb	0	13.918	41.977	-123.44036
3x29_38w.pdb	0	20.782	54.030	-122.718234
3x29_93w.pdb	0	16.527	45.981	-122.330934
3x29_86w.pdb	0	15.299	47.371	-121.85378
3x29_98w.pdb	0	16.641	46.508	-120.71412
3x29_95w.pdb	0	17.678	52.917	-120.68254
3x29_48w.pdb	0	15.237	49.394	-120.657538
3x29_22w.pdb	0	14.834	48.051	-120.61814
3x29_39w.pdb	0.0133333	14.486	44.715	-119.85462
3x29_7w.pdb	0	12.765	45.209	-119.5999
3x29_24w.pdb	0	17.153	45.152	-118.66826
3x29_17w.pdb	0	19.439	47.450	-117.15502
3x29_30w.pdb	0	13.623	42.409	-116.61996
3x29_72w.pdb	0	15.077	50.335	-116.42994
3x29_11w.pdb	0	14.120	44.069	-115.73216
3x29_1w.pdb	0	18.110	40.300	-114.92468
3x29_9w.pdb	0	18.391	51.841	-114.81638
3x29_63w.pdb	0	18.075	49.134	-114.13454
3x29_97w.pdb	0	15.733	49.910	-113.5319
3x29_41w.pdb	0	16.897	47.339	-113.467544
3x29_46w.pdb	0.0133333	14.350	43.499	-113.11908
3x29_99w.pdb	0.0266667	15.488	42.967	-112.67642
3x29_74w.pdb	0	15.752	46.161	-112.64362
3x29_66w.pdb	0	15.003	43.226	-112.253924
3x29_2w.pdb	0	14.088	46.034	-112.07572
3x29_49w.pdb	0	18.610	52.949	-111.90398
3x29_26w.pdb	0.0133333	14.466	44.367	-111.75092
3x29_23w.pdb	0	15.668	47.119	-111.38948
3x29_18w.pdb	0	14.126	45.934	-111.25028
3x29_85w.pdb	0.0133333	15.109	44.595	-110.7864
3x29_14w.pdb	0	19.406	54.131	-110.3701
3x29_62w.pdb	0	19.819	50.025	-109.61276
3x29_92w.pdb	0	16.469	43.949	-109.21864
3x29_29w.pdb	0	13.892	45.261	-108.89268
3x29_47w.pdb	0	19.571	48.264	-108.3685926
3x29_75w.pdb	0	16.022	46.983	-107.3269
3x29_71w.pdb	0	16.077	49.632	-106.3398
3x29_40w.pdb	0	21.024	54.525	-106.33304
3x29_42w.pdb	0	20.843	57.327	-106.3038
3x29_3w.pdb	0	17.240	48.664	-106.22026
3x29_90w.pdb	0	16.091	47.611	-105.72514
3x29_45w.pdb	0	20.973	46.978	-105.05454
3x29_12w.pdb	0	15.549	50.231	-104.011726
3x29_21w.pdb	0	16.728	51.698	-103.92028
3x29_5w.pdb	0	14.245	47.821	-103.820842
3x29_60w.pdb	0	17.135	45.888	-103.1791
3x29_20w.pdb	0.0266667	15.093	42.005	-103.16908
3x29_10w.pdb	0	18.078	52.888	-102.099518
3x29_58w.pdb	0	19.488	52.995	-101.88822
3x29_96w.pdb	0	15.633	48.469	-101.74878
3x29_67w.pdb	0	17.734	45.411	-101.6841
3x29_4w.pdb	0	16.035	51.419	-101.45774
3x29_54w.pdb	0	17.580	45.375	-97.60558
3x29_25w.pdb	0	13.608	39.291	-97.3495
3x29_32w.pdb	0	17.214	47.785	-96.8869
3x29_53w.pdb	0	14.128	45.897	-96.74112
3x29_84w.pdb	0	15.703	48.506	-96.49556
3x29_44w.pdb	0	18.573	47.305	-96.24338
3x29_87w.pdb	0	16.922	45.810	-95.81358
3x29_33w.pdb	0	18.949	48.441	-95.18992
3x29_16w.pdb	0	17.421	54.091	-95.085
3x29_78w.pdb	0	20.736	54.880	-94.93444
3x29_15w.pdb	0	18.317	47.869	-93.93452
3x29_19w.pdb	0	15.359	41.681	-92.61448
3x29_6w.pdb	0	14.311	47.392	-92.08196
3x29_34w.pdb	0	18.457	40.146	-90.930608
3x29_64w.pdb	0	15.242	43.551	-90.59846
3x29_27w.pdb	0	15.152	46.639	-89.9293
3x29_31w.pdb	0	15.669	43.447	-89.50098
3x29_57w.pdb	0	20.763	47.406	-89.22746
3x29_88w.pdb	0	15.608	49.597	-87.48684
3x29_8w.pdb	0	15.641	44.346	-87.30392
3x29_37w.pdb	0	18.584	40.265	-87.0966604
3x29_13w.pdb	0	16.255	51.212	-84.65437
3x29_59w.pdb	0	15.548	46.086	-83.83796
3x29_51w.pdb	0	20.575	52.919	-77.9954
				
				
