3p0g_100w.pdb	0.392157	4.680	16.812	-167.7382
3p0g_68w.pdb	0	23.044	55.077	-160.82376
3p0g_69w.pdb	0	17.313	49.140	-156.46738
3p0g_49w.pdb	0	16.755	46.131	-150.70472
3p0g_73w.pdb	0	21.510	50.908	-150.43546
3p0g_50w.pdb	0	23.364	55.867	-148.68448
3p0g_94w.pdb	0	23.230	55.357	-146.5728
3p0g_91w.pdb	0	18.920	46.292	-146.25344
3p0g_92w.pdb	0	22.745	54.488	-145.85584
3p0g_72w.pdb	0	18.071	49.974	-142.84638
3p0g_78w.pdb	0	17.058	48.608	-142.11356
3p0g_75w.pdb	0	21.935	53.349	-142.11102
3p0g_90w.pdb	0	22.598	54.972	-138.92382
3p0g_76w.pdb	0	23.195	55.501	-138.521396
3p0g_48w.pdb	0	23.544	56.425	-136.9035
3p0g_66w.pdb	0	16.870	46.525	-136.31654
3p0g_44w.pdb	0	16.523	49.670	-135.89672
3p0g_89w.pdb	0	17.128	45.776	-135.58206
3p0g_62w.pdb	0	22.883	54.619	-132.50736
3p0g_67w.pdb	0	23.668	56.884	-132.18238
3p0g_85w.pdb	0	21.804	51.657	-131.18468
3p0g_93w.pdb	0	23.071	55.068	-128.60586
3p0g_60w.pdb	0	17.784	50.709	-127.3471
3p0g_61w.pdb	0	17.293	48.024	-126.53816
3p0g_97w.pdb	0	16.954	43.994	-126.43616
3p0g_43w.pdb	0	25.500	63.680	-125.76204
3p0g_32w.pdb	0	16.553	49.965	-123.41618
3p0g_36w.pdb	0	20.137	46.990	-123.04916
3p0g_88w.pdb	0	22.000	52.641	-122.41678
3p0g_31w.pdb	0	24.225	58.649	-122.35018
3p0g_57w.pdb	0	24.029	58.536	-121.2543
3p0g_45w.pdb	0	24.285	58.879	-119.77514
3p0g_74w.pdb	0	23.684	58.497	-119.626286
3p0g_65w.pdb	0	17.317	46.370	-119.39322
3p0g_52w.pdb	0	24.209	58.573	-117.7968
3p0g_51w.pdb	0	24.369	59.280	-117.765284
3p0g_42w.pdb	0	14.104	56.945	-116.993994
3p0g_41w.pdb	0	25.433	63.634	-116.49372
3p0g_81w.pdb	0	23.572	56.645	-115.298964
3p0g_38w.pdb	0	14.285	59.171	-114.65581
3p0g_70w.pdb	0	23.087	57.347	-114.46602
3p0g_19w.pdb	0	23.989	58.132	-114.39004
3p0g_63w.pdb	0	19.951	46.826	-113.34862
3p0g_95w.pdb	0	19.063	44.877	-112.92198
3p0g_34w.pdb	0	13.658	43.921	-112.4649
3p0g_77w.pdb	0	22.138	53.087	-112.4244
3p0g_39w.pdb	0	17.764	46.991	-112.42126
3p0g_53w.pdb	0	13.000	50.015	-112.21129
3p0g_28w.pdb	0	25.285	63.646	-111.96468
3p0g_46w.pdb	0	24.401	59.463	-111.83596
3p0g_15w.pdb	0	24.251	59.049	-111.13
3p0g_29w.pdb	0	25.561	64.006	-110.91452
3p0g_24w.pdb	0	14.166	46.796	-110.6746
3p0g_59w.pdb	0	24.139	58.489	-110.4823
3p0g_80w.pdb	0	13.181	50.959	-110.2828
3p0g_98w.pdb	0	14.003	55.569	-110.2801176
3p0g_86w.pdb	0	13.173	42.575	-109.34406
3p0g_27w.pdb	0	13.997	61.934	-109.095252
3p0g_82w.pdb	0	13.129	57.638	-108.58364
3p0g_64w.pdb	0	13.971	55.986	-108.5469
3p0g_47w.pdb	0	14.053	57.853	-107.041944
3p0g_20w.pdb	0	24.118	58.537	-106.97202
3p0g_84w.pdb	0	11.589	33.515	-105.78332
3p0g_55w.pdb	0	17.897	47.477	-105.5238
3p0g_79w.pdb	0.0196078	15.800	68.529	-105.17244
3p0g_23w.pdb	0	16.980	47.037	-104.70682
3p0g_30w.pdb	0	15.393	67.391	-103.402839
3p0g_17w.pdb	0	16.861	47.372	-101.67406
3p0g_3w.pdb	0	13.950	57.458	-100.8045676
3p0g_37w.pdb	0	14.841	60.716	-99.78342
3p0g_11w.pdb	0	14.195	59.570	-99.750166
3p0g_6w.pdb	0	14.256	59.501	-97.880084
3p0g_14w.pdb	0	13.139	52.223	-96.81994
3p0g_2w.pdb	0	14.261	60.285	-96.48552
3p0g_1w.pdb	0	12.460	40.543	-96.26518
3p0g_10w.pdb	0	14.138	57.556	-94.065352
3p0g_40w.pdb	0	13.739	55.625	-93.491118
3p0g_4w.pdb	0	13.961	53.163	-93.29444
3p0g_83w.pdb	0	13.692	56.100	-92.0552
3p0g_21w.pdb	0	13.863	52.360	-90.366421
3p0g_25w.pdb	0	16.992	57.398	-89.760698
3p0g_35w.pdb	0	14.545	59.532	-88.636384502
3p0g_33w.pdb	0	13.758	59.229	-87.817424
3p0g_18w.pdb	0	13.904	58.636	-87.561652
3p0g_26w.pdb	0	13.256	48.272	-87.35082
3p0g_87w.pdb	0	13.602	54.921	-87.137
3p0g_13w.pdb	0	13.875	52.196	-86.843052
3p0g_71w.pdb	0	15.069	63.447	-84.25236
3p0g_16w.pdb	0.0196078	14.179	59.702	-80.596116
3p0g_9w.pdb	0.0196078	14.072	58.280	-79.65611
3p0g_56w.pdb	0	14.719	61.764	-73.707412
3p0g_7w.pdb	0	14.099	56.338	-73.172392212
3p0g_58w.pdb	0	14.584	61.434	-72.741956
3p0g_5w.pdb	0	14.066	56.230	-69.989484
3p0g_54w.pdb	0	14.005	53.310	-69.7011346
3p0g_12w.pdb	0	14.508	58.503	-68.45737
3p0g_22w.pdb	0	13.795	52.296	-66.80596
3p0g_96w.pdb	0	14.719	61.954	-66.2691844
3p0g_8w.pdb	0	14.398	58.287	-61.395553904
3p0g_99w.pdb	0	23.725	57.216	1429.47112
				
				
