3csl_92w.pdb	0.115385	3.772	9.336	-196.0996
3csl_86w.pdb	0.107692	6.596	14.602	-192.0944
3csl_65w.pdb	0.0307692	13.234	26.783	-179.5664
3csl_41w.pdb	0	15.841	25.059	-166.12772
3csl_52w.pdb	0.0153846	13.472	22.999	-163.4033
3csl_64w.pdb	0	25.050	48.841	-161.4979
3csl_32w.pdb	0	18.304	44.893	-160.46359
3csl_60w.pdb	0	25.572	51.939	-155.2159
3csl_26w.pdb	0	20.330	50.889	-153.49433
3csl_72w.pdb	0.0307692	14.502	26.772	-153.19836
3csl_51w.pdb	0	15.382	24.904	-150.64064
3csl_85w.pdb	0.00769231	20.749	51.406	-149.7812
3csl_48w.pdb	0	21.123	43.281	-149.38334
3csl_68w.pdb	0.0846154	10.111	17.078	-148.6194
3csl_47w.pdb	0	11.966	27.278	-148.2106
3csl_35w.pdb	0.00769231	16.586	25.229	-146.96894
3csl_74w.pdb	0.00769231	11.050	20.080	-146.4493
3csl_79w.pdb	0.0153846	15.440	22.708	-144.27228
3csl_76w.pdb	0	19.461	46.800	-144.217024
3csl_87w.pdb	0	15.617	24.589	-143.76525
3csl_42w.pdb	0	18.441	44.437	-143.2979
3csl_83w.pdb	0	24.259	50.981	-142.84724
3csl_21w.pdb	0	18.973	51.681	-141.08258
3csl_98w.pdb	0	25.025	50.729	-138.46483
3csl_55w.pdb	0	23.076	51.909	-136.52661
3csl_25w.pdb	0.0230769	15.985	23.433	-134.54806
3csl_43w.pdb	0	20.201	37.484	-133.834
3csl_91w.pdb	0	24.840	50.526	-132.31156
3csl_81w.pdb	0	15.129	23.108	-129.39998
3csl_89w.pdb	0	20.599	47.199	-127.177029
3csl_94w.pdb	0	21.014	47.633	-126.932261
3csl_88w.pdb	0	13.750	31.598	-126.776
3csl_56w.pdb	0	14.152	24.313	-123.99597
3csl_13w.pdb	0.0153846	13.699	38.669	-123.00348
3csl_69w.pdb	0	21.067	44.900	-121.70831
3csl_49w.pdb	0	25.298	50.612	-121.56945
3csl_27w.pdb	0	22.256	51.132	-121.41115
3csl_40w.pdb	0.00769231	16.911	33.195	-120.3793
3csl_20w.pdb	0	18.853	45.841	-120.3041
3csl_53w.pdb	0	24.547	52.106	-119.88796
3csl_46w.pdb	0	18.463	42.365	-119.23725
3csl_38w.pdb	0	25.695	49.756	-118.94461
3csl_70w.pdb	0	11.128	20.872	-118.79597
3csl_90w.pdb	0	14.155	27.901	-116.3832
3csl_33w.pdb	0.0615385	9.539	20.564	-116.06784
3csl_97w.pdb	0	17.408	28.291	-115.31786
3csl_8w.pdb	0.00769231	15.987	24.994	-114.95494
3csl_77w.pdb	0.00769231	10.955	20.097	-114.84474
3csl_11w.pdb	0.00769231	17.544	31.366	-114.083
3csl_95w.pdb	0	17.296	28.989	-113.900656
3csl_50w.pdb	0	17.614	41.302	-112.4854
3csl_99w.pdb	0	18.877	39.212	-110.80478
3csl_3w.pdb	0	13.212	25.334	-109.56325
3csl_31w.pdb	0	22.738	52.820	-109.51744
3csl_73w.pdb	0	13.481	31.055	-108.28735
3csl_61w.pdb	0	18.524	33.394	-108.285184
3csl_80w.pdb	0	16.693	27.933	-104.71265
3csl_16w.pdb	0	19.765	47.885	-104.13427
3csl_23w.pdb	0	13.736	25.042	-102.90978
3csl_24w.pdb	0	13.702	30.507	-102.71742
3csl_29w.pdb	0	23.276	49.051	-102.4925
3csl_19w.pdb	0	19.341	45.144	-99.1014
3csl_9w.pdb	0	17.104	26.820	-97.99062
3csl_7w.pdb	0	16.021	28.658	-97.86319
3csl_4w.pdb	0	21.584	48.549	-96.9223
3csl_1w.pdb	0	23.560	45.527	-96.873
3csl_45w.pdb	0	20.597	39.084	-96.44984
3csl_10w.pdb	0.0153846	16.198	26.935	-96.0663
3csl_5w.pdb	0	19.521	35.837	-96.0206
3csl_6w.pdb	0	16.386	27.423	-95.06227
3csl_39w.pdb	0.0307692	10.549	19.240	-93.82417
3csl_12w.pdb	0	18.942	42.868	-92.02458
3csl_78w.pdb	0	15.253	24.570	-91.47995
3csl_93w.pdb	0.0230769	10.972	26.846	-91.2501
3csl_84w.pdb	0.0384615	14.160	23.589	-90.945055
3csl_14w.pdb	0	17.445	27.586	-90.70959
3csl_2w.pdb	0	14.867	26.554	-90.58301
3csl_15w.pdb	0.0153846	19.256	42.605	-88.99268
3csl_75w.pdb	0	16.739	28.430	-87.56264
3csl_44w.pdb	0.00769231	12.040	34.183	-87.20722
3csl_59w.pdb	0	13.443	25.124	-87.15332
3csl_34w.pdb	0	15.436	28.240	-86.46966
3csl_57w.pdb	0	14.421	35.814	-86.07837
3csl_37w.pdb	0	14.216	23.361	-85.19728
3csl_71w.pdb	0	15.833	25.699	-84.81049
3csl_22w.pdb	0.0461538	17.557	34.198	-84.1607
3csl_17w.pdb	0	14.212	29.768	-82.90137
3csl_62w.pdb	0.0230769	15.675	25.846	-81.27654
3csl_54w.pdb	0	18.784	33.959	-80.3863
3csl_18w.pdb	0	11.062	31.044	-77.58635
3csl_66w.pdb	0	16.402	34.811	-71.67027
3csl_67w.pdb	0	13.069	31.029	-70.85582
3csl_36w.pdb	0.00769231	13.660	36.851	-63.07816
3csl_63w.pdb	0	17.073	36.672	-63.035964
3csl_82w.pdb	0	197.284	189.027	582.87576
3csl_100w.pdb	0	9.429	15.590	1326.70119
3csl_28w.pdb	0	151.259	178.892	1315420.64669
3csl_30w.pdb	0	10.094	22.292	2223917.5613
3csl_58w.pdb	0	167.256	185.016	2314730.0575
3csl_96w.pdb	0	22.055	48.745	4952993.81785
				
				
