swarm_3_79.pdb	0.35461	3.077	9.576	64.231
swarm_64_4.pdb	0	8.182	35.813	51.485
swarm_81_133.pdb	0.489362	2.671	11.498	47.357
swarm_54_147.pdb	0.0283688	20.004	51.341	47.111
swarm_115_190.pdb	0.0070922	18.087	38.694	44.693
swarm_78_129.pdb	0	7.049	30.612	43.251
swarm_69_120.pdb	0.0070922	7.696	21.748	42.086
swarm_18_11.pdb	0.134752	9.685	25.023	40.875
swarm_103_2.pdb	0.0212766	10.899	36.469	37.850
swarm_48_33.pdb	0.141844	5.522	15.802	37.370
swarm_23_108.pdb	0.0780142	10.813	38.694	36.978
swarm_66_53.pdb	0	12.478	45.584	36.785
swarm_116_46.pdb	0.0141844	20.903	48.023	36.328
swarm_116_134.pdb	0.0070922	19.830	43.513	34.682
swarm_57_83.pdb	0	18.509	51.694	34.313
swarm_78_8.pdb	0	20.229	51.129	33.112
swarm_102_175.pdb	0.0212766	19.569	72.323	31.737
swarm_37_68.pdb	0.0212766	10.000	38.151	30.718
swarm_44_1.pdb	0	20.037	56.918	29.020
swarm_63_72.pdb	0.163121	8.203	30.593	28.107
swarm_113_21.pdb	0	20.755	44.619	26.216
swarm_84_74.pdb	0.0283688	12.800	30.498	25.207
swarm_38_44.pdb	0.156028	4.516	15.693	24.617
swarm_82_36.pdb	0.0283688	10.642	28.897	24.362
swarm_35_21.pdb	0.0070922	9.485	26.255	24.012
swarm_108_33.pdb	0	16.649	56.835	22.370
swarm_73_37.pdb	0	18.581	55.961	21.843
swarm_28_134.pdb	0.035461	14.147	48.327	21.375
swarm_96_17.pdb	0	13.420	52.693	21.258
swarm_90_74.pdb	0.0283688	15.896	58.803	20.741
swarm_78_167.pdb	0	19.170	45.645	20.664
swarm_96_128.pdb	0	12.752	53.615	20.517
swarm_29_38.pdb	0.0070922	17.176	40.283	20.408
swarm_111_96.pdb	0	11.402	46.514	20.090
swarm_75_8.pdb	0	19.836	54.428	19.138
swarm_36_71.pdb	0	19.111	62.132	18.285
swarm_73_146.pdb	0	16.319	54.436	17.673
swarm_122_111.pdb	0	17.787	60.803	17.569
swarm_1_143.pdb	0.0070922	19.950	48.327	17.440
swarm_61_74.pdb	0	14.497	53.823	17.083
swarm_120_116.pdb	0.0070922	21.886	59.597	16.543
swarm_56_120.pdb	0.0638298	13.646	50.203	15.753
swarm_6_49.pdb	0.0070922	19.580	64.104	14.795
swarm_91_50.pdb	0	21.069	58.925	13.556
swarm_21_119.pdb	0.0283688	16.939	46.295	13.015
swarm_125_93.pdb	0.0141844	15.153	58.507	12.845
swarm_5_134.pdb	0	19.795	66.168	11.032
swarm_95_127.pdb	0	19.887	65.542	10.057
swarm_97_187.pdb	0	20.910	62.548	6.816
swarm_92_47.pdb	0.0212766	21.108	59.842	6.364
swarm_101_22.pdb	0	17.876	63.972	5.849
swarm_82_85.pdb	0.113475	5.180	18.069	5.714
swarm_123_42.pdb	0	12.652	56.484	5.503
swarm_112_65.pdb	0	18.273	62.420	5.175
swarm_59_62.pdb	0	17.532	62.437	5.157
swarm_5_69.pdb	0	18.865	64.483	4.973
swarm_87_149.pdb	0	15.386	56.326	4.451
swarm_60_194.pdb	0	18.806	54.845	4.085
swarm_43_175.pdb	0.0921986	9.321	37.957	3.349
swarm_46_145.pdb	0	15.828	63.078	2.386
swarm_104_84.pdb	0.0141844	22.969	59.170	1.256
