swarm_31_152.pdb	0.00917431	7.277	15.479	27.969
swarm_95_106.pdb	0.119266	4.534	14.866	27.687
swarm_32_12.pdb	0.00917431	8.126	22.021	27.618
swarm_83_178.pdb	0.201835	3.944	10.691	26.864
swarm_32_97.pdb	0.110092	5.234	17.140	26.798
swarm_33_139.pdb	0.0917431	5.307	17.456	26.094
swarm_82_112.pdb	0	9.347	23.957	25.468
swarm_82_58.pdb	0.0550459	6.819	23.523	25.248
swarm_84_21.pdb	0	10.815	23.575	25.125
swarm_70_82.pdb	0.0550459	6.415	21.254	25.100
swarm_23_26.pdb	0	12.223	23.902	24.906
swarm_11_147.pdb	0	9.805	23.780	24.743
swarm_97_118.pdb	0.146789	4.348	13.579	24.687
swarm_68_2.pdb	0.119266	5.520	13.838	24.667
swarm_82_7.pdb	0.183486	3.592	8.097	24.625
swarm_107_24.pdb	0.155963	3.449	10.655	24.616
swarm_112_137.pdb	0.0366972	6.648	24.243	24.378
swarm_16_139.pdb	0	16.486	47.734	24.121
swarm_46_82.pdb	0	11.900	23.398	23.981
swarm_94_156.pdb	0.0275229	7.275	26.110	23.866
swarm_43_183.pdb	0.0917431	4.720	17.826	23.587
swarm_11_43.pdb	0.0275229	7.228	26.144	23.500
swarm_3_12.pdb	0.0183486	7.134	26.080	23.373
swarm_92_138.pdb	0.0183486	8.195	29.575	23.348
swarm_111_144.pdb	0.0183486	6.851	24.537	23.195
swarm_11_67.pdb	0.12844	4.569	11.514	23.043
swarm_90_43.pdb	0.0275229	6.890	26.251	22.827
swarm_31_159.pdb	0.0825688	7.254	24.371	22.667
swarm_10_108.pdb	0.0183486	7.530	28.410	22.454
swarm_67_145.pdb	0.0183486	8.165	28.060	22.252
swarm_71_105.pdb	0.0550459	5.900	18.735	22.025
swarm_104_11.pdb	0.00917431	6.974	25.988	21.976
swarm_112_28.pdb	0.0550459	6.966	24.955	21.939
swarm_10_145.pdb	0.100917	6.332	22.330	21.912
swarm_8_128.pdb	0	16.620	36.995	21.809
swarm_60_59.pdb	0.165138	4.556	17.471	21.288
swarm_96_78.pdb	0.0550459	5.119	20.616	21.130
swarm_88_15.pdb	0.0366972	8.833	32.542	21.020
swarm_68_0.pdb	0.0917431	7.083	22.130	20.920
swarm_83_63.pdb	0.0642202	6.619	17.356	20.886
swarm_90_83.pdb	0.0550459	8.402	30.483	20.749
swarm_82_77.pdb	0.146789	5.322	17.522	20.659
swarm_7_82.pdb	0	16.921	37.408	20.535
swarm_50_114.pdb	0	13.896	30.455	20.434
swarm_78_32.pdb	0.0825688	8.649	31.599	20.302
swarm_84_102.pdb	0.0550459	5.882	16.571	20.245
swarm_98_133.pdb	0.00917431	6.740	22.988	20.135
swarm_107_79.pdb	0.0550459	6.074	16.649	19.819
swarm_66_124.pdb	0	9.660	27.332	19.578
swarm_95_77.pdb	0.110092	6.068	16.985	19.283
swarm_105_6.pdb	0.00917431	7.908	29.443	18.890
swarm_11_144.pdb	0.0550459	7.343	25.495	18.865
swarm_112_81.pdb	0.0458716	5.756	17.255	18.855
swarm_92_128.pdb	0	7.982	24.726	18.780
swarm_81_82.pdb	0.0275229	7.447	28.993	18.619
swarm_14_114.pdb	0	16.497	37.728	18.600
swarm_68_71.pdb	0	8.991	25.117	18.521
swarm_32_105.pdb	0.0183486	8.773	23.040	18.404
swarm_95_50.pdb	0.0275229	5.864	16.710	18.265
swarm_87_165.pdb	0	12.437	40.534	18.237
swarm_43_43.pdb	0	7.383	16.385	18.143
swarm_15_65.pdb	0	15.755	34.798	18.129
swarm_105_133.pdb	0	12.765	28.381	18.024
swarm_72_148.pdb	0.0458716	4.933	17.934	17.965
swarm_86_18.pdb	0	12.950	38.789	17.880
swarm_22_64.pdb	0.00917431	8.357	23.722	17.739
swarm_43_18.pdb	0	8.752	16.374	17.731
swarm_5_152.pdb	0	8.245	29.457	17.718
swarm_88_124.pdb	0.0917431	6.049	26.000	17.707
swarm_90_143.pdb	0.0917431	6.319	21.141	17.583
swarm_44_144.pdb	0	8.209	18.071	17.575
swarm_76_156.pdb	0	11.136	27.073	17.553
swarm_80_163.pdb	0.0366972	7.159	26.026	17.544
swarm_9_102.pdb	0	16.292	36.127	17.505
swarm_97_34.pdb	0.00917431	7.142	15.349	17.437
swarm_94_68.pdb	0.119266	5.659	16.998	17.375
swarm_71_70.pdb	0.229358	2.786	5.393	17.375
swarm_100_119.pdb	0	12.581	29.060	17.359
swarm_67_152.pdb	0.0183486	9.477	34.900	17.324
swarm_60_6.pdb	0	7.456	16.054	17.315
swarm_72_38.pdb	0	12.121	25.688	17.287
swarm_73_131.pdb	0	8.317	25.410	17.157
swarm_108_152.pdb	0	8.335	28.918	17.121
swarm_65_34.pdb	0.00917431	8.679	28.416	17.104
swarm_107_154.pdb	0	10.127	20.914	17.080
swarm_70_128.pdb	0	7.948	26.802	17.048
swarm_26_150.pdb	0.0458716	7.563	28.049	17.002
swarm_99_1.pdb	0	12.424	28.373	16.999
swarm_4_74.pdb	0	8.479	28.112	16.739
swarm_96_138.pdb	0	12.785	27.267	16.736
swarm_74_25.pdb	0.00917431	6.430	18.446	16.516
swarm_23_54.pdb	0.00917431	7.400	19.173	16.302
swarm_100_77.pdb	0.00917431	5.680	17.247	16.185
swarm_106_91.pdb	0	8.035	28.009	16.175
swarm_44_162.pdb	0.0733945	5.276	16.586	16.149
swarm_109_175.pdb	0	8.067	27.666	16.102
swarm_46_90.pdb	0	8.512	22.778	16.094
swarm_75_196.pdb	0	13.131	26.351	16.046
swarm_3_185.pdb	0.00917431	9.324	27.703	15.991
swarm_6_116.pdb	0	15.331	31.333	15.895
swarm_99_173.pdb	0.0458716	5.013	17.958	15.890
swarm_91_54.pdb	0	8.748	23.918	15.813
swarm_6_129.pdb	0	12.433	38.370	15.809
swarm_72_62.pdb	0	8.577	28.128	15.797
swarm_58_38.pdb	0	12.763	24.758	15.765
swarm_16_83.pdb	0	16.121	39.287	15.759
swarm_33_171.pdb	0.0550459	7.544	18.629	15.737
swarm_97_175.pdb	0.229358	3.152	8.486	15.563
swarm_51_66.pdb	0	13.395	27.419	15.479
swarm_7_53.pdb	0	11.938	30.169	15.462
swarm_6_96.pdb	0	13.008	30.363	15.457
swarm_60_65.pdb	0	13.078	25.434	15.377
swarm_7_142.pdb	0	12.376	41.962	15.372
swarm_53_119.pdb	0	14.024	28.647	15.354
swarm_82_78.pdb	0.0550459	4.102	11.050	15.281
swarm_18_163.pdb	0	11.896	31.279	15.272
swarm_102_49.pdb	0	12.658	23.336	15.165
swarm_69_150.pdb	0.0183486	11.075	32.160	15.140
swarm_37_86.pdb	0	12.985	25.793	15.080
swarm_85_38.pdb	0	10.987	24.404	15.063
swarm_31_188.pdb	0.0458716	6.049	19.827	15.050
swarm_34_135.pdb	0	8.819	15.223	15.041
swarm_83_18.pdb	0.0275229	6.206	13.420	14.981
swarm_71_45.pdb	0	12.183	22.119	14.848
swarm_5_35.pdb	0	15.276	34.701	14.784
swarm_77_81.pdb	0	11.804	37.200	14.776
swarm_109_20.pdb	0	12.824	27.849	14.757
swarm_27_174.pdb	0	13.257	37.281	14.675
swarm_10_157.pdb	0	11.053	29.985	14.639
swarm_24_129.pdb	0	8.479	24.482	14.626
swarm_60_125.pdb	0	7.707	14.608	14.588
swarm_32_11.pdb	0.0183486	7.052	16.050	14.557
swarm_23_123.pdb	0	8.919	15.783	14.553
swarm_79_172.pdb	0.00917431	8.233	32.135	14.542
swarm_58_114.pdb	0.0733945	6.819	25.071	14.494
swarm_98_199.pdb	0	13.311	26.415	14.411
swarm_13_8.pdb	0.0733945	9.209	33.873	14.393
swarm_79_33.pdb	0	16.233	42.678	14.366
swarm_73_90.pdb	0.0275229	6.037	17.200	14.290
swarm_76_24.pdb	0	13.330	23.110	14.247
swarm_12_189.pdb	0	14.096	35.943	14.232
swarm_84_142.pdb	0.0917431	5.637	11.722	14.230
swarm_92_110.pdb	0.00917431	10.327	38.904	14.194
swarm_22_88.pdb	0.0733945	8.177	30.340	14.142
swarm_46_186.pdb	0	7.855	21.864	14.103
swarm_73_14.pdb	0	8.042	25.262	14.088
swarm_65_37.pdb	0	10.848	33.548	14.080
swarm_88_27.pdb	0.0550459	6.373	22.121	14.001
swarm_44_26.pdb	0.00917431	7.592	13.023	13.975
swarm_13_182.pdb	0	10.124	26.507	13.947
swarm_51_110.pdb	0	13.046	24.608	13.924
swarm_49_70.pdb	0	10.201	22.157	13.917
swarm_31_44.pdb	0	8.767	22.700	13.890
swarm_16_186.pdb	0	17.545	40.875	13.887
swarm_24_183.pdb	0	9.565	22.198	13.857
swarm_98_89.pdb	0	8.961	31.112	13.799
swarm_5_168.pdb	0	14.179	33.478	13.743
swarm_59_133.pdb	0.00917431	9.960	36.659	13.740
swarm_49_147.pdb	0	12.316	21.949	13.690
swarm_74_115.pdb	0	13.055	22.617	13.672
swarm_17_183.pdb	0	12.238	27.467	13.641
swarm_84_87.pdb	0	6.981	21.877	13.637
swarm_2_53.pdb	0.0275229	10.397	37.854	13.615
swarm_111_104.pdb	0.0366972	8.938	30.332	13.576
swarm_108_151.pdb	0.0366972	7.741	27.408	13.574
swarm_102_130.pdb	0	9.314	27.306	13.568
swarm_93_45.pdb	0	8.835	34.066	13.513
swarm_85_151.pdb	0	11.170	26.810	13.499
swarm_76_132.pdb	0	9.666	16.976	13.449
swarm_23_102.pdb	0.110092	4.934	20.797	13.414
swarm_59_81.pdb	0	10.482	32.841	13.390
swarm_72_28.pdb	0	9.568	22.165	13.382
swarm_17_1.pdb	0	10.717	28.111	13.257
swarm_48_59.pdb	0	9.712	17.943	13.236
swarm_91_79.pdb	0.0275229	9.986	34.980	13.191
swarm_104_10.pdb	0	9.215	32.626	13.148
swarm_34_57.pdb	0	11.621	19.846	13.142
swarm_85_120.pdb	0	10.038	31.776	13.126
swarm_25_127.pdb	0	14.727	28.255	13.100
swarm_80_167.pdb	0	8.051	20.870	13.086
swarm_66_173.pdb	0.0275229	9.767	30.197	13.071
swarm_35_71.pdb	0	10.626	20.243	13.016
swarm_108_136.pdb	0	13.490	26.541	12.982
swarm_49_182.pdb	0.0183486	7.815	24.080	12.965
swarm_91_188.pdb	0.0458716	7.399	26.202	12.940
swarm_87_122.pdb	0	10.079	37.649	12.911
swarm_80_83.pdb	0.00917431	9.439	26.576	12.840
swarm_100_8.pdb	0	15.123	29.377	12.836
swarm_102_62.pdb	0.0366972	8.794	30.485	12.795
swarm_3_106.pdb	0.0642202	7.839	28.422	12.704
swarm_13_12.pdb	0	11.675	22.999	12.660
swarm_67_177.pdb	0	10.789	40.516	12.575
swarm_50_78.pdb	0	10.413	20.114	12.565
swarm_104_73.pdb	0	12.991	28.164	12.520
swarm_80_144.pdb	0.0183486	8.999	31.256	12.489
swarm_102_13.pdb	0.00917431	10.667	25.620	12.462
swarm_22_99.pdb	0	8.901	16.584	12.437
swarm_109_74.pdb	0	14.466	30.657	12.418
swarm_78_127.pdb	0	11.568	34.364	12.291
swarm_73_139.pdb	0	7.349	22.427	12.248
swarm_79_31.pdb	0	11.001	40.710	12.188
swarm_21_18.pdb	0	13.805	38.654	12.183
swarm_42_97.pdb	0.0183486	10.922	34.594	12.162
swarm_66_165.pdb	0.00917431	8.630	32.154	12.025
swarm_38_169.pdb	0	10.135	24.952	12.012
swarm_89_149.pdb	0.00917431	11.694	32.672	11.940
swarm_46_68.pdb	0	10.274	18.977	11.924
swarm_100_132.pdb	0	9.952	28.514	11.745
swarm_32_166.pdb	0.0917431	7.160	25.321	11.688
swarm_59_114.pdb	0.0550459	8.802	33.293	11.665
swarm_74_27.pdb	0	10.830	18.642	11.613
swarm_101_126.pdb	0	14.580	40.461	11.559
swarm_1_168.pdb	0	9.420	28.031	11.528
swarm_77_169.pdb	0	14.112	42.696	11.499
swarm_48_9.pdb	0	9.558	25.931	11.491
swarm_98_121.pdb	0.0183486	8.184	26.652	11.475
swarm_2_117.pdb	0	11.772	25.873	11.462
swarm_33_190.pdb	0	12.510	27.156	11.461
swarm_105_170.pdb	0.0183486	8.828	28.210	11.456
swarm_76_195.pdb	0	14.429	28.029	11.454
swarm_29_188.pdb	0	10.968	35.700	11.451
swarm_110_78.pdb	0	8.786	29.528	11.427
swarm_24_60.pdb	0	9.919	18.872	11.408
swarm_106_121.pdb	0	13.452	27.410	11.374
swarm_5_175.pdb	0	13.415	38.394	11.354
swarm_12_135.pdb	0	10.598	37.641	11.267
swarm_57_21.pdb	0	11.152	41.446	11.164
swarm_81_76.pdb	0	9.909	34.177	11.163
swarm_8_111.pdb	0	11.565	30.179	11.152
swarm_103_56.pdb	0	15.406	43.151	11.146
swarm_85_67.pdb	0	15.155	33.037	11.113
swarm_38_43.pdb	0	11.449	30.905	11.113
swarm_15_123.pdb	0	13.675	37.405	11.106
swarm_39_8.pdb	0	16.566	30.793	11.007
swarm_25_152.pdb	0	10.258	30.704	11.006
swarm_31_109.pdb	0.0183486	7.907	24.403	11.005
swarm_78_141.pdb	0	8.260	25.567	10.943
swarm_59_184.pdb	0	12.668	36.719	10.937
swarm_18_113.pdb	0	12.508	35.694	10.904
swarm_99_93.pdb	0	9.682	25.750	10.895
swarm_38_25.pdb	0	16.188	29.322	10.877
swarm_58_12.pdb	0	10.368	32.227	10.871
swarm_61_120.pdb	0	13.690	37.213	10.793
swarm_0_173.pdb	0	13.947	26.237	10.793
swarm_22_38.pdb	0	12.519	29.871	10.759
swarm_87_8.pdb	0.0183486	9.255	32.460	10.758
swarm_55_195.pdb	0	10.416	33.691	10.747
swarm_20_165.pdb	0	10.451	32.892	10.746
swarm_1_163.pdb	0	11.264	39.965	10.730
swarm_0_7.pdb	0	9.847	29.077	10.726
swarm_61_119.pdb	0	11.309	34.547	10.666
swarm_44_152.pdb	0	8.070	18.809	10.652
swarm_1_152.pdb	0.0183486	11.550	30.098	10.633
swarm_74_14.pdb	0	12.409	25.507	10.596
swarm_83_151.pdb	0	12.794	22.616	10.593
swarm_20_95.pdb	0	12.871	29.592	10.533
swarm_91_168.pdb	0	10.107	23.346	10.460
swarm_91_165.pdb	0	9.113	24.741	10.438
swarm_19_31.pdb	0	12.019	34.121	10.427
swarm_4_16.pdb	0.00917431	10.925	33.772	10.383
swarm_19_35.pdb	0	10.141	32.916	10.374
swarm_60_136.pdb	0	12.531	21.773	10.349
swarm_58_74.pdb	0	11.008	24.528	10.334
swarm_14_65.pdb	0	12.820	36.904	10.321
swarm_58_179.pdb	0	10.080	31.127	10.292
swarm_62_40.pdb	0	13.487	36.876	10.281
swarm_109_32.pdb	0	13.619	35.208	10.269
swarm_69_81.pdb	0.0275229	11.674	40.962	10.250
swarm_13_181.pdb	0	9.981	28.258	10.231
swarm_39_156.pdb	0	11.522	29.379	10.224
swarm_101_92.pdb	0	10.788	40.187	10.215
swarm_69_152.pdb	0	9.219	25.025	10.214
swarm_87_102.pdb	0	13.414	37.815	10.159
swarm_41_156.pdb	0	14.592	47.194	10.112
swarm_85_93.pdb	0	16.329	29.863	10.101
swarm_106_6.pdb	0.00917431	9.750	32.866	10.100
swarm_80_153.pdb	0	10.568	27.616	10.075
swarm_1_82.pdb	0	9.746	30.446	10.055
swarm_5_145.pdb	0.00917431	10.630	30.659	10.031
swarm_59_34.pdb	0.00917431	11.856	41.785	9.971
swarm_44_193.pdb	0	7.766	16.287	9.945
swarm_50_92.pdb	0	12.102	33.066	9.928
swarm_70_123.pdb	0	13.766	25.317	9.899
swarm_107_155.pdb	0	12.162	20.927	9.874
swarm_52_131.pdb	0	14.508	30.455	9.871
swarm_80_78.pdb	0	12.335	23.709	9.867
swarm_26_54.pdb	0.0366972	10.910	36.669	9.864
swarm_37_89.pdb	0	12.045	24.605	9.856
swarm_61_135.pdb	0	13.919	30.002	9.803
swarm_69_22.pdb	0	10.522	36.546	9.767
swarm_45_30.pdb	0	12.489	27.924	9.766
swarm_14_77.pdb	0.0183486	10.974	39.260	9.755
swarm_80_49.pdb	0	13.500	30.902	9.652
swarm_91_190.pdb	0	9.571	19.635	9.614
swarm_25_102.pdb	0	12.497	39.328	9.590
swarm_99_19.pdb	0	13.436	25.607	9.483
swarm_51_179.pdb	0	13.565	28.052	9.455
swarm_75_162.pdb	0	10.937	22.417	9.404
swarm_50_121.pdb	0	12.399	24.815	9.400
swarm_49_51.pdb	0	13.999	26.555	9.384
swarm_26_52.pdb	0.0183486	10.155	30.220	9.337
swarm_64_160.pdb	0	15.199	45.564	9.312
swarm_55_176.pdb	0	11.448	36.564	9.290
swarm_2_5.pdb	0.0183486	11.596	32.069	9.281
swarm_62_43.pdb	0	14.253	36.838	9.269
swarm_73_96.pdb	0	13.797	22.896	9.258
swarm_14_17.pdb	0	12.583	40.999	9.241
swarm_51_151.pdb	0	11.467	29.405	9.185
swarm_1_27.pdb	0.00917431	11.660	32.073	9.109
swarm_35_88.pdb	0	11.602	22.677	9.095
swarm_95_129.pdb	0.00917431	8.368	17.157	9.051
swarm_62_20.pdb	0	13.132	26.919	9.051
swarm_52_164.pdb	0	13.377	35.869	9.034
swarm_79_83.pdb	0	10.981	30.773	8.878
swarm_61_37.pdb	0	12.845	28.490	8.859
swarm_86_172.pdb	0	14.932	32.328	8.857
swarm_47_132.pdb	0	12.715	36.787	8.839
swarm_42_104.pdb	0	11.987	35.301	8.727
swarm_83_77.pdb	0.0917431	6.158	14.028	8.722
swarm_103_62.pdb	0	12.739	39.667	8.702
swarm_48_128.pdb	0	13.929	26.208	8.699
swarm_49_129.pdb	0	9.705	21.158	8.692
swarm_102_61.pdb	0	11.351	21.524	8.687
swarm_16_52.pdb	0	14.567	42.423	8.659
swarm_13_66.pdb	0	13.593	30.543	8.659
swarm_0_162.pdb	0.00917431	12.504	39.836	8.614
swarm_6_124.pdb	0	13.711	35.252	8.486
swarm_69_169.pdb	0	11.120	33.831	8.446
swarm_32_46.pdb	0	12.887	28.376	8.434
swarm_105_166.pdb	0	11.966	37.411	8.406
swarm_108_134.pdb	0	16.206	33.138	8.384
swarm_8_30.pdb	0	15.556	31.090	8.358
swarm_93_88.pdb	0	14.310	39.746	8.312
swarm_100_35.pdb	0	13.028	28.621	8.236
swarm_38_197.pdb	0	13.147	27.285	8.216
swarm_49_29.pdb	0	12.154	24.869	8.204
swarm_63_189.pdb	0	16.703	40.735	8.130
swarm_38_150.pdb	0	10.671	19.529	7.993
swarm_53_172.pdb	0	14.692	31.171	7.976
swarm_29_154.pdb	0	10.975	29.546	7.931
swarm_52_33.pdb	0	14.738	34.597	7.905
swarm_8_48.pdb	0	13.518	33.217	7.900
swarm_109_128.pdb	0	14.725	30.349	7.884
swarm_110_91.pdb	0	11.808	36.388	7.879
swarm_19_2.pdb	0	12.313	34.840	7.878
swarm_20_125.pdb	0	12.411	34.486	7.803
swarm_0_136.pdb	0	13.143	34.325	7.796
swarm_35_59.pdb	0	14.219	27.679	7.671
swarm_4_143.pdb	0	13.697	36.913	7.505
swarm_9_132.pdb	0	13.242	30.766	7.499
swarm_35_169.pdb	0	12.849	26.607	7.455
swarm_37_66.pdb	0	12.203	24.904	7.421
swarm_30_40.pdb	0	12.613	35.245	7.410
swarm_89_133.pdb	0	14.631	42.621	7.396
swarm_21_116.pdb	0	12.965	47.502	7.390
swarm_19_116.pdb	0	12.470	28.431	7.372
swarm_37_189.pdb	0	13.344	27.931	7.366
swarm_34_186.pdb	0	10.682	22.845	7.324
swarm_103_191.pdb	0	9.982	37.236	7.294
swarm_98_166.pdb	0	10.595	24.686	7.286
swarm_54_23.pdb	0	13.100	44.233	7.229
swarm_45_192.pdb	0	14.071	38.443	7.171
swarm_67_155.pdb	0	13.267	36.481	7.169
swarm_64_127.pdb	0	11.196	34.754	7.157
swarm_31_12.pdb	0	12.586	29.731	7.140
swarm_86_136.pdb	0	12.707	32.625	7.130
swarm_62_7.pdb	0	14.629	34.363	7.020
swarm_38_88.pdb	0	14.256	29.630	6.988
swarm_0_158.pdb	0	12.916	32.519	6.971
swarm_40_54.pdb	0	10.949	33.356	6.950
swarm_40_131.pdb	0	14.490	44.364	6.834
swarm_9_86.pdb	0	12.634	33.527	6.824
swarm_56_67.pdb	0	14.258	39.060	6.799
swarm_18_152.pdb	0	12.835	34.410	6.787
swarm_88_65.pdb	0	10.332	38.148	6.710
swarm_15_72.pdb	0	14.936	32.484	6.707
swarm_9_119.pdb	0	12.925	38.424	6.687
swarm_48_88.pdb	0	13.091	26.639	6.673
swarm_39_120.pdb	0	12.032	35.134	6.640
swarm_53_19.pdb	0	13.912	26.026	6.441
swarm_6_95.pdb	0	17.039	39.078	6.420
swarm_46_168.pdb	0	12.273	24.420	6.418
swarm_45_193.pdb	0	11.041	31.536	6.403
swarm_0_189.pdb	0	15.557	35.998	6.397
swarm_2_115.pdb	0	11.285	29.085	6.330
swarm_110_105.pdb	0	15.008	32.059	6.302
swarm_24_45.pdb	0	11.351	24.256	6.296
swarm_57_131.pdb	0	9.653	30.822	6.268
swarm_57_127.pdb	0	14.303	45.918	6.234
swarm_4_194.pdb	0	14.404	41.680	6.168
swarm_12_100.pdb	0	8.885	32.113	6.028
swarm_29_0.pdb	0	12.554	45.105	5.950
swarm_63_71.pdb	0	13.379	29.025	5.859
swarm_111_149.pdb	0	12.599	34.941	5.854
swarm_86_115.pdb	0.00917431	11.488	34.416	5.802
swarm_7_186.pdb	0	13.346	37.705	5.788
swarm_63_172.pdb	0	14.808	37.113	5.750
swarm_63_67.pdb	0	12.911	29.094	5.720
swarm_77_74.pdb	0	12.033	35.144	5.718
swarm_36_65.pdb	0	14.747	37.533	5.685
swarm_8_54.pdb	0.00917431	10.511	31.791	5.675
swarm_24_40.pdb	0	12.564	24.889	5.641
swarm_21_143.pdb	0	13.360	32.536	5.611
swarm_47_77.pdb	0	12.964	38.690	5.607
swarm_7_151.pdb	0.0183486	10.114	33.257	5.558
swarm_39_6.pdb	0	14.472	32.423	5.543
swarm_71_199.pdb	0	11.587	24.825	5.535
swarm_3_107.pdb	0	10.498	23.898	5.417
swarm_65_9.pdb	0	12.707	41.875	5.414
swarm_82_94.pdb	0	12.644	25.692	5.322
swarm_0_89.pdb	0	11.833	39.223	5.302
swarm_33_166.pdb	0.0366972	8.087	13.883	5.267
swarm_71_109.pdb	0	11.317	22.417	5.185
swarm_19_97.pdb	0	11.931	43.431	5.088
swarm_58_84.pdb	0	15.409	30.078	5.077
swarm_93_190.pdb	0	15.367	39.712	4.975
swarm_47_81.pdb	0	14.281	31.523	4.903
swarm_100_111.pdb	0	10.816	23.480	4.685
swarm_18_2.pdb	0	10.727	37.738	4.529
swarm_25_50.pdb	0	13.985	34.667	4.469
swarm_14_168.pdb	0	13.574	36.584	4.422
swarm_2_0.pdb	0	13.747	37.521	4.388
swarm_87_67.pdb	0.0183486	11.586	42.917	4.276
swarm_56_73.pdb	0	11.247	38.985	4.269
swarm_12_86.pdb	0	12.411	33.863	4.245
swarm_62_60.pdb	0	15.894	31.978	4.238
swarm_103_17.pdb	0	14.289	44.827	4.108
swarm_62_96.pdb	0	13.710	30.850	4.074
swarm_57_57.pdb	0	16.421	42.538	4.018
swarm_50_124.pdb	0	14.746	32.178	4.008
swarm_36_158.pdb	0	16.269	37.831	3.985
swarm_55_9.pdb	0	10.969	37.603	3.984
swarm_98_171.pdb	0	12.424	29.071	3.981
swarm_108_105.pdb	0.00917431	12.259	33.127	3.961
swarm_9_174.pdb	0	13.405	33.958	3.926
swarm_89_141.pdb	0.00917431	11.154	40.135	3.817
swarm_79_116.pdb	0	13.089	40.076	3.709
swarm_28_38.pdb	0	15.130	52.119	3.635
swarm_108_10.pdb	0	13.798	36.794	3.595
swarm_12_14.pdb	0	12.300	37.032	3.583
swarm_99_139.pdb	0	12.583	32.612	3.547
swarm_81_182.pdb	0	13.888	38.464	3.513
swarm_105_26.pdb	0	14.098	41.032	3.498
swarm_106_111.pdb	0	12.876	32.257	3.345
swarm_27_35.pdb	0	11.135	38.179	3.311
swarm_41_55.pdb	0	17.248	45.026	3.244
swarm_86_78.pdb	0	14.585	37.254	3.175
swarm_21_45.pdb	0	15.497	46.187	3.017
swarm_47_46.pdb	0	14.393	36.243	2.980
swarm_52_158.pdb	0	14.887	28.377	2.966
swarm_17_18.pdb	0	13.488	26.028	2.878
swarm_75_47.pdb	0	13.217	34.357	2.874
swarm_81_64.pdb	0	14.083	30.914	2.699
swarm_27_155.pdb	0	13.494	34.531	2.559
swarm_38_133.pdb	0	11.802	34.568	2.541
swarm_30_148.pdb	0	10.980	37.208	2.396
swarm_14_96.pdb	0	9.695	34.346	2.285
swarm_38_86.pdb	0	14.063	34.274	2.251
swarm_25_20.pdb	0	18.374	44.028	2.091
swarm_62_48.pdb	0	14.313	30.971	1.749
swarm_25_177.pdb	0	14.221	38.211	1.723
swarm_5_39.pdb	0	11.852	33.568	1.451
swarm_39_99.pdb	0	13.575	28.181	1.409
swarm_111_66.pdb	0.00917431	12.084	34.500	1.388
swarm_104_75.pdb	0	10.730	29.052	1.378
swarm_66_128.pdb	0	12.857	37.540	1.367
swarm_88_87.pdb	0.0458716	10.539	32.530	1.302
swarm_108_97.pdb	0	9.527	19.355	1.252
swarm_17_152.pdb	0	14.818	38.686	1.237
swarm_53_67.pdb	0	12.026	28.026	1.044
swarm_93_86.pdb	0	14.464	44.577	0.981
swarm_93_70.pdb	0	11.355	28.771	0.968
swarm_52_71.pdb	0	13.777	32.233	0.801
swarm_101_161.pdb	0.00917431	10.203	36.541	0.571
swarm_103_97.pdb	0.0275229	12.277	35.112	0.555
swarm_90_24.pdb	0.0642202	9.973	29.775	0.520
swarm_0_151.pdb	0	14.220	40.120	0.498
swarm_105_90.pdb	0	15.541	34.385	0.369
swarm_21_159.pdb	0	15.062	38.866	0.202
swarm_54_190.pdb	0	14.795	43.711	0.176
swarm_41_48.pdb	0	12.747	37.064	0.076
swarm_28_102.pdb	0	14.197	46.212	0.056
swarm_40_66.pdb	0.0366972	10.405	39.832	-0.079
swarm_63_130.pdb	0	14.594	34.359	-0.155
swarm_20_49.pdb	0	14.129	37.073	-0.209
swarm_55_150.pdb	0	14.126	42.336	-0.238
swarm_16_94.pdb	0	12.561	35.869	-0.343
swarm_28_95.pdb	0	15.333	42.011	-0.365
swarm_29_171.pdb	0	13.490	38.900	-0.439
swarm_6_179.pdb	0	15.547	40.161	-0.458
swarm_12_124.pdb	0	14.879	32.768	-0.498
swarm_64_138.pdb	0	12.356	43.319	-0.566
swarm_53_128.pdb	0	14.820	39.878	-0.676
swarm_24_2.pdb	0.00917431	8.586	31.785	-0.760
swarm_28_179.pdb	0	12.669	39.260	-0.873
swarm_5_50.pdb	0	12.613	28.786	-0.978
swarm_51_197.pdb	0	13.336	26.164	-1.797
swarm_57_51.pdb	0	12.137	38.096	-1.828
swarm_92_171.pdb	0	13.848	37.008	-1.967
swarm_110_104.pdb	0	16.986	33.744	-2.075
swarm_16_42.pdb	0.0183486	10.556	36.141	-2.570
swarm_63_22.pdb	0	16.561	35.935	-2.628
swarm_110_90.pdb	0	13.047	30.494	-2.696
swarm_30_73.pdb	0	14.490	41.779	-3.126
swarm_6_166.pdb	0	12.181	32.555	-3.195
swarm_112_83.pdb	0	9.528	21.452	-3.210
swarm_18_157.pdb	0	17.532	45.214	-3.224
swarm_14_117.pdb	0	14.548	29.328	-3.354
swarm_48_171.pdb	0	9.349	23.441	-3.451
swarm_86_68.pdb	0	13.456	31.934	-3.455
swarm_28_71.pdb	0	12.958	39.671	-3.503
swarm_88_73.pdb	0	12.871	35.352	-3.624
swarm_61_192.pdb	0	15.024	36.473	-3.841
swarm_41_134.pdb	0.0183486	10.780	41.421	-4.947
swarm_41_24.pdb	0	13.093	42.955	-5.025
swarm_54_167.pdb	0	14.598	51.905	-5.229
swarm_56_74.pdb	0.00917431	11.187	37.180	-5.737
swarm_25_144.pdb	0	12.086	42.834	-6.271
swarm_11_179.pdb	0.0642202	7.222	22.001	-6.413
swarm_20_15.pdb	0	13.681	33.889	-6.624
swarm_89_180.pdb	0	11.191	35.935	-6.692
swarm_52_55.pdb	0	12.228	26.620	-6.762
swarm_57_25.pdb	0	11.481	35.078	-7.138
swarm_47_101.pdb	0	15.042	32.192	-7.348
swarm_54_62.pdb	0	14.564	44.650	-8.246
swarm_57_156.pdb	0	17.431	47.426	-8.556
swarm_8_144.pdb	0	15.381	36.292	-8.583
swarm_6_23.pdb	0.0366972	9.457	33.773	-9.517
swarm_36_130.pdb	0	12.207	32.635	-9.986
swarm_9_71.pdb	0	11.648	27.895	-10.123
swarm_67_99.pdb	0	14.266	40.602	-10.567
swarm_112_73.pdb	0.00917431	10.835	21.649	-11.489
swarm_105_74.pdb	0	12.038	36.263	-11.506
swarm_69_53.pdb	0.0183486	10.820	32.555	-11.585
swarm_8_164.pdb	0	10.682	36.729	-12.495
swarm_27_93.pdb	0	12.241	31.965	-12.730
swarm_20_139.pdb	0	9.484	22.914	-13.089
swarm_29_185.pdb	0	12.655	45.918	-13.700
swarm_110_115.pdb	0.00917431	11.275	25.854	-13.710
swarm_14_98.pdb	0	18.501	41.297	-14.123
swarm_53_120.pdb	0	10.422	21.957	-14.346
swarm_37_99.pdb	0	11.212	25.986	-14.401
swarm_28_151.pdb	0	12.808	45.267	-15.084
swarm_46_41.pdb	0.110092	5.276	22.529	-15.341
swarm_93_168.pdb	0.0183486	9.877	33.788	-16.393
swarm_12_188.pdb	0	11.499	31.544	-17.855
swarm_35_69.pdb	0.00917431	8.920	24.656	-18.213
swarm_37_183.pdb	0	12.743	23.609	-19.517
swarm_106_74.pdb	0	9.594	35.086	-19.907
swarm_110_18.pdb	0	12.004	23.765	-20.555
swarm_46_75.pdb	0	10.639	19.237	-21.505
swarm_25_170.pdb	0	11.109	34.099	-22.760
swarm_25_70.pdb	0	16.044	35.097	-27.493
swarm_103_39.pdb	0.0275229	8.244	34.857	-27.861
swarm_63_99.pdb	0	17.909	40.876	-28.428
swarm_101_77.pdb	0	12.589	40.083	-30.797
swarm_79_125.pdb	0	11.186	36.553	-31.435
swarm_104_181.pdb	0	12.559	26.684	-33.383
swarm_66_104.pdb	0.0183486	7.008	19.298	-39.084
swarm_4_183.pdb	0.0458716	8.115	33.213	-40.416
swarm_108_15.pdb	0.137615	6.634	19.415	-42.414
swarm_109_28.pdb	0.0275229	10.707	32.241	-44.813
swarm_11_128.pdb	0.0275229	9.023	26.664	-51.148
swarm_3_84.pdb	0	11.419	24.047	-54.914
swarm_78_111.pdb	0.0183486	8.143	27.325	-59.047
swarm_96_9.pdb	0.00917431	11.469	26.192	-59.090
swarm_77_115.pdb	0.0183486	10.230	35.221	-84.884
swarm_109_49.pdb	0	7.550	20.786	-86.949
swarm_94_108.pdb	0.0733945	7.260	20.274	-88.618
swarm_84_51.pdb	0.0275229	8.457	15.415	-104.086
